-13.201 -6.296 -53.957
-10.703 -3.406 -53.291
-9.54 -3.087 -49.639
-11.02 0.322 -48.639
-8.614 1.85 -46.053
-10.787 3.126 -43.162

-9.634 6.195 -41.181
-10.061 4.9 -37.589
-10.286 6.838 -34.306
-12.195 7.103 -30.979
-14.163 9.439 -28.711
-12.619 10.223 -25.263
-14.157 12.207 -22.344

-11.943 15.248 -21.466
-14.301 16.978 -18.949
-17.827 16.65 -17.399
-19.139 18.761 -20.353

-16.752 17.96 -23.312
-15.482 14.956 -25.281
-12.62 14.751 -27.824
-12.437 12.939 -31.204
-8.982 11.264 -31.393
-8.672 10.357 -35.1

-6.282 10.744 -38.079
-6.98 13.557 -40.6
-9.895 13.022 -43.051

-11.208 15.853 -45.293
-14.92 14.856 -45.011
-14.611 14.37 -41.226
-13.015 17.857 -40.827
-15.875 19.254 -42.999
-18.403 17.482 -40.669
-16.559 18.759 -37.515
-16.844 22.341 -38.957

-20.697 21.797 -39.029
-20.861 21.033 -35.24
-22.116 23.933 -33.104
-20.016 23.255 -29.939
-16.791 22.621 -31.971

-13.393 23.436 -30.391
-10.011 22.816 -32.063
-6.805 22.812 -29.99

-3.883 23.919 -32.209
-1.328 22.314 -29.773
-2.753 18.736 -29.691
-4.334 19.137 -33.217

-7.578 17.622 -31.79
-11.313 18.386 -31.995
-13.683 18.544 -28.991
-17.466 19.001 -28.65
-20.131 19.402 -25.91

-21.257 16.038 -24.476
-24.923 16.743 -25.497
-23.731 16.722 -29.178
-22.178 13.179 -28.839
-25.228 11.354 -30.322
-25.57 14.044 -33.093
-21.852 13.682 -34.021
-21.815 9.829 -34.037
-25.045 9.774 -36.128
-23.507 12.176 -38.75
-20.093 10.348 -38.803

-21.793 6.948 -39.527
-22.962 8.546 -42.834
-19.328 9.196 -43.991
-17.677 6.563 -46.261
-14.251 5.2 -45.121

-14.46 6.789 -41.562
-14.765 4.819 -38.279
-15.142 6.964 -35.114
-15.663 4.659 -32.101

-18.218 6.249 -29.657
-17.862 6.903 -25.912
-18.35 3.469 -24.195
-21.794 2.549 -22.772
-20.235 2.829 -19.255
-19.534 6.58 -19.812
-22.964 7.196 -21.431
-24.623 5.531 -18.378
-22.42 7.523 -15.909

-23.028 10.919 -17.654
-26.668 10.153 -18.714
-27.851 13.482 -17.123

-25.214 15.594 -18.963
-26 13.8 -22.296
-29.631 15.147 -21.909

-29.014 18.802 -20.797
-28.522 21.656 -23.337
-27.494 23.803 -20.296
-24.374 24.206 -18.108
-26.03 23.63 -14.722
-23.195 22.587 -12.38
-23.731 19.355 -10.334

-27.219 19.392 -8.694
-26.798 20.208 -4.988
-26.578 17.032 -2.906
-29.814 16.999 -0.82
-29.276 16.946 2.956
-30.305 13.551 4.343

-32.727 13.25 7.268
-30.389 11.851 9.975
-33.077 12.019 12.787
-33.159 8.159 12.923
-29.32 8.149 13.454
-27.82 8.306 16.969

-27.52 12.074 17.913
-23.991 11.509 19.371
-22.796 10.469 15.867
-24.731 13.185 13.93
-23.402 16.008 16.22
-19.738 14.82 15.861

-19.687 14.822 11.995
-17.445 17.587 10.586

-19.106 19.692 7.763
-17.231 17.783 4.996
-18.064 14.402 6.666
-21.796 15.407 6.677
-21.562 16.318 2.947
-19.943 12.855 2.346
-22.788 11.075 4.244
-25.363 13.084 2.191
-23.555 12.165 -1.104
-23.43 8.459 -0.115
-27.196 8.491 0.728
-28.024 10.343 -2.565

-25.973 7.645 -4.472
-28.214 5.048 -2.67
-25.512 3.7 -0.27

-23.352 2.353 -3.174
-19.956 4.118 -3.237
-16.209 4.012 -2.721
-15.295 6.541 0.021

-11.694 7.195 -1.128

-11.135 10.189 1.225
-7.504 10.605 2.377

-6.048 8.715 5.398
-7.361 9.956 8.784
-10.233 12.169 7.374
-12.706 9.981 9.408

-13.844 7.354 6.831
-15.012 5.081 9.734
-17.363 7.714 11.316
-18.876 8.506 7.854
-19.282 4.738 7.09
-21.02 4.042 10.461
-23.415 6.996 9.798
-24.247 5.855 6.195
-24.846 2.277 7.463
-26.955 3.52 10.461
-29.227 5.531 8.078

-29.9 2.058 6.507

-30.384 0.293 9.981
-33.886 -0.857 8.77
-32.05 -2.956 6.062
-29.626 -4.868 8.41
-27.981 -7.413 9.17

-24.774 -5.448 8.488
-21.551 -7.137 7.269
-18.235 -5.328 7.997
-15.132 -6.739 6.223
-11.829 -5.357 7.603

-8.05 -6.016 7.986
-7.416 -8.82 10.567
-5.856 -6.305 13.093
-8.689 -3.64 13.199

-11.758 -5.868 14.003
-11.895 -4.753 17.675
-11.154 -1.102 16.63
-14.365 -1.304 14.506
-16.414 -2.897 17.375
-15.268 -0.08 19.729
-16.109 2.476 16.969
-19.722 1.111 16.76
-20.082 1.14 20.611
-18.596 4.7 20.723
-20.823 6.195 17.978

-24.121 4.191 18.24
-24.851 3.95 22.056
-28.388 2.791 20.948
-26.764 -0.701 20.406
-26.03 -3.285 23.117

-22.632 -5.104 22.857
-24.638 -8.32 22.08
-25.78 -6.667 18.791

-22.091 -6.816 17.576
-20.505 -10.124 16.488
-16.681 -10.041 16.081

-17.678 -10.2849 19.6957
-20.9828 -11.8645 18.8418
-24.6335 -12.8473 18.8793
-26.6202 -15.8191 17.6135
-29.4881 -13.3383 16.8247
-29.2145 -15.3229 13.4799
-27.9915 -15.7559 9.8559
-27.497 -19.2806 8.4806
-30.1483 -18.4483 5.877
-27.7128 -18.5698 3.04246
-25.6329 -19.924 0.29778
-22.2273 -18.68 -1.02799

-20.7618 -22.1743 -1.09775
-19.1123 -25.5412 -0.721108
-16.4299 -24.455 1.6389
-14.7543 -27.2184 3.67291
-12.399 -29.2467 5.72816

-11.528 -29.6917 2.01416
-9.62701 -32.9607 2.81216
-12.703 -34.4977 4.55016
-15.17 -33.7207 1.65916

-13.796 -36.6667 -0.422842
-14.157 -39.0247 2.62016
-17.713 -37.6917 3.28216
-18.884 -37.7667 -0.423842
-21.601 -40.3667 0.481158
-23.113 -37.7877 2.94916
-22.825 -34.8457 0.426158
-25.941 -36.3847 -1.28484
-28.058 -34.4027 1.26216
-28.964 -31.0887 -0.510842
-27.237 -28.1867 1.27916
-29.106 -25.1667 -0.202842

-26.574 -22.6287 1.22916
-22.806 -23.2497 0.866158
-19.877 -21.0967 2.03916
-16.387 -22.0617 0.797158

-13.532 -20.1887 2.49616
-10.211 -19.8167 0.588158

-11.936 -21.3037 -2.53184
-8.63501 -21.1587 -4.53084
-8.12201 -24.6937 -3.01884
-10.644 -25.8177 -5.73884

-8.42801 -24.3877 -8.61684
-7.73101 -27.8607 -10.1738
-10.783 -29.9347 -11.2988
-8.86401 -33.2997 -11.2008
-8.25601 -33.0677 -7.40184

-10.421 -35.2207 -5.07084
-11.438 -32.0737 -3.04984
-12.702 -30.3607 -6.25584
-14.456 -33.5447 -7.56884
-16.331 -33.8567 -4.21084
-17.183 -30.0887 -3.89484
-18.335 -29.3047 -7.48784
-21.57 -31.4747 -7.56584
-22.831 -29.7377 -4.36184
-21.874 -26.2237 -5.62684
-23.763 -26.7777 -8.94884
-27.018 -27.8787 -7.13884

-26.942 -25.5957 -4.02784
-29.242 -22.4937 -4.26684

-26.696 -20.0677 -2.66684
-22.889 -20.2987 -3.19184
-20.639 -17.8747 -1.27284
-17.015 -18.4087 -2.38584
-14.297 -16.4727 -0.474842

-10.609 -15.8867 -1.38184
-7.86801 -13.2397 -0.989842
-6.16001 -14.6507 -4.09984
-8.87201 -16.1737 -6.39484
-6.13301 -16.9727 -8.90784
-2.71401 -17.9077 -7.43984
-0.691015 -17.6787 -10.7188
-2.83001 -18.1367 -13.9268

-6.35601 -17.5397 -15.4468
-7.01501 -21.3477 -15.6638
-7.27201 -21.4697 -11.7858
-10.489 -19.3217 -11.9418
-12.498 -21.7977 -14.0908
-13.774 -23.9777 -11.1768
-14.851 -20.8437 -9.20584
-16.608 -19.3577 -12.3208
-18.629 -22.5897 -12.9388
-19.415 -22.8777 -9.17684
-20.974 -19.3347 -9.15884

-22.477 -19.6057 -12.7348
-22.862 -23.3217 -13.8198
-24.042 -22.2027 -17.3428
-20.805 -20.2417 -18.0708
-18.207 -22.1877 -20.1548
-19.77 -25.7367 -19.7918
-16.446 -27.1687 -21.1338

-12.971 -25.9707 -19.9918
-11.589 -25.9737 -23.5948
-13.736 -22.9187 -24.5928
-12.435 -20.9827 -21.5218
-8.83501 -22.1507 -22.2308
-8.89801 -21.1137 -25.9468
-10.108 -17.5857 -24.9928
-8.27301 -16.7717 -21.7048

-5.38001 -19.3027 -21.3268
-3.72101 -18.8197 -24.8048
-4.36901 -22.5287 -25.4208

-1.79201 -24.1757 -27.7518
-2.04101 -27.5237 -29.5938
1.23899 -29.3667 -28.8368

2.23499 -32.8487 -30.2648
1.18499 -34.4157 -26.8778

-2.17101 -32.5227 -26.4708
-3.33501 -29.0397 -25.3768
-1.24501 -26.6147 -23.2948

-3.25601 -24.1437 -21.1008
-0.325015 -22.5277 -19.1418
-0.656015 -19.2007 -21.0348
-2.87501 -16.1137 -20.6888
-5.00301 -14.0537 -23.1278
-7.75801 -11.3587 -23.2058

-7.29801 -10.6417 -19.4308
-9.12901 -7.24367 -19.5298
-12.229 -9.01967 -20.9868
-11.904 -11.7337 -18.2828
-11.723 -8.96567 -15.5898
-14.931 -7.32767 -16.9588
-16.764 -10.7227 -17.0678
-15.652 -11.5457 -13.4808
-16.711 -8.14767 -11.9938
-20.113 -8.09767 -13.8068
-21.29 -11.7067 -13.2718

-19.059 -13.7087 -10.8058

-16.926 -11.6507 -8.42184
-16.984 -8.75667 -5.95084

-13.381 -7.51467 -5.41784
-12.074 -4.51367 -3.42884
-8.49901 -3.67867 -2.45484

-6.97301 -2.19467 0.773158
-6.36201 1.00933 -1.24884
-10.117 1.25833 -2.14884
-11.557 0.888326 1.41116

-8.74601 1.38333 4.03316
-6.78501 4.61833 3.20216
-5.37101 4.38133 6.80216
-3.36601 1.11333 6.38616

0.432985 1.80733 6.37116
2.18599 1.07333 3.04716

3.84199 -2.29667 2.30416
7.45799 -1.44867 1.32616
8.99499 -4.33867 -0.675842
12.674 -4.83667 -1.62284
15.036 -7.44567 -3.02484
18.077 -8.14067 -0.783842
20.896 -9.69467 -2.83884

22.676 -11.8957 -0.247842
26.391 -12.0767 -1.05784

27.375 -15.3077 -2.98084
30.99 -14.8367 -1.65284
29.952 -17.0287 1.36916

28.911 -19.8177 -1.11584
32.049 -21.9987 -1.04984

33.555 -23.2717 -4.34784
32.243 -26.8897 -3.80684
28.621 -25.6917 -3.25584
28.898 -23.3617 -6.31684
30.327 -26.2067 -8.46884
27.389 -28.4237 -7.28384
24.843 -25.6887 -8.28184
26.64 -25.2907 -11.6718
26.553 -29.1167 -12.1028
22.78 -29.4257 -11.3548
22.092 -26.3737 -13.6228
24.047 -28.0497 -16.5098
22.273 -31.3627 -15.7188
18.776 -29.8107 -16.3028
19.867 -28.4797 -19.7738

21.347 -31.8097 -21.0258
19.517 -32.9077 -24.2308
19.658 -36.6877 -23.6958
17.787 -36.8487 -20.3108
14.214 -38.0767 -19.8038

11.418 -35.6897 -18.6498
11.737 -37.3517 -15.1868
15.559 -36.8927 -14.8978
15.008 -33.1907 -15.8688
12.419 -32.8377 -12.9938
14.787 -34.6577 -10.5568
17.736 -32.3657 -11.5138
15.385 -29.3277 -11.0578
14.37 -30.5297 -7.53384
18.085 -31.1107 -6.72684
19.055 -27.5897 -7.99884
16.228 -26.0507 -5.88384
17.183 -27.9997 -2.68584
20.916 -27.0827 -3.25284
19.866 -23.3927 -3.61284
18.215 -23.5817 -0.152842
21.375 -25.1627 1.41616
23.675 -22.6017 -0.311842
21.676 -19.6277 1.13416
21.623 -20.8237 4.83216
24.91 -19.0707 5.96916
23.973 -15.6377 4.49716
20.288 -15.9927 5.53716
21.629 -16.5407 9.10816
24.101 -13.5977 8.72116
21.174 -11.3467 7.63816
18.862 -12.4987 10.5282
21.667 -11.7307 13.0392
22.321 -8.28067 11.4142
18.572 -7.48367 11.8902
18.699 -8.49467 15.6152
22.024 -6.62967 16.2052

20.366 -3.55067 14.5222
17.886 -3.56567 17.4962
14.717 -4.86267 15.7052
12.023 -5.81567 18.2332
9.76999 -8.16467 16.1092

9.98899 -9.75967 12.6282
8.82099 -12.8357 10.6572
11.191 -15.1977 8.78216
9.60499 -17.2647 5.97816
11.226 -20.4197 4.50716

9.84399 -23.7207 3.03016
12.722 -26.2647 3.08516

12.853 -27.9487 6.53816
16.716 -27.7467 6.59616
16.486 -23.8897 6.35416
13.883 -23.7047 9.19816
16.044 -26.1397 11.2842
19.309 -24.1577 10.7302
17.632 -20.7787 11.5762
16.079 -22.2077 14.8152
19.415 -23.8407 15.8452
21.357 -20.5377 15.4252
18.671 -18.5247 17.3332
18.889 -21.1157 20.1982
22.751 -20.8917 20.0832

22.463 -17.0367 20.3392
19.795 -17.4687 23.1402
17.217 -15.5087 21.0382
13.613 -16.1957 22.1072

11.61 -17.1867 18.9962
8.52499 -19.1547 17.8302
8.44699 -21.8717 15.1142
5.44499 -22.9727 12.9702

5.71099 -25.6947 10.2722
3.87799 -28.7907 8.85816
4.45599 -30.7077 12.1672
3.02199 -27.9587 14.4832
-0.491015 -28.9637 15.6722
-3.65401 -26.8677 15.0162
-4.02701 -25.7597 18.7042

-0.269015 -25.1177 19.2912
-0.278015 -22.8927 16.1242
-2.83901 -20.5607 17.7882
-0.990015 -20.6157 21.1722
2.44599 -19.8277 19.5642
0.704985 -17.0587 17.5412
-0.629015 -15.5707 20.8412
2.84799 -15.9537 22.4942
4.49599 -13.9377 19.6262
1.64799 -11.3377 19.6762
1.57399 -10.7737 23.4872

5.20699 -11.4367 24.6212
7.79099 -8.65467 23.9352
10.594 -11.2827 24.3852
9.78299 -13.2867 21.2072
11.752 -11.3057 18.5862

11.61 -13.8297 15.6732
8.84999 -16.0007 14.1942
10.312 -18.8627 12.0642
7.45599 -19.7727 9.69116
6.88199 -22.3007 6.90316

5.56999 -20.4047 3.80216
3.14099 -23.3147 3.09316
2.07799 -24.1637 6.69016
1.59099 -20.5697 8.05716
-0.131015 -19.0407 4.92416
-3.59201 -19.5147 6.61216
-5.59001 -18.5587 9.76316
-2.82301 -16.7927 11.7582
-2.37401 -13.0207 12.4432
1.07899 -11.4777 13.1522
0.241985 -7.74267 13.5982
2.95199 -7.41067 16.3512
5.73599 -7.47567 13.6782
6.61999 -4.67067 11.1812

9.06699 -6.74767 9.03916
8.75799 -9.91167 6.89716
11.925 -11.6787 5.61216
11.548 -14.3117 2.86816

14.708 -16.4347 3.31216
13.499 -18.4547 0.281158
11.488 -17.6517 -2.86684
8.29499 -19.6167 -3.66284
7.20899 -20.1707 -7.32984
3.56299 -19.1987 -6.58484

3.02299 -15.4217 -5.93684
-0.450015 -15.9697 -4.37384
1.25099 -17.8367 -1.45384
3.86999 -15.0407 -1.03884
1.03299 -12.4127 -0.884842
-0.847015 -14.6527 1.65016
2.33099 -14.6597 3.83016
2.80499 -10.8087 3.59816

-0.893015 -10.3337 4.61616
-0.219015 -12.1807 7.90016
1.40199 -8.90067 9.16516
-0.530015 -6.37867 7.02016
-3.91401 -6.87167 8.84416
-6.45401 -4.69767 10.7272
-4.53001 -3.75567 13.9242
-1.22201 -2.98367 12.1022
0.00698546 0.616326 12.8162
3.52899 0.547326 11.2032
4.63199 0.510326 7.51716

5.25399 -3.17067 6.69416
8.74399 -3.99167 5.36216
9.00599 -7.04267 3.02716
12.567 -8.29467 2.28616
13.071 -10.9787 -0.425842
16.491 -12.6737 0.082158
18.024 -13.6897 -3.32084

21.413 -15.1897 -4.34284
23.114 -14.6707 -7.77184
24.22 -18.0357 -9.29584
21.197 -20.0107 -7.87784
17.525 -21.0107 -8.50384

16.513 -17.4267 -7.42484
17.832 -16.0827 -10.8088
15.052 -18.0907 -12.6188
12.353 -18.0137 -9.88484
12.317 -14.1997 -9.46484
11.506 -13.3577 -13.1788
8.92099 -16.2447 -13.1288
7.21199 -14.8077 -9.98484
7.22499 -11.2947 -11.6018
5.53199 -12.3777 -14.8838
2.93099 -14.3027 -12.7688
2.08899 -11.1677 -10.6498
1.72899 -9.17567 -13.9218
-0.744015 -11.8207 -15.2868
-2.66601 -11.5547 -11.9548
-2.65101 -7.69067 -12.1188
-3.87801 -7.60667 -15.7888

-6.75101 -9.92867 -14.6718
-7.55101 -7.38667 -11.8268
-6.47501 -9.98767 -9.18284
-3.45501 -8.08067 -7.70684
-2.28001 -4.46567 -7.13484
1.17799 -5.90467 -6.39984
3.65199 -4.76867 -9.04484
7.09199 -6.44067 -8.57184
8.97699 -4.63467 -11.4608

9.98299 -1.54567 -9.37884
12.031 -3.73467 -6.93584
14.378 -5.05167 -9.71484
15.229 -1.65467 -11.2738

16.494 -0.695674 -7.74384
18.979 -3.66867 -7.32084

End chain 1
