-13.201 -6.296 -53.957
-10.703 -3.406 -53.291
-9.54 -3.087 -49.639
-11.02 0.322 -48.639
-8.614 1.85 -46.053
-10.787 3.126 -43.162

-9.634 6.195 -41.181
-10.061 4.9 -37.589
-10.286 6.838 -34.306
-12.195 7.103 -30.979
-14.163 9.439 -28.711
-12.619 10.223 -25.263
-14.157 12.207 -22.344

-11.943 15.248 -21.466
-14.301 16.978 -18.949
-17.827 16.65 -17.399
-19.139 18.761 -20.353

-16.752 17.96 -23.312
-15.482 14.956 -25.281
-12.62 14.751 -27.824
-12.437 12.939 -31.204
-8.982 11.264 -31.393
-8.672 10.357 -35.1

-6.282 10.744 -38.079
-6.98 13.557 -40.6
-9.895 13.022 -43.051

-11.208 15.853 -45.293
-14.92 14.856 -45.011
-14.611 14.37 -41.226
-13.015 17.857 -40.827
-15.875 19.254 -42.999
-18.403 17.482 -40.669
-16.559 18.759 -37.515
-16.844 22.341 -38.957

-20.697 21.797 -39.029
-20.861 21.033 -35.24
-22.116 23.933 -33.104
-20.016 23.255 -29.939
-16.791 22.621 -31.971

-13.393 23.436 -30.391
-10.011 22.816 -32.063
-6.805 22.812 -29.99

-3.883 23.919 -32.209
-1.328 22.314 -29.773
-2.753 18.736 -29.691
-4.334 19.137 -33.217

-7.578 17.622 -31.79
-11.313 18.386 -31.995
-13.683 18.544 -28.991
-17.466 19.001 -28.65
-20.131 19.402 -25.91

-21.257 16.038 -24.476
-24.923 16.743 -25.497
-23.731 16.722 -29.178
-22.178 13.179 -28.839
-25.228 11.354 -30.322
-25.57 14.044 -33.093
-21.852 13.682 -34.021
-21.815 9.829 -34.037
-25.045 9.774 -36.128
-23.507 12.176 -38.75
-20.093 10.348 -38.803

-21.793 6.948 -39.527
-22.962 8.546 -42.834
-19.328 9.196 -43.991
-17.677 6.563 -46.261
-14.251 5.2 -45.121

-14.46 6.789 -41.562
-14.765 4.819 -38.279
-15.142 6.964 -35.114
-15.663 4.659 -32.101

-18.218 6.249 -29.657
-17.862 6.903 -25.912
-18.35 3.469 -24.195
-21.794 2.549 -22.772
-20.235 2.829 -19.255
-19.534 6.58 -19.812
-22.964 7.196 -21.431
-24.623 5.531 -18.378
-22.42 7.523 -15.909

-23.028 10.919 -17.654
-26.668 10.153 -18.714
-27.851 13.482 -17.123

-25.214 15.594 -18.963
-26 13.8 -22.296
-29.631 15.147 -21.909

-29.014 18.802 -20.797
-28.522 21.656 -23.337
-27.494 23.803 -20.296
-24.374 24.206 -18.108
-26.03 23.63 -14.722
-23.195 22.587 -12.38
-23.731 19.355 -10.334

-27.219 19.392 -8.694
-26.798 20.208 -4.988
-26.578 17.032 -2.906
-29.814 16.999 -0.82
-29.276 16.946 2.956
-30.305 13.551 4.343

-32.727 13.25 7.268
-30.389 11.851 9.975
-33.077 12.019 12.787
-33.159 8.159 12.923
-29.32 8.149 13.454
-27.82 8.306 16.969

-27.52 12.074 17.913
-23.991 11.509 19.371
-22.796 10.469 15.867
-24.731 13.185 13.93
-23.402 16.008 16.22
-19.738 14.82 15.861

-19.687 14.822 11.995
-17.445 17.587 10.586

-19.106 19.692 7.763
-17.231 17.783 4.996
-18.064 14.402 6.666
-21.796 15.407 6.677
-21.562 16.318 2.947
-19.943 12.855 2.346
-22.788 11.075 4.244
-25.363 13.084 2.191
-23.555 12.165 -1.104
-23.43 8.459 -0.115
-27.196 8.491 0.728
-28.024 10.343 -2.565

-25.973 7.645 -4.472
-28.214 5.048 -2.67
-25.512 3.7 -0.27

-23.352 2.353 -3.174
-19.956 4.118 -3.237
-16.209 4.012 -2.721
-15.295 6.541 0.021

-11.694 7.195 -1.128

-11.135 10.189 1.225
-7.504 10.605 2.377

-6.048 8.715 5.398
-7.361 9.956 8.784
-10.233 12.169 7.374
-12.706 9.981 9.408

-13.844 7.354 6.831
-15.012 5.081 9.734
-17.363 7.714 11.316
-18.876 8.506 7.854
-19.282 4.738 7.09
-21.02 4.042 10.461
-23.415 6.996 9.798
-24.247 5.855 6.195
-24.846 2.277 7.463
-26.955 3.52 10.461
-29.227 5.531 8.078

-29.9 2.058 6.507

-30.384 0.293 9.981
-33.886 -0.857 8.77
-32.05 -2.956 6.062
-29.626 -4.868 8.41
-27.981 -7.413 9.17

-24.774 -5.448 8.488
-21.551 -7.137 7.269
-18.235 -5.328 7.997
-15.132 -6.739 6.223
-11.829 -5.357 7.603

-8.05 -6.016 7.986
-7.416 -8.82 10.567
-5.856 -6.305 13.093
-8.689 -3.64 13.199

-11.758 -5.868 14.003
-11.895 -4.753 17.675
-11.154 -1.102 16.63
-14.365 -1.304 14.506
-16.414 -2.897 17.375
-15.268 -0.08 19.729
-16.109 2.476 16.969
-19.722 1.111 16.76
-20.082 1.14 20.611
-18.596 4.7 20.723
-20.823 6.195 17.978

-24.121 4.191 18.24
-24.851 3.95 22.056
-28.388 2.791 20.948
-26.764 -0.701 20.406
-26.03 -3.285 23.117

-22.632 -5.104 22.857
-24.638 -8.32 22.08
-25.78 -6.667 18.791

-22.091 -6.816 17.576
-20.505 -10.124 16.488
-16.681 -10.041 16.081

-15.702 -13.116 14.035
-12.316 -14.303 15.372
-12.201 -17.837 13.813
-13.405 -19.799 10.735
-15.769 -21.82 13.07
-17.788 -18.808 14.317
-21.352 -17.917 13.159
-21.075 -14.973 10.701
-24.816 -14.102 11.273
-24.919 -14.166 15.127
-25.108 -10.332 15.536
-27.08 -7.466 13.995

-23.588 -6.14 13.038
-21.065 -8.833 11.965
-17.336 -7.898 11.803
-15.009 -10.302 9.887
-11.529 -10.295 8.291

-10.658 -10.74 4.577
-8.757 -14.009 5.375
-11.833 -15.546 7.113
-14.3 -14.769 4.222

-12.926 -17.715 2.14
-13.287 -20.073 5.183
-16.843 -18.74 5.845
-18.014 -18.815 2.139
-20.731 -21.415 3.044
-22.243 -18.836 5.512
-21.955 -15.894 2.989
-25.071 -17.433 1.278
-27.188 -15.451 3.825
-28.094 -12.137 2.052
-26.367 -9.235 3.842
-28.236 -6.215 2.36

-25.704 -3.677 3.792
-21.936 -4.298 3.429
-19.007 -2.145 4.602
-15.517 -3.11 3.36

-12.662 -1.237 5.059
-9.341 -0.865 3.151

-11.066 -2.352 0.031
-7.765 -2.207 -1.968
-7.252 -5.742 -0.456
-9.774 -6.866 -3.176

-7.558 -5.436 -6.054
-6.861 -8.909 -7.611
-9.913 -10.983 -8.736
-7.994 -14.348 -8.638
-7.386 -14.116 -4.839

-9.551 -16.269 -2.508
-10.568 -13.122 -0.487
-11.832 -11.409 -3.693
-13.586 -14.593 -5.006
-15.461 -14.905 -1.648
-16.313 -11.137 -1.332
-17.465 -10.353 -4.925
-20.7 -12.523 -5.003
-21.961 -10.786 -1.799
-21.004 -7.272 -3.064
-22.893 -7.826 -6.386
-26.148 -8.927 -4.576

-26.072 -6.644 -1.465
-28.372 -3.542 -1.704

-25.826 -1.116 -0.104
-22.019 -1.347 -0.629
-19.769 1.077 1.29
-16.145 0.543 0.177
-13.427 2.479 2.088

-9.739 3.065 1.181
-6.998 5.712 1.573
-5.29 4.301 -1.537
-8.002 2.778 -3.832
-5.263 1.979 -6.345
-1.844 1.044 -4.877
0.179 1.273 -8.156
-1.96 0.815 -11.364

-5.486 1.412 -12.884
-6.145 -2.396 -13.101
-6.402 -2.518 -9.223
-9.619 -0.37 -9.379
-11.628 -2.846 -11.528
-12.904 -5.026 -8.614
-13.981 -1.892 -6.643
-15.738 -0.406 -9.758
-17.759 -3.638 -10.376
-18.545 -3.926 -6.614
-20.104 -0.383 -6.596

-21.607 -0.654 -10.172
-21.992 -4.37 -11.257
-23.172 -3.251 -14.78
-19.935 -1.29 -15.508
-17.337 -3.236 -17.592
-18.9 -6.785 -17.229
-15.576 -8.217 -18.571

-12.101 -7.019 -17.429
-10.719 -7.022 -21.032
-12.866 -3.967 -22.03
-11.565 -2.031 -18.959
-7.965 -3.199 -19.668
-8.028 -2.162 -23.384
-9.238 1.366 -22.43
-7.403 2.18 -19.142

-4.51 -0.351 -18.764
-2.851 0.132 -22.242
-3.499 -3.577 -22.858

-0.922 -5.224 -25.189
-1.171 -8.572 -27.031
2.109 -10.415 -26.274

3.105 -13.897 -27.702
2.055 -15.464 -24.315

-1.301 -13.571 -23.908
-2.465 -10.088 -22.814
-0.375 -7.663 -20.732

-2.5205 -6.48387 -17.9187
-2.31669 -8.39874 -14.6933
-1.91717 -10.6584 -11.7695
-2.04362 -10.4747 -8.0073
1.1758 -11.4155 -6.1217
3.5787 -13.1266 -3.66279

5.36261 -10.3128 -1.83436
7.05734 -12.7792 0.508241
8.24274 -14.8934 -2.4188
9.68099 -11.8407 -4.16668
11.5473 -10.8004 -1.02383
13.0232 -14.2805 -0.631707
14.1965 -14.2955 -4.24641
15.8575 -10.9036 -3.82284
17.6643 -12.0715 -0.690097
18.9367 -15.1811 -2.46617
20.2348 -13.107 -5.37405

22.4658 -15.109 -2.90805

24.5988 -13.051 -0.524048
24.5408 -10.157 1.94695

28.1438 -8.91504 2.47995
29.4508 -5.91404 4.46895
33.0258 -5.07904 5.44295

34.5518 -3.59504 8.67095
35.1628 -0.391042 6.64895
31.4078 -0.142042 5.74895
29.9678 -0.512042 9.30895

32.7788 -0.0170415 11.931
34.7398 3.21796 11.1
36.1538 2.98096 14.7
38.1588 -0.287042 14.284

41.9578 0.406958 14.269
43.7108 -0.327042 10.945

45.3668 -3.69704 10.202
48.9828 -2.84904 9.22395
50.5198 -5.73904 7.22195
54.1988 -6.23704 6.27495
56.5608 -8.84604 4.87295
59.6018 -9.54104 7.11395
62.4208 -11.095 5.05895

64.2008 -13.296 7.64995
67.9158 -13.477 6.83995

68.8998 -16.708 4.91695
72.5148 -16.237 6.24495
71.4768 -18.429 9.26695

70.4358 -21.218 6.78195
73.5738 -23.399 6.84795

75.0798 -24.672 3.54995
73.7678 -28.29 4.09095
70.1458 -27.092 4.64195
70.4228 -24.762 1.58095
71.8518 -27.607 -0.571048
68.9138 -29.824 0.613952
66.3678 -27.089 -0.384048
68.1648 -26.691 -3.77405
68.0778 -30.517 -4.20505
64.3048 -30.826 -3.45705
63.6168 -27.774 -5.72505
65.5718 -29.45 -8.61205
63.7978 -32.763 -7.82105
60.3008 -31.211 -8.40505
61.3918 -29.88 -11.876

62.8718 -33.21 -13.128
61.0418 -34.308 -16.333
61.1828 -38.088 -15.798
59.3118 -38.249 -12.413
55.7388 -39.477 -11.906

52.9428 -37.09 -10.752
53.2618 -38.752 -7.28905
57.0838 -38.293 -7.00005
56.5328 -34.591 -7.97105
53.9438 -34.238 -5.09605
56.3118 -36.058 -2.65905
59.2608 -33.766 -3.61605
56.9098 -30.728 -3.16005
55.8948 -31.93 0.363952
59.6098 -32.511 1.17095
60.5798 -28.99 -0.101048
57.7528 -27.451 2.01395
58.7078 -29.4 5.21195
62.4408 -28.483 4.64495
61.3908 -24.793 4.28495
59.7398 -24.982 7.74495
62.8998 -26.563 9.31395
65.1998 -24.002 7.58595
63.2008 -21.028 9.03195
63.1478 -22.224 12.73
66.4348 -20.471 13.867
65.4978 -17.038 12.395
61.8128 -17.393 13.435
63.1538 -17.941 17.006
65.6258 -14.998 16.619
62.6988 -12.747 15.536
60.3868 -13.899 18.426
63.1918 -13.131 20.937
63.8458 -9.68104 19.312
60.0968 -8.88404 19.788
60.2238 -9.89504 23.513
63.5488 -8.03004 24.103

61.8908 -4.95104 22.42
59.4108 -4.96604 25.394
56.2418 -6.26304 23.603
53.5478 -7.21604 26.131
51.2948 -9.56504 24.007

51.5138 -11.16 20.526
50.3458 -14.236 18.555
52.7158 -16.598 16.68
51.1298 -18.665 13.876
52.7508 -21.82 12.405

51.3688 -25.121 10.928
54.2468 -27.665 10.983

54.3778 -29.349 14.436
58.2408 -29.147 14.494
58.0108 -25.29 14.252
55.4078 -25.105 17.096
57.5688 -27.54 19.182
60.8338 -25.558 18.628
59.1568 -22.179 19.474
57.6038 -23.608 22.713
60.9398 -25.241 23.743
62.8818 -21.938 23.323
60.1958 -19.925 25.231
60.4138 -22.516 28.096
64.2758 -22.292 27.981

63.9878 -18.437 28.237
61.3198 -18.869 31.038
58.7418 -16.909 28.936
55.1378 -17.596 30.005

53.1348 -18.587 26.894
50.0498 -20.555 25.728
49.9718 -23.272 23.012
46.9698 -24.373 20.868

47.2358 -27.095 18.17
45.4028 -30.191 16.756
45.9808 -32.108 20.065
44.5468 -29.359 22.381
41.0338 -30.364 23.57
37.8708 -28.268 22.914
37.4978 -27.16 26.602

41.2558 -26.518 27.189
41.2468 -24.293 24.022
38.6858 -21.961 25.686
40.5348 -22.016 29.07
43.9708 -21.228 27.462
42.2298 -18.459 25.439
40.8958 -16.971 28.739
44.3728 -17.354 30.392
46.0208 -15.338 27.524
43.1728 -12.738 27.574
43.0988 -12.174 31.385

46.7318 -12.837 32.519
49.3158 -10.055 31.833
52.1188 -12.683 32.283
51.3078 -14.687 29.105
53.2768 -12.706 26.484

53.1348 -15.23 23.571
50.3748 -17.401 22.092
51.8368 -20.263 19.962
48.9808 -21.173 17.589
48.4068 -23.701 14.801

47.0948 -21.805 11.7
44.6658 -24.715 10.991
43.6028 -25.564 14.588
43.1158 -21.97 15.955
41.3938 -20.441 12.822
37.9328 -20.915 14.51
35.9348 -19.959 17.661
38.7018 -18.193 19.656
39.1508 -14.421 20.341
42.6038 -12.878 21.05
41.7668 -9.14304 21.496
44.4768 -8.81104 24.249
47.2608 -8.87604 21.576
48.1448 -6.07104 19.079

50.5918 -8.14804 16.937
50.2828 -11.312 14.795
53.4498 -13.079 13.51
53.0728 -15.712 10.766

56.2328 -17.835 11.21
55.0238 -19.855 8.17895
53.0128 -19.052 5.03095
49.8198 -21.017 4.23495
48.7338 -21.571 0.567952
45.0878 -20.599 1.31295

44.5478 -16.822 1.96095
41.0748 -17.37 3.52395
42.7758 -19.237 6.44395
45.3948 -16.441 6.85895
42.5578 -13.813 7.01295
40.6778 -16.053 9.54795
43.8558 -16.06 11.728
44.3298 -12.209 11.496

40.6318 -11.734 12.514
41.3058 -13.581 15.798
42.9268 -10.301 17.063
40.9948 -7.77904 14.918
37.6108 -8.27204 16.742
35.0708 -6.09804 18.625
36.9948 -5.15604 21.822
40.3028 -4.38404 20
41.5318 -0.784042 20.714
45.0538 -0.853042 19.101
46.1568 -0.890042 15.415

46.7788 -4.57104 14.592
50.2688 -5.39204 13.26
50.5308 -8.44304 10.925
54.0918 -9.69504 10.184
54.5958 -12.379 7.47195
58.0158 -14.074 7.97995
59.5488 -15.09 4.57695

62.9378 -16.59 3.55495
64.6388 -16.071 0.125952
65.7448 -19.436 -1.39805
62.7218 -21.411 0.019952
59.0498 -22.411 -0.606048

58.0378 -18.827 0.472952
59.3568 -17.483 -2.91105
56.5768 -19.491 -4.72105
53.8778 -19.414 -1.98705
53.8418 -15.6 -1.56705
53.0308 -14.758 -5.28105
50.4458 -17.645 -5.23105
48.7368 -16.208 -2.08705
48.7498 -12.695 -3.70405
47.0568 -13.778 -6.98605
44.4558 -15.703 -4.87105
43.6138 -12.568 -2.75205
43.2538 -10.576 -6.02405
40.7808 -13.221 -7.38905
38.8588 -12.955 -4.05705
38.8738 -9.09104 -4.22105
37.6468 -9.00704 -7.89105

34.7738 -11.329 -6.77405
33.9738 -8.78704 -3.92905
35.0498 -11.388 -1.28505
38.0698 -9.48104 0.190952
39.2448 -5.86604 0.762952
42.7028 -7.30504 1.49795
45.1768 -6.16904 -1.14705
48.6168 -7.84104 -0.674048
50.5018 -6.03504 -3.56305

51.5078 -2.94604 -1.48105
53.5558 -5.13504 0.961952
55.9028 -6.45204 -1.81705
56.7538 -3.05504 -3.37605

58.0188 -2.09604 0.153952
60.5038 -5.06904 0.576952

End chain 1
