-13.201 -6.296 -53.957
-10.703 -3.406 -53.291
-9.54 -3.087 -49.639
-11.02 0.322 -48.639
-8.614 1.85 -46.053
-10.787 3.126 -43.162

-9.634 6.195 -41.181
-10.061 4.9 -37.589
-10.286 6.838 -34.306
-12.195 7.103 -30.979
-14.163 9.439 -28.711
-12.619 10.223 -25.263
-14.157 12.207 -22.344

-11.943 15.248 -21.466
-14.301 16.978 -18.949
-17.827 16.65 -17.399
-19.139 18.761 -20.353

-16.752 17.96 -23.312
-15.482 14.956 -25.281
-12.62 14.751 -27.824
-12.437 12.939 -31.204
-8.982 11.264 -31.393
-8.672 10.357 -35.1

-6.282 10.744 -38.079
-6.98 13.557 -40.6
-9.895 13.022 -43.051

-11.208 15.853 -45.293
-14.92 14.856 -45.011
-14.611 14.37 -41.226
-13.015 17.857 -40.827
-15.875 19.254 -42.999
-18.403 17.482 -40.669
-16.559 18.759 -37.515
-16.844 22.341 -38.957

-20.697 21.797 -39.029
-20.861 21.033 -35.24
-22.116 23.933 -33.104
-20.016 23.255 -29.939
-16.791 22.621 -31.971

-13.393 23.436 -30.391
-10.011 22.816 -32.063
-6.805 22.812 -29.99

-3.883 23.919 -32.209
-1.328 22.314 -29.773
-2.753 18.736 -29.691
-4.334 19.137 -33.217

-7.578 17.622 -31.79
-11.313 18.386 -31.995
-13.683 18.544 -28.991
-17.466 19.001 -28.65
-20.131 19.402 -25.91

-21.257 16.038 -24.476
-24.923 16.743 -25.497
-23.731 16.722 -29.178
-22.178 13.179 -28.839
-25.228 11.354 -30.322
-25.57 14.044 -33.093
-21.852 13.682 -34.021
-21.815 9.829 -34.037
-25.045 9.774 -36.128
-23.507 12.176 -38.75
-20.093 10.348 -38.803

-21.793 6.948 -39.527
-22.962 8.546 -42.834
-19.328 9.196 -43.991
-17.677 6.563 -46.261
-14.251 5.2 -45.121

-14.46 6.789 -41.562
-14.765 4.819 -38.279
-15.142 6.964 -35.114
-15.663 4.659 -32.101

-18.218 6.249 -29.657
-17.862 6.903 -25.912
-18.35 3.469 -24.195
-21.794 2.549 -22.772
-20.235 2.829 -19.255
-19.534 6.58 -19.812
-22.964 7.196 -21.431
-24.623 5.531 -18.378
-22.42 7.523 -15.909

-23.028 10.919 -17.654
-26.668 10.153 -18.714
-27.851 13.482 -17.123

-25.214 15.594 -18.963
-26 13.8 -22.296
-29.631 15.147 -21.909

-29.014 18.802 -20.797
-28.522 21.656 -23.337
-27.494 23.803 -20.296
-24.374 24.206 -18.108
-26.03 23.63 -14.722
-23.195 22.587 -12.38
-23.731 19.355 -10.334

-27.219 19.392 -8.694
-26.798 20.208 -4.988
-26.578 17.032 -2.906
-29.814 16.999 -0.82
-29.276 16.946 2.956
-30.305 13.551 4.343

-32.727 13.25 7.268
-30.389 11.851 9.975
-33.077 12.019 12.787
-33.159 8.159 12.923
-29.32 8.149 13.454
-27.82 8.306 16.969

-27.52 12.074 17.913
-23.991 11.509 19.371
-22.796 10.469 15.867
-24.731 13.185 13.93
-23.402 16.008 16.22
-19.738 14.82 15.861

-19.687 14.822 11.995
-17.445 17.587 10.586

-19.106 19.692 7.763
-17.231 17.783 4.996
-18.064 14.402 6.666
-21.796 15.407 6.677
-21.562 16.318 2.947
-19.943 12.855 2.346
-22.788 11.075 4.244
-25.363 13.084 2.191
-23.555 12.165 -1.104
-23.43 8.459 -0.115
-27.196 8.491 0.728
-28.024 10.343 -2.565

-25.973 7.645 -4.472
-28.214 5.048 -2.67
-25.512 3.7 -0.27

-23.352 2.353 -3.174
-19.956 4.118 -3.237
-16.209 4.012 -2.721
-15.295 6.541 0.021

-11.694 7.195 -1.128

-11.135 10.189 1.225
-7.504 10.605 2.377

-6.048 8.715 5.398
-7.361 9.956 8.784
-10.233 12.169 7.374
-12.706 9.981 9.408

-13.844 7.354 6.831
-15.012 5.081 9.734
-17.363 7.714 11.316
-18.876 8.506 7.854
-19.282 4.738 7.09
-21.02 4.042 10.461
-23.415 6.996 9.798
-24.247 5.855 6.195
-24.846 2.277 7.463
-26.955 3.52 10.461
-29.227 5.531 8.078

-29.9 2.058 6.507

-30.384 0.293 9.981
-33.886 -0.857 8.77
-32.05 -2.956 6.062
-29.626 -4.868 8.41
-27.981 -7.413 9.17

-24.774 -5.448 8.488
-21.551 -7.137 7.269
-18.235 -5.328 7.997
-15.132 -6.739 6.223
-11.829 -5.357 7.603

-8.05 -6.016 7.986
-7.416 -8.82 10.567
-5.856 -6.305 13.093
-8.689 -3.64 13.199

-11.758 -5.868 14.003
-11.895 -4.753 17.675
-11.154 -1.102 16.63
-14.365 -1.304 14.506
-16.414 -2.897 17.375
-15.268 -0.08 19.729
-16.109 2.476 16.969
-19.722 1.111 16.76
-20.082 1.14 20.611
-18.596 4.7 20.723
-20.823 6.195 17.978

-24.121 4.191 18.24
-24.851 3.95 22.056
-28.388 2.791 20.948
-26.764 -0.701 20.406
-26.03 -3.285 23.117

-22.632 -5.104 22.857
-24.638 -8.32 22.08
-25.78 -6.667 18.791

-22.091 -6.816 17.576
-20.505 -10.124 16.488
-16.681 -10.041 16.081

-15.702 -13.116 14.035
-12.316 -14.303 15.372
-12.201 -17.837 13.813
-13.405 -19.799 10.735
-15.769 -21.82 13.07
-17.788 -18.808 14.317
-21.352 -17.917 13.159
-21.075 -14.973 10.701
-24.816 -14.102 11.273
-24.919 -14.166 15.127
-25.108 -10.332 15.536
-27.08 -7.466 13.995

-23.588 -6.14 13.038
-21.065 -8.833 11.965
-17.336 -7.898 11.803
-15.009 -10.302 9.887
-11.529 -10.295 8.291

-10.658 -10.74 4.577
-8.757 -14.009 5.375
-11.833 -15.546 7.113
-14.3 -14.769 4.222

-12.926 -17.715 2.14
-13.287 -20.073 5.183
-16.843 -18.74 5.845
-18.014 -18.815 2.139
-20.731 -21.415 3.044
-22.243 -18.836 5.512
-21.955 -15.894 2.989
-25.071 -17.433 1.278
-27.188 -15.451 3.825
-28.094 -12.137 2.052
-26.367 -9.235 3.842
-28.236 -6.215 2.36

-25.704 -3.677 3.792
-21.936 -4.298 3.429
-19.007 -2.145 4.602
-15.517 -3.11 3.36

-12.662 -1.237 5.059
-9.341 -0.865 3.151

-11.066 -2.352 0.031
-7.765 -2.207 -1.968
-7.252 -5.742 -0.456
-9.774 -6.866 -3.176

-9.1787 -4.79772 -6.34261
-8.6604 -2.20751 -9.03037
-5.49396 -2.05296 -11.2465
-2.34011 -1.86365 -13.508
0.595598 -4.24418 -12.8289

-0.888625 -6.01044 -15.8489
-4.03442 -6.89329 -13.9079
-4.45562 -3.29361 -12.7644
-4.09076 -2.01773 -16.3255
-6.70309 -4.47767 -17.5775
-9.1448 -3.41335 -14.8667
-8.66415 0.254321 -15.7386
-9.29317 -0.438821 -19.4219
-12.488 -2.33402 -18.6192
-13.7486 0.517848 -16.4465
-13.065 3.04637 -19.2001
-14.9403 0.931729 -21.7406

-14.8643 3.21473 -18.6296
-17.1643 6.31673 -18.8686

-14.6183 8.74273 -17.2686
-10.8113 8.51173 -17.7936
-8.56131 10.9357 -15.8746
-4.93731 10.4017 -16.9876
-2.21931 12.3377 -15.0766

1.46869 12.9237 -15.9836
4.20969 15.5707 -15.5916
5.91769 14.1597 -18.7016
3.20569 12.6367 -20.9966
5.94469 11.8377 -23.5096
9.36369 10.9027 -22.0416
11.3867 11.1317 -25.3206
9.24769 10.6737 -28.5286

5.72169 11.2707 -30.0486
5.06269 7.46273 -30.2656
4.80569 7.34073 -26.3876
1.58869 9.48873 -26.5436
-0.42031 7.01273 -28.6926
-1.69631 4.83273 -25.7786
-2.77331 7.96673 -23.8076
-4.53031 9.45273 -26.9226
-6.55131 6.22073 -27.5406
-7.33731 5.93273 -23.7786
-8.89631 9.47573 -23.7606

-10.3993 9.20473 -27.3366
-10.7843 5.48873 -28.4216
-11.9643 6.60773 -31.9446
-8.72731 8.56873 -32.6726
-6.12931 6.62273 -34.7566
-7.69231 3.07373 -34.3936
-4.36831 1.64173 -35.7356

-0.89331 2.83973 -34.5936
0.48869 2.83673 -38.1966
-1.65831 5.89173 -39.1946
-0.35731 7.82773 -36.1236
3.24269 6.65973 -36.8326
3.17969 7.69673 -40.5486
1.96969 11.2247 -39.5946
3.80469 12.0387 -36.3066

6.69769 9.50773 -35.9286
8.35669 9.99073 -39.4066
7.70869 6.28173 -40.0226

10.2857 4.63473 -42.3536
10.0367 1.28673 -44.1956
13.3167 -0.556271 -43.4386

14.3127 -4.03827 -44.8666
13.2627 -5.60527 -41.4796

9.90669 -3.71227 -41.0726
8.74269 -0.229271 -39.9786
10.8327 2.19573 -37.8966

8.82169 4.66673 -35.7026
11.7527 6.28273 -33.7436
11.4217 9.60973 -35.6366
9.20269 12.6967 -35.2906
7.07469 14.7567 -37.7296
4.31969 17.4517 -37.8076

4.77969 18.1687 -34.0326
2.94869 21.5667 -34.1316
-0.15131 19.7907 -35.5886
0.17369 17.0767 -32.8846
0.35469 19.8447 -30.1916
-2.85331 21.4827 -31.5606
-4.68631 18.0877 -31.6696
-3.57431 17.2647 -28.0826
-4.63331 20.6627 -26.5956
-8.03531 20.7127 -28.4086
-9.21231 17.1037 -27.8736

-6.98131 15.1017 -25.4076

-4.84831 17.1597 -23.0236
-4.90631 20.0537 -20.5526

-1.30331 21.2957 -20.0196
0.00369048 24.2967 -18.0306
3.57869 25.1317 -17.0566

5.10469 26.6157 -13.8286
5.71569 29.8197 -15.8506
1.96069 30.0687 -16.7506
0.52069 29.6987 -13.1906

3.33169 30.1937 -10.5686
5.29269 33.4287 -11.3996
6.70669 33.1917 -7.79963
8.71169 29.9237 -8.21563

12.5107 30.6177 -8.23063
14.2637 29.8837 -11.5546

15.9197 26.5137 -12.2976
19.5357 27.3617 -13.2756
21.0727 24.4717 -15.2776
24.7517 23.9737 -16.2246
27.1137 21.3647 -17.6266
30.1547 20.6697 -15.3856
32.9737 19.1157 -17.4406

34.7537 16.9147 -14.8496
38.4687 16.7337 -15.6596

39.4527 13.5027 -17.5826
43.0677 13.9737 -16.2546
42.0297 11.7817 -13.2326

40.9887 8.99273 -15.7176
44.1267 6.81173 -15.6516

45.6327 5.53873 -18.9496
44.3207 1.92073 -18.4086
40.6987 3.11873 -17.8576
40.9757 5.44873 -20.9186
42.4047 2.60373 -23.0706
39.4667 0.386729 -21.8856
36.9207 3.12173 -22.8836
38.7177 3.51973 -26.2736
38.6307 -0.306271 -26.7046
34.8577 -0.615271 -25.9566
34.1697 2.43673 -28.2246
36.1247 0.760729 -31.1116
34.3507 -2.55227 -30.3206
30.8537 -1.00027 -30.9046
31.9447 0.330729 -34.3756

33.4247 -2.99927 -35.6276
31.5947 -4.09727 -38.8326
31.7357 -7.87727 -38.2976
29.8647 -8.03827 -34.9126
26.2917 -9.26627 -34.4056

23.4957 -6.87927 -33.2516
23.8147 -8.54127 -29.7886
27.6367 -8.08227 -29.4996
27.0857 -4.38027 -30.4706
24.4967 -4.02727 -27.5956
26.8647 -5.84727 -25.1586
29.8137 -3.55527 -26.1156
27.4627 -0.517271 -25.6596
26.4477 -1.71927 -22.1356
30.1627 -2.30027 -21.3286
31.1327 1.22073 -22.6006
28.3057 2.75973 -20.4856
29.2607 0.810729 -17.2876
32.9937 1.72773 -17.8546
31.9437 5.41773 -18.2146
30.2927 5.22873 -14.7546
33.4527 3.64773 -13.1856
35.7527 6.20873 -14.9136
33.7537 9.18273 -13.4676
33.7007 7.98673 -9.76963
36.9877 9.73973 -8.63263
36.0507 13.1727 -10.1046
32.3657 12.8177 -9.06463
33.7067 12.2697 -5.49363
36.1787 15.2127 -5.88063
33.2517 17.4637 -6.96363
30.9397 16.3117 -4.07363
33.7447 17.0797 -1.56263
34.3987 20.5297 -3.18763
30.6497 21.3267 -2.71163
30.7767 20.3157 1.01337
34.1017 22.1807 1.60337

32.4437 25.2597 -0.0796257
29.9637 25.2447 2.89437
26.7947 23.9477 1.10337
24.1007 22.9947 3.63137
21.8477 20.6457 1.50737

22.0667 19.0507 -1.97363
20.8987 15.9747 -3.94463
23.2687 13.6127 -5.81963
21.6827 11.5457 -8.62363
23.3037 8.39073 -10.0946

21.9217 5.08973 -11.5716
24.7997 2.54573 -11.5166

24.9307 0.861729 -8.06363
28.7937 1.06373 -8.00563
28.5637 4.92073 -8.24763
25.9607 5.10573 -5.40363
28.1217 2.67073 -3.31763
31.3867 4.65273 -3.87163
29.7097 8.03173 -3.02563
28.1567 6.60273 0.213374
31.4927 4.96973 1.24337
33.4347 8.27273 0.823374
30.7487 10.2857 2.73137
30.9667 7.69473 5.59637
34.8287 7.91873 5.48137

34.5407 11.7737 5.73737
31.8727 11.3417 8.53837
29.2947 13.3017 6.43637
25.6907 12.6147 7.50537

23.6877 11.6237 4.39437
20.6027 9.65573 3.22837
20.5247 6.93873 0.512374
17.5227 5.83773 -1.63163

17.7887 3.11573 -4.32963
15.9557 0.0197293 -5.74363
16.5337 -1.89727 -2.43463
15.0997 0.851729 -0.118626
11.5867 -0.153271 1.07037
8.42369 1.94273 0.414374
8.05069 3.05073 4.10237

11.8087 3.69273 4.68937
11.7997 5.91773 1.52237
9.23869 8.24973 3.18637
11.0877 8.19473 6.57037
14.5237 8.98273 4.96237
12.7827 11.7517 2.93937
11.4487 13.2397 6.23937
14.9257 12.8567 7.89237
16.5737 14.8727 5.02437
13.7257 17.4727 5.07437
13.6517 18.0367 8.88537

17.2847 17.3737 10.0194
19.8687 20.1557 9.33337
22.6717 17.5277 9.78337
21.8607 15.5237 6.60537
23.8297 17.5047 3.98437

23.6877 14.9807 1.07137
20.9277 12.8097 -0.407626
22.3897 9.94773 -2.53763
19.5337 9.03773 -4.91063
18.9597 6.50973 -7.69863

17.6477 8.40573 -10.7996
15.2187 5.49573 -11.5086
14.1557 4.64673 -7.91163
13.6687 8.24073 -6.54463
11.9467 9.76973 -9.67763
8.48569 9.29573 -7.98963
6.48769 10.2517 -4.83863
9.25469 12.0177 -2.84363
9.70369 15.7897 -2.15863
13.1567 17.3327 -1.44963
12.3197 21.0677 -1.00363
15.0297 21.3997 1.74937
17.8137 21.3347 -0.923626
18.6977 24.1397 -3.42063

21.1447 22.0627 -5.56263
20.8357 18.8987 -7.70463
24.0027 17.1317 -8.98963
23.6257 14.4987 -11.7336

26.7857 12.3757 -11.2896
25.5767 10.3557 -14.3206
23.5657 11.1587 -17.4686
20.3727 9.19373 -18.2646
19.2867 8.63973 -21.9316
15.6407 9.61173 -21.1866

15.1007 13.3887 -20.5386
11.6277 12.8407 -18.9756
13.3287 10.9737 -16.0556
15.9477 13.7697 -15.6406
13.1107 16.3977 -15.4866
11.2307 14.1577 -12.9516
14.4087 14.1507 -10.7716
14.8827 18.0017 -11.0036

11.1847 18.4767 -9.98563
11.8587 16.6297 -6.70163
13.4797 19.9097 -5.43663
11.5477 22.4317 -7.58163
8.16369 21.9387 -5.75763
5.62369 24.1127 -3.87463
7.54769 25.0547 -0.677626
10.8557 25.8267 -2.49963
12.0847 29.4267 -1.78563
15.6067 29.3577 -3.39863
16.7097 29.3207 -7.08463

17.3317 25.6397 -7.90763
20.8217 24.8187 -9.23963
21.0837 21.7677 -11.5746
24.6447 20.5157 -12.3156
25.1487 17.8317 -15.0276
28.5687 16.1367 -14.5196
30.1017 15.1207 -17.9226

33.4907 13.6207 -18.9446
35.1917 14.1397 -22.3736
36.2977 10.7747 -23.8976
33.2747 8.79973 -22.4796
29.6027 7.79973 -23.1056

28.5907 11.3837 -22.0266
29.9097 12.7277 -25.4106
27.1297 10.7197 -27.2206
24.4307 10.7967 -24.4866
24.3947 14.6107 -24.0666
23.5837 15.4527 -27.7806
20.9987 12.5657 -27.7306
19.2897 14.0027 -24.5866
19.3027 17.5157 -26.2036
17.6097 16.4327 -29.4856
15.0087 14.5077 -27.3706
14.1667 17.6427 -25.2516
13.8067 19.6347 -28.5236
11.3337 16.9897 -29.8886
9.41169 17.2557 -26.5566
9.42669 21.1197 -26.7206
8.19969 21.2037 -30.3906

5.32669 18.8817 -29.2736
4.52669 21.4237 -26.4286
5.60269 18.8227 -23.7846
8.62269 20.7297 -22.3086
9.79769 24.3447 -21.7366
13.2557 22.9057 -21.0016
15.7297 24.0417 -23.6466
19.1697 22.3697 -23.1736
21.0547 24.1757 -26.0626

22.0607 27.2647 -23.9806
24.1087 25.0757 -21.5376
26.4557 23.7587 -24.3166
27.3067 27.1557 -25.8756

28.5717 28.1147 -22.3456
31.0567 25.1417 -21.9226

End chain 1
