-13.201 -6.296 -53.957
-10.703 -3.406 -53.291
-9.54 -3.087 -49.639
-11.02 0.322 -48.639
-8.614 1.85 -46.053
-10.787 3.126 -43.162

-9.634 6.195 -41.181
-10.061 4.9 -37.589
-10.286 6.838 -34.306
-12.195 7.103 -30.979
-14.163 9.439 -28.711
-12.619 10.223 -25.263
-14.157 12.207 -22.344

-11.943 15.248 -21.466
-14.301 16.978 -18.949
-17.827 16.65 -17.399
-19.139 18.761 -20.353

-16.752 17.96 -23.312
-15.482 14.956 -25.281
-12.62 14.751 -27.824
-12.437 12.939 -31.204
-8.982 11.264 -31.393
-8.672 10.357 -35.1

-8.0079 7.42788 -37.2863
-6.68954 4.99354 -39.8471
-5.06825 2.55723 -42.3381

-5.56297 3.10531 -46.066
-8.68241 5.18519 -45.4447
-6.85522 7.34337 -42.9057
-3.99284 7.94461 -45.3322
-6.40973 8.96783 -48.0808
-8.16539 11.4124 -45.7603
-4.85426 12.9783 -44.7467
-3.8325 13.4051 -48.3822

-7.6855 12.8611 -48.4542
-7.8495 12.0971 -44.6652
-9.1045 14.9971 -42.5292
-7.0045 14.3191 -39.3642
-3.7795 13.6851 -41.3962

-0.381497 14.5001 -39.8162
3.0005 13.8801 -41.4882
6.2065 13.8761 -39.4152

9.1285 14.9831 -41.6342
11.6835 13.3781 -39.1982
10.2585 9.80013 -39.1162
8.6775 10.2011 -42.6422

5.4335 8.68613 -41.2152
1.6985 9.45013 -41.4202
-0.671497 9.60813 -38.4162
-4.4545 10.0651 -38.0752
-7.1195 10.4661 -35.3352

-8.2455 7.10213 -33.9012
-11.9115 7.80713 -34.9222
-10.7195 7.78613 -38.6032
-9.1665 4.24313 -38.2642
-12.2165 2.41813 -39.7472
-12.5585 5.10813 -42.5182
-8.8405 4.74613 -43.4462
-8.8035 0.893133 -43.4622
-12.0335 0.838133 -45.5532
-10.4955 3.24013 -48.1752
-7.0815 1.41213 -48.2282

-8.7815 -1.98787 -48.9522
-9.9505 -0.389867 -52.2592
-6.3165 0.260133 -53.4162
-4.6655 -2.37287 -55.6862
-1.2395 -3.73587 -54.5462

-1.4485 -2.14687 -50.9872
-1.7535 -4.11687 -47.7042
-2.1305 -1.97187 -44.5392
-2.6515 -4.27687 -41.5262

-5.2065 -2.68687 -39.0822
-4.8505 -2.03287 -35.3372
-5.3385 -5.46687 -33.6202
-8.7825 -6.38687 -32.1972
-7.2235 -6.10687 -28.6802
-6.5225 -2.35587 -29.2372
-9.9525 -1.73987 -30.8562
-11.6115 -3.40487 -27.8032
-9.4085 -1.41287 -25.3342

-10.0165 1.98313 -27.0792
-13.6565 1.21713 -28.1392
-14.8395 4.54613 -26.5482

-12.2025 6.65813 -28.3882
-12.9885 4.86413 -31.7212
-16.6195 6.21113 -31.3342

-16.0025 9.86613 -30.2222
-15.5105 12.7201 -32.7622
-14.4825 14.8671 -29.7212
-11.3625 15.2701 -27.5332
-13.0185 14.6941 -24.1472
-10.1835 13.6511 -21.8052
-10.7195 10.4191 -19.7592

-14.2075 10.4561 -18.1192
-13.7865 11.2721 -14.4132
-13.5665 8.09613 -12.3312
-16.8025 8.06313 -10.2452
-16.2645 8.01013 -6.46917
-17.2935 4.61513 -5.08217

-19.7155 4.31413 -2.15717
-17.3775 2.91513 0.549829
-20.0655 3.08313 3.36183
-20.1475 -0.776867 3.49783
-16.3085 -0.786867 4.02883
-14.8085 -0.629867 7.54383

-14.5085 3.13813 8.48783
-10.9795 2.57313 9.94583
-9.7845 1.53313 6.44183
-11.7195 4.24913 4.50483
-10.3905 7.07213 6.79483
-6.7265 5.88413 6.43583

-6.6755 5.88613 2.56983
-4.4335 8.65113 1.16083

-6.0945 10.7561 -1.66217
-4.2195 8.84713 -4.42917
-5.0525 5.46613 -2.75917
-8.7845 6.47113 -2.74817
-8.5505 7.38213 -6.47817
-6.9315 3.91913 -7.07917
-9.7765 2.13913 -5.18117
-12.3515 4.14813 -7.23417
-10.5435 3.22913 -10.5292
-10.4185 -0.476867 -9.54017
-14.1845 -0.444867 -8.69717
-15.0125 1.40713 -11.9902

-12.9615 -1.29087 -13.8972
-15.2025 -3.88787 -12.0952
-12.5005 -5.23587 -9.69517

-10.3405 -6.58287 -12.5992
-6.9445 -4.81787 -12.6622
-3.1975 -4.92387 -12.1462
-2.2835 -2.39487 -9.40417

1.3175 -1.74087 -10.5532

1.8765 1.25313 -8.20017
5.5075 1.66913 -7.04817

6.9635 -0.220867 -4.02717
5.6505 1.02013 -0.641171
2.7785 3.23313 -2.05117
0.305503 1.04513 -0.0171706

-0.832497 -1.58187 -2.59417
-2.0005 -3.85487 0.308829
-4.3515 -1.22187 1.89083
-5.8645 -0.429867 -1.57117
-6.2705 -4.19787 -2.33517
-8.0085 -4.89387 1.03583
-10.4035 -1.93987 0.372829
-11.2355 -3.08087 -3.23017
-11.8345 -6.65887 -1.96217
-13.9435 -5.41587 1.03583
-16.2155 -3.40487 -1.34717

-16.8885 -6.87787 -2.91817

-17.3725 -8.64287 0.555829
-20.8745 -9.79287 -0.655171
-19.0385 -11.8919 -3.36317
-16.6145 -13.8039 -1.01517
-14.9695 -16.3489 -0.255171

-11.7625 -14.3839 -0.937171
-8.5395 -16.0729 -2.15617
-5.2235 -14.2639 -1.42817
-2.1205 -15.6749 -3.20217
1.1825 -14.2929 -1.82217

4.9615 -14.9519 -1.43917
5.5955 -17.7559 1.14183
7.1555 -15.2409 3.66783
4.3225 -12.5759 3.77383

1.2535 -14.8039 4.57783
1.1165 -13.6889 8.24983
1.8575 -10.0379 7.20483
-1.3535 -10.2399 5.08083
-3.4025 -11.8329 7.94983
-2.2565 -9.01587 10.3038
-3.0975 -6.45987 7.54383
-6.7105 -7.82487 7.33483
-7.0705 -7.79587 11.1858
-5.5845 -4.23587 11.2978
-7.8115 -2.74087 8.55283

-11.1095 -4.74487 8.81483
-11.8395 -4.98587 12.6308
-15.3765 -6.14487 11.5228
-13.7525 -9.63687 10.9808
-13.0185 -12.2209 13.6918

-9.6205 -14.0399 13.4318
-11.6265 -17.2559 12.6548
-12.7685 -15.6029 9.36583

-9.0795 -15.7519 8.15083
-7.4935 -19.0599 7.06283
-3.6695 -18.9769 6.65583

-2.6905 -22.0519 4.60983
0.695503 -23.2389 5.94683
0.810503 -26.7729 4.38783
-0.393497 -28.7349 1.30983
-2.7575 -30.7559 3.64483
-4.7765 -27.7439 4.89183
-8.3405 -26.8529 3.73383
-8.0635 -23.9089 1.27583
-11.8045 -23.0379 1.84783
-11.9075 -23.1019 5.70183
-12.0965 -19.2679 6.11083
-14.0685 -16.4019 4.56983

-10.5765 -15.0759 3.61283
-8.0535 -17.7689 2.53983
-4.3245 -16.8339 2.37783
-1.9975 -19.2379 0.461829
1.4825 -19.2309 -1.13417

2.3535 -19.6759 -4.84817
4.2545 -22.9449 -4.05017
1.1785 -24.4819 -2.31217
-1.2885 -23.7049 -5.20317

0.0855033 -26.6509 -7.28517
-0.275497 -29.0089 -4.24217
-3.8315 -27.6759 -3.58017
-5.0025 -27.7509 -7.28617
-7.7195 -30.3509 -6.38117
-9.2315 -27.7719 -3.91317
-8.9435 -24.8299 -6.43617
-12.0595 -26.3689 -8.14717
-14.1765 -24.3869 -5.60017
-15.0825 -21.0729 -7.37317
-13.3555 -18.1709 -5.58317
-15.2245 -15.1509 -7.06517

-12.6925 -12.6129 -5.63317
-8.9245 -13.2339 -5.99617
-5.9955 -11.0809 -4.82317
-2.5055 -12.0459 -6.06517

0.349503 -10.1729 -4.36617
3.6705 -9.80087 -6.27417

1.9455 -11.2879 -9.39417
5.2465 -11.1429 -11.3932
5.7595 -14.6779 -9.88117
3.2375 -15.8019 -12.6012

5.4535 -14.3719 -15.4792
6.1505 -17.8449 -17.0362
3.0985 -19.9189 -18.1612
5.0175 -23.2839 -18.0632
5.6255 -23.0519 -14.2642

3.4605 -25.2049 -11.9332
2.4435 -22.0579 -9.91217
1.1795 -20.3449 -13.1182
-0.574497 -23.5289 -14.4312
-2.4495 -23.8409 -11.0732
-3.3015 -20.0729 -10.7572
-4.4535 -19.2889 -14.3502
-7.6885 -21.4589 -14.4282
-8.9495 -19.7219 -11.2242
-7.9925 -16.2079 -12.4892
-9.8815 -16.7619 -15.8112
-13.1365 -17.8629 -14.0012

-13.0605 -15.5799 -10.8902
-15.3605 -12.4779 -11.1292

-12.8145 -10.0519 -9.52917
-9.0075 -10.2829 -10.0542
-6.7575 -7.85887 -8.13517
-3.1335 -8.39287 -9.24817
-0.415497 -6.45687 -7.33717

3.2725 -5.87087 -8.24417
6.0135 -3.22387 -7.85217
7.7215 -4.63487 -10.9622
5.0095 -6.15787 -13.2572
7.7485 -6.95687 -15.7702
11.1675 -7.89187 -14.3022
13.1905 -7.66287 -17.5812
11.0515 -8.12087 -20.7892

7.5255 -7.52387 -22.3092
6.8665 -11.3319 -22.5262
6.6095 -11.4539 -18.6482
3.3925 -9.30587 -18.8042
1.3835 -11.7819 -20.9532
0.107503 -13.9619 -18.0392
-0.969497 -10.8279 -16.0682
-2.7265 -9.34187 -19.1832
-4.7475 -12.5739 -19.8012
-5.5335 -12.8619 -16.0392
-7.0925 -9.31887 -16.0212

-8.5955 -9.58987 -19.5972
-8.9805 -13.3059 -20.6822
-10.1605 -12.1869 -24.2052
-6.9235 -10.2259 -24.9332
-4.3255 -12.1719 -27.0172
-5.8885 -15.7209 -26.6542
-2.5645 -17.1529 -27.9962

0.910503 -15.9549 -26.8542
2.2925 -15.9579 -30.4572
0.145503 -12.9029 -31.4552
1.4465 -10.9669 -28.3842
5.0465 -12.1349 -29.0932
4.9835 -11.0979 -32.8092
3.7735 -7.56987 -31.8552
5.6085 -6.75587 -28.5672

8.5015 -9.28687 -28.1892
10.1605 -8.80387 -31.6672
9.5125 -12.5129 -32.2832

12.0895 -14.1599 -34.6142
11.8405 -17.5079 -36.4562
15.1205 -19.3509 -35.6992

16.1165 -22.8329 -37.1272
15.0665 -24.3999 -33.7402

11.7105 -22.5069 -33.3332
10.5465 -19.0239 -32.2392
12.6365 -16.5989 -30.1572

10.6255 -14.1279 -27.9632
13.5565 -12.5119 -26.0042
13.2255 -9.18487 -27.8972
11.0065 -6.09787 -27.5512
8.8785 -4.03787 -29.9902
6.1235 -1.34287 -30.0682

6.5835 -0.625867 -26.2932
4.7525 2.77213 -26.3922
1.6525 0.996133 -27.8492
1.9775 -1.71787 -25.1452
2.1585 1.05013 -22.4522
-1.0495 2.68813 -23.8212
-2.8825 -0.706867 -23.9302
-1.7705 -1.52987 -20.3432
-2.8295 1.86813 -18.8562
-6.2315 1.91813 -20.6692
-7.4085 -1.69087 -20.1342

-5.1775 -3.69287 -17.6682

-3.0445 -1.63487 -15.2842
-3.1025 1.25913 -12.8132

0.500503 2.50113 -12.2802
1.8075 5.50213 -10.2912
5.3825 6.33713 -9.31717

6.9085 7.82113 -6.08917
7.5195 11.0251 -8.11117
3.7645 11.2741 -9.01117
2.3245 10.9041 -5.45117

5.1355 11.3991 -2.82917
7.0965 14.6341 -3.66017
8.5105 14.3971 -0.0601706
10.5155 11.1291 -0.476171

14.3145 11.8231 -0.491171
16.0675 11.0891 -3.81517

17.7235 7.71913 -4.55817
21.3395 8.56713 -5.53617
22.8765 5.67713 -7.53817
26.5555 5.17913 -8.48517
28.9175 2.57013 -9.88717
31.9585 1.87513 -7.64617
34.7775 0.321133 -9.70117

36.5575 -1.87987 -7.11017
40.2725 -2.06087 -7.92017

41.2565 -5.29187 -9.84317
44.8715 -4.82087 -8.51517
43.8335 -7.01287 -5.49317

42.7925 -9.80187 -7.97817
45.9305 -11.9829 -7.91217

47.4365 -13.2559 -11.2102
46.1245 -16.8739 -10.6692
42.5025 -15.6759 -10.1182
42.7795 -13.3459 -13.1792
44.2085 -16.1909 -15.3312
41.2705 -18.4079 -14.1462
38.7245 -15.6729 -15.1442
40.5215 -15.2749 -18.5342
40.4345 -19.1009 -18.9652
36.6615 -19.4099 -18.2172
35.9735 -16.3579 -20.4852
37.9285 -18.0339 -23.3722
36.1545 -21.3469 -22.5812
32.6575 -19.7949 -23.1652
33.7485 -18.4639 -26.6362

35.2285 -21.7939 -27.8882
33.3985 -22.8919 -31.0932
33.5395 -26.6719 -30.5582
31.6685 -26.8329 -27.1732
28.0955 -28.0609 -26.6662

25.2995 -25.6739 -25.5122
25.6185 -27.3359 -22.0492
29.4405 -26.8769 -21.7602
28.8895 -23.1749 -22.7312
26.3005 -22.8219 -19.8562
28.6685 -24.6419 -17.4192
31.6175 -22.3499 -18.3762
29.2665 -19.3119 -17.9202
28.2515 -20.5139 -14.3962
31.9665 -21.0949 -13.5892
32.9365 -17.5739 -14.8612
30.1095 -16.0349 -12.7462
31.0645 -17.9839 -9.54817
34.7975 -17.0669 -10.1152
33.7475 -13.3769 -10.4752
32.0965 -13.5659 -7.01517
35.2565 -15.1469 -5.44617
37.5565 -12.5859 -7.17417
35.5575 -9.61187 -5.72817
35.5045 -10.8079 -2.03017
38.7915 -9.05487 -0.893171
37.8545 -5.62187 -2.36517
34.1695 -5.97687 -1.32517
35.5105 -6.52487 2.24583
37.9825 -3.58187 1.85883
35.0555 -1.33087 0.775829
32.7435 -2.48287 3.66583
35.5485 -1.71487 6.17683
36.2025 1.73513 4.55183
32.4535 2.53213 5.02783
32.5805 1.52113 8.75283
35.9055 3.38613 9.34283

34.2475 6.46513 7.65983
31.7675 6.45013 10.6338
28.5985 5.15313 8.84283
25.9045 4.20013 11.3708
23.6515 1.85113 9.24683

23.8705 0.256133 5.76583
22.7025 -2.81987 3.79483
25.0725 -5.18187 1.91983
23.4865 -7.24887 -0.884171
25.1075 -10.4039 -2.35517

23.7255 -13.7049 -3.83217
26.6035 -16.2489 -3.77717

26.7345 -17.9329 -0.324171
30.5975 -17.7309 -0.266171
30.3675 -13.8739 -0.508171
27.7645 -13.6889 2.33583
29.9255 -16.1239 4.42183
33.1905 -14.1419 3.86783
31.5135 -10.7629 4.71383
29.9605 -12.1919 7.95283
33.2965 -13.8249 8.98283
35.2385 -10.5219 8.56283
32.5525 -8.50887 10.4708
32.7705 -11.0999 13.3358
36.6325 -10.8759 13.2208

36.3445 -7.02087 13.4768
33.6765 -7.45287 16.2778
31.0985 -5.49287 14.1758
27.4945 -6.17987 15.2448

25.4915 -7.17087 12.1338
22.4065 -9.13887 10.9678
22.3285 -11.8559 8.25183
19.3265 -12.9569 6.10783

19.5925 -15.6789 3.40983
17.7595 -18.7749 1.99583
18.3375 -20.6919 5.30483
16.9035 -17.9429 7.62083
13.3905 -18.9479 8.80983
10.2275 -16.8519 8.15383
9.8545 -15.7439 11.8418

13.6125 -15.1019 12.4288
13.6035 -12.8769 9.26183
11.0425 -10.5449 10.9258
12.8915 -10.5999 14.3098
16.3275 -9.81187 12.7018
14.5865 -7.04287 10.6788
13.2525 -5.55487 13.9788
16.7295 -5.93787 15.6318
18.3775 -3.92187 12.7638
15.5295 -1.32187 12.8138
15.4555 -0.757867 16.6248

19.0885 -1.42087 17.7588
21.6725 1.36113 17.0728
24.4755 -1.26687 17.5228
23.6645 -3.27087 14.3448
25.6335 -1.28987 11.7238

25.4915 -3.81387 8.81083
22.7315 -5.98487 7.33183
24.1935 -8.84687 5.20183
21.3375 -9.75687 2.82883
20.7635 -12.2849 0.0408294

19.4515 -10.3889 -3.06017
17.0225 -13.2989 -3.76917
15.9595 -14.1479 -0.172171
15.4725 -10.5539 1.19483
13.7505 -9.02487 -1.93817
10.2895 -9.49887 -0.250171
8.2915 -8.54287 2.90083
11.0585 -6.77687 4.89583
11.5075 -3.00487 5.58083
14.9605 -1.46187 6.28983
14.1235 2.27313 6.73583
16.8335 2.60513 9.48883
19.6175 2.54013 6.81583
20.5015 5.34513 4.31883

22.9485 3.26813 2.17683
22.6395 0.104133 0.0348294
25.8065 -1.66287 -1.25017
25.4295 -4.29587 -3.99417

28.5895 -6.41887 -3.55017
27.3805 -8.43887 -6.58117
25.3695 -7.63587 -9.72917
22.1765 -9.60087 -10.5252
21.0905 -10.1549 -14.1922
17.4445 -9.18287 -13.4472

16.9045 -5.40587 -12.7992
13.4315 -5.95387 -11.2362
15.1325 -7.82087 -8.31617
17.7515 -5.02487 -7.90117
14.9145 -2.39687 -7.74717
13.0345 -4.63687 -5.21217
16.2125 -4.64387 -3.03217
16.6865 -0.792867 -3.26417

12.9885 -0.317867 -2.24617
13.6625 -2.16487 1.03783
15.2835 1.11513 2.30283
13.3515 3.63713 0.157829
9.9675 3.14413 1.98183
7.4275 5.31813 3.86483
9.3515 6.26013 7.06183
12.6595 7.03213 5.23983
13.8885 10.6321 5.95383
17.4105 10.5631 4.34083
18.5135 10.5261 0.654829

19.1355 6.84513 -0.168171
22.6255 6.02413 -1.50017
22.8875 2.97313 -3.83517
26.4485 1.72113 -4.57617
26.9525 -0.962867 -7.28817
30.3725 -2.65787 -6.78017
31.9055 -3.67387 -10.1832

35.2945 -5.17387 -11.2052
36.9955 -4.65487 -14.6342
38.1015 -8.01987 -16.1582
35.0785 -9.99487 -14.7402
31.4065 -10.9949 -15.3662

30.3945 -7.41087 -14.2872
31.7135 -6.06687 -17.6712
28.9335 -8.07487 -19.4812
26.2345 -7.99787 -16.7472
26.1985 -4.18387 -16.3272
25.3875 -3.34187 -20.0412
22.8025 -6.22887 -19.9912
21.0935 -4.79187 -16.8472
21.1065 -1.27887 -18.4642
19.4135 -2.36187 -21.7462
16.8125 -4.28687 -19.6312
15.9705 -1.15187 -17.5122
15.6105 0.840133 -20.7842
13.1375 -1.80487 -22.1492
11.2155 -1.53887 -18.8172
11.2305 2.32513 -18.9812
10.0035 2.40913 -22.6512

7.1305 0.0871335 -21.5342
6.3305 2.62913 -18.6892
7.4065 0.0281335 -16.0452
10.4265 1.93513 -14.5692
11.6015 5.55013 -13.9972
15.0595 4.11113 -13.2622
17.5335 5.24713 -15.9072
20.9735 3.57513 -15.4342
22.8585 5.38113 -18.3232

23.8645 8.47013 -16.2412
25.9125 6.28113 -13.7982
28.2595 4.96413 -16.5772
29.1105 8.36113 -18.1362

30.3755 9.32013 -14.6062
32.8605 6.34713 -14.1832

End chain 1
