-13.201 -6.296 -53.957
-10.703 -3.406 -53.291
-9.54 -3.087 -49.639
-11.02 0.322 -48.639
-8.614 1.85 -46.053
-10.787 3.126 -43.162

-9.634 6.195 -41.181
-10.061 4.9 -37.589
-10.286 6.838 -34.306
-12.195 7.103 -30.979
-14.163 9.439 -28.711
-12.619 10.223 -25.263
-14.157 12.207 -22.344

-11.943 15.248 -21.466
-14.301 16.978 -18.949
-17.827 16.65 -17.399
-19.139 18.761 -20.353

-16.752 17.96 -23.312
-15.482 14.956 -25.281
-12.62 14.751 -27.824
-12.437 12.939 -31.204
-8.982 11.264 -31.393
-8.672 10.357 -35.1

-6.282 10.744 -38.079
-6.98 13.557 -40.6
-9.895 13.022 -43.051

-11.208 15.853 -45.293
-14.92 14.856 -45.011
-14.611 14.37 -41.226
-13.015 17.857 -40.827
-15.875 19.254 -42.999
-18.403 17.482 -40.669
-16.559 18.759 -37.515
-16.844 22.341 -38.957

-20.697 21.797 -39.029
-20.861 21.033 -35.24
-22.116 23.933 -33.104
-20.016 23.255 -29.939
-16.791 22.621 -31.971

-13.393 23.436 -30.391
-10.011 22.816 -32.063
-6.805 22.812 -29.99

-3.883 23.919 -32.209
-1.328 22.314 -29.773
-2.753 18.736 -29.691
-4.334 19.137 -33.217

-7.578 17.622 -31.79
-11.313 18.386 -31.995
-13.683 18.544 -28.991
-17.466 19.001 -28.65
-20.131 19.402 -25.91

-21.257 16.038 -24.476
-24.923 16.743 -25.497
-23.731 16.722 -29.178
-22.178 13.179 -28.839
-25.228 11.354 -30.322
-25.57 14.044 -33.093
-21.852 13.682 -34.021
-21.815 9.829 -34.037
-25.045 9.774 -36.128
-23.507 12.176 -38.75
-20.093 10.348 -38.803

-21.793 6.948 -39.527
-22.962 8.546 -42.834
-19.328 9.196 -43.991
-17.677 6.563 -46.261
-14.251 5.2 -45.121

-14.46 6.789 -41.562
-14.765 4.819 -38.279
-15.142 6.964 -35.114
-15.663 4.659 -32.101

-18.218 6.249 -29.657
-17.862 6.903 -25.912
-18.35 3.469 -24.195
-21.794 2.549 -22.772
-20.235 2.829 -19.255
-19.534 6.58 -19.812
-22.964 7.196 -21.431
-24.623 5.531 -18.378
-22.42 7.523 -15.909

-23.028 10.919 -17.654
-26.668 10.153 -18.714
-27.851 13.482 -17.123

-25.214 15.594 -18.963
-26 13.8 -22.296
-29.631 15.147 -21.909

-29.014 18.802 -20.797
-28.522 21.656 -23.337
-27.494 23.803 -20.296
-24.374 24.206 -18.108
-26.03 23.63 -14.722
-23.195 22.587 -12.38
-23.731 19.355 -10.334

-27.219 19.392 -8.694
-26.798 20.208 -4.988
-26.578 17.032 -2.906
-29.814 16.999 -0.82
-29.276 16.946 2.956
-30.305 13.551 4.343

-32.727 13.25 7.268
-30.389 11.851 9.975
-33.077 12.019 12.787
-33.159 8.159 12.923
-29.32 8.149 13.454
-27.82 8.306 16.969

-27.52 12.074 17.913
-23.991 11.509 19.371
-22.796 10.469 15.867
-24.731 13.185 13.93
-23.402 16.008 16.22
-19.738 14.82 15.861

-19.687 14.822 11.995
-17.445 17.587 10.586

-19.106 19.692 7.763
-17.231 17.783 4.996
-18.064 14.402 6.666
-21.796 15.407 6.677
-21.562 16.318 2.947
-19.943 12.855 2.346
-22.788 11.075 4.244
-25.363 13.084 2.191
-23.555 12.165 -1.104
-23.43 8.459 -0.115
-27.196 8.491 0.728
-28.024 10.343 -2.565

-25.973 7.645 -4.472
-28.214 5.048 -2.67
-25.512 3.7 -0.27

-23.352 2.353 -3.174
-19.956 4.118 -3.237
-16.209 4.012 -2.721
-15.295 6.541 0.021

-11.694 7.195 -1.128

-11.135 10.189 1.225
-7.504 10.605 2.377

-6.048 8.715 5.398
-7.361 9.956 8.784
-10.233 12.169 7.374
-12.706 9.981 9.408

-13.844 7.354 6.831
-15.012 5.081 9.734
-17.363 7.714 11.316
-18.876 8.506 7.854
-19.282 4.738 7.09
-21.02 4.042 10.461
-23.415 6.996 9.798
-24.247 5.855 6.195
-24.846 2.277 7.463
-26.955 3.52 10.461
-29.227 5.531 8.078

-29.9 2.058 6.507

-30.384 0.293 9.981
-33.886 -0.857 8.77
-32.05 -2.956 6.062
-29.626 -4.868 8.41
-27.981 -7.413 9.17

-24.774 -5.448 8.488
-21.551 -7.137 7.269
-18.235 -5.328 7.997
-15.132 -6.739 6.223
-11.829 -5.357 7.603

-8.05 -6.016 7.986
-7.416 -8.82 10.567
-5.856 -6.305 13.093
-8.689 -3.64 13.199

-11.758 -5.868 14.003
-11.895 -4.753 17.675
-11.154 -1.102 16.63
-14.365 -1.304 14.506
-16.414 -2.897 17.375
-15.268 -0.08 19.729
-16.109 2.476 16.969
-19.722 1.111 16.76
-20.082 1.14 20.611
-18.596 4.7 20.723
-20.823 6.195 17.978

-24.121 4.191 18.24
-24.851 3.95 22.056
-28.388 2.791 20.948
-26.764 -0.701 20.406
-26.03 -3.285 23.117

-22.632 -5.104 22.857
-24.638 -8.32 22.08
-25.78 -6.667 18.791

-22.091 -6.816 17.576
-20.505 -10.124 16.488
-16.681 -10.041 16.081

-15.702 -13.116 14.035
-12.316 -14.303 15.372
-12.201 -17.837 13.813
-13.405 -19.799 10.735
-15.769 -21.82 13.07
-17.788 -18.808 14.317
-21.352 -17.917 13.159
-21.075 -14.973 10.701
-24.816 -14.102 11.273
-24.919 -14.166 15.127
-25.108 -10.332 15.536
-27.08 -7.466 13.995

-23.588 -6.14 13.038
-21.065 -8.833 11.965
-17.336 -7.898 11.803
-15.009 -10.302 9.887
-11.529 -10.295 8.291

-10.658 -10.74 4.577
-8.757 -14.009 5.375
-11.833 -15.546 7.113
-14.3 -14.769 4.222

-12.926 -17.715 2.14
-13.287 -20.073 5.183
-16.843 -18.74 5.845
-18.014 -18.815 2.139
-20.731 -21.415 3.044
-22.243 -18.836 5.512
-21.955 -15.894 2.989
-25.071 -17.433 1.278
-27.188 -15.451 3.825
-28.094 -12.137 2.052
-26.367 -9.235 3.842
-28.236 -6.215 2.36

-25.704 -3.677 3.792
-21.936 -4.298 3.429
-19.007 -2.145 4.602
-15.517 -3.11 3.36

-12.662 -1.237 5.059
-9.341 -0.865 3.151

-11.066 -2.352 0.031
-7.765 -2.207 -1.968
-7.252 -5.742 -0.456
-9.774 -6.866 -3.176

-7.558 -5.436 -6.054
-6.861 -8.909 -7.611
-9.913 -10.983 -8.736
-7.994 -14.348 -8.638
-7.386 -14.116 -4.839

-9.551 -16.269 -2.508
-10.568 -13.122 -0.487
-11.832 -11.409 -3.693
-13.586 -14.593 -5.006
-15.461 -14.905 -1.648
-16.313 -11.137 -1.332
-17.465 -10.353 -4.925
-20.7 -12.523 -5.003
-21.961 -10.786 -1.799
-21.004 -7.272 -3.064
-22.893 -7.826 -6.386
-26.148 -8.927 -4.576

-26.072 -6.644 -1.465
-28.372 -3.542 -1.704

-25.826 -1.116 -0.104
-22.019 -1.347 -0.629
-19.769 1.077 1.29
-16.145 0.543 0.177
-13.427 2.479 2.088

-15.8599 0.739995 4.33731
-16.1779 -2.37994 6.53563
-16.5654 -4.67261 9.51006
-18.7922 -1.69338 10.6256
-21.9651 0.509022 10.0943
-22.8672 -3.18312 9.3886
-21.4096 -6.24423 10.8896
-21.2057 -3.34572 13.3822

-23.6934 -1.23824 15.3348
-20.9459 0.0689312 17.6121
-18.7912 1.0176 14.6288
-21.6811 2.88178 13.0114
-22.3573 4.81027 16.2155
-18.7001 5.80259 16.5045
-18.6492 7.03142 12.9086
-21.7727 9.12043 13.4763
-20.2701 10.6965 16.5909
-17.0794 11.5772 14.7235
-19.0574 13.1943 11.9101

-20.5604 12.9233 8.3341
-20.9454 9.20734 7.2491
-22.1254 10.3263 3.7261
-18.8884 12.2873 2.9981
-16.2904 10.3413 0.914099
-17.8534 6.79234 1.2771
-14.5294 5.36034 -0.0649008

-11.0544 6.55834 1.0771
-9.67242 6.55534 -2.5259
-11.8194 9.61034 -3.5239
-10.5184 11.5463 -0.452901
-6.91842 10.3783 -1.1619
-6.98142 11.4153 -4.8779
-8.19142 14.9433 -3.9239
-6.35642 15.7573 -0.635901

-3.46342 13.2263 -0.257901
-1.80442 13.7093 -3.7359
-2.45242 10.0003 -4.3519

0.124584 8.35334 -6.6829
-0.124416 5.00534 -8.5249
3.15558 3.16234 -7.7679

4.15158 -0.31966 -9.1959
3.10158 -1.88666 -5.8089

-0.254416 0.00633965 -5.4019
-1.41842 3.48934 -4.3079
0.671584 5.91434 -2.2259

-1.33942 8.38534 -0.0319008
1.59158 10.0013 1.9271
1.26058 13.3283 0.0340992
-0.958416 16.4153 0.380099
-3.08642 18.4753 -2.0589
-5.84142 21.1703 -2.1369

-5.38142 21.8873 1.6381
-7.21242 25.2853 1.5391
-10.3124 23.5093 0.0820992
-9.98742 20.7953 2.7861
-9.80642 23.5633 5.4791
-13.0144 25.2013 4.1101
-14.8474 21.8063 4.0011
-13.7354 20.9833 7.5881
-14.7944 24.3813 9.0751
-18.1964 24.4313 7.2621
-19.3734 20.8223 7.7971

-17.1424 18.8203 10.2631

-15.0094 20.8783 12.6471
-15.0674 23.7723 15.1181

-11.4644 25.0143 15.6511
-10.1574 28.0153 17.6401
-6.58242 28.8503 18.6141

-5.05642 30.3343 21.8421
-4.44542 33.5383 19.8201
-8.20042 33.7873 18.9201
-9.64042 33.4173 22.4801

-6.82942 33.9123 25.1021
-4.86842 37.1473 24.2711
-3.45442 36.9103 27.8711
-1.44942 33.6423 27.4551

2.34958 34.3363 27.4401
4.10258 33.6023 24.1161

5.75858 30.2323 23.3731
9.37458 31.0803 22.3951
10.9116 28.1903 20.3931
14.5906 27.6923 19.4461
16.9526 25.0833 18.0441
19.9936 24.3883 20.2851
22.8126 22.8343 18.2301

24.5926 20.6333 20.8211
28.3076 20.4523 20.0111

29.2916 17.2213 18.0881
32.9066 17.6923 19.4161
31.8686 15.5003 22.4381

30.8276 12.7113 19.9531
33.9656 10.5303 20.0191

35.4716 9.25734 16.7211
34.1596 5.63934 17.2621
30.5376 6.83734 17.8131
30.8146 9.16734 14.7521
32.2436 6.32234 12.6001
29.3056 4.10534 13.7851
26.7596 6.84034 12.7871
28.5566 7.23834 9.3971
28.4696 3.41234 8.9661
24.6966 3.10334 9.7141
24.0086 6.15534 7.4461
25.9636 4.47934 4.5591
24.1896 1.16634 5.3501
20.6926 2.71834 4.7661
21.7836 4.04934 1.2951

23.2636 0.71934 0.0430992
21.4336 -0.37866 -3.1619
21.5746 -4.15866 -2.6269
19.7036 -4.31966 0.758099
16.1306 -5.54766 1.2651

13.3346 -3.16066 2.4191
13.6536 -4.82266 5.8821
17.4756 -4.36366 6.1711
16.9246 -0.66166 5.2001
14.3356 -0.30866 8.0751
16.7036 -2.12866 10.5121
19.6526 0.16334 9.5551
17.3016 3.20134 10.0111
16.2866 1.99934 13.5351
20.0016 1.41834 14.3421
20.9716 4.93934 13.0701
18.1446 6.47834 15.1851
19.0996 4.52934 18.3831
22.8326 5.44634 17.8161
21.7826 9.13634 17.4561
20.1316 8.94734 20.9161
23.2916 7.36634 22.4851
25.5916 9.92734 20.7571
23.5926 12.9013 22.2031
23.5396 11.7053 25.9011
26.8266 13.4583 27.0381
25.8896 16.8913 25.5661
22.2046 16.5363 26.6061
23.5456 15.9883 30.1771
26.0176 18.9313 29.7901
23.0906 21.1823 28.7071
20.7786 20.0303 31.5971
23.5836 20.7983 34.1081
24.2376 24.2483 32.4831
20.4886 25.0453 32.9591
20.6156 24.0343 36.6841
23.9406 25.8993 37.2741

22.2826 28.9783 35.5911
19.8026 28.9633 38.5651
16.6336 27.6663 36.7741
13.9396 26.7133 39.3021
11.6866 24.3643 37.1781

11.9056 22.7693 33.6971
10.7376 19.6933 31.7261
13.1076 17.3313 29.8511
11.5216 15.2643 27.0471
13.1426 12.1093 25.5761

11.7606 8.80834 24.0991
14.6386 6.26434 24.1541

14.7696 4.58034 27.6071
18.6326 4.78234 27.6651
18.4026 8.63934 27.4231
15.7996 8.82434 30.2671
17.9606 6.38934 32.3531
21.2256 8.37134 31.7991
19.5486 11.7503 32.6451
17.9956 10.3213 35.8841
21.3316 8.68834 36.9141
23.2736 11.9913 36.4941
20.5876 14.0043 38.4021
20.8056 11.4133 41.2671
24.6676 11.6373 41.1521

24.3796 15.4923 41.4081
21.7116 15.0603 44.2091
19.1336 17.0203 42.1071
15.5296 16.3333 43.1761

13.5266 15.3423 40.0651
10.4416 13.3743 38.8991
10.3636 10.6573 36.1831
7.36158 9.55634 34.0391

7.62758 6.83434 31.3411
5.79458 3.73834 29.9271
6.37258 1.82134 33.2361
4.93858 4.57034 35.5521
1.42558 3.56534 36.7411
-1.73742 5.66134 36.0851
-2.11042 6.76934 39.7731

1.64758 7.41134 40.3601
1.63858 9.63634 37.1931
-0.922416 11.9683 38.8571
0.926584 11.9133 42.2411
4.36258 12.7013 40.6331
2.62158 15.4703 38.6101
1.28758 16.9583 41.9101
4.76458 16.5753 43.5631
6.41258 18.5913 40.6951
3.56458 21.1913 40.7451
3.49058 21.7553 44.5561

7.12358 21.0923 45.6901
9.70758 23.8743 45.0041
12.5106 21.2463 45.4541
11.6996 19.2423 42.2761
13.6686 21.2233 39.6551

13.5266 18.6993 36.7421
10.7666 16.5283 35.2631
12.2286 13.6663 33.1331
9.37258 12.7563 30.7601
8.79858 10.2283 27.9721

7.48658 12.1243 24.8711
5.05758 9.21434 24.1621
3.99458 8.36534 27.7591
3.50758 11.9593 29.1261
1.78558 13.4883 25.9931
-1.67542 13.0143 27.6811
-3.67342 13.9703 30.8321
-0.906416 15.7363 32.8271
-0.457416 19.5083 33.5121
2.99558 21.0513 34.2211
2.15858 24.7863 34.6671
4.86858 25.1183 37.4201
7.65258 25.0533 34.7471
8.53658 27.8583 32.2501

10.9836 25.7813 30.1081
10.6746 22.6173 27.9661
13.8416 20.8503 26.6811
13.4646 18.2173 23.9371

16.6246 16.0943 24.3811
15.4156 14.0743 21.3501
13.4046 14.8773 18.2021
10.2116 12.9123 17.4061
9.12558 12.3583 13.7391
5.47958 13.3303 14.4841

4.93958 17.1073 15.1321
1.46658 16.5593 16.6951
3.16758 14.6923 19.6151
5.78658 17.4883 20.0301
2.94958 20.1163 20.1841
1.06958 17.8763 22.7191
4.24758 17.8693 24.8991
4.72158 21.7203 24.6671

1.02358 22.1953 25.6851
1.69758 20.3483 28.9691
3.31858 23.6283 30.2341
1.38658 26.1503 28.0891
-1.99742 25.6573 29.9131
-4.53742 27.8313 31.7961
-2.61342 28.7733 34.9931
0.694584 29.5453 33.1711
1.92358 33.1453 33.8851
5.44558 33.0763 32.2721
6.54858 33.0393 28.5861

7.17058 29.3583 27.7631
10.6606 28.5373 26.4311
10.9226 25.4863 24.0961
14.4836 24.2343 23.3551
14.9876 21.5503 20.6431
18.4076 19.8553 21.1511
19.9406 18.8393 17.7481

23.3296 17.3393 16.7261
25.0306 17.8583 13.2971
26.1366 14.4933 11.7731
23.1136 12.5183 13.1911
19.4416 11.5183 12.5651

18.4296 15.1023 13.6441
19.7486 16.4463 10.2601
16.9686 14.4383 8.4501
14.2696 14.5153 11.1841
14.2336 18.3293 11.6041
13.4226 19.1713 7.8901
10.8376 16.2843 7.9401
9.12858 17.7213 11.0841
9.14158 21.2343 9.4671
7.44858 20.1513 6.1851
4.84758 18.2263 8.3001
4.00558 21.3613 10.4191
3.64558 23.3533 7.1471
1.17258 20.7083 5.7821
-0.749416 20.9743 9.1141
-0.734416 24.8383 8.9501
-1.96142 24.9223 5.2801

-4.83442 22.6003 6.3971
-5.63442 25.1423 9.2421
-4.55842 22.5413 11.8861
-1.53842 24.4483 13.3621
-0.363416 28.0633 13.9341
3.09458 26.6243 14.6691
5.56858 27.7603 12.0241
9.00858 26.0883 12.4971
10.8936 27.8943 9.6081

11.8996 30.9833 11.6901
13.9476 28.7943 14.1331
16.2946 27.4773 11.3541
17.1456 30.8743 9.7951

18.4106 31.8333 13.3251
20.8956 28.8603 13.7481

End chain 1
