-13.201 -6.296 -53.957
-10.703 -3.406 -53.291
-9.54 -3.087 -49.639
-11.02 0.322 -48.639
-8.614 1.85 -46.053
-10.787 3.126 -43.162

-9.634 6.195 -41.181
-10.061 4.9 -37.589
-10.286 6.838 -34.306
-12.195 7.103 -30.979
-14.163 9.439 -28.711
-12.619 10.223 -25.263
-14.157 12.207 -22.344

-11.943 15.248 -21.466
-14.301 16.978 -18.949
-17.827 16.65 -17.399
-19.139 18.761 -20.353

-16.752 17.96 -23.312
-15.482 14.956 -25.281
-12.62 14.751 -27.824
-12.437 12.939 -31.204
-8.982 11.264 -31.393
-8.672 10.357 -35.1

-6.282 10.744 -38.079
-6.98 13.557 -40.6
-9.895 13.022 -43.051

-11.208 15.853 -45.293
-14.92 14.856 -45.011
-14.611 14.37 -41.226
-13.015 17.857 -40.827
-15.875 19.254 -42.999
-18.403 17.482 -40.669
-16.559 18.759 -37.515
-16.844 22.341 -38.957

-20.697 21.797 -39.029
-20.861 21.033 -35.24
-22.116 23.933 -33.104
-20.016 23.255 -29.939
-16.791 22.621 -31.971

-13.393 23.436 -30.391
-10.011 22.816 -32.063
-6.805 22.812 -29.99

-3.883 23.919 -32.209
-1.328 22.314 -29.773
-2.753 18.736 -29.691
-4.334 19.137 -33.217

-7.578 17.622 -31.79
-11.313 18.386 -31.995
-13.683 18.544 -28.991
-17.466 19.001 -28.65
-20.131 19.402 -25.91

-21.257 16.038 -24.476
-24.923 16.743 -25.497
-23.731 16.722 -29.178
-22.178 13.179 -28.839
-25.228 11.354 -30.322
-25.57 14.044 -33.093
-21.852 13.682 -34.021
-21.815 9.829 -34.037
-25.045 9.774 -36.128
-23.507 12.176 -38.75
-20.093 10.348 -38.803

-21.793 6.948 -39.527
-22.962 8.546 -42.834
-19.328 9.196 -43.991
-17.677 6.563 -46.261
-14.251 5.2 -45.121

-14.46 6.789 -41.562
-14.765 4.819 -38.279
-15.142 6.964 -35.114
-15.663 4.659 -32.101

-18.218 6.249 -29.657
-17.862 6.903 -25.912
-18.35 3.469 -24.195
-21.794 2.549 -22.772
-20.235 2.829 -19.255
-19.534 6.58 -19.812
-22.964 7.196 -21.431
-24.623 5.531 -18.378
-22.42 7.523 -15.909

-23.028 10.919 -17.654
-26.668 10.153 -18.714
-27.851 13.482 -17.123

-25.214 15.594 -18.963
-26 13.8 -22.296
-29.631 15.147 -21.909

-29.014 18.802 -20.797
-28.522 21.656 -23.337
-27.494 23.803 -20.296
-24.374 24.206 -18.108
-26.03 23.63 -14.722
-23.195 22.587 -12.38
-23.731 19.355 -10.334

-27.219 19.392 -8.694
-26.798 20.208 -4.988
-26.578 17.032 -2.906
-29.814 16.999 -0.82
-29.276 16.946 2.956
-30.305 13.551 4.343

-32.727 13.25 7.268
-30.389 11.851 9.975
-33.077 12.019 12.787
-33.159 8.159 12.923
-29.32 8.149 13.454
-27.82 8.306 16.969

-27.52 12.074 17.913
-23.991 11.509 19.371
-22.796 10.469 15.867
-24.731 13.185 13.93
-23.402 16.008 16.22
-19.738 14.82 15.861

-19.687 14.822 11.995
-17.445 17.587 10.586

-19.106 19.692 7.763
-17.231 17.783 4.996
-18.064 14.402 6.666
-21.796 15.407 6.677
-21.562 16.318 2.947
-19.943 12.855 2.346
-22.788 11.075 4.244
-25.363 13.084 2.191
-23.555 12.165 -1.104
-23.43 8.459 -0.115
-27.196 8.491 0.728
-28.024 10.343 -2.565

-25.8669 8.20554 -4.74854
-24.679 4.95402 -3.07626
-23.2135 1.62398 -2.0654

-20.3451 4.07937 -1.77945
-17.2502 6.36149 -1.66751
-14.9365 8.73196 -3.70568
-16.7892 10.3236 -0.699354

-13.1882 10.9776 -1.84835

-12.6292 13.9716 0.504646
-8.99823 14.3876 1.65665

-7.54223 12.4976 4.67765
-8.85523 13.7386 8.06365
-11.7272 15.9516 6.65365
-14.2002 13.7636 8.68765

-15.3382 11.1366 6.11065
-16.5062 8.86364 9.01365
-18.8572 11.4966 10.5956
-20.3702 12.2886 7.13365
-20.7762 8.52064 6.36965
-22.5142 7.82464 9.74065
-24.9092 10.7786 9.07765
-25.7412 9.63764 5.47465
-26.3402 6.05964 6.74265
-28.4492 7.30264 9.74065
-30.7212 9.31364 7.35765

-31.3942 5.84064 5.78665

-31.8782 4.07564 9.26065
-35.3802 2.92564 8.04965
-33.5442 0.826642 5.34165
-31.1202 -1.08536 7.68965
-29.4752 -3.63036 8.44965

-26.2682 -1.66536 7.76765
-23.0452 -3.35436 6.54865
-19.7292 -1.54536 7.27665
-16.6262 -2.95636 5.50265
-13.3232 -1.57436 6.88265

-9.54423 -2.23336 7.26565
-8.91023 -5.03736 9.84665
-7.35023 -2.52236 12.3726
-10.1832 0.142642 12.4786

-13.2522 -2.08536 13.2826
-13.3892 -0.970358 16.9546
-12.6482 2.68064 15.9096
-15.8592 2.47864 13.7856
-17.9082 0.885642 16.6546
-16.7622 3.70264 19.0086
-17.6032 6.25864 16.2486
-21.2162 4.89364 16.0396
-21.5762 4.92264 19.8906
-20.0902 8.48264 20.0026
-22.3172 9.97764 17.2576

-25.6152 7.97364 17.5196
-26.3452 7.73264 21.3356
-29.8822 6.57364 20.2276
-28.2582 3.08164 19.6856
-27.5242 0.497642 22.3966

-24.1262 -1.32136 22.1366
-26.1322 -4.53736 21.3596
-27.2742 -2.88436 18.0706

-23.5852 -3.03336 16.8556
-21.9992 -6.34136 15.7676
-18.1752 -6.25836 15.3606

-17.1962 -9.33336 13.3146
-13.8102 -10.5204 14.6516
-13.6952 -14.0544 13.0926
-14.8992 -16.0164 10.0146
-17.2632 -18.0374 12.3496
-19.2822 -15.0254 13.5966
-22.8462 -14.1344 12.4386
-22.5692 -11.1904 9.98065
-26.3102 -10.3194 10.5526
-26.4132 -10.3834 14.4066
-26.6022 -6.54936 14.8156
-28.5742 -3.68336 13.2746

-25.0822 -2.35736 12.3176
-22.5592 -5.05036 11.2446
-18.8302 -4.11536 11.0826
-16.5032 -6.51936 9.16665
-13.0232 -6.51236 7.57065

-12.1522 -6.95736 3.85665
-10.2512 -10.2264 4.65465
-13.3272 -11.7634 6.39265
-15.7942 -10.9864 3.50165

-14.4202 -13.9324 1.41965
-14.7812 -16.2904 4.46265
-18.3372 -14.9574 5.12465
-19.5082 -15.0324 1.41865
-22.2252 -17.6324 2.32365
-23.7372 -15.0534 4.79165
-23.4492 -12.1114 2.26865
-26.5652 -13.6504 0.557646
-28.6822 -11.6684 3.10465
-29.5882 -8.35436 1.33165
-27.8612 -5.45236 3.12165
-29.7302 -2.43236 1.63965

-27.1982 0.105642 3.07165
-23.4302 -0.515358 2.70865
-20.5012 1.63764 3.88165
-17.0112 0.672642 2.63965

-14.1562 2.54564 4.33865
-10.8352 2.91764 2.43065

-12.5602 1.43064 -0.689354
-9.25923 1.57564 -2.68835
-8.74623 -1.95936 -1.17635
-11.2682 -3.08336 -3.89635

-9.05223 -1.65336 -6.77435
-8.35523 -5.12636 -8.33135
-11.4072 -7.20036 -9.45635
-9.48823 -10.5654 -9.35835
-8.88023 -10.3334 -5.55935

-11.0452 -12.4864 -3.22835
-12.0622 -9.33936 -1.20735
-13.3262 -7.62636 -4.41335
-15.0802 -10.8104 -5.72635
-16.9552 -11.1224 -2.36835
-17.8072 -7.35436 -2.05235
-18.9592 -6.57036 -5.64535
-22.1942 -8.74036 -5.72335
-23.4552 -7.00336 -2.51935
-22.4982 -3.48936 -3.78435
-24.3872 -4.04336 -7.10635
-27.6422 -5.14436 -5.29635

-27.5662 -2.86136 -2.18535
-29.8662 0.240642 -2.42435

-27.3202 2.66664 -0.824354
-23.5132 2.43564 -1.34935
-21.2632 4.85964 0.569646
-17.6392 4.32564 -0.543354
-14.9212 6.26164 1.36765

-11.2332 6.84764 0.460646
-8.49223 9.49464 0.852646
-6.78423 8.08364 -2.25735
-9.49623 6.56064 -4.55235
-6.75723 5.76164 -7.06535
-3.33823 4.82664 -5.59735
-1.31523 5.05564 -8.87635
-3.45423 4.59764 -12.0844

-6.98023 5.19464 -13.6044
-7.63923 1.38664 -13.8214
-7.89623 1.26464 -9.94335
-11.1132 3.41264 -10.0994
-13.1222 0.936642 -12.2484
-14.3982 -1.24336 -9.33435
-15.4752 1.89064 -7.36335
-17.2322 3.37664 -10.4784
-19.2532 0.144642 -11.0964
-20.0392 -0.143358 -7.33435
-21.5982 3.39964 -7.31635

-23.1012 3.12864 -10.8924
-23.4862 -0.587358 -11.9774
-24.6662 0.531642 -15.5004
-21.4292 2.49264 -16.2284
-18.8312 0.546642 -18.3124
-20.3942 -3.00236 -17.9494
-17.0702 -4.43436 -19.2914

-13.5952 -3.23636 -18.1494
-12.2132 -3.23936 -21.7524
-14.3602 -0.184358 -22.7504
-13.0592 1.75164 -19.6794
-9.45923 0.583642 -20.3884
-9.52223 1.62064 -24.1044
-10.7322 5.14864 -23.1504
-8.89723 5.96264 -19.8624

-6.00423 3.43164 -19.4844
-4.34523 3.91464 -22.9624
-4.99323 0.205642 -23.5784

-2.41623 -1.44136 -25.9094
-2.66523 -4.78936 -27.7514
0.614774 -6.63236 -26.9944

1.61077 -10.1144 -28.4224
0.560774 -11.6814 -25.0354

-2.79523 -9.78836 -24.6284
-3.95923 -6.30536 -23.5344
-1.86923 -3.88036 -21.4524

-3.88023 -1.40936 -19.2584
-0.949226 0.206642 -17.2994
-1.28023 3.53364 -19.1924
-3.49923 6.62064 -18.8464
-5.62723 8.68064 -21.2854
-8.38223 11.3756 -21.3634

-7.92223 12.0926 -17.5884
-9.75323 15.4906 -17.6874
-12.8532 13.7146 -19.1444
-12.5282 11.0006 -16.4404
-12.3472 13.7686 -13.7474
-15.5552 15.4066 -15.1164
-17.3882 12.0116 -15.2254
-16.2762 11.1886 -11.6384
-17.3352 14.5866 -10.1514
-20.7372 14.6366 -11.9644
-21.9142 11.0276 -11.4294

-19.6832 9.02564 -8.96335

-17.5502 11.0836 -6.57935
-17.6082 13.9776 -4.10835

-14.0052 15.2196 -3.57535
-12.6982 18.2206 -1.58635
-9.12323 19.0556 -0.612354

-7.59723 20.5396 2.61565
-6.98623 23.7436 0.593646
-10.7412 23.9926 -0.306354
-12.1812 23.6226 3.25365

-9.37023 24.1176 5.87565
-7.40923 27.3526 5.04465
-5.99523 27.1156 8.64465
-3.99023 23.8476 8.22865

-0.191226 24.5416 8.21365
1.56177 23.8076 4.88965

3.21777 20.4376 4.14665
6.83377 21.2856 3.16865
8.37077 18.3956 1.16665
12.0498 17.8976 0.219646
14.4118 15.2886 -1.18235
17.4528 14.5936 1.05865
20.2718 13.0396 -0.996354

22.0518 10.8386 1.59465
25.7668 10.6576 0.784646

26.7508 7.42664 -1.13835
30.3658 7.89764 0.189646
29.3278 5.70564 3.21165

28.2868 2.91664 0.726646
31.4248 0.735642 0.792646

32.9308 -0.537358 -2.50535
31.6188 -4.15536 -1.96435
27.9968 -2.95736 -1.41335
28.2738 -0.627358 -4.47435
29.7028 -3.47236 -6.62635
26.7648 -5.68936 -5.44135
24.2188 -2.95436 -6.43935
26.0158 -2.55636 -9.82935
25.9288 -6.38236 -10.2604
22.1558 -6.69136 -9.51235
21.4678 -3.63936 -11.7804
23.4228 -5.31536 -14.6674
21.6488 -8.62836 -13.8764
18.1518 -7.07636 -14.4604
19.2428 -5.74536 -17.9314

20.7228 -9.07536 -19.1834
18.8928 -10.1734 -22.3884
19.0338 -13.9534 -21.8534
17.1628 -14.1144 -18.4684
13.5898 -15.3424 -17.9614

10.7938 -12.9554 -16.8074
11.1128 -14.6174 -13.3444
14.9348 -14.1584 -13.0554
14.3838 -10.4564 -14.0264
11.7948 -10.1034 -11.1514
14.1628 -11.9234 -8.71435
17.1118 -9.63136 -9.67135
14.7608 -6.59336 -9.21535
13.7458 -7.79536 -5.69135
17.4608 -8.37636 -4.88435
18.4308 -4.85536 -6.15635
15.6038 -3.31636 -4.04135
16.5588 -5.26536 -0.843354
20.2918 -4.34836 -1.41035
19.2418 -0.658358 -1.77035
17.5908 -0.847358 1.68965
20.7508 -2.42836 3.25865
23.0508 0.132642 1.53065
21.0518 3.10664 2.97665
20.9988 1.91064 6.67465
24.2858 3.66364 7.81165
23.3488 7.09664 6.33965
19.6638 6.74164 7.37965
21.0048 6.19364 10.9506
23.4768 9.13664 10.5636
20.5498 11.3876 9.48065
18.2378 10.2356 12.3706
21.0428 11.0036 14.8816
21.6968 14.4536 13.2566
17.9478 15.2506 13.7326
18.0748 14.2396 17.4576
21.3998 16.1046 18.0476

19.7418 19.1836 16.3646
17.2618 19.1686 19.3386
14.0928 17.8716 17.5476
11.3988 16.9186 20.0756
9.14577 14.5696 17.9516

9.36477 12.9746 14.4706
8.19677 9.89864 12.4996
10.5668 7.53664 10.6246
8.98077 5.46964 7.82065
10.6018 2.31464 6.34965

9.21977 -0.986358 4.87265
12.0978 -3.53036 4.92765

12.2288 -5.21436 8.38065
16.0918 -5.01236 8.43865
15.8618 -1.15536 8.19665
13.2588 -0.970358 11.0406
15.4198 -3.40536 13.1266
18.6848 -1.42336 12.5726
17.0078 1.95564 13.4186
15.4548 0.526642 16.6576
18.7908 -1.10636 17.6876
20.7328 2.19664 17.2676
18.0468 4.20964 19.1756
18.2648 1.61864 22.0406
22.1268 1.84264 21.9256

21.8388 5.69764 22.1816
19.1708 5.26564 24.9826
16.5928 7.22564 22.8806
12.9888 6.53864 23.9496

10.9858 5.54764 20.8386
7.90077 3.57964 19.6726
7.82277 0.862642 16.9566
4.82077 -0.238358 14.8126

5.08677 -2.96036 12.1146
3.25377 -6.05636 10.7006
3.83177 -7.97336 14.0096
2.39777 -5.22436 16.3256
-1.11523 -6.22936 17.5146
-4.27823 -4.13336 16.8586
-4.65123 -3.02536 20.5466

-0.893226 -2.38336 21.1336
-0.902226 -0.158358 17.9666
-3.46323 2.17364 19.6306
-1.61423 2.11864 23.0146
1.82177 2.90664 21.4066
0.0807745 5.67564 19.3836
-1.25323 7.16364 22.6836
2.22377 6.78064 24.3366
3.87177 8.79664 21.4686
1.02377 11.3966 21.5186
0.949774 11.9606 25.3296

4.58277 11.2976 26.4636
7.16677 14.0796 25.7776
9.96977 11.4516 26.2276
9.15877 9.44764 23.0496
11.1278 11.4286 20.4286

10.9858 8.90464 17.5156
8.22577 6.73364 16.0366
9.68777 3.87164 13.9066
6.83177 2.96164 11.5336
6.25777 0.433642 8.74565

4.94577 2.32964 5.64465
2.51677 -0.580358 4.93565
1.45377 -1.42936 8.53265
0.966774 2.16464 9.89965
-0.755226 3.69364 6.76665
-4.21623 3.21964 8.45465
-6.21423 4.17564 11.6056
-3.44723 5.94164 13.6006
-2.99823 9.71364 14.2856
0.454774 11.2566 14.9946
-0.382226 14.9916 15.4406
2.32777 15.3236 18.1936
5.11177 15.2586 15.5206
5.99577 18.0636 13.0236

8.44277 15.9866 10.8816
8.13377 12.8226 8.73965
11.3008 11.0556 7.45465
10.9238 8.42264 4.71065

14.0838 6.29964 5.15465
12.8748 4.27964 2.12365
10.8638 5.08264 -1.02435
7.67077 3.11764 -1.82035
6.58477 2.56364 -5.48735
2.93877 3.53564 -4.74235

2.39877 7.31264 -4.09435
-1.07423 6.76464 -2.53135
0.626774 4.89764 0.388646
3.24577 7.69364 0.803646
0.408774 10.3216 0.957646
-1.47123 8.08164 3.49265
1.70677 8.07464 5.67265
2.18077 11.9256 5.44065

-1.51723 12.4006 6.45865
-0.843226 10.5536 9.74265
0.777774 13.8336 11.0076
-1.15423 16.3556 8.86265
-4.53823 15.8626 10.6866
-7.07823 18.0366 12.5696
-5.15423 18.9786 15.7666
-1.84623 19.7506 13.9446
-0.617226 23.3506 14.6586
2.90477 23.2816 13.0456
4.00777 23.2446 9.35965

4.62977 19.5636 8.53665
8.11977 18.7426 7.20465
8.38177 15.6916 4.86965
11.9428 14.4396 4.12865
12.4468 11.7556 1.41665
15.8668 10.0606 1.92465
17.3998 9.04464 -1.47835

20.7888 7.54464 -2.50035
22.4898 8.06364 -5.92935
23.5958 4.69864 -7.45335
20.5728 2.72364 -6.03535
16.9008 1.72364 -6.66135

15.8888 5.30764 -5.58235
17.2078 6.65164 -8.96635
14.4278 4.64364 -10.7764
11.7288 4.72064 -8.04235
11.6928 8.53464 -7.62235
10.8818 9.37664 -11.3364
8.29677 6.48964 -11.2864
6.58777 7.92664 -8.14235
6.60077 11.4396 -9.75935
4.90777 10.3566 -13.0414
2.30677 8.43164 -10.9264
1.46477 11.5666 -8.80735
1.10477 13.5586 -12.0794
-1.36823 10.9136 -13.4444
-3.29023 11.1796 -10.1124
-3.27523 15.0436 -10.2764
-4.50223 15.1276 -13.9464

-7.37523 12.8056 -12.8294
-8.17523 15.3476 -9.98435
-7.09923 12.7466 -7.34035
-4.07923 14.6536 -5.86435
-2.90423 18.2686 -5.29235
0.553774 16.8296 -4.55735
3.02777 17.9656 -7.20235
6.46777 16.2936 -6.72935
8.35277 18.0996 -9.61835

9.35877 21.1886 -7.53635
11.4068 18.9996 -5.09335
13.7538 17.6826 -7.87235
14.6048 21.0796 -9.43135

15.8698 22.0386 -5.90135
18.3548 19.0656 -5.47835

End chain 1
