-13.201 -6.296 -53.957
-10.703 -3.406 -53.291
-9.54 -3.087 -49.639
-11.02 0.322 -48.639
-8.614 1.85 -46.053
-10.787 3.126 -43.162

-9.634 6.195 -41.181
-10.061 4.9 -37.589
-10.286 6.838 -34.306
-12.195 7.103 -30.979
-14.163 9.439 -28.711
-12.619 10.223 -25.263
-14.157 12.207 -22.344

-11.943 15.248 -21.466
-14.301 16.978 -18.949
-17.827 16.65 -17.399
-19.139 18.761 -20.353

-16.752 17.96 -23.312
-15.482 14.956 -25.281
-12.62 14.751 -27.824
-12.437 12.939 -31.204
-8.982 11.264 -31.393
-8.672 10.357 -35.1

-6.282 10.744 -38.079
-6.98 13.557 -40.6
-9.895 13.022 -43.051

-11.208 15.853 -45.293
-14.92 14.856 -45.011
-14.611 14.37 -41.226
-13.015 17.857 -40.827
-15.875 19.254 -42.999
-18.403 17.482 -40.669
-16.559 18.759 -37.515
-16.844 22.341 -38.957

-20.697 21.797 -39.029
-20.861 21.033 -35.24
-22.116 23.933 -33.104
-20.016 23.255 -29.939
-16.791 22.621 -31.971

-13.393 23.436 -30.391
-10.011 22.816 -32.063
-6.805 22.812 -29.99

-3.883 23.919 -32.209
-1.328 22.314 -29.773
-2.753 18.736 -29.691
-4.334 19.137 -33.217

-7.578 17.622 -31.79
-11.313 18.386 -31.995
-13.683 18.544 -28.991
-17.466 19.001 -28.65
-20.131 19.402 -25.91

-21.257 16.038 -24.476
-24.923 16.743 -25.497
-23.731 16.722 -29.178
-22.178 13.179 -28.839
-25.228 11.354 -30.322
-25.57 14.044 -33.093
-21.852 13.682 -34.021
-21.815 9.829 -34.037
-25.045 9.774 -36.128
-23.507 12.176 -38.75
-20.093 10.348 -38.803

-21.793 6.948 -39.527
-22.962 8.546 -42.834
-19.328 9.196 -43.991
-17.677 6.563 -46.261
-14.251 5.2 -45.121

-14.46 6.789 -41.562
-14.765 4.819 -38.279
-15.142 6.964 -35.114
-15.663 4.659 -32.101

-18.218 6.249 -29.657
-17.862 6.903 -25.912
-18.35 3.469 -24.195
-21.794 2.549 -22.772
-20.235 2.829 -19.255
-19.534 6.58 -19.812
-22.964 7.196 -21.431
-24.623 5.531 -18.378
-22.42 7.523 -15.909

-23.028 10.919 -17.654
-26.668 10.153 -18.714
-27.851 13.482 -17.123

-25.214 15.594 -18.963
-26 13.8 -22.296
-29.631 15.147 -21.909

-29.014 18.802 -20.797
-28.522 21.656 -23.337
-27.494 23.803 -20.296
-24.374 24.206 -18.108
-26.03 23.63 -14.722
-23.195 22.587 -12.38
-23.731 19.355 -10.334

-27.219 19.392 -8.694
-26.798 20.208 -4.988
-26.578 17.032 -2.906
-29.814 16.999 -0.82
-29.276 16.946 2.956
-30.305 13.551 4.343

-32.727 13.25 7.268
-30.389 11.851 9.975
-33.077 12.019 12.787
-33.159 8.159 12.923
-29.32 8.149 13.454
-27.82 8.306 16.969

-27.52 12.074 17.913
-23.991 11.509 19.371
-22.796 10.469 15.867
-24.731 13.185 13.93
-23.402 16.008 16.22
-19.738 14.82 15.861

-19.687 14.822 11.995
-17.445 17.587 10.586

-19.106 19.692 7.763
-17.231 17.783 4.996
-18.064 14.402 6.666
-21.796 15.407 6.677
-21.562 16.318 2.947
-19.943 12.855 2.346
-22.788 11.075 4.244
-25.363 13.084 2.191
-23.555 12.165 -1.104
-23.43 8.459 -0.115
-27.196 8.491 0.728
-28.024 10.343 -2.565

-25.973 7.645 -4.472
-28.214 5.048 -2.67
-25.512 3.7 -0.27

-23.352 2.353 -3.174
-19.956 4.118 -3.237
-16.209 4.012 -2.721
-15.295 6.541 0.021

-11.694 7.195 -1.128

-11.135 10.189 1.225
-7.504 10.605 2.377

-6.048 8.715 5.398
-7.361 9.956 8.784
-10.233 12.169 7.374
-12.706 9.981 9.408

-13.844 7.354 6.831
-15.012 5.081 9.734
-17.363 7.714 11.316
-18.876 8.506 7.854
-19.282 4.738 7.09
-21.02 4.042 10.461
-23.415 6.996 9.798
-24.247 5.855 6.195
-24.846 2.277 7.463
-26.955 3.52 10.461
-29.227 5.531 8.078

-29.9 2.058 6.507

-30.384 0.293 9.981
-33.886 -0.857 8.77
-32.05 -2.956 6.062
-29.626 -4.868 8.41
-27.981 -7.413 9.17

-24.774 -5.448 8.488
-21.551 -7.137 7.269
-18.235 -5.328 7.997
-15.132 -6.739 6.223
-11.829 -5.357 7.603

-8.05 -6.016 7.986
-7.416 -8.82 10.567
-5.856 -6.305 13.093
-8.689 -3.64 13.199

-11.758 -5.868 14.003
-11.895 -4.753 17.675
-11.154 -1.102 16.63
-14.365 -1.304 14.506
-16.414 -2.897 17.375
-15.268 -0.08 19.729
-16.109 2.476 16.969
-19.722 1.111 16.76
-20.082 1.14 20.611
-18.596 4.7 20.723
-20.823 6.195 17.978

-24.121 4.191 18.24
-24.851 3.95 22.056
-28.388 2.791 20.948
-26.764 -0.701 20.406
-26.03 -3.285 23.117

-22.632 -5.104 22.857
-24.638 -8.32 22.08
-25.78 -6.667 18.791

-22.091 -6.816 17.576
-20.505 -10.124 16.488
-16.681 -10.041 16.081

-15.702 -13.116 14.035
-12.316 -14.303 15.372
-12.201 -17.837 13.813
-13.405 -19.799 10.735
-15.769 -21.82 13.07
-17.788 -18.808 14.317
-21.352 -17.917 13.159
-21.075 -14.973 10.701
-24.816 -14.102 11.273
-24.919 -14.166 15.127
-25.108 -10.332 15.536
-27.08 -7.466 13.995

-23.588 -6.14 13.038
-21.065 -8.833 11.965
-17.336 -7.898 11.803
-15.009 -10.302 9.887
-11.529 -10.295 8.291

-10.658 -10.74 4.577
-8.757 -14.009 5.375
-11.833 -15.546 7.113
-14.3 -14.769 4.222

-12.926 -17.715 2.14
-13.287 -20.073 5.183
-16.843 -18.74 5.845
-18.014 -18.815 2.139
-20.731 -21.415 3.044
-22.243 -18.836 5.512
-21.955 -15.894 2.989
-25.071 -17.433 1.278
-27.188 -15.451 3.825
-28.094 -12.137 2.052
-26.367 -9.235 3.842
-28.236 -6.215 2.36

-25.704 -3.677 3.792
-21.936 -4.298 3.429
-19.007 -2.145 4.602
-15.517 -3.11 3.36

-12.662 -1.237 5.059
-9.341 -0.865 3.151

-11.066 -2.352 0.031
-7.765 -2.207 -1.968
-7.252 -5.742 -0.456
-9.774 -6.866 -3.176

-7.558 -5.436 -6.054
-6.861 -8.909 -7.611
-9.913 -10.983 -8.736
-7.994 -14.348 -8.638
-7.386 -14.116 -4.839

-9.551 -16.269 -2.508
-10.568 -13.122 -0.487
-11.832 -11.409 -3.693
-13.586 -14.593 -5.006
-15.461 -14.905 -1.648
-16.313 -11.137 -1.332
-17.465 -10.353 -4.925
-20.7 -12.523 -5.003
-21.961 -10.786 -1.799
-21.004 -7.272 -3.064
-22.893 -7.826 -6.386
-26.148 -8.927 -4.576

-26.072 -6.644 -1.465
-28.372 -3.542 -1.704

-25.826 -1.116 -0.104
-22.019 -1.347 -0.629
-19.769 1.077 1.29
-16.145 0.543 0.177
-13.427 2.479 2.088

-9.739 3.065 1.181
-6.998 5.712 1.573
-5.29 4.301 -1.537
-8.002 2.778 -3.832
-5.263 1.979 -6.345
-1.844 1.044 -4.877
0.179 1.273 -8.156
-1.96 0.815 -11.364

-5.486 1.412 -12.884
-6.145 -2.396 -13.101
-6.402 -2.518 -9.223
-9.619 -0.37 -9.379
-11.628 -2.846 -11.528
-12.904 -5.026 -8.614
-13.981 -1.892 -6.643
-15.738 -0.406 -9.758
-17.759 -3.638 -10.376
-18.545 -3.926 -6.614
-20.104 -0.383 -6.596

-22.1996 -0.14594 -9.86801
-19.5726 1.85913 -11.7617
-16.7732 4.0345 -13.3037
-14.1684 2.40576 -15.4891
-11.5586 0.200822 -13.7462
-14.8202 -1.22139 -12.3763
-18.1135 -2.8732 -11.3719

-20.8098 -5.54051 -11.1307
-22.5342 -3.67891 -8.30163
-22.5096 -0.43946 -10.2886
-24.0189 -2.17167 -13.3159
-26.7844 -3.68416 -11.1928
-27.6122 -0.295597 -9.6845
-27.8066 1.29837 -13.129
-30.1421 -1.43206 -14.3672

-27.2491 -3.96306 -13.9892
-25.5901 -3.48006 -17.4672
-26.2381 -7.18906 -18.0832

-23.6611 -8.83606 -20.4142
-23.9101 -12.1841 -22.2562
-20.6301 -14.0271 -21.4992

-19.6341 -17.5091 -22.9272
-20.6841 -19.0761 -19.5402

-24.0401 -17.1831 -19.1332
-25.2041 -13.7001 -18.0392
-23.1141 -11.2751 -15.9572

-25.1251 -8.80406 -13.7632
-22.1941 -7.18806 -11.8042
-22.5251 -3.86106 -13.6972
-24.7441 -0.774057 -13.3512
-26.8721 1.28594 -15.7902
-29.6271 3.98094 -15.8682

-29.1671 4.69794 -12.0932
-30.9981 8.09594 -12.1922
-34.0981 6.31994 -13.6492
-33.7731 3.60594 -10.9452
-33.5921 6.37394 -8.2522
-36.8001 8.01194 -9.6212
-38.6331 4.61694 -9.7302
-37.5211 3.79394 -6.1432
-38.5801 7.19194 -4.6562
-41.9821 7.24194 -6.4692
-43.1591 3.63294 -5.9342

-40.9281 1.63094 -3.4682

-38.7951 3.68894 -1.0842
-38.8531 6.58294 1.3868

-35.2501 7.82494 1.9198
-33.9431 10.8259 3.9088
-30.3681 11.6609 4.8828

-28.8421 13.1449 8.1108
-28.2311 16.3489 6.0888
-31.9861 16.5979 5.1888
-33.4261 16.2279 8.7488

-30.6151 16.7229 11.3708
-28.6541 19.9579 10.5398
-27.2401 19.7209 14.1398
-25.2351 16.4529 13.7238

-21.4361 17.1469 13.7088
-19.6831 16.4129 10.3848

-18.0271 13.0429 9.6418
-14.4111 13.8909 8.6638
-12.8741 11.0009 6.6618
-9.19505 10.5029 5.7148
-6.83305 7.89394 4.3128
-3.79205 7.19894 6.5538
-0.973052 5.64494 4.4988

0.806948 3.44394 7.0898
4.52195 3.26294 6.2798

5.50595 0.0319428 4.3568
9.12095 0.502943 5.6848
8.08295 -1.68906 8.7068

7.04195 -4.47806 6.2218
10.1799 -6.65906 6.2878

11.6859 -7.93206 2.9898
10.3739 -11.5501 3.5308
6.75195 -10.3521 4.0818
7.02895 -8.02206 1.0208
8.45795 -10.8671 -1.1312
5.51995 -13.0841 0.0538015
2.97395 -10.3491 -0.944199
4.77095 -9.95106 -4.3342
4.68395 -13.7771 -4.7652
0.910948 -14.0861 -4.0172
0.222948 -11.0341 -6.2852
2.17795 -12.7101 -9.1722
0.403948 -16.0231 -8.3812
-3.09305 -14.4711 -8.9652
-2.00205 -13.1401 -12.4362

-0.522052 -16.4701 -13.6882
-2.35205 -17.5681 -16.8932
-2.21105 -21.3481 -16.3582
-4.08205 -21.5091 -12.9732
-7.65505 -22.7371 -12.4662

-10.4511 -20.3501 -11.3122
-10.1321 -22.0121 -7.8492
-6.31005 -21.5531 -7.5602
-6.86105 -17.8511 -8.5312
-9.45005 -17.4981 -5.6562
-7.08205 -19.3181 -3.2192
-4.13305 -17.0261 -4.1762
-6.48405 -13.9881 -3.7202
-7.49905 -15.1901 -0.196199
-3.78405 -15.7711 0.610801
-2.81405 -12.2501 -0.661199
-5.64105 -10.7111 1.4538
-4.68605 -12.6601 4.6518
-0.953052 -11.7431 4.0848
-2.00305 -8.05306 3.7248
-3.65405 -8.24206 7.1848
-0.494052 -9.82306 8.7538
1.80595 -7.26206 7.0258
-0.193052 -4.28806 8.4718
-0.246052 -5.48406 12.1698
3.04095 -3.73106 13.3068
2.10395 -0.298057 11.8348
-1.58105 -0.653057 12.8748
-0.240052 -1.20106 16.4458
2.23195 1.74194 16.0588
-0.695052 3.99294 14.9758
-3.00705 2.84094 17.8658
-0.202052 3.60894 20.3768
0.451948 7.05894 18.7518
-3.29705 7.85594 19.2278
-3.17005 6.84494 22.9528
0.154948 8.70994 23.5428

-1.50305 11.7889 21.8598
-3.98305 11.7739 24.8338
-7.15205 10.4769 23.0428
-9.84605 9.52394 25.5708
-12.0991 7.17494 23.4468

-11.8801 5.57994 19.9658
-13.0481 2.50394 17.9948
-10.6781 0.141943 16.1198
-12.2641 -1.92506 13.3158
-10.6431 -5.08006 11.8448

-12.0251 -8.38106 10.3678
-9.14705 -10.9251 10.4228

-9.01605 -12.6091 13.8758
-5.15305 -12.4071 13.9338
-5.38305 -8.55006 13.6918
-7.98605 -8.36506 16.5358
-5.82505 -10.8001 18.6218
-2.56005 -8.81806 18.0678
-4.23705 -5.43906 18.9138
-5.79005 -6.86806 22.1528
-2.45405 -8.50106 23.1828
-0.512052 -5.19806 22.7628
-3.19805 -3.18506 24.6708
-2.98005 -5.77606 27.5358
0.881948 -5.55206 27.4208

0.593948 -1.69706 27.6768
-2.07405 -2.12906 30.4778
-4.65205 -0.169057 28.3758
-8.25605 -0.856057 29.4448

-10.2591 -1.84706 26.3338
-13.3441 -3.81506 25.1678
-13.4221 -6.53206 22.4518
-16.4241 -7.63306 20.3078

-16.1581 -10.3551 17.6098
-17.9911 -13.4511 16.1958
-17.4131 -15.3681 19.5048
-18.8471 -12.6191 21.8208
-22.3601 -13.6241 23.0098
-25.5231 -11.5281 22.3538
-25.8961 -10.4201 26.0418

-22.1381 -9.77806 26.6288
-22.1471 -7.55306 23.4618
-24.7081 -5.22106 25.1258
-22.8591 -5.27606 28.5098
-19.4231 -4.48806 26.9018
-21.1641 -1.71906 24.8788
-22.4981 -0.231057 28.1788
-19.0211 -0.614057 29.8318
-17.3731 1.40194 26.9638
-20.2211 4.00194 27.0138
-20.2951 4.56594 30.8248

-16.6621 3.90294 31.9588
-14.0781 6.68494 31.2728
-11.2751 4.05694 31.7228
-12.0861 2.05294 28.5448
-10.1171 4.03394 25.9238

-10.2591 1.50994 23.0108
-13.0191 -0.661057 21.5318
-11.5571 -3.52306 19.4018
-14.4131 -4.43306 17.0288
-14.9871 -6.96106 14.2408

-16.2991 -5.06506 11.1398
-18.7281 -7.97506 10.4308
-19.7911 -8.82406 14.0278
-20.2781 -5.23006 15.3948
-22.0001 -3.70106 12.2618
-25.4611 -4.17506 13.9498
-27.4591 -3.21906 17.1008
-24.6921 -1.45306 19.0958
-24.2431 2.31894 19.7808
-20.7901 3.86194 20.4898
-21.6271 7.59694 20.9358
-18.9171 7.92894 23.6888
-16.1331 7.86394 21.0158
-15.2491 10.6689 18.5188

-12.8021 8.59194 16.3768
-13.1111 5.42794 14.2348
-9.94405 3.66094 12.9498
-10.3211 1.02794 10.2058

-7.16105 -1.09506 10.6498
-8.37005 -3.11506 7.6188
-10.3811 -2.31206 4.4708
-13.5741 -4.27706 3.6748
-14.6601 -4.83106 0.00780146
-18.3061 -3.85906 0.752801

-18.8461 -0.0820572 1.4008
-22.3191 -0.630057 2.9638
-20.6181 -2.49706 5.8838
-17.9991 0.298943 6.2988
-20.8361 2.92694 6.4528
-22.7161 0.686943 8.9878
-19.5381 0.679943 11.1678
-19.0641 4.53094 10.9358

-22.7621 5.00594 11.9538
-22.0881 3.15894 15.2378
-20.4671 6.43894 16.5028
-22.3991 8.96094 14.3578
-25.7831 8.46794 16.1818
-28.3231 10.6419 18.0648
-26.3991 11.5839 21.2618
-23.0911 12.3559 19.4398
-21.8621 15.9559 20.1538
-18.3401 15.8869 18.5408
-17.2371 15.8499 14.8548

-16.6151 12.1689 14.0318
-13.1251 11.3479 12.6998
-12.8631 8.29694 10.3648
-9.30205 7.04494 9.6238
-8.79805 4.36094 6.9118
-5.37805 2.66594 7.4198
-3.84505 1.64994 4.0168

-0.456052 0.149943 2.9948
1.24495 0.668943 -0.434199
2.35095 -2.69606 -1.9582
-0.672052 -4.67106 -0.540199
-4.34405 -5.67106 -1.1662

-5.35605 -2.08706 -0.0871985
-4.03705 -0.743057 -3.4712
-6.81705 -2.75106 -5.2812
-9.51605 -2.67406 -2.5472
-9.55205 1.13994 -2.1272
-10.3631 1.98194 -5.8412
-12.9481 -0.905057 -5.7912
-14.6571 0.531943 -2.6472
-14.6441 4.04494 -4.2642
-16.3371 2.96194 -7.5462
-18.9381 1.03694 -5.4312
-19.7801 4.17194 -3.3122
-20.1401 6.16394 -6.5842
-22.6131 3.51894 -7.9492
-24.5351 3.78494 -4.6172
-24.5201 7.64894 -4.7812
-25.7471 7.73294 -8.4512

-28.6201 5.41094 -7.3342
-29.4201 7.95294 -4.4892
-28.3441 5.35194 -1.8452
-25.3241 7.25894 -0.369199
-24.1491 10.8739 0.202801
-20.6911 9.43494 0.937801
-18.2171 10.5709 -1.7072
-14.7771 8.89894 -1.2342
-12.8921 10.7049 -4.1232

-11.8861 13.7939 -2.0412
-9.83805 11.6049 0.401801
-7.49105 10.2879 -2.3772
-6.64005 13.6849 -3.9362

-5.37505 14.6439 -0.406199
-2.89005 11.6709 0.0168015

End chain 1
