-13.201 -6.296 -53.957
-10.703 -3.406 -53.291
-9.54 -3.087 -49.639
-11.02 0.322 -48.639
-8.614 1.85 -46.053
-10.787 3.126 -43.162

-9.634 6.195 -41.181
-10.061 4.9 -37.589
-10.286 6.838 -34.306
-12.195 7.103 -30.979
-14.163 9.439 -28.711
-12.619 10.223 -25.263
-14.157 12.207 -22.344

-11.943 15.248 -21.466
-14.301 16.978 -18.949
-17.827 16.65 -17.399
-19.139 18.761 -20.353

-16.752 17.96 -23.312
-15.482 14.956 -25.281
-12.62 14.751 -27.824
-12.437 12.939 -31.204
-8.982 11.264 -31.393
-8.672 10.357 -35.1

-6.282 10.744 -38.079
-6.98 13.557 -40.6
-9.895 13.022 -43.051

-11.208 15.853 -45.293
-14.92 14.856 -45.011
-14.611 14.37 -41.226
-13.015 17.857 -40.827
-15.875 19.254 -42.999
-18.403 17.482 -40.669
-16.559 18.759 -37.515
-16.844 22.341 -38.957

-20.697 21.797 -39.029
-20.861 21.033 -35.24
-22.116 23.933 -33.104
-20.016 23.255 -29.939
-16.791 22.621 -31.971

-13.393 23.436 -30.391
-10.011 22.816 -32.063
-6.805 22.812 -29.99

-3.883 23.919 -32.209
-1.328 22.314 -29.773
-2.753 18.736 -29.691
-4.334 19.137 -33.217

-7.578 17.622 -31.79
-11.313 18.386 -31.995
-13.683 18.544 -28.991
-17.466 19.001 -28.65
-20.131 19.402 -25.91

-21.257 16.038 -24.476
-24.923 16.743 -25.497
-23.731 16.722 -29.178
-22.178 13.179 -28.839
-25.228 11.354 -30.322
-25.57 14.044 -33.093
-21.852 13.682 -34.021
-21.815 9.829 -34.037
-25.045 9.774 -36.128
-23.507 12.176 -38.75
-20.093 10.348 -38.803

-21.793 6.948 -39.527
-22.962 8.546 -42.834
-19.328 9.196 -43.991
-17.677 6.563 -46.261
-14.251 5.2 -45.121

-14.46 6.789 -41.562
-14.765 4.819 -38.279
-15.142 6.964 -35.114
-15.663 4.659 -32.101

-18.218 6.249 -29.657
-17.862 6.903 -25.912
-18.35 3.469 -24.195
-21.794 2.549 -22.772
-20.235 2.829 -19.255
-19.534 6.58 -19.812
-22.964 7.196 -21.431
-24.623 5.531 -18.378
-22.42 7.523 -15.909

-23.028 10.919 -17.654
-26.668 10.153 -18.714
-27.851 13.482 -17.123

-25.214 15.594 -18.963
-26 13.8 -22.296
-29.631 15.147 -21.909

-29.014 18.802 -20.797
-28.522 21.656 -23.337
-27.494 23.803 -20.296
-24.374 24.206 -18.108
-26.03 23.63 -14.722
-23.195 22.587 -12.38
-23.731 19.355 -10.334

-27.219 19.392 -8.694
-26.798 20.208 -4.988
-26.578 17.032 -2.906
-29.814 16.999 -0.82
-29.276 16.946 2.956
-30.305 13.551 4.343

-32.727 13.25 7.268
-30.389 11.851 9.975
-33.077 12.019 12.787
-33.159 8.159 12.923
-29.32 8.149 13.454
-27.82 8.306 16.969

-27.52 12.074 17.913
-23.991 11.509 19.371
-22.796 10.469 15.867
-24.731 13.185 13.93
-23.402 16.008 16.22
-19.738 14.82 15.861

-19.687 14.822 11.995
-17.445 17.587 10.586

-19.106 19.692 7.763
-17.231 17.783 4.996
-18.064 14.402 6.666
-21.796 15.407 6.677
-21.562 16.318 2.947
-19.943 12.855 2.346
-22.788 11.075 4.244
-25.363 13.084 2.191
-23.555 12.165 -1.104
-23.43 8.459 -0.115
-27.196 8.491 0.728
-28.024 10.343 -2.565

-25.973 7.645 -4.472
-28.214 5.048 -2.67
-25.512 3.7 -0.27

-23.352 2.353 -3.174
-19.956 4.118 -3.237
-16.209 4.012 -2.721
-15.295 6.541 0.021

-11.694 7.195 -1.128

-11.135 10.189 1.225
-7.504 10.605 2.377

-7.91661 10.5213 -1.43049
-8.39965 10.67 -5.13937
-10.6959 8.17104 -6.76049
-12.2269 10.1174 -3.83942

-12.1619 13.8009 -2.90657
-9.55019 13.1735 -0.218035
-7.35576 11.2594 -2.66005
-7.57403 14.0696 -5.20912
-6.59971 16.6485 -2.59324
-3.59593 14.5774 -1.52999
-2.43687 14.2318 -5.13277
-2.7145 17.9818 -5.68356
-0.685741 18.6902 -2.54903
2.03858 16.2803 -3.65072
2.23301 17.9141 -7.07648

1.56001 14.4411 -8.64748

1.07601 12.6761 -5.17348
-2.42599 11.5261 -6.38448
-0.589994 9.42714 -9.09248
1.83401 7.51514 -6.74448
3.47901 4.97014 -5.98448

6.68601 6.93514 -6.66648
9.90901 5.24614 -7.88548
13.225 7.05514 -7.15748
16.328 5.64414 -8.93148
19.631 7.02614 -7.55148

23.41 6.36714 -7.16848
24.044 3.56314 -4.58748
25.604 6.07814 -2.06148
22.771 8.74314 -1.95548

19.702 6.51514 -1.15148
19.565 7.63014 2.52052
20.306 11.2811 1.47552
17.095 11.0791 -0.64848
15.046 9.48614 2.22052
16.192 12.3031 4.57452
15.351 14.8591 1.81452
11.738 13.4941 1.60552
11.378 13.5231 5.45652
12.864 17.0831 5.56852
10.637 18.5781 2.82352

7.33901 16.5741 3.08552
6.60901 16.3331 6.90152
3.07201 15.1741 5.79352
4.69601 11.6821 5.25152
5.43001 9.09814 7.96252

8.82801 7.27914 7.70252
6.82201 4.06314 6.92552
5.68001 5.71614 3.63652

9.36901 5.56714 2.42152
10.955 2.25914 1.33352
14.779 2.34214 0.92652

15.758 -0.732856 -1.11948
19.144 -1.91986 0.21752
19.259 -5.45386 -1.34148
18.055 -7.41586 -4.41948
15.691 -9.43686 -2.08448
13.672 -6.42486 -0.83748
10.108 -5.53386 -1.99548
10.385 -2.58986 -4.45348
6.64401 -1.71886 -3.88148
6.54101 -1.78286 -0.0274799
6.35201 2.05114 0.38152
4.38001 4.91714 -1.15948

7.87201 6.24314 -2.11648
10.395 3.55014 -3.18948
14.124 4.48514 -3.35148
16.451 2.08114 -5.26748
19.931 2.08814 -6.86348

20.802 1.64314 -10.5775
22.703 -1.62586 -9.77948
19.627 -3.16286 -8.04148
17.16 -2.38586 -10.9325

18.534 -5.33186 -13.0145
18.173 -7.68986 -9.97148
14.617 -6.35686 -9.30948
13.446 -6.43186 -13.0155
10.729 -9.03186 -12.1105
9.21701 -6.45286 -9.64248
9.50501 -3.51086 -12.1655
6.38901 -5.04986 -13.8765
4.27201 -3.06786 -11.3295
3.36601 0.246144 -13.1025
5.09301 3.14814 -11.3125
3.22401 6.16814 -12.7945

5.75601 8.70614 -11.3625
9.52401 8.08514 -11.7255
12.453 10.2381 -10.5525
15.943 9.27314 -11.7945

18.798 11.1461 -10.0955
22.119 11.5181 -12.0035

20.394 10.0311 -15.1235
23.695 10.1761 -17.1225
24.208 6.64114 -15.6105
21.686 5.51714 -18.3305

23.902 6.94714 -21.2085
24.599 3.47414 -22.7655
21.547 1.40014 -23.8905
23.466 -1.96486 -23.7925
24.074 -1.73286 -19.9935

21.909 -3.88586 -17.6625
20.892 -0.738856 -15.6415
19.628 0.974144 -18.8475
17.874 -2.20986 -20.1605
15.999 -2.52186 -16.8025
15.147 1.24614 -16.4865
13.995 2.03014 -20.0795
10.76 -0.139856 -20.1575
9.49901 1.59714 -16.9535
10.456 5.11114 -18.2185
8.56701 4.55714 -21.5405
5.31201 3.45614 -19.7305

5.38801 5.73914 -16.6195
3.08801 8.84114 -16.8585

5.63401 11.2671 -15.2585
9.44101 11.0361 -15.7835
11.691 13.4601 -13.8645
15.315 12.9261 -14.9775
18.033 14.8621 -13.0665

21.721 15.4481 -13.9735
24.462 18.0951 -13.5815
26.17 16.6841 -16.6915
23.458 15.1611 -18.9865
26.197 14.3621 -21.4995
29.616 13.4271 -20.0315
31.639 13.6561 -23.3105
29.5 13.1981 -26.5185

25.974 13.7951 -28.0385
25.315 9.98714 -28.2555
25.058 9.86514 -24.3775
21.841 12.0131 -24.5335
19.832 9.53714 -26.6825
18.556 7.35714 -23.7685
17.479 10.4911 -21.7975
15.722 11.9771 -24.9125
13.701 8.74514 -25.5305
12.915 8.45714 -21.7685
11.356 12.0001 -21.7505

9.85301 11.7291 -25.3265
9.46801 8.01314 -26.4115
8.28801 9.13214 -29.9345
11.525 11.0931 -30.6625
14.123 9.14714 -32.7465
12.56 5.59814 -32.3835
15.884 4.16614 -33.7255

19.359 5.36414 -32.5835
20.741 5.36114 -36.1865
18.594 8.41614 -37.1845
19.895 10.3521 -34.1135
23.495 9.18414 -34.8225
23.432 10.2211 -38.5385
22.222 13.7491 -37.5845
24.057 14.5631 -34.2965

26.95 12.0321 -33.9185
28.609 12.5151 -37.3965
27.961 8.80614 -38.0125

30.538 7.15914 -40.3435
30.289 3.81114 -42.1855
33.569 1.96814 -41.4285

34.565 -1.51386 -42.8565
33.515 -3.08086 -39.4695

30.159 -1.18786 -39.0625
28.995 2.29514 -37.9685
31.085 4.72014 -35.8865

29.074 7.19114 -33.6925
32.005 8.80714 -31.7335
31.674 12.1341 -33.6265
29.455 15.2211 -33.2805
27.327 17.2811 -35.7195
24.572 19.9761 -35.7975

25.032 20.6931 -32.0225
23.201 24.0911 -32.1215
20.101 22.3151 -33.5785
20.426 19.6011 -30.8745
20.607 22.3691 -28.1815
17.399 24.0071 -29.5505
15.566 20.6121 -29.6595
16.678 19.7891 -26.0725
15.619 23.1871 -24.5855
12.217 23.2371 -26.3985
11.04 19.6281 -25.8635

13.271 17.6261 -23.3975

15.404 19.6841 -21.0135
15.346 22.5781 -18.5425

18.949 23.8201 -18.0095
20.256 26.8211 -16.0205
23.831 27.6561 -15.0465

25.357 29.1401 -11.8185
25.968 32.3441 -13.8405
22.213 32.5931 -14.7405
20.773 32.2231 -11.1805

23.584 32.7181 -8.55848
25.545 35.9531 -9.38948
26.959 35.7161 -5.78948
28.964 32.4481 -6.20548

32.763 33.1421 -6.22048
34.516 32.4081 -9.54448

36.172 29.0381 -10.2875
39.788 29.8861 -11.2655
41.325 26.9961 -13.2675
45.004 26.4981 -14.2145
47.366 23.8891 -15.6165
50.407 23.1941 -13.3755
53.226 21.6401 -15.4305

55.006 19.4391 -12.8395
58.721 19.2581 -13.6495

59.705 16.0271 -15.5725
63.32 16.4981 -14.2445
62.282 14.3061 -11.2225

61.241 11.5171 -13.7075
64.379 9.33614 -13.6415

65.885 8.06314 -16.9395
64.573 4.44514 -16.3985
60.951 5.64314 -15.8475
61.228 7.97314 -18.9085
62.657 5.12814 -21.0605
59.719 2.91114 -19.8755
57.173 5.64614 -20.8735
58.97 6.04414 -24.2635
58.883 2.21814 -24.6945
55.11 1.90914 -23.9465
54.422 4.96114 -26.2145
56.377 3.28514 -29.1015
54.603 -0.0278563 -28.3105
51.106 1.52414 -28.8945
52.197 2.85514 -32.3655

53.677 -0.474856 -33.6175
51.847 -1.57286 -36.8225
51.988 -5.35286 -36.2875
50.117 -5.51386 -32.9025
46.544 -6.74186 -32.3955

43.748 -4.35486 -31.2415
44.067 -6.01686 -27.7785
47.889 -5.55786 -27.4895
47.338 -1.85586 -28.4605
44.749 -1.50286 -25.5855
47.117 -3.32286 -23.1485
50.066 -1.03086 -24.1055
47.715 2.00714 -23.6495
46.7 0.805144 -20.1255
50.415 0.224144 -19.3185
51.385 3.74514 -20.5905
48.558 5.28414 -18.4755
49.513 3.33514 -15.2775
53.246 4.25214 -15.8445
52.196 7.94214 -16.2045
50.545 7.75314 -12.7445
53.705 6.17214 -11.1755
56.005 8.73314 -12.9035
54.006 11.7071 -11.4575
53.953 10.5111 -7.75948
57.24 12.2641 -6.62248
56.303 15.6971 -8.09448
52.618 15.3421 -7.05448
53.959 14.7941 -3.48348
56.431 17.7371 -3.87048
53.504 19.9881 -4.95348
51.192 18.8361 -2.06348
53.997 19.6041 0.44752
54.651 23.0541 -1.17748
50.902 23.8511 -0.70148
51.029 22.8401 3.02352
54.354 24.7051 3.61352

52.696 27.7841 1.93052
50.216 27.7691 4.90452
47.047 26.4721 3.11352
44.353 25.5191 5.64152
42.1 23.1701 3.51752

42.319 21.5751 0.0365201
41.151 18.4991 -1.93448
43.521 16.1371 -3.80948
41.935 14.0701 -6.61348
43.556 10.9151 -8.08448

42.174 7.61414 -9.56148
45.052 5.07014 -9.50648

45.183 3.38614 -6.05348
49.046 3.58814 -5.99548
48.816 7.44514 -6.23748
46.213 7.63014 -3.39348
48.374 5.19514 -1.30748
51.639 7.17714 -1.86148
49.962 10.5561 -1.01548
48.409 9.12714 2.22352
51.745 7.49414 3.25352
53.687 10.7971 2.83352
51.001 12.8101 4.74152
51.219 10.2191 7.60652
55.081 10.4431 7.49152

54.793 14.2981 7.74752
52.125 13.8661 10.5485
49.547 15.8261 8.44652
45.943 15.1391 9.51552

43.94 14.1481 6.40452
40.855 12.1801 5.23852
40.777 9.46314 2.52252
37.775 8.36214 0.37852

38.041 5.64014 -2.31948
36.208 2.54414 -3.73348
36.786 0.627144 -0.42448
35.352 3.37614 1.89152
31.839 2.37114 3.08052
28.676 4.46714 2.42452
28.303 5.57514 6.11252

32.061 6.21714 6.69952
32.052 8.44214 3.53252
29.491 10.7741 5.19652
31.34 10.7191 8.58052
34.776 11.5071 6.97252
33.035 14.2761 4.94952
31.701 15.7641 8.24952
35.178 15.3811 9.90252
36.826 17.3971 7.03452
33.978 19.9971 7.08452
33.904 20.5611 10.8955

37.537 19.8981 12.0295
40.121 22.6801 11.3435
42.924 20.0521 11.7935
42.113 18.0481 8.61552
44.082 20.0291 5.99452

43.94 17.5051 3.08152
41.18 15.3341 1.60252
42.642 12.4721 -0.52748
39.786 11.5621 -2.90048
39.212 9.03414 -5.68848

37.9 10.9301 -8.78948
35.471 8.02014 -9.49848
34.408 7.17114 -5.90148
33.921 10.7651 -4.53448
32.199 12.2941 -7.66748
28.738 11.8201 -5.97948
26.74 12.7761 -2.82848
29.507 14.5421 -0.83348
29.956 18.3141 -0.14848
33.409 19.8571 0.56052
32.572 23.5921 1.00652
35.282 23.9241 3.75952
38.066 23.8591 1.08652
38.95 26.6641 -1.41048

41.397 24.5871 -3.55248
41.088 21.4231 -5.69448
44.255 19.6561 -6.97948
43.878 17.0231 -9.72348

47.038 14.9001 -9.27948
45.829 12.8801 -12.3105
43.818 13.6831 -15.4585
40.625 11.7181 -16.2545
39.539 11.1641 -19.9215
35.893 12.1361 -19.1765

35.353 15.9131 -18.5285
31.88 15.3651 -16.9655
33.581 13.4981 -14.0455
36.2 16.2941 -13.6305
33.363 18.9221 -13.4765
31.483 16.6821 -10.9415
34.661 16.6751 -8.76148
35.135 20.5261 -8.99348

31.437 21.0011 -7.97548
32.111 19.1541 -4.69148
33.732 22.4341 -3.42648
31.8 24.9561 -5.57148
28.416 24.4631 -3.74748
25.876 26.6371 -1.86448
27.8 27.5791 1.33252
31.108 28.3511 -0.48948
32.337 31.9511 0.22452
35.859 31.8821 -1.38848
36.962 31.8451 -5.07448

37.584 28.1641 -5.89748
41.074 27.3431 -7.22948
41.336 24.2921 -9.56448
44.897 23.0401 -10.3055
45.401 20.3561 -13.0175
48.821 18.6611 -12.5095
50.354 17.6451 -15.9125

53.743 16.1451 -16.9345
55.444 16.6641 -20.3635
56.55 13.2991 -21.8875
53.527 11.3241 -20.4695
49.855 10.3241 -21.0955

48.843 13.9081 -20.0165
50.162 15.2521 -23.4005
47.382 13.2441 -25.2105
44.683 13.3211 -22.4765
44.647 17.1351 -22.0565
43.836 17.9771 -25.7705
41.251 15.0901 -25.7205
39.542 16.5271 -22.5765
39.555 20.0401 -24.1935
37.862 18.9571 -27.4755
35.261 17.0321 -25.3605
34.419 20.1671 -23.2415
34.059 22.1591 -26.5135
31.586 19.5141 -27.8785
29.664 19.7801 -24.5465
29.679 23.6441 -24.7105
28.452 23.7281 -28.3805

25.579 21.4061 -27.2635
24.779 23.9481 -24.4185
25.855 21.3471 -21.7745
28.875 23.2541 -20.2985
30.05 26.8691 -19.7265
33.508 25.4301 -18.9915
35.982 26.5661 -21.6365
39.422 24.8941 -21.1635
41.307 26.7001 -24.0525

42.313 29.7891 -21.9705
44.361 27.6001 -19.5275
46.708 26.2831 -22.3065
47.559 29.6801 -23.8655

48.824 30.6391 -20.3355
51.309 27.6661 -19.9125

End chain 1
