-13.201 -6.296 -53.957
-10.703 -3.406 -53.291
-9.54 -3.087 -49.639
-11.02 0.322 -48.639
-8.614 1.85 -46.053
-10.787 3.126 -43.162

-9.634 6.195 -41.181
-10.061 4.9 -37.589
-10.286 6.838 -34.306
-12.195 7.103 -30.979
-14.163 9.439 -28.711
-12.619 10.223 -25.263
-14.157 12.207 -22.344

-11.943 15.248 -21.466
-14.301 16.978 -18.949
-17.827 16.65 -17.399
-19.139 18.761 -20.353

-16.752 17.96 -23.312
-15.482 14.956 -25.281
-12.62 14.751 -27.824
-12.437 12.939 -31.204
-8.982 11.264 -31.393
-8.672 10.357 -35.1

-6.282 10.744 -38.079
-6.98 13.557 -40.6
-9.895 13.022 -43.051

-11.208 15.853 -45.293
-14.92 14.856 -45.011
-14.611 14.37 -41.226
-13.015 17.857 -40.827
-15.875 19.254 -42.999
-18.403 17.482 -40.669
-16.559 18.759 -37.515
-16.844 22.341 -38.957

-20.697 21.797 -39.029
-20.861 21.033 -35.24
-22.116 23.933 -33.104
-20.016 23.255 -29.939
-16.791 22.621 -31.971

-13.393 23.436 -30.391
-10.011 22.816 -32.063
-6.805 22.812 -29.99

-3.883 23.919 -32.209
-1.328 22.314 -29.773
-2.753 18.736 -29.691
-4.334 19.137 -33.217

-7.578 17.622 -31.79
-11.313 18.386 -31.995
-13.683 18.544 -28.991
-17.466 19.001 -28.65
-20.131 19.402 -25.91

-21.257 16.038 -24.476
-24.923 16.743 -25.497
-23.731 16.722 -29.178
-22.178 13.179 -28.839
-25.228 11.354 -30.322
-25.57 14.044 -33.093
-21.852 13.682 -34.021
-21.815 9.829 -34.037
-25.045 9.774 -36.128
-23.507 12.176 -38.75
-20.093 10.348 -38.803

-21.793 6.948 -39.527
-22.962 8.546 -42.834
-19.328 9.196 -43.991
-17.677 6.563 -46.261
-14.251 5.2 -45.121

-14.46 6.789 -41.562
-14.765 4.819 -38.279
-15.142 6.964 -35.114
-15.663 4.659 -32.101

-18.218 6.249 -29.657
-17.862 6.903 -25.912
-18.35 3.469 -24.195
-21.794 2.549 -22.772
-20.235 2.829 -19.255
-19.534 6.58 -19.812
-22.964 7.196 -21.431
-24.623 5.531 -18.378
-22.42 7.523 -15.909

-23.028 10.919 -17.654
-26.668 10.153 -18.714
-27.851 13.482 -17.123

-25.214 15.594 -18.963
-26 13.8 -22.296
-29.631 15.147 -21.909

-29.014 18.802 -20.797
-28.522 21.656 -23.337
-27.494 23.803 -20.296
-24.374 24.206 -18.108
-26.03 23.63 -14.722
-23.195 22.587 -12.38
-23.731 19.355 -10.334

-27.219 19.392 -8.694
-26.798 20.208 -4.988
-26.578 17.032 -2.906
-29.814 16.999 -0.82
-29.276 16.946 2.956
-30.305 13.551 4.343

-32.727 13.25 7.268
-30.389 11.851 9.975
-33.077 12.019 12.787
-33.159 8.159 12.923
-29.32 8.149 13.454
-27.82 8.306 16.969

-27.52 12.074 17.913
-23.991 11.509 19.371
-22.796 10.469 15.867
-24.731 13.185 13.93
-23.402 16.008 16.22
-19.738 14.82 15.861

-19.687 14.822 11.995
-17.445 17.587 10.586

-19.106 19.692 7.763
-17.231 17.783 4.996
-18.064 14.402 6.666
-21.796 15.407 6.677
-21.562 16.318 2.947
-19.943 12.855 2.346
-22.788 11.075 4.244
-25.363 13.084 2.191
-23.555 12.165 -1.104
-23.43 8.459 -0.115
-27.196 8.491 0.728
-28.024 10.343 -2.565

-25.973 7.645 -4.472
-28.214 5.048 -2.67
-25.512 3.7 -0.27

-23.352 2.353 -3.174
-19.956 4.118 -3.237
-16.209 4.012 -2.721
-15.295 6.541 0.021

-11.694 7.195 -1.128

-11.135 10.189 1.225
-7.504 10.605 2.377

-6.048 8.715 5.398
-7.361 9.956 8.784
-10.233 12.169 7.374
-12.706 9.981 9.408

-13.844 7.354 6.831
-15.012 5.081 9.734
-17.363 7.714 11.316
-18.876 8.506 7.854
-19.282 4.738 7.09
-21.02 4.042 10.461
-23.415 6.996 9.798
-24.247 5.855 6.195
-24.846 2.277 7.463
-26.955 3.52 10.461
-29.227 5.531 8.078

-29.9 2.058 6.507

-30.384 0.293 9.981
-33.886 -0.857 8.77
-32.05 -2.956 6.062
-29.626 -4.868 8.41
-27.981 -7.413 9.17

-24.774 -5.448 8.488
-21.551 -7.137 7.269
-18.235 -5.328 7.997
-15.132 -6.739 6.223
-11.829 -5.357 7.603

-8.05 -6.016 7.986
-7.416 -8.82 10.567
-5.856 -6.305 13.093
-8.689 -3.64 13.199

-11.758 -5.868 14.003
-11.895 -4.753 17.675
-11.154 -1.102 16.63
-14.365 -1.304 14.506
-16.414 -2.897 17.375
-15.268 -0.08 19.729
-16.109 2.476 16.969
-19.722 1.111 16.76
-20.082 1.14 20.611
-18.596 4.7 20.723
-20.823 6.195 17.978

-24.121 4.191 18.24
-24.851 3.95 22.056
-28.388 2.791 20.948
-26.764 -0.701 20.406
-26.03 -3.285 23.117

-22.632 -5.104 22.857
-24.638 -8.32 22.08
-25.78 -6.667 18.791

-22.091 -6.816 17.576
-20.505 -10.124 16.488
-16.681 -10.041 16.081

-13.6712 -11.8482 14.5915
-10.1774 -12.3972 13.3787
-6.42326 -12.7473 14.0281
-4.47505 -10.1101 12.1948
-2.24121 -7.87005 10.2531
-0.614871 -4.51758 10.1958
2.8955 -5.98577 9.42148
4.55686 -9.15696 8.14347
6.85936 -9.65505 11.0372
8.01531 -8.70054 14.4578
11.5795 -7.30835 14.5467
15.207 -8.24197 15.374

15.9757 -8.65599 11.7274
15.0103 -7.18199 8.26388
15.1966 -3.48688 9.47731
13.222 -1.08477 7.39745
13.2752 2.65938 7.05013

14.1462 2.21438 3.33613
16.0472 -1.05462 4.13413
12.9712 -2.59162 5.87213
10.5042 -1.81462 2.98113

11.8782 -4.76062 0.899131
11.5172 -7.11862 3.94213
7.96125 -5.78562 4.60413
6.79025 -5.86062 0.898131
4.07325 -8.46062 1.80313
2.56125 -5.88162 4.27113
2.84925 -2.93962 1.74813
-0.266755 -4.47862 0.0371312
-2.38375 -2.49662 2.58413
-3.28975 0.817379 0.811131
-1.56275 3.71938 2.60113
-3.43175 6.73938 1.11913

-0.899755 9.27738 2.55113
2.86825 8.65638 2.18813
5.79725 10.8094 3.36113
9.28725 9.84438 2.11913

12.1422 11.7174 3.81813
15.4632 12.0894 1.91013

13.7382 10.6024 -1.20987
17.0392 10.7474 -3.20887
17.5522 7.21238 -1.69687
15.0302 6.08838 -4.41687

17.2462 7.51838 -7.29487
17.9432 4.04538 -8.85187
14.8912 1.97138 -9.97687
16.8102 -1.39362 -9.87887
17.4182 -1.16162 -6.07987

15.2532 -3.31462 -3.74887
14.2362 -0.167621 -1.72787
12.9722 1.54538 -4.93387
11.2182 -1.63862 -6.24687
9.34325 -1.95062 -2.88887
8.49125 1.81738 -2.57287
7.33925 2.60138 -6.16587
4.10425 0.431379 -6.24387
2.84325 2.16838 -3.03987
3.80025 5.68238 -4.30487
1.91125 5.12838 -7.62687
-1.34375 4.02738 -5.81687

-1.26775 6.31038 -2.70587
-3.56775 9.41238 -2.94487

-1.02175 11.8384 -1.34487
2.78525 11.6074 -1.86987
5.03525 14.0314 0.0491312
8.65925 13.4974 -1.06387
11.3772 15.4334 0.847131

15.0652 16.0194 -0.0598688
17.8062 18.6664 0.332131
19.5142 17.2554 -2.77787
16.8022 15.7324 -5.07287
19.5412 14.9334 -7.58587
22.9602 13.9984 -6.11787
24.9832 14.2274 -9.39687
22.8442 13.7694 -12.6049

19.3182 14.3664 -14.1249
18.6592 10.5584 -14.3419
18.4022 10.4364 -10.4639
15.1852 12.5844 -10.6199
13.1762 10.1084 -12.7689
11.9002 7.92838 -9.85487
10.8232 11.0624 -7.88387
9.06625 12.5484 -10.9989
7.04525 9.31638 -11.6169
6.25925 9.02838 -7.85487
4.70025 12.5714 -7.83687

3.19725 12.3004 -11.4129
2.81225 8.58438 -12.4979
1.63225 9.70338 -16.0209
4.86925 11.6644 -16.7489
7.46725 9.71838 -18.8329
5.90425 6.16938 -18.4699
9.22825 4.73738 -19.8119

12.7032 5.93538 -18.6699
14.0852 5.93238 -22.2729
11.9382 8.98738 -23.2709
13.2392 10.9234 -20.1999
16.8392 9.75538 -20.9089
16.7762 10.7924 -24.6249
15.5662 14.3204 -23.6709
17.4012 15.1344 -20.3829

20.2942 12.6034 -20.0049
21.9532 13.0864 -23.4829
21.3052 9.37738 -24.0989

23.8822 7.73038 -26.4299
23.6332 4.38238 -28.2719
26.9132 2.53938 -27.5149

27.9092 -0.942621 -28.9429
26.8592 -2.50962 -25.5559

23.5032 -0.616621 -25.1489
22.3392 2.86638 -24.0549
24.4292 5.29138 -21.9729

22.4182 7.76238 -19.7789
25.3492 9.37838 -17.8199
25.0182 12.7054 -19.7129
22.7992 15.7924 -19.3669
20.6712 17.8524 -21.8059
17.9162 20.5474 -21.8839

18.3762 21.2644 -18.1089
16.5452 24.6624 -18.2079
13.4452 22.8864 -19.6649
13.7702 20.1724 -16.9609
13.9512 22.9404 -14.2679
10.7432 24.5784 -15.6369
8.91025 21.1834 -15.7459
10.0222 20.3604 -12.1589
8.96325 23.7584 -10.6719
5.56125 23.8084 -12.4849
4.38425 20.1994 -11.9499

6.61525 18.1974 -9.48387

8.74825 20.2554 -7.09987
8.69025 23.1494 -4.62887

12.2932 24.3914 -4.09587
13.6002 27.3924 -2.10687
17.1752 28.2274 -1.13287

18.7012 29.7114 2.09513
19.3122 32.9154 0.0731312
15.5572 33.1644 -0.826869
14.1172 32.7944 2.73313

16.9282 33.2894 5.35513
18.8892 36.5244 4.52413
20.3032 36.2874 8.12413
22.3082 33.0194 7.70813

26.1072 33.7134 7.69313
27.8602 32.9794 4.36913

29.5162 29.6094 3.62613
33.1322 30.4574 2.64813
34.6692 27.5674 0.646131
38.3482 27.0694 -0.300869
40.7102 24.4604 -1.70287
43.7512 23.7654 0.538131
46.5702 22.2114 -1.51687

48.3502 20.0104 1.07413
52.0652 19.8294 0.264131

53.0492 16.5984 -1.65887
56.6642 17.0694 -0.330869
55.6262 14.8774 2.69113

54.5852 12.0884 0.206131
57.7232 9.90738 0.272131

59.2292 8.63438 -3.02587
57.9172 5.01638 -2.48487
54.2952 6.21438 -1.93387
54.5722 8.54438 -4.99487
56.0012 5.69938 -7.14687
53.0632 3.48238 -5.96187
50.5172 6.21738 -6.95987
52.3142 6.61538 -10.3499
52.2272 2.78938 -10.7809
48.4542 2.48038 -10.0329
47.7662 5.53238 -12.3009
49.7212 3.85638 -15.1879
47.9472 0.543379 -14.3969
44.4502 2.09538 -14.9809
45.5412 3.42638 -18.4519

47.0212 0.0963795 -19.7039
45.1912 -1.00162 -22.9089
45.3322 -4.78162 -22.3739
43.4612 -4.94262 -18.9889
39.8882 -6.17062 -18.4819

37.0922 -3.78362 -17.3279
37.4112 -5.44562 -13.8649
41.2332 -4.98662 -13.5759
40.6822 -1.28462 -14.5469
38.0932 -0.931621 -11.6719
40.4612 -2.75162 -9.23487
43.4102 -0.459621 -10.1919
41.0592 2.57838 -9.73587
40.0442 1.37638 -6.21187
43.7592 0.795379 -5.40487
44.7292 4.31638 -6.67687
41.9022 5.85538 -4.56187
42.8572 3.90638 -1.36387
46.5902 4.82338 -1.93087
45.5402 8.51338 -2.29087
43.8892 8.32438 1.16913
47.0492 6.74338 2.73813
49.3492 9.30438 1.01013
47.3502 12.2784 2.45613
47.2972 11.0824 6.15413
50.5842 12.8354 7.29113
49.6472 16.2684 5.81913
45.9622 15.9134 6.85913
47.3032 15.3654 10.4301
49.7752 18.3084 10.0431
46.8482 20.5594 8.96013
44.5362 19.4074 11.8501
47.3412 20.1754 14.3611
47.9952 23.6254 12.7361
44.2462 24.4224 13.2121
44.3732 23.4114 16.9371
47.6982 25.2764 17.5271

46.0402 28.3554 15.8441
43.5602 28.3404 18.8181
40.3912 27.0434 17.0271
37.6972 26.0904 19.5551
35.4442 23.7414 17.4311

35.6632 22.1464 13.9501
34.4952 19.0704 11.9791
36.8652 16.7084 10.1041
35.2792 14.6414 7.30013
36.9002 11.4864 5.82913

35.5182 8.18538 4.35213
38.3962 5.64138 4.40713

38.5272 3.95738 7.86013
42.3902 4.15938 7.91813
42.1602 8.01638 7.67613
39.5572 8.20138 10.5201
41.7182 5.76638 12.6061
44.9832 7.74838 12.0521
43.3062 11.1274 12.8981
41.7532 9.69838 16.1371
45.0892 8.06538 17.1671
47.0312 11.3684 16.7471
44.3452 13.3814 18.6551
44.5632 10.7904 21.5201
48.4252 11.0144 21.4051

48.1372 14.8694 21.6611
45.4692 14.4374 24.4621
42.8912 16.3974 22.3601
39.2872 15.7104 23.4291

37.2842 14.7194 20.3181
34.1992 12.7514 19.1521
34.1212 10.0344 16.4361
31.1192 8.93338 14.2921

31.3852 6.21138 11.5941
29.5522 3.11538 10.1801
30.1302 1.19838 13.4891
28.6962 3.94738 15.8051
25.1832 2.94238 16.9941
22.0202 5.03838 16.3381
21.6472 6.14638 20.0261

25.4052 6.78838 20.6131
25.3962 9.01338 17.4461
22.8352 11.3454 19.1101
24.6842 11.2904 22.4941
28.1202 12.0784 20.8861
26.3792 14.8474 18.8631
25.0452 16.3354 22.1631
28.5222 15.9524 23.8161
30.1702 17.9684 20.9481
27.3222 20.5684 20.9981
27.2482 21.1324 24.8091

30.8812 20.4694 25.9431
33.4652 23.2514 25.2571
36.2682 20.6234 25.7071
35.4572 18.6194 22.5291
37.4262 20.6004 19.9081

37.2842 18.0764 16.9951
34.5242 15.9054 15.5161
35.9862 13.0434 13.3861
33.1302 12.1334 11.0131
32.5562 9.60538 8.22513

31.2442 11.5014 5.12413
28.8152 8.59138 4.41513
27.7522 7.74238 8.01213
27.2652 11.3364 9.37913
25.5432 12.8654 6.24613
22.0822 12.3914 7.93413
20.0842 13.3474 11.0851
22.8512 15.1134 13.0801
23.3002 18.8854 13.7651
26.7532 20.4284 14.4741
25.9162 24.1634 14.9201
28.6262 24.4954 17.6731
31.4102 24.4304 15.0001
32.2942 27.2354 12.5031

34.7412 25.1584 10.3611
34.4322 21.9944 8.21913
37.5992 20.2274 6.93413
37.2222 17.5944 4.19013

40.3822 15.4714 4.63413
39.1732 13.4514 1.60313
37.1622 14.2544 -1.54487
33.9692 12.2894 -2.34087
32.8832 11.7354 -6.00787
29.2372 12.7074 -5.26287

28.6972 16.4844 -4.61487
25.2242 15.9364 -3.05187
26.9252 14.0694 -0.131869
29.5442 16.8654 0.283131
26.7072 19.4934 0.437131
24.8272 17.2534 2.97213
28.0052 17.2464 5.15213
28.4792 21.0974 4.92013

24.7812 21.5724 5.93813
25.4552 19.7254 9.22213
27.0762 23.0054 10.4871
25.1442 25.5274 8.34213
21.7602 25.0344 10.1661
19.2202 27.2084 12.0491
21.1442 28.1504 15.2461
24.4522 28.9224 13.4241
25.6812 32.5224 14.1381
29.2032 32.4534 12.5251
30.3062 32.4164 8.83913

30.9282 28.7354 8.01613
34.4182 27.9144 6.68413
34.6802 24.8634 4.34913
38.2412 23.6114 3.60813
38.7452 20.9274 0.896131
42.1652 19.2324 1.40413
43.6982 18.2164 -1.99887

47.0872 16.7164 -3.02087
48.7882 17.2354 -6.44987
49.8942 13.8704 -7.97387
46.8712 11.8954 -6.55587
43.1992 10.8954 -7.18187

42.1872 14.4794 -6.10287
43.5062 15.8234 -9.48687
40.7262 13.8154 -11.2969
38.0272 13.8924 -8.56287
37.9912 17.7064 -8.14287
37.1802 18.5484 -11.8569
34.5952 15.6614 -11.8069
32.8862 17.0984 -8.66287
32.8992 20.6114 -10.2799
31.2062 19.5284 -13.5619
28.6052 17.6034 -11.4469
27.7632 20.7384 -9.32787
27.4032 22.7304 -12.5999
24.9302 20.0854 -13.9649
23.0082 20.3514 -10.6329
23.0232 24.2154 -10.7969
21.7962 24.2994 -14.4669

18.9232 21.9774 -13.3499
18.1232 24.5194 -10.5049
19.1992 21.9184 -7.86087
22.2192 23.8254 -6.38487
23.3942 27.4404 -5.81287
26.8522 26.0014 -5.07787
29.3262 27.1374 -7.72287
32.7662 25.4654 -7.24987
34.6512 27.2714 -10.1389

35.6572 30.3604 -8.05687
37.7052 28.1714 -5.61387
40.0522 26.8544 -8.39287
40.9032 30.2514 -9.95187

42.1682 31.2104 -6.42187
44.6532 28.2374 -5.99887

End chain 1
