-13.201 -6.296 -53.957
-10.703 -3.406 -53.291
-9.54 -3.087 -49.639
-11.02 0.322 -48.639
-8.614 1.85 -46.053
-10.787 3.126 -43.162

-9.634 6.195 -41.181
-10.061 4.9 -37.589
-10.286 6.838 -34.306
-12.195 7.103 -30.979
-14.163 9.439 -28.711
-12.619 10.223 -25.263
-14.157 12.207 -22.344

-11.943 15.248 -21.466
-14.301 16.978 -18.949
-17.827 16.65 -17.399
-19.139 18.761 -20.353

-16.752 17.96 -23.312
-15.482 14.956 -25.281
-12.62 14.751 -27.824
-12.437 12.939 -31.204
-8.982 11.264 -31.393
-8.672 10.357 -35.1

-6.282 10.744 -38.079
-6.98 13.557 -40.6
-9.895 13.022 -43.051

-11.208 15.853 -45.293
-14.92 14.856 -45.011
-14.611 14.37 -41.226
-13.015 17.857 -40.827
-15.875 19.254 -42.999
-18.403 17.482 -40.669
-16.559 18.759 -37.515
-16.844 22.341 -38.957

-20.3338 22.2705 -40.1901
-23.702 21.8307 -42.0644
-25.7244 21.5079 -38.8353
-24.5941 24.9486 -38.0361
-25.1701 26.609 -41.4965

-24.9105 28.8307 -44.5929
-23.9033 30.4758 -47.7505
-24.8068 34.1582 -47.3867

-21.8848 35.2652 -49.6057
-19.3298 33.6602 -47.1697
-20.7548 30.0822 -47.0877
-22.3358 30.4832 -50.6137

-25.5798 28.9682 -49.1867
-29.3148 29.7322 -49.3917
-31.6848 29.8902 -46.3877
-35.4678 30.3472 -46.0467
-38.1328 30.7482 -43.3067

-39.2588 27.3842 -41.8727
-42.9248 28.0892 -42.8937
-41.7328 28.0682 -46.5747
-40.1798 24.5252 -46.2357
-43.2298 22.7002 -47.7187
-43.5718 25.3902 -50.4897
-39.8538 25.0282 -51.4177
-39.8168 21.1752 -51.4337
-43.0468 21.1202 -53.5247
-41.5088 23.5222 -56.1467
-38.0948 21.6942 -56.1997

-39.7948 18.2942 -56.9237
-40.9638 19.8922 -60.2307
-37.3298 20.5422 -61.3877
-35.6788 17.9092 -63.6577
-32.2528 16.5462 -62.5177

-32.4618 18.1352 -58.9587
-32.7668 16.1652 -55.6757
-33.1438 18.3102 -52.5107
-33.6648 16.0052 -49.4977

-36.2198 17.5952 -47.0537
-35.8638 18.2492 -43.3087
-36.3518 14.8152 -41.5917
-39.7958 13.8952 -40.1687
-38.2368 14.1752 -36.6517
-37.5358 17.9262 -37.2087
-40.9658 18.5422 -38.8277
-42.6248 16.8772 -35.7747
-40.4218 18.8692 -33.3057

-41.0298 22.2652 -35.0507
-44.6698 21.4992 -36.1107
-45.8528 24.8282 -34.5197

-43.2158 26.9402 -36.3597
-44.0018 25.1462 -39.6927
-47.6328 26.4932 -39.3057

-47.0158 30.1482 -38.1937
-46.5238 33.0022 -40.7337
-45.4958 35.1492 -37.6927
-42.3758 35.5522 -35.5047
-44.0318 34.9762 -32.1187
-41.1968 33.9332 -29.7767
-41.7328 30.7012 -27.7307

-45.2208 30.7382 -26.0907
-44.7998 31.5542 -22.3847
-44.5798 28.3782 -20.3027
-47.8158 28.3452 -18.2167
-47.2778 28.2922 -14.4407
-48.3068 24.8972 -13.0537

-50.7288 24.5962 -10.1287
-48.3908 23.1972 -7.42167
-51.0788 23.3652 -4.60967
-51.1608 19.5052 -4.47367
-47.3218 19.4952 -3.94267
-45.8218 19.6522 -0.427672

-45.5218 23.4202 0.516328
-41.9928 22.8552 1.97433
-40.7978 21.8152 -1.52967
-42.7328 24.5312 -3.46667
-41.4038 27.3542 -1.17667
-37.7398 26.1662 -1.53567

-37.6888 26.1682 -5.40167
-35.4468 28.9332 -6.81067

-37.1078 31.0382 -9.63367
-35.2328 29.1292 -12.4007
-36.0658 25.7482 -10.7307
-39.7978 26.7532 -10.7197
-39.5638 27.6642 -14.4497
-37.9448 24.2012 -15.0507
-40.7898 22.4212 -13.1527
-43.3648 24.4302 -15.2057
-41.5568 23.5112 -18.5007
-41.4318 19.8052 -17.5117
-45.1978 19.8372 -16.6687
-46.0258 21.6892 -19.9617

-43.9748 18.9912 -21.8687
-46.2158 16.3942 -20.0667
-43.5138 15.0462 -17.6667

-41.3538 13.6992 -20.5707
-37.9578 15.4642 -20.6337
-34.2108 15.3582 -20.1177
-33.2968 17.8872 -17.3757

-29.6958 18.5412 -18.5247

-29.1368 21.5352 -16.1717
-25.5058 21.9512 -15.0197

-24.0498 20.0612 -11.9987
-25.3628 21.3022 -8.61267
-28.2348 23.5152 -10.0227
-30.7078 21.3272 -7.98867

-31.8458 18.7002 -10.5657
-33.0138 16.4272 -7.66267
-35.3648 19.0602 -6.08067
-36.8778 19.8522 -9.54267
-37.2838 16.0842 -10.3067
-39.0218 15.3882 -6.93567
-41.4168 18.3422 -7.59867
-42.2488 17.2012 -11.2017
-42.8478 13.6232 -9.93367
-44.9568 14.8662 -6.93567
-47.2288 16.8772 -9.31867

-47.9018 13.4042 -10.8897

-48.3858 11.6392 -7.41567
-51.8878 10.4892 -8.62667
-50.0518 8.39023 -11.3347
-47.6278 6.47823 -8.98667
-45.9828 3.93323 -8.22667

-42.7758 5.89823 -8.90867
-39.5528 4.20923 -10.1277
-36.2368 6.01823 -9.39967
-33.1338 4.60723 -11.1737
-29.8308 5.98923 -9.79367

-26.0518 5.33023 -9.41067
-25.4178 2.52623 -6.82967
-23.8578 5.04123 -4.30367
-26.6908 7.70623 -4.19767

-29.7598 5.47823 -3.39367
-29.8968 6.59323 0.278328
-29.1558 10.2442 -0.766672
-32.3668 10.0422 -2.89067
-34.4158 8.44923 -0.0216718
-33.2698 11.2662 2.33233
-34.1108 13.8222 -0.427672
-37.7238 12.4572 -0.636672
-38.0838 12.4862 3.21433
-36.5978 16.0462 3.32633
-38.8248 17.5412 0.581328

-42.1228 15.5372 0.843328
-42.8528 15.2962 4.65933
-46.3898 14.1372 3.55133
-44.7658 10.6452 3.00933
-44.0318 8.06123 5.72033

-40.6338 6.24223 5.46033
-42.6398 3.02623 4.68333
-43.7818 4.67923 1.39433

-40.0928 4.53023 0.179328
-38.5068 1.22223 -0.908672
-34.6828 1.30523 -1.31567

-33.7038 -1.76977 -3.36167
-30.3178 -2.95677 -2.02467
-30.2028 -6.49077 -3.58367
-31.4068 -8.45277 -6.66167
-33.7708 -10.4738 -4.32667
-35.7898 -7.46177 -3.07967
-39.3538 -6.57077 -4.23767
-39.0768 -3.62677 -6.69567
-42.8178 -2.75577 -6.12367
-42.9208 -2.81977 -2.26967
-43.1098 1.01423 -1.86067
-45.0818 3.88023 -3.40167

-41.5898 5.20623 -4.35867
-39.0668 2.51323 -5.43167
-35.3378 3.44823 -5.59367
-33.0108 1.04423 -7.50967
-29.5308 1.05123 -9.10567

-28.6598 0.606235 -12.8197
-26.7588 -2.66277 -12.0217
-29.8348 -4.19977 -10.2837
-32.3018 -3.42277 -13.1747

-30.9278 -6.36877 -15.2567
-31.2888 -8.72677 -12.2137
-34.8448 -7.39377 -11.5517
-36.0158 -7.46877 -15.2577
-38.7328 -10.0688 -14.3527
-40.2448 -7.48977 -11.8847
-39.9568 -4.54777 -14.4077
-43.0728 -6.08677 -16.1187
-45.1898 -4.10477 -13.5717
-46.0958 -0.790765 -15.3447
-44.3688 2.11123 -13.5547
-46.2378 5.13123 -15.0367

-43.7058 7.66923 -13.6047
-39.9378 7.04823 -13.9677
-37.0088 9.20123 -12.7947
-33.5188 8.23623 -14.0367

-30.6638 10.1092 -12.3377
-27.3428 10.4812 -14.2457

-29.0678 8.99423 -17.3657
-25.7668 9.13923 -19.3647
-25.2538 5.60423 -17.8527
-27.7758 4.48023 -20.5727

-25.5598 5.91023 -23.4507
-24.8628 2.43723 -25.0077
-27.9148 0.363235 -26.1327
-25.9958 -3.00177 -26.0347
-25.3878 -2.76977 -22.2357

-27.5528 -4.92277 -19.9047
-28.5698 -1.77577 -17.8837
-29.8338 -0.0627651 -21.0897
-31.5878 -3.24677 -22.4027
-33.4628 -3.55877 -19.0447
-34.3148 0.209235 -18.7287
-35.4668 0.993235 -22.3217
-38.7018 -1.17677 -22.3997
-39.9628 0.560235 -19.1957
-39.0058 4.07423 -20.4607
-40.8948 3.52023 -23.7827
-44.1498 2.41923 -21.9727

-44.0738 4.70223 -18.8617
-46.3738 7.80423 -19.1007

-43.8278 10.2302 -17.5007
-40.0208 9.99923 -18.0257
-37.7708 12.4232 -16.1067
-34.1468 11.8892 -17.2197
-31.4288 13.8252 -15.3087

-27.7408 14.4112 -16.2157
-24.9998 17.0582 -15.8237
-23.2918 15.6472 -18.9337
-26.0038 14.1242 -21.2287
-23.2648 13.3252 -23.7417
-19.8458 12.3902 -22.2737
-17.8228 12.6192 -25.5527
-19.9618 12.1612 -28.7607

-23.4878 12.7582 -30.2807
-24.1468 8.95023 -30.4977
-24.4038 8.82823 -26.6197
-27.6208 10.9762 -26.7757
-29.6298 8.50023 -28.9247
-30.9058 6.32023 -26.0107
-31.9828 9.45423 -24.0397
-33.7398 10.9402 -27.1547
-35.7608 7.70823 -27.7727
-36.5468 7.42023 -24.0107
-38.1058 10.9632 -23.9927

-39.6088 10.6922 -27.5687
-39.9938 6.97623 -28.6537
-41.1738 8.09523 -32.1767
-37.9368 10.0562 -32.9047
-35.3388 8.11023 -34.9887
-36.9018 4.56123 -34.6257
-33.5778 3.12923 -35.9677

-30.1028 4.32723 -34.8257
-28.7208 4.32423 -38.4287
-30.8678 7.37923 -39.4267
-29.5668 9.31523 -36.3557
-25.9668 8.14723 -37.0647
-26.0298 9.18423 -40.7807
-27.2398 12.7122 -39.8267
-25.4048 13.5262 -36.5387

-22.5118 10.9952 -36.1607
-20.8528 11.4782 -39.6387
-21.5008 7.76923 -40.2547

-18.9238 6.12223 -42.5857
-19.1728 2.77423 -44.4277
-15.8928 0.931235 -43.6707

-14.8968 -2.55077 -45.0987
-15.9468 -4.11777 -41.7117

-19.3028 -2.22477 -41.3047
-20.4668 1.25823 -40.2107
-18.3768 3.68323 -38.1287

-20.3878 6.15423 -35.9347
-17.4568 7.77023 -33.9757
-17.7878 11.0972 -35.8687
-20.0068 14.1842 -35.5227
-22.1348 16.2442 -37.9617
-24.8898 18.9392 -38.0397

-24.4298 19.6562 -34.2647
-26.2608 23.0542 -34.3637
-29.3608 21.2782 -35.8207
-29.0358 18.5642 -33.1167
-28.8548 21.3322 -30.4237
-32.0628 22.9702 -31.7927
-33.8958 19.5752 -31.9017
-32.7838 18.7522 -28.3147
-33.8428 22.1502 -26.8277
-37.2448 22.2002 -28.6407
-38.4218 18.5912 -28.1057

-36.1908 16.5892 -25.6397

-34.0578 18.6472 -23.2557
-34.1158 21.5412 -20.7847

-30.5128 22.7832 -20.2517
-29.2058 25.7842 -18.2627
-25.6308 26.6192 -17.2887

-24.1048 28.1032 -14.0607
-23.4938 31.3072 -16.0827
-27.2488 31.5562 -16.9827
-28.6888 31.1862 -13.4227

-25.8778 31.6812 -10.8007
-23.9168 34.9162 -11.6317
-22.5028 34.6792 -8.03167
-20.4978 31.4112 -8.44767

-16.6988 32.1052 -8.46267
-14.9458 31.3712 -11.7867

-13.2898 28.0012 -12.5297
-9.67381 28.8492 -13.5077
-8.13681 25.9592 -15.5097
-4.45781 25.4612 -16.4567
-2.09581 22.8522 -17.8587
0.945189 22.1572 -15.6177
3.76419 20.6032 -17.6727

5.54419 18.4022 -15.0817
9.25919 18.2212 -15.8917

10.2432 14.9902 -17.8147
13.8582 15.4612 -16.4867
12.8202 13.2692 -13.4647

11.7792 10.4802 -15.9497
14.9172 8.29923 -15.8837

16.4232 7.02623 -19.1817
15.1112 3.40823 -18.6407
11.4892 4.60623 -18.0897
11.7662 6.93623 -21.1507
13.1952 4.09123 -23.3027
10.2572 1.87423 -22.1177
7.71119 4.60923 -23.1157
9.50819 5.00723 -26.5057
9.42119 1.18123 -26.9367
5.64819 0.872235 -26.1887
4.96019 3.92423 -28.4567
6.91519 2.24823 -31.3437
5.14119 -1.06477 -30.5527
1.64419 0.487235 -31.1367
2.73519 1.81823 -34.6077

4.21519 -1.51177 -35.8597
2.38519 -2.60977 -39.0647
2.52619 -6.38977 -38.5297
0.655189 -6.55077 -35.1447
-2.91781 -7.77877 -34.6377

-5.71381 -5.39177 -33.4837
-5.39481 -7.05377 -30.0207
-1.57281 -6.59477 -29.7317
-2.12381 -2.89277 -30.7027
-4.71281 -2.53977 -27.8277
-2.34481 -4.35977 -25.3907
0.604189 -2.06777 -26.3477
-1.74681 0.970235 -25.8917
-2.76181 -0.231765 -22.3677
0.953189 -0.812765 -21.5607
1.92319 2.70823 -22.8327
-0.903811 4.24723 -20.7177
0.0511889 2.29823 -17.5197
3.78419 3.21523 -18.0867
2.73419 6.90523 -18.4467
1.08319 6.71623 -14.9867
4.24319 5.13523 -13.4177
6.54319 7.69623 -15.1457
4.54419 10.6702 -13.6997
4.49119 9.47423 -10.0017
7.77819 11.2272 -8.86467
6.84119 14.6602 -10.3367
3.15619 14.3052 -9.29667
4.49719 13.7572 -5.72567
6.96919 16.7002 -6.11267
4.04219 18.9512 -7.19567
1.73019 17.7992 -4.30567
4.53519 18.5672 -1.79467
5.18919 22.0172 -3.41967
1.44019 22.8142 -2.94367
1.56719 21.8032 0.781328
4.89219 23.6682 1.37133

3.23419 26.7472 -0.311672
0.754189 26.7322 2.66233
-2.41481 25.4352 0.871328
-5.10881 24.4822 3.39933
-7.36181 22.1332 1.27533

-7.14281 20.5382 -2.20567
-8.31081 17.4622 -4.17667
-5.94081 15.1002 -6.05167
-7.52681 13.0332 -8.85567
-5.90581 9.87823 -10.3267

-7.28781 6.57723 -11.8037
-4.40981 4.03323 -11.7487

-4.27881 2.34923 -8.29567
-0.415811 2.55123 -8.23767
-0.645811 6.40823 -8.47967
-3.24881 6.59323 -5.63567
-1.08781 4.15823 -3.54967
2.17719 6.14023 -4.10367
0.500189 9.51923 -3.25767
-1.05281 8.09023 -0.0186718
2.28319 6.45723 1.01133
4.22519 9.76023 0.591328
1.53919 11.7732 2.49933
1.75719 9.18223 5.36433
5.61919 9.40623 5.24933

5.33119 13.2612 5.50533
2.66319 12.8292 8.30633
0.0851889 14.7892 6.20433
-3.51881 14.1022 7.27333

-5.52181 13.1112 4.16233
-8.60681 11.1432 2.99633
-8.68481 8.42623 0.280328
-11.6868 7.32523 -1.86367

-11.4208 4.60323 -4.56167
-13.2538 1.50723 -5.97567
-12.6758 -0.409765 -2.66667
-14.1098 2.33923 -0.350672
-17.6228 1.33423 0.838328
-20.7858 3.43023 0.182328
-21.1588 4.53823 3.87033

-17.4008 5.18023 4.45733
-17.4098 7.40523 1.29033
-19.9708 9.73723 2.95433
-18.1218 9.68223 6.33833
-14.6858 10.4702 4.73033
-16.4268 13.2392 2.70733
-17.7608 14.7272 6.00733
-14.2838 14.3442 7.66033
-12.6358 16.3602 4.79233
-15.4838 18.9602 4.84233
-15.5578 19.5242 8.65333

-11.9248 18.8612 9.78733
-9.34081 21.6432 9.10133
-6.53781 19.0152 9.55133
-7.34881 17.0112 6.37333
-5.37981 18.9922 3.75233

-5.52181 16.4682 0.839328
-8.28181 14.2972 -0.639672
-6.81981 11.4352 -2.76967
-9.67581 10.5252 -5.14267
-10.2498 7.99723 -7.93067

-11.5618 9.89323 -11.0317
-13.9908 6.98323 -11.7407
-15.0538 6.13423 -8.14367
-15.5408 9.72823 -6.77667
-17.2628 11.2572 -9.90967
-20.7238 10.7832 -8.22167
-22.7218 11.7392 -5.07067
-19.9548 13.5052 -3.07567
-19.5058 17.2772 -2.39067
-16.0528 18.8202 -1.68167
-16.8898 22.5552 -1.23567
-14.1798 22.8872 1.51733
-11.3958 22.8222 -1.15567
-10.5118 25.6272 -3.65267

-8.06481 23.5502 -5.79467
-8.37381 20.3862 -7.93667
-5.20681 18.6192 -9.22167
-5.58381 15.9862 -11.9657

-2.42381 13.8632 -11.5217
-3.63281 11.8432 -14.5527
-5.64381 12.6462 -17.7007
-8.83681 10.6812 -18.4967
-9.92281 10.1272 -22.1637
-13.5688 11.0992 -21.4187

-14.1088 14.8762 -20.7707
-17.5818 14.3282 -19.2077
-15.8808 12.4612 -16.2877
-13.2618 15.2572 -15.8727
-16.0988 17.8852 -15.7187
-17.9788 15.6452 -13.1837
-14.8008 15.6382 -11.0037
-14.3268 19.4892 -11.2357

-18.0248 19.9642 -10.2177
-17.3508 18.1172 -6.93367
-15.7298 21.3972 -5.66867
-17.6618 23.9192 -7.81367
-21.0458 23.4262 -5.98967
-23.5858 25.6002 -4.10667
-21.6618 26.5422 -0.909672
-18.3538 27.3142 -2.73167
-17.1248 30.9142 -2.01767
-13.6028 30.8452 -3.63067
-12.4998 30.8082 -7.31667

-11.8778 27.1272 -8.13967
-8.38781 26.3062 -9.47167
-8.12581 23.2552 -11.8067
-4.56481 22.0032 -12.5477
-4.06081 19.3192 -15.2597
-0.640811 17.6242 -14.7517
0.892189 16.6082 -18.1547

4.28119 15.1082 -19.1767
5.98219 15.6272 -22.6057
7.08819 12.2622 -24.1297
4.06519 10.2872 -22.7117
0.393189 9.28723 -23.3377

-0.618811 12.8712 -22.2587
0.700189 14.2152 -25.6427
-2.07981 12.2072 -27.4527
-4.77881 12.2842 -24.7187
-4.81481 16.0982 -24.2987
-5.62581 16.9402 -28.0127
-8.21081 14.0532 -27.9627
-9.91981 15.4902 -24.8187
-9.90681 19.0032 -26.4357
-11.5998 17.9202 -29.7177
-14.2008 15.9952 -27.6027
-15.0428 19.1302 -25.4837
-15.4028 21.1222 -28.7557
-17.8758 18.4772 -30.1207
-19.7978 18.7432 -26.7887
-19.7828 22.6072 -26.9527
-21.0098 22.6912 -30.6227

-23.8828 20.3692 -29.5057
-24.6828 22.9112 -26.6607
-23.6068 20.3102 -24.0167
-20.5868 22.2172 -22.5407
-19.4118 25.8322 -21.9687
-15.9538 24.3932 -21.2337
-13.4798 25.5292 -23.8787
-10.0398 23.8572 -23.4057
-8.15481 25.6632 -26.2947

-7.14881 28.7522 -24.2127
-5.10081 26.5632 -21.7697
-2.75381 25.2462 -24.5487
-1.90281 28.6432 -26.1077

-0.637811 29.6022 -22.5777
1.84719 26.6292 -22.1547

End chain 1
