-13.201 -6.296 -53.957
-10.703 -3.406 -53.291
-9.54 -3.087 -49.639
-11.02 0.322 -48.639
-8.614 1.85 -46.053
-10.787 3.126 -43.162

-9.634 6.195 -41.181
-10.061 4.9 -37.589
-10.286 6.838 -34.306
-12.195 7.103 -30.979
-14.163 9.439 -28.711
-12.619 10.223 -25.263
-14.157 12.207 -22.344

-11.943 15.248 -21.466
-14.301 16.978 -18.949
-17.827 16.65 -17.399
-19.139 18.761 -20.353

-16.752 17.96 -23.312
-15.482 14.956 -25.281
-12.62 14.751 -27.824
-12.437 12.939 -31.204
-8.982 11.264 -31.393
-8.672 10.357 -35.1

-6.282 10.744 -38.079
-6.98 13.557 -40.6
-9.895 13.022 -43.051

-11.208 15.853 -45.293
-14.92 14.856 -45.011
-14.611 14.37 -41.226
-13.015 17.857 -40.827
-15.875 19.254 -42.999
-18.403 17.482 -40.669
-16.559 18.759 -37.515
-16.844 22.341 -38.957

-20.697 21.797 -39.029
-20.861 21.033 -35.24
-22.116 23.933 -33.104
-20.016 23.255 -29.939
-16.791 22.621 -31.971

-13.393 23.436 -30.391
-10.011 22.816 -32.063
-6.805 22.812 -29.99

-3.883 23.919 -32.209
-1.328 22.314 -29.773
-2.753 18.736 -29.691
-4.334 19.137 -33.217

-7.578 17.622 -31.79
-11.313 18.386 -31.995
-13.683 18.544 -28.991
-17.466 19.001 -28.65
-20.131 19.402 -25.91

-21.257 16.038 -24.476
-24.923 16.743 -25.497
-23.731 16.722 -29.178
-22.178 13.179 -28.839
-25.228 11.354 -30.322
-25.57 14.044 -33.093
-21.852 13.682 -34.021
-21.815 9.829 -34.037
-25.045 9.774 -36.128
-23.507 12.176 -38.75
-20.093 10.348 -38.803

-21.793 6.948 -39.527
-22.962 8.546 -42.834
-19.328 9.196 -43.991
-17.677 6.563 -46.261
-14.251 5.2 -45.121

-14.46 6.789 -41.562
-14.765 4.819 -38.279
-15.142 6.964 -35.114
-15.663 4.659 -32.101

-18.218 6.249 -29.657
-17.862 6.903 -25.912
-18.35 3.469 -24.195
-21.794 2.549 -22.772
-20.235 2.829 -19.255
-19.534 6.58 -19.812
-22.964 7.196 -21.431
-24.623 5.531 -18.378
-22.42 7.523 -15.909

-23.028 10.919 -17.654
-26.668 10.153 -18.714
-27.851 13.482 -17.123

-25.214 15.594 -18.963
-26 13.8 -22.296
-29.631 15.147 -21.909

-29.014 18.802 -20.797
-28.522 21.656 -23.337
-27.494 23.803 -20.296
-24.374 24.206 -18.108
-26.03 23.63 -14.722
-23.195 22.587 -12.38
-23.731 19.355 -10.334

-27.219 19.392 -8.694
-26.798 20.208 -4.988
-26.578 17.032 -2.906
-29.814 16.999 -0.82
-29.276 16.946 2.956
-30.305 13.551 4.343

-32.727 13.25 7.268
-30.389 11.851 9.975
-33.077 12.019 12.787
-33.159 8.159 12.923
-29.32 8.149 13.454
-27.82 8.306 16.969

-27.52 12.074 17.913
-23.991 11.509 19.371
-22.796 10.469 15.867
-24.731 13.185 13.93
-23.402 16.008 16.22
-19.738 14.82 15.861

-20.4059 15.3899 12.1581
-20.7096 19.0442 12.7337

-18.875 22.1739 13.8661
-16.9538 20.2138 16.4947
-15.9241 17.6015 13.9338
-14.6945 20.2886 11.5441
-12.6377 21.925 14.289
-11.0465 18.5996 15.2127
-10.133 17.9193 11.587
-8.53604 21.3508 11.2444
-6.48107 20.816 14.3962
-5.25671 17.4439 13.1421
-4.22345 18.9499 9.8093
-2.29816 21.7256 11.5504

-0.247161 19.0276 9.64343
-2.48816 16.4306 11.4454
0.213839 15.0826 13.8454

2.37384 13.7356 10.9414
5.76984 15.5006 10.8784
9.51684 15.3946 11.3944
10.4308 17.9236 14.1364

14.0318 18.5776 12.9874

14.5908 21.5716 15.3404
18.2218 21.9876 16.4924

19.6778 20.0976 19.5134
18.3648 21.3386 22.8994
15.4928 23.5516 21.4894
13.0198 21.3636 23.5234

11.8818 18.7366 20.9464
10.7138 16.4636 23.8494
8.36284 19.0966 25.4314
6.84984 19.8886 21.9694
6.44384 16.1206 21.2054
4.70584 15.4246 24.5764
2.31084 18.3786 23.9134
1.47884 17.2376 20.3104
0.879839 13.6596 21.5784
-1.22916 14.9026 24.5764
-3.50116 16.9136 22.1934

-4.17416 13.4406 20.6224

-4.65816 11.6756 24.0964
-8.16016 10.5256 22.8854
-6.32416 8.42659 20.1774
-3.90016 6.51459 22.5254
-2.25516 3.96959 23.2854

0.951839 5.93459 22.6034
4.17484 4.24559 21.3844
7.49084 6.05459 22.1124
10.5938 4.64359 20.3384
13.8968 6.02559 21.7184

17.6758 5.36659 22.1014
18.3098 2.56259 24.6824
19.8698 5.07759 27.2084
17.0368 7.74259 27.3144

13.9678 5.51459 28.1184
13.8308 6.62959 31.7904
14.5718 10.2806 30.7454
11.3608 10.0786 28.6214
9.31184 8.48559 31.4904
10.4578 11.3026 33.8444
9.61684 13.8586 31.0844
6.00384 12.4936 30.8754
5.64384 12.5226 34.7264
7.12984 16.0826 34.8384
4.90284 17.5776 32.0934

1.60484 15.5736 32.3554
0.874839 15.3326 36.1714
-2.66216 14.1736 35.0634
-1.03816 10.6816 34.5214
-0.304161 8.09759 37.2324

3.09384 6.27859 36.9724
1.08784 3.06259 36.1954
-0.0541606 4.71559 32.9064

3.63484 4.56659 31.6914
5.22084 1.25859 30.6034
9.04484 1.34159 30.1964

10.0238 -1.73341 28.1504
13.4098 -2.92041 29.4874
13.5248 -6.45441 27.9284
12.3208 -8.41641 24.8504
9.95684 -10.4374 27.1854
7.93784 -7.42541 28.4324
4.37384 -6.53441 27.2744
4.65084 -3.59041 24.8164
0.909839 -2.71941 25.3884
0.806839 -2.78341 29.2424
0.617839 1.05059 29.6514
-1.35416 3.91659 28.1104

2.13784 5.24259 27.1534
4.66084 2.54959 26.0804
8.38984 3.48459 25.9184
10.7168 1.08059 24.0024
14.1968 1.08759 22.4064

15.0678 0.642591 18.6924
16.9688 -2.62641 19.4904
13.8928 -4.16341 21.2284
11.4258 -3.38641 18.3374

12.7998 -6.33241 16.2554
12.4388 -8.69041 19.2984
8.88284 -7.35741 19.9604
7.71184 -7.43241 16.2544
4.99484 -10.0324 17.1594
3.48284 -7.45341 19.6274
3.77084 -4.51141 17.1044
0.654839 -6.05041 15.3934
-1.46216 -4.06841 17.9404
-2.36816 -0.754409 16.1674
-0.641161 2.14759 17.9574
-2.51016 5.16759 16.4754

0.0218394 7.70559 17.9074
3.78984 7.08459 17.5444
6.71884 9.23759 18.7174
10.2088 8.27259 17.4754

13.0638 10.1456 19.1744
16.3848 10.5176 17.2664

14.6598 9.03059 14.1464
17.9608 9.17559 12.1474
18.4738 5.64059 13.6594
15.9518 4.51659 10.9394

18.1678 5.94659 8.06143
18.8648 2.47359 6.50443
15.8128 0.399591 5.37943
17.7318 -2.96541 5.47743
18.3398 -2.73341 9.27643

16.1748 -4.88641 11.6074
15.1578 -1.73941 13.6284
13.8938 -0.0264089 10.4224
12.1398 -3.21041 9.10943
10.2648 -3.52241 12.4674
9.41284 0.245591 12.7834
8.26084 1.02959 9.19043
5.02584 -1.14041 9.11243
3.76484 0.596591 12.3164
4.72184 4.11059 11.0514
2.83284 3.55659 7.72943
-0.422161 2.45559 9.53943

-0.346161 4.73859 12.6504
-2.64616 7.84059 12.4114

-0.100161 10.2666 14.0114
3.70684 10.0356 13.4864
5.95684 12.4596 15.4054
9.58084 11.9256 14.2924
12.2988 13.8616 16.2034

15.9868 14.4476 15.2964
18.7278 17.0946 15.6884
20.4358 15.6836 12.5784
17.7238 14.1606 10.2834
20.4628 13.3616 7.77043
23.8818 12.4266 9.23843
25.9048 12.6556 5.95943
23.7658 12.1976 2.75143

20.2398 12.7946 1.23143
19.5808 8.98659 1.01443
19.3238 8.86459 4.89243
16.1068 11.0126 4.73643
14.0978 8.53659 2.58743
12.8218 6.35659 5.50143
11.7448 9.49059 7.47243
9.98784 10.9766 4.35743
7.96684 7.74459 3.73943
7.18084 7.45659 7.50143
5.62184 10.9996 7.51943

4.11884 10.7286 3.94343
3.73384 7.01259 2.85843
2.55384 8.13159 -0.664573
5.79084 10.0926 -1.39257
8.38884 8.14659 -3.47657
6.82584 4.59759 -3.11357
10.1498 3.16559 -4.45557

13.6248 4.36359 -3.31357
15.0068 4.36059 -6.91657
12.8598 7.41559 -7.91457
14.1608 9.35159 -4.84357
17.7608 8.18359 -5.55257
17.6978 9.22059 -9.26857
16.4878 12.7486 -8.31457
18.3228 13.5626 -5.02657

21.2158 11.0316 -4.64857
22.8748 11.5146 -8.12657
22.2268 7.80559 -8.74257

24.8038 6.15859 -11.0736
24.5548 2.81059 -12.9156
27.8348 0.967591 -12.1586

28.8308 -2.51441 -13.5866
27.7808 -4.08141 -10.1996

24.4248 -2.18841 -9.79257
23.2608 1.29459 -8.69857
25.3508 3.71959 -6.61657

23.3398 6.19059 -4.42257
26.2708 7.80659 -2.46357
25.9398 11.1336 -4.35657
23.7208 14.2206 -4.01057
21.5928 16.2806 -6.44957
18.8378 18.9756 -6.52757

19.2978 19.6926 -2.75257
17.4668 23.0906 -2.85157
14.3668 21.3146 -4.30857
14.6918 18.6006 -1.60457
14.8728 21.3686 1.08843
11.6648 23.0066 -0.280573
9.83184 19.6116 -0.389573
10.9438 18.7886 3.19743
9.88484 22.1866 4.68443
6.48284 22.2366 2.87143
5.30584 18.6276 3.40643

7.53684 16.6256 5.87243

9.66984 18.6836 8.25643
9.61184 21.5776 10.7274

13.2148 22.8196 11.2604
14.5218 25.8206 13.2494
18.0968 26.6556 14.2234

19.6228 28.1396 17.4514
20.2338 31.3436 15.4294
16.4788 31.5926 14.5294
15.0388 31.2226 18.0894

17.8498 31.7176 20.7114
19.8108 34.9526 19.8804
21.2248 34.7156 23.4804
23.2298 31.4476 23.0644

27.0288 32.1416 23.0494
28.7818 31.4076 19.7254

30.4378 28.0376 18.9824
34.0538 28.8856 18.0044
35.5908 25.9956 16.0024
39.2698 25.4976 15.0554
41.6318 22.8886 13.6534
44.6728 22.1936 15.8944
47.4918 20.6396 13.8394

49.2718 18.4386 16.4304
52.9868 18.2576 15.6204

53.9708 15.0266 13.6974
57.5858 15.4976 15.0254
56.5478 13.3056 18.0474

55.5068 10.5166 15.5624
58.6448 8.33559 15.6284

60.1508 7.06259 12.3304
58.8388 3.44459 12.8714
55.2168 4.64259 13.4224
55.4938 6.97259 10.3614
56.9228 4.12759 8.20943
53.9848 1.91059 9.39443
51.4388 4.64559 8.39643
53.2358 5.04359 5.00643
53.1488 1.21759 4.57543
49.3758 0.908591 5.32343
48.6878 3.96059 3.05543
50.6428 2.28459 0.168427
48.8688 -1.02841 0.959427
45.3718 0.523591 0.375427
46.4628 1.85459 -3.09557

47.9428 -1.47541 -4.34757
46.1128 -2.57341 -7.55257
46.2538 -6.35341 -7.01757
44.3828 -6.51441 -3.63257
40.8098 -7.74241 -3.12557

38.0138 -5.35541 -1.97157
38.3328 -7.01741 1.49143
42.1548 -6.55841 1.78043
41.6038 -2.85641 0.809427
39.0148 -2.50341 3.68443
41.3828 -4.32341 6.12143
44.3318 -2.03141 5.16443
41.9808 1.00659 5.62043
40.9658 -0.195409 9.14443
44.6808 -0.776409 9.95143
45.6508 2.74459 8.67943
42.8238 4.28359 10.7944
43.7788 2.33459 13.9924
47.5118 3.25159 13.4254
46.4618 6.94159 13.0654
44.8108 6.75259 16.5254
47.9708 5.17159 18.0944
50.2708 7.73259 16.3664
48.2718 10.7066 17.8124
48.2188 9.51059 21.5104
51.5058 11.2636 22.6474
50.5688 14.6966 21.1754
46.8838 14.3416 22.2154
48.2248 13.7936 25.7864
50.6968 16.7366 25.3994
47.7698 18.9876 24.3164
45.4578 17.8356 27.2064
48.2628 18.6036 29.7174
48.9168 22.0536 28.0924
45.1678 22.8506 28.5684
45.2948 21.8396 32.2934
48.6198 23.7046 32.8834

46.9618 26.7836 31.2004
44.4818 26.7686 34.1744
41.3128 25.4716 32.3834
38.6188 24.5186 34.9114
36.3658 22.1696 32.7874

36.5848 20.5746 29.3064
35.4168 17.4986 27.3354
37.7868 15.1366 25.4604
36.2008 13.0696 22.6564
37.8218 9.91459 21.1854

36.4398 6.61359 19.7084
39.3178 4.06959 19.7634

39.4488 2.38559 23.2164
43.3118 2.58759 23.2744
43.0818 6.44459 23.0324
40.4788 6.62959 25.8764
42.6398 4.19459 27.9624
45.9048 6.17659 27.4084
44.2278 9.55559 28.2544
42.6748 8.12659 31.4934
46.0108 6.49359 32.5234
47.9528 9.79659 32.1034
45.2668 11.8096 34.0114
45.4848 9.21859 36.8764
49.3468 9.44259 36.7614

49.0588 13.2976 37.0174
46.3908 12.8656 39.8184
43.8128 14.8256 37.7164
40.2088 14.1386 38.7854

38.2058 13.1476 35.6744
35.1208 11.1796 34.5084
35.0428 8.46259 31.7924
32.0408 7.36159 29.6484

32.3068 4.63959 26.9504
30.4738 1.54359 25.5364
31.0518 -0.373409 28.8454
29.6178 2.37559 31.1614
26.1048 1.37059 32.3504
22.9418 3.46659 31.6944
22.5688 4.57459 35.3824

26.3268 5.21659 35.9694
26.3178 7.44159 32.8024
23.7568 9.77359 34.4664
25.6058 9.71859 37.8504
29.0418 10.5066 36.2424
27.3008 13.2756 34.2194
25.9668 14.7636 37.5194
29.4438 14.3806 39.1724
31.0918 16.3966 36.3044
28.2438 18.9966 36.3544
28.1698 19.5606 40.1654

31.8028 18.8976 41.2994
34.3868 21.6796 40.6134
37.1898 19.0516 41.0634
36.3788 17.0476 37.8854
38.3478 19.0286 35.2644

38.2058 16.5046 32.3514
35.4458 14.3336 30.8724
36.9078 11.4716 28.7424
34.0518 10.5616 26.3694
33.4778 8.03359 23.5814

32.1658 9.92959 20.4804
29.7368 7.01959 19.7714
28.6738 6.17059 23.3684
28.1868 9.76459 24.7354
26.4648 11.2936 21.6024
23.0038 10.8196 23.2904
21.0058 11.7756 26.4414
23.7728 13.5416 28.4364
24.2218 17.3136 29.1214
27.6748 18.8566 29.8304
26.8378 22.5916 30.2764
29.5478 22.9236 33.0294
32.3318 22.8586 30.3564
33.2158 25.6636 27.8594

35.6628 23.5866 25.7174
35.3538 20.4226 23.5754
38.5208 18.6556 22.2904
38.1438 16.0226 19.5464

41.3038 13.8996 19.9904
40.0948 11.8796 16.9594
38.0838 12.6826 13.8114
34.8908 10.7176 13.0154
33.8048 10.1636 9.34843
30.1588 11.1356 10.0934

29.6188 14.9126 10.7414
26.1458 14.3646 12.3044
27.8468 12.4976 15.2244
30.4658 15.2936 15.6394
27.6288 17.9216 15.7934
25.7488 15.6816 18.3284
28.9268 15.6746 20.5084
29.4008 19.5256 20.2764

25.7028 20.0006 21.2944
26.3768 18.1536 24.5784
27.9978 21.4336 25.8434
26.0658 23.9556 23.6984
22.6818 23.4626 25.5224
20.1418 25.6366 27.4054
22.0658 26.5786 30.6024
25.3738 27.3506 28.7804
26.6028 30.9506 29.4944
30.1248 30.8816 27.8814
31.2278 30.8446 24.1954

31.8498 27.1636 23.3724
35.3398 26.3426 22.0404
35.6018 23.2916 19.7054
39.1628 22.0396 18.9644
39.6668 19.3556 16.2524
43.0868 17.6606 16.7604
44.6198 16.6446 13.3574

48.0088 15.1446 12.3354
49.7098 15.6636 8.90643
50.8158 12.2986 7.38243
47.7928 10.3236 8.80043
44.1208 9.32359 8.17443

43.1088 12.9076 9.25343
44.4278 14.2516 5.86943
41.6478 12.2436 4.05943
38.9488 12.3206 6.79343
38.9128 16.1346 7.21343
38.1018 16.9766 3.49943
35.5168 14.0896 3.54943
33.8078 15.5266 6.69343
33.8208 19.0396 5.07643
32.1278 17.9566 1.79443
29.5268 16.0316 3.90943
28.6848 19.1666 6.02843
28.3248 21.1586 2.75643
25.8518 18.5136 1.39143
23.9298 18.7796 4.72343
23.9448 22.6436 4.55943
22.7178 22.7276 0.889427

19.8448 20.4056 2.00643
19.0448 22.9476 4.85143
20.1208 20.3466 7.49543
23.1408 22.2536 8.97143
24.3158 25.8686 9.54343
27.7738 24.4296 10.2784
30.2478 25.5656 7.63343
33.6878 23.8936 8.10643
35.5728 25.6996 5.21743

36.5788 28.7886 7.29943
38.6268 26.5996 9.74243
40.9738 25.2826 6.96343
41.8248 28.6796 5.40443

43.0898 29.6386 8.93443
45.5748 26.6656 9.35743

End chain 1
