-13.201 -6.296 -53.957
-10.703 -3.406 -53.291
-9.54 -3.087 -49.639
-11.02 0.322 -48.639
-8.614 1.85 -46.053
-10.787 3.126 -43.162

-9.634 6.195 -41.181
-10.061 4.9 -37.589
-10.286 6.838 -34.306
-12.195 7.103 -30.979
-14.163 9.439 -28.711
-12.619 10.223 -25.263
-14.157 12.207 -22.344

-11.943 15.248 -21.466
-14.301 16.978 -18.949
-17.827 16.65 -17.399
-19.139 18.761 -20.353

-16.752 17.96 -23.312
-15.482 14.956 -25.281
-12.62 14.751 -27.824
-12.437 12.939 -31.204
-8.982 11.264 -31.393
-8.672 10.357 -35.1

-6.282 10.744 -38.079
-6.98 13.557 -40.6
-9.895 13.022 -43.051

-11.208 15.853 -45.293
-14.92 14.856 -45.011
-14.611 14.37 -41.226
-13.015 17.857 -40.827
-15.875 19.254 -42.999
-18.403 17.482 -40.669
-16.559 18.759 -37.515
-16.844 22.341 -38.957

-20.697 21.797 -39.029
-20.861 21.033 -35.24
-22.116 23.933 -33.104
-20.016 23.255 -29.939
-16.791 22.621 -31.971

-13.393 23.436 -30.391
-10.011 22.816 -32.063
-6.805 22.812 -29.99

-3.883 23.919 -32.209
-1.328 22.314 -29.773
-2.753 18.736 -29.691
-4.334 19.137 -33.217

-7.578 17.622 -31.79
-11.313 18.386 -31.995
-13.683 18.544 -28.991
-17.466 19.001 -28.65
-20.131 19.402 -25.91

-21.257 16.038 -24.476
-24.923 16.743 -25.497
-23.731 16.722 -29.178
-22.178 13.179 -28.839
-25.228 11.354 -30.322
-25.57 14.044 -33.093
-21.852 13.682 -34.021
-21.815 9.829 -34.037
-25.045 9.774 -36.128
-23.507 12.176 -38.75
-20.093 10.348 -38.803

-21.793 6.948 -39.527
-22.962 8.546 -42.834
-19.328 9.196 -43.991
-17.677 6.563 -46.261
-14.251 5.2 -45.121

-14.46 6.789 -41.562
-14.765 4.819 -38.279
-15.142 6.964 -35.114
-15.663 4.659 -32.101

-18.218 6.249 -29.657
-17.862 6.903 -25.912
-18.35 3.469 -24.195
-21.794 2.549 -22.772
-20.235 2.829 -19.255
-19.534 6.58 -19.812
-22.964 7.196 -21.431
-24.623 5.531 -18.378
-22.42 7.523 -15.909

-23.028 10.919 -17.654
-26.668 10.153 -18.714
-27.851 13.482 -17.123

-25.214 15.594 -18.963
-26 13.8 -22.296
-29.631 15.147 -21.909

-29.014 18.802 -20.797
-28.522 21.656 -23.337
-27.494 23.803 -20.296
-24.374 24.206 -18.108
-26.03 23.63 -14.722
-23.195 22.587 -12.38
-23.731 19.355 -10.334

-27.219 19.392 -8.694
-26.798 20.208 -4.988
-26.578 17.032 -2.906
-29.814 16.999 -0.82
-29.276 16.946 2.956
-30.305 13.551 4.343

-32.727 13.25 7.268
-30.389 11.851 9.975
-33.077 12.019 12.787
-33.159 8.159 12.923
-29.32 8.149 13.454
-27.82 8.306 16.969

-27.52 12.074 17.913
-23.991 11.509 19.371
-22.796 10.469 15.867
-24.731 13.185 13.93
-23.402 16.008 16.22
-19.738 14.82 15.861

-19.687 14.822 11.995
-17.445 17.587 10.586

-19.106 19.692 7.763
-17.231 17.783 4.996
-18.064 14.402 6.666
-21.796 15.407 6.677
-21.562 16.318 2.947
-19.943 12.855 2.346
-22.788 11.075 4.244
-25.363 13.084 2.191
-23.555 12.165 -1.104
-23.43 8.459 -0.115
-27.196 8.491 0.728
-28.024 10.343 -2.565

-25.973 7.645 -4.472
-28.214 5.048 -2.67
-25.512 3.7 -0.27

-23.352 2.353 -3.174
-19.956 4.118 -3.237
-16.209 4.012 -2.721
-15.295 6.541 0.021

-11.694 7.195 -1.128

-11.135 10.189 1.225
-7.504 10.605 2.377

-6.048 8.715 5.398
-7.361 9.956 8.784
-10.233 12.169 7.374
-12.706 9.981 9.408

-13.844 7.354 6.831
-15.012 5.081 9.734
-17.363 7.714 11.316
-18.876 8.506 7.854
-19.282 4.738 7.09
-21.02 4.042 10.461
-23.415 6.996 9.798
-24.247 5.855 6.195
-24.846 2.277 7.463
-26.955 3.52 10.461
-29.227 5.531 8.078

-29.9 2.058 6.507

-30.384 0.293 9.981
-33.886 -0.857 8.77
-32.05 -2.956 6.062
-29.626 -4.868 8.41
-27.981 -7.413 9.17

-24.774 -5.448 8.488
-21.551 -7.137 7.269
-18.235 -5.328 7.997
-15.132 -6.739 6.223
-11.829 -5.357 7.603

-8.05 -6.016 7.986
-7.416 -8.82 10.567
-5.856 -6.305 13.093
-8.689 -3.64 13.199

-11.758 -5.868 14.003
-11.895 -4.753 17.675
-11.154 -1.102 16.63
-14.365 -1.304 14.506
-16.414 -2.897 17.375
-15.268 -0.08 19.729
-16.109 2.476 16.969
-19.722 1.111 16.76
-20.082 1.14 20.611
-18.596 4.7 20.723
-20.823 6.195 17.978

-24.121 4.191 18.24
-24.851 3.95 22.056
-28.388 2.791 20.948
-26.764 -0.701 20.406
-26.03 -3.285 23.117

-22.632 -5.104 22.857
-24.638 -8.32 22.08
-25.78 -6.667 18.791

-22.091 -6.816 17.576
-20.505 -10.124 16.488
-16.681 -10.041 16.081

-15.702 -13.116 14.035
-12.316 -14.303 15.372
-12.201 -17.837 13.813
-13.405 -19.799 10.735
-15.769 -21.82 13.07
-17.788 -18.808 14.317
-21.352 -17.917 13.159
-21.075 -14.973 10.701
-24.816 -14.102 11.273
-24.919 -14.166 15.127
-25.108 -10.332 15.536
-27.08 -7.466 13.995

-23.588 -6.14 13.038
-21.065 -8.833 11.965
-17.336 -7.898 11.803
-15.009 -10.302 9.887
-11.529 -10.295 8.291

-10.658 -10.74 4.577
-8.757 -14.009 5.375
-11.833 -15.546 7.113
-14.3 -14.769 4.222

-12.926 -17.715 2.14
-13.287 -20.073 5.183
-16.843 -18.74 5.845
-18.014 -18.815 2.139
-20.731 -21.415 3.044
-22.243 -18.836 5.512
-21.955 -15.894 2.989
-25.071 -17.433 1.278
-27.188 -15.451 3.825
-28.094 -12.137 2.052
-26.367 -9.235 3.842
-28.236 -6.215 2.36

-25.704 -3.677 3.792
-21.936 -4.298 3.429
-19.007 -2.145 4.602
-15.517 -3.11 3.36

-12.662 -1.237 5.059
-9.341 -0.865 3.151

-11.066 -2.352 0.031
-7.765 -2.207 -1.968
-7.252 -5.742 -0.456
-9.774 -6.866 -3.176

-7.558 -5.436 -6.054
-6.861 -8.909 -7.611
-9.913 -10.983 -8.736
-7.994 -14.348 -8.638
-7.386 -14.116 -4.839

-9.551 -16.269 -2.508
-10.568 -13.122 -0.487
-11.832 -11.409 -3.693
-13.586 -14.593 -5.006
-15.461 -14.905 -1.648
-16.313 -11.137 -1.332
-17.465 -10.353 -4.925
-20.7 -12.523 -5.003
-21.961 -10.786 -1.799
-21.004 -7.272 -3.064
-22.893 -7.826 -6.386
-26.148 -8.927 -4.576

-26.072 -6.644 -1.465
-28.372 -3.542 -1.704

-25.826 -1.116 -0.104
-22.019 -1.347 -0.629
-19.769 1.077 1.29
-16.145 0.543 0.177
-13.427 2.479 2.088

-9.739 3.065 1.181
-6.998 5.712 1.573
-5.29 4.301 -1.537
-8.002 2.778 -3.832
-5.263 1.979 -6.345
-1.844 1.044 -4.877
0.179 1.273 -8.156
-1.96 0.815 -11.364

-5.486 1.412 -12.884
-6.145 -2.396 -13.101
-6.402 -2.518 -9.223
-9.619 -0.37 -9.379
-11.628 -2.846 -11.528
-12.904 -5.026 -8.614
-13.981 -1.892 -6.643
-15.738 -0.406 -9.758
-17.759 -3.638 -10.376
-18.545 -3.926 -6.614
-20.104 -0.383 -6.596

-21.607 -0.654 -10.172
-21.992 -4.37 -11.257
-23.172 -3.251 -14.78
-19.935 -1.29 -15.508
-17.337 -3.236 -17.592
-18.9 -6.785 -17.229
-15.576 -8.217 -18.571

-12.101 -7.019 -17.429
-10.719 -7.022 -21.032
-12.866 -3.967 -22.03
-11.565 -2.031 -18.959
-7.965 -3.199 -19.668
-8.028 -2.162 -23.384
-9.238 1.366 -22.43
-7.403 2.18 -19.142

-4.51 -0.351 -18.764
-2.851 0.132 -22.242
-3.499 -3.577 -22.858

-0.922 -5.224 -25.189
-1.171 -8.572 -27.031
2.109 -10.415 -26.274

3.105 -13.897 -27.702
2.055 -15.464 -24.315

-1.301 -13.571 -23.908
-2.465 -10.088 -22.814
-0.375 -7.663 -20.732

-2.386 -5.192 -18.538
0.545 -3.576 -16.579
0.214 -0.249 -18.472
-2.005 2.838 -18.126
-4.133 4.898 -20.565
-6.888 7.593 -20.643

-6.428 8.31 -16.868
-8.259 11.708 -16.967
-11.359 9.932 -18.424
-11.034 7.218 -15.72
-10.853 9.986 -13.027
-14.061 11.624 -14.396
-15.894 8.229 -14.505
-14.782 7.406 -10.918
-15.841 10.804 -9.431
-19.243 10.854 -11.244
-20.42 7.245 -10.709

-18.189 5.243 -8.243

-16.056 7.301 -5.859
-16.114 10.195 -3.388

-12.511 11.437 -2.855
-11.204 14.438 -0.866
-7.629 15.273 0.108

-6.103 16.757 3.336
-5.492 19.961 1.314
-9.247 20.21 0.414
-10.687 19.84 3.974

-7.876 20.335 6.596
-5.915 23.57 5.765
-4.501 23.333 9.365
-2.496 20.065 8.949

1.303 20.759 8.934
3.056 20.025 5.61

4.712 16.655 4.867
8.328 17.503 3.889
9.865 14.613 1.887
13.544 14.115 0.94
15.906 11.506 -0.462
18.947 10.811 1.779
21.766 9.257 -0.276

23.546 7.056 2.315
27.261 6.875 1.505

28.245 3.644 -0.418
31.86 4.115 0.91
30.822 1.923 3.932

32.4552 -0.614274 1.60693
36.0361 -1.54387 1.69623

34.6436 -5.07801 1.57878
32.257 -4.33654 4.44179
31.0104 -1.18872 2.71547
30.3917 -3.08975 -0.516587
28.4311 -5.77476 1.32453
26.2739 -3.159 3.0412
25.5217 -1.46258 -0.275326
24.5148 -4.77152 -1.85005
22.1846 -5.55271 1.04871
20.5344 -2.1408 0.768181
19.9889 -2.60403 -2.96421
18.4084 -6.01515 -2.40811
16.0558 -4.60386 0.22181
14.9864 -1.7943 -2.10316
14.2767 -4.25645 -4.90976

15.7567 -7.58645 -6.16176
13.9267 -8.68445 -9.36676
14.0677 -12.4645 -8.83176
12.1967 -12.6255 -5.44676
8.62368 -13.8535 -4.93976

5.82768 -11.4665 -3.78576
6.14668 -13.1285 -0.32276
9.96868 -12.6695 -0.0337604
9.41768 -8.96745 -1.00476
6.82868 -8.61445 1.87024
9.19668 -10.4345 4.30724
12.1457 -8.14245 3.35024
9.79468 -5.10445 3.80624
8.77968 -6.30645 7.33024
12.4947 -6.88745 8.13724
13.4647 -3.36645 6.86524
10.6377 -1.82745 8.98024
11.5927 -3.77645 12.1782
15.3257 -2.85945 11.6112
14.2757 0.830545 11.2512
12.6247 0.641545 14.7112
15.7847 -0.939455 16.2802
18.0847 1.62155 14.5522
16.0857 4.59555 15.9982
16.0327 3.39955 19.6962
19.3197 5.15255 20.8332
18.3827 8.58555 19.3612
14.6977 8.23055 20.4012
16.0387 7.68255 23.9722
18.5107 10.6255 23.5852
15.5837 12.8765 22.5022
13.2717 11.7245 25.3922
16.0767 12.4925 27.9032
16.7307 15.9425 26.2782
12.9817 16.7395 26.7542
13.1087 15.7285 30.4792
16.4337 17.5935 31.0692

14.7757 20.6725 29.3862
12.2957 20.6575 32.3602
9.12668 19.3605 30.5692
6.43268 18.4075 33.0972
4.17968 16.0585 30.9732

4.39868 14.4635 27.4922
3.23068 11.3875 25.5212
5.60068 9.02555 23.6462
4.01468 6.95855 20.8422
5.63568 3.80355 19.3712

4.25368 0.502545 17.8942
7.13168 -2.04145 17.9492

7.26268 -3.72545 21.4022
11.1257 -3.52345 21.4602
10.8957 0.333545 21.2182
8.29268 0.518545 24.0622
10.4537 -1.91645 26.1482
13.7187 0.0655453 25.5942
12.0417 3.44455 26.4402
10.4887 2.01555 29.6792
13.8247 0.382545 30.7092
15.7667 3.68555 30.2892
13.0807 5.69855 32.1972
13.2987 3.10755 35.0622
17.1607 3.33155 34.9472

16.8727 7.18655 35.2032
14.2047 6.75455 38.0042
11.6267 8.71455 35.9022
8.02268 8.02755 36.9712

6.01968 7.03655 33.8602
2.93468 5.06855 32.6942
2.85668 2.35155 29.9782
-0.145317 1.25055 27.8342

0.120683 -1.47145 25.1362
-1.71232 -4.56745 23.7222
-1.13432 -6.48445 27.0312
-2.56832 -3.73545 29.3472
-6.08132 -4.74045 30.5362
-9.24432 -2.64445 29.8802
-9.61732 -1.53645 33.5682

-5.85932 -0.894455 34.1552
-5.86832 1.33055 30.9882
-8.42932 3.66255 32.6522
-6.58032 3.60755 36.0362
-3.14432 4.39555 34.4282
-4.88532 7.16455 32.4052
-6.21932 8.65255 35.7052
-2.74232 8.26955 37.3582
-1.09432 10.2855 34.4902
-3.94232 12.8855 34.5402
-4.01632 13.4495 38.3512

-0.383317 12.7865 39.4852
2.20068 15.5685 38.7992
5.00368 12.9405 39.2492
4.19268 10.9365 36.0712
6.16168 12.9175 33.4502

6.01968 10.3935 30.5372
3.25968 8.22255 29.0582
4.72168 5.36055 26.9282
1.86568 4.45055 24.5552
1.29168 1.92255 21.7672

-0.0203167 3.81855 18.6662
-2.44932 0.908545 17.9572
-3.51232 0.0595453 21.5542
-3.99932 3.65355 22.9212
-5.72132 5.18255 19.7882
-9.18232 4.70855 21.4762
-11.1803 5.66455 24.6272
-8.41332 7.43055 26.6222
-7.96432 11.2025 27.3072
-4.51132 12.7455 28.0162
-5.34832 16.4805 28.4622
-2.63832 16.8125 31.2152
0.145683 16.7475 28.5422
1.02968 19.5525 26.0452

3.47668 17.4755 23.9032
3.16768 14.3115 21.7612
6.33468 12.5445 20.4762
5.95768 9.91155 17.7322

9.11768 7.78855 18.1762
7.90868 5.76855 15.1452
5.89768 6.57155 11.9972
2.70468 4.60655 11.2012
1.61868 4.05255 7.53424
-2.02732 5.02455 8.27924

-2.56732 8.80155 8.92724
-6.04032 8.25355 10.4902
-4.33932 6.38655 13.4102
-1.72032 9.18255 13.8252
-4.55732 11.8105 13.9792
-6.43732 9.57055 16.5142
-3.25932 9.56355 18.6942
-2.78532 13.4145 18.4622

-6.48332 13.8895 19.4802
-5.80932 12.0425 22.7642
-4.18832 15.3225 24.0292
-6.12032 17.8445 21.8842
-9.50432 17.3515 23.7082
-12.0443 19.5255 25.5912
-10.1203 20.4675 28.7882
-6.81232 21.2395 26.9662
-5.58332 24.8395 27.6802
-2.06132 24.7705 26.0672
-0.958317 24.7335 22.3812

-0.336317 21.0525 21.5582
3.15368 20.2315 20.2262
3.41568 17.1805 17.8912
6.97668 15.9285 17.1502
7.48068 13.2445 14.4382
10.9007 11.5495 14.9462
12.4337 10.5335 11.5432

15.8227 9.03355 10.5212
17.5237 9.55255 7.09224
18.6297 6.18755 5.56824
15.6067 4.21255 6.98624
11.9347 3.21255 6.36024

10.9227 6.79655 7.43924
12.2417 8.14055 4.05524
9.46168 6.13255 2.24524
6.76268 6.20955 4.97924
6.72668 10.0235 5.39924
5.91568 10.8655 1.68524
3.33068 7.97855 1.73524
1.62168 9.41555 4.87924
1.63468 12.9285 3.26224
-0.0583167 11.8455 -0.0197604
-2.65932 9.92055 2.09524
-3.50132 13.0555 4.21424
-3.86132 15.0475 0.94224
-6.33432 12.4025 -0.42276
-8.25632 12.6685 2.90924
-8.24132 16.5325 2.74524
-9.46832 16.6165 -0.92476

-12.3413 14.2945 0.19224
-13.1413 16.8365 3.03724
-12.0653 14.2355 5.68124
-9.04532 16.1425 7.15724
-7.87032 19.7575 7.72924
-4.41232 18.3185 8.46424
-1.93832 19.4545 5.81924
1.50168 17.7825 6.29224
3.38668 19.5885 3.40324

4.39268 22.6775 5.48524
6.44068 20.4885 7.92824
8.78768 19.1715 5.14924
9.63868 22.5685 3.59024

10.9037 23.5275 7.12024
13.3887 20.5545 7.54324

End chain 1
