-13.201 -6.296 -53.957
-10.703 -3.406 -53.291
-9.54 -3.087 -49.639
-11.02 0.322 -48.639
-8.614 1.85 -46.053
-10.787 3.126 -43.162

-9.634 6.195 -41.181
-10.061 4.9 -37.589
-10.286 6.838 -34.306
-12.195 7.103 -30.979
-14.163 9.439 -28.711
-12.619 10.223 -25.263
-14.157 12.207 -22.344

-11.943 15.248 -21.466
-14.301 16.978 -18.949
-17.827 16.65 -17.399
-19.139 18.761 -20.353

-16.752 17.96 -23.312
-15.482 14.956 -25.281
-12.62 14.751 -27.824
-12.437 12.939 -31.204
-8.982 11.264 -31.393
-8.672 10.357 -35.1

-6.282 10.744 -38.079
-6.98 13.557 -40.6
-9.895 13.022 -43.051

-11.208 15.853 -45.293
-14.92 14.856 -45.011
-14.611 14.37 -41.226
-13.015 17.857 -40.827
-15.875 19.254 -42.999
-18.403 17.482 -40.669
-16.559 18.759 -37.515
-16.844 22.341 -38.957

-20.697 21.797 -39.029
-20.861 21.033 -35.24
-22.116 23.933 -33.104
-20.016 23.255 -29.939
-16.791 22.621 -31.971

-13.393 23.436 -30.391
-10.011 22.816 -32.063
-6.805 22.812 -29.99

-3.883 23.919 -32.209
-1.328 22.314 -29.773
-2.753 18.736 -29.691
-4.334 19.137 -33.217

-7.578 17.622 -31.79
-11.313 18.386 -31.995
-13.683 18.544 -28.991
-17.466 19.001 -28.65
-20.131 19.402 -25.91

-21.257 16.038 -24.476
-24.923 16.743 -25.497
-23.731 16.722 -29.178
-22.178 13.179 -28.839
-25.228 11.354 -30.322
-25.57 14.044 -33.093
-21.852 13.682 -34.021
-21.815 9.829 -34.037
-25.045 9.774 -36.128
-23.507 12.176 -38.75
-20.093 10.348 -38.803

-21.793 6.948 -39.527
-22.962 8.546 -42.834
-19.328 9.196 -43.991
-17.677 6.563 -46.261
-14.251 5.2 -45.121

-14.46 6.789 -41.562
-14.765 4.819 -38.279
-15.142 6.964 -35.114
-15.663 4.659 -32.101

-18.218 6.249 -29.657
-17.862 6.903 -25.912
-18.35 3.469 -24.195
-21.794 2.549 -22.772
-20.235 2.829 -19.255
-19.534 6.58 -19.812
-22.964 7.196 -21.431
-24.623 5.531 -18.378
-22.42 7.523 -15.909

-23.028 10.919 -17.654
-26.668 10.153 -18.714
-27.851 13.482 -17.123

-25.214 15.594 -18.963
-26 13.8 -22.296
-29.631 15.147 -21.909

-29.014 18.802 -20.797
-28.522 21.656 -23.337
-27.494 23.803 -20.296
-24.374 24.206 -18.108
-26.03 23.63 -14.722
-23.195 22.587 -12.38
-23.731 19.355 -10.334

-27.219 19.392 -8.694
-26.798 20.208 -4.988
-26.578 17.032 -2.906
-29.814 16.999 -0.82
-29.276 16.946 2.956
-30.305 13.551 4.343

-32.727 13.25 7.268
-30.389 11.851 9.975
-33.077 12.019 12.787
-33.159 8.159 12.923
-29.32 8.149 13.454
-27.82 8.306 16.969

-27.52 12.074 17.913
-23.991 11.509 19.371
-22.796 10.469 15.867
-24.731 13.185 13.93
-23.402 16.008 16.22
-19.738 14.82 15.861

-19.687 14.822 11.995
-17.445 17.587 10.586

-19.106 19.692 7.763
-17.231 17.783 4.996
-18.064 14.402 6.666
-21.796 15.407 6.677
-21.562 16.318 2.947
-19.943 12.855 2.346
-22.788 11.075 4.244
-25.363 13.084 2.191
-23.555 12.165 -1.104
-23.43 8.459 -0.115
-27.196 8.491 0.728
-28.024 10.343 -2.565

-25.973 7.645 -4.472
-28.214 5.048 -2.67
-25.512 3.7 -0.27

-23.352 2.353 -3.174
-19.956 4.118 -3.237
-16.209 4.012 -2.721
-15.295 6.541 0.021

-11.694 7.195 -1.128

-11.135 10.189 1.225
-7.504 10.605 2.377

-6.048 8.715 5.398
-7.361 9.956 8.784
-10.233 12.169 7.374
-12.706 9.981 9.408

-13.844 7.354 6.831
-15.012 5.081 9.734
-17.363 7.714 11.316
-18.876 8.506 7.854
-19.282 4.738 7.09
-21.02 4.042 10.461
-23.415 6.996 9.798
-24.247 5.855 6.195
-24.846 2.277 7.463
-26.955 3.52 10.461
-29.227 5.531 8.078

-29.9 2.058 6.507

-30.384 0.293 9.981
-33.886 -0.857 8.77
-32.05 -2.956 6.062
-29.626 -4.868 8.41
-27.981 -7.413 9.17

-24.774 -5.448 8.488
-21.551 -7.137 7.269
-18.235 -5.328 7.997
-15.132 -6.739 6.223
-11.829 -5.357 7.603

-8.05 -6.016 7.986
-7.416 -8.82 10.567
-5.856 -6.305 13.093
-8.689 -3.64 13.199

-11.758 -5.868 14.003
-11.895 -4.753 17.675
-11.154 -1.102 16.63
-14.365 -1.304 14.506
-16.414 -2.897 17.375
-15.268 -0.08 19.729
-16.109 2.476 16.969
-19.722 1.111 16.76
-20.082 1.14 20.611
-18.596 4.7 20.723
-20.823 6.195 17.978

-24.121 4.191 18.24
-24.851 3.95 22.056
-28.388 2.791 20.948
-26.764 -0.701 20.406
-26.03 -3.285 23.117

-22.632 -5.104 22.857
-24.638 -8.32 22.08
-25.78 -6.667 18.791

-22.091 -6.816 17.576
-20.505 -10.124 16.488
-16.681 -10.041 16.081

-15.702 -13.116 14.035
-12.316 -14.303 15.372
-12.201 -17.837 13.813
-13.405 -19.799 10.735
-15.769 -21.82 13.07
-17.788 -18.808 14.317
-21.352 -17.917 13.159
-21.075 -14.973 10.701
-24.816 -14.102 11.273
-24.919 -14.166 15.127
-25.108 -10.332 15.536
-27.08 -7.466 13.995

-23.588 -6.14 13.038
-21.065 -8.833 11.965
-17.336 -7.898 11.803
-15.009 -10.302 9.887
-11.529 -10.295 8.291

-10.658 -10.74 4.577
-8.757 -14.009 5.375
-11.833 -15.546 7.113
-14.3 -14.769 4.222

-12.926 -17.715 2.14
-13.287 -20.073 5.183
-16.843 -18.74 5.845
-18.014 -18.815 2.139
-20.731 -21.415 3.044
-22.243 -18.836 5.512
-21.955 -15.894 2.989
-25.071 -17.433 1.278
-27.188 -15.451 3.825
-28.094 -12.137 2.052
-26.367 -9.235 3.842
-28.236 -6.215 2.36

-25.704 -3.677 3.792
-21.936 -4.298 3.429
-19.007 -2.145 4.602
-15.517 -3.11 3.36

-12.662 -1.237 5.059
-9.341 -0.865 3.151

-11.066 -2.352 0.031
-7.765 -2.207 -1.968
-7.252 -5.742 -0.456
-9.774 -6.866 -3.176

-7.558 -5.436 -6.054
-6.861 -8.909 -7.611
-9.913 -10.983 -8.736
-7.994 -14.348 -8.638
-7.386 -14.116 -4.839

-9.551 -16.269 -2.508
-10.568 -13.122 -0.487
-11.832 -11.409 -3.693
-13.586 -14.593 -5.006
-15.461 -14.905 -1.648
-16.313 -11.137 -1.332
-17.465 -10.353 -4.925
-20.7 -12.523 -5.003
-21.961 -10.786 -1.799
-21.004 -7.272 -3.064
-22.893 -7.826 -6.386
-26.148 -8.927 -4.576

-26.072 -6.644 -1.465
-28.372 -3.542 -1.704

-25.826 -1.116 -0.104
-22.019 -1.347 -0.629
-19.769 1.077 1.29
-16.145 0.543 0.177
-13.427 2.479 2.088

-9.739 3.065 1.181
-6.998 5.712 1.573
-5.29 4.301 -1.537
-8.002 2.778 -3.832
-5.263 1.979 -6.345
-1.844 1.044 -4.877
0.179 1.273 -8.156
-1.96 0.815 -11.364

-5.486 1.412 -12.884
-6.145 -2.396 -13.101
-6.402 -2.518 -9.223
-9.619 -0.37 -9.379
-11.628 -2.846 -11.528
-12.904 -5.026 -8.614
-13.981 -1.892 -6.643
-15.738 -0.406 -9.758
-17.759 -3.638 -10.376
-18.545 -3.926 -6.614
-20.104 -0.383 -6.596

-21.607 -0.654 -10.172
-21.992 -4.37 -11.257
-23.172 -3.251 -14.78
-19.935 -1.29 -15.508
-17.337 -3.236 -17.592
-18.9 -6.785 -17.229
-15.576 -8.217 -18.571

-12.101 -7.019 -17.429
-10.719 -7.022 -21.032
-12.866 -3.967 -22.03
-11.565 -2.031 -18.959
-7.965 -3.199 -19.668
-8.028 -2.162 -23.384
-9.238 1.366 -22.43
-7.403 2.18 -19.142

-4.51 -0.351 -18.764
-2.851 0.132 -22.242
-3.499 -3.577 -22.858

-0.922 -5.224 -25.189
-1.171 -8.572 -27.031
2.109 -10.415 -26.274

3.105 -13.897 -27.702
2.055 -15.464 -24.315

-1.301 -13.571 -23.908
-2.465 -10.088 -22.814
-0.375 -7.663 -20.732

-2.386 -5.192 -18.538
0.545 -3.576 -16.579
0.214 -0.249 -18.472
-2.005 2.838 -18.126
-4.133 4.898 -20.565
-6.888 7.593 -20.643

-6.428 8.31 -16.868
-8.259 11.708 -16.967
-11.359 9.932 -18.424
-11.034 7.218 -15.72
-10.853 9.986 -13.027
-14.061 11.624 -14.396
-15.894 8.229 -14.505
-14.782 7.406 -10.918
-15.841 10.804 -9.431
-19.243 10.854 -11.244
-20.42 7.245 -10.709

-18.173 5.64656 -8.14392

-20.0373 5.00908 -4.91216
-18.7008 1.65897 -3.84199

-15.0978 2.90097 -3.30899
-13.7908 5.90197 -1.31999
-10.2158 6.73697 -0.345986

-8.68979 8.22097 2.88201
-8.07879 11.425 0.860014
-11.8338 11.674 -0.0399862
-13.2738 11.304 3.52001

-10.4628 11.799 6.14201
-8.50179 15.034 5.31101
-7.08779 14.797 8.91101
-5.08279 11.529 8.49501

-1.28379 12.223 8.48001
0.469208 11.489 5.15601

2.12521 8.11897 4.41301
5.74121 8.96697 3.43501
7.27821 6.07697 1.43301
10.9572 5.57897 0.486014
13.3192 2.96997 -0.915986
16.3602 2.27497 1.32501
19.1792 0.720973 -0.729986

20.9592 -1.48003 1.86101
24.6742 -1.66103 1.05101

25.6582 -4.89203 -0.871986
29.2732 -4.42103 0.456014
28.2352 -6.61303 3.47801

27.1942 -9.40203 0.993014
30.3322 -11.583 1.05901

31.8382 -12.856 -2.23899
30.5262 -16.474 -1.69799
26.9042 -15.276 -1.14699
27.1812 -12.946 -4.20799
28.6102 -15.791 -6.35999
25.6722 -18.008 -5.17499
23.1262 -15.273 -6.17299
24.9232 -14.875 -9.56299
24.8362 -18.701 -9.99399
21.0632 -19.01 -9.24599
20.3752 -15.958 -11.514
22.3302 -17.634 -14.401
20.5562 -20.947 -13.61
17.0592 -19.395 -14.194
18.1502 -18.064 -17.665

19.6302 -21.394 -18.917
17.8002 -22.492 -22.122
17.9412 -26.272 -21.587
16.0702 -26.433 -18.202
12.4972 -27.661 -17.695

9.70121 -25.274 -16.541
10.0202 -26.936 -13.078
13.8422 -26.477 -12.789
13.2912 -22.775 -13.76
10.7022 -22.422 -10.885
13.0702 -24.242 -8.44799
16.0192 -21.95 -9.40499
13.6682 -18.912 -8.94899
12.6532 -20.114 -5.42499
16.3682 -20.695 -4.61799
17.3382 -17.174 -5.88999
14.5112 -15.635 -3.77499
15.4662 -17.584 -0.576986
19.1992 -16.667 -1.14399
18.1492 -12.977 -1.50399
16.4982 -13.166 1.95601
19.6582 -14.747 3.52501
21.9582 -12.186 1.79701
19.9592 -9.21203 3.24301
19.9062 -10.408 6.94101
23.1932 -8.65503 8.07801
22.2562 -5.22203 6.60601
18.5712 -5.57703 7.64601
19.9122 -6.12503 11.217
22.3842 -3.18203 10.83
19.4572 -0.931027 9.74701
17.1452 -2.08303 12.637
19.9502 -1.31503 15.148
20.6042 2.13497 13.523
16.8552 2.93197 13.999
16.9822 1.92097 17.724
20.3072 3.78597 18.314

18.6492 6.86497 16.631
16.1692 6.84997 19.605
13.0002 5.55297 17.814
10.3062 4.59997 20.342
8.05321 2.25097 18.218

8.27221 0.655973 14.737
7.10421 -2.42003 12.766
9.47421 -4.78203 10.891
7.88821 -6.84903 8.08701
9.50921 -10.004 6.61601

8.12721 -13.305 5.13901
11.0052 -15.849 5.19401

11.1362 -17.533 8.64701
14.9992 -17.331 8.70501
14.7692 -13.474 8.46301
12.1662 -13.289 11.307
14.3272 -15.724 13.393
17.5922 -13.742 12.839
15.9152 -10.363 13.685
14.3622 -11.792 16.924
17.6982 -13.425 17.954
19.6402 -10.122 17.534
16.9542 -8.10903 19.442
17.1722 -10.7 22.307
21.0342 -10.476 22.192

20.7462 -6.62103 22.448
18.0782 -7.05303 25.249
15.5002 -5.09303 23.147
11.8962 -5.78003 24.216

9.89321 -6.77103 21.105
6.80821 -8.73903 19.939
6.73021 -11.456 17.223
3.72821 -12.557 15.079

3.99421 -15.279 12.381
2.16121 -18.375 10.967
2.73921 -20.292 14.276
1.30521 -17.543 16.592
-2.20779 -18.548 17.781
-5.37079 -16.452 17.125
-5.74379 -15.344 20.813

-1.98579 -14.702 21.4
-1.99479 -12.477 18.233
-4.55579 -10.145 19.897
-2.70679 -10.2 23.281
0.729208 -9.41203 21.673
-1.01179 -6.64303 19.65
-2.34579 -5.15503 22.95
1.13121 -5.53803 24.603
2.77921 -3.52203 21.735
-0.0687925 -0.922027 21.785
-0.142792 -0.358027 25.596

3.49021 -1.02103 26.73
6.07421 1.76097 26.044
8.87721 -0.867027 26.494
8.06621 -2.87103 23.316
10.0352 -0.890027 20.695

9.89321 -3.41403 17.782
7.13321 -5.58503 16.303
8.59521 -8.44703 14.173
5.73921 -9.35703 11.8
5.16521 -11.885 9.01201

3.85321 -9.98903 5.91101
1.42421 -12.899 5.20201
0.361208 -13.748 8.79901
-0.125792 -10.154 10.166
-1.84779 -8.62503 7.03301
-5.30879 -9.09903 8.72101
-7.30679 -8.14303 11.872
-4.53979 -6.37703 13.867
-4.09079 -2.60503 14.552
-0.637792 -1.06203 15.261
-1.47479 2.67297 15.707
1.23521 3.00497 18.46
4.01921 2.93997 15.787
4.90321 5.74497 13.29

7.35021 3.66797 11.148
7.04121 0.503973 9.00601
10.2082 -1.26303 7.72101
9.83121 -3.89603 4.97701

12.9912 -6.01903 5.42101
11.7822 -8.03903 2.39001
9.77121 -7.23603 -0.757986
6.57821 -9.20103 -1.55399
5.49221 -9.75503 -5.22099
1.84621 -8.78303 -4.47599

1.30621 -5.00603 -3.82799
-2.16679 -5.55403 -2.26499
-0.465792 -7.42103 0.655014
2.15321 -4.62503 1.07001
-0.683792 -1.99703 1.22401
-2.56379 -4.23703 3.75901
0.614208 -4.24403 5.93901
1.08821 -0.393027 5.70701

-2.60979 0.0819735 6.72501
-1.93579 -1.76503 10.009
-0.314792 1.51497 11.274
-2.24679 4.03697 9.12901
-5.63079 3.54397 10.953
-8.17079 5.71797 12.836
-6.24679 6.65997 16.033
-2.93879 7.43197 14.211
-1.70979 11.032 14.925
1.81221 10.963 13.312
2.91521 10.926 9.62601

3.53721 7.24497 8.80301
7.02721 6.42397 7.47101
7.28921 3.37297 5.13601
10.8502 2.12097 4.39501
11.3542 -0.563027 1.68301
14.7742 -2.25803 2.19101
16.3072 -3.27403 -1.21199

19.6962 -4.77403 -2.23399
21.3972 -4.25503 -5.66299
22.5032 -7.62003 -7.18699
19.4802 -9.59503 -5.76899
15.8082 -10.595 -6.39499

14.7962 -7.01103 -5.31599
16.1152 -5.66703 -8.69999
13.3352 -7.67503 -10.51
10.6362 -7.59803 -7.77599
10.6002 -3.78403 -7.35599
9.78921 -2.94203 -11.07
7.20421 -5.82903 -11.02
5.49521 -4.39203 -7.87599
5.50821 -0.879027 -9.49299
3.81521 -1.96203 -12.775
1.21421 -3.88703 -10.66
0.372208 -0.752027 -8.54099
0.0122075 1.23997 -11.813
-2.46079 -1.40503 -13.178
-4.38279 -1.13903 -9.84599
-4.36779 2.72497 -10.01
-5.59479 2.80897 -13.68

-8.46779 0.486973 -12.563
-9.26779 3.02897 -9.71799
-8.19179 0.427973 -7.07399
-5.17179 2.33497 -5.59799
-3.99679 5.94997 -5.02599
-0.538792 4.51097 -4.29099
1.93521 5.64697 -6.93599
5.37521 3.97497 -6.46299
7.26021 5.78097 -9.35199

8.26621 8.86997 -7.26999
10.3142 6.68097 -4.82699
12.6612 5.36397 -7.60599
13.5122 8.76097 -9.16499

14.7772 9.71997 -5.63499
17.2622 6.74697 -5.21199

End chain 1
