-13.201 -6.296 -53.957
-10.703 -3.406 -53.291
-9.54 -3.087 -49.639
-11.02 0.322 -48.639
-8.614 1.85 -46.053
-10.787 3.126 -43.162

-9.634 6.195 -41.181
-10.061 4.9 -37.589
-10.286 6.838 -34.306
-12.195 7.103 -30.979
-14.163 9.439 -28.711
-12.619 10.223 -25.263
-14.157 12.207 -22.344

-11.943 15.248 -21.466
-14.301 16.978 -18.949
-17.827 16.65 -17.399
-19.139 18.761 -20.353

-16.752 17.96 -23.312
-15.482 14.956 -25.281
-12.62 14.751 -27.824
-12.437 12.939 -31.204
-8.982 11.264 -31.393
-8.672 10.357 -35.1

-6.282 10.744 -38.079
-6.98 13.557 -40.6
-9.895 13.022 -43.051

-11.208 15.853 -45.293
-14.92 14.856 -45.011
-14.611 14.37 -41.226
-13.015 17.857 -40.827
-15.875 19.254 -42.999
-18.403 17.482 -40.669
-16.559 18.759 -37.515
-16.844 22.341 -38.957

-20.697 21.797 -39.029
-20.861 21.033 -35.24
-22.116 23.933 -33.104
-20.016 23.255 -29.939
-16.791 22.621 -31.971

-13.393 23.436 -30.391
-10.011 22.816 -32.063
-6.805 22.812 -29.99

-3.883 23.919 -32.209
-1.328 22.314 -29.773
-2.753 18.736 -29.691
-4.334 19.137 -33.217

-7.578 17.622 -31.79
-11.313 18.386 -31.995
-13.683 18.544 -28.991
-17.466 19.001 -28.65
-20.131 19.402 -25.91

-21.257 16.038 -24.476
-24.923 16.743 -25.497
-23.731 16.722 -29.178
-22.178 13.179 -28.839
-25.228 11.354 -30.322
-25.57 14.044 -33.093
-21.852 13.682 -34.021
-21.815 9.829 -34.037
-25.045 9.774 -36.128
-23.507 12.176 -38.75
-20.093 10.348 -38.803

-21.793 6.948 -39.527
-22.962 8.546 -42.834
-19.328 9.196 -43.991
-17.677 6.563 -46.261
-14.251 5.2 -45.121

-14.46 6.789 -41.562
-14.765 4.819 -38.279
-15.142 6.964 -35.114
-15.663 4.659 -32.101

-18.218 6.249 -29.657
-17.862 6.903 -25.912
-18.35 3.469 -24.195
-21.794 2.549 -22.772
-20.235 2.829 -19.255
-19.534 6.58 -19.812
-22.964 7.196 -21.431
-24.623 5.531 -18.378
-22.42 7.523 -15.909

-23.028 10.919 -17.654
-26.668 10.153 -18.714
-27.851 13.482 -17.123

-25.214 15.594 -18.963
-26 13.8 -22.296
-29.631 15.147 -21.909

-29.014 18.802 -20.797
-28.522 21.656 -23.337
-27.494 23.803 -20.296
-24.374 24.206 -18.108
-26.03 23.63 -14.722
-23.195 22.587 -12.38
-23.731 19.355 -10.334

-27.219 19.392 -8.694
-26.798 20.208 -4.988
-26.578 17.032 -2.906
-29.814 16.999 -0.82
-29.276 16.946 2.956
-30.305 13.551 4.343

-32.727 13.25 7.268
-30.389 11.851 9.975
-33.077 12.019 12.787
-33.159 8.159 12.923
-29.32 8.149 13.454
-27.82 8.306 16.969

-27.52 12.074 17.913
-23.991 11.509 19.371
-22.796 10.469 15.867
-24.731 13.185 13.93
-23.402 16.008 16.22
-19.738 14.82 15.861

-19.687 14.822 11.995
-17.445 17.587 10.586

-19.106 19.692 7.763
-17.231 17.783 4.996
-18.064 14.402 6.666
-21.796 15.407 6.677
-21.562 16.318 2.947
-19.943 12.855 2.346
-22.788 11.075 4.244
-25.363 13.084 2.191
-23.555 12.165 -1.104
-23.43 8.459 -0.115
-27.196 8.491 0.728
-28.024 10.343 -2.565

-25.973 7.645 -4.472
-28.214 5.048 -2.67
-25.512 3.7 -0.27

-23.352 2.353 -3.174
-19.956 4.118 -3.237
-16.209 4.012 -2.721
-15.295 6.541 0.021

-11.694 7.195 -1.128

-11.135 10.189 1.225
-7.504 10.605 2.377

-6.048 8.715 5.398
-7.361 9.956 8.784
-10.233 12.169 7.374
-12.706 9.981 9.408

-13.844 7.354 6.831
-15.012 5.081 9.734
-17.363 7.714 11.316
-18.876 8.506 7.854
-19.282 4.738 7.09
-21.02 4.042 10.461
-23.415 6.996 9.798
-24.247 5.855 6.195
-24.846 2.277 7.463
-26.955 3.52 10.461
-29.227 5.531 8.078

-29.9 2.058 6.507

-30.384 0.293 9.981
-33.886 -0.857 8.77
-32.05 -2.956 6.062
-29.626 -4.868 8.41
-27.981 -7.413 9.17

-24.774 -5.448 8.488
-21.551 -7.137 7.269
-18.235 -5.328 7.997
-15.132 -6.739 6.223
-11.829 -5.357 7.603

-8.05 -6.016 7.986
-7.416 -8.82 10.567
-5.856 -6.305 13.093
-8.689 -3.64 13.199

-11.758 -5.868 14.003
-11.895 -4.753 17.675
-11.154 -1.102 16.63
-14.365 -1.304 14.506
-16.414 -2.897 17.375
-15.268 -0.08 19.729
-16.109 2.476 16.969
-19.722 1.111 16.76
-20.082 1.14 20.611
-18.596 4.7 20.723
-20.823 6.195 17.978

-24.121 4.191 18.24
-24.851 3.95 22.056
-28.388 2.791 20.948
-26.764 -0.701 20.406
-26.03 -3.285 23.117

-22.632 -5.104 22.857
-24.638 -8.32 22.08
-25.78 -6.667 18.791

-22.091 -6.816 17.576
-20.505 -10.124 16.488
-16.681 -10.041 16.081

-15.702 -13.116 14.035
-12.316 -14.303 15.372
-12.201 -17.837 13.813
-13.405 -19.799 10.735
-15.769 -21.82 13.07
-17.788 -18.808 14.317
-21.352 -17.917 13.159
-21.075 -14.973 10.701
-24.816 -14.102 11.273
-24.919 -14.166 15.127
-25.108 -10.332 15.536
-27.08 -7.466 13.995

-23.588 -6.14 13.038
-21.065 -8.833 11.965
-17.336 -7.898 11.803
-15.009 -10.302 9.887
-11.529 -10.295 8.291

-10.658 -10.74 4.577
-8.757 -14.009 5.375
-11.833 -15.546 7.113
-14.3 -14.769 4.222

-11.8116 -16.282 1.83814
-9.06419 -18.3291 0.135965
-6.40414 -20.1476 -2.00012
-4.60682 -17.6546 0.353415
-5.41925 -14.1599 -0.56997
-7.90014 -14.6437 -3.35693
-6.64015 -14.77 -6.89396
-8.58205 -17.9641 -6.64239
-10.2818 -21.3364 -6.08456
-13.8086 -22.4772 -6.44387
-14.0621 -23.4802 -2.71067
-12.3919 -23.9685 0.771601

-14.8534 -21.4005 2.12963
-18.2535 -21.6096 3.94331
-21.1681 -24.1252 3.98472
-24.1117 -26.5921 4.03121

-21.2567 -24.7191 5.73021
-17.9357 -24.3471 3.82221

-19.6607 -25.8341 0.702206
-16.3597 -25.6891 -1.29679
-15.8467 -29.2241 0.215206
-18.3687 -30.3481 -2.50479

-16.1527 -28.9181 -5.38279
-15.4557 -32.3911 -6.93979
-18.5077 -34.4651 -8.06479
-16.5887 -37.8301 -7.96679
-15.9807 -37.5981 -4.16779

-18.1457 -39.7511 -1.83679
-19.1627 -36.6041 0.184206
-20.4267 -34.8911 -3.02179
-22.1807 -38.0751 -4.33479
-24.0557 -38.3871 -0.976794
-24.9077 -34.6191 -0.660794
-26.0597 -33.8351 -4.25379
-29.2947 -36.0051 -4.33179
-30.5557 -34.2681 -1.12779
-29.5987 -30.7541 -2.39279
-31.4877 -31.3081 -5.71479
-34.7427 -32.4091 -3.90479

-34.6667 -30.1261 -0.793794
-36.9667 -27.0241 -1.03279

-34.4207 -24.5981 0.567206
-30.6137 -24.8291 0.0422064
-28.3637 -22.4051 1.96121
-24.7397 -22.9391 0.848206
-22.0217 -21.0031 2.75921

-18.3337 -20.4171 1.85221
-15.5927 -17.7701 2.24421
-13.8847 -19.1811 -0.865794
-16.5967 -20.7041 -3.16079
-13.8577 -21.5031 -5.67379
-10.4387 -22.4381 -4.20579
-8.41568 -22.2091 -7.48479
-10.5547 -22.6671 -10.6928

-14.0807 -22.0701 -12.2128
-14.7397 -25.8781 -12.4298
-14.9967 -26.0001 -8.55179
-18.2137 -23.8521 -8.70779
-20.2227 -26.3281 -10.8568
-21.4987 -28.5081 -7.94279
-22.5757 -25.3741 -5.97179
-24.3327 -23.8881 -9.08679
-26.3537 -27.1201 -9.70479
-27.1397 -27.4081 -5.94279
-28.6987 -23.8651 -5.92479

-30.2017 -24.1361 -9.50079
-30.5867 -27.8521 -10.5858
-31.7667 -26.7331 -14.1088
-28.5297 -24.7721 -14.8368
-25.9317 -26.7181 -16.9208
-27.4947 -30.2671 -16.5578
-24.1707 -31.6991 -17.8998

-20.6957 -30.5011 -16.7578
-19.3137 -30.5041 -20.3608
-21.4607 -27.4491 -21.3588
-20.1597 -25.5131 -18.2878
-16.5597 -26.6811 -18.9968
-16.6227 -25.6441 -22.7128
-17.8327 -22.1161 -21.7588
-15.9977 -21.3021 -18.4708

-13.1047 -23.8331 -18.0928
-11.4457 -23.3501 -21.5708
-12.0937 -27.0591 -22.1868

-9.51668 -28.7061 -24.5178
-9.76568 -32.0541 -26.3598
-6.48568 -33.8971 -25.6028

-5.48968 -37.3791 -27.0308
-6.53968 -38.9461 -23.6438

-9.89568 -37.0531 -23.2368
-11.0597 -33.5701 -22.1428
-8.96968 -31.1451 -20.0608

-10.9807 -28.6741 -17.8668
-8.04968 -27.0581 -15.9078
-8.38068 -23.7311 -17.8008
-10.5997 -20.6441 -17.4548
-12.7277 -18.5841 -19.8938
-15.4827 -15.8891 -19.9718

-15.0227 -15.1721 -16.1968
-16.8537 -11.7741 -16.2958
-19.9537 -13.5501 -17.7528
-19.6287 -16.2641 -15.0488
-19.4477 -13.4961 -12.3558
-22.6557 -11.8581 -13.7248
-24.4887 -15.2531 -13.8338
-23.3767 -16.0761 -10.2468
-24.4357 -12.6781 -8.75979
-27.8377 -12.6281 -10.5728
-29.0147 -16.2371 -10.0378

-26.7837 -18.2391 -7.57179

-24.6507 -16.1811 -5.18779
-24.7087 -13.2871 -2.71679

-21.1057 -12.0451 -2.18379
-19.7987 -9.04408 -0.194794
-16.2237 -8.20908 0.779206

-14.6977 -6.72508 4.00721
-14.0867 -3.52108 1.98521
-17.8417 -3.27208 1.08521
-19.2817 -3.64208 4.64521

-16.4707 -3.14708 7.26721
-14.5097 0.0879232 6.43621
-13.0957 -0.149077 10.0362
-11.0907 -3.41708 9.62021

-7.29168 -2.72308 9.60521
-5.53868 -3.45708 6.28121

-3.88268 -6.82708 5.53821
-0.266684 -5.97908 4.56021
1.27032 -8.86908 2.55821
4.94932 -9.36708 1.61121
7.31132 -11.9761 0.209206
10.3523 -12.6711 2.45021
13.1713 -14.2251 0.395206

14.9513 -16.4261 2.98621
18.6663 -16.6071 2.17621

19.6503 -19.8381 0.253206
23.2653 -19.3671 1.58121
22.2273 -21.5591 4.60321

21.1863 -24.3481 2.11821
24.3243 -26.5291 2.18421

25.8303 -27.8021 -1.11379
24.5183 -31.4201 -0.572794
20.8963 -30.2221 -0.0217936
21.1733 -27.8921 -3.08279
22.6023 -30.7371 -5.23479
19.6643 -32.9541 -4.04979
17.1183 -30.2191 -5.04779
18.9153 -29.8211 -8.43779
18.8283 -33.6471 -8.86879
15.0553 -33.9561 -8.12079
14.3673 -30.9041 -10.3888
16.3223 -32.5801 -13.2758
14.5483 -35.8931 -12.4848
11.0513 -34.3411 -13.0688
12.1423 -33.0101 -16.5398

13.6223 -36.3401 -17.7918
11.7923 -37.4381 -20.9968
11.9333 -41.2181 -20.4618
10.0623 -41.3791 -17.0768
6.48932 -42.6071 -16.5698

3.69332 -40.2201 -15.4158
4.01232 -41.8821 -11.9528
7.83432 -41.4231 -11.6638
7.28332 -37.7211 -12.6348
4.69432 -37.3681 -9.75979
7.06232 -39.1881 -7.32279
10.0113 -36.8961 -8.27979
7.66032 -33.8581 -7.82379
6.64532 -35.0601 -4.29979
10.3603 -35.6411 -3.49279
11.3303 -32.1201 -4.76479
8.50332 -30.5811 -2.64979
9.45832 -32.5301 0.548206
13.1913 -31.6131 -0.0187936
12.1413 -27.9231 -0.378794
10.4903 -28.1121 3.08121
13.6503 -29.6931 4.65021
15.9503 -27.1321 2.92221
13.9513 -24.1581 4.36821
13.8983 -25.3541 8.06621
17.1853 -23.6011 9.20321
16.2483 -20.1681 7.73121
12.5633 -20.5231 8.77121
13.9043 -21.0711 12.3422
16.3763 -18.1281 11.9552
13.4493 -15.8771 10.8722
11.1373 -17.0291 13.7622
13.9423 -16.2611 16.2732
14.5963 -12.8111 14.6482
10.8473 -12.0141 15.1242
10.9743 -13.0251 18.8492
14.2993 -11.1601 19.4392

12.6413 -8.08108 17.7562
10.1613 -8.09608 20.7302
6.99232 -9.39308 18.9392
4.29832 -10.3461 21.4672
2.04532 -12.6951 19.3432

2.26432 -14.2901 15.8622
1.09632 -17.3661 13.8912
3.46632 -19.7281 12.0162
1.88032 -21.7951 9.21221
3.50132 -24.9501 7.74121

2.11932 -28.2511 6.26421
4.99732 -30.7951 6.31921

5.12832 -32.4791 9.77221
8.99132 -32.2771 9.83021
8.76132 -28.4201 9.58821
6.15832 -28.2351 12.4322
8.31932 -30.6701 14.5182
11.5843 -28.6881 13.9642
9.90732 -25.3091 14.8102
8.35432 -26.7381 18.0492
11.6903 -28.3711 19.0792
13.6323 -25.0681 18.6592
10.9463 -23.0551 20.5672
11.1643 -25.6461 23.4322
15.0263 -25.4221 23.3172

14.7383 -21.5671 23.5732
12.0703 -21.9991 26.3742
9.49232 -20.0391 24.2722
5.88832 -20.7261 25.3412

3.88532 -21.7171 22.2302
0.800316 -23.6851 21.0642
0.722316 -26.4021 18.3482
-2.27968 -27.5031 16.2042

-2.01368 -30.2251 13.5062
-3.84668 -33.3211 12.0922
-3.26868 -35.2381 15.4012
-4.70268 -32.4891 17.7172
-8.21568 -33.4941 18.9062
-11.3787 -31.3981 18.2502
-11.7517 -30.2901 21.9382

-7.99368 -29.6481 22.5252
-8.00268 -27.4231 19.3582
-10.5637 -25.0911 21.0222
-8.71468 -25.1461 24.4062
-5.27868 -24.3581 22.7982
-7.01968 -21.5891 20.7752
-8.35368 -20.1011 24.0752
-4.87668 -20.4841 25.7282
-3.22868 -18.4681 22.8602
-6.07668 -15.8681 22.9102
-6.15068 -15.3041 26.7212

-2.51768 -15.9671 27.8552
0.0663164 -13.1851 27.1692
2.86932 -15.8131 27.6192
2.05832 -17.8171 24.4412
4.02732 -15.8361 21.8202

3.88532 -18.3601 18.9072
1.12532 -20.5311 17.4282
2.58732 -23.3931 15.2982
-0.268684 -24.3031 12.9252
-0.842684 -26.8311 10.1372

-2.15468 -24.9351 7.03621
-4.58368 -27.8451 6.32721
-5.64668 -28.6941 9.92421
-6.13368 -25.1001 11.2912
-7.85568 -23.5711 8.15821
-11.3167 -24.0451 9.84621
-13.3147 -23.0891 12.9972
-10.5477 -21.3231 14.9922
-10.0987 -17.5511 15.6772
-6.64568 -16.0081 16.3862
-7.48268 -12.2731 16.8322
-4.77268 -11.9411 19.5852
-1.98868 -12.0061 16.9122
-1.10468 -9.20108 14.4152

1.34232 -11.2781 12.2732
1.03332 -14.4421 10.1312
4.20032 -16.2091 8.84621
3.82332 -18.8421 6.10221

6.98332 -20.9651 6.54621
5.77432 -22.9851 3.51521
3.76332 -22.1821 0.367206
0.570316 -24.1471 -0.428794
-0.515684 -24.7011 -4.09579
-4.16168 -23.7291 -3.35079

-4.70168 -19.9521 -2.70279
-8.17468 -20.5001 -1.13979
-6.47368 -22.3671 1.78021
-3.85468 -19.5711 2.19521
-6.69168 -16.9431 2.34921
-8.57168 -19.1831 4.88421
-5.39368 -19.1901 7.06421
-4.91968 -15.3391 6.83221

-8.61768 -14.8641 7.85021
-7.94368 -16.7111 11.1342
-6.32268 -13.4311 12.3992
-8.25468 -10.9091 10.2542
-11.6387 -11.4021 12.0782
-14.1787 -9.22808 13.9612
-12.2547 -8.28608 17.1582
-8.94668 -7.51408 15.3362
-7.71768 -3.91408 16.0502
-4.19568 -3.98308 14.4372
-3.09268 -4.02008 10.7512

-2.47068 -7.70108 9.92821
1.01932 -8.52208 8.59621
1.28132 -11.5731 6.26121
4.84232 -12.8251 5.52021
5.34632 -15.5091 2.80821
8.76632 -17.2041 3.31621
10.2993 -18.2201 -0.0867936

13.6883 -19.7201 -1.10879
15.3893 -19.2011 -4.53779
16.4953 -22.5661 -6.06179
13.4723 -24.5411 -4.64379
9.80032 -25.5411 -5.26979

8.78832 -21.9571 -4.19079
10.1073 -20.6131 -7.57479
7.32732 -22.6211 -9.38479
4.62832 -22.5441 -6.65079
4.59232 -18.7301 -6.23079
3.78132 -17.8881 -9.94479
1.19632 -20.7751 -9.89479
-0.512684 -19.3381 -6.75079
-0.499684 -15.8251 -8.36779
-2.19268 -16.9081 -11.6498
-4.79368 -18.8331 -9.53479
-5.63568 -15.6981 -7.41579
-5.99568 -13.7061 -10.6878
-8.46868 -16.3511 -12.0528
-10.3907 -16.0851 -8.72079
-10.3757 -12.2211 -8.88479
-11.6027 -12.1371 -12.5548

-14.4757 -14.4591 -11.4378
-15.2757 -11.9171 -8.59279
-14.1997 -14.5181 -5.94879
-11.1797 -12.6111 -4.47279
-10.0047 -8.99608 -3.90079
-6.54668 -10.4351 -3.16579
-4.07268 -9.29908 -5.81079
-0.632684 -10.9711 -5.33779
1.25232 -9.16508 -8.22679

2.25832 -6.07608 -6.14479
4.30632 -8.26508 -3.70179
6.65332 -9.58208 -6.48079
7.50432 -6.18508 -8.03979

8.76932 -5.22608 -4.50979
11.2543 -8.19908 -4.08679

End chain 1
