0 0 0
0 0 3.87844
-1.38876 -0.12527 7.37142
-2.86761 3.40264 7.71956
-3.04277 5.43199 10.8193
-6.5183 6.81304 9.86363

-5.70327 7.23056 6.11263
-4.66364 8.45836 2.64088
-3.54887 7.61186 -0.86706
-0.964643 9.61923 -2.73021
0.357287 10.9724 -5.91223
1.97672 12.3336 -8.94856
1.3183 14.0479 -12.3152

3.5323 17.0889 -11.4372
1.1743 18.8189 -8.92022
-2.3517 18.4909 -7.37022
-3.6637 20.6019 -10.3242

-1.2767 19.8009 -13.2832
-0.00669811 16.7969 -15.2522
2.8553 16.5919 -17.7952
3.0383 14.7799 -21.1752
6.4933 13.1049 -21.3642
6.8033 12.1979 -25.0712

9.1933 12.5849 -28.0502
8.4953 15.3979 -30.5712
5.5803 14.8629 -33.0222

4.2673 17.6939 -35.2642
0.555302 16.6969 -34.9822
0.864302 16.2109 -31.1972
2.4603 19.6979 -30.7982
-0.399698 21.0949 -32.9702
-2.9277 19.3229 -30.6402
-1.0837 20.5999 -27.4862
-1.3687 24.1819 -28.9282

-5.2217 23.6379 -29.0002
-5.3857 22.8739 -25.2112
-6.6407 25.7739 -23.0752
-4.5407 25.0959 -19.9102
-1.3157 24.4619 -21.9422

2.0823 25.2769 -20.3622
5.4643 24.6569 -22.0342
8.6703 24.6529 -19.9612

11.5923 25.7599 -22.1802
14.1473 24.1549 -19.7442
12.7223 20.5769 -19.6622
11.1413 20.9779 -23.1882

7.8973 19.4629 -21.7612
4.1623 20.2269 -21.9662
1.7923 20.3849 -18.9622
-1.9907 20.8419 -18.6212
-4.6557 21.2429 -15.8812

-5.7817 17.8789 -14.4472
-9.4477 18.5839 -15.4682
-8.2557 18.5629 -19.1492
-6.7027 15.0199 -18.8102
-9.7527 13.1949 -20.2932
-10.0947 15.8849 -23.0642
-6.3767 15.5229 -23.9922
-6.3397 11.6699 -24.0082
-9.5697 11.6149 -26.0992
-8.0317 14.0169 -28.7212
-4.6177 12.1889 -28.7742

-6.3177 8.78886 -29.4982
-7.4867 10.3869 -32.8052
-3.8527 11.0369 -33.9622
-2.2017 8.40386 -36.2322
1.2243 7.04086 -35.0922

1.0153 8.62986 -31.5332
0.710302 6.65986 -28.2502
0.333302 8.80486 -25.0852
-0.187698 6.49986 -22.0722

-2.7427 8.08986 -19.6282
-2.3867 8.74386 -15.8832
-2.8747 5.30986 -14.1662
-6.3187 4.38986 -12.7432
-4.7597 4.66986 -9.22622
-4.0587 8.42086 -9.78322
-7.4887 9.03686 -11.4022
-9.1477 7.37186 -8.34922
-6.9447 9.36386 -5.88022

-7.5527 12.7599 -7.62522
-11.1927 11.9939 -8.68522
-12.3757 15.3229 -7.09422

-9.7387 17.4349 -8.93422
-10.5247 15.6409 -12.2672
-14.1557 16.9879 -11.8802

-13.5387 20.6429 -10.7682
-13.0467 23.4969 -13.3082
-12.0187 25.6439 -10.2672
-8.8987 26.0469 -8.07922
-10.5547 25.4709 -4.69322
-7.7197 24.4279 -2.35122
-8.2557 21.1959 -0.305216

-11.7437 21.2329 1.33478
-11.3227 22.0489 5.04078
-11.1027 18.8729 7.12278
-14.3387 18.8399 9.20878
-13.8007 18.7869 12.9848
-14.8297 15.3919 14.3718

-17.2517 15.0909 17.2968
-14.9137 13.6919 20.0038
-17.6017 13.8599 22.8158
-17.6837 9.99986 22.9518
-13.8447 9.98986 23.4828
-12.3447 10.1469 26.9978

-12.0447 13.9149 27.9418
-8.5157 13.3499 29.3998
-7.3207 12.3099 25.8958
-9.2557 15.0259 23.9588
-7.9267 17.8489 26.2488
-4.2627 16.6609 25.8898

-4.2117 16.6629 22.0238
-1.9697 19.4279 20.6148

-3.6307 21.5329 17.7918
-1.7557 19.6239 15.0248
-2.5887 16.2429 16.6948
-6.3207 17.2479 16.7058
-6.0867 18.1589 12.9758
-4.4677 14.6959 12.3748
-7.3127 12.9159 14.2728
-9.8877 14.9249 12.2198
-8.0797 14.0059 8.92478
-7.9547 10.2999 9.91378
-11.7207 10.3319 10.7568
-12.5487 12.1839 7.46378

-10.4977 9.48586 5.55678
-12.7387 6.88886 7.35878
-10.0367 5.54086 9.75878

-7.8767 4.19386 6.85478
-4.4807 5.95886 6.79178
-0.733698 5.85286 7.30778
0.180302 8.38186 10.0498

3.7813 9.03586 8.90078

4.3403 12.0299 11.2538
7.9713 12.4459 12.4058

9.4273 10.5559 15.4268
8.1143 11.7969 18.8128
5.2423 14.0099 17.4028
2.7693 11.8219 19.4368

1.6313 9.19486 16.8598
0.463302 6.92186 19.7628
-1.8877 9.55486 21.3448
-3.4007 10.3469 17.8828
-3.8067 6.57886 17.1188
-5.5447 5.88286 20.4898
-7.9397 8.83686 19.8268
-8.7717 7.69586 16.2238
-9.3707 4.11786 17.4918
-11.4797 5.36086 20.4898
-13.7517 7.37186 18.1068

-14.4247 3.89886 16.5358

-14.9087 2.13386 20.0098
-18.4107 0.983862 18.7988
-16.5747 -1.11514 16.0908
-14.1507 -3.02714 18.4388
-12.5057 -5.57214 19.1988

-9.2987 -3.60714 18.5168
-6.0757 -5.29614 17.2978
-2.7597 -3.48714 18.0258
0.343302 -4.89814 16.2518
3.6463 -3.51614 17.6318

7.4253 -4.17514 18.0148
8.0593 -6.97914 20.5958
9.6193 -4.46414 23.1218
6.7863 -1.79914 23.2278

3.7173 -4.02714 24.0318
3.5803 -2.91214 27.7038
4.3213 0.738862 26.6588
1.1103 0.536862 24.5348
-0.938698 -1.05614 27.4038
0.207302 1.76086 29.7578
-0.633698 4.31686 26.9978
-4.2467 2.95186 26.7888
-4.6067 2.98086 30.6398
-3.1207 6.54086 30.7518
-5.3477 8.03586 28.0068

-8.6457 6.03186 28.2688
-9.3757 5.79086 32.0848
-12.9127 4.63186 30.9768
-11.2887 1.13986 30.4348
-10.5547 -1.44414 33.1458

-7.1567 -3.26314 32.8858
-9.1627 -6.47914 32.1088
-10.3047 -4.82614 28.8198

-6.6157 -4.97514 27.6048
-5.0297 -8.28314 26.5168
-1.2057 -8.20014 26.1098

-0.226698 -11.2751 24.0638
3.1593 -12.4621 25.4008
3.2743 -15.9961 23.8418
2.0703 -17.9581 20.7638
-0.293698 -19.9791 23.0988
-2.3127 -16.9671 24.3458
-5.8767 -16.0761 23.1878
-5.5997 -13.1321 20.7298
-9.3407 -12.2611 21.3018
-9.4437 -12.3251 25.1558
-9.6327 -8.49114 25.5648
-11.6047 -5.62514 24.0238

-8.1127 -4.29914 23.0668
-5.5897 -6.99214 21.9938
-1.8607 -6.05714 21.8318
0.466302 -8.46114 19.9158
3.9463 -8.45414 18.3198

4.8173 -8.89914 14.6058
6.7183 -12.1681 15.4038
3.6423 -13.7051 17.1418
1.1753 -12.9281 14.2508

2.5493 -15.8741 12.1688
2.1883 -18.2321 15.2118
-1.3677 -16.8991 15.8738
-2.5387 -16.9741 12.1678
-5.2557 -19.5741 13.0728
-6.7677 -16.9951 15.5408
-6.4797 -14.0531 13.0178
-9.5957 -15.5921 11.3068
-11.7127 -13.6101 13.8538
-12.6187 -10.2961 12.0808
-10.8917 -7.39414 13.8708
-12.7607 -4.37414 12.3888

-10.2287 -1.83614 13.8208
-6.4607 -2.45714 13.4578
-3.5317 -0.304138 14.6308
-0.0416981 -1.26914 13.3888

2.8133 0.603862 15.0878
6.1343 0.975862 13.1798

4.4093 -0.511138 10.0598
7.7103 -0.366138 8.06078
8.2233 -3.90114 9.57278
5.7013 -5.02514 6.85278

7.9173 -3.59514 3.97478
8.6143 -7.06814 2.41778
5.5623 -9.14214 1.29278
7.4813 -12.5071 1.39078
8.0893 -12.2751 5.18978

5.9243 -14.4281 7.52078
4.9073 -11.2811 9.54178
3.6433 -9.56814 6.33578
1.8893 -12.7521 5.02278
0.0143019 -13.0641 8.38078
-0.837698 -9.29614 8.69678
-1.9897 -8.51214 5.10378
-5.2247 -10.6821 5.02578
-6.4857 -8.94514 8.22978
-5.5287 -5.43114 6.96478
-7.4177 -5.98514 3.64278
-10.6727 -7.08614 5.45278

-10.5967 -4.80314 8.56378
-12.8967 -1.70114 8.32478

-10.3507 0.724862 9.92478
-6.5437 0.493862 9.39978
-4.2937 2.91786 11.3188
-0.669698 2.38386 10.2058
2.0483 4.31986 12.1168

5.7363 4.90586 11.2098
8.4773 7.55286 11.6018
10.1853 6.14186 8.49178
7.4733 4.61886 6.19678
10.2123 3.81986 3.68378
13.6313 2.88486 5.15178
15.6543 3.11386 1.87278
13.5153 2.65586 -1.33522

9.9893 3.25286 -2.85522
9.3303 -0.555138 -3.07222
9.0733 -0.677138 0.805784
5.8563 1.47086 0.649784
3.8473 -1.00514 -1.49922
2.5713 -3.18514 1.41478
1.4943 -0.0511377 3.38578
-0.262698 1.43486 0.270784
-2.2837 -1.79714 -0.347216
-3.0697 -2.08514 3.41478
-4.6287 1.45786 3.43278

-6.1317 1.18686 -0.143216
-6.5167 -2.52914 -1.22822
-7.6967 -1.41014 -4.75122
-4.4597 0.550862 -5.47922
-1.8617 -1.39514 -7.56322
-3.4247 -4.94414 -7.20022
-0.100698 -6.37614 -8.54222

3.3743 -5.17814 -7.40022
4.7563 -5.18114 -11.0032
2.6093 -2.12614 -12.0012
3.9103 -0.190138 -8.93022
7.5103 -1.35814 -9.63922
7.4473 -0.321138 -13.3552
6.2373 3.20686 -12.4012
8.0723 4.02086 -9.11322

10.9653 1.48986 -8.73522
12.6243 1.97286 -12.2132
11.9763 -1.73614 -12.8292

14.5533 -3.38314 -15.1602
14.3043 -6.73114 -17.0022
17.5843 -8.57414 -16.2452

18.5803 -12.0561 -17.6732
17.5303 -13.6231 -14.2862

14.1743 -11.7301 -13.8792
13.0103 -8.24714 -12.7852
15.1003 -5.82214 -10.7032

13.0893 -3.35114 -8.50922
16.0203 -1.73514 -6.55022
15.6893 1.59186 -8.44322
13.4703 4.67886 -8.09722
11.3423 6.73886 -10.5362
8.5873 9.43386 -10.6142

9.0473 10.1509 -6.83922
7.2163 13.5489 -6.93822
4.1163 11.7729 -8.39522
4.4413 9.05886 -5.69122
4.6223 11.8269 -2.99822
1.4143 13.4649 -4.36722
-0.418698 10.0699 -4.47622
0.693302 9.24686 -0.889216
-0.365698 12.6449 0.597784
-3.7677 12.6949 -1.21522
-4.9447 9.08586 -0.680216

-2.7137 7.08386 1.78578

-0.580698 9.14186 4.16978
-0.638698 12.0359 6.64078

2.9643 13.2779 7.17378
4.2713 16.2789 9.16278
7.8463 17.1139 10.1368

9.3723 18.5979 13.3648
9.9833 21.8019 11.3428
6.2283 22.0509 10.4428
4.7883 21.6809 14.0028

7.5993 22.1759 16.6248
9.5603 25.4109 15.7938
10.9743 25.1739 19.3938
12.9793 21.9059 18.9778

16.7783 22.5999 18.9628
18.5313 21.8659 15.6388

20.1873 18.4959 14.8958
23.8033 19.3439 13.9178
25.3403 16.4539 11.9158
29.0193 15.9559 10.9688
31.3813 13.3469 9.56678
34.4223 12.6519 11.8078
37.2413 11.0979 9.75278

39.0213 8.89686 12.3438
42.7363 8.71586 11.5338

43.7203 5.48486 9.61078
47.3353 5.95586 10.9388
46.2973 3.76386 13.9608

45.2563 0.974862 11.4758
48.3943 -1.20614 11.5418

49.9003 -2.47914 8.24378
48.5883 -6.09714 8.78478
44.9663 -4.89914 9.33578
45.2433 -2.56914 6.27478
46.6723 -5.41414 4.12278
43.7343 -7.63114 5.30778
41.1883 -4.89614 4.30978
42.9853 -4.49814 0.919784
42.8983 -8.32414 0.488784
39.1253 -8.63314 1.23678
38.4373 -5.58114 -1.03122
40.3923 -7.25714 -3.91822
38.6183 -10.5701 -3.12722
35.1213 -9.01814 -3.71122
36.2123 -7.68714 -7.18222

37.6923 -11.0171 -8.43422
35.8623 -12.1151 -11.6392
36.0033 -15.8951 -11.1042
34.1323 -16.0561 -7.71922
30.5593 -17.2841 -7.21222

27.7633 -14.8971 -6.05822
28.0823 -16.5591 -2.59522
31.9043 -16.1001 -2.30622
31.3533 -12.3981 -3.27722
28.7643 -12.0451 -0.402216
31.1323 -13.8651 2.03478
34.0813 -11.5731 1.07778
31.7303 -8.53514 1.53378
30.7153 -9.73714 5.05778
34.4303 -10.3181 5.86478
35.4003 -6.79714 4.59278
32.5733 -5.25814 6.70778
33.5283 -7.20714 9.90578
37.2613 -6.29014 9.33878
36.2113 -2.60014 8.97878
34.5603 -2.78914 12.4388
37.7203 -4.37014 14.0078
40.0203 -1.80914 12.2798
38.0213 1.16486 13.7258
37.9683 -0.0311377 17.4238
41.2553 1.72186 18.5608
40.3183 5.15486 17.0888
36.6333 4.79986 18.1288
37.9743 4.25186 21.6998
40.4463 7.19486 21.3128
37.5193 9.44586 20.2298
35.2073 8.29386 23.1198
38.0123 9.06186 25.6308
38.6663 12.5119 24.0058
34.9173 13.3089 24.4818
35.0443 12.2979 28.2068
38.3693 14.1629 28.7968

36.7113 17.2419 27.1138
34.2313 17.2269 30.0878
31.0623 15.9299 28.2968
28.3683 14.9769 30.8248
26.1153 12.6279 28.7008

26.3343 11.0329 25.2198
25.1663 7.95686 23.2488
27.5363 5.59486 21.3738
25.9503 3.52786 18.5698
27.5713 0.372862 17.0988

26.1893 -2.92814 15.6218
29.0673 -5.47214 15.6768

29.1983 -7.15614 19.1298
33.0613 -6.95414 19.1878
32.8313 -3.09714 18.9458
30.2283 -2.91214 21.7898
32.3893 -5.34714 23.8758
35.6543 -3.36514 23.3218
33.9773 0.0138623 24.1678
32.4243 -1.41514 27.4068
35.7603 -3.04814 28.4368
37.7023 0.254862 28.0168
35.0163 2.26786 29.9248
35.2343 -0.323138 32.7898
39.0963 -0.0991377 32.6748

38.8083 3.75586 32.9308
36.1403 3.32386 35.7318
33.5623 5.28386 33.6298
29.9583 4.59686 34.6988

27.9553 3.60586 31.5878
24.8703 1.63786 30.4218
24.7923 -1.07914 27.7058
21.7903 -2.18014 25.5618

22.0563 -4.90214 22.8638
20.2233 -7.99814 21.4498
20.8013 -9.91514 24.7588
19.3673 -7.16614 27.0748
15.8543 -8.17114 28.2638
12.6913 -6.07514 27.6078
12.3183 -4.96714 31.2958

16.0763 -4.32514 31.8828
16.0673 -2.10014 28.7158
13.5063 0.231862 30.3798
15.3553 0.176862 33.7638
18.7913 0.964862 32.1558
17.0503 3.73386 30.1328
15.7163 5.22186 33.4328
19.1933 4.83886 35.0858
20.8413 6.85486 32.2178
17.9933 9.45486 32.2678
17.9193 10.0189 36.0788

21.5523 9.35586 37.2128
24.1363 12.1379 36.5268
26.9393 9.50986 36.9768
26.1283 7.50586 33.7988
28.0973 9.48686 31.1778

27.9553 6.96286 28.2648
25.1953 4.79186 26.7858
26.6573 1.92986 24.6558
23.8013 1.01986 22.2828
23.2273 -1.50814 19.4948

21.9153 0.387862 16.3938
19.4863 -2.52214 15.6848
18.4233 -3.37114 19.2818
17.9363 0.222862 20.6488
16.2143 1.75186 17.5158
12.7533 1.27786 19.2038
10.7553 2.23386 22.3548
13.5223 3.99986 24.3498
13.9713 7.77186 25.0348
17.4243 9.31486 25.7438
16.5873 13.0499 26.1898
19.2973 13.3819 28.9428
22.0813 13.3169 26.2698
22.9653 16.1219 23.7728

25.4123 14.0449 21.6308
25.1033 10.8809 19.4888
28.2703 9.11386 18.2038
27.8933 6.48086 15.4598

31.0533 4.35786 15.9038
29.8443 2.33786 12.8728
27.8333 3.14086 9.72478
24.6403 1.17586 8.92878
23.5543 0.621862 5.26178
19.9083 1.59386 6.00678

19.3683 5.37086 6.65478
15.8953 4.82286 8.21778
17.5963 2.95586 11.1378
20.2153 5.75186 11.5528
17.3783 8.37986 11.7068
15.4983 6.13986 14.2418
18.6763 6.13286 16.4218
19.1503 9.98386 16.1898

15.4523 10.4589 17.2078
16.1263 8.61186 20.4918
17.7473 11.8919 21.7568
15.8153 14.4139 19.6118
12.4313 13.9209 21.4358
9.8913 16.0949 23.3188
11.8153 17.0369 26.5158
15.1233 17.8089 24.6938
16.3523 21.4089 25.4078
19.8743 21.3399 23.7948
20.9773 21.3029 20.1088

21.5993 17.6219 19.2858
25.0893 16.8009 17.9538
25.3513 13.7499 15.6188
28.9123 12.4979 14.8778
29.4163 9.81386 12.1658
32.8363 8.11886 12.6738
34.3693 7.10286 9.27078

37.7583 5.60286 8.24878
39.4593 6.12186 4.81978
40.5653 2.75686 3.29578
37.5423 0.781862 4.71378
33.8703 -0.218138 4.08778

32.8583 3.36586 5.16678
34.1773 4.70986 1.78278
31.3973 2.70186 -0.0272155
28.6983 2.77886 2.70678
28.6623 6.59286 3.12678
27.8513 7.43486 -0.587216
25.2663 4.54786 -0.537216
23.5573 5.98486 2.60678
23.5703 9.49786 0.989784
21.8773 8.41486 -2.29222
19.2763 6.48986 -0.177216
18.4343 9.62486 1.94178
18.0743 11.6169 -1.33022
15.6013 8.97186 -2.69522
13.6793 9.23786 0.636784
13.6943 13.1019 0.472784
12.4673 13.1859 -3.19722

9.5943 10.8639 -2.08022
8.7943 13.4059 0.764784
9.8703 10.8049 3.40878
12.8903 12.7119 4.88478
14.0653 16.3269 5.45678
17.5233 14.8879 6.19178
19.9973 16.0239 3.54678
23.4373 14.3519 4.01978
25.3223 16.1579 1.13078

26.3283 19.2469 3.21278
28.3763 17.0579 5.65578
30.7233 15.7409 2.87678
31.5743 19.1379 1.31778

32.8393 20.0969 4.84778
35.3243 17.1239 5.27078

End chain 1
