-13.201 -6.296 -53.957
-10.703 -3.406 -53.291
-9.54 -3.087 -49.639
-11.02 0.322 -48.639
-8.614 1.85 -46.053
-10.787 3.126 -43.162

-9.634 6.195 -41.181
-10.061 4.9 -37.589
-10.286 6.838 -34.306
-12.195 7.103 -30.979
-14.163 9.439 -28.711
-12.619 10.223 -25.263
-14.157 12.207 -22.344

-11.943 15.248 -21.466
-14.301 16.978 -18.949
-17.827 16.65 -17.399
-19.139 18.761 -20.353

-16.752 17.96 -23.312
-15.482 14.956 -25.281
-12.62 14.751 -27.824
-12.437 12.939 -31.204
-8.982 11.264 -31.393
-8.672 10.357 -35.1

-6.282 10.744 -38.079
-6.98 13.557 -40.6
-9.895 13.022 -43.051

-11.208 15.853 -45.293
-14.92 14.856 -45.011
-14.611 14.37 -41.226
-13.015 17.857 -40.827
-15.875 19.254 -42.999
-18.403 17.482 -40.669
-16.559 18.759 -37.515
-16.844 22.341 -38.957

-20.697 21.797 -39.029
-20.861 21.033 -35.24
-22.116 23.933 -33.104
-20.016 23.255 -29.939
-16.791 22.621 -31.971

-13.393 23.436 -30.391
-10.011 22.816 -32.063
-6.805 22.812 -29.99

-3.883 23.919 -32.209
-1.328 22.314 -29.773
-2.753 18.736 -29.691
-4.334 19.137 -33.217

-7.578 17.622 -31.79
-11.313 18.386 -31.995
-13.683 18.544 -28.991
-17.466 19.001 -28.65
-20.131 19.402 -25.91

-21.257 16.038 -24.476
-24.923 16.743 -25.497
-23.731 16.722 -29.178
-22.178 13.179 -28.839
-25.228 11.354 -30.322
-25.57 14.044 -33.093
-21.852 13.682 -34.021
-21.815 9.829 -34.037
-25.045 9.774 -36.128
-23.507 12.176 -38.75
-20.093 10.348 -38.803

-21.793 6.948 -39.527
-22.962 8.546 -42.834
-19.328 9.196 -43.991
-17.677 6.563 -46.261
-14.251 5.2 -45.121

-14.46 6.789 -41.562
-14.765 4.819 -38.279
-15.142 6.964 -35.114
-15.663 4.659 -32.101

-18.218 6.249 -29.657
-17.862 6.903 -25.912
-18.35 3.469 -24.195
-21.794 2.549 -22.772
-20.235 2.829 -19.255
-19.534 6.58 -19.812
-22.964 7.196 -21.431
-24.623 5.531 -18.378
-22.42 7.523 -15.909

-23.028 10.919 -17.654
-26.668 10.153 -18.714
-27.851 13.482 -17.123

-25.214 15.594 -18.963
-26 13.8 -22.296
-29.631 15.147 -21.909

-29.014 18.802 -20.797
-28.522 21.656 -23.337
-27.494 23.803 -20.296
-24.374 24.206 -18.108
-26.03 23.63 -14.722
-23.195 22.587 -12.38
-23.731 19.355 -10.334

-27.219 19.392 -8.694
-26.798 20.208 -4.988
-26.578 17.032 -2.906
-29.814 16.999 -0.82
-29.276 16.946 2.956
-30.305 13.551 4.343

-27.2682 12.8743 2.07876
-26.0372 9.60061 3.43476
-24.7475 6.36774 4.7631
-25.4963 7.31436 8.43703
-24.9665 10.9811 8.61069
-23.7328 14.5069 8.9881

-25.6793 17.7447 9.40155
-23.3795 18.8825 12.205
-20.2983 18.1666 10.0987
-21.7144 20.1463 7.18012
-22.4668 23.1135 9.43228
-18.9351 23.0678 10.8352

-18.8841 23.0698 6.96921
-16.6421 25.8348 5.56021

-18.3031 27.9398 2.73721
-16.4281 26.0308 -0.0297923
-17.2611 22.6498 1.64021
-20.9931 23.6548 1.65121
-20.7591 24.5658 -2.07879
-19.1401 21.1028 -2.67979
-21.9851 19.3228 -0.781792
-24.5601 21.3318 -2.83479
-22.7521 20.4128 -6.12979
-22.6271 16.7068 -5.14079
-26.3931 16.7388 -4.29779
-27.2211 18.5908 -7.59079

-25.1701 15.8928 -9.49779
-27.4111 13.2958 -7.69579
-24.7091 11.9478 -5.29579

-22.5491 10.6008 -8.19979
-19.1531 12.3658 -8.26279
-15.4061 12.2598 -7.74679
-14.4921 14.7888 -5.00479

-10.8911 15.4428 -6.15379

-10.3321 18.4368 -3.80079
-6.70113 18.8528 -2.64879

-5.24513 16.9628 0.372208
-6.55813 18.2038 3.75821
-9.43013 20.4168 2.34821
-11.9031 18.2288 4.38221

-13.0411 15.6018 1.80521
-14.2091 13.3288 4.70821
-16.5601 15.9618 6.29021
-18.0731 16.7538 2.82821
-18.4791 12.9858 2.06421
-20.2171 12.2898 5.43521
-22.6121 15.2438 4.77221
-23.4441 14.1028 1.16921
-24.0431 10.5248 2.43721
-26.1521 11.7678 5.43521
-28.4241 13.7788 3.05221

-29.0971 10.3058 1.48121

-29.5811 8.5408 4.95521
-33.0831 7.3908 3.74421
-31.2471 5.2918 1.03621
-28.8231 3.3798 3.38421
-27.1781 0.8348 4.14421

-23.9711 2.7998 3.46221
-20.7481 1.1108 2.24321
-17.4321 2.9198 2.97121
-14.3291 1.5088 1.19721
-11.0261 2.8908 2.57721

-7.24713 2.2318 2.96021
-6.61313 -0.5722 5.54121
-5.05313 1.9428 8.06721
-7.88613 4.6078 8.17321

-10.9551 2.3798 8.97721
-11.0921 3.4948 12.6492
-10.3511 7.1458 11.6042
-13.5621 6.9438 9.48021
-15.6111 5.3508 12.3492
-14.4651 8.1678 14.7032
-15.3061 10.7238 11.9432
-18.9191 9.3588 11.7342
-19.2791 9.3878 15.5852
-17.7931 12.9478 15.6972
-20.0201 14.4428 12.9522

-23.3181 12.4388 13.2142
-24.0481 12.1978 17.0302
-27.5851 11.0388 15.9222
-25.9611 7.5468 15.3802
-25.2271 4.9628 18.0912

-21.8291 3.1438 17.8312
-23.8351 -0.0722005 17.0542
-24.9771 1.5808 13.7652

-21.2881 1.4318 12.5502
-19.7021 -1.8762 11.4622
-15.8781 -1.7932 11.0552

-14.8991 -4.8682 9.00921
-11.5131 -6.0552 10.3462
-11.3981 -9.5892 8.78721
-12.6021 -11.5512 5.70921
-14.9661 -13.5722 8.04421
-16.9851 -10.5602 9.29121
-20.5491 -9.6692 8.13321
-20.2721 -6.7252 5.67521
-24.0131 -5.8542 6.24721
-24.1161 -5.9182 10.1012
-24.3051 -2.0842 10.5102
-26.2771 0.7818 8.96921

-22.7851 2.1078 8.01221
-20.2621 -0.5852 6.93921
-16.5331 0.3498 6.77721
-14.2061 -2.0542 4.86121
-10.7261 -2.0472 3.26521

-9.85513 -2.4922 -0.448792
-7.95413 -5.7612 0.349208
-11.0301 -7.2982 2.08721
-13.4971 -6.5212 -0.803792

-12.1231 -9.4672 -2.88579
-12.4841 -11.8252 0.157208
-16.0401 -10.4922 0.819208
-17.2111 -10.5672 -2.88679
-19.9281 -13.1672 -1.98179
-21.4401 -10.5882 0.486208
-21.1521 -7.6462 -2.03679
-24.2681 -9.1852 -3.74779
-26.3851 -7.2032 -1.20079
-27.2911 -3.8892 -2.97379
-25.5641 -0.9872 -1.18379
-27.4331 2.0328 -2.66579

-24.9011 4.5708 -1.23379
-21.1331 3.9498 -1.59679
-18.2041 6.1028 -0.423792
-14.7141 5.1378 -1.66579

-11.8591 7.0108 0.0332077
-8.53813 7.3828 -1.87479

-10.2631 5.8958 -4.99479
-6.96213 6.0408 -6.99379
-6.44913 2.5058 -5.48179
-8.97113 1.3818 -8.20179

-6.75513 2.8118 -11.0798
-6.05813 -0.6612 -12.6368
-9.11013 -2.7352 -13.7618
-7.19113 -6.1002 -13.6638
-6.58313 -5.8682 -9.86479

-8.74813 -8.0212 -7.53379
-9.76513 -4.8742 -5.51279
-11.0291 -3.1612 -8.71879
-12.7831 -6.3452 -10.0318
-14.6581 -6.6572 -6.67379
-15.5101 -2.8892 -6.35779
-16.6621 -2.1052 -9.95079
-19.8971 -4.2752 -10.0288
-21.1581 -2.5382 -6.82479
-20.2011 0.9758 -8.08979
-22.0901 0.4218 -11.4118
-25.3451 -0.6792 -9.60179

-25.2691 1.6038 -6.49079
-27.5691 4.7058 -6.72979

-25.0231 7.1318 -5.12979
-21.2161 6.9008 -5.65479
-18.9661 9.3248 -3.73579
-15.3421 8.7908 -4.84879
-12.6241 10.7268 -2.93779

-8.93613 11.3128 -3.84479
-6.19513 13.9598 -3.45279
-4.48713 12.5488 -6.56279
-7.19913 11.0258 -8.85779
-4.46013 10.2268 -11.3708
-1.04113 9.2918 -9.90279
0.981874 9.5208 -13.1818
-1.15713 9.0628 -16.3898

-4.68313 9.6598 -17.9098
-5.34213 5.8518 -18.1268
-5.59913 5.7298 -14.2488
-8.81613 7.8778 -14.4048
-10.8251 5.4018 -16.5538
-12.1011 3.2218 -13.6398
-13.1781 6.3558 -11.6688
-14.9351 7.8418 -14.7838
-16.9561 4.6098 -15.4018
-17.7421 4.3218 -11.6398
-19.3011 7.8648 -11.6218

-20.8041 7.5938 -15.1978
-21.1891 3.8778 -16.2828
-22.3691 4.9968 -19.8058
-19.1321 6.9578 -20.5338
-16.5341 5.0118 -22.6178
-18.0971 1.4628 -22.2548
-14.7731 0.0307995 -23.5968

-11.2981 1.2288 -22.4548
-9.91613 1.2258 -26.0578
-12.0631 4.2808 -27.0558
-10.7621 6.2168 -23.9848
-7.16213 5.0488 -24.6938
-7.22513 6.0858 -28.4098
-8.43513 9.6138 -27.4558
-6.60013 10.4278 -24.1678

-3.70713 7.8968 -23.7898
-2.04813 8.3798 -27.2678
-2.69613 4.6708 -27.8838

-0.119126 3.0238 -30.2148
-0.368126 -0.3242 -32.0568
2.91187 -2.1672 -31.2998

3.90787 -5.6492 -32.7278
2.85787 -7.2162 -29.3408

-0.498126 -5.3232 -28.9338
-1.66213 -1.8402 -27.8398
0.427874 0.5848 -25.7578

-1.58313 3.0558 -23.5638
1.34787 4.6718 -21.6048
1.01687 7.9988 -23.4978
-1.20213 11.0858 -23.1518
-3.33013 13.1458 -25.5908
-6.08513 15.8408 -25.6688

-5.62513 16.5578 -21.8938
-7.45613 19.9558 -21.9928
-10.5561 18.1798 -23.4498
-10.2311 15.4658 -20.7458
-10.0501 18.2338 -18.0528
-13.2581 19.8718 -19.4218
-15.0911 16.4768 -19.5308
-13.9791 15.6538 -15.9438
-15.0381 19.0518 -14.4568
-18.4401 19.1018 -16.2698
-19.6171 15.4928 -15.7348

-17.3861 13.4908 -13.2688

-15.2531 15.5488 -10.8848
-15.3111 18.4428 -8.41379

-11.7081 19.6848 -7.88079
-10.4011 22.6858 -5.89179
-6.82613 23.5208 -4.91779

-5.30013 25.0048 -1.68979
-4.68913 28.2088 -3.71179
-8.44413 28.4578 -4.61179
-9.88413 28.0878 -1.05179

-7.07313 28.5828 1.57021
-5.11213 31.8178 0.739208
-3.69813 31.5808 4.33921
-1.69313 28.3128 3.92321

2.10587 29.0068 3.90821
3.85887 28.2728 0.584208

5.51487 24.9028 -0.158792
9.13087 25.7508 -1.13679
10.6679 22.8608 -3.13879
14.3469 22.3628 -4.08579
16.7089 19.7538 -5.48779
19.7499 19.0588 -3.24679
22.5689 17.5048 -5.30179

24.3489 15.3038 -2.71079
28.0639 15.1228 -3.52079

29.0479 11.8918 -5.44379
32.6629 12.3628 -4.11579
31.6249 10.1708 -1.09379

30.5839 7.3818 -3.57879
33.7219 5.2008 -3.51279

35.2279 3.9278 -6.81079
33.9159 0.3098 -6.26979
30.2939 1.5078 -5.71879
30.5709 3.8378 -8.77979
31.9999 0.9928 -10.9318
29.0619 -1.2242 -9.74679
26.5159 1.5108 -10.7448
28.3129 1.9088 -14.1348
28.2259 -1.9172 -14.5658
24.4529 -2.2262 -13.8178
23.7649 0.8258 -16.0858
25.7199 -0.8502 -18.9728
23.9459 -4.1632 -18.1818
20.4489 -2.6112 -18.7658
21.5399 -1.2802 -22.2368

23.0199 -4.6102 -23.4888
21.1899 -5.7082 -26.6938
21.3309 -9.4882 -26.1588
19.4599 -9.6492 -22.7738
15.8869 -10.8772 -22.2668

13.0909 -8.4902 -21.1128
13.4099 -10.1522 -17.6498
17.2319 -9.6932 -17.3608
16.6809 -5.9912 -18.3318
14.0919 -5.6382 -15.4568
16.4599 -7.4582 -13.0198
19.4089 -5.1662 -13.9768
17.0579 -2.1282 -13.5208
16.0429 -3.3302 -9.99679
19.7579 -3.9112 -9.18979
20.7279 -0.3902 -10.4618
17.9009 1.1488 -8.34679
18.8559 -0.8002 -5.14879
22.5889 0.1168 -5.71579
21.5389 3.8068 -6.07579
19.8879 3.6178 -2.61579
23.0479 2.0368 -1.04679
25.3479 4.5978 -2.77479
23.3489 7.5718 -1.32879
23.2959 6.3758 2.36921
26.5829 8.1288 3.50621
25.6459 11.5618 2.03421
21.9609 11.2068 3.07421
23.3019 10.6588 6.64521
25.7739 13.6018 6.25821
22.8469 15.8528 5.17521
20.5349 14.7008 8.06521
23.3399 15.4688 10.5762
23.9939 18.9188 8.95121
20.2449 19.7158 9.42721
20.3719 18.7048 13.1522
23.6969 20.5698 13.7422

22.0389 23.6488 12.0592
19.5589 23.6338 15.0332
16.3899 22.3368 13.2422
13.6959 21.3838 15.7702
11.4429 19.0348 13.6462

11.6619 17.4398 10.1652
10.4939 14.3638 8.19421
12.8639 12.0018 6.31921
11.2779 9.9348 3.51521
12.8989 6.7798 2.04421

11.5169 3.4788 0.567208
14.3949 0.9348 0.622208

14.5259 -0.7492 4.07521
18.3889 -0.5472 4.13321
18.1589 3.3098 3.89121
15.5559 3.4948 6.73521
17.7169 1.0598 8.82121
20.9819 3.0418 8.26721
19.3049 6.4208 9.11321
17.7519 4.9918 12.3522
21.0879 3.3588 13.3822
23.0299 6.6618 12.9622
20.3439 8.6748 14.8702
20.5619 6.0838 17.7352
24.4239 6.3078 17.6202

24.1359 10.1628 17.8762
21.4679 9.7308 20.6772
18.8899 11.6908 18.5752
15.2859 11.0038 19.6442

13.2829 10.0128 16.5332
10.1979 8.0448 15.3672
10.1199 5.3278 12.6512
7.11787 4.2268 10.5072

7.38387 1.5048 7.80921
5.55087 -1.5912 6.39521
6.12887 -3.5082 9.70421
4.69487 -0.7592 12.0202
1.18187 -1.7642 13.2092
-1.98113 0.3318 12.5532
-2.35413 1.4398 16.2412

1.40387 2.0818 16.8282
1.39487 4.3068 13.6612
-1.16613 6.6388 15.3252
0.682874 6.5838 18.7092
4.11887 7.3718 17.1012
2.37787 10.1408 15.0782
1.04387 11.6288 18.3782
4.52087 11.2458 20.0312
6.16887 13.2618 17.1632
3.32087 15.8618 17.2132
3.24687 16.4258 21.0242

6.87987 15.7628 22.1582
9.46387 18.5448 21.4722
12.2669 15.9168 21.9222
11.4559 13.9128 18.7442
13.4249 15.8938 16.1232

13.2829 13.3698 13.2102
10.5229 11.1988 11.7312
11.9849 8.3368 9.60121
9.12887 7.4268 7.22821
8.55487 4.8988 4.44021

7.24287 6.7948 1.33921
4.81387 3.8848 0.630208
3.75087 3.0358 4.22721
3.26387 6.6298 5.59421
1.54187 8.1588 2.46121
-1.91913 7.6848 4.14921
-3.91713 8.6408 7.30021
-1.15013 10.4068 9.29521
-0.701126 14.1788 9.98021
2.75187 15.7218 10.6892
1.91487 19.4568 11.1352
4.62487 19.7888 13.8882
7.40887 19.7238 11.2152
8.29287 22.5288 8.71821

10.7399 20.4518 6.57621
10.4309 17.2878 4.43421
13.5979 15.5208 3.14921
13.2209 12.8878 0.405208

16.3809 10.7648 0.849208
15.1719 8.7448 -2.18179
13.1609 9.5478 -5.32979
9.96787 7.5828 -6.12579
8.88187 7.0288 -9.79279
5.23587 8.0008 -9.04779

4.69587 11.7778 -8.39979
1.22287 11.2298 -6.83679
2.92387 9.3628 -3.91679
5.54287 12.1588 -3.50179
2.70587 14.7868 -3.34779
0.825874 12.5468 -0.812792
4.00387 12.5398 1.36721
4.47787 16.3908 1.13521

0.779874 16.8658 2.15321
1.45387 15.0188 5.43721
3.07487 18.2988 6.70221
1.14287 20.8208 4.55721
-2.24113 20.3278 6.38121
-4.78113 22.5018 8.26421
-2.85713 23.4438 11.4612
0.450874 24.2158 9.63921
1.67987 27.8158 10.3532
5.20187 27.7468 8.74021
6.30487 27.7098 5.05421

6.92687 24.0288 4.23121
10.4169 23.2078 2.89921
10.6789 20.1568 0.564208
14.2399 18.9048 -0.176792
14.7439 16.2208 -2.88879
18.1639 14.5258 -2.38079
19.6969 13.5098 -5.78379

23.0859 12.0098 -6.80579
24.7869 12.5288 -10.2348
25.8929 9.1638 -11.7588
22.8699 7.1888 -10.3408
19.1979 6.1888 -10.9668

18.1859 9.7728 -9.88779
19.5049 11.1168 -13.2718
16.7249 9.1088 -15.0818
14.0259 9.1858 -12.3478
13.9899 12.9998 -11.9278
13.1789 13.8418 -15.6418
10.5939 10.9548 -15.5918
8.88487 12.3918 -12.4478
8.89787 15.9048 -14.0648
7.20487 14.8218 -17.3468
4.60387 12.8968 -15.2318
3.76187 16.0318 -13.1128
3.40187 18.0238 -16.3848
0.928874 15.3788 -17.7498
-0.993126 15.6448 -14.4178
-0.978126 19.5088 -14.5818
-2.20513 19.5928 -18.2518

-5.07813 17.2708 -17.1348
-5.87813 19.8128 -14.2898
-4.80213 17.2118 -11.6458
-1.78213 19.1188 -10.1698
-0.607126 22.7338 -9.59779
2.85087 21.2948 -8.86279
5.32487 22.4308 -11.5078
8.76487 20.7588 -11.0348
10.6499 22.5648 -13.9238

11.6559 25.6538 -11.8418
13.7039 23.4648 -9.39879
16.0509 22.1478 -12.1778
16.9019 25.5448 -13.7368

18.1669 26.5038 -10.2068
20.6519 23.5308 -9.78379

End chain 1
