-13.201 -6.296 -53.957
-10.703 -3.406 -53.291
-9.54 -3.087 -49.639
-11.02 0.322 -48.639
-8.614 1.85 -46.053
-10.787 3.126 -43.162

-9.634 6.195 -41.181
-10.061 4.9 -37.589
-10.286 6.838 -34.306
-12.195 7.103 -30.979
-14.163 9.439 -28.711
-12.619 10.223 -25.263
-14.157 12.207 -22.344

-11.943 15.248 -21.466
-14.301 16.978 -18.949
-17.827 16.65 -17.399
-19.139 18.761 -20.353

-16.752 17.96 -23.312
-15.482 14.956 -25.281
-12.62 14.751 -27.824
-12.437 12.939 -31.204
-8.982 11.264 -31.393
-8.672 10.357 -35.1

-6.282 10.744 -38.079
-6.98 13.557 -40.6
-9.895 13.022 -43.051

-11.208 15.853 -45.293
-14.92 14.856 -45.011
-14.611 14.37 -41.226
-13.015 17.857 -40.827
-15.875 19.254 -42.999
-18.403 17.482 -40.669
-16.559 18.759 -37.515
-16.844 22.341 -38.957

-20.697 21.797 -39.029
-20.861 21.033 -35.24
-22.116 23.933 -33.104
-20.016 23.255 -29.939
-16.791 22.621 -31.971

-13.393 23.436 -30.391
-10.011 22.816 -32.063
-6.805 22.812 -29.99

-3.883 23.919 -32.209
-1.328 22.314 -29.773
-2.753 18.736 -29.691
-4.334 19.137 -33.217

-7.578 17.622 -31.79
-11.313 18.386 -31.995
-13.683 18.544 -28.991
-17.466 19.001 -28.65
-20.131 19.402 -25.91

-21.257 16.038 -24.476
-24.923 16.743 -25.497
-23.731 16.722 -29.178
-22.178 13.179 -28.839
-25.228 11.354 -30.322
-25.57 14.044 -33.093
-21.852 13.682 -34.021
-21.815 9.829 -34.037
-25.045 9.774 -36.128
-23.507 12.176 -38.75
-20.093 10.348 -38.803

-21.793 6.948 -39.527
-22.962 8.546 -42.834
-19.328 9.196 -43.991
-17.677 6.563 -46.261
-14.251 5.2 -45.121

-14.46 6.789 -41.562
-14.765 4.819 -38.279
-15.142 6.964 -35.114
-15.663 4.659 -32.101

-18.218 6.249 -29.657
-17.862 6.903 -25.912
-18.35 3.469 -24.195
-21.794 2.549 -22.772
-20.235 2.829 -19.255
-19.534 6.58 -19.812
-22.964 7.196 -21.431
-24.623 5.531 -18.378
-22.42 7.523 -15.909

-23.028 10.919 -17.654
-26.668 10.153 -18.714
-27.851 13.482 -17.123

-25.214 15.594 -18.963
-26 13.8 -22.296
-29.631 15.147 -21.909

-29.014 18.802 -20.797
-28.522 21.656 -23.337
-27.494 23.803 -20.296
-24.374 24.206 -18.108
-26.03 23.63 -14.722
-23.195 22.587 -12.38
-23.731 19.355 -10.334

-27.219 19.392 -8.694
-26.798 20.208 -4.988
-26.578 17.032 -2.906
-29.814 16.999 -0.82
-29.276 16.946 2.956
-30.305 13.551 4.343

-28.0818 12.347 1.52661
-28.6057 10.0986 -1.61353
-25.2692 9.02958 -3.16145
-25.1698 8.37866 0.584065
-27.5491 5.49436 1.34704
-25.3854 4.17208 -1.42572

-22.51 3.31125 -3.75677
-21.1962 0.699264 -1.32893
-24.6323 -0.897849 -1.0368
-24.9804 -1.06992 -4.81728
-21.571 -2.71478 -5.15338
-22.4569 -5.31142 -2.52366

-22.4059 -5.30942 -6.38966
-20.1639 -2.54442 -7.79866

-21.8249 -0.439425 -10.6217
-19.9499 -2.34842 -13.3887
-20.7829 -5.72942 -11.7187
-24.5149 -4.72442 -11.7077
-24.2809 -3.81342 -15.4377
-22.6619 -7.27642 -16.0387
-25.5069 -9.05642 -14.1407
-28.0819 -7.04742 -16.1937
-26.2739 -7.96642 -19.4887
-26.1489 -11.6724 -18.4997
-29.9149 -11.6404 -17.6567
-30.7429 -9.78842 -20.9497

-28.6919 -12.4864 -22.8567
-30.9329 -15.0834 -21.0547
-28.2309 -16.4314 -18.6547

-26.0709 -17.7784 -21.5587
-22.6749 -16.0134 -21.6217
-18.9279 -16.1194 -21.1057
-18.0139 -13.5904 -18.3637

-14.4129 -12.9364 -19.5127

-13.8539 -9.94242 -17.1597
-10.2229 -9.52642 -16.0077

-8.76695 -11.4164 -12.9867
-10.0799 -10.1754 -9.60066
-12.9519 -7.96242 -11.0107
-15.4249 -10.1504 -8.97666

-16.5629 -12.7774 -11.5537
-17.7309 -15.0504 -8.65066
-20.0819 -12.4174 -7.06866
-21.5949 -11.6254 -10.5307
-22.0009 -15.3934 -11.2947
-23.7389 -16.0894 -7.92366
-26.1339 -13.1354 -8.58666
-26.9659 -14.2764 -12.1897
-27.5649 -17.8544 -10.9217
-29.6739 -16.6114 -7.92366
-31.9459 -14.6004 -10.3067

-32.6189 -18.0734 -11.8777

-33.1029 -19.8384 -8.40366
-36.6049 -20.9884 -9.61466
-34.7689 -23.0874 -12.3227
-32.3449 -24.9994 -9.97466
-30.6999 -27.5444 -9.21466

-27.4929 -25.5794 -9.89666
-24.2699 -27.2684 -11.1157
-20.9539 -25.4594 -10.3877
-17.8509 -26.8704 -12.1617
-14.5479 -25.4884 -10.7817

-10.7689 -26.1474 -10.3987
-10.1349 -28.9514 -7.81766
-8.57495 -26.4364 -5.29166
-11.4079 -23.7714 -5.18566

-14.4769 -25.9994 -4.38166
-14.6139 -24.8844 -0.709665
-13.8729 -21.2334 -1.75466
-17.0839 -21.4354 -3.87866
-19.1329 -23.0284 -1.00966
-17.9869 -20.2114 1.34434
-18.8279 -17.6554 -1.41566
-22.4409 -19.0204 -1.62466
-22.8009 -18.9914 2.22634
-21.3149 -15.4314 2.33834
-23.5419 -13.9364 -0.406665

-26.8399 -15.9404 -0.144665
-27.5699 -16.1814 3.67134
-31.1069 -17.3404 2.56334
-29.4829 -20.8324 2.02134
-28.7489 -23.4164 4.73234

-25.3509 -25.2354 4.47234
-27.3569 -28.4514 3.69534
-28.4989 -26.7984 0.406335

-24.8099 -26.9474 -0.808665
-23.2239 -30.2554 -1.89666
-19.3999 -30.1724 -2.30366

-18.4209 -33.2474 -4.34966
-15.0349 -34.4344 -3.01266
-14.9199 -37.9684 -4.57166
-16.1239 -39.9304 -7.64966
-18.4879 -41.9514 -5.31466
-20.5069 -38.9394 -4.06766
-24.0709 -38.0484 -5.22566
-23.7939 -35.1044 -7.68366
-27.5349 -34.2334 -7.11166
-27.6379 -34.2974 -3.25766
-27.8269 -30.4634 -2.84866
-29.7989 -27.5974 -4.38966

-26.3069 -26.2714 -5.34666
-23.7839 -28.9644 -6.41966
-20.0549 -28.0294 -6.58166
-17.7279 -30.4334 -8.49766
-14.2479 -30.4264 -10.0937

-13.3769 -30.8714 -13.8077
-11.4759 -34.1404 -13.0097
-14.5519 -35.6774 -11.2717
-17.0189 -34.9004 -14.1627

-15.6449 -37.8464 -16.2447
-16.0059 -40.2044 -13.2017
-19.5619 -38.8714 -12.5397
-20.7329 -38.9464 -16.2457
-23.4499 -41.5464 -15.3407
-24.9619 -38.9674 -12.8727
-24.6739 -36.0254 -15.3957
-27.7899 -37.5644 -17.1067
-29.9069 -35.5824 -14.5597
-30.8129 -32.2684 -16.3327
-29.0859 -29.3664 -14.5427
-30.9549 -26.3464 -16.0247

-28.4229 -23.8084 -14.5927
-24.6549 -24.4294 -14.9557
-21.7259 -22.2764 -13.7827
-18.2359 -23.2414 -15.0247

-15.3809 -21.3684 -13.3257
-12.0599 -20.9964 -15.2337

-13.7849 -22.4834 -18.3537
-10.4839 -22.3384 -20.3527
-9.97095 -25.8734 -18.8407
-12.4929 -26.9974 -21.5607

-10.2769 -25.5674 -24.4387
-9.57995 -29.0404 -25.9957
-12.6319 -31.1144 -27.1207
-10.7129 -34.4794 -27.0227
-10.1049 -34.2474 -23.2237

-12.2699 -36.4004 -20.8927
-13.2869 -33.2534 -18.8717
-14.5509 -31.5404 -22.0777
-16.3049 -34.7244 -23.3907
-18.1799 -35.0364 -20.0327
-19.0319 -31.2684 -19.7167
-20.1839 -30.4844 -23.3097
-23.4189 -32.6544 -23.3877
-24.6799 -30.9174 -20.1837
-23.7229 -27.4034 -21.4487
-25.6119 -27.9574 -24.7707
-28.8669 -29.0584 -22.9607

-28.7909 -26.7754 -19.8497
-31.0909 -23.6734 -20.0887

-28.5449 -21.2474 -18.4887
-24.7379 -21.4784 -19.0137
-22.4879 -19.0544 -17.0947
-18.8639 -19.5884 -18.2077
-16.1459 -17.6524 -16.2967

-12.4579 -17.0664 -17.2037
-9.71695 -14.4194 -16.8117
-8.00895 -15.8304 -19.9217
-10.7209 -17.3534 -22.2167
-7.98195 -18.1524 -24.7297
-4.56295 -19.0874 -23.2617
-2.53995 -18.8584 -26.5407
-4.67895 -19.3164 -29.7487

-8.20495 -18.7194 -31.2687
-8.86395 -22.5274 -31.4857
-9.12095 -22.6494 -27.6077
-12.3379 -20.5014 -27.7637
-14.3469 -22.9774 -29.9127
-15.6229 -25.1574 -26.9987
-16.6999 -22.0234 -25.0277
-18.4569 -20.5374 -28.1427
-20.4779 -23.7694 -28.7607
-21.2639 -24.0574 -24.9987
-22.8229 -20.5144 -24.9807

-24.3259 -20.7854 -28.5567
-24.7109 -24.5014 -29.6417
-25.8909 -23.3824 -33.1647
-22.6539 -21.4214 -33.8927
-20.0559 -23.3674 -35.9767
-21.6189 -26.9164 -35.6137
-18.2949 -28.3484 -36.9557

-14.8199 -27.1504 -35.8137
-13.4379 -27.1534 -39.4167
-15.5849 -24.0984 -40.4147
-14.2839 -22.1624 -37.3437
-10.6839 -23.3304 -38.0527
-10.7469 -22.2934 -41.7687
-11.9569 -18.7654 -40.8147
-10.1219 -17.9514 -37.5267

-7.22895 -20.4824 -37.1487
-5.56995 -19.9994 -40.6267
-6.21795 -23.7084 -41.2427

-3.64095 -25.3554 -43.5737
-3.88995 -28.7034 -45.4157
-0.609948 -30.5464 -44.6587

0.386052 -34.0284 -46.0867
-0.663948 -35.5954 -42.6997

-4.01995 -33.7024 -42.2927
-5.18395 -30.2194 -41.1987
-3.09395 -27.7944 -39.1167

-5.10495 -25.3234 -36.9227
-2.17395 -23.7074 -34.9637
-2.50495 -20.3804 -36.8567
-4.72395 -17.2934 -36.5107
-6.85195 -15.2334 -38.9497
-9.60695 -12.5384 -39.0277

-9.14695 -11.8214 -35.2527
-10.9779 -8.42342 -35.3517
-14.0779 -10.1994 -36.8087
-13.7529 -12.9134 -34.1047
-13.5719 -10.1454 -31.4117
-16.7799 -8.50742 -32.7807
-18.6129 -11.9024 -32.8897
-17.5009 -12.7254 -29.3027
-18.5599 -9.32742 -27.8157
-21.9619 -9.27742 -29.6287
-23.1389 -12.8864 -29.0937

-20.9079 -14.8884 -26.6277

-18.7749 -12.8304 -24.2437
-18.8329 -9.93642 -21.7727

-15.2299 -8.69442 -21.2397
-13.9229 -5.69342 -19.2507
-10.3479 -4.85842 -18.2767

-8.82195 -3.37442 -15.0487
-8.21095 -0.170425 -17.0707
-11.9659 0.0785754 -17.9707
-13.4059 -0.291425 -14.4107

-10.5949 0.203575 -11.7887
-8.63395 3.43858 -12.6197
-7.21995 3.20158 -9.01966
-5.21495 -0.0664246 -9.43566

-1.41595 0.627575 -9.45066
0.337052 -0.106425 -12.7747

1.99305 -3.47642 -13.5177
5.60905 -2.62842 -14.4957
7.14605 -5.51842 -16.4977
10.8251 -6.01642 -17.4447
13.1871 -8.62542 -18.8467
16.2281 -9.32042 -16.6057
19.0471 -10.8744 -18.6607

20.8271 -13.0754 -16.0697
24.5421 -13.2564 -16.8797

25.5261 -16.4874 -18.8027
29.1411 -16.0164 -17.4747
28.1031 -18.2084 -14.4527

27.0621 -20.9974 -16.9377
30.2001 -23.1784 -16.8717

31.7061 -24.4514 -20.1697
30.3941 -28.0694 -19.6287
26.7721 -26.8714 -19.0777
27.0491 -24.5414 -22.1387
28.4781 -27.3864 -24.2907
25.5401 -29.6034 -23.1057
22.9941 -26.8684 -24.1037
24.7911 -26.4704 -27.4937
24.7041 -30.2964 -27.9247
20.9311 -30.6054 -27.1767
20.2431 -27.5534 -29.4447
22.1981 -29.2294 -32.3317
20.4241 -32.5424 -31.5407
16.9271 -30.9904 -32.1247
18.0181 -29.6594 -35.5957

19.4981 -32.9894 -36.8477
17.6681 -34.0874 -40.0527
17.8091 -37.8674 -39.5177
15.9381 -38.0284 -36.1327
12.3651 -39.2564 -35.6257

9.56905 -36.8694 -34.4717
9.88805 -38.5314 -31.0087
13.7101 -38.0724 -30.7197
13.1591 -34.3704 -31.6907
10.5701 -34.0174 -28.8157
12.9381 -35.8374 -26.3787
15.8871 -33.5454 -27.3357
13.5361 -30.5074 -26.8797
12.5211 -31.7094 -23.3557
16.2361 -32.2904 -22.5487
17.2061 -28.7694 -23.8207
14.3791 -27.2304 -21.7057
15.3341 -29.1794 -18.5077
19.0671 -28.2624 -19.0747
18.0171 -24.5724 -19.4347
16.3661 -24.7614 -15.9747
19.5261 -26.3424 -14.4057
21.8261 -23.7814 -16.1337
19.8271 -20.8074 -14.6877
19.7741 -22.0034 -10.9897
23.0611 -20.2504 -9.85266
22.1241 -16.8174 -11.3247
18.4391 -17.1724 -10.2847
19.7801 -17.7204 -6.71366
22.2521 -14.7774 -7.10066
19.3251 -12.5264 -8.18366
17.0131 -13.6784 -5.29366
19.8181 -12.9104 -2.78266
20.4721 -9.46042 -4.40766
16.7231 -8.66342 -3.93166
16.8501 -9.67442 -0.206665
20.1751 -7.80942 0.383335

18.5171 -4.73042 -1.29966
16.0371 -4.74542 1.67434
12.8681 -6.04242 -0.116665
10.1741 -6.99542 2.41134
7.92105 -9.34442 0.287335

8.14005 -10.9394 -3.19366
6.97205 -14.0154 -5.16466
9.34205 -16.3774 -7.03966
7.75605 -18.4444 -9.84366
9.37705 -21.5994 -11.3147

7.99505 -24.9004 -12.7917
10.8731 -27.4444 -12.7367

11.0041 -29.1284 -9.28366
14.8671 -28.9264 -9.22566
14.6371 -25.0694 -9.46766
12.0341 -24.8844 -6.62366
14.1951 -27.3194 -4.53766
17.4601 -25.3374 -5.09166
15.7831 -21.9584 -4.24566
14.2301 -23.3874 -1.00666
17.5661 -25.0204 0.0233353
19.5081 -21.7174 -0.396665
16.8221 -19.7044 1.51134
17.0401 -22.2954 4.37634
20.9021 -22.0714 4.26134

20.6141 -18.2164 4.51734
17.9461 -18.6484 7.31834
15.3681 -16.6884 5.21634
11.7641 -17.3754 6.28534

9.76105 -18.3664 3.17434
6.67605 -20.3344 2.00834
6.59805 -23.0514 -0.707665
3.59605 -24.1524 -2.85166

3.86205 -26.8744 -5.54966
2.02905 -29.9704 -6.96366
2.60705 -31.8874 -3.65466
1.17305 -29.1384 -1.33866
-2.33995 -30.1434 -0.149665
-5.50295 -28.0474 -0.805665
-5.87595 -26.9394 2.88234

-2.11795 -26.2974 3.46934
-2.12695 -24.0724 0.302335
-4.68795 -21.7404 1.96634
-2.83895 -21.7954 5.35034
0.597052 -21.0074 3.74234
-1.14395 -18.2384 1.71934
-2.47795 -16.7504 5.01934
0.999052 -17.1334 6.67234
2.64705 -15.1174 3.80434
-0.200948 -12.5174 3.85434
-0.274948 -11.9534 7.66534

3.35805 -12.6164 8.79934
5.94205 -9.83442 8.11334
8.74505 -12.4624 8.56334
7.93405 -14.4664 5.38534
9.90305 -12.4854 2.76434

9.76105 -15.0094 -0.148665
7.00105 -17.1804 -1.62766
8.46305 -20.0424 -3.75766
5.60705 -20.9524 -6.13066
5.03305 -23.4804 -8.91866

3.72105 -21.5844 -12.0197
1.29205 -24.4944 -12.7287
0.229052 -25.3434 -9.13166
-0.257948 -21.7494 -7.76466
-1.97995 -20.2204 -10.8977
-5.44095 -20.6944 -9.20966
-7.43895 -19.7384 -6.05866
-4.67195 -17.9724 -4.06366
-4.22295 -14.2004 -3.37866
-0.769948 -12.6574 -2.66966
-1.60695 -8.92242 -2.22366
1.10305 -8.59042 0.529335
3.88705 -8.65542 -2.14366
4.77105 -5.85042 -4.64066

7.21805 -7.92742 -6.78266
6.90905 -11.0914 -8.92466
10.0761 -12.8584 -10.2097
9.69905 -15.4914 -12.9537

12.8591 -17.6144 -12.5097
11.6501 -19.6344 -15.5407
9.63905 -18.8314 -18.6887
6.44605 -20.7964 -19.4847
5.36005 -21.3504 -23.1517
1.71405 -20.3784 -22.4067

1.17405 -16.6014 -21.7587
-2.29895 -17.1494 -20.1957
-0.597948 -19.0164 -17.2757
2.02105 -16.2204 -16.8607
-0.815948 -13.5924 -16.7067
-2.69595 -15.8324 -14.1717
0.482052 -15.8394 -11.9917
0.956052 -11.9884 -12.2237

-2.74195 -11.5134 -11.2057
-2.06795 -13.3604 -7.92166
-0.446948 -10.0804 -6.65666
-2.37895 -7.55842 -8.80166
-5.76295 -8.05142 -6.97766
-8.30295 -5.87742 -5.09466
-6.37895 -4.93542 -1.89766
-3.07095 -4.16342 -3.71966
-1.84195 -0.563425 -3.00566
1.68005 -0.632425 -4.61866
2.78305 -0.669425 -8.30466

3.40505 -4.35042 -9.12766
6.89505 -5.17142 -10.4597
7.15705 -8.22242 -12.7947
10.7181 -9.47442 -13.5357
11.2221 -12.1584 -16.2477
14.6421 -13.8534 -15.7397
16.1751 -14.8694 -19.1427

19.5641 -16.3694 -20.1647
21.2651 -15.8504 -23.5937
22.3711 -19.2154 -25.1177
19.3481 -21.1904 -23.6997
15.6761 -22.1904 -24.3257

14.6641 -18.6064 -23.2467
15.9831 -17.2624 -26.6307
13.2031 -19.2704 -28.4407
10.5041 -19.1934 -25.7067
10.4681 -15.3794 -25.2867
9.65705 -14.5374 -29.0007
7.07205 -17.4244 -28.9507
5.36305 -15.9874 -25.8067
5.37605 -12.4744 -27.4237
3.68305 -13.5574 -30.7057
1.08205 -15.4824 -28.5907
0.240052 -12.3474 -26.4717
-0.119948 -10.3554 -29.7437
-2.59295 -13.0004 -31.1087
-4.51495 -12.7344 -27.7767
-4.49995 -8.87042 -27.9407
-5.72695 -8.78642 -31.6107

-8.59995 -11.1084 -30.4937
-9.39995 -8.56642 -27.6487
-8.32395 -11.1674 -25.0047
-5.30395 -9.26042 -23.5287
-4.12895 -5.64542 -22.9567
-0.670948 -7.08442 -22.2217
1.80305 -5.94842 -24.8667
5.24305 -7.62042 -24.3937
7.12805 -5.81442 -27.2827

8.13405 -2.72542 -25.2007
10.1821 -4.91442 -22.7577
12.5291 -6.23142 -25.5367
13.3801 -2.83442 -27.0957

14.6451 -1.87542 -23.5657
17.1301 -4.84842 -23.1427

End chain 1
