-13.201 -6.296 -53.957
-10.703 -3.406 -53.291
-9.54 -3.087 -49.639
-11.02 0.322 -48.639
-8.614 1.85 -46.053
-10.787 3.126 -43.162

-9.634 6.195 -41.181
-10.061 4.9 -37.589
-10.286 6.838 -34.306
-12.195 7.103 -30.979
-14.163 9.439 -28.711
-12.619 10.223 -25.263
-14.157 12.207 -22.344

-11.943 15.248 -21.466
-14.301 16.978 -18.949
-17.827 16.65 -17.399
-19.139 18.761 -20.353

-16.752 17.96 -23.312
-15.482 14.956 -25.281
-12.62 14.751 -27.824
-12.437 12.939 -31.204
-8.982 11.264 -31.393
-8.672 10.357 -35.1

-6.282 10.744 -38.079
-6.98 13.557 -40.6
-9.895 13.022 -43.051

-11.208 15.853 -45.293
-14.92 14.856 -45.011
-14.611 14.37 -41.226
-13.015 17.857 -40.827
-15.875 19.254 -42.999
-18.403 17.482 -40.669
-16.559 18.759 -37.515
-16.844 22.341 -38.957

-20.697 21.797 -39.029
-20.861 21.033 -35.24
-22.116 23.933 -33.104
-20.016 23.255 -29.939
-16.791 22.621 -31.971

-13.393 23.436 -30.391
-10.011 22.816 -32.063
-6.805 22.812 -29.99

-3.883 23.919 -32.209
-1.328 22.314 -29.773
-2.753 18.736 -29.691
-4.334 19.137 -33.217

-7.578 17.622 -31.79
-11.313 18.386 -31.995
-13.683 18.544 -28.991
-17.466 19.001 -28.65
-20.131 19.402 -25.91

-21.257 16.038 -24.476
-24.923 16.743 -25.497
-23.731 16.722 -29.178
-22.178 13.179 -28.839
-25.228 11.354 -30.322
-25.57 14.044 -33.093
-21.852 13.682 -34.021
-21.815 9.829 -34.037
-25.045 9.774 -36.128
-23.507 12.176 -38.75
-20.093 10.348 -38.803

-21.793 6.948 -39.527
-22.962 8.546 -42.834
-19.328 9.196 -43.991
-17.677 6.563 -46.261
-14.251 5.2 -45.121

-14.46 6.789 -41.562
-14.765 4.819 -38.279
-15.142 6.964 -35.114
-15.663 4.659 -32.101

-18.218 6.249 -29.657
-17.862 6.903 -25.912
-18.35 3.469 -24.195
-21.794 2.549 -22.772
-20.235 2.829 -19.255
-19.534 6.58 -19.812
-22.964 7.196 -21.431
-24.623 5.531 -18.378
-22.42 7.523 -15.909

-23.028 10.919 -17.654
-26.668 10.153 -18.714
-27.851 13.482 -17.123

-25.214 15.594 -18.963
-26 13.8 -22.296
-29.631 15.147 -21.909

-29.014 18.802 -20.797
-28.522 21.656 -23.337
-27.494 23.803 -20.296
-24.374 24.206 -18.108
-26.03 23.63 -14.722
-23.195 22.587 -12.38
-23.731 19.355 -10.334

-27.219 19.392 -8.694
-26.798 20.208 -4.988
-26.578 17.032 -2.906
-29.814 16.999 -0.82
-29.276 16.946 2.956
-30.305 13.551 4.343

-32.727 13.25 7.268
-30.389 11.851 9.975
-33.077 12.019 12.787
-33.159 8.159 12.923
-29.32 8.149 13.454
-27.82 8.306 16.969

-27.52 12.074 17.913
-23.991 11.509 19.371
-22.796 10.469 15.867
-24.731 13.185 13.93
-23.402 16.008 16.22
-19.738 14.82 15.861

-19.687 14.822 11.995
-17.445 17.587 10.586

-19.106 19.692 7.763
-17.231 17.783 4.996
-18.064 14.402 6.666
-21.796 15.407 6.677
-21.562 16.318 2.947
-19.943 12.855 2.346
-22.788 11.075 4.244
-25.363 13.084 2.191
-23.555 12.165 -1.104
-23.43 8.459 -0.115
-27.196 8.491 0.728
-28.024 10.343 -2.565

-25.973 7.645 -4.472
-28.214 5.048 -2.67
-25.512 3.7 -0.27

-23.352 2.353 -3.174
-19.956 4.118 -3.237
-16.209 4.012 -2.721
-15.295 6.541 0.021

-11.694 7.195 -1.128

-11.135 10.189 1.225
-7.504 10.605 2.377

-6.048 8.715 5.398
-7.361 9.956 8.784
-10.233 12.169 7.374
-12.706 9.981 9.408

-13.844 7.354 6.831
-15.012 5.081 9.734
-17.363 7.714 11.316
-18.876 8.506 7.854
-19.282 4.738 7.09
-21.02 4.042 10.461
-23.415 6.996 9.798
-24.247 5.855 6.195
-24.846 2.277 7.463
-26.955 3.52 10.461
-29.227 5.531 8.078

-29.9 2.058 6.507

-30.384 0.293 9.981
-33.886 -0.857 8.77
-32.05 -2.956 6.062
-29.626 -4.868 8.41
-27.981 -7.413 9.17

-24.774 -5.448 8.488
-21.551 -7.137 7.269
-18.235 -5.328 7.997
-15.132 -6.739 6.223
-11.829 -5.357 7.603

-8.05 -6.016 7.986
-7.416 -8.82 10.567
-5.856 -6.305 13.093
-8.689 -3.64 13.199

-11.758 -5.868 14.003
-11.895 -4.753 17.675
-11.154 -1.102 16.63
-14.365 -1.304 14.506
-16.414 -2.897 17.375
-15.268 -0.08 19.729
-16.109 2.476 16.969
-19.722 1.111 16.76
-20.082 1.14 20.611
-18.596 4.7 20.723
-20.823 6.195 17.978

-24.121 4.191 18.24
-24.851 3.95 22.056
-28.388 2.791 20.948
-26.764 -0.701 20.406
-26.03 -3.285 23.117

-22.632 -5.104 22.857
-24.638 -8.32 22.08
-25.78 -6.667 18.791

-22.091 -6.816 17.576
-20.505 -10.124 16.488
-16.681 -10.041 16.081

-15.702 -13.116 14.035
-12.316 -14.303 15.372
-12.201 -17.837 13.813
-13.405 -19.799 10.735
-15.769 -21.82 13.07
-17.788 -18.808 14.317
-21.352 -17.917 13.159
-21.075 -14.973 10.701
-24.816 -14.102 11.273
-24.919 -14.166 15.127
-25.108 -10.332 15.536
-27.08 -7.466 13.995

-23.588 -6.14 13.038
-21.065 -8.833 11.965
-17.336 -7.898 11.803
-15.009 -10.302 9.887
-11.529 -10.295 8.291

-10.658 -10.74 4.577
-8.757 -14.009 5.375
-11.833 -15.546 7.113
-14.3 -14.769 4.222

-12.926 -17.715 2.14
-13.287 -20.073 5.183
-16.843 -18.74 5.845
-18.014 -18.815 2.139
-20.731 -21.415 3.044
-22.243 -18.836 5.512
-21.955 -15.894 2.989
-25.071 -17.433 1.278
-27.188 -15.451 3.825
-28.094 -12.137 2.052
-26.367 -9.235 3.842
-28.236 -6.215 2.36

-25.704 -3.677 3.792
-21.936 -4.298 3.429
-19.007 -2.145 4.602
-15.517 -3.11 3.36

-12.662 -1.237 5.059
-9.341 -0.865 3.151

-11.066 -2.352 0.031
-7.765 -2.207 -1.968
-7.252 -5.742 -0.456
-9.774 -6.866 -3.176

-7.39735 -5.71597 -5.97441
-8.8395 -2.21983 -6.30216
-11.5445 0.397994 -5.90542
-12.4572 0.552112 -9.5569
-12.8313 -1.02518 -13.003

-9.14106 -1.26782 -13.8783
-8.52671 -3.70822 -11.0305
-11.4256 -5.89553 -12.1508
-10.1197 -5.96639 -15.719
-6.65164 -6.97044 -14.5326
-8.08321 -9.79107 -12.426
-10.1024 -11.0948 -15.3698
-7.03325 -11.0693 -17.6109
-5.01149 -12.9879 -15.0274
-7.74157 -15.611 -14.6969
-7.89729 -16.0636 -18.4671
-4.1284 -16.5093 -18.6665

-4.0524 -14.2263 -15.5555
-6.3524 -11.1243 -15.7945

-3.8064 -8.69827 -14.1945
0.000600123 -8.92927 -14.7195
2.2506 -6.50527 -12.8005
5.8746 -7.03927 -13.9135
8.5926 -5.10327 -12.0025

12.2806 -4.51727 -12.9095
15.0216 -1.87027 -12.5175
16.7296 -3.28127 -15.6275
14.0176 -4.80427 -17.9225
16.7566 -5.60327 -20.4355
20.1756 -6.53827 -18.9675
22.1986 -6.30927 -22.2465
20.0596 -6.76727 -25.4545

16.5336 -6.17027 -26.9745
15.8746 -9.97827 -27.1915
15.6176 -10.1003 -23.3135
12.4006 -7.95227 -23.4695
10.3916 -10.4283 -25.6185
9.1156 -12.6083 -22.7045
8.0386 -9.47427 -20.7335
6.2816 -7.98827 -23.8485
4.2606 -11.2203 -24.4665
3.4746 -11.5083 -20.7045
1.9156 -7.96527 -20.6865

0.4126 -8.23627 -24.2625
0.0276001 -11.9523 -25.3475
-1.1524 -10.8333 -28.8705
2.0846 -8.87227 -29.5985
4.6826 -10.8183 -31.6825
3.1196 -14.3673 -31.3195
6.4436 -15.7993 -32.6615

9.9186 -14.6013 -31.5195
11.3006 -14.6043 -35.1225
9.1536 -11.5493 -36.1205
10.4546 -9.61327 -33.0495
14.0546 -10.7813 -33.7585
13.9916 -9.74427 -37.4745
12.7816 -6.21627 -36.5205
14.6166 -5.40227 -33.2325

17.5096 -7.93327 -32.8545
19.1686 -7.45027 -36.3325
18.5206 -11.1593 -36.9485

21.0976 -12.8063 -39.2795
20.8486 -16.1543 -41.1215
24.1286 -17.9973 -40.3645

25.1246 -21.4793 -41.7925
24.0746 -23.0463 -38.4055

20.7186 -21.1533 -37.9985
19.5546 -17.6703 -36.9045
21.6446 -15.2453 -34.8225

19.6336 -12.7743 -32.6285
22.5646 -11.1583 -30.6695
22.2336 -7.83127 -32.5625
20.0146 -4.74427 -32.2165
17.8866 -2.68427 -34.6555
15.1316 0.0107271 -34.7335

15.5916 0.727727 -30.9585
13.7606 4.12573 -31.0575
10.6606 2.34973 -32.5145
10.9856 -0.364273 -29.8105
11.1666 2.40373 -27.1175
7.9586 4.04173 -28.4865
6.1256 0.646727 -28.5955
7.2376 -0.176273 -25.0085
6.1786 3.22173 -23.5215
2.7766 3.27173 -25.3345
1.5996 -0.337273 -24.7995

3.8306 -2.33927 -22.3335

5.9636 -0.281273 -19.9495
5.9056 2.61273 -17.4785

9.5086 3.85473 -16.9455
10.8156 6.85573 -14.9565
14.3906 7.69073 -13.9825

15.9166 9.17473 -10.7545
16.5276 12.3787 -12.7765
12.7726 12.6277 -13.6765
11.3326 12.2577 -10.1165

14.1436 12.7527 -7.49448
16.1046 15.9877 -8.32548
17.5186 15.7507 -4.72548
19.5236 12.4827 -5.14148

23.3226 13.1767 -5.15648
25.0756 12.4427 -8.48048

26.7316 9.07273 -9.22348
30.3476 9.92073 -10.2015
31.8846 7.03073 -12.2035
35.5636 6.53273 -13.1505
37.9256 3.92373 -14.5525
40.9666 3.22873 -12.3115
43.7856 1.67473 -14.3665

45.5656 -0.526273 -11.7755
49.2806 -0.707273 -12.5855

50.2646 -3.93827 -14.5085
53.8796 -3.46727 -13.1805
52.8416 -5.65927 -10.1585

51.8006 -8.44827 -12.6435
54.9386 -10.6293 -12.5775

56.4446 -11.9023 -15.8755
55.1326 -15.5203 -15.3345
51.5106 -14.3223 -14.7835
51.7876 -11.9923 -17.8445
53.2166 -14.8373 -19.9965
50.2786 -17.0543 -18.8115
47.7326 -14.3193 -19.8095
49.5296 -13.9213 -23.1995
49.4426 -17.7473 -23.6305
45.6696 -18.0563 -22.8825
44.9816 -15.0043 -25.1505
46.9366 -16.6803 -28.0375
45.1626 -19.9933 -27.2465
41.6656 -18.4413 -27.8305
42.7566 -17.1103 -31.3015

44.2366 -20.4403 -32.5535
42.4066 -21.5383 -35.7585
42.5476 -25.3183 -35.2235
40.6766 -25.4793 -31.8385
37.1036 -26.7073 -31.3315

34.3076 -24.3203 -30.1775
34.6266 -25.9823 -26.7145
38.4486 -25.5233 -26.4255
37.8976 -21.8213 -27.3965
35.3086 -21.4683 -24.5215
37.6766 -23.2883 -22.0845
40.6256 -20.9963 -23.0415
38.2746 -17.9583 -22.5855
37.2596 -19.1603 -19.0615
40.9746 -19.7413 -18.2545
41.9446 -16.2203 -19.5265
39.1176 -14.6813 -17.4115
40.0726 -16.6303 -14.2135
43.8056 -15.7133 -14.7805
42.7556 -12.0233 -15.1405
41.1046 -12.2123 -11.6805
44.2646 -13.7933 -10.1115
46.5646 -11.2323 -11.8395
44.5656 -8.25827 -10.3935
44.5126 -9.45427 -6.69548
47.7996 -7.70127 -5.55848
46.8626 -4.26827 -7.03048
43.1776 -4.62327 -5.99048
44.5186 -5.17127 -2.41948
46.9906 -2.22827 -2.80648
44.0636 0.0227271 -3.88948
41.7516 -1.12927 -0.999477
44.5566 -0.361273 1.51152
45.2106 3.08873 -0.113477
41.4616 3.88573 0.362523
41.5886 2.87473 4.08752
44.9136 4.73973 4.67752

43.2556 7.81873 2.99452
40.7756 7.80373 5.96852
37.6066 6.50673 4.17752
34.9126 5.55373 6.70552
32.6596 3.20473 4.58152

32.8786 1.60973 1.10052
31.7106 -1.46627 -0.870477
34.0806 -3.82827 -2.74548
32.4946 -5.89527 -5.54948
34.1156 -9.05027 -7.02048

32.7336 -12.3513 -8.49748
35.6116 -14.8953 -8.44248

35.7426 -16.5793 -4.98948
39.6056 -16.3773 -4.93148
39.3756 -12.5203 -5.17348
36.7726 -12.3353 -2.32948
38.9336 -14.7703 -0.243477
42.1986 -12.7883 -0.797477
40.5216 -9.40927 0.0485233
38.9686 -10.8383 3.28752
42.3046 -12.4713 4.31752
44.2466 -9.16827 3.89752
41.5606 -7.15527 5.80552
41.7786 -9.74627 8.67052
45.6406 -9.52227 8.55552

45.3526 -5.66727 8.81152
42.6846 -6.09927 11.6125
40.1066 -4.13927 9.51052
36.5026 -4.82627 10.5795

34.4996 -5.81727 7.46852
31.4146 -7.78527 6.30252
31.3366 -10.5023 3.58652
28.3346 -11.6033 1.44252

28.6006 -14.3253 -1.25548
26.7676 -17.4213 -2.66948
27.3456 -19.3383 0.639523
25.9116 -16.5893 2.95552
22.3986 -17.5943 4.14452
19.2356 -15.4983 3.48852
18.8626 -14.3903 7.17652

22.6206 -13.7483 7.76352
22.6116 -11.5233 4.59652
20.0506 -9.19127 6.26052
21.8996 -9.24627 9.64452
25.3356 -8.45827 8.03652
23.5946 -5.68927 6.01352
22.2606 -4.20127 9.31352
25.7376 -4.58427 10.9665
27.3856 -2.56827 8.09852
24.5376 0.0317271 8.14852
24.4636 0.595727 11.9595

28.0966 -0.0672729 13.0935
30.6806 2.71473 12.4075
33.4836 0.0867271 12.8575
32.6726 -1.91727 9.67952
34.6416 0.0637271 7.05852

34.4996 -2.46027 4.14552
31.7396 -4.63127 2.66652
33.2016 -7.49327 0.536523
30.3456 -8.40327 -1.83648
29.7716 -10.9313 -4.62448

28.4596 -9.03527 -7.72548
26.0306 -11.9453 -8.43448
24.9676 -12.7943 -4.83748
24.4806 -9.20027 -3.47048
22.7586 -7.67127 -6.60348
19.2976 -8.14527 -4.91548
17.2996 -7.18927 -1.76448
20.0666 -5.42327 0.230523
20.5156 -1.65127 0.915523
23.9686 -0.108273 1.62452
23.1316 3.62673 2.07052
25.8416 3.95873 4.82352
28.6256 3.89373 2.15052
29.5096 6.69873 -0.346477

31.9566 4.62173 -2.48848
31.6476 1.45773 -4.63048
34.8146 -0.309273 -5.91548
34.4376 -2.94227 -8.65948

37.5976 -5.06527 -8.21548
36.3886 -7.08527 -11.2465
34.3776 -6.28227 -14.3945
31.1846 -8.24727 -15.1905
30.0986 -8.80127 -18.8575
26.4526 -7.82927 -18.1125

25.9126 -4.05227 -17.4645
22.4396 -4.60027 -15.9015
24.1406 -6.46727 -12.9815
26.7596 -3.67127 -12.5665
23.9226 -1.04327 -12.4125
22.0426 -3.28327 -9.87748
25.2206 -3.29027 -7.69748
25.6946 0.560727 -7.92948

21.9966 1.03573 -6.91148
22.6706 -0.811273 -3.62748
24.2916 2.46873 -2.36248
22.3596 4.99073 -4.50748
18.9756 4.49773 -2.68348
16.4356 6.67173 -0.800477
18.3596 7.61373 2.39652
21.6676 8.38573 0.574523
22.8966 11.9857 1.28852
26.4186 11.9167 -0.324477
27.5216 11.8797 -4.01048

28.1436 8.19873 -4.83348
31.6336 7.37773 -6.16548
31.8956 4.32673 -8.50048
35.4566 3.07473 -9.24148
35.9606 0.390727 -11.9535
39.3806 -1.30427 -11.4455
40.9136 -2.32027 -14.8485

44.3026 -3.82027 -15.8705
46.0036 -3.30127 -19.2995
47.1096 -6.66627 -20.8235
44.0866 -8.64127 -19.4055
40.4146 -9.64127 -20.0315

39.4026 -6.05727 -18.9525
40.7216 -4.71327 -22.3365
37.9416 -6.72127 -24.1465
35.2426 -6.64427 -21.4125
35.2066 -2.83027 -20.9925
34.3956 -1.98827 -24.7065
31.8106 -4.87527 -24.6565
30.1016 -3.43827 -21.5125
30.1146 0.0747271 -23.1295
28.4216 -1.00827 -26.4115
25.8206 -2.93327 -24.2965
24.9786 0.201727 -22.1775
24.6186 2.19373 -25.4495
22.1456 -0.451273 -26.8145
20.2236 -0.185273 -23.4825
20.2386 3.67873 -23.6465
19.0116 3.76273 -27.3165

16.1386 1.44073 -26.1995
15.3386 3.98273 -23.3545
16.4146 1.38173 -20.7105
19.4346 3.28873 -19.2345
20.6096 6.90373 -18.6625
24.0676 5.46473 -17.9275
26.5416 6.60073 -20.5725
29.9816 4.92873 -20.0995
31.8666 6.73473 -22.9885

32.8726 9.82373 -20.9065
34.9206 7.63473 -18.4635
37.2676 6.31773 -21.2425
38.1186 9.71473 -22.8015

39.3836 10.6737 -19.2715
41.8686 7.70073 -18.8485

End chain 1
