-13.201 -6.296 -53.957
-10.703 -3.406 -53.291
-9.54 -3.087 -49.639
-11.02 0.322 -48.639
-8.614 1.85 -46.053
-10.787 3.126 -43.162

-9.634 6.195 -41.181
-10.061 4.9 -37.589
-10.286 6.838 -34.306
-12.195 7.103 -30.979
-14.163 9.439 -28.711
-12.619 10.223 -25.263
-14.157 12.207 -22.344

-11.943 15.248 -21.466
-14.301 16.978 -18.949
-17.827 16.65 -17.399
-19.139 18.761 -20.353

-16.752 17.96 -23.312
-15.482 14.956 -25.281
-12.62 14.751 -27.824
-12.437 12.939 -31.204
-8.982 11.264 -31.393
-8.672 10.357 -35.1

-6.282 10.744 -38.079
-6.98 13.557 -40.6
-9.895 13.022 -43.051

-11.208 15.853 -45.293
-14.92 14.856 -45.011
-14.611 14.37 -41.226
-13.015 17.857 -40.827
-15.875 19.254 -42.999
-18.403 17.482 -40.669
-16.559 18.759 -37.515
-16.844 22.341 -38.957

-20.697 21.797 -39.029
-20.861 21.033 -35.24
-22.116 23.933 -33.104
-20.016 23.255 -29.939
-16.791 22.621 -31.971

-13.393 23.436 -30.391
-10.011 22.816 -32.063
-6.805 22.812 -29.99

-3.883 23.919 -32.209
-1.328 22.314 -29.773
-2.753 18.736 -29.691
-4.334 19.137 -33.217

-7.578 17.622 -31.79
-11.313 18.386 -31.995
-13.683 18.544 -28.991
-17.466 19.001 -28.65
-20.131 19.402 -25.91

-21.257 16.038 -24.476
-24.923 16.743 -25.497
-23.731 16.722 -29.178
-22.178 13.179 -28.839
-25.228 11.354 -30.322
-25.57 14.044 -33.093
-21.852 13.682 -34.021
-21.815 9.829 -34.037
-25.045 9.774 -36.128
-23.507 12.176 -38.75
-20.093 10.348 -38.803

-21.793 6.948 -39.527
-22.962 8.546 -42.834
-19.328 9.196 -43.991
-17.677 6.563 -46.261
-14.251 5.2 -45.121

-14.46 6.789 -41.562
-14.765 4.819 -38.279
-15.142 6.964 -35.114
-15.663 4.659 -32.101

-18.218 6.249 -29.657
-17.862 6.903 -25.912
-18.35 3.469 -24.195
-21.794 2.549 -22.772
-20.235 2.829 -19.255
-19.534 6.58 -19.812
-22.964 7.196 -21.431
-24.623 5.531 -18.378
-22.42 7.523 -15.909

-23.028 10.919 -17.654
-26.668 10.153 -18.714
-27.851 13.482 -17.123

-25.214 15.594 -18.963
-26 13.8 -22.296
-29.631 15.147 -21.909

-29.014 18.802 -20.797
-28.522 21.656 -23.337
-27.494 23.803 -20.296
-24.374 24.206 -18.108
-26.03 23.63 -14.722
-23.195 22.587 -12.38
-23.731 19.355 -10.334

-27.219 19.392 -8.694
-26.798 20.208 -4.988
-26.578 17.032 -2.906
-29.814 16.999 -0.82
-29.276 16.946 2.956
-30.305 13.551 4.343

-32.727 13.25 7.268
-30.389 11.851 9.975
-33.077 12.019 12.787
-33.159 8.159 12.923
-29.32 8.149 13.454
-27.82 8.306 16.969

-27.52 12.074 17.913
-23.991 11.509 19.371
-22.796 10.469 15.867
-24.731 13.185 13.93
-23.402 16.008 16.22
-19.738 14.82 15.861

-19.687 14.822 11.995
-17.445 17.587 10.586

-19.106 19.692 7.763
-17.231 17.783 4.996
-18.064 14.402 6.666
-21.796 15.407 6.677
-21.562 16.318 2.947
-19.943 12.855 2.346
-22.788 11.075 4.244
-25.363 13.084 2.191
-23.555 12.165 -1.104
-23.43 8.459 -0.115
-27.196 8.491 0.728
-28.024 10.343 -2.565

-25.973 7.645 -4.472
-28.214 5.048 -2.67
-25.512 3.7 -0.27

-23.352 2.353 -3.174
-19.956 4.118 -3.237
-16.209 4.012 -2.721
-15.295 6.541 0.021

-11.694 7.195 -1.128

-11.135 10.189 1.225
-7.504 10.605 2.377

-6.048 8.715 5.398
-7.361 9.956 8.784
-10.233 12.169 7.374
-12.706 9.981 9.408

-13.844 7.354 6.831
-15.012 5.081 9.734
-17.363 7.714 11.316
-18.876 8.506 7.854
-19.282 4.738 7.09
-21.02 4.042 10.461
-23.415 6.996 9.798
-24.247 5.855 6.195
-24.846 2.277 7.463
-26.955 3.52 10.461
-29.227 5.531 8.078

-29.9 2.058 6.507

-30.384 0.293 9.981
-33.886 -0.857 8.77
-32.05 -2.956 6.062
-29.626 -4.868 8.41
-27.981 -7.413 9.17

-24.774 -5.448 8.488
-21.551 -7.137 7.269
-18.235 -5.328 7.997
-15.132 -6.739 6.223
-11.829 -5.357 7.603

-8.05 -6.016 7.986
-7.416 -8.82 10.567
-5.856 -6.305 13.093
-8.689 -3.64 13.199

-11.758 -5.868 14.003
-11.895 -4.753 17.675
-11.154 -1.102 16.63
-14.365 -1.304 14.506
-16.414 -2.897 17.375
-15.268 -0.08 19.729
-16.109 2.476 16.969
-19.722 1.111 16.76
-20.082 1.14 20.611
-18.596 4.7 20.723
-20.823 6.195 17.978

-24.121 4.191 18.24
-24.851 3.95 22.056
-28.388 2.791 20.948
-26.764 -0.701 20.406
-26.03 -3.285 23.117

-22.632 -5.104 22.857
-24.638 -8.32 22.08
-25.78 -6.667 18.791

-22.091 -6.816 17.576
-20.505 -10.124 16.488
-16.681 -10.041 16.081

-13.0729 -10.7431 14.804
-10.0888 -12.9165 14.1898
-7.16246 -11.8687 11.8589
-8.31912 -9.06408 14.2432
-8.59165 -9.37787 17.9578
-5.87802 -11.6864 19.1866
-3.97251 -9.09124 17.0046
-5.07799 -5.80289 18.52
-4.09573 -7.58628 21.8447
-1.97346 -10.5014 23.0717
0.799901 -10.2066 20.3952
2.82395 -7.30808 22.0093

6.19071 -5.44082 22.6195
6.99036 -2.87882 19.8715
9.44714 -2.11417 16.9424
10.2499 1.63134 16.4712
11.6472 3.50571 13.3817

12.5182 3.06071 9.66768
14.4192 -0.208286 10.4657
11.3432 -1.74529 12.2037
8.8762 -0.968286 9.31268

10.2502 -3.91429 7.23068
9.8892 -6.27229 10.2737
6.3332 -4.93929 10.9357
5.1622 -5.01429 7.22968
2.4452 -7.61429 8.13468
0.933199 -5.03529 10.6027
1.2212 -2.09329 8.07968
-1.8948 -3.63229 6.36868
-4.0118 -1.65029 8.91568
-4.9178 1.66371 7.14268
-3.1908 4.56571 8.93268
-5.0598 7.58571 7.45068

-2.5278 10.1237 8.88268
1.2402 9.50271 8.51968
4.1692 11.6557 9.69268
7.6592 10.6907 8.45068

10.5142 12.5637 10.1497
13.8352 12.9357 8.24168

12.1102 11.4487 5.12168
15.4112 11.5937 3.12268
15.9242 8.05871 4.63468
13.4022 6.93471 1.91468

15.6182 8.36471 -0.963321
16.3152 4.89171 -2.52032
13.2632 2.81771 -3.64532
15.1822 -0.547286 -3.54732
15.7902 -0.315286 0.251679

13.6252 -2.46829 2.58268
12.6082 0.678714 4.60368
11.3442 2.39171 1.39768
9.5902 -0.792286 0.0846785
7.7152 -1.10429 3.44268
6.8632 2.66371 3.75868
5.7112 3.44771 0.165679
2.4762 1.27771 0.0876785
1.2152 3.01471 3.29168
2.1722 6.52871 2.02668
0.283199 5.97471 -1.29532
-2.9718 4.87371 0.514679

-2.8958 7.15671 3.62568
-5.1958 10.2587 3.38668

-2.6498 12.6847 4.98668
1.1572 12.4537 4.46168
3.4072 14.8777 6.38068
7.0312 14.3437 5.26768
9.7492 16.2797 7.17868

13.4372 16.8657 6.27168
16.1782 19.5127 6.66368
17.8862 18.1017 3.55368
15.1742 16.5787 1.25868
17.9132 15.7797 -1.25432
21.3322 14.8447 0.213679
23.3552 15.0737 -3.06532
21.2162 14.6157 -6.27332

17.6902 15.2127 -7.79332
17.0312 11.4047 -8.01032
16.7742 11.2827 -4.13232
13.5572 13.4307 -4.28832
11.5482 10.9547 -6.43732
10.2722 8.77471 -3.52332
9.1952 11.9087 -1.55232
7.4382 13.3947 -4.66732
5.4172 10.1627 -5.28532
4.6312 9.87471 -1.52332
3.0722 13.4177 -1.50532

1.5692 13.1467 -5.08132
1.1842 9.43071 -6.16632
0.0041985 10.5497 -9.68932
3.2412 12.5107 -10.4173
5.8392 10.5647 -12.5013
4.2762 7.01571 -12.1383
7.6002 5.58371 -13.4803

11.0752 6.78171 -12.3383
12.4572 6.77871 -15.9413
10.3102 9.83371 -16.9393
11.6112 11.7697 -13.8683
15.2112 10.6017 -14.5773
15.1482 11.6387 -18.2933
13.9382 15.1667 -17.3393
15.7732 15.9807 -14.0513

18.6662 13.4497 -13.6733
20.3252 13.9327 -17.1513
19.6772 10.2237 -17.7673

22.2542 8.57671 -20.0983
22.0052 5.22871 -21.9403
25.2852 3.38571 -21.1833

26.2812 -0.0962859 -22.6113
25.2312 -1.66329 -19.2243

21.8752 0.229714 -18.8173
20.7112 3.71271 -17.7233
22.8012 6.13771 -15.6413

20.7902 8.60871 -13.4473
23.7212 10.2247 -11.4883
23.3902 13.5517 -13.3813
21.1712 16.6387 -13.0353
19.0432 18.6987 -15.4743
16.2882 21.3937 -15.5523

16.7482 22.1107 -11.7773
14.9172 25.5087 -11.8763
11.8172 23.7327 -13.3333
12.1422 21.0187 -10.6293
12.3232 23.7867 -7.93632
9.1152 25.4247 -9.30532
7.2822 22.0297 -9.41432
8.3942 21.2067 -5.82732
7.3352 24.6047 -4.34032
3.9332 24.6547 -6.15332
2.7562 21.0457 -5.61832

4.9872 19.0437 -3.15232

7.1202 21.1017 -0.768321
7.0622 23.9957 1.70268

10.6652 25.2377 2.23568
11.9722 28.2387 4.22468
15.5472 29.0737 5.19868

17.0732 30.5577 8.42668
17.6842 33.7617 6.40468
13.9292 34.0107 5.50468
12.4892 33.6407 9.06468

15.3002 34.1357 11.6867
17.2612 37.3707 10.8557
18.6752 37.1337 14.4557
20.6802 33.8657 14.0397

24.4792 34.5597 14.0247
26.2322 33.8257 10.7007

27.8882 30.4557 9.95768
31.5042 31.3037 8.97968
33.0412 28.4137 6.97768
36.7202 27.9157 6.03068
39.0822 25.3067 4.62868
42.1232 24.6117 6.86968
44.9422 23.0577 4.81468

46.7222 20.8567 7.40568
50.4372 20.6757 6.59568

51.4212 17.4447 4.67268
55.0362 17.9157 6.00068
53.9982 15.7237 9.02268

52.9572 12.9347 6.53768
56.0952 10.7537 6.60368

57.6012 9.48071 3.30568
56.2892 5.86271 3.84668
52.6672 7.06071 4.39768
52.9442 9.39071 1.33668
54.3732 6.54571 -0.815321
51.4352 4.32871 0.369679
48.8892 7.06371 -0.628321
50.6862 7.46171 -4.01832
50.5992 3.63571 -4.44932
46.8262 3.32671 -3.70132
46.1382 6.37871 -5.96932
48.0932 4.70271 -8.85632
46.3192 1.38971 -8.06532
42.8222 2.94171 -8.64932
43.9132 4.27271 -12.1203

45.3932 0.942714 -13.3723
43.5632 -0.155286 -16.5773
43.7042 -3.93529 -16.0423
41.8332 -4.09629 -12.6573
38.2602 -5.32429 -12.1503

35.4642 -2.93729 -10.9963
35.7832 -4.59929 -7.53332
39.6052 -4.14029 -7.24432
39.0542 -0.438286 -8.21532
36.4652 -0.0852859 -5.34032
38.8332 -1.90529 -2.90332
41.7822 0.386714 -3.86032
39.4312 3.42471 -3.40432
38.4162 2.22271 0.119679
42.1312 1.64171 0.926679
43.1012 5.16271 -0.345321
40.2742 6.70171 1.76968
41.2292 4.75271 4.96768
44.9622 5.66971 4.40068
43.9122 9.35971 4.04068
42.2612 9.17071 7.50068
45.4212 7.58971 9.06968
47.7212 10.1507 7.34168
45.7222 13.1247 8.78768
45.6692 11.9287 12.4857
48.9562 13.6817 13.6227
48.0192 17.1147 12.1507
44.3342 16.7597 13.1907
45.6752 16.2117 16.7617
48.1472 19.1547 16.3747
45.2202 21.4057 15.2917
42.9082 20.2537 18.1817
45.7132 21.0217 20.6927
46.3672 24.4717 19.0677
42.6182 25.2687 19.5437
42.7452 24.2577 23.2687
46.0702 26.1227 23.8587

44.4122 29.2017 22.1757
41.9322 29.1867 25.1497
38.7632 27.8897 23.3587
36.0692 26.9367 25.8867
33.8162 24.5877 23.7627

34.0352 22.9927 20.2817
32.8672 19.9167 18.3107
35.2372 17.5547 16.4357
33.6512 15.4877 13.6317
35.2722 12.3327 12.1607

33.8902 9.03171 10.6837
36.7682 6.48771 10.7387

36.8992 4.80371 14.1917
40.7622 5.00571 14.2497
40.5322 8.86271 14.0077
37.9292 9.04771 16.8517
40.0902 6.61271 18.9377
43.3552 8.59471 18.3837
41.6782 11.9737 19.2297
40.1252 10.5447 22.4687
43.4612 8.91171 23.4987
45.4032 12.2147 23.0787
42.7172 14.2277 24.9867
42.9352 11.6367 27.8517
46.7972 11.8607 27.7367

46.5092 15.7157 27.9927
43.8412 15.2837 30.7937
41.2632 17.2437 28.6917
37.6592 16.5567 29.7607

35.6562 15.5657 26.6497
32.5712 13.5977 25.4837
32.4932 10.8807 22.7677
29.4912 9.77971 20.6237

29.7572 7.05771 17.9257
27.9242 3.96171 16.5117
28.5022 2.04471 19.8207
27.0682 4.79371 22.1367
23.5552 3.78871 23.3257
20.3922 5.88471 22.6697
20.0192 6.99271 26.3577

23.7772 7.63471 26.9447
23.7682 9.85971 23.7777
21.2072 12.1917 25.4417
23.0562 12.1367 28.8257
26.4922 12.9247 27.2177
24.7512 15.6937 25.1947
23.4172 17.1817 28.4947
26.8942 16.7987 30.1477
28.5422 18.8147 27.2797
25.6942 21.4147 27.3297
25.6202 21.9787 31.1407

29.2532 21.3157 32.2747
31.8372 24.0977 31.5887
34.6402 21.4697 32.0387
33.8292 19.4657 28.8607
35.7982 21.4467 26.2397

35.6562 18.9227 23.3267
32.8962 16.7517 21.8477
34.3582 13.8897 19.7177
31.5022 12.9797 17.3447
30.9282 10.4517 14.5567

29.6162 12.3477 11.4557
27.1872 9.43771 10.7467
26.1242 8.58871 14.3437
25.6372 12.1827 15.7107
23.9152 13.7117 12.5777
20.4542 13.2377 14.2657
18.4562 14.1937 17.4167
21.2232 15.9597 19.4117
21.6722 19.7317 20.0967
25.1252 21.2747 20.8057
24.2882 25.0097 21.2517
26.9982 25.3417 24.0047
29.7822 25.2767 21.3317
30.6662 28.0817 18.8347

33.1132 26.0047 16.6927
32.8042 22.8407 14.5507
35.9712 21.0737 13.2657
35.5942 18.4407 10.5217

38.7542 16.3177 10.9657
37.5452 14.2977 7.93468
35.5342 15.1007 4.78668
32.3412 13.1357 3.99068
31.2552 12.5817 0.323679
27.6092 13.5537 1.06868

27.0692 17.3307 1.71668
23.5962 16.7827 3.27968
25.2972 14.9157 6.19968
27.9162 17.7117 6.61468
25.0792 20.3397 6.76868
23.1992 18.0997 9.30368
26.3772 18.0927 11.4837
26.8512 21.9437 11.2517

23.1532 22.4187 12.2697
23.8272 20.5717 15.5537
25.4482 23.8517 16.8187
23.5162 26.3737 14.6737
20.1322 25.8807 16.4977
17.5922 28.0547 18.3807
19.5162 28.9967 21.5777
22.8242 29.7687 19.7557
24.0532 33.3687 20.4697
27.5752 33.2997 18.8567
28.6782 33.2627 15.1707

29.3002 29.5817 14.3477
32.7902 28.7607 13.0157
33.0522 25.7097 10.6807
36.6132 24.4577 9.93968
37.1172 21.7737 7.22768
40.5372 20.0787 7.73568
42.0702 19.0627 4.33268

45.4592 17.5627 3.31068
47.1602 18.0817 -0.118321
48.2662 14.7167 -1.64232
45.2432 12.7417 -0.224321
41.5712 11.7417 -0.850321

40.5592 15.3257 0.228679
41.8782 16.6697 -3.15532
39.0982 14.6617 -4.96532
36.3992 14.7387 -2.23132
36.3632 18.5527 -1.81132
35.5522 19.3947 -5.52532
32.9672 16.5077 -5.47532
31.2582 17.9447 -2.33132
31.2712 21.4577 -3.94832
29.5782 20.3747 -7.23032
26.9772 18.4497 -5.11532
26.1352 21.5847 -2.99632
25.7752 23.5767 -6.26832
23.3022 20.9317 -7.63332
21.3802 21.1977 -4.30132
21.3952 25.0617 -4.46532
20.1682 25.1457 -8.13532

17.2952 22.8237 -7.01832
16.4952 25.3657 -4.17332
17.5712 22.7647 -1.52932
20.5912 24.6717 -0.0533215
21.7662 28.2867 0.518679
25.2242 26.8477 1.25368
27.6982 27.9837 -1.39132
31.1382 26.3117 -0.918321
33.0232 28.1177 -3.80732

34.0292 31.2067 -1.72532
36.0772 29.0177 0.717679
38.4242 27.7007 -2.06132
39.2752 31.0977 -3.62032

40.5402 32.0567 -0.0903215
43.0252 29.0837 0.332679

End chain 1
