-13.201 -6.296 -53.957
-10.703 -3.406 -53.291
-9.54 -3.087 -49.639
-11.02 0.322 -48.639
-8.614 1.85 -46.053
-10.787 3.126 -43.162

-9.634 6.195 -41.181
-10.061 4.9 -37.589
-10.286 6.838 -34.306
-12.195 7.103 -30.979
-14.163 9.439 -28.711
-12.619 10.223 -25.263
-14.157 12.207 -22.344

-11.943 15.248 -21.466
-14.301 16.978 -18.949
-17.827 16.65 -17.399
-19.139 18.761 -20.353

-16.752 17.96 -23.312
-15.482 14.956 -25.281
-12.62 14.751 -27.824
-12.437 12.939 -31.204
-8.982 11.264 -31.393
-8.672 10.357 -35.1

-6.282 10.744 -38.079
-6.98 13.557 -40.6
-9.895 13.022 -43.051

-11.208 15.853 -45.293
-14.92 14.856 -45.011
-14.611 14.37 -41.226
-13.015 17.857 -40.827
-15.875 19.254 -42.999
-18.403 17.482 -40.669
-16.559 18.759 -37.515
-16.844 22.341 -38.957

-20.697 21.797 -39.029
-20.861 21.033 -35.24
-22.116 23.933 -33.104
-20.016 23.255 -29.939
-16.791 22.621 -31.971

-13.393 23.436 -30.391
-10.011 22.816 -32.063
-6.805 22.812 -29.99

-3.883 23.919 -32.209
-1.328 22.314 -29.773
-2.753 18.736 -29.691
-4.334 19.137 -33.217

-7.578 17.622 -31.79
-11.313 18.386 -31.995
-13.683 18.544 -28.991
-17.466 19.001 -28.65
-20.131 19.402 -25.91

-21.257 16.038 -24.476
-24.923 16.743 -25.497
-23.731 16.722 -29.178
-22.178 13.179 -28.839
-25.228 11.354 -30.322
-25.57 14.044 -33.093
-21.852 13.682 -34.021
-21.815 9.829 -34.037
-25.045 9.774 -36.128
-23.507 12.176 -38.75
-20.093 10.348 -38.803

-21.793 6.948 -39.527
-22.962 8.546 -42.834
-19.328 9.196 -43.991
-17.677 6.563 -46.261
-14.251 5.2 -45.121

-14.46 6.789 -41.562
-14.765 4.819 -38.279
-15.142 6.964 -35.114
-15.663 4.659 -32.101

-18.218 6.249 -29.657
-17.862 6.903 -25.912
-18.35 3.469 -24.195
-21.794 2.549 -22.772
-20.235 2.829 -19.255
-19.534 6.58 -19.812
-22.964 7.196 -21.431
-24.623 5.531 -18.378
-22.42 7.523 -15.909

-23.028 10.919 -17.654
-26.668 10.153 -18.714
-27.851 13.482 -17.123

-25.214 15.594 -18.963
-26 13.8 -22.296
-29.631 15.147 -21.909

-29.014 18.802 -20.797
-28.522 21.656 -23.337
-27.494 23.803 -20.296
-24.374 24.206 -18.108
-26.03 23.63 -14.722
-23.195 22.587 -12.38
-23.731 19.355 -10.334

-27.219 19.392 -8.694
-26.798 20.208 -4.988
-26.578 17.032 -2.906
-29.814 16.999 -0.82
-29.276 16.946 2.956
-30.305 13.551 4.343

-32.727 13.25 7.268
-30.389 11.851 9.975
-33.077 12.019 12.787
-33.159 8.159 12.923
-29.32 8.149 13.454
-27.82 8.306 16.969

-27.52 12.074 17.913
-23.991 11.509 19.371
-22.796 10.469 15.867
-24.731 13.185 13.93
-23.402 16.008 16.22
-19.738 14.82 15.861

-19.687 14.822 11.995
-17.445 17.587 10.586

-19.106 19.692 7.763
-17.231 17.783 4.996
-18.064 14.402 6.666
-21.796 15.407 6.677
-21.562 16.318 2.947
-19.943 12.855 2.346
-22.788 11.075 4.244
-25.363 13.084 2.191
-23.555 12.165 -1.104
-23.43 8.459 -0.115
-27.196 8.491 0.728
-28.024 10.343 -2.565

-25.973 7.645 -4.472
-28.214 5.048 -2.67
-25.512 3.7 -0.27

-23.352 2.353 -3.174
-19.956 4.118 -3.237
-16.209 4.012 -2.721
-15.295 6.541 0.021

-11.694 7.195 -1.128

-11.135 10.189 1.225
-7.504 10.605 2.377

-6.048 8.715 5.398
-7.361 9.956 8.784
-10.233 12.169 7.374
-12.706 9.981 9.408

-13.844 7.354 6.831
-15.012 5.081 9.734
-17.363 7.714 11.316
-18.876 8.506 7.854
-19.282 4.738 7.09
-21.02 4.042 10.461
-23.415 6.996 9.798
-24.247 5.855 6.195
-24.846 2.277 7.463
-26.955 3.52 10.461
-29.227 5.531 8.078

-29.9 2.058 6.507

-30.384 0.293 9.981
-33.886 -0.857 8.77
-32.05 -2.956 6.062
-29.626 -4.868 8.41
-27.981 -7.413 9.17

-24.774 -5.448 8.488
-21.551 -7.137 7.269
-18.235 -5.328 7.997
-15.132 -6.739 6.223
-11.829 -5.357 7.603

-8.34395 -3.92377 7.6307
-5.2493 -1.8576 8.63789
-1.56031 -1.19118 8.81868
-1.98161 0.906982 5.75185

-0.418862 3.81233 7.63855
1.43956 1.43718 9.95109
2.7927 -0.534362 6.99729
4.01252 2.6449 5.30992
5.78047 3.76542 8.48194
7.5056 0.39668 8.82602
8.69637 0.529245 5.21945
10.1017 4.02597 5.71029
11.9724 2.94037 8.83515
13.479 -0.0369285 7.01618
14.6372 2.17597 4.15183

11.3392 0.171974 4.41383
10.6092 -0.0690256 8.22983
7.07222 -1.22803 7.12183
8.69622 -4.72003 6.57983
9.43022 -7.30403 9.29083

12.8282 -9.12303 9.03083
10.8222 -12.339 8.25383
9.68022 -10.686 4.96483

13.3692 -10.835 3.74983
14.9552 -14.143 2.66183
18.7792 -14.06 2.25483

19.7582 -17.135 0.208828
23.1442 -18.322 1.54583
23.2592 -21.856 -0.0131718
22.0552 -23.818 -3.09117
19.6912 -25.839 -0.756172
17.6722 -22.827 0.490828
14.1082 -21.936 -0.667172
14.3852 -18.992 -3.12517
10.6442 -18.121 -2.55317
10.5412 -18.185 1.30083
10.3522 -14.351 1.70983
8.38022 -11.485 0.168828

11.8722 -10.159 -0.788172
14.3952 -12.852 -1.86117
18.1242 -11.917 -2.02317
20.4512 -14.321 -3.93917
23.9312 -14.314 -5.53517

24.8022 -14.759 -9.24917
26.7032 -18.028 -8.45117
23.6272 -19.565 -6.71317
21.1602 -18.788 -9.60417

22.5342 -21.734 -11.6862
22.1732 -24.092 -8.64317
18.6172 -22.759 -7.98117
17.4462 -22.834 -11.6872
14.7292 -25.434 -10.7822
13.2172 -22.855 -8.31417
13.5052 -19.913 -10.8372
10.3892 -21.452 -12.5482
8.27222 -19.47 -10.0012
7.36622 -16.156 -11.7742
9.09322 -13.254 -9.98417
7.22422 -10.234 -11.4662

9.75622 -7.69603 -10.0342
13.5242 -8.31703 -10.3972
16.4532 -6.16403 -9.22417
19.9432 -7.12903 -10.4662

22.7982 -5.25603 -8.76717
26.1192 -4.88403 -10.6752

24.3942 -6.37103 -13.7952
27.6952 -6.22603 -15.7942
28.2082 -9.76103 -14.2822
25.6862 -10.885 -17.0022

27.9022 -9.45503 -19.8802
28.5992 -12.928 -21.4372
25.5472 -15.002 -22.5622
27.4662 -18.367 -22.4642
28.0742 -18.135 -18.6652

25.9092 -20.288 -16.3342
24.8922 -17.141 -14.3132
23.6282 -15.428 -17.5192
21.8742 -18.612 -18.8322
19.9992 -18.924 -15.4742
19.1472 -15.156 -15.1582
17.9952 -14.372 -18.7512
14.7602 -16.542 -18.8292
13.4992 -14.805 -15.6252
14.4562 -11.291 -16.8902
12.5672 -11.845 -20.2122
9.31222 -12.946 -18.4022

9.38822 -10.663 -15.2912
7.08822 -7.56103 -15.5302

9.63422 -5.13503 -13.9302
13.4412 -5.36603 -14.4552
15.6912 -2.94203 -12.5362
19.3152 -3.47603 -13.6492
22.0332 -1.54003 -11.7382

25.7212 -0.954026 -12.6452
28.4622 1.69297 -12.2532
30.1702 0.281974 -15.3632
27.4582 -1.24103 -17.6582
30.1972 -2.04003 -20.1712
33.6162 -2.97503 -18.7032
35.6392 -2.74603 -21.9822
33.5002 -3.20403 -25.1902

29.9742 -2.60703 -26.7102
29.3152 -6.41503 -26.9272
29.0582 -6.53703 -23.0492
25.8412 -4.38903 -23.2052
23.8322 -6.86503 -25.3542
22.5562 -9.04503 -22.4402
21.4792 -5.91103 -20.4692
19.7222 -4.42503 -23.5842
17.7012 -7.65703 -24.2022
16.9152 -7.94503 -20.4402
15.3562 -4.40203 -20.4222

13.8532 -4.67303 -23.9982
13.4682 -8.38903 -25.0832
12.2882 -7.27003 -28.6062
15.5252 -5.30903 -29.3342
18.1232 -7.25503 -31.4182
16.5602 -10.804 -31.0552
19.8842 -12.236 -32.3972

23.3592 -11.038 -31.2552
24.7412 -11.041 -34.8582
22.5942 -7.98603 -35.8562
23.8952 -6.05003 -32.7852
27.4952 -7.21803 -33.4942
27.4322 -6.18103 -37.2102
26.2222 -2.65303 -36.2562
28.0572 -1.83903 -32.9682

30.9502 -4.37003 -32.5902
32.6092 -3.88703 -36.0682
31.9612 -7.59603 -36.6842

34.5382 -9.24303 -39.0152
34.2892 -12.591 -40.8572
37.5692 -14.434 -40.1002

38.5652 -17.916 -41.5282
37.5152 -19.483 -38.1412

34.1592 -17.59 -37.7342
32.9952 -14.107 -36.6402
35.0852 -11.682 -34.5582

33.0742 -9.21103 -32.3642
36.0052 -7.59503 -30.4052
35.6742 -4.26803 -32.2982
33.4552 -1.18103 -31.9522
31.3272 0.878974 -34.3912
28.5722 3.57397 -34.4692

29.0322 4.29097 -30.6942
27.2012 7.68897 -30.7932
24.1012 5.91297 -32.2502
24.4262 3.19897 -29.5462
24.6072 5.96697 -26.8532
21.3992 7.60497 -28.2222
19.5662 4.20997 -28.3312
20.6782 3.38697 -24.7442
19.6192 6.78497 -23.2572
16.2172 6.83497 -25.0702
15.0402 3.22597 -24.5352

17.2712 1.22397 -22.0692

19.4042 3.28197 -19.6852
19.3462 6.17597 -17.2142

22.9492 7.41797 -16.6812
24.2562 10.419 -14.6922
27.8312 11.254 -13.7182

29.3572 12.738 -10.4902
29.9682 15.942 -12.5122
26.2132 16.191 -13.4122
24.7732 15.821 -9.85217

27.5842 16.316 -7.23017
29.5452 19.551 -8.06117
30.9592 19.314 -4.46117
32.9642 16.046 -4.87717

36.7632 16.74 -4.89217
38.5162 16.006 -8.21617

40.1722 12.636 -8.95917
43.7882 13.484 -9.93717
45.3252 10.594 -11.9392
49.0042 10.096 -12.8862
51.3662 7.48697 -14.2882
54.4072 6.79197 -12.0472
57.2262 5.23797 -14.1022

59.0062 3.03697 -11.5112
62.7212 2.85597 -12.3212

63.7052 -0.375026 -14.2442
67.3202 0.0959744 -12.9162
66.2822 -2.09603 -9.89417

65.2412 -4.88503 -12.3792
68.3792 -7.06603 -12.3132

69.8852 -8.33903 -15.6112
68.5732 -11.957 -15.0702
64.9512 -10.759 -14.5192
65.2282 -8.42903 -17.5802
66.6572 -11.274 -19.7322
63.7192 -13.491 -18.5472
61.1732 -10.756 -19.5452
62.9702 -10.358 -22.9352
62.8832 -14.184 -23.3662
59.1102 -14.493 -22.6182
58.4222 -11.441 -24.8862
60.3772 -13.117 -27.7732
58.6032 -16.43 -26.9822
55.1062 -14.878 -27.5662
56.1972 -13.547 -31.0372

57.6772 -16.877 -32.2892
55.8472 -17.975 -35.4942
55.9882 -21.755 -34.9592
54.1172 -21.916 -31.5742
50.5442 -23.144 -31.0672

47.7482 -20.757 -29.9132
48.0672 -22.419 -26.4502
51.8892 -21.96 -26.1612
51.3382 -18.258 -27.1322
48.7492 -17.905 -24.2572
51.1172 -19.725 -21.8202
54.0662 -17.433 -22.7772
51.7152 -14.395 -22.3212
50.7002 -15.597 -18.7972
54.4152 -16.178 -17.9902
55.3852 -12.657 -19.2622
52.5582 -11.118 -17.1472
53.5132 -13.067 -13.9492
57.2462 -12.15 -14.5162
56.1962 -8.46003 -14.8762
54.5452 -8.64903 -11.4162
57.7052 -10.23 -9.84717
60.0052 -7.66903 -11.5752
58.0062 -4.69503 -10.1292
57.9532 -5.89103 -6.43117
61.2402 -4.13803 -5.29417
60.3032 -0.705026 -6.76617
56.6182 -1.06003 -5.72617
57.9592 -1.60803 -2.15517
60.4312 1.33497 -2.54217
57.5042 3.58597 -3.62517
55.1922 2.43397 -0.735172
57.9972 3.20197 1.77583
58.6512 6.65197 0.150828
54.9022 7.44897 0.626828
55.0292 6.43797 4.35183
58.3542 8.30297 4.94183

56.6962 11.382 3.25883
54.2162 11.367 6.23283
51.0472 10.07 4.44183
48.3532 9.11697 6.96983
46.1002 6.76797 4.84583

46.3192 5.17297 1.36483
45.1512 2.09697 -0.606172
47.5212 -0.265026 -2.48117
45.9352 -2.33203 -5.28517
47.5562 -5.48703 -6.75617

46.1742 -8.78803 -8.23317
49.0522 -11.332 -8.17817

49.1832 -13.016 -4.72517
53.0462 -12.814 -4.66717
52.8162 -8.95703 -4.90917
50.2132 -8.77203 -2.06517
52.3742 -11.207 0.0208282
55.6392 -9.22503 -0.533172
53.9622 -5.84603 0.312828
52.4092 -7.27503 3.55183
55.7452 -8.90803 4.58183
57.6872 -5.60503 4.16183
55.0012 -3.59203 6.06983
55.2192 -6.18303 8.93483
59.0812 -5.95903 8.81983

58.7932 -2.10403 9.07583
56.1252 -2.53603 11.8768
53.5472 -0.576026 9.77483
49.9432 -1.26303 10.8438

47.9402 -2.25403 7.73283
44.8552 -4.22203 6.56683
44.7772 -6.93903 3.85083
41.7752 -8.04003 1.70683

42.0412 -10.762 -0.991172
40.2082 -13.858 -2.40517
40.7862 -15.775 0.903828
39.3522 -13.026 3.21983
35.8392 -14.031 4.40883
32.6762 -11.935 3.75283
32.3032 -10.827 7.44083

36.0612 -10.185 8.02783
36.0522 -7.96003 4.86083
33.4912 -5.62803 6.52483
35.3402 -5.68303 9.90883
38.7762 -4.89503 8.30083
37.0352 -2.12603 6.27783
35.7012 -0.638026 9.57783
39.1782 -1.02103 11.2308
40.8262 0.994974 8.36283
37.9782 3.59497 8.41283
37.9042 4.15897 12.2238

41.5372 3.49597 13.3578
44.1212 6.27797 12.6718
46.9242 3.64997 13.1218
46.1132 1.64597 9.94383
48.0822 3.62697 7.32283

47.9402 1.10297 4.40983
45.1802 -1.06803 2.93083
46.6422 -3.93003 0.800828
43.7862 -4.84003 -1.57217
43.2122 -7.36803 -4.36017

41.9002 -5.47203 -7.46117
39.4712 -8.38203 -8.17017
38.4082 -9.23103 -4.57317
37.9212 -5.63703 -3.20617
36.1992 -4.10803 -6.33917
32.7382 -4.58203 -4.65117
30.7402 -3.62603 -1.50017
33.5072 -1.86003 0.494828
33.9562 1.91197 1.17983
37.4092 3.45497 1.88883
36.5722 7.18997 2.33483
39.2822 7.52197 5.08783
42.0662 7.45697 2.41483
42.9502 10.262 -0.0821718

45.3972 8.18497 -2.22417
45.0882 5.02097 -4.36617
48.2552 3.25397 -5.65117
47.8782 0.620974 -8.39517

51.0382 -1.50203 -7.95117
49.8292 -3.52203 -10.9822
47.8182 -2.71903 -14.1302
44.6252 -4.68403 -14.9262
43.5392 -5.23803 -18.5932
39.8932 -4.26603 -17.8482

39.3532 -0.489026 -17.2002
35.8802 -1.03703 -15.6372
37.5812 -2.90403 -12.7172
40.2002 -0.108026 -12.3022
37.3632 2.51997 -12.1482
35.4832 0.279974 -9.61317
38.6612 0.272974 -7.43317
39.1352 4.12397 -7.66517

35.4372 4.59897 -6.64717
36.1112 2.75197 -3.36317
37.7322 6.03197 -2.09817
35.8002 8.55397 -4.24317
32.4162 8.06097 -2.41917
29.8762 10.235 -0.536172
31.8002 11.177 2.66083
35.1082 11.949 0.838828
36.3372 15.549 1.55283
39.8592 15.48 -0.0601718
40.9622 15.443 -3.74617

41.5842 11.762 -4.56917
45.0742 10.941 -5.90117
45.3362 7.88997 -8.23617
48.8972 6.63797 -8.97717
49.4012 3.95397 -11.6892
52.8212 2.25897 -11.1812
54.3542 1.24297 -14.5842

57.7432 -0.257026 -15.6062
59.4442 0.261974 -19.0352
60.5502 -3.10303 -20.5592
57.5272 -5.07803 -19.1412
53.8552 -6.07803 -19.7672

52.8432 -2.49403 -18.6882
54.1622 -1.15003 -22.0722
51.3822 -3.15803 -23.8822
48.6832 -3.08103 -21.1482
48.6472 0.732974 -20.7282
47.8362 1.57497 -24.4422
45.2512 -1.31203 -24.3922
43.5422 0.124974 -21.2482
43.5552 3.63797 -22.8652
41.8622 2.55497 -26.1472
39.2612 0.629974 -24.0322
38.4192 3.76497 -21.9132
38.0592 5.75697 -25.1852
35.5862 3.11197 -26.5502
33.6642 3.37797 -23.2182
33.6792 7.24197 -23.3822
32.4522 7.32597 -27.0522

29.5792 5.00397 -25.9352
28.7792 7.54597 -23.0902
29.8552 4.94497 -20.4462
32.8752 6.85197 -18.9702
34.0502 10.467 -18.3982
37.5082 9.02797 -17.6632
39.9822 10.164 -20.3082
43.4222 8.49197 -19.8352
45.3072 10.298 -22.7242

46.3132 13.387 -20.6422
48.3612 11.198 -18.1992
50.7082 9.88097 -20.9782
51.5592 13.278 -22.5372

52.8242 14.237 -19.0072
55.3092 11.264 -18.5842

End chain 1
