-13.201 -6.296 -53.957
-10.703 -3.406 -53.291
-9.54 -3.087 -49.639
-11.02 0.322 -48.639
-8.614 1.85 -46.053
-10.787 3.126 -43.162

-9.634 6.195 -41.181
-10.061 4.9 -37.589
-10.286 6.838 -34.306
-12.195 7.103 -30.979
-14.163 9.439 -28.711
-12.619 10.223 -25.263
-14.157 12.207 -22.344

-11.943 15.248 -21.466
-14.301 16.978 -18.949
-17.827 16.65 -17.399
-19.139 18.761 -20.353

-16.752 17.96 -23.312
-15.482 14.956 -25.281
-12.62 14.751 -27.824
-12.437 12.939 -31.204
-8.982 11.264 -31.393
-8.672 10.357 -35.1

-6.282 10.744 -38.079
-6.98 13.557 -40.6
-9.895 13.022 -43.051

-11.208 15.853 -45.293
-14.92 14.856 -45.011
-14.611 14.37 -41.226
-13.015 17.857 -40.827
-15.875 19.254 -42.999
-18.403 17.482 -40.669
-16.559 18.759 -37.515
-16.844 22.341 -38.957

-20.697 21.797 -39.029
-20.861 21.033 -35.24
-22.116 23.933 -33.104
-20.016 23.255 -29.939
-16.791 22.621 -31.971

-13.393 23.436 -30.391
-10.011 22.816 -32.063
-6.805 22.812 -29.99

-3.883 23.919 -32.209
-1.328 22.314 -29.773
-2.753 18.736 -29.691
-4.334 19.137 -33.217

-7.578 17.622 -31.79
-11.313 18.386 -31.995
-13.683 18.544 -28.991
-17.466 19.001 -28.65
-20.131 19.402 -25.91

-21.257 16.038 -24.476
-24.923 16.743 -25.497
-23.731 16.722 -29.178
-22.178 13.179 -28.839
-25.228 11.354 -30.322
-25.57 14.044 -33.093
-21.852 13.682 -34.021
-21.815 9.829 -34.037
-25.045 9.774 -36.128
-23.507 12.176 -38.75
-20.093 10.348 -38.803

-21.793 6.948 -39.527
-22.962 8.546 -42.834
-19.328 9.196 -43.991
-17.677 6.563 -46.261
-14.251 5.2 -45.121

-14.46 6.789 -41.562
-14.765 4.819 -38.279
-15.142 6.964 -35.114
-15.663 4.659 -32.101

-18.218 6.249 -29.657
-17.862 6.903 -25.912
-18.35 3.469 -24.195
-21.794 2.549 -22.772
-20.235 2.829 -19.255
-19.534 6.58 -19.812
-22.964 7.196 -21.431
-24.623 5.531 -18.378
-22.42 7.523 -15.909

-23.028 10.919 -17.654
-26.668 10.153 -18.714
-27.851 13.482 -17.123

-25.214 15.594 -18.963
-26 13.8 -22.296
-29.631 15.147 -21.909

-29.014 18.802 -20.797
-28.522 21.656 -23.337
-27.494 23.803 -20.296
-24.374 24.206 -18.108
-26.03 23.63 -14.722
-23.195 22.587 -12.38
-23.731 19.355 -10.334

-27.219 19.392 -8.694
-26.798 20.208 -4.988
-26.578 17.032 -2.906
-29.814 16.999 -0.82
-29.276 16.946 2.956
-30.305 13.551 4.343

-32.727 13.25 7.268
-30.389 11.851 9.975
-33.077 12.019 12.787
-33.159 8.159 12.923
-29.32 8.149 13.454
-27.82 8.306 16.969

-27.52 12.074 17.913
-23.991 11.509 19.371
-22.796 10.469 15.867
-24.731 13.185 13.93
-23.402 16.008 16.22
-19.738 14.82 15.861

-19.687 14.822 11.995
-17.445 17.587 10.586

-19.106 19.692 7.763
-17.231 17.783 4.996
-18.064 14.402 6.666
-21.796 15.407 6.677
-21.562 16.318 2.947
-19.943 12.855 2.346
-22.788 11.075 4.244
-25.363 13.084 2.191
-23.555 12.165 -1.104
-23.43 8.459 -0.115
-27.196 8.491 0.728
-28.024 10.343 -2.565

-25.973 7.645 -4.472
-28.214 5.048 -2.67
-25.512 3.7 -0.27

-23.352 2.353 -3.174
-19.956 4.118 -3.237
-16.209 4.012 -2.721
-15.295 6.541 0.021

-11.694 7.195 -1.128

-11.135 10.189 1.225
-7.504 10.605 2.377

-6.048 8.715 5.398
-7.361 9.956 8.784
-10.233 12.169 7.374
-12.706 9.981 9.408

-13.844 7.354 6.831
-15.012 5.081 9.734
-17.363 7.714 11.316
-18.876 8.506 7.854
-19.282 4.738 7.09
-21.02 4.042 10.461
-23.415 6.996 9.798
-24.247 5.855 6.195
-24.846 2.277 7.463
-26.955 3.52 10.461
-29.227 5.531 8.078

-29.9 2.058 6.507

-30.384 0.293 9.981
-33.886 -0.857 8.77
-32.05 -2.956 6.062
-29.626 -4.868 8.41
-27.981 -7.413 9.17

-24.774 -5.448 8.488
-21.551 -7.137 7.269
-18.235 -5.328 7.997
-15.132 -6.739 6.223
-11.829 -5.357 7.603

-8.05 -6.016 7.986
-7.416 -8.82 10.567
-5.856 -6.305 13.093
-8.689 -3.64 13.199

-11.758 -5.868 14.003
-11.895 -4.753 17.675
-11.154 -1.102 16.63
-14.365 -1.304 14.506
-16.414 -2.897 17.375
-15.268 -0.08 19.729
-16.109 2.476 16.969
-19.722 1.111 16.76
-20.082 1.14 20.611
-18.596 4.7 20.723
-20.823 6.195 17.978

-24.121 4.191 18.24
-24.851 3.95 22.056
-28.388 2.791 20.948
-26.764 -0.701 20.406
-26.03 -3.285 23.117

-22.632 -5.104 22.857
-24.638 -8.32 22.08
-25.78 -6.667 18.791

-22.091 -6.816 17.576
-20.505 -10.124 16.488
-16.681 -10.041 16.081

-15.702 -13.116 14.035
-12.316 -14.303 15.372
-12.201 -17.837 13.813
-13.405 -19.799 10.735
-15.769 -21.82 13.07
-17.788 -18.808 14.317
-21.352 -17.917 13.159
-21.075 -14.973 10.701
-24.816 -14.102 11.273
-24.919 -14.166 15.127
-25.108 -10.332 15.536
-27.08 -7.466 13.995

-23.588 -6.14 13.038
-21.065 -8.833 11.965
-17.336 -7.898 11.803
-15.009 -10.302 9.887
-11.529 -10.295 8.291

-10.658 -10.74 4.577
-8.757 -14.009 5.375
-11.833 -15.546 7.113
-14.3 -14.769 4.222

-12.926 -17.715 2.14
-13.287 -20.073 5.183
-16.843 -18.74 5.845
-18.014 -18.815 2.139
-20.731 -21.415 3.044
-22.243 -18.836 5.512
-21.955 -15.894 2.989
-25.071 -17.433 1.278
-27.188 -15.451 3.825
-28.094 -12.137 2.052
-26.367 -9.235 3.842
-28.236 -6.215 2.36

-25.704 -3.677 3.792
-21.936 -4.298 3.429
-19.007 -2.145 4.602
-15.517 -3.11 3.36

-12.662 -1.237 5.059
-9.341 -0.865 3.151

-11.066 -2.352 0.031
-7.765 -2.207 -1.968
-7.252 -5.742 -0.456
-9.774 -6.866 -3.176

-7.558 -5.436 -6.054
-6.861 -8.909 -7.611
-9.913 -10.983 -8.736
-7.994 -14.348 -8.638
-7.386 -14.116 -4.839

-9.551 -16.269 -2.508
-10.568 -13.122 -0.487
-11.832 -11.409 -3.693
-13.586 -14.593 -5.006
-15.461 -14.905 -1.648
-16.313 -11.137 -1.332
-17.465 -10.353 -4.925
-20.7 -12.523 -5.003
-21.961 -10.786 -1.799
-21.004 -7.272 -3.064
-22.893 -7.826 -6.386
-26.148 -8.927 -4.576

-26.072 -6.644 -1.465
-28.372 -3.542 -1.704

-25.826 -1.116 -0.104
-22.019 -1.347 -0.629
-19.769 1.077 1.29
-16.145 0.543 0.177
-13.427 2.479 2.088

-9.739 3.065 1.181
-6.998 5.712 1.573
-5.29 4.301 -1.537
-8.002 2.778 -3.832
-5.263 1.979 -6.345
-1.844 1.044 -4.877
0.179 1.273 -8.156
-1.96 0.815 -11.364

-5.486 1.412 -12.884
-6.145 -2.396 -13.101
-6.402 -2.518 -9.223
-9.619 -0.37 -9.379
-11.628 -2.846 -11.528
-12.904 -5.026 -8.614
-13.981 -1.892 -6.643
-15.738 -0.406 -9.758
-17.759 -3.638 -10.376
-18.545 -3.926 -6.614
-20.104 -0.383 -6.596

-21.607 -0.654 -10.172
-21.992 -4.37 -11.257
-23.172 -3.251 -14.78
-19.935 -1.29 -15.508
-17.337 -3.236 -17.592
-18.9 -6.785 -17.229
-15.576 -8.217 -18.571

-12.101 -7.019 -17.429
-10.719 -7.022 -21.032
-12.866 -3.967 -22.03
-11.565 -2.031 -18.959
-7.965 -3.199 -19.668
-8.028 -2.162 -23.384
-9.238 1.366 -22.43
-7.403 2.18 -19.142

-4.51 -0.351 -18.764
-2.851 0.132 -22.242
-3.499 -3.577 -22.858

-0.922 -5.224 -25.189
-1.171 -8.572 -27.031
2.109 -10.415 -26.274

3.105 -13.897 -27.702
2.055 -15.464 -24.315

-1.301 -13.571 -23.908
-2.465 -10.088 -22.814
-0.375 -7.663 -20.732

-3.58169 -6.06831 -19.2334
-5.59651 -7.98087 -16.5163
-8.41165 -9.06675 -14.0861
-6.60263 -9.39744 -10.859
-9.41253 -7.2684 -9.4652
-13.0276 -6.325 -9.96771

-14.4182 -8.22104 -6.98206
-15.8505 -5.02857 -5.49897
-17.5276 -4.13694 -8.79068
-19.0843 -7.59448 -9.04551
-20.4349 -7.35364 -5.5014
-21.9721 -3.95204 -6.21491
-23.6554 -5.2645 -9.35923
-25.1052 -8.22291 -7.46483
-26.4839 -5.93837 -4.75873
-28.119 -3.69262 -7.35219
-29.7428 -6.67736 -9.0544

-27.5118 -8.67936 -6.5884

-25.3788 -6.62136 -4.2044
-25.4368 -3.72736 -1.7334

-21.8338 -2.48536 -1.2004
-20.5268 0.515645 0.788601
-16.9518 1.35064 1.7626

-15.4258 2.83464 4.9906
-14.8148 6.03864 2.9686
-18.5698 6.28764 2.0686
-20.0098 5.91764 5.6286

-17.1988 6.41264 8.2506
-15.2378 9.64764 7.4196
-13.8238 9.41064 11.0196
-11.8188 6.14264 10.6036

-8.0198 6.83664 10.5886
-6.2668 6.10264 7.2646

-4.6108 2.73264 6.5216
-0.9948 3.58064 5.5436
0.5422 0.690645 3.5416
4.2212 0.192645 2.5946
6.5832 -2.41636 1.1926
9.6242 -3.11136 3.4336
12.4432 -4.66536 1.3786

14.2232 -6.86636 3.9696
17.9382 -7.04736 3.1596

18.9222 -10.2784 1.2366
22.5372 -9.80736 2.5646
21.4992 -11.9994 5.5866

20.4582 -14.7884 3.1016
23.5962 -16.9694 3.1676

25.1022 -18.2424 -0.130399
23.7902 -21.8604 0.410601
20.1682 -20.6624 0.961601
20.4452 -18.3324 -2.0994
21.8742 -21.1774 -4.2514
18.9362 -23.3944 -3.0664
16.3902 -20.6594 -4.0644
18.1872 -20.2614 -7.4544
18.1002 -24.0874 -7.8854
14.3272 -24.3964 -7.1374
13.6392 -21.3444 -9.4054
15.5942 -23.0204 -12.2924
13.8202 -26.3334 -11.5014
10.3232 -24.7814 -12.0854
11.4142 -23.4504 -15.5564

12.8942 -26.7804 -16.8084
11.0642 -27.8784 -20.0134
11.2052 -31.6584 -19.4784
9.3342 -31.8194 -16.0934
5.7612 -33.0474 -15.5864

2.9652 -30.6604 -14.4324
3.2842 -32.3224 -10.9694
7.1062 -31.8634 -10.6804
6.5552 -28.1614 -11.6514
3.9662 -27.8084 -8.7764
6.3342 -29.6284 -6.3394
9.2832 -27.3364 -7.2964
6.9322 -24.2984 -6.8404
5.9172 -25.5004 -3.3164
9.6322 -26.0814 -2.5094
10.6022 -22.5604 -3.7814
7.7752 -21.0214 -1.6664
8.7302 -22.9704 1.5316
12.4632 -22.0534 0.964601
11.4132 -18.3634 0.604601
9.7622 -18.5524 4.0646
12.9222 -20.1334 5.6336
15.2222 -17.5724 3.9056
13.2232 -14.5984 5.3516
13.1702 -15.7944 9.0496
16.4572 -14.0414 10.1866
15.5202 -10.6084 8.7146
11.8352 -10.9634 9.7546
13.1762 -11.5114 13.3256
15.6482 -8.56836 12.9386
12.7212 -6.31736 11.8556
10.4092 -7.46936 14.7456
13.2142 -6.70136 17.2566
13.8682 -3.25136 15.6316
10.1192 -2.45436 16.1076
10.2462 -3.46536 19.8326
13.5712 -1.60036 20.4226

11.9132 1.47864 18.7396
9.4332 1.46364 21.7136
6.2642 0.166645 19.9226
3.5702 -0.786355 22.4506
1.3172 -3.13536 20.3266

1.5362 -4.73036 16.8456
0.3682 -7.80636 14.8746
2.7382 -10.1684 12.9996
1.1522 -12.2354 10.1956
2.7732 -15.3904 8.7246

1.3912 -18.6914 7.2476
4.2692 -21.2354 7.3026

4.4002 -22.9194 10.7556
8.2632 -22.7174 10.8136
8.0332 -18.8604 10.5716
5.4302 -18.6754 13.4156
7.5912 -21.1104 15.5016
10.8562 -19.1284 14.9476
9.1792 -15.7494 15.7936
7.6262 -17.1784 19.0326
10.9622 -18.8114 20.0626
12.9042 -15.5084 19.6426
10.2182 -13.4954 21.5506
10.4362 -16.0864 24.4156
14.2982 -15.8624 24.3006

14.0102 -12.0074 24.5566
11.3422 -12.4394 27.3576
8.7642 -10.4794 25.2556
5.1602 -11.1664 26.3246

3.1572 -12.1574 23.2136
0.0722003 -14.1254 22.0476
-0.00579969 -16.8424 19.3316
-3.0078 -17.9434 17.1876

-2.7418 -20.6654 14.4896
-4.5748 -23.7614 13.0756
-3.9968 -25.6784 16.3846
-5.4308 -22.9294 18.7006
-8.9438 -23.9344 19.8896
-12.1068 -21.8384 19.2336
-12.4798 -20.7304 22.9216

-8.7218 -20.0884 23.5086
-8.7308 -17.8634 20.3416
-11.2918 -15.5314 22.0056
-9.4428 -15.5864 25.3896
-6.0068 -14.7984 23.7816
-7.7478 -12.0294 21.7586
-9.0818 -10.5414 25.0586
-5.6048 -10.9244 26.7116
-3.9568 -8.90836 23.8436
-6.8048 -6.30836 23.8936
-6.8788 -5.74436 27.7046

-3.2458 -6.40736 28.8386
-0.6618 -3.62536 28.1526
2.1412 -6.25336 28.6026
1.3302 -8.25736 25.4246
3.2992 -6.27636 22.8036

3.1572 -8.80036 19.8906
0.3972 -10.9714 18.4116
1.8592 -13.8334 16.2816
-0.9968 -14.7434 13.9086
-1.5708 -17.2714 11.1206

-2.8828 -15.3754 8.0196
-5.3118 -18.2854 7.3106
-6.3748 -19.1344 10.9076
-6.8618 -15.5404 12.2746
-8.5838 -14.0114 9.1416
-12.0448 -14.4854 10.8296
-14.0428 -13.5294 13.9806
-11.2758 -11.7634 15.9756
-10.8268 -7.99136 16.6606
-7.3738 -6.44836 17.3696
-8.2108 -2.71336 17.8156
-5.5008 -2.38136 20.5686
-2.7168 -2.44636 17.8956
-1.8328 0.358645 15.3986

0.6142 -1.71836 13.2566
0.3052 -4.88236 11.1146
3.4722 -6.64936 9.8296
3.0952 -9.28236 7.0856

6.2552 -11.4054 7.5296
5.0462 -13.4254 4.4986
3.0352 -12.6224 1.3506
-0.1578 -14.5874 0.554601
-1.2438 -15.1414 -3.1124
-4.8898 -14.1694 -2.3674

-5.4298 -10.3924 -1.7194
-8.9028 -10.9404 -0.156399
-7.2018 -12.8074 2.7636
-4.5828 -10.0114 3.1786
-7.4198 -7.38336 3.3326
-9.2998 -9.62336 5.8676
-6.1218 -9.63036 8.0476
-5.6478 -5.77936 7.8156

-9.3458 -5.30436 8.8336
-8.6718 -7.15136 12.1176
-7.0508 -3.87136 13.3826
-8.9828 -1.34936 11.2376
-12.3668 -1.84236 13.0616
-14.9068 0.331645 14.9446
-12.9828 1.27364 18.1416
-9.6748 2.04564 16.3196
-8.4458 5.64564 17.0336
-4.9238 5.57664 15.4206
-3.8208 5.53964 11.7346

-3.1988 1.85864 10.9116
0.2912 1.03764 9.5796
0.5532 -2.01336 7.2446
4.1142 -3.26536 6.5036
4.6182 -5.94936 3.7916
8.0382 -7.64436 4.2996
9.5712 -8.66036 0.896601

12.9602 -10.1604 -0.125399
14.6612 -9.64136 -3.5544
15.7672 -13.0064 -5.0784
12.7442 -14.9814 -3.6604
9.0722 -15.9814 -4.2864

8.0602 -12.3974 -3.2074
9.3792 -11.0534 -6.5914
6.5992 -13.0614 -8.4014
3.9002 -12.9844 -5.6674
3.8642 -9.17036 -5.2474
3.0532 -8.32836 -8.9614
0.4682 -11.2154 -8.9114
-1.2408 -9.77836 -5.7674
-1.2278 -6.26536 -7.3844
-2.9208 -7.34836 -10.6664
-5.5218 -9.27336 -8.5514
-6.3638 -6.13836 -6.4324
-6.7238 -4.14636 -9.7044
-9.1968 -6.79136 -11.0694
-11.1188 -6.52536 -7.7374
-11.1038 -2.66136 -7.9014
-12.3308 -2.57736 -11.5714

-15.2038 -4.89936 -10.4544
-16.0038 -2.35736 -7.6094
-14.9278 -4.95836 -4.9654
-11.9078 -3.05136 -3.4894
-10.7328 0.563645 -2.9174
-7.2748 -0.875355 -2.1824
-4.8008 0.260645 -4.8274
-1.3608 -1.41136 -4.3544
0.5242 0.394645 -7.2434

1.5302 3.48364 -5.1614
3.5782 1.29464 -2.7184
5.9252 -0.0223553 -5.4974
6.7762 3.37464 -7.0564

8.0412 4.33364 -3.5264
10.5262 1.36064 -3.1034

End chain 1
