-13.201 -6.296 -53.957
-10.703 -3.406 -53.291
-9.54 -3.087 -49.639
-11.02 0.322 -48.639
-8.614 1.85 -46.053
-10.787 3.126 -43.162

-9.634 6.195 -41.181
-10.061 4.9 -37.589
-10.286 6.838 -34.306
-12.195 7.103 -30.979
-14.163 9.439 -28.711
-12.619 10.223 -25.263
-14.157 12.207 -22.344

-11.943 15.248 -21.466
-14.301 16.978 -18.949
-17.827 16.65 -17.399
-19.139 18.761 -20.353

-16.752 17.96 -23.312
-15.482 14.956 -25.281
-12.62 14.751 -27.824
-12.437 12.939 -31.204
-8.982 11.264 -31.393
-8.672 10.357 -35.1

-6.282 10.744 -38.079
-6.98 13.557 -40.6
-9.895 13.022 -43.051

-11.208 15.853 -45.293
-14.92 14.856 -45.011
-14.611 14.37 -41.226
-13.015 17.857 -40.827
-15.875 19.254 -42.999
-18.403 17.482 -40.669
-16.559 18.759 -37.515
-16.844 22.341 -38.957

-20.697 21.797 -39.029
-20.861 21.033 -35.24
-22.116 23.933 -33.104
-20.016 23.255 -29.939
-16.791 22.621 -31.971

-13.393 23.436 -30.391
-10.011 22.816 -32.063
-6.805 22.812 -29.99

-3.883 23.919 -32.209
-1.328 22.314 -29.773
-2.753 18.736 -29.691
-4.334 19.137 -33.217

-7.578 17.622 -31.79
-11.313 18.386 -31.995
-13.683 18.544 -28.991
-17.466 19.001 -28.65
-20.131 19.402 -25.91

-21.257 16.038 -24.476
-24.923 16.743 -25.497
-23.731 16.722 -29.178
-22.178 13.179 -28.839
-25.228 11.354 -30.322
-25.57 14.044 -33.093
-21.852 13.682 -34.021
-21.815 9.829 -34.037
-25.045 9.774 -36.128
-23.507 12.176 -38.75
-20.093 10.348 -38.803

-21.793 6.948 -39.527
-22.962 8.546 -42.834
-19.328 9.196 -43.991
-17.677 6.563 -46.261
-14.251 5.2 -45.121

-14.46 6.789 -41.562
-14.765 4.819 -38.279
-15.142 6.964 -35.114
-15.663 4.659 -32.101

-18.218 6.249 -29.657
-17.862 6.903 -25.912
-18.35 3.469 -24.195
-21.794 2.549 -22.772
-20.235 2.829 -19.255
-19.534 6.58 -19.812
-22.964 7.196 -21.431
-24.623 5.531 -18.378
-22.42 7.523 -15.909

-23.028 10.919 -17.654
-26.668 10.153 -18.714
-27.851 13.482 -17.123

-25.214 15.594 -18.963
-26 13.8 -22.296
-29.631 15.147 -21.909

-29.014 18.802 -20.797
-28.522 21.656 -23.337
-27.494 23.803 -20.296
-24.374 24.206 -18.108
-26.03 23.63 -14.722
-23.195 22.587 -12.38
-23.731 19.355 -10.334

-27.219 19.392 -8.694
-26.798 20.208 -4.988
-26.578 17.032 -2.906
-29.814 16.999 -0.82
-29.276 16.946 2.956
-30.305 13.551 4.343

-32.727 13.25 7.268
-30.389 11.851 9.975
-33.077 12.019 12.787
-33.159 8.159 12.923
-29.32 8.149 13.454
-27.82 8.306 16.969

-27.52 12.074 17.913
-23.991 11.509 19.371
-22.796 10.469 15.867
-24.731 13.185 13.93
-23.402 16.008 16.22
-19.738 14.82 15.861

-19.687 14.822 11.995
-17.445 17.587 10.586

-19.106 19.692 7.763
-17.231 17.783 4.996
-18.064 14.402 6.666
-21.796 15.407 6.677
-21.562 16.318 2.947
-19.943 12.855 2.346
-22.788 11.075 4.244
-25.363 13.084 2.191
-23.555 12.165 -1.104
-23.43 8.459 -0.115
-27.196 8.491 0.728
-28.024 10.343 -2.565

-25.973 7.645 -4.472
-28.214 5.048 -2.67
-25.512 3.7 -0.27

-23.352 2.353 -3.174
-19.956 4.118 -3.237
-16.209 4.012 -2.721
-15.295 6.541 0.021

-11.694 7.195 -1.128

-11.135 10.189 1.225
-7.504 10.605 2.377

-6.048 8.715 5.398
-7.361 9.956 8.784
-10.233 12.169 7.374
-12.706 9.981 9.408

-13.844 7.354 6.831
-15.012 5.081 9.734
-17.363 7.714 11.316
-18.876 8.506 7.854
-19.282 4.738 7.09
-21.02 4.042 10.461
-23.415 6.996 9.798
-24.247 5.855 6.195
-24.846 2.277 7.463
-26.955 3.52 10.461
-29.227 5.531 8.078

-29.9 2.058 6.507

-30.384 0.293 9.981
-33.886 -0.857 8.77
-32.05 -2.956 6.062
-29.626 -4.868 8.41
-27.981 -7.413 9.17

-24.774 -5.448 8.488
-21.551 -7.137 7.269
-18.235 -5.328 7.997
-15.132 -6.739 6.223
-11.829 -5.357 7.603

-8.05 -6.016 7.986
-7.416 -8.82 10.567
-5.856 -6.305 13.093
-8.689 -3.64 13.199

-11.758 -5.868 14.003
-11.895 -4.753 17.675
-11.154 -1.102 16.63
-14.365 -1.304 14.506
-16.414 -2.897 17.375
-15.268 -0.08 19.729
-16.109 2.476 16.969
-19.722 1.111 16.76
-20.082 1.14 20.611
-18.596 4.7 20.723
-20.823 6.195 17.978

-24.121 4.191 18.24
-24.851 3.95 22.056
-28.388 2.791 20.948
-26.764 -0.701 20.406
-26.03 -3.285 23.117

-22.632 -5.104 22.857
-24.638 -8.32 22.08
-25.78 -6.667 18.791

-22.091 -6.816 17.576
-20.505 -10.124 16.488
-16.681 -10.041 16.081

-15.702 -13.116 14.035
-12.316 -14.303 15.372
-12.201 -17.837 13.813
-13.405 -19.799 10.735
-15.769 -21.82 13.07
-17.788 -18.808 14.317
-21.352 -17.917 13.159
-21.075 -14.973 10.701
-24.816 -14.102 11.273
-24.919 -14.166 15.127
-25.108 -10.332 15.536
-27.08 -7.466 13.995

-23.588 -6.14 13.038
-21.065 -8.833 11.965
-17.336 -7.898 11.803
-15.009 -10.302 9.887
-11.529 -10.295 8.291

-10.658 -10.74 4.577
-8.757 -14.009 5.375
-11.833 -15.546 7.113
-14.3 -14.769 4.222

-12.926 -17.715 2.14
-13.287 -20.073 5.183
-16.843 -18.74 5.845
-18.014 -18.815 2.139
-20.731 -21.415 3.044
-22.243 -18.836 5.512
-21.955 -15.894 2.989
-25.071 -17.433 1.278
-27.188 -15.451 3.825
-28.094 -12.137 2.052
-26.367 -9.235 3.842
-28.236 -6.215 2.36

-25.704 -3.677 3.792
-21.936 -4.298 3.429
-19.007 -2.145 4.602
-15.517 -3.11 3.36

-12.662 -1.237 5.059
-9.341 -0.865 3.151

-11.066 -2.352 0.031
-7.765 -2.207 -1.968
-7.252 -5.742 -0.456
-9.774 -6.866 -3.176

-7.558 -5.436 -6.054
-6.861 -8.909 -7.611
-9.913 -10.983 -8.736
-7.994 -14.348 -8.638
-7.386 -14.116 -4.839

-9.551 -16.269 -2.508
-10.568 -13.122 -0.487
-11.832 -11.409 -3.693
-13.586 -14.593 -5.006
-15.461 -14.905 -1.648
-16.313 -11.137 -1.332
-17.465 -10.353 -4.925
-20.7 -12.523 -5.003
-21.961 -10.786 -1.799
-21.004 -7.272 -3.064
-22.893 -7.826 -6.386
-26.148 -8.927 -4.576

-26.072 -6.644 -1.465
-28.372 -3.542 -1.704

-25.826 -1.116 -0.104
-22.019 -1.347 -0.629
-19.769 1.077 1.29
-16.145 0.543 0.177
-13.427 2.479 2.088

-9.739 3.065 1.181
-6.998 5.712 1.573
-5.29 4.301 -1.537
-8.002 2.778 -3.832
-5.263 1.979 -6.345
-1.844 1.044 -4.877
0.179 1.273 -8.156
-1.96 0.815 -11.364

-5.486 1.412 -12.884
-6.145 -2.396 -13.101
-6.402 -2.518 -9.223
-9.619 -0.37 -9.379
-11.628 -2.846 -11.528
-12.904 -5.026 -8.614
-13.981 -1.892 -6.643
-15.738 -0.406 -9.758
-17.759 -3.638 -10.376
-18.545 -3.926 -6.614
-20.104 -0.383 -6.596

-22.0188 -1.53997 -9.64494
-24.0127 -2.90828 -12.6774
-25.4509 0.458052 -13.7827
-21.7401 1.33732 -14.0307
-18.0598 0.820225 -13.7533
-16.8236 4.43787 -13.3237
-18.6006 7.46262 -11.8585

-19.8261 9.48371 -14.8344
-19.6031 12.7187 -12.8524
-16.0481 11.9235 -11.7696
-15.0123 11.2095 -15.3557
-16.4991 14.4995 -16.5424
-14.656 16.4218 -13.8311
-11.3604 14.7795 -14.7718
-11.8613 15.6504 -18.437

-8.96833 13.1194 -18.059
-7.30933 13.6024 -21.537
-7.95733 9.89344 -22.153

-5.38033 8.24644 -24.484
-5.62933 4.89844 -26.326
-2.34933 3.05544 -25.569

-1.35333 -0.426556 -26.997
-2.40333 -1.99356 -23.61

-5.75933 -0.100556 -23.203
-6.92333 3.38244 -22.109
-4.83333 5.80744 -20.027

-6.84433 8.27844 -17.833
-3.91333 9.89444 -15.874
-4.24433 13.2214 -17.767
-6.46333 16.3084 -17.421
-8.59133 18.3684 -19.86
-11.3463 21.0634 -19.938

-10.8863 21.7804 -16.163
-12.7173 25.1784 -16.262
-15.8173 23.4024 -17.719
-15.4923 20.6884 -15.015
-15.3113 23.4564 -12.322
-18.5193 25.0944 -13.691
-20.3523 21.6994 -13.8
-19.2403 20.8764 -10.213
-20.2993 24.2744 -8.72601
-23.7013 24.3244 -10.539
-24.8783 20.7154 -10.004

-22.6473 18.7134 -7.53801

-20.5143 20.7714 -5.15401
-20.5723 23.6654 -2.68301

-16.9693 24.9074 -2.15001
-15.6623 27.9084 -0.161011
-12.0873 28.7434 0.812989

-10.5613 30.2274 4.04099
-9.95033 33.4314 2.01899
-13.7053 33.6804 1.11899
-15.1453 33.3104 4.67899

-12.3343 33.8054 7.30099
-10.3733 37.0404 6.46999
-8.95933 36.8034 10.07
-6.95433 33.5354 9.65399

-3.15533 34.2294 9.63899
-1.40233 33.4954 6.31499

0.253672 30.1254 5.57199
3.86967 30.9734 4.59399
5.40667 28.0834 2.59199
9.08567 27.5854 1.64499
11.4477 24.9764 0.242989
14.4887 24.2814 2.48399
17.3077 22.7274 0.428989

19.0877 20.5264 3.01999
22.8027 20.3454 2.20999

23.7867 17.1144 0.286989
27.4017 17.5854 1.61499
26.3637 15.3934 4.63699

25.3227 12.6044 2.15199
28.4607 10.4234 2.21799

29.9667 9.15044 -1.08001
28.6547 5.53244 -0.539011
25.0327 6.73044 0.0119886
25.3097 9.06044 -3.04901
26.7387 6.21544 -5.20101
23.8007 3.99844 -4.01601
21.2547 6.73344 -5.01401
23.0517 7.13144 -8.40401
22.9647 3.30544 -8.83501
19.1917 2.99644 -8.08701
18.5037 6.04844 -10.355
20.4587 4.37244 -13.242
18.6847 1.05944 -12.451
15.1877 2.61144 -13.035
16.2787 3.94244 -16.506

17.7587 0.612444 -17.758
15.9287 -0.485556 -20.963
16.0697 -4.26556 -20.428
14.1987 -4.42656 -17.043
10.6257 -5.65456 -16.536

7.82967 -3.26756 -15.382
8.14867 -4.92956 -11.919
11.9707 -4.47056 -11.63
11.4197 -0.768556 -12.601
8.83067 -0.415556 -9.72601
11.1987 -2.23556 -7.28901
14.1477 0.0564438 -8.24601
11.7967 3.09444 -7.79001
10.7817 1.89244 -4.26601
14.4967 1.31144 -3.45901
15.4667 4.83244 -4.73101
12.6397 6.37144 -2.61601
13.5947 4.42244 0.581989
17.3277 5.33944 0.0149886
16.2777 9.02944 -0.345011
14.6267 8.84044 3.11499
17.7867 7.25944 4.68399
20.0867 9.82044 2.95599
18.0877 12.7944 4.40199
18.0347 11.5984 8.09999
21.3217 13.3514 9.23699
20.3847 16.7844 7.76499
16.6997 16.4294 8.80499
18.0407 15.8814 12.376
20.5127 18.8244 11.989
17.5857 21.0754 10.906
15.2737 19.9234 13.796
18.0787 20.6914 16.307
18.7327 24.1414 14.682
14.9837 24.9384 15.158
15.1107 23.9274 18.883
18.4357 25.7924 19.473

16.7777 28.8714 17.79
14.2977 28.8564 20.764
11.1287 27.5594 18.973
8.43467 26.6064 21.501
6.18167 24.2574 19.377

6.40067 22.6624 15.896
5.23267 19.5864 13.925
7.60267 17.2244 12.05
6.01667 15.1574 9.24599
7.63767 12.0024 7.77499

6.25567 8.70144 6.29799
9.13367 6.15744 6.35299

9.26467 4.47344 9.80599
13.1277 4.67544 9.86399
12.8977 8.53244 9.62199
10.2947 8.71744 12.466
12.4557 6.28244 14.552
15.7207 8.26444 13.998
14.0437 11.6434 14.844
12.4907 10.2144 18.083
15.8267 8.58144 19.113
17.7687 11.8844 18.693
15.0827 13.8974 20.601
15.3007 11.3064 23.466
19.1627 11.5304 23.351

18.8747 15.3854 23.607
16.2067 14.9534 26.408
13.6287 16.9134 24.306
10.0247 16.2264 25.375

8.02167 15.2354 22.264
4.93667 13.2674 21.098
4.85867 10.5504 18.382
1.85667 9.44944 16.238

2.12267 6.72744 13.54
0.289672 3.63144 12.126
0.867672 1.71444 15.435
-0.566328 4.46344 17.751
-4.07933 3.45844 18.94
-7.24233 5.55444 18.284
-7.61533 6.66244 21.972

-3.85733 7.30444 22.559
-3.86633 9.52944 19.392
-6.42733 11.8614 21.056
-4.57833 11.8064 24.44
-1.14233 12.5944 22.832
-2.88333 15.3634 20.809
-4.21733 16.8514 24.109
-0.740328 16.4684 25.762
0.907672 18.4844 22.894
-1.94033 21.0844 22.944
-2.01433 21.6484 26.755

1.61867 20.9854 27.889
4.20267 23.7674 27.203
7.00567 21.1394 27.653
6.19467 19.1354 24.475
8.16367 21.1164 21.854

8.02167 18.5924 18.941
5.26167 16.4214 17.462
6.72367 13.5594 15.332
3.86767 12.6494 12.959
3.29367 10.1214 10.171

1.98167 12.0174 7.06999
-0.447328 9.10744 6.36099
-1.51033 8.25844 9.95799
-1.99733 11.8524 11.325
-3.71933 13.3814 8.19199
-7.18033 12.9074 9.87999
-9.17833 13.8634 13.031
-6.41133 15.6294 15.026
-5.96233 19.4014 15.711
-2.50933 20.9444 16.42
-3.34633 24.6794 16.866
-0.636328 25.0114 19.619
2.14767 24.9464 16.946
3.03167 27.7514 14.449

5.47867 25.6744 12.307
5.16967 22.5104 10.165
8.33667 20.7434 8.87999
7.95967 18.1104 6.13599

11.1197 15.9874 6.57999
9.91067 13.9674 3.54899
7.89967 14.7704 0.400989
4.70667 12.8054 -0.395011
3.62067 12.2514 -4.06201
-0.0253283 13.2234 -3.31701

-0.565328 17.0004 -2.66901
-4.03833 16.4524 -1.10601
-2.33733 14.5854 1.81399
0.281672 17.3814 2.22899
-2.55533 20.0094 2.38299
-4.43533 17.7694 4.91799
-1.25733 17.7624 7.09799
-0.783328 21.6134 6.86599

-4.48133 22.0884 7.88399
-3.80733 20.2414 11.168
-2.18633 23.5214 12.433
-4.11833 26.0434 10.288
-7.50233 25.5504 12.112
-10.0423 27.7244 13.995
-8.11833 28.6664 17.192
-4.81033 29.4384 15.37
-3.58133 33.0384 16.084
-0.0593283 32.9694 14.471
1.04367 32.9324 10.785

1.66567 29.2514 9.96199
5.15567 28.4304 8.62999
5.41767 25.3794 6.29499
8.97867 24.1274 5.55399
9.48267 21.4434 2.84199
12.9027 19.7484 3.34999
14.4357 18.7324 -0.0530114

17.8247 17.2324 -1.07501
19.5257 17.7514 -4.50401
20.6317 14.3864 -6.02801
17.6087 12.4114 -4.61001
13.9367 11.4114 -5.23601

12.9247 14.9954 -4.15701
14.2437 16.3394 -7.54101
11.4637 14.3314 -9.35101
8.76467 14.4084 -6.61701
8.72867 18.2224 -6.19701
7.91767 19.0644 -9.91101
5.33267 16.1774 -9.86101
3.62367 17.6144 -6.71701
3.63667 21.1274 -8.33401
1.94367 20.0444 -11.616
-0.657328 18.1194 -9.50101
-1.49933 21.2544 -7.38201
-1.85933 23.2464 -10.654
-4.33233 20.6014 -12.019
-6.25433 20.8674 -8.68701
-6.23933 24.7314 -8.85101
-7.46633 24.8154 -12.521

-10.3393 22.4934 -11.404
-11.1393 25.0354 -8.55901
-10.0633 22.4344 -5.91501
-7.04333 24.3414 -4.43901
-5.86833 27.9564 -3.86701
-2.41033 26.5174 -3.13201
0.0636717 27.6534 -5.77701
3.50367 25.9814 -5.30401
5.38867 27.7874 -8.19301

6.39467 30.8764 -6.11101
8.44267 28.6874 -3.66801
10.7897 27.3704 -6.44701
11.6407 30.7674 -8.00601

12.9057 31.7264 -4.47601
15.3907 28.7534 -4.05301

End chain 1
