-13.201 -6.296 -53.957
-10.703 -3.406 -53.291
-9.54 -3.087 -49.639
-11.02 0.322 -48.639
-8.614 1.85 -46.053
-10.787 3.126 -43.162

-9.634 6.195 -41.181
-10.061 4.9 -37.589
-10.286 6.838 -34.306
-12.195 7.103 -30.979
-14.163 9.439 -28.711
-12.619 10.223 -25.263
-14.157 12.207 -22.344

-11.943 15.248 -21.466
-14.301 16.978 -18.949
-17.827 16.65 -17.399
-19.139 18.761 -20.353

-16.752 17.96 -23.312
-15.482 14.956 -25.281
-12.62 14.751 -27.824
-12.437 12.939 -31.204
-8.982 11.264 -31.393
-8.672 10.357 -35.1

-6.282 10.744 -38.079
-6.98 13.557 -40.6
-9.895 13.022 -43.051

-11.208 15.853 -45.293
-14.92 14.856 -45.011
-14.611 14.37 -41.226
-13.015 17.857 -40.827
-15.875 19.254 -42.999
-18.403 17.482 -40.669
-16.559 18.759 -37.515
-16.844 22.341 -38.957

-20.697 21.797 -39.029
-20.861 21.033 -35.24
-22.116 23.933 -33.104
-20.016 23.255 -29.939
-16.791 22.621 -31.971

-13.393 23.436 -30.391
-10.011 22.816 -32.063
-6.805 22.812 -29.99

-3.883 23.919 -32.209
-1.328 22.314 -29.773
-2.753 18.736 -29.691
-4.334 19.137 -33.217

-7.578 17.622 -31.79
-11.313 18.386 -31.995
-13.683 18.544 -28.991
-17.466 19.001 -28.65
-20.131 19.402 -25.91

-21.257 16.038 -24.476
-24.923 16.743 -25.497
-23.731 16.722 -29.178
-22.178 13.179 -28.839
-25.228 11.354 -30.322
-25.57 14.044 -33.093
-21.852 13.682 -34.021
-21.815 9.829 -34.037
-25.045 9.774 -36.128
-23.507 12.176 -38.75
-20.093 10.348 -38.803

-21.793 6.948 -39.527
-22.962 8.546 -42.834
-19.328 9.196 -43.991
-17.677 6.563 -46.261
-14.251 5.2 -45.121

-14.46 6.789 -41.562
-14.765 4.819 -38.279
-15.142 6.964 -35.114
-15.663 4.659 -32.101

-18.218 6.249 -29.657
-17.862 6.903 -25.912
-18.35 3.469 -24.195
-21.794 2.549 -22.772
-20.235 2.829 -19.255
-19.534 6.58 -19.812
-22.964 7.196 -21.431
-24.623 5.531 -18.378
-22.42 7.523 -15.909

-23.028 10.919 -17.654
-26.668 10.153 -18.714
-27.851 13.482 -17.123

-25.214 15.594 -18.963
-26 13.8 -22.296
-29.631 15.147 -21.909

-28.7235 18.8547 -21.2428
-26.9511 22.0338 -22.1994
-24.9347 24.6031 -20.4434
-22.2711 22.8066 -22.65
-22.0429 23.7549 -26.2365
-21.8534 23.6161 -29.9573
-18.7168 25.025 -31.3793

-18.4096 28.6173 -32.5809
-15.9818 29.4493 -29.7779
-13.8317 26.4289 -30.613
-13.713 27.4068 -34.2835
-12.6638 30.9522 -33.4048
-9.88219 29.6744 -31.1525

-12.3042 29.3734 -28.2275
-9.96619 27.9744 -25.5205
-12.6542 28.1424 -22.7085
-12.7362 24.2824 -22.5725
-8.89719 24.2724 -22.0415
-7.39719 24.4294 -18.5265

-7.09719 28.1974 -17.5825
-3.56819 27.6324 -16.1245
-2.37319 26.5924 -19.6285
-4.30819 29.3084 -21.5655
-2.97919 32.1314 -19.2755
0.684815 30.9434 -19.6345

0.735815 30.9454 -23.5005
2.97781 33.7104 -24.9095

1.31681 35.8154 -27.7325
3.19181 33.9064 -30.4995
2.35881 30.5254 -28.8295
-1.37319 31.5304 -28.8185
-1.13919 32.4414 -32.5485
0.479815 28.9784 -33.1495
-2.36519 27.1984 -31.2515
-4.94019 29.2074 -33.3045
-3.13219 28.2884 -36.5995
-3.00719 24.5824 -35.6105
-6.77319 24.6144 -34.7675
-7.60119 26.4664 -38.0605

-5.55019 23.7684 -39.9675
-7.79119 21.1714 -38.1655
-5.08919 19.8234 -35.7655

-2.92919 18.4764 -38.6695
0.466815 20.2414 -38.7325
4.21381 20.1354 -38.2165
5.12781 22.6644 -35.4745

8.72881 23.3184 -36.6235

9.28781 26.3124 -34.2705
12.9188 26.7284 -33.1185

14.3748 24.8384 -30.0975
13.0618 26.0794 -26.7115
10.1898 28.2924 -28.1215
7.71681 26.1044 -26.0875

6.57881 23.4774 -28.6645
5.41081 21.2044 -25.7615
3.05981 23.8374 -24.1795
1.54681 24.6294 -27.6415
1.14081 20.8614 -28.4055
-0.597185 20.1654 -25.0345
-2.99219 23.1194 -25.6975
-3.82419 21.9784 -29.3005
-4.42319 18.4004 -28.0325
-6.53219 19.6434 -25.0345
-8.80419 21.6544 -27.4175

-9.47719 18.1814 -28.9885

-9.96119 16.4164 -25.5145
-13.4632 15.2664 -26.7255
-11.6272 13.1674 -29.4335
-9.20319 11.2554 -27.0855
-7.55819 8.71035 -26.3255

-4.35119 10.6754 -27.0075
-1.12819 8.98635 -28.2265
2.18781 10.7954 -27.4985
5.29081 9.38435 -29.2725
8.59381 10.7664 -27.8925

12.3728 10.1074 -27.5095
13.0068 7.30335 -24.9285
14.5668 9.81835 -22.4025
11.7338 12.4834 -22.2965

8.66481 10.2554 -21.4925
8.52781 11.3704 -17.8205
9.26881 15.0214 -18.8655
6.05781 14.8194 -20.9895
4.00881 13.2264 -18.1205
5.15481 16.0434 -15.7665
4.31381 18.5994 -18.5265
0.700815 17.2344 -18.7355
0.340815 17.2634 -14.8845
1.82681 20.8234 -14.7725
-0.400185 22.3184 -17.5175

-3.69819 20.3144 -17.2555
-4.42819 20.0734 -13.4395
-7.96519 18.9144 -14.5475
-6.34119 15.4224 -15.0895
-5.60719 12.8384 -12.3785

-2.20919 11.0194 -12.6385
-4.21519 7.80335 -13.4155
-5.35719 9.45635 -16.7045

-1.66819 9.30735 -17.9195
-0.0821852 5.99935 -19.0075
3.74181 6.08235 -19.4145

4.72081 3.00735 -21.4605
8.10681 1.82035 -20.1235
8.22181 -1.71365 -21.6825
7.01781 -3.67565 -24.7605
4.65381 -5.69665 -22.4255
2.63481 -2.68465 -21.1785
-0.929185 -1.79365 -22.3365
-0.652185 1.15035 -24.7945
-4.39319 2.02135 -24.2225
-4.49619 1.95735 -20.3685
-4.68519 5.79135 -19.9595
-6.65719 8.65735 -21.5005

-3.16519 9.98335 -22.4575
-0.642185 7.29035 -23.5305
3.08681 8.22535 -23.6925
5.41381 5.82135 -25.6085
8.89381 5.82835 -27.2045

9.76481 5.38335 -30.9185
11.6658 2.11435 -30.1205
8.58981 0.577353 -28.3825
6.12281 1.35435 -31.2735

7.49681 -1.59165 -33.3555
7.13581 -3.94965 -30.3125
3.57981 -2.61665 -29.6505
2.40881 -2.69165 -33.3565
-0.308185 -5.29165 -32.4515
-1.82019 -2.71265 -29.9835
-1.53219 0.229353 -32.5065
-4.64819 -1.30965 -34.2175
-6.76519 0.672353 -31.6705
-7.67119 3.98635 -33.4435
-5.94419 6.88835 -31.6535
-7.81319 9.90835 -33.1355

-5.28119 12.4464 -31.7035
-1.51319 11.8254 -32.0665
1.41581 13.9784 -30.8935
4.90581 13.0134 -32.1355

7.76081 14.8864 -30.4365
11.0818 15.2584 -32.3445

9.35681 13.7714 -35.4645
12.6578 13.9164 -37.4635
13.1708 10.3814 -35.9515
10.6488 9.25735 -38.6715

12.8648 10.6874 -41.5495
13.5618 7.21435 -43.1065
10.5098 5.14035 -44.2315
12.4288 1.77535 -44.1335
13.0368 2.00735 -40.3345

10.8718 -0.145647 -38.0035
9.85481 3.00135 -35.9825
8.59081 4.71435 -39.1885
6.83681 1.53035 -40.5015
4.96181 1.21835 -37.1435
4.10981 4.98635 -36.8275
2.95781 5.77035 -40.4205
-0.277185 3.60035 -40.4985
-1.53819 5.33735 -37.2945
-0.581185 8.85135 -38.5595
-2.47019 8.29735 -41.8815
-5.72519 7.19635 -40.0715

-5.64919 9.47935 -36.9605
-7.94919 12.5814 -37.1995

-5.40319 15.0074 -35.5995
-1.59619 14.7764 -36.1245
0.653815 17.2004 -34.2055
4.27781 16.6664 -35.3185
6.99581 18.6024 -33.4075

10.6838 19.1884 -34.3145
13.4248 21.8354 -33.9225
15.1328 20.4244 -37.0325
12.4208 18.9014 -39.3275
15.1598 18.1024 -41.8405
18.5788 17.1674 -40.3725
20.6018 17.3964 -43.6515
18.4628 16.9384 -46.8595

14.9368 17.5354 -48.3795
14.2778 13.7274 -48.5965
14.0208 13.6054 -44.7185
10.8038 15.7534 -44.8745
8.79481 13.2774 -47.0235
7.51881 11.0974 -44.1095
6.44181 14.2314 -42.1385
4.68481 15.7174 -45.2535
2.66381 12.4854 -45.8715
1.87781 12.1974 -42.1095
0.318815 15.7404 -42.0915

-1.18419 15.4694 -45.6675
-1.56919 11.7534 -46.7525
-2.74919 12.8724 -50.2755
0.487815 14.8334 -51.0035
3.08581 12.8874 -53.0875
1.52281 9.33835 -52.7245
4.84681 7.90635 -54.0665

8.32181 9.10435 -52.9245
9.70381 9.10135 -56.5275
7.55681 12.1564 -57.5255
8.85781 14.0924 -54.4545
12.4578 12.9244 -55.1635
12.3948 13.9614 -58.8795
11.1848 17.4894 -57.9255
13.0198 18.3034 -54.6375

15.9128 15.7724 -54.2595
17.5718 16.2554 -57.7375
16.9238 12.5464 -58.3535

19.5008 10.8994 -60.6845
19.2518 7.55135 -62.5265
22.5318 5.70835 -61.7695

23.5278 2.22635 -63.1975
22.4778 0.659353 -59.8105

19.1218 2.55235 -59.4035
17.9578 6.03535 -58.3095
20.0478 8.46035 -56.2275

18.0368 10.9314 -54.0335
20.9678 12.5474 -52.0745
20.6368 15.8744 -53.9675
18.4178 18.9614 -53.6215
16.2898 21.0214 -56.0605
13.5348 23.7164 -56.1385

13.9948 24.4334 -52.3635
12.1638 27.8314 -52.4625
9.06381 26.0554 -53.9195
9.38881 23.3414 -51.2155
9.56981 26.1094 -48.5225
6.36181 27.7474 -49.8915
4.52881 24.3524 -50.0005
5.64081 23.5294 -46.4135
4.58181 26.9274 -44.9265
1.17981 26.9774 -46.7395
0.00281482 23.3684 -46.2045

2.23381 21.3664 -43.7385

4.36681 23.4244 -41.3545
4.30881 26.3184 -38.8835

7.91181 27.5604 -38.3505
9.21881 30.5614 -36.3615
12.7938 31.3964 -35.3875

14.3198 32.8804 -32.1595
14.9308 36.0844 -34.1815
11.1758 36.3334 -35.0815
9.73581 35.9634 -31.5215

12.5468 36.4584 -28.8995
14.5078 39.6934 -29.7305
15.9218 39.4564 -26.1305
17.9268 36.1884 -26.5465

21.7258 36.8824 -26.5615
23.4788 36.1484 -29.8855

25.1348 32.7784 -30.6285
28.7508 33.6264 -31.6065
30.2878 30.7364 -33.6085
33.9668 30.2384 -34.5555
36.3288 27.6294 -35.9575
39.3698 26.9344 -33.7165
42.1888 25.3804 -35.7715

43.9688 23.1794 -33.1805
47.6838 22.9984 -33.9905

48.6678 19.7674 -35.9135
52.2828 20.2384 -34.5855
51.2448 18.0464 -31.5635

50.2038 15.2574 -34.0485
53.3418 13.0764 -33.9825

54.8478 11.8034 -37.2805
53.5358 8.18535 -36.7395
49.9138 9.38335 -36.1885
50.1908 11.7134 -39.2495
51.6198 8.86835 -41.4015
48.6818 6.65135 -40.2165
46.1358 9.38635 -41.2145
47.9328 9.78435 -44.6045
47.8458 5.95835 -45.0355
44.0728 5.64935 -44.2875
43.3848 8.70135 -46.5555
45.3398 7.02535 -49.4425
43.5658 3.71235 -48.6515
40.0688 5.26435 -49.2355
41.1598 6.59535 -52.7065

42.6398 3.26535 -53.9585
40.8098 2.16735 -57.1635
40.9508 -1.61265 -56.6285
39.0798 -1.77365 -53.2435
35.5068 -3.00165 -52.7365

32.7108 -0.614647 -51.5825
33.0298 -2.27665 -48.1195
36.8518 -1.81765 -47.8305
36.3008 1.88435 -48.8015
33.7118 2.23735 -45.9265
36.0798 0.417353 -43.4895
39.0288 2.70935 -44.4465
36.6778 5.74735 -43.9905
35.6628 4.54535 -40.4665
39.3778 3.96435 -39.6595
40.3478 7.48535 -40.9315
37.5208 9.02435 -38.8165
38.4758 7.07535 -35.6185
42.2088 7.99235 -36.1855
41.1588 11.6824 -36.5455
39.5078 11.4934 -33.0855
42.6678 9.91235 -31.5165
44.9678 12.4734 -33.2445
42.9688 15.4474 -31.7985
42.9158 14.2514 -28.1005
46.2028 16.0044 -26.9635
45.2658 19.4374 -28.4355
41.5808 19.0824 -27.3955
42.9218 18.5344 -23.8245
45.3938 21.4774 -24.2115
42.4668 23.7284 -25.2945
40.1548 22.5764 -22.4045
42.9598 23.3444 -19.8935
43.6138 26.7944 -21.5185
39.8648 27.5914 -21.0425
39.9918 26.5804 -17.3175
43.3168 28.4454 -16.7275

41.6588 31.5244 -18.4105
39.1788 31.5094 -15.4365
36.0098 30.2124 -17.2275
33.3158 29.2594 -14.6995
31.0628 26.9104 -16.8235

31.2818 25.3154 -20.3045
30.1138 22.2394 -22.2755
32.4838 19.8774 -24.1505
30.8978 17.8104 -26.9545
32.5188 14.6554 -28.4255

31.1368 11.3544 -29.9025
34.0148 8.81035 -29.8475

34.1458 7.12635 -26.3945
38.0088 7.32835 -26.3365
37.7788 11.1854 -26.5785
35.1758 11.3704 -23.7345
37.3368 8.93535 -21.6485
40.6018 10.9174 -22.2025
38.9248 14.2964 -21.3565
37.3718 12.8674 -18.1175
40.7078 11.2344 -17.0875
42.6498 14.5374 -17.5075
39.9638 16.5504 -15.5995
40.1818 13.9594 -12.7345
44.0438 14.1834 -12.8495

43.7558 18.0384 -12.5935
41.0878 17.6064 -9.79255
38.5098 19.5664 -11.8945
34.9058 18.8794 -10.8255

32.9028 17.8884 -13.9365
29.8178 15.9204 -15.1025
29.7398 13.2034 -17.8185
26.7378 12.1024 -19.9625

27.0038 9.38035 -22.6605
25.1708 6.28435 -24.0745
25.7488 4.36735 -20.7655
24.3148 7.11635 -18.4495
20.8018 6.11135 -17.2605
17.6388 8.20735 -17.9165
17.2658 9.31535 -14.2285

21.0238 9.95735 -13.6415
21.0148 12.1824 -16.8085
18.4538 14.5144 -15.1445
20.3028 14.4594 -11.7605
23.7388 15.2474 -13.3685
21.9978 18.0164 -15.3915
20.6638 19.5044 -12.0915
24.1408 19.1214 -10.4385
25.7888 21.1374 -13.3065
22.9408 23.7374 -13.2565
22.8668 24.3014 -9.44555

26.4998 23.6384 -8.31155
29.0838 26.4204 -8.99755
31.8868 23.7924 -8.54755
31.0758 21.7884 -11.7255
33.0448 23.7694 -14.3465

32.9028 21.2454 -17.2595
30.1428 19.0744 -18.7385
31.6048 16.2124 -20.8685
28.7488 15.3024 -23.2415
28.1748 12.7744 -26.0295

26.8628 14.6704 -29.1305
24.4338 11.7604 -29.8395
23.3708 10.9114 -26.2425
22.8838 14.5054 -24.8755
21.1618 16.0344 -28.0085
17.7008 15.5604 -26.3205
15.7028 16.5164 -23.1695
18.4698 18.2824 -21.1745
18.9188 22.0544 -20.4895
22.3718 23.5974 -19.7805
21.5348 27.3324 -19.3345
24.2448 27.6644 -16.5815
27.0288 27.5994 -19.2545
27.9128 30.4044 -21.7515

30.3598 28.3274 -23.8935
30.0508 25.1634 -26.0355
33.2178 23.3964 -27.3205
32.8408 20.7634 -30.0645

36.0008 18.6404 -29.6205
34.7918 16.6204 -32.6515
32.7808 17.4234 -35.7995
29.5878 15.4584 -36.5955
28.5018 14.9044 -40.2625
24.8558 15.8764 -39.5175

24.3158 19.6534 -38.8695
20.8428 19.1054 -37.3065
22.5438 17.2384 -34.3865
25.1628 20.0344 -33.9715
22.3258 22.6624 -33.8175
20.4458 20.4224 -31.2825
23.6238 20.4154 -29.1025
24.0978 24.2664 -29.3345

20.3998 24.7414 -28.3165
21.0738 22.8944 -25.0325
22.6948 26.1744 -23.7675
20.7628 28.6964 -25.9125
17.3788 28.2034 -24.0885
14.8388 30.3774 -22.2055
16.7628 31.3194 -19.0085
20.0708 32.0914 -20.8305
21.2998 35.6914 -20.1165
24.8218 35.6224 -21.7295
25.9248 35.5854 -25.4155

26.5468 31.9044 -26.2385
30.0368 31.0834 -27.5705
30.2988 28.0324 -29.9055
33.8598 26.7804 -30.6465
34.3638 24.0964 -33.3585
37.7838 22.4014 -32.8505
39.3168 21.3854 -36.2535

42.7058 19.8854 -37.2755
44.4068 20.4044 -40.7045
45.5128 17.0394 -42.2285
42.4898 15.0644 -40.8105
38.8178 14.0644 -41.4365

37.8058 17.6484 -40.3575
39.1248 18.9924 -43.7415
36.3448 16.9844 -45.5515
33.6458 17.0614 -42.8175
33.6098 20.8754 -42.3975
32.7988 21.7174 -46.1115
30.2138 18.8304 -46.0615
28.5048 20.2674 -42.9175
28.5178 23.7804 -44.5345
26.8248 22.6974 -47.8165
24.2238 20.7724 -45.7015
23.3818 23.9074 -43.5825
23.0218 25.8994 -46.8545
20.5488 23.2544 -48.2195
18.6268 23.5204 -44.8875
18.6418 27.3844 -45.0515
17.4148 27.4684 -48.7215

14.5418 25.1464 -47.6045
13.7418 27.6884 -44.7595
14.8178 25.0874 -42.1155
17.8378 26.9944 -40.6395
19.0128 30.6094 -40.0675
22.4708 29.1704 -39.3325
24.9448 30.3064 -41.9775
28.3848 28.6344 -41.5045
30.2698 30.4404 -44.3935

31.2758 33.5294 -42.3115
33.3238 31.3404 -39.8685
35.6708 30.0234 -42.6475
36.5218 33.4204 -44.2065

37.7868 34.3794 -40.6765
40.2718 31.4064 -40.2535

End chain 1
