-13.201 -6.296 -53.957
-10.703 -3.406 -53.291
-9.54 -3.087 -49.639
-11.02 0.322 -48.639
-8.614 1.85 -46.053
-10.787 3.126 -43.162

-9.634 6.195 -41.181
-10.061 4.9 -37.589
-10.286 6.838 -34.306
-12.195 7.103 -30.979
-14.163 9.439 -28.711
-12.619 10.223 -25.263
-14.157 12.207 -22.344

-11.943 15.248 -21.466
-14.301 16.978 -18.949
-17.827 16.65 -17.399
-19.139 18.761 -20.353

-16.752 17.96 -23.312
-15.482 14.956 -25.281
-12.62 14.751 -27.824
-12.437 12.939 -31.204
-8.982 11.264 -31.393
-8.672 10.357 -35.1

-6.282 10.744 -38.079
-6.98 13.557 -40.6
-9.895 13.022 -43.051

-11.208 15.853 -45.293
-14.92 14.856 -45.011
-14.611 14.37 -41.226
-13.015 17.857 -40.827
-15.875 19.254 -42.999
-18.403 17.482 -40.669
-16.559 18.759 -37.515
-16.844 22.341 -38.957

-20.697 21.797 -39.029
-20.861 21.033 -35.24
-22.116 23.933 -33.104
-20.016 23.255 -29.939
-16.791 22.621 -31.971

-13.393 23.436 -30.391
-10.011 22.816 -32.063
-6.805 22.812 -29.99

-3.883 23.919 -32.209
-1.328 22.314 -29.773
-2.753 18.736 -29.691
-4.334 19.137 -33.217

-7.578 17.622 -31.79
-11.313 18.386 -31.995
-13.683 18.544 -28.991
-17.466 19.001 -28.65
-20.131 19.402 -25.91

-21.257 16.038 -24.476
-24.923 16.743 -25.497
-23.731 16.722 -29.178
-22.178 13.179 -28.839
-25.228 11.354 -30.322
-25.57 14.044 -33.093
-21.852 13.682 -34.021
-21.815 9.829 -34.037
-25.045 9.774 -36.128
-23.507 12.176 -38.75
-20.093 10.348 -38.803

-21.793 6.948 -39.527
-22.962 8.546 -42.834
-19.328 9.196 -43.991
-17.677 6.563 -46.261
-14.251 5.2 -45.121

-14.46 6.789 -41.562
-14.765 4.819 -38.279
-15.142 6.964 -35.114
-15.663 4.659 -32.101

-18.218 6.249 -29.657
-17.862 6.903 -25.912
-18.35 3.469 -24.195
-21.794 2.549 -22.772
-20.235 2.829 -19.255
-19.534 6.58 -19.812
-22.964 7.196 -21.431
-24.623 5.531 -18.378
-22.42 7.523 -15.909

-23.028 10.919 -17.654
-26.668 10.153 -18.714
-27.851 13.482 -17.123

-25.214 15.594 -18.963
-26 13.8 -22.296
-29.631 15.147 -21.909

-29.014 18.802 -20.797
-28.522 21.656 -23.337
-27.494 23.803 -20.296
-24.374 24.206 -18.108
-26.03 23.63 -14.722
-23.195 22.587 -12.38
-23.731 19.355 -10.334

-27.219 19.392 -8.694
-26.798 20.208 -4.988
-26.578 17.032 -2.906
-29.814 16.999 -0.82
-29.276 16.946 2.956
-30.305 13.551 4.343

-32.727 13.25 7.268
-30.389 11.851 9.975
-33.077 12.019 12.787
-33.159 8.159 12.923
-29.32 8.149 13.454
-27.82 8.306 16.969

-27.52 12.074 17.913
-23.991 11.509 19.371
-22.796 10.469 15.867
-24.731 13.185 13.93
-23.402 16.008 16.22
-19.738 14.82 15.861

-19.687 14.822 11.995
-17.445 17.587 10.586

-19.106 19.692 7.763
-17.231 17.783 4.996
-18.064 14.402 6.666
-21.796 15.407 6.677
-21.562 16.318 2.947
-19.943 12.855 2.346
-22.788 11.075 4.244
-25.363 13.084 2.191
-23.555 12.165 -1.104
-23.43 8.459 -0.115
-27.196 8.491 0.728
-28.024 10.343 -2.565

-25.973 7.645 -4.472
-28.214 5.048 -2.67
-25.512 3.7 -0.27

-23.352 2.353 -3.174
-19.956 4.118 -3.237
-16.209 4.012 -2.721
-15.295 6.541 0.021

-11.694 7.195 -1.128

-11.135 10.189 1.225
-7.504 10.605 2.377

-6.048 8.715 5.398
-7.361 9.956 8.784
-10.233 12.169 7.374
-12.706 9.981 9.408

-13.844 7.354 6.831
-15.012 5.081 9.734
-17.363 7.714 11.316
-18.876 8.506 7.854
-19.282 4.738 7.09
-21.02 4.042 10.461
-23.415 6.996 9.798
-24.247 5.855 6.195
-24.846 2.277 7.463
-26.955 3.52 10.461
-29.227 5.531 8.078

-29.9 2.058 6.507

-30.384 0.293 9.981
-33.886 -0.857 8.77
-32.05 -2.956 6.062
-29.626 -4.868 8.41
-27.981 -7.413 9.17

-24.774 -5.448 8.488
-21.551 -7.137 7.269
-18.235 -5.328 7.997
-15.132 -6.739 6.223
-11.829 -5.357 7.603

-8.05 -6.016 7.986
-7.416 -8.82 10.567
-5.856 -6.305 13.093
-8.689 -3.64 13.199

-11.758 -5.868 14.003
-11.895 -4.753 17.675
-11.154 -1.102 16.63
-14.365 -1.304 14.506
-16.414 -2.897 17.375
-15.268 -0.08 19.729
-16.109 2.476 16.969
-19.722 1.111 16.76
-20.082 1.14 20.611
-18.596 4.7 20.723
-20.823 6.195 17.978

-24.121 4.191 18.24
-24.851 3.95 22.056
-28.388 2.791 20.948
-26.764 -0.701 20.406
-26.03 -3.285 23.117

-22.632 -5.104 22.857
-24.638 -8.32 22.08
-25.78 -6.667 18.791

-22.091 -6.816 17.576
-20.505 -10.124 16.488
-16.681 -10.041 16.081

-15.702 -13.116 14.035
-12.316 -14.303 15.372
-12.201 -17.837 13.813
-13.405 -19.799 10.735
-15.769 -21.82 13.07
-17.788 -18.808 14.317
-21.352 -17.917 13.159
-21.075 -14.973 10.701
-24.816 -14.102 11.273
-24.919 -14.166 15.127
-25.108 -10.332 15.536
-27.08 -7.466 13.995

-23.588 -6.14 13.038
-21.065 -8.833 11.965
-17.336 -7.898 11.803
-15.009 -10.302 9.887
-11.529 -10.295 8.291

-10.658 -10.74 4.577
-8.757 -14.009 5.375
-11.833 -15.546 7.113
-14.3 -14.769 4.222

-12.926 -17.715 2.14
-13.287 -20.073 5.183
-16.843 -18.74 5.845
-18.014 -18.815 2.139
-20.731 -21.415 3.044
-22.243 -18.836 5.512
-21.955 -15.894 2.989
-25.071 -17.433 1.278
-27.188 -15.451 3.825
-28.094 -12.137 2.052
-26.367 -9.235 3.842
-28.236 -6.215 2.36

-25.704 -3.677 3.792
-21.936 -4.298 3.429
-19.007 -2.145 4.602
-15.517 -3.11 3.36

-12.662 -1.237 5.059
-9.341 -0.865 3.151

-11.066 -2.352 0.031
-7.765 -2.207 -1.968
-7.252 -5.742 -0.456
-9.774 -6.866 -3.176

-7.558 -5.436 -6.054
-6.861 -8.909 -7.611
-9.913 -10.983 -8.736
-7.994 -14.348 -8.638
-7.386 -14.116 -4.839

-9.551 -16.269 -2.508
-10.568 -13.122 -0.487
-11.832 -11.409 -3.693
-13.586 -14.593 -5.006
-15.461 -14.905 -1.648
-16.313 -11.137 -1.332
-17.465 -10.353 -4.925
-20.7 -12.523 -5.003
-21.961 -10.786 -1.799
-21.004 -7.272 -3.064
-22.893 -7.826 -6.386
-26.148 -8.927 -4.576

-26.072 -6.644 -1.465
-28.372 -3.542 -1.704

-25.826 -1.116 -0.104
-22.019 -1.347 -0.629
-19.769 1.077 1.29
-16.145 0.543 0.177
-13.427 2.479 2.088

-9.739 3.065 1.181
-6.998 5.712 1.573
-5.29 4.301 -1.537
-8.002 2.778 -3.832
-5.263 1.979 -6.345
-1.844 1.044 -4.877
0.179 1.273 -8.156
-1.96 0.815 -11.364

-5.486 1.412 -12.884
-6.145 -2.396 -13.101
-6.402 -2.518 -9.223
-9.619 -0.37 -9.379
-11.628 -2.846 -11.528
-12.904 -5.026 -8.614
-13.981 -1.892 -6.643
-15.738 -0.406 -9.758
-17.759 -3.638 -10.376
-18.545 -3.926 -6.614
-20.104 -0.383 -6.596

-21.607 -0.654 -10.172
-21.992 -4.37 -11.257
-23.172 -3.251 -14.78
-19.935 -1.29 -15.508
-17.337 -3.236 -17.592
-18.9 -6.785 -17.229
-15.576 -8.217 -18.571

-12.101 -7.019 -17.429
-10.719 -7.022 -21.032
-12.866 -3.967 -22.03
-11.565 -2.031 -18.959
-7.965 -3.199 -19.668
-8.028 -2.162 -23.384
-9.238 1.366 -22.43
-7.403 2.18 -19.142

-4.51 -0.351 -18.764
-2.851 0.132 -22.242
-3.499 -3.577 -22.858

-0.922 -5.224 -25.189
-1.171 -8.572 -27.031
2.109 -10.415 -26.274

3.105 -13.897 -27.702
2.055 -15.464 -24.315

-1.301 -13.571 -23.908
-2.465 -10.088 -22.814
-0.375 -7.663 -20.732

-2.386 -5.192 -18.538
0.545 -3.576 -16.579
0.214 -0.249 -18.472
-2.005 2.838 -18.126
-4.133 4.898 -20.565
-6.888 7.593 -20.643

-6.428 8.31 -16.868
-8.259 11.708 -16.967
-11.359 9.932 -18.424
-11.034 7.218 -15.72
-10.853 9.986 -13.027
-14.061 11.624 -14.396
-15.894 8.229 -14.505
-14.782 7.406 -10.918
-15.841 10.804 -9.431
-19.243 10.854 -11.244
-20.42 7.245 -10.709

-19.4105 7.52976 -6.95598

-18.0026 7.39697 -3.38164
-14.5496 6.05977 -4.17392

-10.9466 7.30177 -3.64092
-9.63963 10.3028 -1.65192
-6.06463 11.1378 -0.677921

-4.53863 12.6218 2.55008
-3.92763 15.8258 0.528079
-7.68263 16.0748 -0.371921
-9.12263 15.7048 3.18808

-6.31163 16.1998 5.81008
-4.35063 19.4348 4.97908
-2.93663 19.1978 8.57908
-0.931631 15.9298 8.16308

2.86737 16.6238 8.14808
4.62037 15.8898 4.82408

6.27637 12.5198 4.08108
9.89237 13.3678 3.10308
11.4294 10.4778 1.10108
15.1084 9.97977 0.154079
17.4704 7.37077 -1.24792
20.5114 6.67577 0.993079
23.3304 5.12177 -1.06192

25.1104 2.92077 1.52908
28.8254 2.73977 0.719079

29.8094 -0.491233 -1.20392
33.4244 -0.020233 0.124079
32.3864 -2.21223 3.14608

31.3454 -5.00123 0.661079
34.4834 -7.18223 0.727079

35.9894 -8.45523 -2.57092
34.6774 -12.0732 -2.02992
31.0554 -10.8752 -1.47892
31.3324 -8.54523 -4.53992
32.7614 -11.3902 -6.69192
29.8234 -13.6072 -5.50692
27.2774 -10.8722 -6.50492
29.0744 -10.4742 -9.89492
28.9874 -14.3002 -10.3259
25.2144 -14.6092 -9.57792
24.5264 -11.5572 -11.8459
26.4814 -13.2332 -14.7329
24.7074 -16.5462 -13.9419
21.2104 -14.9942 -14.5259
22.3014 -13.6632 -17.9969

23.7814 -16.9932 -19.2489
21.9514 -18.0912 -22.4539
22.0924 -21.8712 -21.9189
20.2214 -22.0322 -18.5339
16.6484 -23.2602 -18.0269

13.8524 -20.8732 -16.8729
14.1714 -22.5352 -13.4099
17.9934 -22.0762 -13.1209
17.4424 -18.3742 -14.0919
14.8534 -18.0212 -11.2169
17.2214 -19.8412 -8.77992
20.1704 -17.5492 -9.73692
17.8194 -14.5112 -9.28092
16.8044 -15.7132 -5.75692
20.5194 -16.2942 -4.94992
21.4894 -12.7732 -6.22192
18.6624 -11.2342 -4.10692
19.6174 -13.1832 -0.908921
23.3504 -12.2662 -1.47592
22.3004 -8.57623 -1.83592
20.6494 -8.76523 1.62408
23.8094 -10.3462 3.19308
26.1094 -7.78523 1.46508
24.1104 -4.81123 2.91108
24.0574 -6.00723 6.60908
27.3444 -4.25423 7.74608
26.4074 -0.821233 6.27408
22.7224 -1.17623 7.31408
24.0634 -1.72423 10.8851
26.5354 1.21877 10.4981
23.6084 3.46977 9.41508
21.2964 2.31777 12.3051
24.1014 3.08577 14.8161
24.7554 6.53577 13.1911
21.0064 7.33277 13.6671
21.1334 6.32177 17.3921
24.4584 8.18677 17.9821

22.8004 11.2658 16.2991
20.3204 11.2508 19.2731
17.1514 9.95377 17.4821
14.4574 9.00077 20.0101
12.2044 6.65177 17.8861

12.4234 5.05677 14.4051
11.2554 1.98077 12.4341
13.6254 -0.381233 10.5591
12.0394 -2.44823 7.75508
13.6604 -5.60323 6.28408

12.2784 -8.90423 4.80708
15.1564 -11.4482 4.86208

15.2874 -13.1322 8.31508
19.1504 -12.9302 8.37308
18.9204 -9.07323 8.13108
16.3174 -8.88823 10.9751
18.4784 -11.3232 13.0611
21.7434 -9.34123 12.5071
20.0664 -5.96223 13.3531
18.5134 -7.39123 16.5921
21.8494 -9.02423 17.6221
23.7914 -5.72123 17.2021
21.1054 -3.70823 19.1101
21.3234 -6.29923 21.9751
25.1854 -6.07523 21.8601

24.8974 -2.22023 22.1161
22.2294 -2.65223 24.9171
19.6514 -0.692233 22.8151
16.0474 -1.37923 23.8841

14.0444 -2.37023 20.7731
10.9594 -4.33823 19.6071
10.8814 -7.05523 16.8911
7.87937 -8.15623 14.7471

8.14537 -10.8782 12.0491
6.31237 -13.9742 10.6351
6.89037 -15.8912 13.9441
5.45637 -13.1422 16.2601
1.94337 -14.1472 17.4491
-1.21963 -12.0512 16.7931
-1.59263 -10.9432 20.4811

2.16537 -10.3012 21.0681
2.15637 -8.07623 17.9011
-0.404631 -5.74423 19.5651
1.44437 -5.79923 22.9491
4.88037 -5.01123 21.3411
3.13937 -2.24223 19.3181
1.80537 -0.754233 22.6181
5.28237 -1.13723 24.2711
6.93037 0.878767 21.4031
4.08237 3.47877 21.4531
4.00837 4.04277 25.2641

7.64137 3.37977 26.3981
10.2254 6.16177 25.7121
13.0284 3.53377 26.1621
12.2174 1.52977 22.9841
14.1864 3.51077 20.3631

14.0444 0.986767 17.4501
11.2844 -1.18423 15.9711
12.7464 -4.04623 13.8411
9.89037 -4.95623 11.4681
9.31637 -7.48423 8.68008

8.00437 -5.58823 5.57908
5.57537 -8.49823 4.87008
4.51237 -9.34723 8.46708
4.02537 -5.75323 9.83408
2.30337 -4.22423 6.70108
-1.15763 -4.69823 8.38908
-3.15563 -3.74223 11.5401
-0.388631 -1.97623 13.5351
0.0603695 1.79577 14.2201
3.51337 3.33877 14.9291
2.67637 7.07377 15.3751
5.38637 7.40577 18.1281
8.17037 7.34077 15.4551
9.05437 10.1458 12.9581

11.5014 8.06877 10.8161
11.1924 4.90477 8.67408
14.3594 3.13777 7.38908
13.9824 0.504767 4.64508

17.1424 -1.61823 5.08908
15.9334 -3.63823 2.05808
13.9224 -2.83523 -1.08992
10.7294 -4.80023 -1.88592
9.64337 -5.35423 -5.55292
5.99737 -4.38223 -4.80792

5.45737 -0.605233 -4.15992
1.98437 -1.15323 -2.59692
3.68537 -3.02023 0.323079
6.30437 -0.224233 0.738079
3.46737 2.40377 0.892079
1.58737 0.163767 3.42708
4.76537 0.156767 5.60708
5.23937 4.00777 5.37508

1.54137 4.48277 6.39308
2.21537 2.63577 9.67708
3.83637 5.91577 10.9421
1.90437 8.43777 8.79708
-1.47963 7.94477 10.6211
-4.01963 10.1188 12.5041
-2.09563 11.0608 15.7011
1.21237 11.8328 13.8791
2.44137 15.4328 14.5931
5.96337 15.3638 12.9801
7.06637 15.3268 9.29408

7.68837 11.6458 8.47108
11.1784 10.8248 7.13908
11.4404 7.77377 4.80408
15.0014 6.52177 4.06308
15.5054 3.83777 1.35108
18.9254 2.14277 1.85908
20.4584 1.12677 -1.54392

23.8474 -0.373233 -2.56592
25.5484 0.145767 -5.99492
26.6544 -3.21923 -7.51892
23.6314 -5.19423 -6.10092
19.9594 -6.19423 -6.72692

18.9474 -2.61023 -5.64792
20.2664 -1.26623 -9.03192
17.4864 -3.27423 -10.8419
14.7874 -3.19723 -8.10792
14.7514 0.616767 -7.68792
13.9404 1.45877 -11.4019
11.3554 -1.42823 -11.3519
9.64637 0.00876701 -8.20792
9.65937 3.52177 -9.82492
7.96637 2.43877 -13.1069
5.36537 0.513767 -10.9919
4.52337 3.64877 -8.87292
4.16337 5.64077 -12.1449
1.69037 2.99577 -13.5099
-0.231631 3.26177 -10.1779
-0.216631 7.12577 -10.3419
-1.44363 7.20977 -14.0119

-4.31663 4.88777 -12.8949
-5.11663 7.42977 -10.0499
-4.04063 4.82877 -7.40592
-1.02063 6.73577 -5.92992
0.154369 10.3508 -5.35792
3.61237 8.91177 -4.62292
6.08637 10.0478 -7.26792
9.52637 8.37577 -6.79492
11.4114 10.1818 -9.68392

12.4174 13.2708 -7.60192
14.4654 11.0818 -5.15892
16.8124 9.76477 -7.93792
17.6634 13.1618 -9.49692

18.9284 14.1208 -5.96692
21.4134 11.1478 -5.54392

End chain 1
