-13.201 -6.296 -53.957
-10.703 -3.406 -53.291
-9.54 -3.087 -49.639
-11.02 0.322 -48.639
-8.614 1.85 -46.053
-10.787 3.126 -43.162

-9.634 6.195 -41.181
-10.061 4.9 -37.589
-10.286 6.838 -34.306
-12.195 7.103 -30.979
-14.163 9.439 -28.711
-12.619 10.223 -25.263
-14.157 12.207 -22.344

-11.943 15.248 -21.466
-14.301 16.978 -18.949
-17.827 16.65 -17.399
-19.139 18.761 -20.353

-16.752 17.96 -23.312
-15.482 14.956 -25.281
-12.62 14.751 -27.824
-12.437 12.939 -31.204
-8.982 11.264 -31.393
-8.672 10.357 -35.1

-6.282 10.744 -38.079
-6.98 13.557 -40.6
-9.895 13.022 -43.051

-11.208 15.853 -45.293
-14.92 14.856 -45.011
-14.611 14.37 -41.226
-13.015 17.857 -40.827
-15.875 19.254 -42.999
-18.403 17.482 -40.669
-16.559 18.759 -37.515
-16.844 22.341 -38.957

-20.697 21.797 -39.029
-20.861 21.033 -35.24
-22.116 23.933 -33.104
-20.016 23.255 -29.939
-16.791 22.621 -31.971

-13.393 23.436 -30.391
-10.011 22.816 -32.063
-6.805 22.812 -29.99

-3.883 23.919 -32.209
-1.328 22.314 -29.773
-2.753 18.736 -29.691
-4.334 19.137 -33.217

-7.578 17.622 -31.79
-11.313 18.386 -31.995
-13.683 18.544 -28.991
-17.466 19.001 -28.65
-20.131 19.402 -25.91

-21.257 16.038 -24.476
-24.923 16.743 -25.497
-23.731 16.722 -29.178
-22.178 13.179 -28.839
-25.228 11.354 -30.322
-25.57 14.044 -33.093
-21.852 13.682 -34.021
-21.815 9.829 -34.037
-25.045 9.774 -36.128
-23.507 12.176 -38.75
-20.093 10.348 -38.803

-21.793 6.948 -39.527
-22.962 8.546 -42.834
-19.328 9.196 -43.991
-17.677 6.563 -46.261
-14.251 5.2 -45.121

-14.46 6.789 -41.562
-14.765 4.819 -38.279
-15.142 6.964 -35.114
-15.663 4.659 -32.101

-18.218 6.249 -29.657
-17.862 6.903 -25.912
-18.35 3.469 -24.195
-21.794 2.549 -22.772
-20.235 2.829 -19.255
-19.534 6.58 -19.812
-22.964 7.196 -21.431
-24.623 5.531 -18.378
-22.42 7.523 -15.909

-23.028 10.919 -17.654
-26.668 10.153 -18.714
-27.851 13.482 -17.123

-25.214 15.594 -18.963
-26 13.8 -22.296
-29.631 15.147 -21.909

-29.014 18.802 -20.797
-28.522 21.656 -23.337
-27.494 23.803 -20.296
-24.374 24.206 -18.108
-26.03 23.63 -14.722
-23.195 22.587 -12.38
-23.731 19.355 -10.334

-27.219 19.392 -8.694
-26.798 20.208 -4.988
-26.578 17.032 -2.906
-29.814 16.999 -0.82
-29.276 16.946 2.956
-30.305 13.551 4.343

-32.727 13.25 7.268
-30.389 11.851 9.975
-33.077 12.019 12.787
-33.159 8.159 12.923
-29.32 8.149 13.454
-27.82 8.306 16.969

-27.52 12.074 17.913
-23.991 11.509 19.371
-22.796 10.469 15.867
-24.731 13.185 13.93
-23.402 16.008 16.22
-19.738 14.82 15.861

-19.687 14.822 11.995
-17.445 17.587 10.586

-19.106 19.692 7.763
-17.231 17.783 4.996
-18.064 14.402 6.666
-21.796 15.407 6.677
-21.562 16.318 2.947
-19.943 12.855 2.346
-22.788 11.075 4.244
-25.363 13.084 2.191
-23.555 12.165 -1.104
-23.43 8.459 -0.115
-27.196 8.491 0.728
-28.024 10.343 -2.565

-25.973 7.645 -4.472
-28.214 5.048 -2.67
-25.512 3.7 -0.27

-23.352 2.353 -3.174
-19.956 4.118 -3.237
-16.209 4.012 -2.721
-15.295 6.541 0.021

-11.694 7.195 -1.128

-11.135 10.189 1.225
-7.504 10.605 2.377

-6.048 8.715 5.398
-7.361 9.956 8.784
-10.233 12.169 7.374
-12.706 9.981 9.408

-13.844 7.354 6.831
-15.012 5.081 9.734
-17.363 7.714 11.316
-18.876 8.506 7.854
-19.282 4.738 7.09
-21.02 4.042 10.461
-23.415 6.996 9.798
-24.247 5.855 6.195
-24.846 2.277 7.463
-26.955 3.52 10.461
-29.227 5.531 8.078

-29.9 2.058 6.507

-30.384 0.293 9.981
-33.886 -0.857 8.77
-32.05 -2.956 6.062
-29.626 -4.868 8.41
-27.981 -7.413 9.17

-24.774 -5.448 8.488
-21.551 -7.137 7.269
-18.235 -5.328 7.997
-15.132 -6.739 6.223
-11.829 -5.357 7.603

-8.05 -6.016 7.986
-7.416 -8.82 10.567
-5.856 -6.305 13.093
-8.689 -3.64 13.199

-11.758 -5.868 14.003
-11.895 -4.753 17.675
-11.154 -1.102 16.63
-14.365 -1.304 14.506
-16.414 -2.897 17.375
-15.268 -0.08 19.729
-16.109 2.476 16.969
-19.722 1.111 16.76
-20.082 1.14 20.611
-18.596 4.7 20.723
-20.823 6.195 17.978

-24.121 4.191 18.24
-24.851 3.95 22.056
-28.388 2.791 20.948
-26.764 -0.701 20.406
-26.03 -3.285 23.117

-22.632 -5.104 22.857
-24.638 -8.32 22.08
-25.78 -6.667 18.791

-22.091 -6.816 17.576
-20.505 -10.124 16.488
-16.681 -10.041 16.081

-13.4792 -11.3174 14.3326
-10.2173 -9.38959 15.2054
-6.72437 -7.99387 15.974
-7.69675 -6.85312 19.4457
-8.44567 -9.12222 22.3631
-5.47544 -8.2693 24.4412
-2.44939 -9.85851 26.2881
-0.277612 -8.04898 23.7466
1.80145 -6.68114 20.8502
-0.596172 -3.76005 20.748
-2.59603 -0.602386 21.8061
-5.74057 -2.52784 21.4034

-8.70935 -4.84416 20.6443
-10.256 -5.50938 17.1687
-11.6774 -5.83682 13.6005
-14.7917 -7.13569 11.9973
-17.7903 -8.53222 10.0639

-16.9193 -8.97722 6.34991
-15.0183 -12.2462 7.14791
-18.0943 -13.7832 8.88591
-20.5613 -13.0062 5.99491

-19.1873 -15.9522 3.91291
-19.5483 -18.3102 6.95591
-23.1043 -16.9772 7.61791
-24.2753 -17.0522 3.91191
-26.9923 -19.6522 4.81691
-28.5043 -17.0732 7.28491
-28.2163 -14.1312 4.76191
-31.3323 -15.6702 3.05091
-33.4493 -13.6882 5.59791
-34.3553 -10.3742 3.82491
-32.6283 -7.47222 5.61491
-34.4973 -4.45222 4.13291

-31.9653 -1.91422 5.56491
-28.1973 -2.53522 5.20191
-25.2683 -0.382219 6.37491
-21.7783 -1.34722 5.13291

-18.9233 0.525781 6.83191
-15.6023 0.897781 4.92391

-17.3273 -0.589219 1.80391
-14.0263 -0.444219 -0.195095
-13.5133 -3.97922 1.31691
-16.0353 -5.10322 -1.40309

-13.8193 -3.67322 -4.28109
-13.1223 -7.14622 -5.83809
-16.1743 -9.22022 -6.96309
-14.2553 -12.5852 -6.86509
-13.6473 -12.3532 -3.06609

-15.8123 -14.5062 -0.735095
-16.8293 -11.3592 1.28591
-18.0933 -9.64622 -1.92009
-19.8473 -12.8302 -3.23309
-21.7223 -13.1422 0.124905
-22.5743 -9.37422 0.440905
-23.7263 -8.59022 -3.15209
-26.9613 -10.7602 -3.23009
-28.2223 -9.02322 -0.0260945
-27.2653 -5.50922 -1.29109
-29.1543 -6.06322 -4.61309
-32.4093 -7.16422 -2.80309

-32.3333 -4.88122 0.307905
-34.6333 -1.77922 0.0689055

-32.0873 0.646781 1.66891
-28.2803 0.415781 1.14391
-26.0303 2.83978 3.06291
-22.4063 2.30578 1.94991
-19.6883 4.24178 3.86091

-16.0003 4.82778 2.95391
-13.2593 7.47478 3.34591
-11.5513 6.06378 0.235905
-14.2633 4.54078 -2.05909
-11.5243 3.74178 -4.57209
-8.10529 2.80678 -3.10409
-6.08229 3.03578 -6.38309
-8.22129 2.57778 -9.59109

-11.7473 3.17478 -11.1111
-12.4063 -0.633219 -11.3281
-12.6633 -0.755219 -7.45009
-15.8803 1.39278 -7.60609
-17.8893 -1.08322 -9.75509
-19.1653 -3.26322 -6.84109
-20.2423 -0.129219 -4.87009
-21.9993 1.35678 -7.98509
-24.0203 -1.87522 -8.60309
-24.8063 -2.16322 -4.84109
-26.3653 1.37978 -4.82309

-27.8683 1.10878 -8.39909
-28.2533 -2.60722 -9.48409
-29.4333 -1.48822 -13.0071
-26.1963 0.472781 -13.7351
-23.5983 -1.47322 -15.8191
-25.1613 -5.02222 -15.4561
-21.8373 -6.45422 -16.7981

-18.3623 -5.25622 -15.6561
-16.9803 -5.25922 -19.2591
-19.1273 -2.20422 -20.2571
-17.8263 -0.268219 -17.1861
-14.2263 -1.43622 -17.8951
-14.2893 -0.399219 -21.6111
-15.4993 3.12878 -20.6571
-13.6643 3.94278 -17.3691

-10.7713 1.41178 -16.9911
-9.11229 1.89478 -20.4691
-9.76029 -1.81422 -21.0851

-7.18329 -3.46122 -23.4161
-7.43229 -6.80922 -25.2581
-4.15229 -8.65222 -24.5011

-3.15629 -12.1342 -25.9291
-4.20629 -13.7012 -22.5421

-7.56229 -11.8082 -22.1351
-8.72629 -8.32522 -21.0411
-6.63629 -5.90022 -18.9591

-8.64729 -3.42922 -16.7651
-5.71629 -1.81322 -14.8061
-6.04729 1.51378 -16.6991
-8.26629 4.60078 -16.3531
-10.3943 6.66078 -18.7921
-13.1493 9.35578 -18.8701

-12.6893 10.0728 -15.0951
-14.5203 13.4708 -15.1941
-17.6203 11.6948 -16.6511
-17.2953 8.98078 -13.9471
-17.1143 11.7488 -11.2541
-20.3223 13.3868 -12.6231
-22.1553 9.99178 -12.7321
-21.0433 9.16878 -9.14509
-22.1023 12.5668 -7.65809
-25.5043 12.6168 -9.47109
-26.6813 9.00778 -8.93609

-24.4503 7.00578 -6.47009

-22.3173 9.06378 -4.08609
-22.3753 11.9578 -1.61509

-18.7723 13.1998 -1.08209
-17.4653 16.2008 0.906905
-13.8903 17.0358 1.88091

-12.3643 18.5198 5.10891
-11.7533 21.7238 3.08691
-15.5083 21.9728 2.18691
-16.9483 21.6028 5.74691

-14.1373 22.0978 8.36891
-12.1763 25.3328 7.53791
-10.7623 25.0958 11.1379
-8.75729 21.8278 10.7219

-4.95829 22.5218 10.7069
-3.20529 21.7878 7.38291

-1.54929 18.4178 6.63991
2.06671 19.2658 5.66191
3.60371 16.3758 3.65991
7.28271 15.8778 2.71291
9.64471 13.2688 1.31091
12.6857 12.5738 3.55191
15.5047 11.0198 1.49691

17.2847 8.81878 4.08791
20.9997 8.63778 3.27791

21.9837 5.40678 1.35491
25.5987 5.87778 2.68291
24.5607 3.68578 5.70491

23.5197 0.896781 3.21991
26.6577 -1.28422 3.28591

28.1637 -2.55722 -0.0120945
26.8517 -6.17522 0.528905
23.2297 -4.97722 1.07991
23.5067 -2.64722 -1.98109
24.9357 -5.49222 -4.13309
21.9977 -7.70922 -2.94809
19.4517 -4.97422 -3.94609
21.2487 -4.57622 -7.33609
21.1617 -8.40222 -7.76709
17.3887 -8.71122 -7.01909
16.7007 -5.65922 -9.28709
18.6557 -7.33522 -12.1741
16.8817 -10.6482 -11.3831
13.3847 -9.09622 -11.9671
14.4757 -7.76522 -15.4381

15.9557 -11.0952 -16.6901
14.1257 -12.1932 -19.8951
14.2667 -15.9732 -19.3601
12.3957 -16.1342 -15.9751
8.82271 -17.3622 -15.4681

6.02671 -14.9752 -14.3141
6.34571 -16.6372 -10.8511
10.1677 -16.1782 -10.5621
9.61671 -12.4762 -11.5331
7.02771 -12.1232 -8.65809
9.39571 -13.9432 -6.22109
12.3447 -11.6512 -7.17809
9.99371 -8.61322 -6.72209
8.97871 -9.81522 -3.19809
12.6937 -10.3962 -2.39109
13.6637 -6.87522 -3.66309
10.8367 -5.33622 -1.54809
11.7917 -7.28522 1.64991
15.5247 -6.36822 1.08291
14.4747 -2.67822 0.722905
12.8237 -2.86722 4.18291
15.9837 -4.44822 5.75191
18.2837 -1.88722 4.02391
16.2847 1.08678 5.46991
16.2317 -0.109219 9.16791
19.5187 1.64378 10.3049
18.5817 5.07678 8.83291
14.8967 4.72178 9.87291
16.2377 4.17378 13.4439
18.7097 7.11678 13.0569
15.7827 9.36778 11.9739
13.4707 8.21578 14.8639
16.2757 8.98378 17.3749
16.9297 12.4338 15.7499
13.1807 13.2308 16.2259
13.3077 12.2198 19.9509
16.6327 14.0848 20.5409

14.9747 17.1638 18.8579
12.4947 17.1488 21.8319
9.32571 15.8518 20.0409
6.63171 14.8988 22.5689
4.37871 12.5498 20.4449

4.59771 10.9548 16.9639
3.42971 7.87878 14.9929
5.79971 5.51678 13.1179
4.21371 3.44978 10.3139
5.83471 0.294781 8.84291

4.45271 -3.00622 7.36591
7.33071 -5.55022 7.42091

7.46171 -7.23422 10.8739
11.3247 -7.03222 10.9319
11.0947 -3.17522 10.6899
8.49171 -2.99022 13.5339
10.6527 -5.42522 15.6199
13.9177 -3.44322 15.0659
12.2407 -0.0642193 15.9119
10.6877 -1.49322 19.1509
14.0237 -3.12622 20.1809
15.9657 0.176781 19.7609
13.2797 2.18978 21.6689
13.4977 -0.401219 24.5339
17.3597 -0.177219 24.4189

17.0717 3.67778 24.6749
14.4037 3.24578 27.4759
11.8257 5.20578 25.3739
8.22171 4.51878 26.4429

6.21871 3.52778 23.3319
3.13371 1.55978 22.1659
3.05571 -1.15722 19.4499
0.0537094 -2.25822 17.3059

0.319709 -4.98022 14.6079
-1.51329 -8.07622 13.1939
-0.935291 -9.99322 16.5029
-2.36929 -7.24422 18.8189
-5.88229 -8.24922 20.0079
-9.04529 -6.15322 19.3519
-9.41829 -5.04522 23.0399

-5.66029 -4.40322 23.6269
-5.66929 -2.17822 20.4599
-8.23029 0.153781 22.1239
-6.38129 0.0987807 25.5079
-2.94529 0.886781 23.8999
-4.68629 3.65578 21.8769
-6.02029 5.14378 25.1769
-2.54329 4.76078 26.8299
-0.895291 6.77678 23.9619
-3.74329 9.37678 24.0119
-3.81729 9.94078 27.8229

-0.184291 9.27778 28.9569
2.39971 12.0598 28.2709
5.20271 9.43178 28.7209
4.39171 7.42778 25.5429
6.36071 9.40878 22.9219

6.21871 6.88478 20.0089
3.45871 4.71378 18.5299
4.92071 1.85178 16.3999
2.06471 0.941781 14.0269
1.49071 -1.58622 11.2389

0.178709 0.309781 8.13791
-2.25029 -2.60022 7.42891
-3.31329 -3.44922 11.0259
-3.80029 0.144781 12.3929
-5.52229 1.67378 9.25991
-8.98329 1.19978 10.9479
-10.9813 2.15578 14.0989
-8.21429 3.92178 16.0939
-7.76529 7.69378 16.7789
-4.31229 9.23678 17.4879
-5.14929 12.9718 17.9339
-2.43929 13.3038 20.6869
0.344709 13.2388 18.0139
1.22871 16.0438 15.5169

3.67571 13.9668 13.3749
3.36671 10.8028 11.2329
6.53371 9.03578 9.94791
6.15671 6.40278 7.20391

9.31671 4.27978 7.64791
8.10771 2.25978 4.61691
6.09671 3.06278 1.46891
2.90371 1.09778 0.672905
1.81771 0.543781 -2.99409
-1.82829 1.51578 -2.24909

-2.36829 5.29278 -1.60109
-5.84129 4.74478 -0.0380945
-4.14029 2.87778 2.88191
-1.52129 5.67378 3.29691
-4.35829 8.30178 3.45091
-6.23829 6.06178 5.98591
-3.06029 6.05478 8.16591
-2.58629 9.90578 7.93391

-6.28429 10.3808 8.95191
-5.61029 8.53378 12.2359
-3.98929 11.8138 13.5009
-5.92129 14.3358 11.3559
-9.30529 13.8428 13.1799
-11.8453 16.0168 15.0629
-9.92129 16.9588 18.2599
-6.61329 17.7308 16.4379
-5.38429 21.3308 17.1519
-1.86229 21.2618 15.5389
-0.759291 21.2248 11.8529

-0.137291 17.5438 11.0299
3.35271 16.7228 9.69791
3.61471 13.6718 7.36291
7.17571 12.4198 6.62191
7.67971 9.73578 3.90991
11.0997 8.04078 4.41791
12.6327 7.02478 1.01491

16.0217 5.52478 -0.00709452
17.7227 6.04378 -3.43609
18.8287 2.67878 -4.96009
15.8057 0.703781 -3.54209
12.1337 -0.296219 -4.16809

11.1217 3.28778 -3.08909
12.4407 4.63178 -6.47309
9.66071 2.62378 -8.28309
6.96171 2.70078 -5.54909
6.92571 6.51478 -5.12909
6.11471 7.35678 -8.84309
3.52971 4.46978 -8.79309
1.82071 5.90678 -5.64909
1.83371 9.41978 -7.26609
0.140709 8.33678 -10.5481
-2.46029 6.41178 -8.43309
-3.30229 9.54678 -6.31409
-3.66229 11.5388 -9.58609
-6.13529 8.89378 -10.9511
-8.05729 9.15978 -7.61909
-8.04229 13.0238 -7.78309
-9.26929 13.1078 -11.4531

-12.1423 10.7858 -10.3361
-12.9423 13.3278 -7.49109
-11.8663 10.7268 -4.84709
-8.84629 12.6338 -3.37109
-7.67129 16.2488 -2.79909
-4.21329 14.8098 -2.06409
-1.73929 15.9458 -4.70909
1.70071 14.2738 -4.23609
3.58571 16.0798 -7.12509

4.59171 19.1688 -5.04309
6.63971 16.9798 -2.60009
8.98671 15.6628 -5.37909
9.83771 19.0598 -6.93809

11.1027 20.0188 -3.40809
13.5877 17.0458 -2.98509

End chain 1
