-13.201 -6.296 -53.957
-10.703 -3.406 -53.291
-9.54 -3.087 -49.639
-11.02 0.322 -48.639
-8.614 1.85 -46.053
-10.787 3.126 -43.162

-9.634 6.195 -41.181
-10.061 4.9 -37.589
-10.286 6.838 -34.306
-12.195 7.103 -30.979
-14.163 9.439 -28.711
-12.619 10.223 -25.263
-14.157 12.207 -22.344

-11.943 15.248 -21.466
-14.301 16.978 -18.949
-17.827 16.65 -17.399
-19.139 18.761 -20.353

-16.752 17.96 -23.312
-15.482 14.956 -25.281
-12.62 14.751 -27.824
-12.437 12.939 -31.204
-8.982 11.264 -31.393
-8.672 10.357 -35.1

-6.282 10.744 -38.079
-6.98 13.557 -40.6
-9.895 13.022 -43.051

-11.208 15.853 -45.293
-14.92 14.856 -45.011
-14.611 14.37 -41.226
-13.015 17.857 -40.827
-15.875 19.254 -42.999
-18.403 17.482 -40.669
-16.559 18.759 -37.515
-16.844 22.341 -38.957

-20.5117 21.9546 -39.3908
-22.2481 22.6722 -36.1504
-21.3733 20.6202 -33.16
-21.785 20.7554 -29.3012
-18.694 22.3922 -28.0378

-17.6525 24.1391 -24.8565
-17.0647 27.6879 -23.4998
-16.6649 31.5294 -23.6145

-13.7429 32.6364 -25.8335
-11.1879 31.0314 -23.3975
-12.6129 27.4534 -23.3155
-14.1939 27.8544 -26.8415

-17.4379 26.3394 -25.4145
-21.1729 27.1034 -25.6195
-23.5429 27.2614 -22.6155
-27.3259 27.7184 -22.2745
-29.9909 28.1194 -19.5345

-31.1169 24.7554 -18.1005
-34.7829 25.4604 -19.1215
-33.5909 25.4394 -22.8025
-32.0379 21.8964 -22.4635
-35.0879 20.0714 -23.9465
-35.4299 22.7614 -26.7175
-31.7119 22.3994 -27.6455
-31.6749 18.5464 -27.6615
-34.9049 18.4914 -29.7525
-33.3669 20.8934 -32.3745
-29.9529 19.0654 -32.4275

-31.6529 15.6654 -33.1515
-32.8219 17.2634 -36.4585
-29.1879 17.9134 -37.6155
-27.5369 15.2804 -39.8855
-24.1109 13.9174 -38.7455

-24.3199 15.5064 -35.1865
-24.6249 13.5364 -31.9035
-25.0019 15.6814 -28.7385
-25.5229 13.3764 -25.7255

-28.0779 14.9664 -23.2815
-27.7219 15.6204 -19.5365
-28.2099 12.1864 -17.8195
-31.6539 11.2664 -16.3965
-30.0949 11.5464 -12.8795
-29.3939 15.2974 -13.4365
-32.8239 15.9134 -15.0555
-34.4829 14.2484 -12.0025
-32.2799 16.2404 -9.53347

-32.8879 19.6364 -11.2785
-36.5279 18.8704 -12.3385
-37.7109 22.1994 -10.7475

-35.0739 24.3114 -12.5875
-35.8599 22.5174 -15.9205
-39.4909 23.8644 -15.5335

-38.8739 27.5194 -14.4215
-38.3819 30.3734 -16.9615
-37.3539 32.5204 -13.9205
-34.2339 32.9234 -11.7325
-35.8899 32.3474 -8.34647
-33.0549 31.3044 -6.00447
-33.5909 28.0724 -3.95847

-37.0789 28.1094 -2.31847
-36.6579 28.9254 1.38753
-36.4379 25.7494 3.46953
-39.6739 25.7164 5.55553
-39.1359 25.6634 9.33153
-40.1649 22.2684 10.7185

-42.5869 21.9674 13.6435
-40.2489 20.5684 16.3505
-42.9369 20.7364 19.1625
-43.0189 16.8764 19.2985
-39.1799 16.8664 19.8295
-37.6799 17.0234 23.3445

-37.3799 20.7914 24.2885
-33.8509 20.2264 25.7465
-32.6559 19.1864 22.2425
-34.5909 21.9024 20.3055
-33.2619 24.7254 22.5955
-29.5979 23.5374 22.2365

-29.5469 23.5394 18.3705
-27.3049 26.3044 16.9615

-28.9659 28.4094 14.1385
-27.0909 26.5004 11.3715
-27.9239 23.1194 13.0415
-31.6559 24.1244 13.0525
-31.4219 25.0354 9.32253
-29.8029 21.5724 8.72153
-32.6479 19.7924 10.6195
-35.2229 21.8014 8.56653
-33.4149 20.8824 5.27153
-33.2899 17.1764 6.26053
-37.0559 17.2084 7.10353
-37.8839 19.0604 3.81053

-35.8329 16.3624 1.90353
-38.0739 13.7654 3.70553
-35.3719 12.4174 6.10553

-33.2119 11.0704 3.20153
-29.8159 12.8354 3.13853
-26.0689 12.7294 3.65453
-25.1549 15.2584 6.39653

-21.5539 15.9124 5.24753

-20.9949 18.9064 7.60053
-17.3639 19.3224 8.75253

-15.9079 17.4324 11.7735
-17.2209 18.6734 15.1595
-20.0929 20.8864 13.7495
-22.5659 18.6984 15.7835

-23.7039 16.0714 13.2065
-24.8719 13.7984 16.1095
-27.2229 16.4314 17.6915
-28.7359 17.2234 14.2295
-29.1419 13.4554 13.4655
-30.8799 12.7594 16.8365
-33.2749 15.7134 16.1735
-34.1069 14.5724 12.5705
-34.7059 10.9944 13.8385
-36.8149 12.2374 16.8365
-39.0869 14.2484 14.4535

-39.7599 10.7754 12.8825

-40.2439 9.01044 16.3565
-43.7459 7.86044 15.1455
-41.9099 5.76144 12.4375
-39.4859 3.84944 14.7855
-37.8409 1.30444 15.5455

-34.6339 3.26944 14.8635
-31.4109 1.58044 13.6445
-28.0949 3.38944 14.3725
-24.9919 1.97844 12.5985
-21.6889 3.36044 13.9785

-17.9099 2.70144 14.3615
-17.2759 -0.102564 16.9425
-15.7159 2.41244 19.4685
-18.5489 5.07744 19.5745

-21.6179 2.84944 20.3785
-21.7549 3.96444 24.0505
-21.0139 7.61544 23.0055
-24.2249 7.41344 20.8815
-26.2739 5.82044 23.7505
-25.1279 8.63744 26.1045
-25.9689 11.1934 23.3445
-29.5819 9.82844 23.1355
-29.9419 9.85744 26.9865
-28.4559 13.4174 27.0985
-30.6829 14.9124 24.3535

-33.9809 12.9084 24.6155
-34.7109 12.6674 28.4315
-38.2479 11.5084 27.3235
-36.6239 8.01644 26.7815
-35.8899 5.43244 29.4925

-32.4919 3.61344 29.2325
-34.4979 0.397436 28.4555
-35.6399 2.05044 25.1665

-31.9509 1.90144 23.9515
-30.3649 -1.40656 22.8635
-26.5409 -1.32356 22.4565

-25.5619 -4.39856 20.4105
-22.1759 -5.58556 21.7475
-22.0609 -9.11956 20.1885
-23.2649 -11.0816 17.1105
-25.6289 -13.1026 19.4455
-27.6479 -10.0906 20.6925
-31.2119 -9.19956 19.5345
-30.9349 -6.25556 17.0765
-34.6759 -5.38456 17.6485
-34.7789 -5.44856 21.5025
-34.9679 -1.61456 21.9115
-36.9399 1.25144 20.3705

-33.4479 2.57744 19.4135
-30.9249 -0.115564 18.3405
-27.1959 0.819436 18.1785
-24.8689 -1.58456 16.2625
-21.3889 -1.57756 14.6665

-20.5179 -2.02256 10.9525
-18.6169 -5.29156 11.7505
-21.6929 -6.82856 13.4885
-24.1599 -6.05156 10.5975

-22.7859 -8.99756 8.51553
-23.1469 -11.3556 11.5585
-26.7029 -10.0226 12.2205
-27.8739 -10.0976 8.51453
-30.5909 -12.6976 9.41953
-32.1029 -10.1186 11.8875
-31.8149 -7.17656 9.36453
-34.9309 -8.71556 7.65353
-37.0479 -6.73356 10.2005
-37.9539 -3.41956 8.42753
-36.2269 -0.517564 10.2175
-38.0959 2.50244 8.73553

-35.5639 5.04044 10.1675
-31.7959 4.41944 9.80453
-28.8669 6.57244 10.9775
-25.3769 5.60744 9.73553

-22.5219 7.48044 11.4345
-19.2009 7.85244 9.52653

-20.9259 6.36544 6.40653
-17.6249 6.51044 4.40753
-17.1119 2.97544 5.91953
-19.6339 1.85144 3.19953

-17.4179 3.28144 0.321534
-16.7209 -0.191564 -1.23547
-19.7729 -2.26556 -2.36047
-17.8539 -5.63056 -2.26247
-17.2459 -5.39856 1.53653

-19.4109 -7.55156 3.86753
-20.4279 -4.40456 5.88853
-21.6919 -2.69156 2.68253
-23.4459 -5.87556 1.36953
-25.3209 -6.18756 4.72753
-26.1729 -2.41956 5.04353
-27.3249 -1.63556 1.45053
-30.5599 -3.80556 1.37253
-31.8209 -2.06856 4.57653
-30.8639 1.44544 3.31153
-32.7529 0.891436 -0.0104656
-36.0079 -0.209564 1.79953

-35.9319 2.07344 4.91053
-38.2319 5.17544 4.67153

-35.6859 7.60144 6.27153
-31.8789 7.37044 5.74653
-29.6289 9.79444 7.66553
-26.0049 9.26044 6.55253
-23.2869 11.1964 8.46353

-19.5989 11.7824 7.55653
-16.8579 14.4294 7.94853
-15.1499 13.0184 4.83853
-17.8619 11.4954 2.54353
-15.1229 10.6964 0.0305344
-11.7039 9.76144 1.49853
-9.68093 9.99044 -1.78047
-11.8199 9.53244 -4.98847

-15.3459 10.1294 -6.50847
-16.0049 6.32144 -6.72547
-16.2619 6.19944 -2.84747
-19.4789 8.34744 -3.00347
-21.4879 5.87144 -5.15247
-22.7639 3.69144 -2.23847
-23.8409 6.82544 -0.267466
-25.5979 8.31144 -3.38247
-27.6189 5.07944 -4.00047
-28.4049 4.79144 -0.238466
-29.9639 8.33444 -0.220466

-31.4669 8.06344 -3.79647
-31.8519 4.34744 -4.88147
-33.0319 5.46644 -8.40447
-29.7949 7.42744 -9.13247
-27.1969 5.48144 -11.2165
-28.7599 1.93244 -10.8535
-25.4359 0.500436 -12.1955

-21.9609 1.69844 -11.0535
-20.5789 1.69544 -14.6565
-22.7259 4.75044 -15.6545
-21.4249 6.68644 -12.5835
-17.8249 5.51844 -13.2925
-17.8879 6.55544 -17.0085
-19.0979 10.0834 -16.0545
-17.2629 10.8974 -12.7665

-14.3699 8.36644 -12.3885
-12.7109 8.84944 -15.8665
-13.3589 5.14044 -16.4825

-10.7819 3.49344 -18.8135
-11.0309 0.145436 -20.6555
-7.75093 -1.69756 -19.8985

-6.75493 -5.17956 -21.3265
-7.80493 -6.74656 -17.9395

-11.1609 -4.85356 -17.5325
-12.3249 -1.37056 -16.4385
-10.2349 1.05444 -14.3565

-12.2459 3.52544 -12.1625
-9.31493 5.14144 -10.2035
-9.64593 8.46844 -12.0965
-11.8649 11.5554 -11.7505
-13.9929 13.6154 -14.1895
-16.7479 16.3104 -14.2675

-16.2879 17.0274 -10.4925
-18.1189 20.4254 -10.5915
-21.2189 18.6494 -12.0485
-20.8939 15.9354 -9.34447
-20.7129 18.7034 -6.65147
-23.9209 20.3414 -8.02047
-25.7539 16.9464 -8.12947
-24.6419 16.1234 -4.54247
-25.7009 19.5214 -3.05547
-29.1029 19.5714 -4.86847
-30.2799 15.9624 -4.33347

-28.0489 13.9604 -1.86747

-25.9159 16.0184 0.516534
-25.9739 18.9124 2.98753

-22.3709 20.1544 3.52053
-21.0639 23.1554 5.50953
-17.4889 23.9904 6.48353

-15.9629 25.4744 9.71153
-15.3519 28.6784 7.68953
-19.1069 28.9274 6.78953
-20.5469 28.5574 10.3495

-17.7359 29.0524 12.9715
-15.7749 32.2874 12.1405
-14.3609 32.0504 15.7405
-12.3559 28.7824 15.3245

-8.55693 29.4764 15.3095
-6.80393 28.7424 11.9855

-5.14793 25.3724 11.2425
-1.53193 26.2204 10.2645
0.00506846 23.3304 8.26253
3.68407 22.8324 7.31553
6.04607 20.2234 5.91353
9.08707 19.5284 8.15453
11.9061 17.9744 6.09953

13.6861 15.7734 8.69053
17.4011 15.5924 7.88053

18.3851 12.3614 5.95753
22.0001 12.8324 7.28553
20.9621 10.6404 10.3075

19.9211 7.85144 7.82253
23.0591 5.67044 7.88853

24.5651 4.39744 4.59053
23.2531 0.779436 5.13153
19.6311 1.97744 5.68253
19.9081 4.30744 2.62153
21.3371 1.46244 0.469534
18.3991 -0.754564 1.65453
15.8531 1.98044 0.656534
17.6501 2.37844 -2.73347
17.5631 -1.44756 -3.16447
13.7901 -1.75656 -2.41647
13.1021 1.29544 -4.68447
15.0571 -0.380564 -7.57147
13.2831 -3.69356 -6.78047
9.78607 -2.14156 -7.36447
10.8771 -0.810564 -10.8355

12.3571 -4.14056 -12.0875
10.5271 -5.23856 -15.2925
10.6681 -9.01856 -14.7575
8.79707 -9.17956 -11.3725
5.22407 -10.4076 -10.8655

2.42807 -8.02056 -9.71147
2.74707 -9.68256 -6.24847
6.56907 -9.22356 -5.95947
6.01807 -5.52156 -6.93047
3.42907 -5.16856 -4.05547
5.79707 -6.98856 -1.61847
8.74607 -4.69656 -2.57547
6.39507 -1.65856 -2.11947
5.38007 -2.86056 1.40453
9.09507 -3.44156 2.21153
10.0651 0.0794364 0.939534
7.23807 1.61844 3.05453
8.19307 -0.330564 6.25253
11.9261 0.586436 5.68553
10.8761 4.27644 5.32553
9.22507 4.08744 8.78553
12.3851 2.50644 10.3545
14.6851 5.06744 8.62653
12.6861 8.04144 10.0725
12.6331 6.84544 13.7705
15.9201 8.59844 14.9075
14.9831 12.0314 13.4355
11.2981 11.6764 14.4755
12.6391 11.1284 18.0465
15.1111 14.0714 17.6595
12.1841 16.3224 16.5765
9.87207 15.1704 19.4665
12.6771 15.9384 21.9775
13.3311 19.3884 20.3525
9.58207 20.1854 20.8285
9.70907 19.1744 24.5535
13.0341 21.0394 25.1435

11.3761 24.1184 23.4605
8.89607 24.1034 26.4345
5.72707 22.8064 24.6435
3.03307 21.8534 27.1715
0.780068 19.5044 25.0475

0.999068 17.9094 21.5665
-0.168932 14.8334 19.5955
2.20107 12.4714 17.7205
0.615068 10.4044 14.9165
2.23607 7.24944 13.4455

0.854068 3.94844 11.9685
3.73207 1.40444 12.0235

3.86307 -0.279564 15.4765
7.72607 -0.0775636 15.5345
7.49607 3.77944 15.2925
4.89307 3.96444 18.1365
7.05407 1.52944 20.2225
10.3191 3.51144 19.6685
8.64207 6.89044 20.5145
7.08907 5.46144 23.7535
10.4251 3.82844 24.7835
12.3671 7.13144 24.3635
9.68107 9.14444 26.2715
9.89907 6.55344 29.1365
13.7611 6.77744 29.0215

13.4731 10.6324 29.2775
10.8051 10.2004 32.0785
8.22707 12.1604 29.9765
4.62307 11.4734 31.0455

2.62007 10.4824 27.9345
-0.464932 8.51444 26.7685
-0.542932 5.79744 24.0525
-3.54493 4.69644 21.9085

-3.27893 1.97444 19.2105
-5.11193 -1.12156 17.7965
-4.53393 -3.03856 21.1055
-5.96793 -0.289564 23.4215
-9.48093 -1.29456 24.6105
-12.6439 0.801436 23.9545
-13.0169 1.90944 27.6425

-9.25893 2.55144 28.2295
-9.26793 4.77644 25.0625
-11.8289 7.10844 26.7265
-9.97993 7.05344 30.1105
-6.54393 7.84144 28.5025
-8.28493 10.6104 26.4795
-9.61893 12.0984 29.7795
-6.14193 11.7154 31.4325
-4.49393 13.7314 28.5645
-7.34193 16.3314 28.6145
-7.41593 16.8954 32.4255

-3.78293 16.2324 33.5595
-1.19893 19.0144 32.8735
1.60407 16.3864 33.3235
0.793068 14.3824 30.1455
2.76207 16.3634 27.5245

2.62007 13.8394 24.6115
-0.139932 11.6684 23.1325
1.32207 8.80644 21.0025
-1.53393 7.89644 18.6295
-2.10793 5.36844 15.8415

-3.41993 7.26444 12.7405
-5.84893 4.35444 12.0315
-6.91193 3.50544 15.6285
-7.39893 7.09944 16.9955
-9.12093 8.62844 13.8625
-12.5819 8.15444 15.5505
-14.5799 9.11044 18.7015
-11.8129 10.8764 20.6965
-11.3639 14.6484 21.3815
-7.91093 16.1914 22.0905
-8.74793 19.9264 22.5365
-6.03793 20.2584 25.2895
-3.25393 20.1934 22.6165
-2.36993 22.9984 20.1195

0.0770685 20.9214 17.9775
-0.231932 17.7574 15.8355
2.93507 15.9904 14.5505
2.55807 13.3574 11.8065

5.71807 11.2344 12.2505
4.50907 9.21444 9.21953
2.49807 10.0174 6.07153
-0.694932 8.05244 5.27553
-1.78093 7.49844 1.60853
-5.42693 8.47044 2.35353

-5.96693 12.2474 3.00153
-9.43993 11.6994 4.56453
-7.73893 9.83244 7.48453
-5.11993 12.6284 7.89953
-7.95693 15.2564 8.05353
-9.83693 13.0164 10.5885
-6.65893 13.0094 12.7685
-6.18493 16.8604 12.5365

-9.88293 17.3354 13.5545
-9.20893 15.4884 16.8385
-7.58793 18.7684 18.1035
-9.51993 21.2904 15.9585
-12.9039 20.7974 17.7825
-15.4439 22.9714 19.6655
-13.5199 23.9134 22.8625
-10.2119 24.6854 21.0405
-8.98293 28.2854 21.7545
-5.46093 28.2164 20.1415
-4.35793 28.1794 16.4555

-3.73593 24.4984 15.6325
-0.245932 23.6774 14.3005
0.0160685 20.6264 11.9655
3.57707 19.3744 11.2245
4.08107 16.6904 8.51253
7.50107 14.9954 9.02053
9.03407 13.9794 5.61753

12.4231 12.4794 4.59553
14.1241 12.9984 1.16653
15.2301 9.63344 -0.357466
12.2071 7.65844 1.06053
8.53507 6.65844 0.434534

7.52307 10.2424 1.51353
8.84207 11.5864 -1.87047
6.06207 9.57844 -3.68047
3.36307 9.65544 -0.946466
3.32707 13.4694 -0.526466
2.51607 14.3114 -4.24047
-0.0689315 11.4244 -4.19047
-1.77793 12.8614 -1.04647
-1.76493 16.3744 -2.66347
-3.45793 15.2914 -5.94547
-6.05893 13.3664 -3.83047
-6.90093 16.5014 -1.71147
-7.26093 18.4934 -4.98347
-9.73393 15.8484 -6.34847
-11.6559 16.1144 -3.01647
-11.6409 19.9784 -3.18047
-12.8679 20.0624 -6.85047

-15.7409 17.7404 -5.73347
-16.5409 20.2824 -2.88847
-15.4649 17.6814 -0.244466
-12.4449 19.5884 1.23153
-11.2699 23.2034 1.80353
-7.81193 21.7644 2.53853
-5.33793 22.9004 -0.106466
-1.89793 21.2284 0.366534
-0.0129315 23.0344 -2.52247

0.993068 26.1234 -0.440466
3.04107 23.9344 2.00253
5.38807 22.6174 -0.776466
6.23907 26.0144 -2.33547

7.50407 26.9734 1.19453
9.98907 24.0004 1.61753

End chain 1
