-13.201 -6.296 -53.957
-10.703 -3.406 -53.291
-9.54 -3.087 -49.639
-11.02 0.322 -48.639
-8.614 1.85 -46.053
-10.787 3.126 -43.162

-9.634 6.195 -41.181
-10.061 4.9 -37.589
-10.286 6.838 -34.306
-12.195 7.103 -30.979
-14.163 9.439 -28.711
-12.619 10.223 -25.263
-14.157 12.207 -22.344

-11.943 15.248 -21.466
-14.301 16.978 -18.949
-17.827 16.65 -17.399
-19.139 18.761 -20.353

-16.752 17.96 -23.312
-15.482 14.956 -25.281
-12.62 14.751 -27.824
-12.437 12.939 -31.204
-8.982 11.264 -31.393
-8.672 10.357 -35.1

-6.282 10.744 -38.079
-6.98 13.557 -40.6
-9.895 13.022 -43.051

-11.208 15.853 -45.293
-14.92 14.856 -45.011
-14.611 14.37 -41.226
-13.015 17.857 -40.827
-15.875 19.254 -42.999
-18.403 17.482 -40.669
-16.559 18.759 -37.515
-16.844 22.341 -38.957

-20.697 21.797 -39.029
-20.861 21.033 -35.24
-22.116 23.933 -33.104
-20.016 23.255 -29.939
-16.791 22.621 -31.971

-13.393 23.436 -30.391
-10.011 22.816 -32.063
-6.805 22.812 -29.99

-3.883 23.919 -32.209
-1.328 22.314 -29.773
-2.753 18.736 -29.691
-4.334 19.137 -33.217

-7.578 17.622 -31.79
-11.313 18.386 -31.995
-13.683 18.544 -28.991
-17.466 19.001 -28.65
-20.131 19.402 -25.91

-21.257 16.038 -24.476
-24.923 16.743 -25.497
-23.731 16.722 -29.178
-22.178 13.179 -28.839
-25.228 11.354 -30.322
-25.57 14.044 -33.093
-21.852 13.682 -34.021
-21.815 9.829 -34.037
-25.045 9.774 -36.128
-23.507 12.176 -38.75
-20.093 10.348 -38.803

-21.793 6.948 -39.527
-22.962 8.546 -42.834
-19.328 9.196 -43.991
-17.677 6.563 -46.261
-14.251 5.2 -45.121

-14.46 6.789 -41.562
-14.765 4.819 -38.279
-15.142 6.964 -35.114
-15.663 4.659 -32.101

-18.218 6.249 -29.657
-17.862 6.903 -25.912
-18.35 3.469 -24.195
-21.794 2.549 -22.772
-20.235 2.829 -19.255
-19.534 6.58 -19.812
-22.964 7.196 -21.431
-24.623 5.531 -18.378
-22.42 7.523 -15.909

-23.028 10.919 -17.654
-26.668 10.153 -18.714
-27.851 13.482 -17.123

-25.214 15.594 -18.963
-26 13.8 -22.296
-29.631 15.147 -21.909

-29.014 18.802 -20.797
-28.522 21.656 -23.337
-27.494 23.803 -20.296
-24.374 24.206 -18.108
-26.03 23.63 -14.722
-23.195 22.587 -12.38
-23.731 19.355 -10.334

-27.219 19.392 -8.694
-26.798 20.208 -4.988
-26.578 17.032 -2.906
-29.814 16.999 -0.82
-29.276 16.946 2.956
-30.305 13.551 4.343

-32.727 13.25 7.268
-30.389 11.851 9.975
-33.077 12.019 12.787
-33.159 8.159 12.923
-29.32 8.149 13.454
-27.82 8.306 16.969

-27.52 12.074 17.913
-23.991 11.509 19.371
-22.796 10.469 15.867
-24.731 13.185 13.93
-23.402 16.008 16.22
-19.738 14.82 15.861

-19.687 14.822 11.995
-17.445 17.587 10.586

-19.106 19.692 7.763
-17.231 17.783 4.996
-18.064 14.402 6.666
-21.796 15.407 6.677
-21.562 16.318 2.947
-19.943 12.855 2.346
-22.788 11.075 4.244
-25.363 13.084 2.191
-23.555 12.165 -1.104
-23.43 8.459 -0.115
-27.196 8.491 0.728
-28.024 10.343 -2.565

-25.973 7.645 -4.472
-28.214 5.048 -2.67
-25.512 3.7 -0.27

-23.352 2.353 -3.174
-19.956 4.118 -3.237
-16.209 4.012 -2.721
-15.295 6.541 0.021

-11.694 7.195 -1.128

-11.135 10.189 1.225
-7.504 10.605 2.377

-6.048 8.715 5.398
-7.361 9.956 8.784
-10.233 12.169 7.374
-12.706 9.981 9.408

-13.844 7.354 6.831
-15.012 5.081 9.734
-17.363 7.714 11.316
-18.876 8.506 7.854
-19.282 4.738 7.09
-21.02 4.042 10.461
-23.415 6.996 9.798
-24.247 5.855 6.195
-24.846 2.277 7.463
-26.955 3.52 10.461
-29.227 5.531 8.078

-29.9 2.058 6.507

-30.384 0.293 9.981
-33.886 -0.857 8.77
-32.05 -2.956 6.062
-29.626 -4.868 8.41
-27.981 -7.413 9.17

-24.774 -5.448 8.488
-21.551 -7.137 7.269
-18.235 -5.328 7.997
-15.132 -6.739 6.223
-11.829 -5.357 7.603

-8.05 -6.016 7.986
-7.416 -8.82 10.567
-5.856 -6.305 13.093
-8.689 -3.64 13.199

-11.758 -5.868 14.003
-11.895 -4.753 17.675
-11.154 -1.102 16.63
-14.365 -1.304 14.506
-16.414 -2.897 17.375
-15.268 -0.08 19.729
-16.109 2.476 16.969
-19.722 1.111 16.76
-20.082 1.14 20.611
-18.596 4.7 20.723
-20.823 6.195 17.978

-24.121 4.191 18.24
-24.851 3.95 22.056
-28.388 2.791 20.948
-26.764 -0.701 20.406
-26.03 -3.285 23.117

-22.632 -5.104 22.857
-24.638 -8.32 22.08
-25.78 -6.667 18.791

-22.091 -6.816 17.576
-20.505 -10.124 16.488
-16.681 -10.041 16.081

-15.702 -13.116 14.035
-12.316 -14.303 15.372
-12.201 -17.837 13.813
-13.405 -19.799 10.735
-15.769 -21.82 13.07
-17.788 -18.808 14.317
-21.352 -17.917 13.159
-21.075 -14.973 10.701
-24.816 -14.102 11.273
-24.919 -14.166 15.127
-25.108 -10.332 15.536
-27.08 -7.466 13.995

-23.588 -6.14 13.038
-21.065 -8.833 11.965
-17.336 -7.898 11.803
-15.009 -10.302 9.887
-11.529 -10.295 8.291

-10.658 -10.74 4.577
-8.757 -14.009 5.375
-11.833 -15.546 7.113
-14.3 -14.769 4.222

-12.926 -17.715 2.14
-13.287 -20.073 5.183
-16.843 -18.74 5.845
-18.014 -18.815 2.139
-20.731 -21.415 3.044
-22.243 -18.836 5.512
-21.955 -15.894 2.989
-25.071 -17.433 1.278
-27.188 -15.451 3.825
-28.094 -12.137 2.052
-26.367 -9.235 3.842
-28.236 -6.215 2.36

-25.704 -3.677 3.792
-21.936 -4.298 3.429
-19.007 -2.145 4.602
-15.517 -3.11 3.36

-12.662 -1.237 5.059
-9.341 -0.865 3.151

-11.066 -2.352 0.031
-7.765 -2.207 -1.968
-7.252 -5.742 -0.456
-9.774 -6.866 -3.176

-7.558 -5.436 -6.054
-6.861 -8.909 -7.611
-9.913 -10.983 -8.736
-7.994 -14.348 -8.638
-7.386 -14.116 -4.839

-9.551 -16.269 -2.508
-10.568 -13.122 -0.487
-11.832 -11.409 -3.693
-13.586 -14.593 -5.006
-15.461 -14.905 -1.648
-16.313 -11.137 -1.332
-17.465 -10.353 -4.925
-20.7 -12.523 -5.003
-21.961 -10.786 -1.799
-21.004 -7.272 -3.064
-22.893 -7.826 -6.386
-26.148 -8.927 -4.576

-26.072 -6.644 -1.465
-28.372 -3.542 -1.704

-25.826 -1.116 -0.104
-22.019 -1.347 -0.629
-19.769 1.077 1.29
-16.145 0.543 0.177
-13.427 2.479 2.088

-9.739 3.065 1.181
-6.998 5.712 1.573
-5.29 4.301 -1.537
-8.002 2.778 -3.832
-5.263 1.979 -6.345
-1.844 1.044 -4.877
0.179 1.273 -8.156
-1.96 0.815 -11.364

-5.486 1.412 -12.884
-6.145 -2.396 -13.101
-6.402 -2.518 -9.223
-9.619 -0.37 -9.379
-11.628 -2.846 -11.528
-12.904 -5.026 -8.614
-13.981 -1.892 -6.643
-15.738 -0.406 -9.758
-17.759 -3.638 -10.376
-18.545 -3.926 -6.614
-20.104 -0.383 -6.596

-21.607 -0.654 -10.172
-21.992 -4.37 -11.257
-23.172 -3.251 -14.78
-19.935 -1.29 -15.508
-17.337 -3.236 -17.592
-18.9 -6.785 -17.229
-15.576 -8.217 -18.571

-12.101 -7.019 -17.429
-10.719 -7.022 -21.032
-12.866 -3.967 -22.03
-11.565 -2.031 -18.959
-7.965 -3.199 -19.668
-8.028 -2.162 -23.384
-9.238 1.366 -22.43
-7.403 2.18 -19.142

-4.51 -0.351 -18.764
-2.851 0.132 -22.242
-3.499 -3.577 -22.858

-0.922 -5.224 -25.189
-1.171 -8.572 -27.031
2.109 -10.415 -26.274

3.105 -13.897 -27.702
2.055 -15.464 -24.315

-1.301 -13.571 -23.908
-2.465 -10.088 -22.814
-0.375 -7.663 -20.732

-2.386 -5.192 -18.538
0.545 -3.576 -16.579
0.214 -0.249 -18.472
-2.005 2.838 -18.126
-4.133 4.898 -20.565
-6.888 7.593 -20.643

-6.428 8.31 -16.868
-8.259 11.708 -16.967
-11.359 9.932 -18.424
-11.034 7.218 -15.72
-10.853 9.986 -13.027
-14.061 11.624 -14.396
-15.894 8.229 -14.505
-14.782 7.406 -10.918
-15.841 10.804 -9.431
-19.243 10.854 -11.244
-20.42 7.245 -10.709

-18.189 5.243 -8.243

-16.056 7.301 -5.859
-16.114 10.195 -3.388

-12.511 11.437 -2.855
-11.204 14.438 -0.866
-7.629 15.273 0.108

-6.103 16.757 3.336
-5.492 19.961 1.314
-9.247 20.21 0.414
-10.687 19.84 3.974

-7.876 20.335 6.596
-5.915 23.57 5.765
-4.501 23.333 9.365
-2.496 20.065 8.949

1.303 20.759 8.934
3.056 20.025 5.61

4.712 16.655 4.867
8.328 17.503 3.889
9.865 14.613 1.887
13.544 14.115 0.94
15.906 11.506 -0.462
18.947 10.811 1.779
21.766 9.257 -0.276

23.3432 5.93243 -1.08763
24.96 2.73064 -2.05784

27.2034 0.145101 -0.407098
24.4493 -0.836174 2.0209
21.9609 -1.25649 -0.820559

20.9199 -4.04549 -3.30556
24.0579 -6.22649 -3.23956

25.5639 -7.49949 -6.53756
24.2519 -11.1175 -5.99656
20.6299 -9.91949 -5.44556
20.9069 -7.58949 -8.50656
22.3359 -10.4345 -10.6586
19.3979 -12.6515 -9.47356
16.8519 -9.91649 -10.4716
18.6489 -9.51849 -13.8616
18.5619 -13.3445 -14.2926
14.7889 -13.6535 -13.5446
14.1009 -10.6015 -15.8126
16.0559 -12.2775 -18.6996
14.2819 -15.5905 -17.9086
10.7849 -14.0385 -18.4926
11.8759 -12.7075 -21.9636

13.3559 -16.0375 -23.2156
11.5259 -17.1355 -26.4206
11.6669 -20.9155 -25.8856
9.79588 -21.0765 -22.5006
6.22288 -22.3045 -21.9936

3.42688 -19.9175 -20.8396
3.74588 -21.5795 -17.3766
7.56788 -21.1205 -17.0876
7.01688 -17.4185 -18.0586
4.42788 -17.0655 -15.1836
6.79588 -18.8855 -12.7466
9.74488 -16.5935 -13.7036
7.39388 -13.5555 -13.2476
6.37888 -14.7575 -9.72356
10.0939 -15.3385 -8.91656
11.0639 -11.8175 -10.1886
8.23688 -10.2785 -8.07356
9.19188 -12.2275 -4.87556
12.9249 -11.3105 -5.44256
11.8749 -7.62049 -5.80256
10.2239 -7.80949 -2.34256
13.3839 -9.39049 -0.773559
15.6839 -6.82949 -2.50156
13.6849 -3.85549 -1.05556
13.6319 -5.05149 2.64244
16.9189 -3.29849 3.77944
15.9819 0.134508 2.30744
12.2969 -0.220492 3.34744
13.6379 -0.768492 6.91844
16.1099 2.17451 6.53144
13.1829 4.42551 5.44844
10.8709 3.27351 8.33844
13.6759 4.04151 10.8494
14.3299 7.49151 9.22444
10.5809 8.28851 9.70044
10.7079 7.27751 13.4254
14.0329 9.14251 14.0154

12.3749 12.2215 12.3324
9.89488 12.2065 15.3064
6.72588 10.9095 13.5154
4.03188 9.95651 16.0434
1.77888 7.60751 13.9194

1.99788 6.01251 10.4384
0.82988 2.93651 8.46744
3.19988 0.574508 6.59244
1.61388 -1.49249 3.78844
3.23488 -4.64749 2.31744

1.85288 -7.94849 0.840441
4.73088 -10.4925 0.895441

4.86188 -12.1765 4.34844
8.72488 -11.9745 4.40644
8.49488 -8.11749 4.16444
5.89188 -7.93249 7.00844
8.05288 -10.3675 9.09444
11.3179 -8.38549 8.54044
9.64088 -5.00649 9.38644
8.08788 -6.43549 12.6254
11.4239 -8.06849 13.6554
13.3659 -4.76549 13.2354
10.6799 -2.75249 15.1434
10.8979 -5.34349 18.0084
14.7599 -5.11949 17.8934

14.4719 -1.26449 18.1494
11.8039 -1.69649 20.9504
9.22588 0.263508 18.8484
5.62188 -0.423492 19.9174

3.61888 -1.41449 16.8064
0.53388 -3.38249 15.6404
0.45588 -6.09949 12.9244
-2.54612 -7.20049 10.7804

-2.28012 -9.92249 8.08244
-4.11312 -13.0185 6.66844
-3.53512 -14.9355 9.97744
-4.96912 -12.1865 12.2934
-8.48212 -13.1915 13.4824
-11.6451 -11.0955 12.8264
-12.0181 -9.98749 16.5144

-8.26012 -9.34549 17.1014
-8.26912 -7.12049 13.9344
-10.8301 -4.78849 15.5984
-8.98112 -4.84349 18.9824
-5.54512 -4.05549 17.3744
-7.28612 -1.28649 15.3514
-8.62012 0.201508 18.6514
-5.14312 -0.181492 20.3044
-3.49512 1.83451 17.4364
-6.34312 4.43451 17.4864
-6.41712 4.99851 21.2974

-2.78412 4.33551 22.4314
-0.20012 7.11751 21.7454
2.60288 4.48951 22.1954
1.79188 2.48551 19.0174
3.76088 4.46651 16.3964

3.61888 1.94251 13.4834
0.85888 -0.228492 12.0044
2.32088 -3.09049 9.87444
-0.53512 -4.00049 7.50144
-1.10912 -6.52849 4.71344

-2.42112 -4.63249 1.61244
-4.85012 -7.54249 0.903441
-5.91312 -8.39149 4.50044
-6.40012 -4.79749 5.86744
-8.12212 -3.26849 2.73444
-11.5831 -3.74249 4.42244
-13.5811 -2.78649 7.57344
-10.8141 -1.02049 9.56844
-10.3651 2.75151 10.2534
-6.91212 4.29451 10.9624
-7.74912 8.02951 11.4084
-5.03912 8.36151 14.1614
-2.25512 8.29651 11.4884
-1.37112 11.1015 8.99144

1.07588 9.02451 6.84944
0.76688 5.86051 4.70744
3.93388 4.09351 3.42244
3.55688 1.46051 0.678441

6.71688 -0.662492 1.12244
5.50788 -2.68249 -1.90856
3.49688 -1.87949 -5.05656
0.30388 -3.84449 -5.85256
-0.78212 -4.39849 -9.51956
-4.42812 -3.42649 -8.77456

-4.96812 0.350508 -8.12656
-8.44112 -0.197492 -6.56356
-6.74012 -2.06449 -3.64356
-4.12112 0.731508 -3.22856
-6.95812 3.35951 -3.07456
-8.83812 1.11951 -0.539559
-5.66012 1.11251 1.64044
-5.18612 4.96351 1.40844

-8.88412 5.43851 2.42644
-8.21012 3.59151 5.71044
-6.58912 6.87151 6.97544
-8.52112 9.39351 4.83044
-11.9051 8.90051 6.65444
-14.4451 11.0745 8.53744
-12.5211 12.0165 11.7344
-9.21312 12.7885 9.91244
-7.98412 16.3885 10.6264
-4.46212 16.3195 9.01344
-3.35912 16.2825 5.32744

-2.73712 12.6015 4.50444
0.75288 11.7805 3.17244
1.01488 8.72951 0.837441
4.57588 7.47751 0.0964407
5.07988 4.79351 -2.61556
8.49988 3.09851 -2.10756
10.0329 2.08251 -5.51056

13.4219 0.582508 -6.53256
15.1229 1.10151 -9.96156
16.2289 -2.26349 -11.4856
13.2059 -4.23849 -10.0676
9.53388 -5.23849 -10.6936

8.52188 -1.65449 -9.61456
9.84088 -0.310492 -12.9986
7.06088 -2.31849 -14.8086
4.36188 -2.24149 -12.0746
4.32588 1.57251 -11.6546
3.51488 2.41451 -15.3686
0.92988 -0.472492 -15.3186
-0.77912 0.964508 -12.1746
-0.76612 4.47751 -13.7916
-2.45912 3.39451 -17.0736
-5.06012 1.46951 -14.9586
-5.90212 4.60451 -12.8396
-6.26212 6.59651 -16.1116
-8.73512 3.95151 -17.4766
-10.6571 4.21751 -14.1446
-10.6421 8.08151 -14.3086
-11.8691 8.16551 -17.9786

-14.7421 5.84351 -16.8616
-15.5421 8.38551 -14.0166
-14.4661 5.78451 -11.3726
-11.4461 7.69151 -9.89656
-10.2711 11.3065 -9.32456
-6.81312 9.86751 -8.58956
-4.33912 11.0035 -11.2346
-0.89912 9.33151 -10.7616
0.98588 11.1375 -13.6506

1.99188 14.2265 -11.5686
4.03988 12.0375 -9.12556
6.38688 10.7205 -11.9046
7.23788 14.1175 -13.4636

8.50288 15.0765 -9.93356
10.9879 12.1035 -9.51056

End chain 1
