-13.201 -6.296 -53.957
-10.703 -3.406 -53.291
-9.54 -3.087 -49.639
-11.02 0.322 -48.639
-8.614 1.85 -46.053
-10.787 3.126 -43.162

-9.634 6.195 -41.181
-10.061 4.9 -37.589
-10.286 6.838 -34.306
-12.195 7.103 -30.979
-14.163 9.439 -28.711
-12.619 10.223 -25.263
-14.157 12.207 -22.344

-11.943 15.248 -21.466
-14.301 16.978 -18.949
-17.827 16.65 -17.399
-19.139 18.761 -20.353

-16.752 17.96 -23.312
-15.482 14.956 -25.281
-12.62 14.751 -27.824
-12.437 12.939 -31.204
-8.982 11.264 -31.393
-8.672 10.357 -35.1

-6.282 10.744 -38.079
-6.98 13.557 -40.6
-9.895 13.022 -43.051

-11.208 15.853 -45.293
-14.92 14.856 -45.011
-14.611 14.37 -41.226
-13.015 17.857 -40.827
-15.875 19.254 -42.999
-18.403 17.482 -40.669
-16.559 18.759 -37.515
-16.844 22.341 -38.957

-20.697 21.797 -39.029
-20.861 21.033 -35.24
-22.116 23.933 -33.104
-20.016 23.255 -29.939
-16.791 22.621 -31.971

-13.393 23.436 -30.391
-10.011 22.816 -32.063
-6.805 22.812 -29.99

-3.883 23.919 -32.209
-1.328 22.314 -29.773
-2.753 18.736 -29.691
-4.334 19.137 -33.217

-7.578 17.622 -31.79
-11.313 18.386 -31.995
-13.683 18.544 -28.991
-17.466 19.001 -28.65
-20.131 19.402 -25.91

-21.257 16.038 -24.476
-24.923 16.743 -25.497
-23.731 16.722 -29.178
-22.178 13.179 -28.839
-25.228 11.354 -30.322
-25.57 14.044 -33.093
-21.852 13.682 -34.021
-21.815 9.829 -34.037
-25.045 9.774 -36.128
-23.507 12.176 -38.75
-20.093 10.348 -38.803

-21.793 6.948 -39.527
-22.962 8.546 -42.834
-19.328 9.196 -43.991
-17.677 6.563 -46.261
-14.251 5.2 -45.121

-14.46 6.789 -41.562
-14.765 4.819 -38.279
-15.142 6.964 -35.114
-15.663 4.659 -32.101

-18.218 6.249 -29.657
-17.862 6.903 -25.912
-18.35 3.469 -24.195
-21.794 2.549 -22.772
-20.235 2.829 -19.255
-19.534 6.58 -19.812
-22.964 7.196 -21.431
-24.623 5.531 -18.378
-22.42 7.523 -15.909

-23.028 10.919 -17.654
-26.668 10.153 -18.714
-27.851 13.482 -17.123

-25.214 15.594 -18.963
-26 13.8 -22.296
-29.631 15.147 -21.909

-29.014 18.802 -20.797
-28.522 21.656 -23.337
-27.494 23.803 -20.296
-24.374 24.206 -18.108
-26.03 23.63 -14.722
-23.195 22.587 -12.38
-23.731 19.355 -10.334

-27.219 19.392 -8.694
-26.798 20.208 -4.988
-26.578 17.032 -2.906
-29.814 16.999 -0.82
-29.276 16.946 2.956
-30.305 13.551 4.343

-32.727 13.25 7.268
-30.389 11.851 9.975
-33.077 12.019 12.787
-33.159 8.159 12.923
-29.32 8.149 13.454
-27.82 8.306 16.969

-27.52 12.074 17.913
-23.991 11.509 19.371
-22.796 10.469 15.867
-24.731 13.185 13.93
-23.402 16.008 16.22
-19.738 14.82 15.861

-19.687 14.822 11.995
-17.445 17.587 10.586

-19.106 19.692 7.763
-17.231 17.783 4.996
-18.064 14.402 6.666
-21.796 15.407 6.677
-21.562 16.318 2.947
-19.943 12.855 2.346
-22.788 11.075 4.244
-25.363 13.084 2.191
-23.555 12.165 -1.104
-23.43 8.459 -0.115
-27.196 8.491 0.728
-28.024 10.343 -2.565

-25.973 7.645 -4.472
-28.214 5.048 -2.67
-25.512 3.7 -0.27

-23.352 2.353 -3.174
-19.956 4.118 -3.237
-16.209 4.012 -2.721
-15.295 6.541 0.021

-11.694 7.195 -1.128

-11.135 10.189 1.225
-7.504 10.605 2.377

-6.048 8.715 5.398
-7.361 9.956 8.784
-10.233 12.169 7.374
-12.706 9.981 9.408

-13.844 7.354 6.831
-15.012 5.081 9.734
-17.363 7.714 11.316
-18.876 8.506 7.854
-19.282 4.738 7.09
-21.02 4.042 10.461
-23.415 6.996 9.798
-24.247 5.855 6.195
-24.846 2.277 7.463
-26.955 3.52 10.461
-29.227 5.531 8.078

-29.9 2.058 6.507

-30.384 0.293 9.981
-33.886 -0.857 8.77
-32.05 -2.956 6.062
-29.626 -4.868 8.41
-27.981 -7.413 9.17

-24.774 -5.448 8.488
-21.551 -7.137 7.269
-18.235 -5.328 7.997
-15.132 -6.739 6.223
-11.829 -5.357 7.603

-8.05 -6.016 7.986
-7.416 -8.82 10.567
-5.856 -6.305 13.093
-8.689 -3.64 13.199

-11.758 -5.868 14.003
-11.895 -4.753 17.675
-11.154 -1.102 16.63
-14.365 -1.304 14.506
-16.414 -2.897 17.375
-15.268 -0.08 19.729
-16.109 2.476 16.969
-19.722 1.111 16.76
-20.082 1.14 20.611
-18.596 4.7 20.723
-20.823 6.195 17.978

-24.121 4.191 18.24
-24.851 3.95 22.056
-28.388 2.791 20.948
-26.764 -0.701 20.406
-26.03 -3.285 23.117

-22.632 -5.104 22.857
-24.638 -8.32 22.08
-25.78 -6.667 18.791

-22.091 -6.816 17.576
-20.505 -10.124 16.488
-16.681 -10.041 16.081

-15.702 -13.116 14.035
-12.316 -14.303 15.372
-12.201 -17.837 13.813
-13.405 -19.799 10.735
-15.769 -21.82 13.07
-17.788 -18.808 14.317
-21.352 -17.917 13.159
-21.075 -14.973 10.701
-24.816 -14.102 11.273
-24.919 -14.166 15.127
-25.108 -10.332 15.536
-27.08 -7.466 13.995

-23.588 -6.14 13.038
-21.065 -8.833 11.965
-17.336 -7.898 11.803
-15.009 -10.302 9.887
-11.529 -10.295 8.291

-10.658 -10.74 4.577
-8.757 -14.009 5.375
-11.833 -15.546 7.113
-14.3 -14.769 4.222

-12.926 -17.715 2.14
-13.287 -20.073 5.183
-16.843 -18.74 5.845
-18.014 -18.815 2.139
-20.731 -21.415 3.044
-22.243 -18.836 5.512
-21.955 -15.894 2.989
-25.071 -17.433 1.278
-27.188 -15.451 3.825
-28.094 -12.137 2.052
-26.367 -9.235 3.842
-28.236 -6.215 2.36

-25.704 -3.677 3.792
-21.936 -4.298 3.429
-19.007 -2.145 4.602
-15.517 -3.11 3.36

-12.662 -1.237 5.059
-9.341 -0.865 3.151

-11.066 -2.352 0.031
-7.765 -2.207 -1.968
-7.252 -5.742 -0.456
-9.774 -6.866 -3.176

-7.558 -5.436 -6.054
-6.861 -8.909 -7.611
-9.913 -10.983 -8.736
-7.994 -14.348 -8.638
-7.386 -14.116 -4.839

-9.551 -16.269 -2.508
-10.568 -13.122 -0.487
-11.832 -11.409 -3.693
-13.586 -14.593 -5.006
-15.461 -14.905 -1.648
-16.313 -11.137 -1.332
-17.465 -10.353 -4.925
-20.7 -12.523 -5.003
-21.961 -10.786 -1.799
-21.004 -7.272 -3.064
-22.893 -7.826 -6.386
-26.148 -8.927 -4.576

-26.072 -6.644 -1.465
-28.372 -3.542 -1.704

-25.826 -1.116 -0.104
-22.019 -1.347 -0.629
-19.769 1.077 1.29
-16.145 0.543 0.177
-13.427 2.479 2.088

-9.739 3.065 1.181
-6.998 5.712 1.573
-5.29 4.301 -1.537
-8.002 2.778 -3.832
-5.263 1.979 -6.345
-1.844 1.044 -4.877
0.179 1.273 -8.156
-1.96 0.815 -11.364

-5.486 1.412 -12.884
-6.145 -2.396 -13.101
-6.402 -2.518 -9.223
-9.619 -0.37 -9.379
-11.628 -2.846 -11.528
-12.904 -5.026 -8.614
-13.981 -1.892 -6.643
-15.738 -0.406 -9.758
-17.759 -3.638 -10.376
-18.545 -3.926 -6.614
-20.104 -0.383 -6.596

-21.607 -0.654 -10.172
-21.992 -4.37 -11.257
-23.172 -3.251 -14.78
-19.935 -1.29 -15.508
-17.337 -3.236 -17.592
-18.9 -6.785 -17.229
-15.576 -8.217 -18.571

-12.101 -7.019 -17.429
-10.719 -7.022 -21.032
-12.866 -3.967 -22.03
-11.565 -2.031 -18.959
-7.965 -3.199 -19.668
-8.028 -2.162 -23.384
-9.238 1.366 -22.43
-7.403 2.18 -19.142

-4.51 -0.351 -18.764
-2.851 0.132 -22.242
-3.499 -3.577 -22.858

-0.922 -5.224 -25.189
-1.171 -8.572 -27.031
2.109 -10.415 -26.274

3.105 -13.897 -27.702
2.055 -15.464 -24.315

-1.301 -13.571 -23.908
-2.465 -10.088 -22.814
-0.375 -7.663 -20.732

-2.386 -5.192 -18.538
0.545 -3.576 -16.579
0.214 -0.249 -18.472
-2.005 2.838 -18.126
-4.133 4.898 -20.565
-6.888 7.593 -20.643

-6.428 8.31 -16.868
-8.259 11.708 -16.967
-11.359 9.932 -18.424
-11.034 7.218 -15.72
-10.853 9.986 -13.027
-14.061 11.624 -14.396
-15.894 8.229 -14.505
-14.782 7.406 -10.918
-15.841 10.804 -9.431
-19.243 10.854 -11.244
-20.42 7.245 -10.709

-19.1792 7.91322 -7.18464

-21.284 10.9878 -6.09179
-23.8072 11.9346 -8.70803

-20.2042 13.1766 -8.17503
-18.8972 16.1776 -6.18603
-15.3222 17.0126 -5.21203

-13.7962 18.4966 -1.98403
-13.1852 21.7006 -4.00603
-16.9402 21.9496 -4.90603
-18.3802 21.5796 -1.34603

-15.5692 22.0746 1.27597
-13.6082 25.3096 0.444968
-12.1942 25.0726 4.04497
-10.1892 21.8046 3.62897

-6.39018 22.4986 3.61397
-4.63718 21.7646 0.289968

-2.98118 18.3946 -0.453032
0.634819 19.2426 -1.43103
2.17182 16.3526 -3.43303
5.85082 15.8546 -4.38003
8.21282 13.2456 -5.78203
11.2538 12.5506 -3.54103
14.0728 10.9966 -5.59603

15.8528 8.79561 -3.00503
19.5678 8.61461 -3.81503

20.5518 5.38361 -5.73803
24.1668 5.85461 -4.41003
23.1288 3.66261 -1.38803

22.0878 0.873615 -3.87303
25.2258 -1.30739 -3.80703

26.7318 -2.58039 -7.10503
25.4198 -6.19839 -6.56403
21.7978 -5.00039 -6.01303
22.0748 -2.67039 -9.07403
23.5038 -5.51539 -11.226
20.5658 -7.73239 -10.041
18.0198 -4.99739 -11.039
19.8168 -4.59939 -14.429
19.7298 -8.42539 -14.86
15.9568 -8.73439 -14.112
15.2688 -5.68239 -16.38
17.2238 -7.35839 -19.267
15.4498 -10.6714 -18.476
11.9528 -9.11939 -19.06
13.0438 -7.78839 -22.531

14.5238 -11.1184 -23.783
12.6938 -12.2164 -26.988
12.8348 -15.9964 -26.453
10.9638 -16.1574 -23.068
7.39082 -17.3854 -22.561

4.59482 -14.9984 -21.407
4.91382 -16.6604 -17.944
8.73582 -16.2014 -17.655
8.18482 -12.4994 -18.626
5.59582 -12.1464 -15.751
7.96382 -13.9664 -13.314
10.9128 -11.6744 -14.271
8.56182 -8.63639 -13.815
7.54682 -9.83839 -10.291
11.2618 -10.4194 -9.48403
12.2318 -6.89839 -10.756
9.40482 -5.35939 -8.64103
10.3598 -7.30839 -5.44303
14.0928 -6.39139 -6.01003
13.0428 -2.70139 -6.37003
11.3918 -2.89039 -2.91003
14.5518 -4.47139 -1.34103
16.8518 -1.91039 -3.06903
14.8528 1.06361 -1.62303
14.7998 -0.132385 2.07497
18.0868 1.62061 3.21197
17.1498 5.05361 1.73997
13.4648 4.69861 2.77997
14.8058 4.15061 6.35097
17.2778 7.09361 5.96397
14.3508 9.34461 4.88097
12.0388 8.19261 7.77097
14.8438 8.96061 10.282
15.4978 12.4106 8.65697
11.7488 13.2076 9.13297
11.8758 12.1966 12.858
15.2008 14.0616 13.448

13.5428 17.1406 11.765
11.0628 17.1256 14.739
7.89382 15.8286 12.948
5.19982 14.8756 15.476
2.94682 12.5266 13.352

3.16582 10.9316 9.87097
1.99782 7.85561 7.89997
4.36782 5.49361 6.02497
2.78182 3.42661 3.22097
4.40282 0.271615 1.74997

3.02082 -3.02939 0.272968
5.89882 -5.57339 0.327968

6.02982 -7.25739 3.78097
9.89282 -7.05539 3.83897
9.66282 -3.19839 3.59697
7.05982 -3.01339 6.44097
9.22082 -5.44839 8.52697
12.4858 -3.46639 7.97297
10.8088 -0.0873851 8.81897
9.25582 -1.51639 12.058
12.5918 -3.14939 13.088
14.5338 0.153615 12.668
11.8478 2.16661 14.576
12.0658 -0.424385 17.441
15.9278 -0.200385 17.326

15.6398 3.65461 17.582
12.9718 3.22261 20.383
10.3938 5.18261 18.281
6.78982 4.49561 19.35

4.78682 3.50461 16.239
1.70182 1.53661 15.073
1.62382 -1.18039 12.357
-1.37818 -2.28139 10.213

-1.11218 -5.00339 7.51497
-2.94518 -8.09939 6.10097
-2.36718 -10.0164 9.40997
-3.80118 -7.26739 11.726
-7.31418 -8.27239 12.915
-10.4772 -6.17639 12.259
-10.8502 -5.06839 15.947

-7.09218 -4.42639 16.534
-7.10118 -2.20139 13.367
-9.66218 0.130615 15.031
-7.81318 0.0756149 18.415
-4.37718 0.863615 16.807
-6.11818 3.63261 14.784
-7.45218 5.12061 18.084
-3.97518 4.73761 19.737
-2.32718 6.75361 16.869
-5.17518 9.35361 16.919
-5.24918 9.91761 20.73

-1.61618 9.25461 21.864
0.967819 12.0366 21.178
3.77082 9.40861 21.628
2.95982 7.40461 18.45
4.92882 9.38561 15.829

4.78682 6.86161 12.916
2.02682 4.69061 11.437
3.48882 1.82861 9.30697
0.632819 0.918615 6.93397
0.0588193 -1.60939 4.14597

-1.25318 0.286615 1.04497
-3.68218 -2.62339 0.335968
-4.74518 -3.47239 3.93297
-5.23218 0.121615 5.29997
-6.95418 1.65061 2.16697
-10.4152 1.17661 3.85497
-12.4132 2.13261 7.00597
-9.64618 3.89861 9.00097
-9.19718 7.67061 9.68597
-5.74418 9.21361 10.395
-6.58118 12.9486 10.841
-3.87118 13.2806 13.594
-1.08718 13.2156 10.921
-0.203181 16.0206 8.42397

2.24382 13.9436 6.28197
1.93482 10.7796 4.13997
5.10182 9.01261 2.85497
4.72482 6.37961 0.110968

7.88482 4.25661 0.554968
6.67582 2.23661 -2.47603
4.66482 3.03961 -5.62403
1.47182 1.07461 -6.42003
0.385819 0.520615 -10.087
-3.26018 1.49261 -9.34203

-3.80018 5.26961 -8.69403
-7.27318 4.72161 -7.13103
-5.57218 2.85461 -4.21103
-2.95318 5.65061 -3.79603
-5.79018 8.27861 -3.64203
-7.67018 6.03861 -1.10703
-4.49218 6.03161 1.07297
-4.01818 9.88261 0.840968

-7.71618 10.3576 1.85897
-7.04218 8.51061 5.14297
-5.42118 11.7906 6.40797
-7.35318 14.3126 4.26297
-10.7372 13.8196 6.08697
-13.2772 15.9936 7.96997
-11.3532 16.9356 11.167
-8.04518 17.7076 9.34497
-6.81618 21.3076 10.059
-3.29418 21.2386 8.44597
-2.19118 21.2016 4.75997

-1.56918 17.5206 3.93697
1.92082 16.6996 2.60497
2.18282 13.6486 0.269968
5.74382 12.3966 -0.471032
6.24782 9.71261 -3.18303
9.66782 8.01761 -2.67503
11.2008 7.00161 -6.07803

14.5898 5.50161 -7.10003
16.2908 6.02061 -10.529
17.3968 2.65561 -12.053
14.3738 0.680615 -10.635
10.7018 -0.319385 -11.261

9.68982 3.26461 -10.182
11.0088 4.60861 -13.566
8.22882 2.60061 -15.376
5.52982 2.67761 -12.642
5.49382 6.49161 -12.222
4.68282 7.33361 -15.936
2.09782 4.44661 -15.886
0.388819 5.88361 -12.742
0.401819 9.39661 -14.359
-1.29118 8.31361 -17.641
-3.89218 6.38861 -15.526
-4.73418 9.52361 -13.407
-5.09418 11.5156 -16.679
-7.56718 8.87061 -18.044
-9.48918 9.13661 -14.712
-9.47418 13.0006 -14.876
-10.7012 13.0846 -18.546

-13.5742 10.7626 -17.429
-14.3742 13.3046 -14.584
-13.2982 10.7036 -11.94
-10.2782 12.6106 -10.464
-9.10318 16.2256 -9.89203
-5.64518 14.7866 -9.15703
-3.17118 15.9226 -11.802
0.268819 14.2506 -11.329
2.15382 16.0566 -14.218

3.15982 19.1456 -12.136
5.20782 16.9566 -9.69303
7.55482 15.6396 -12.472
8.40582 19.0366 -14.031

9.67082 19.9956 -10.501
12.1558 17.0226 -10.078

End chain 1
