-13.201 -6.296 -53.957
-10.703 -3.406 -53.291
-9.54 -3.087 -49.639
-11.02 0.322 -48.639
-8.614 1.85 -46.053
-10.787 3.126 -43.162

-9.634 6.195 -41.181
-10.061 4.9 -37.589
-10.286 6.838 -34.306
-12.195 7.103 -30.979
-14.163 9.439 -28.711
-12.619 10.223 -25.263
-14.157 12.207 -22.344

-11.943 15.248 -21.466
-14.301 16.978 -18.949
-17.827 16.65 -17.399
-19.139 18.761 -20.353

-16.752 17.96 -23.312
-15.482 14.956 -25.281
-12.62 14.751 -27.824
-12.437 12.939 -31.204
-8.982 11.264 -31.393
-8.672 10.357 -35.1

-6.282 10.744 -38.079
-6.98 13.557 -40.6
-9.895 13.022 -43.051

-11.208 15.853 -45.293
-14.92 14.856 -45.011
-14.611 14.37 -41.226
-13.015 17.857 -40.827
-15.875 19.254 -42.999
-18.403 17.482 -40.669
-16.559 18.759 -37.515
-16.844 22.341 -38.957

-20.697 21.797 -39.029
-20.861 21.033 -35.24
-22.116 23.933 -33.104
-20.016 23.255 -29.939
-16.791 22.621 -31.971

-13.393 23.436 -30.391
-10.011 22.816 -32.063
-6.805 22.812 -29.99

-3.883 23.919 -32.209
-1.328 22.314 -29.773
-2.753 18.736 -29.691
-4.334 19.137 -33.217

-7.578 17.622 -31.79
-11.313 18.386 -31.995
-13.683 18.544 -28.991
-17.466 19.001 -28.65
-20.131 19.402 -25.91

-21.257 16.038 -24.476
-24.923 16.743 -25.497
-23.731 16.722 -29.178
-22.178 13.179 -28.839
-25.228 11.354 -30.322
-25.57 14.044 -33.093
-21.852 13.682 -34.021
-21.815 9.829 -34.037
-25.045 9.774 -36.128
-23.507 12.176 -38.75
-20.093 10.348 -38.803

-21.793 6.948 -39.527
-22.962 8.546 -42.834
-19.328 9.196 -43.991
-17.677 6.563 -46.261
-14.251 5.2 -45.121

-14.46 6.789 -41.562
-14.765 4.819 -38.279
-15.142 6.964 -35.114
-15.663 4.659 -32.101

-18.218 6.249 -29.657
-17.862 6.903 -25.912
-18.35 3.469 -24.195
-21.794 2.549 -22.772
-20.235 2.829 -19.255
-19.534 6.58 -19.812
-22.964 7.196 -21.431
-24.623 5.531 -18.378
-22.42 7.523 -15.909

-23.028 10.919 -17.654
-26.668 10.153 -18.714
-27.851 13.482 -17.123

-25.214 15.594 -18.963
-26 13.8 -22.296
-29.631 15.147 -21.909

-29.014 18.802 -20.797
-28.522 21.656 -23.337
-27.494 23.803 -20.296
-24.374 24.206 -18.108
-26.03 23.63 -14.722
-23.195 22.587 -12.38
-23.731 19.355 -10.334

-27.219 19.392 -8.694
-26.798 20.208 -4.988
-26.578 17.032 -2.906
-29.814 16.999 -0.82
-29.276 16.946 2.956
-30.305 13.551 4.343

-32.727 13.25 7.268
-30.389 11.851 9.975
-33.077 12.019 12.787
-33.159 8.159 12.923
-29.32 8.149 13.454
-27.82 8.306 16.969

-27.52 12.074 17.913
-23.991 11.509 19.371
-22.796 10.469 15.867
-24.731 13.185 13.93
-23.402 16.008 16.22
-19.738 14.82 15.861

-19.687 14.822 11.995
-17.445 17.587 10.586

-19.106 19.692 7.763
-17.231 17.783 4.996
-18.064 14.402 6.666
-21.796 15.407 6.677
-21.562 16.318 2.947
-19.943 12.855 2.346
-22.788 11.075 4.244
-25.363 13.084 2.191
-23.555 12.165 -1.104
-23.43 8.459 -0.115
-27.196 8.491 0.728
-28.024 10.343 -2.565

-25.973 7.645 -4.472
-28.214 5.048 -2.67
-25.512 3.7 -0.27

-23.352 2.353 -3.174
-19.956 4.118 -3.237
-16.209 4.012 -2.721
-15.295 6.541 0.021

-11.694 7.195 -1.128

-11.135 10.189 1.225
-7.504 10.605 2.377

-6.048 8.715 5.398
-7.361 9.956 8.784
-10.233 12.169 7.374
-12.706 9.981 9.408

-13.844 7.354 6.831
-15.012 5.081 9.734
-17.363 7.714 11.316
-18.876 8.506 7.854
-19.282 4.738 7.09
-21.02 4.042 10.461
-23.415 6.996 9.798
-24.247 5.855 6.195
-24.846 2.277 7.463
-26.955 3.52 10.461
-29.227 5.531 8.078

-29.9 2.058 6.507

-30.384 0.293 9.981
-33.886 -0.857 8.77
-32.05 -2.956 6.062
-29.626 -4.868 8.41
-27.981 -7.413 9.17

-24.774 -5.448 8.488
-21.551 -7.137 7.269
-18.235 -5.328 7.997
-15.132 -6.739 6.223
-11.829 -5.357 7.603

-8.05 -6.016 7.986
-7.416 -8.82 10.567
-5.856 -6.305 13.093
-8.689 -3.64 13.199

-11.758 -5.868 14.003
-11.895 -4.753 17.675
-11.154 -1.102 16.63
-14.365 -1.304 14.506
-16.414 -2.897 17.375
-15.268 -0.08 19.729
-16.109 2.476 16.969
-19.722 1.111 16.76
-20.082 1.14 20.611
-18.596 4.7 20.723
-20.823 6.195 17.978

-24.121 4.191 18.24
-24.851 3.95 22.056
-28.388 2.791 20.948
-26.764 -0.701 20.406
-26.03 -3.285 23.117

-22.632 -5.104 22.857
-24.638 -8.32 22.08
-25.78 -6.667 18.791

-22.091 -6.816 17.576
-20.505 -10.124 16.488
-16.681 -10.041 16.081

-15.702 -13.116 14.035
-12.316 -14.303 15.372
-12.201 -17.837 13.813
-13.405 -19.799 10.735
-15.769 -21.82 13.07
-17.788 -18.808 14.317
-21.352 -17.917 13.159
-21.075 -14.973 10.701
-24.816 -14.102 11.273
-24.919 -14.166 15.127
-25.108 -10.332 15.536
-27.08 -7.466 13.995

-23.588 -6.14 13.038
-21.065 -8.833 11.965
-17.336 -7.898 11.803
-15.009 -10.302 9.887
-11.529 -10.295 8.291

-10.658 -10.74 4.577
-8.757 -14.009 5.375
-11.833 -15.546 7.113
-14.3 -14.769 4.222

-12.926 -17.715 2.14
-13.287 -20.073 5.183
-16.843 -18.74 5.845
-18.014 -18.815 2.139
-20.731 -21.415 3.044
-22.243 -18.836 5.512
-21.955 -15.894 2.989
-25.071 -17.433 1.278
-27.188 -15.451 3.825
-28.094 -12.137 2.052
-26.367 -9.235 3.842
-28.236 -6.215 2.36

-25.704 -3.677 3.792
-21.936 -4.298 3.429
-19.007 -2.145 4.602
-15.517 -3.11 3.36

-12.662 -1.237 5.059
-9.341 -0.865 3.151

-11.066 -2.352 0.031
-7.765 -2.207 -1.968
-7.252 -5.742 -0.456
-9.774 -6.866 -3.176

-9.47298 -4.5853 -6.3196
-8.72647 -2.68189 -9.55894
-6.30681 -0.970709 -11.9176
-4.3646 0.483767 -14.8715
-7.78628 2.00866 -15.3479

-8.383 4.78364 -17.875
-6.82378 7.36109 -15.558
-3.75372 5.18152 -15.0412
-3.32511 4.72807 -18.79
-3.55853 8.47699 -19.368
-0.937777 9.14941 -16.6992
1.42786 6.60805 -18.2445
1.02131 8.1759 -21.6825
1.76067 11.6371 -20.2981
4.904 10.3807 -18.5708
6.12894 8.74685 -21.7759
5.56635 11.9519 -23.7391

5.64235 14.2349 -20.6281
3.34235 17.3369 -20.8671

5.88835 19.7629 -19.2671
9.69535 19.5319 -19.7921
11.9454 21.9559 -17.8731
15.5694 21.4219 -18.9861
18.2874 23.3579 -17.0751

21.9754 23.9439 -17.9821
24.7164 26.5909 -17.5901
26.4244 25.1799 -20.7001
23.7124 23.6569 -22.9951
26.4514 22.8579 -25.5081
29.8704 21.9229 -24.0401
31.8934 22.1519 -27.3191
29.7544 21.6939 -30.5271

26.2284 22.2909 -32.0471
25.5694 18.4829 -32.2641
25.3124 18.3609 -28.3861
22.0954 20.5089 -28.5421
20.0864 18.0329 -30.6911
18.8104 15.8529 -27.7771
17.7334 18.9869 -25.8061
15.9764 20.4729 -28.9211
13.9554 17.2409 -29.5391
13.1694 16.9529 -25.7771
11.6104 20.4959 -25.7591

10.1074 20.2249 -29.3351
9.72235 16.5089 -30.4201
8.54235 17.6279 -33.9431
11.7794 19.5889 -34.6711
14.3774 17.6429 -36.7551
12.8144 14.0939 -36.3921
16.1384 12.6619 -37.7341

19.6134 13.8599 -36.5921
20.9954 13.8569 -40.1951
18.8484 16.9119 -41.1931
20.1494 18.8479 -38.1221
23.7494 17.6799 -38.8311
23.6864 18.7169 -42.5471
22.4764 22.2449 -41.5931
24.3114 23.0589 -38.3051

27.2044 20.5279 -37.9271
28.8634 21.0109 -41.4051
28.2154 17.3019 -42.0211

30.7924 15.6549 -44.3521
30.5434 12.3069 -46.1941
33.8234 10.4639 -45.4371

34.8194 6.9819 -46.8651
33.7694 5.4149 -43.4781

30.4134 7.3079 -43.0711
29.2494 10.7909 -41.9771
31.3394 13.2159 -39.8951

29.3284 15.6869 -37.7011
32.2594 17.3029 -35.7421
31.9284 20.6299 -37.6351
29.7094 23.7169 -37.2891
27.5814 25.7769 -39.7281
24.8264 28.4719 -39.8061

25.2864 29.1889 -36.0311
23.4554 32.5869 -36.1301
20.3554 30.8109 -37.5871
20.6804 28.0969 -34.8831
20.8614 30.8649 -32.1901
17.6534 32.5029 -33.5591
15.8204 29.1079 -33.6681
16.9324 28.2849 -30.0811
15.8734 31.6829 -28.5941
12.4714 31.7329 -30.4071
11.2944 28.1239 -29.8721

13.5254 26.1219 -27.4061

15.6584 28.1799 -25.0221
15.6004 31.0739 -22.5511

19.2034 32.3159 -22.0181
20.5104 35.3169 -20.0291
24.0854 36.1519 -19.0551

25.6114 37.6359 -15.8271
26.2224 40.8399 -17.8491
22.4674 41.0889 -18.7491
21.0274 40.7189 -15.1891

23.8384 41.2139 -12.5671
25.7994 44.4489 -13.3981
27.2134 44.2119 -9.79809
29.2184 40.9439 -10.2141

33.0174 41.6379 -10.2291
34.7704 40.9039 -13.5531

36.4264 37.5339 -14.2961
40.0424 38.3819 -15.2741
41.5794 35.4919 -17.2761
45.2584 34.9939 -18.2231
47.6204 32.3849 -19.6251
50.6614 31.6899 -17.3841
53.4804 30.1359 -19.4391

55.2604 27.9349 -16.8481
58.9754 27.7539 -17.6581

59.9594 24.5229 -19.5811
63.5744 24.9939 -18.2531
62.5364 22.8019 -15.2311

61.4954 20.0129 -17.7161
64.6334 17.8319 -17.6501

66.1394 16.5589 -20.9481
64.8274 12.9409 -20.4071
61.2054 14.1389 -19.8561
61.4824 16.4689 -22.9171
62.9114 13.6239 -25.0691
59.9734 11.4069 -23.8841
57.4274 14.1419 -24.8821
59.2244 14.5399 -28.2721
59.1374 10.7139 -28.7031
55.3644 10.4049 -27.9551
54.6764 13.4569 -30.2231
56.6314 11.7809 -33.1101
54.8574 8.4679 -32.3191
51.3604 10.0199 -32.9031
52.4514 11.3509 -36.3741

53.9314 8.0209 -37.6261
52.1014 6.9229 -40.8311
52.2424 3.1429 -40.2961
50.3714 2.9819 -36.9111
46.7984 1.7539 -36.4041

44.0024 4.1409 -35.2501
44.3214 2.4789 -31.7871
48.1434 2.9379 -31.4981
47.5924 6.6399 -32.4691
45.0034 6.9929 -29.5941
47.3714 5.1729 -27.1571
50.3204 7.4649 -28.1141
47.9694 10.5029 -27.6581
46.9544 9.3009 -24.1341
50.6694 8.7199 -23.3271
51.6394 12.2409 -24.5991
48.8124 13.7799 -22.4841
49.7674 11.8309 -19.2861
53.5004 12.7479 -19.8531
52.4504 16.4379 -20.2131
50.7994 16.2489 -16.7531
53.9594 14.6679 -15.1841
56.2594 17.2289 -16.9121
54.2604 20.2029 -15.4661
54.2074 19.0069 -11.7681
57.4944 20.7599 -10.6311
56.5574 24.1929 -12.1031
52.8724 23.8379 -11.0631
54.2134 23.2899 -7.49209
56.6854 26.2329 -7.87909
53.7584 28.4839 -8.96209
51.4464 27.3319 -6.07209
54.2514 28.0999 -3.56109
54.9054 31.5499 -5.18609
51.1564 32.3469 -4.71009
51.2834 31.3359 -0.985088
54.6084 33.2009 -0.395088

52.9504 36.2799 -2.07809
50.4704 36.2649 0.895912
47.3014 34.9679 -0.895088
44.6074 34.0149 1.63291
42.3544 31.6659 -0.491088

42.5734 30.0709 -3.97209
41.4054 26.9949 -5.94309
43.7754 24.6329 -7.81809
42.1894 22.5659 -10.6221
43.8104 19.4109 -12.0931

42.4284 16.1099 -13.5701
45.3064 13.5659 -13.5151

45.4374 11.8819 -10.0621
49.3004 12.0839 -10.0041
49.0704 15.9409 -10.2461
46.4674 16.1259 -7.40209
48.6284 13.6909 -5.31609
51.8934 15.6729 -5.87009
50.2164 19.0519 -5.02409
48.6634 17.6229 -1.78509
51.9994 15.9899 -0.755088
53.9414 19.2929 -1.17509
51.2554 21.3059 0.732912
51.4734 18.7149 3.59791
55.3354 18.9389 3.48291

55.0474 22.7939 3.73891
52.3794 22.3619 6.53991
49.8014 24.3219 4.43791
46.1974 23.6349 5.50691

44.1944 22.6439 2.39591
41.1094 20.6759 1.22991
41.0314 17.9589 -1.48609
38.0294 16.8579 -3.63009

38.2954 14.1359 -6.32809
36.4624 11.0399 -7.74209
37.0404 9.1229 -4.43309
35.6064 11.8719 -2.11709
32.0934 10.8669 -0.928088
28.9304 12.9629 -1.58409
28.5574 14.0709 2.10391

32.3154 14.7129 2.69091
32.3064 16.9379 -0.476088
29.7454 19.2699 1.18791
31.5944 19.2149 4.57191
35.0304 20.0029 2.96391
33.2894 22.7719 0.940912
31.9554 24.2599 4.24091
35.4324 23.8769 5.89391
37.0804 25.8929 3.02591
34.2324 28.4929 3.07591
34.1584 29.0569 6.88691

37.7914 28.3939 8.02091
40.3754 31.1759 7.33491
43.1784 28.5479 7.78491
42.3674 26.5439 4.60691
44.3364 28.5249 1.98591

44.1944 26.0009 -0.927088
41.4344 23.8299 -2.40609
42.8964 20.9679 -4.53609
40.0404 20.0579 -6.90909
39.4664 17.5299 -9.69709

38.1544 19.4259 -12.7981
35.7254 16.5159 -13.5071
34.6624 15.6669 -9.91009
34.1754 19.2609 -8.54309
32.4534 20.7899 -11.6761
28.9924 20.3159 -9.98809
26.9944 21.2719 -6.83709
29.7614 23.0379 -4.84209
30.2104 26.8099 -4.15709
33.6634 28.3529 -3.44809
32.8264 32.0879 -3.00209
35.5364 32.4199 -0.249088
38.3204 32.3549 -2.92209
39.2044 35.1599 -5.41909

41.6514 33.0829 -7.56109
41.3424 29.9189 -9.70309
44.5094 28.1519 -10.9881
44.1324 25.5189 -13.7321

47.2924 23.3959 -13.2881
46.0834 21.3759 -16.3191
44.0724 22.1789 -19.4671
40.8794 20.2139 -20.2631
39.7934 19.6599 -23.9301
36.1474 20.6319 -23.1851

35.6074 24.4089 -22.5371
32.1344 23.8609 -20.9741
33.8354 21.9939 -18.0541
36.4544 24.7899 -17.6391
33.6174 27.4179 -17.4851
31.7374 25.1779 -14.9501
34.9154 25.1709 -12.7701
35.3894 29.0219 -13.0021

31.6914 29.4969 -11.9841
32.3654 27.6499 -8.70009
33.9864 30.9299 -7.43509
32.0544 33.4519 -9.58009
28.6704 32.9589 -7.75609
26.1304 35.1329 -5.87309
28.0544 36.0749 -2.67609
31.3624 36.8469 -4.49809
32.5914 40.4469 -3.78409
36.1134 40.3779 -5.39709
37.2164 40.3409 -9.08309

37.8384 36.6599 -9.90609
41.3284 35.8389 -11.2381
41.5904 32.7879 -13.5731
45.1514 31.5359 -14.3141
45.6554 28.8519 -17.0261
49.0754 27.1569 -16.5181
50.6084 26.1409 -19.9211

53.9974 24.6409 -20.9431
55.6984 25.1599 -24.3721
56.8044 21.7949 -25.8961
53.7814 19.8199 -24.4781
50.1094 18.8199 -25.1041

49.0974 22.4039 -24.0251
50.4164 23.7479 -27.4091
47.6364 21.7399 -29.2191
44.9374 21.8169 -26.4851
44.9014 25.6309 -26.0651
44.0904 26.4729 -29.7791
41.5054 23.5859 -29.7291
39.7964 25.0229 -26.5851
39.8094 28.5359 -28.2021
38.1164 27.4529 -31.4841
35.5154 25.5279 -29.3691
34.6734 28.6629 -27.2501
34.3134 30.6549 -30.5221
31.8404 28.0099 -31.8871
29.9184 28.2759 -28.5551
29.9334 32.1399 -28.7191
28.7064 32.2239 -32.3891

25.8334 29.9019 -31.2721
25.0334 32.4439 -28.4271
26.1094 29.8429 -25.7831
29.1294 31.7499 -24.3071
30.3044 35.3649 -23.7351
33.7624 33.9259 -23.0001
36.2364 35.0619 -25.6451
39.6764 33.3899 -25.1721
41.5614 35.1959 -28.0611

42.5674 38.2849 -25.9791
44.6154 36.0959 -23.5361
46.9624 34.7789 -26.3151
47.8134 38.1759 -27.8741

49.0784 39.1349 -24.3441
51.5634 36.1619 -23.9211

End chain 1
