-13.201 -6.296 -53.957
-10.703 -3.406 -53.291
-9.54 -3.087 -49.639
-11.02 0.322 -48.639
-8.614 1.85 -46.053
-10.787 3.126 -43.162

-9.634 6.195 -41.181
-10.061 4.9 -37.589
-10.286 6.838 -34.306
-12.195 7.103 -30.979
-14.163 9.439 -28.711
-12.619 10.223 -25.263
-14.157 12.207 -22.344

-11.943 15.248 -21.466
-14.301 16.978 -18.949
-17.827 16.65 -17.399
-19.139 18.761 -20.353

-16.752 17.96 -23.312
-15.482 14.956 -25.281
-12.62 14.751 -27.824
-12.437 12.939 -31.204
-8.982 11.264 -31.393
-8.672 10.357 -35.1

-6.282 10.744 -38.079
-6.98 13.557 -40.6
-9.895 13.022 -43.051

-11.208 15.853 -45.293
-14.92 14.856 -45.011
-14.611 14.37 -41.226
-13.015 17.857 -40.827
-15.875 19.254 -42.999
-18.403 17.482 -40.669
-16.559 18.759 -37.515
-16.844 22.341 -38.957

-20.697 21.797 -39.029
-20.861 21.033 -35.24
-22.116 23.933 -33.104
-20.016 23.255 -29.939
-16.791 22.621 -31.971

-13.393 23.436 -30.391
-10.011 22.816 -32.063
-6.805 22.812 -29.99

-3.883 23.919 -32.209
-1.328 22.314 -29.773
-2.753 18.736 -29.691
-4.334 19.137 -33.217

-7.578 17.622 -31.79
-11.313 18.386 -31.995
-13.683 18.544 -28.991
-17.466 19.001 -28.65
-20.131 19.402 -25.91

-21.257 16.038 -24.476
-24.923 16.743 -25.497
-23.731 16.722 -29.178
-22.178 13.179 -28.839
-25.228 11.354 -30.322
-25.57 14.044 -33.093
-21.852 13.682 -34.021
-21.815 9.829 -34.037
-25.045 9.774 -36.128
-23.507 12.176 -38.75
-20.093 10.348 -38.803

-21.793 6.948 -39.527
-22.962 8.546 -42.834
-19.328 9.196 -43.991
-17.677 6.563 -46.261
-14.251 5.2 -45.121

-14.46 6.789 -41.562
-14.765 4.819 -38.279
-15.142 6.964 -35.114
-15.663 4.659 -32.101

-18.218 6.249 -29.657
-17.862 6.903 -25.912
-18.35 3.469 -24.195
-21.794 2.549 -22.772
-20.235 2.829 -19.255
-19.534 6.58 -19.812
-22.964 7.196 -21.431
-24.623 5.531 -18.378
-22.42 7.523 -15.909

-23.028 10.919 -17.654
-26.668 10.153 -18.714
-27.851 13.482 -17.123

-25.214 15.594 -18.963
-26 13.8 -22.296
-29.631 15.147 -21.909

-29.014 18.802 -20.797
-28.522 21.656 -23.337
-27.494 23.803 -20.296
-24.374 24.206 -18.108
-26.03 23.63 -14.722
-23.195 22.587 -12.38
-23.731 19.355 -10.334

-27.219 19.392 -8.694
-26.798 20.208 -4.988
-26.578 17.032 -2.906
-29.814 16.999 -0.82
-29.276 16.946 2.956
-30.305 13.551 4.343

-32.727 13.25 7.268
-30.389 11.851 9.975
-33.077 12.019 12.787
-33.159 8.159 12.923
-29.32 8.149 13.454
-27.82 8.306 16.969

-27.52 12.074 17.913
-23.991 11.509 19.371
-22.796 10.469 15.867
-24.731 13.185 13.93
-23.402 16.008 16.22
-19.738 14.82 15.861

-19.687 14.822 11.995
-17.445 17.587 10.586

-19.106 19.692 7.763
-17.231 17.783 4.996
-18.064 14.402 6.666
-21.796 15.407 6.677
-21.562 16.318 2.947
-19.943 12.855 2.346
-22.788 11.075 4.244
-25.363 13.084 2.191
-23.555 12.165 -1.104
-23.43 8.459 -0.115
-27.196 8.491 0.728
-28.024 10.343 -2.565

-25.973 7.645 -4.472
-28.214 5.048 -2.67
-25.512 3.7 -0.27

-23.352 2.353 -3.174
-19.956 4.118 -3.237
-16.209 4.012 -2.721
-15.295 6.541 0.021

-11.694 7.195 -1.128

-11.135 10.189 1.225
-7.504 10.605 2.377

-6.048 8.715 5.398
-7.361 9.956 8.784
-10.233 12.169 7.374
-12.706 9.981 9.408

-13.844 7.354 6.831
-15.012 5.081 9.734
-17.363 7.714 11.316
-18.876 8.506 7.854
-19.282 4.738 7.09
-21.02 4.042 10.461
-23.415 6.996 9.798
-24.247 5.855 6.195
-24.846 2.277 7.463
-26.955 3.52 10.461
-29.227 5.531 8.078

-29.9 2.058 6.507

-30.384 0.293 9.981
-33.886 -0.857 8.77
-32.05 -2.956 6.062
-29.626 -4.868 8.41
-27.981 -7.413 9.17

-24.774 -5.448 8.488
-21.551 -7.137 7.269
-18.235 -5.328 7.997
-15.132 -6.739 6.223
-11.829 -5.357 7.603

-8.10503 -5.05873 6.71551
-4.55575 -5.67929 5.49052
-1.15322 -6.01954 3.8546
2.45388 -6.45008 4.93601

6.20915 -6.51457 5.51625
5.83419 -9.08632 8.28904
3.6925 -11.3081 6.07099
6.24875 -11.1351 3.26411
9.06212 -12.0815 5.6373
7.09492 -15.0631 6.93477
6.40677 -16.2712 3.39784
10.0882 -16.0141 2.4901
11.0864 -18.0013 5.5719
8.57735 -20.7325 4.74253
9.87843 -20.9803 1.18042

6.58043 -22.9843 1.44242
5.85043 -23.2253 5.25842
2.31343 -24.3843 4.15042
3.93743 -27.8763 3.60842
4.67143 -30.4603 6.31942

8.06943 -32.2793 6.05942
6.06343 -35.4953 5.28242
4.92143 -33.8423 1.99342

8.61043 -33.9913 0.778415
10.1964 -37.2993 -0.309585
14.0204 -37.2163 -0.716585

14.9994 -40.2913 -2.76258
18.3854 -41.4783 -1.42558
18.5004 -45.0123 -2.98458
17.2964 -46.9743 -6.06258
14.9324 -48.9953 -3.72758
12.9134 -45.9833 -2.48058
9.34943 -45.0923 -3.63858
9.62643 -42.1483 -6.09658
5.88543 -41.2773 -5.52458
5.78243 -41.3413 -1.67058
5.59343 -37.5073 -1.26158
3.62143 -34.6413 -2.80258

7.11343 -33.3153 -3.75958
9.63643 -36.0083 -4.83258
13.3654 -35.0733 -4.99458
15.6924 -37.4773 -6.91058
19.1724 -37.4703 -8.50658

20.0434 -37.9153 -12.2206
21.9444 -41.1843 -11.4226
18.8684 -42.7213 -9.68458
16.4014 -41.9443 -12.5756

17.7754 -44.8903 -14.6576
17.4144 -47.2483 -11.6146
13.8584 -45.9153 -10.9526
12.6874 -45.9903 -14.6586
9.97043 -48.5903 -13.7536
8.45843 -46.0113 -11.2856
8.74643 -43.0693 -13.8086
5.63043 -44.6083 -15.5196
3.51343 -42.6263 -12.9726
2.60743 -39.3123 -14.7456
4.33443 -36.4103 -12.9556
2.46543 -33.3903 -14.4376

4.99743 -30.8523 -13.0056
8.76543 -31.4733 -13.3686
11.6944 -29.3203 -12.1956
15.1844 -30.2853 -13.4376

18.0394 -28.4123 -11.7386
21.3604 -28.0403 -13.6466

19.6354 -29.5273 -16.7666
22.9364 -29.3823 -18.7656
23.4494 -32.9173 -17.2536
20.9274 -34.0413 -19.9736

23.1434 -32.6113 -22.8516
23.8404 -36.0843 -24.4086
20.7884 -38.1583 -25.5336
22.7074 -41.5233 -25.4356
23.3154 -41.2913 -21.6366

21.1504 -43.4443 -19.3056
20.1334 -40.2973 -17.2846
18.8694 -38.5843 -20.4906
17.1154 -41.7683 -21.8036
15.2404 -42.0803 -18.4456
14.3884 -38.3123 -18.1296
13.2364 -37.5283 -21.7226
10.0014 -39.6983 -21.8006
8.74043 -37.9613 -18.5966
9.69743 -34.4473 -19.8616
7.80843 -35.0013 -23.1836
4.55343 -36.1023 -21.3736

4.62943 -33.8193 -18.2626
2.32943 -30.7173 -18.5016

4.87543 -28.2913 -16.9016
8.68243 -28.5223 -17.4266
10.9324 -26.0983 -15.5076
14.5564 -26.6323 -16.6206
17.2744 -24.6963 -14.7096

20.9624 -24.1103 -15.6166
23.7034 -21.4633 -15.2246
25.4114 -22.8743 -18.3346
22.6994 -24.3973 -20.6296
25.4384 -25.1963 -23.1426
28.8574 -26.1313 -21.6746
30.8804 -25.9023 -24.9536
28.7414 -26.3603 -28.1616

25.2154 -25.7633 -29.6816
24.5564 -29.5713 -29.8986
24.2994 -29.6933 -26.0206
21.0824 -27.5453 -26.1766
19.0734 -30.0213 -28.3256
17.7974 -32.2013 -25.4116
16.7204 -29.0673 -23.4406
14.9634 -27.5813 -26.5556
12.9424 -30.8133 -27.1736
12.1564 -31.1013 -23.4116
10.5974 -27.5583 -23.3936

9.09443 -27.8293 -26.9696
8.70943 -31.5453 -28.0546
7.52943 -30.4263 -31.5776
10.7664 -28.4653 -32.3056
13.3644 -30.4113 -34.3896
11.8014 -33.9603 -34.0266
15.1254 -35.3923 -35.3686

18.6004 -34.1943 -34.2266
19.9824 -34.1973 -37.8296
17.8354 -31.1423 -38.8276
19.1364 -29.2063 -35.7566
22.7364 -30.3743 -36.4656
22.6734 -29.3373 -40.1816
21.4634 -25.8093 -39.2276
23.2984 -24.9953 -35.9396

26.1914 -27.5263 -35.5616
27.8504 -27.0433 -39.0396
27.2024 -30.7523 -39.6556

29.7794 -32.3993 -41.9866
29.5304 -35.7473 -43.8286
32.8104 -37.5903 -43.0716

33.8064 -41.0723 -44.4996
32.7564 -42.6393 -41.1126

29.4004 -40.7463 -40.7056
28.2364 -37.2633 -39.6116
30.3264 -34.8383 -37.5296

28.3154 -32.3673 -35.3356
31.2464 -30.7513 -33.3766
30.9154 -27.4243 -35.2696
28.6964 -24.3373 -34.9236
26.5684 -22.2773 -37.3626
23.8134 -19.5823 -37.4406

24.2734 -18.8653 -33.6656
22.4424 -15.4673 -33.7646
19.3424 -17.2433 -35.2216
19.6674 -19.9573 -32.5176
19.8484 -17.1893 -29.8246
16.6404 -15.5513 -31.1936
14.8074 -18.9463 -31.3026
15.9194 -19.7693 -27.7156
14.8604 -16.3713 -26.2286
11.4584 -16.3213 -28.0416
10.2814 -19.9303 -27.5066

12.5124 -21.9323 -25.0406

14.6454 -19.8743 -22.6566
14.5874 -16.9803 -20.1856

18.1904 -15.7383 -19.6526
19.4974 -12.7373 -17.6636
23.0724 -11.9023 -16.6896

24.5984 -10.4183 -13.4616
25.2094 -7.2143 -15.4836
21.4544 -6.9653 -16.3836
20.0144 -7.3353 -12.8236

22.8254 -6.8403 -10.2016
24.7864 -3.6053 -11.0326
26.2004 -3.8423 -7.43258
28.2054 -7.1103 -7.84858

32.0044 -6.4163 -7.86358
33.7574 -7.1503 -11.1876

35.4134 -10.5203 -11.9306
39.0294 -9.6723 -12.9086
40.5664 -12.5623 -14.9106
44.2454 -13.0603 -15.8576
46.6074 -15.6693 -17.2596
49.6484 -16.3643 -15.0186
52.4674 -17.9183 -17.0736

54.2474 -20.1193 -14.4826
57.9624 -20.3003 -15.2926

58.9464 -23.5313 -17.2156
62.5614 -23.0603 -15.8876
61.5234 -25.2523 -12.8656

60.4824 -28.0413 -15.3506
63.6204 -30.2223 -15.2846

65.1264 -31.4953 -18.5826
63.8144 -35.1133 -18.0416
60.1924 -33.9153 -17.4906
60.4694 -31.5853 -20.5516
61.8984 -34.4303 -22.7036
58.9604 -36.6473 -21.5186
56.4144 -33.9123 -22.5166
58.2114 -33.5143 -25.9066
58.1244 -37.3403 -26.3376
54.3514 -37.6493 -25.5896
53.6634 -34.5973 -27.8576
55.6184 -36.2733 -30.7446
53.8444 -39.5863 -29.9536
50.3474 -38.0343 -30.5376
51.4384 -36.7033 -34.0086

52.9184 -40.0333 -35.2606
51.0884 -41.1313 -38.4656
51.2294 -44.9113 -37.9306
49.3584 -45.0723 -34.5456
45.7854 -46.3003 -34.0386

42.9894 -43.9133 -32.8846
43.3084 -45.5753 -29.4216
47.1304 -45.1163 -29.1326
46.5794 -41.4143 -30.1036
43.9904 -41.0613 -27.2286
46.3584 -42.8813 -24.7916
49.3074 -40.5893 -25.7486
46.9564 -37.5513 -25.2926
45.9414 -38.7533 -21.7686
49.6564 -39.3343 -20.9616
50.6264 -35.8133 -22.2336
47.7994 -34.2743 -20.1186
48.7544 -36.2233 -16.9206
52.4874 -35.3063 -17.4876
51.4374 -31.6163 -17.8476
49.7864 -31.8053 -14.3876
52.9464 -33.3863 -12.8186
55.2464 -30.8253 -14.5466
53.2474 -27.8513 -13.1006
53.1944 -29.0473 -9.40258
56.4814 -27.2943 -8.26558
55.5444 -23.8613 -9.73758
51.8594 -24.2163 -8.69758
53.2004 -24.7643 -5.12658
55.6724 -21.8213 -5.51358
52.7454 -19.5703 -6.59658
50.4334 -20.7223 -3.70658
53.2384 -19.9543 -1.19558
53.8924 -16.5043 -2.82058
50.1434 -15.7073 -2.34458
50.2704 -16.7183 1.38042
53.5954 -14.8533 1.97042

51.9374 -11.7743 0.287415
49.4574 -11.7893 3.26142
46.2884 -13.0863 1.47042
43.5944 -14.0393 3.99842
41.3414 -16.3883 1.87442

41.5604 -17.9833 -1.60658
40.3924 -21.0593 -3.57758
42.7624 -23.4213 -5.45258
41.1764 -25.4883 -8.25658
42.7974 -28.6433 -9.72758

41.4154 -31.9443 -11.2046
44.2934 -34.4883 -11.1496

44.4244 -36.1723 -7.69658
48.2874 -35.9703 -7.63858
48.0574 -32.1133 -7.88058
45.4544 -31.9283 -5.03658
47.6154 -34.3633 -2.95058
50.8804 -32.3813 -3.50458
49.2034 -29.0023 -2.65858
47.6504 -30.4313 0.580415
50.9864 -32.0643 1.61042
52.9284 -28.7613 1.19042
50.2424 -26.7483 3.09842
50.4604 -29.3393 5.96342
54.3224 -29.1153 5.84842

54.0344 -25.2603 6.10442
51.3664 -25.6923 8.90542
48.7884 -23.7323 6.80342
45.1844 -24.4193 7.87242

43.1814 -25.4103 4.76142
40.0964 -27.3783 3.59542
40.0184 -30.0953 0.879415
37.0164 -31.1963 -1.26458

37.2824 -33.9183 -3.96258
35.4494 -37.0143 -5.37658
36.0274 -38.9313 -2.06758
34.5934 -36.1823 0.248415
31.0804 -37.1873 1.43742
27.9174 -35.0913 0.781415
27.5444 -33.9833 4.46942

31.3024 -33.3413 5.05642
31.2934 -31.1163 1.88942
28.7324 -28.7843 3.55342
30.5814 -28.8393 6.93742
34.0174 -28.0513 5.32942
32.2764 -25.2823 3.30642
30.9424 -23.7943 6.60642
34.4194 -24.1773 8.25942
36.0674 -22.1613 5.39142
33.2194 -19.5613 5.44142
33.1454 -18.9973 9.25242

36.7784 -19.6603 10.3864
39.3624 -16.8783 9.70042
42.1654 -19.5063 10.1504
41.3544 -21.5103 6.97242
43.3234 -19.5293 4.35142

43.1814 -22.0533 1.43842
40.4214 -24.2243 -0.0405849
41.8834 -27.0863 -2.17058
39.0274 -27.9963 -4.54358
38.4534 -30.5243 -7.33158

37.1414 -28.6283 -10.4326
34.7124 -31.5383 -11.1416
33.6494 -32.3873 -7.54458
33.1624 -28.7933 -6.17758
31.4404 -27.2643 -9.31058
27.9794 -27.7383 -7.62258
25.9814 -26.7823 -4.47158
28.7484 -25.0163 -2.47658
29.1974 -21.2443 -1.79158
32.6504 -19.7013 -1.08258
31.8134 -15.9663 -0.636585
34.5234 -15.6343 2.11642
37.3074 -15.6993 -0.556585
38.1914 -12.8943 -3.05358

40.6384 -14.9713 -5.19558
40.3294 -18.1353 -7.33758
43.4964 -19.9023 -8.62258
43.1194 -22.5353 -11.3666

46.2794 -24.6583 -10.9226
45.0704 -26.6783 -13.9536
43.0594 -25.8753 -17.1016
39.8664 -27.8403 -17.8976
38.7804 -28.3943 -21.5646
35.1344 -27.4223 -20.8196

34.5944 -23.6453 -20.1716
31.1214 -24.1933 -18.6086
32.8224 -26.0603 -15.6886
35.4414 -23.2643 -15.2736
32.6044 -20.6363 -15.1196
30.7244 -22.8763 -12.5846
33.9024 -22.8833 -10.4046
34.3764 -19.0323 -10.6366

30.6784 -18.5573 -9.61858
31.3524 -20.4043 -6.33458
32.9734 -17.1243 -5.06958
31.0414 -14.6023 -7.21458
27.6574 -15.0953 -5.39058
25.1174 -12.9213 -3.50758
27.0414 -11.9793 -0.310585
30.3494 -11.2073 -2.13258
31.5784 -7.6073 -1.41858
35.1004 -7.6763 -3.03158
36.2034 -7.7133 -6.71758

36.8254 -11.3943 -7.54058
40.3154 -12.2153 -8.87258
40.5774 -15.2663 -11.2076
44.1384 -16.5183 -11.9486
44.6424 -19.2023 -14.6606
48.0624 -20.8973 -14.1526
49.5954 -21.9133 -17.5556

52.9844 -23.4133 -18.5776
54.6854 -22.8943 -22.0066
55.7914 -26.2593 -23.5306
52.7684 -28.2343 -22.1126
49.0964 -29.2343 -22.7386

48.0844 -25.6503 -21.6596
49.4034 -24.3063 -25.0436
46.6234 -26.3143 -26.8536
43.9244 -26.2373 -24.1196
43.8884 -22.4233 -23.6996
43.0774 -21.5813 -27.4136
40.4924 -24.4683 -27.3636
38.7834 -23.0313 -24.2196
38.7964 -19.5183 -25.8366
37.1034 -20.6013 -29.1186
34.5024 -22.5263 -27.0036
33.6604 -19.3913 -24.8846
33.3004 -17.3993 -28.1566
30.8274 -20.0443 -29.5216
28.9054 -19.7783 -26.1896
28.9204 -15.9143 -26.3536
27.6934 -15.8303 -30.0236

24.8204 -18.1523 -28.9066
24.0204 -15.6103 -26.0616
25.0964 -18.2113 -23.4176
28.1164 -16.3043 -21.9416
29.2914 -12.6893 -21.3696
32.7494 -14.1283 -20.6346
35.2234 -12.9923 -23.2796
38.6634 -14.6643 -22.8066
40.5484 -12.8583 -25.6956

41.5544 -9.7693 -23.6136
43.6024 -11.9583 -21.1706
45.9494 -13.2753 -23.9496
46.8004 -9.8783 -25.5086

48.0654 -8.9193 -21.9786
50.5504 -11.8923 -21.5556

End chain 1
