-13.201 -6.296 -53.957
-10.703 -3.406 -53.291
-9.54 -3.087 -49.639
-11.02 0.322 -48.639
-8.614 1.85 -46.053
-10.787 3.126 -43.162

-9.634 6.195 -41.181
-10.061 4.9 -37.589
-10.286 6.838 -34.306
-12.195 7.103 -30.979
-14.163 9.439 -28.711
-12.619 10.223 -25.263
-14.157 12.207 -22.344

-11.943 15.248 -21.466
-14.301 16.978 -18.949
-17.827 16.65 -17.399
-19.139 18.761 -20.353

-16.752 17.96 -23.312
-15.482 14.956 -25.281
-12.62 14.751 -27.824
-12.437 12.939 -31.204
-8.982 11.264 -31.393
-8.672 10.357 -35.1

-6.282 10.744 -38.079
-6.98 13.557 -40.6
-9.895 13.022 -43.051

-11.208 15.853 -45.293
-14.92 14.856 -45.011
-14.611 14.37 -41.226
-13.015 17.857 -40.827
-15.875 19.254 -42.999
-18.403 17.482 -40.669
-16.559 18.759 -37.515
-16.844 22.341 -38.957

-20.6809 22.1598 -39.4627
-24.5201 21.9507 -40.0504
-25.8042 23.1892 -43.5167
-22.3159 21.6763 -44.1519
-22.4245 17.9914 -43.7885

-21.5067 17.2465 -47.3705
-23.7227 18.3704 -50.2347
-26.2701 20.4452 -52.228

-23.3481 21.5522 -54.447
-20.7931 19.9472 -52.011
-22.2181 16.3692 -51.929
-23.7991 16.7702 -55.455

-27.0431 15.2552 -54.028
-30.7781 16.0192 -54.233
-33.1481 16.1772 -51.229
-36.9311 16.6342 -50.888
-39.5961 17.0352 -48.148

-40.7221 13.6712 -46.714
-44.3881 14.3762 -47.735
-43.1961 14.3552 -51.416
-41.6431 10.8122 -51.077
-44.6931 8.98722 -52.56
-45.0351 11.6772 -55.331
-41.3171 11.3152 -56.259
-41.2801 7.46222 -56.275
-44.5101 7.40722 -58.366
-42.9721 9.80922 -60.988
-39.5581 7.98122 -61.041

-41.2581 4.58122 -61.765
-42.4271 6.17922 -65.072
-38.7931 6.82922 -66.229
-37.1421 4.19622 -68.499
-33.7161 2.83322 -67.359

-33.9251 4.42222 -63.8
-34.2301 2.45222 -60.517
-34.6071 4.59722 -57.352
-35.1281 2.29222 -54.339

-37.6831 3.88222 -51.895
-37.3271 4.53622 -48.15
-37.8151 1.10222 -46.433
-41.2591 0.182219 -45.01
-39.7001 0.462219 -41.493
-38.9991 4.21322 -42.05
-42.4291 4.82922 -43.669
-44.0881 3.16422 -40.616
-41.8851 5.15622 -38.147

-42.4931 8.55222 -39.892
-46.1331 7.78622 -40.952
-47.3161 11.1152 -39.361

-44.6791 13.2272 -41.201
-45.4651 11.4332 -44.534
-49.0961 12.7802 -44.147

-48.4791 16.4352 -43.035
-47.9871 19.2892 -45.575
-46.9591 21.4362 -42.534
-43.8391 21.8392 -40.346
-45.4951 21.2632 -36.96
-42.6601 20.2202 -34.618
-43.1961 16.9882 -32.572

-46.6841 17.0252 -30.932
-46.2631 17.8412 -27.226
-46.0431 14.6652 -25.144
-49.2791 14.6322 -23.058
-48.7411 14.5792 -19.282
-49.7701 11.1842 -17.895

-52.1921 10.8832 -14.97
-49.8541 9.48422 -12.263
-52.5421 9.65222 -9.45099
-52.6241 5.79222 -9.31499
-48.7851 5.78222 -8.78399
-47.2851 5.93922 -5.26899

-46.9851 9.70722 -4.32499
-43.4561 9.14222 -2.86699
-42.2611 8.10222 -6.37099
-44.1961 10.8182 -8.30799
-42.8671 13.6412 -6.01799
-39.2031 12.4532 -6.37699

-39.1521 12.4552 -10.243
-36.9101 15.2202 -11.652

-38.5711 17.3252 -14.475
-36.6961 15.4162 -17.242
-37.5291 12.0352 -15.572
-41.2611 13.0402 -15.561
-41.0271 13.9512 -19.291
-39.4081 10.4882 -19.892
-42.2531 8.70822 -17.994
-44.8281 10.7172 -20.047
-43.0201 9.79822 -23.342
-42.8951 6.09222 -22.353
-46.6611 6.12422 -21.51
-47.4891 7.97622 -24.803

-45.4381 5.27822 -26.71
-47.6791 2.68122 -24.908
-44.9771 1.33322 -22.508

-42.8171 -0.013781 -25.412
-39.4211 1.75122 -25.475
-35.6741 1.64522 -24.959
-34.7601 4.17422 -22.217

-31.1591 4.82822 -23.366

-30.6001 7.82222 -21.013
-26.9691 8.23822 -19.861

-25.5131 6.34822 -16.84
-26.8261 7.58922 -13.454
-29.6981 9.80222 -14.864
-32.1711 7.61422 -12.83

-33.3091 4.98722 -15.407
-34.4771 2.71422 -12.504
-36.8281 5.34722 -10.922
-38.3411 6.13922 -14.384
-38.7471 2.37122 -15.148
-40.4851 1.67522 -11.777
-42.8801 4.62922 -12.44
-43.7121 3.48822 -16.043
-44.3111 -0.089781 -14.775
-46.4201 1.15322 -11.777
-48.6921 3.16422 -14.16

-49.3651 -0.308781 -15.731

-49.8491 -2.07378 -12.257
-53.3511 -3.22378 -13.468
-51.5151 -5.32278 -16.176
-49.0911 -7.23478 -13.828
-47.4461 -9.77978 -13.068

-44.2391 -7.81478 -13.75
-41.0161 -9.50378 -14.969
-37.7001 -7.69478 -14.241
-34.5971 -9.10578 -16.015
-31.2941 -7.72378 -14.635

-27.5151 -8.38278 -14.252
-26.8811 -11.1868 -11.671
-25.3211 -8.67178 -9.14499
-28.1541 -6.00678 -9.03899

-31.2231 -8.23478 -8.23499
-31.3601 -7.11978 -4.56299
-30.6191 -3.46878 -5.60799
-33.8301 -3.67078 -7.73199
-35.8791 -5.26378 -4.86299
-34.7331 -2.44678 -2.50899
-35.5741 0.109219 -5.26899
-39.1871 -1.25578 -5.47799
-39.5471 -1.22678 -1.62699
-38.0611 2.33322 -1.51499
-40.2881 3.82822 -4.25999

-43.5861 1.82422 -3.99799
-44.3161 1.58322 -0.181987
-47.8531 0.424219 -1.28999
-46.2291 -3.06778 -1.83199
-45.4951 -5.65178 0.879013

-42.0971 -7.47078 0.619013
-44.1031 -10.6868 -0.157987
-45.2451 -9.03378 -3.44699

-41.5561 -9.18278 -4.66199
-39.9701 -12.4908 -5.74999
-36.1461 -12.4078 -6.15699

-35.1671 -15.4828 -8.20299
-31.7811 -16.6698 -6.86599
-31.6661 -20.2038 -8.42499
-32.8701 -22.1658 -11.503
-35.2341 -24.1868 -9.16799
-37.2531 -21.1748 -7.92099
-40.8171 -20.2838 -9.07899
-40.5401 -17.3398 -11.537
-44.2811 -16.4688 -10.965
-44.3841 -16.5328 -7.11099
-44.5731 -12.6988 -6.70199
-46.5451 -9.83278 -8.24299

-43.0531 -8.50678 -9.19999
-40.5301 -11.1998 -10.273
-36.8011 -10.2648 -10.435
-34.4741 -12.6688 -12.351
-30.9941 -12.6618 -13.947

-30.1231 -13.1068 -17.661
-28.2221 -16.3758 -16.863
-31.2981 -17.9128 -15.125
-33.7651 -17.1358 -18.016

-32.3911 -20.0818 -20.098
-32.7521 -22.4398 -17.055
-36.3081 -21.1068 -16.393
-37.4791 -21.1818 -20.099
-40.1961 -23.7818 -19.194
-41.7081 -21.2028 -16.726
-41.4201 -18.2608 -19.249
-44.5361 -19.7998 -20.96
-46.6531 -17.8178 -18.413
-47.5591 -14.5038 -20.186
-45.8321 -11.6018 -18.396
-47.7011 -8.58178 -19.878

-45.1691 -6.04378 -18.446
-41.4011 -6.66478 -18.809
-38.4721 -4.51178 -17.636
-34.9821 -5.47678 -18.878

-32.1271 -3.60378 -17.179
-28.8061 -3.23178 -19.087

-30.5311 -4.71878 -22.207
-27.2301 -4.57378 -24.206
-26.7171 -8.10878 -22.694
-29.2391 -9.23278 -25.414

-27.0231 -7.80278 -28.292
-26.3261 -11.2758 -29.849
-29.3781 -13.3498 -30.974
-27.4591 -16.7148 -30.876
-26.8511 -16.4828 -27.077

-29.0161 -18.6358 -24.746
-30.0331 -15.4888 -22.725
-31.2971 -13.7758 -25.931
-33.0511 -16.9598 -27.244
-34.9261 -17.2718 -23.886
-35.7781 -13.5038 -23.57
-36.9301 -12.7198 -27.163
-40.1651 -14.8898 -27.241
-41.4261 -13.1528 -24.037
-40.4691 -9.63878 -25.302
-42.3581 -10.1928 -28.624
-45.6131 -11.2938 -26.814

-45.5371 -9.01078 -23.703
-47.8371 -5.90878 -23.942

-45.2911 -3.48278 -22.342
-41.4841 -3.71378 -22.867
-39.2341 -1.28978 -20.948
-35.6101 -1.82378 -22.061
-32.8921 0.112219 -20.15

-29.2041 0.698219 -21.057
-26.4631 3.34522 -20.665
-24.7551 1.93422 -23.775
-27.4671 0.411219 -26.07
-24.7281 -0.387781 -28.583
-21.3091 -1.32278 -27.115
-19.2861 -1.09378 -30.394
-21.4251 -1.55178 -33.602

-24.9511 -0.954781 -35.122
-25.6101 -4.76278 -35.339
-25.8671 -4.88478 -31.461
-29.0841 -2.73678 -31.617
-31.0931 -5.21278 -33.766
-32.3691 -7.39278 -30.852
-33.4461 -4.25878 -28.881
-35.2031 -2.77278 -31.996
-37.2241 -6.00478 -32.614
-38.0101 -6.29278 -28.852
-39.5691 -2.74978 -28.834

-41.0721 -3.02078 -32.41
-41.4571 -6.73678 -33.495
-42.6371 -5.61778 -37.018
-39.4001 -3.65678 -37.746
-36.8021 -5.60278 -39.83
-38.3651 -9.15178 -39.467
-35.0411 -10.5838 -40.809

-31.5661 -9.38578 -39.667
-30.1841 -9.38878 -43.27
-32.3311 -6.33378 -44.268
-31.0301 -4.39778 -41.197
-27.4301 -5.56578 -41.906
-27.4931 -4.52878 -45.622
-28.7031 -1.00078 -44.668
-26.8681 -0.186781 -41.38

-23.9751 -2.71778 -41.002
-22.3161 -2.23478 -44.48
-22.9641 -5.94378 -45.096

-20.3871 -7.59078 -47.427
-20.6361 -10.9388 -49.269
-17.3561 -12.7818 -48.512

-16.3601 -16.2638 -49.94
-17.4101 -17.8308 -46.553

-20.7661 -15.9378 -46.146
-21.9301 -12.4548 -45.052
-19.8401 -10.0298 -42.97

-21.8511 -7.55878 -40.776
-18.9201 -5.94278 -38.817
-19.2511 -2.61578 -40.71
-21.4701 0.471219 -40.364
-23.5981 2.53122 -42.803
-26.3531 5.22622 -42.881

-25.8931 5.94322 -39.106
-27.7241 9.34122 -39.205
-30.8241 7.56522 -40.662
-30.4991 4.85122 -37.958
-30.3181 7.61922 -35.265
-33.5261 9.25722 -36.634
-35.3591 5.86222 -36.743
-34.2471 5.03922 -33.156
-35.3061 8.43722 -31.669
-38.7081 8.48722 -33.482
-39.8851 4.87822 -32.947

-37.6541 2.87622 -30.481

-35.5211 4.93422 -28.097
-35.5791 7.82822 -25.626

-31.9761 9.07022 -25.093
-30.6691 12.0712 -23.104
-27.0941 12.9062 -22.13

-25.5681 14.3902 -18.902
-24.9571 17.5942 -20.924
-28.7121 17.8432 -21.824
-30.1521 17.4732 -18.264

-27.3411 17.9682 -15.642
-25.3801 21.2032 -16.473
-23.9661 20.9662 -12.873
-21.9611 17.6982 -13.289

-18.1621 18.3922 -13.304
-16.4091 17.6582 -16.628

-14.7531 14.2882 -17.371
-11.1371 15.1362 -18.349
-9.60014 12.2462 -20.351
-5.92114 11.7482 -21.298
-3.55914 9.13922 -22.7
-0.518136 8.44422 -20.459
2.30086 6.89022 -22.514

4.08086 4.68922 -19.923
7.79586 4.50822 -20.733

8.77986 1.27722 -22.656
12.3949 1.74822 -21.328
11.3569 -0.443781 -18.306

10.3159 -3.23278 -20.791
13.4539 -5.41378 -20.725

14.9599 -6.68678 -24.023
13.6479 -10.3048 -23.482
10.0259 -9.10678 -22.931
10.3029 -6.77678 -25.992
11.7319 -9.62178 -28.144
8.79386 -11.8388 -26.959
6.24786 -9.10378 -27.957
8.04486 -8.70578 -31.347
7.95786 -12.5318 -31.778
4.18486 -12.8408 -31.03
3.49686 -9.78878 -33.298
5.45186 -11.4648 -36.185
3.67786 -14.7778 -35.394
0.180864 -13.2258 -35.978
1.27186 -11.8948 -39.449

2.75186 -15.2248 -40.701
0.921864 -16.3228 -43.906
1.06286 -20.1028 -43.371
-0.808136 -20.2638 -39.986
-4.38114 -21.4918 -39.479

-7.17714 -19.1048 -38.325
-6.85814 -20.7668 -34.862
-3.03614 -20.3078 -34.573
-3.58714 -16.6058 -35.544
-6.17614 -16.2528 -32.669
-3.80814 -18.0728 -30.232
-0.859136 -15.7808 -31.189
-3.21014 -12.7428 -30.733
-4.22514 -13.9448 -27.209
-0.510136 -14.5258 -26.402
0.459864 -11.0048 -27.674
-2.36714 -9.46578 -25.559
-1.41214 -11.4148 -22.361
2.32086 -10.4978 -22.928
1.27086 -6.80778 -23.288
-0.380136 -6.99678 -19.828
2.77986 -8.57778 -18.259
5.07986 -6.01678 -19.987
3.08086 -3.04278 -18.541
3.02786 -4.23878 -14.843
6.31486 -2.48578 -13.706
5.37786 0.947219 -15.178
1.69286 0.592219 -14.138
3.03386 0.044219 -10.567
5.50586 2.98722 -10.954
2.57886 5.23822 -12.037
0.266864 4.08622 -9.14699
3.07186 4.85422 -6.63599
3.72586 8.30422 -8.26099
-0.0231359 9.10122 -7.78499
0.103864 8.09022 -4.05999
3.42886 9.95522 -3.46999

1.77086 13.0342 -5.15299
-0.709136 13.0192 -2.17899
-3.87814 11.7222 -3.96999
-6.57214 10.7692 -1.44199
-8.82514 8.42022 -3.56599

-8.60614 6.82522 -7.04699
-9.77414 3.74922 -9.01799
-7.40414 1.38722 -10.893
-8.99014 -0.679781 -13.697
-7.36914 -3.83478 -15.168

-8.75114 -7.13578 -16.645
-5.87314 -9.67978 -16.59

-5.74214 -11.3638 -13.137
-1.87914 -11.1618 -13.079
-2.10914 -7.30478 -13.321
-4.71214 -7.11978 -10.477
-2.55114 -9.55478 -8.39099
0.713864 -7.57278 -8.94499
-0.963136 -4.19378 -8.09899
-2.51614 -5.62278 -4.85999
0.819864 -7.25578 -3.82999
2.76186 -3.95278 -4.24999
0.0758641 -1.93978 -2.34199
0.293864 -4.53078 0.523013
4.15586 -4.30678 0.408013

3.86786 -0.451781 0.664013
1.19986 -0.883781 3.46501
-1.37814 1.07622 1.36301
-4.98214 0.389219 2.43201

-6.98514 -0.601781 -0.678987
-10.0701 -2.56978 -1.84499
-10.1481 -5.28678 -4.56099
-13.1501 -6.38778 -6.70499

-12.8841 -9.10978 -9.40299
-14.7171 -12.2058 -10.817
-14.1391 -14.1228 -7.50799
-15.5731 -11.3738 -5.19199
-19.0861 -12.3788 -4.00299
-22.2491 -10.2828 -4.65899
-22.6221 -9.17478 -0.970987

-18.8641 -8.53278 -0.383987
-18.8731 -6.30778 -3.55099
-21.4341 -3.97578 -1.88699
-19.5851 -4.03078 1.49701
-16.1491 -3.24278 -0.110987
-17.8901 -0.473781 -2.13399
-19.2241 1.01422 1.16601
-15.7471 0.631219 2.81901
-14.0991 2.64722 -0.048987
-16.9471 5.24722 0.001013
-17.0211 5.81122 3.81201

-13.3881 5.14822 4.94601
-10.8041 7.93022 4.26001
-8.00114 5.30222 4.71001
-8.81214 3.29822 1.53201
-6.84314 5.27922 -1.08899

-6.98514 2.75522 -4.00199
-9.74514 0.584219 -5.48099
-8.28314 -2.27778 -7.61099
-11.1391 -3.18778 -9.98399
-11.7131 -5.71578 -12.772

-13.0251 -3.81978 -15.873
-15.4541 -6.72978 -16.582
-16.5171 -7.57878 -12.985
-17.0041 -3.98478 -11.618
-18.7261 -2.45578 -14.751
-22.1871 -2.92978 -13.063
-24.1851 -1.97378 -9.91199
-21.4181 -0.207781 -7.91699
-20.9691 3.56422 -7.23199
-17.5161 5.10722 -6.52299
-18.3531 8.84222 -6.07699
-15.6431 9.17422 -3.32399
-12.8591 9.10922 -5.99699
-11.9751 11.9142 -8.49399

-9.52814 9.83722 -10.636
-9.83714 6.67322 -12.778
-6.67014 4.90622 -14.063
-7.04714 2.27322 -16.807

-3.88714 0.150219 -16.363
-5.09614 -1.86978 -19.394
-7.10714 -1.06678 -22.542
-10.3001 -3.03178 -23.338
-11.3861 -3.58578 -27.005
-15.0321 -2.61378 -26.26

-15.5721 1.16322 -25.612
-19.0451 0.615219 -24.049
-17.3441 -1.25178 -21.129
-14.7251 1.54422 -20.714
-17.5621 4.17222 -20.56
-19.4421 1.93222 -18.025
-16.2641 1.92522 -15.845
-15.7901 5.77622 -16.077

-19.4881 6.25122 -15.059
-18.8141 4.40422 -11.775
-17.1931 7.68422 -10.51
-19.1251 10.2062 -12.655
-22.5091 9.71322 -10.831
-25.0491 11.8872 -8.94799
-23.1251 12.8292 -5.75099
-19.8171 13.6012 -7.57299
-18.5881 17.2012 -6.85899
-15.0661 17.1322 -8.47199
-13.9631 17.0952 -12.158

-13.3411 13.4142 -12.981
-9.85114 12.5932 -14.313
-9.58914 9.54222 -16.648
-6.02814 8.29022 -17.389
-5.52414 5.60622 -20.101
-2.10414 3.91122 -19.593
-0.571136 2.89522 -22.996

2.81786 1.39522 -24.018
4.51886 1.91422 -27.447
5.62486 -1.45078 -28.971
2.60186 -3.42578 -27.553
-1.07014 -4.42578 -28.179

-2.08214 -0.841781 -27.1
-0.763136 0.502219 -30.484
-3.54314 -1.50578 -32.294
-6.24214 -1.42878 -29.56
-6.27814 2.38522 -29.14
-7.08914 3.22722 -32.854
-9.67414 0.340219 -32.804
-11.3831 1.77722 -29.66
-11.3701 5.29022 -31.277
-13.0631 4.20722 -34.559
-15.6641 2.28222 -32.444
-16.5061 5.41722 -30.325
-16.8661 7.40922 -33.597
-19.3391 4.76422 -34.962
-21.2611 5.03022 -31.63
-21.2461 8.89422 -31.794
-22.4731 8.97822 -35.464

-25.3461 6.65622 -34.347
-26.1461 9.19822 -31.502
-25.0701 6.59722 -28.858
-22.0501 8.50422 -27.382
-20.8751 12.1192 -26.81
-17.4171 10.6802 -26.075
-14.9431 11.8162 -28.72
-11.5031 10.1442 -28.247
-9.61814 11.9502 -31.136

-8.61214 15.0392 -29.054
-6.56414 12.8502 -26.611
-4.21714 11.5332 -29.39
-3.36614 14.9302 -30.949

-2.10114 15.8892 -27.419
0.383864 12.9162 -26.996

End chain 1
