-13.201 -6.296 -53.957
-10.703 -3.406 -53.291
-9.54 -3.087 -49.639
-11.02 0.322 -48.639
-8.614 1.85 -46.053
-10.787 3.126 -43.162

-9.634 6.195 -41.181
-10.061 4.9 -37.589
-10.286 6.838 -34.306
-12.195 7.103 -30.979
-14.163 9.439 -28.711
-12.619 10.223 -25.263
-14.157 12.207 -22.344

-11.943 15.248 -21.466
-14.301 16.978 -18.949
-17.827 16.65 -17.399
-19.139 18.761 -20.353

-16.752 17.96 -23.312
-15.482 14.956 -25.281
-12.62 14.751 -27.824
-12.437 12.939 -31.204
-8.982 11.264 -31.393
-8.672 10.357 -35.1

-6.282 10.744 -38.079
-6.98 13.557 -40.6
-9.895 13.022 -43.051

-11.208 15.853 -45.293
-14.92 14.856 -45.011
-14.611 14.37 -41.226
-13.015 17.857 -40.827
-15.875 19.254 -42.999
-18.403 17.482 -40.669
-16.559 18.759 -37.515
-16.844 22.341 -38.957

-20.697 21.797 -39.029
-20.861 21.033 -35.24
-22.116 23.933 -33.104
-20.016 23.255 -29.939
-16.791 22.621 -31.971

-13.393 23.436 -30.391
-10.011 22.816 -32.063
-6.805 22.812 -29.99

-3.883 23.919 -32.209
-1.328 22.314 -29.773
-2.753 18.736 -29.691
-4.334 19.137 -33.217

-7.578 17.622 -31.79
-11.313 18.386 -31.995
-13.683 18.544 -28.991
-17.466 19.001 -28.65
-20.131 19.402 -25.91

-21.257 16.038 -24.476
-24.923 16.743 -25.497
-23.731 16.722 -29.178
-22.178 13.179 -28.839
-25.228 11.354 -30.322
-25.57 14.044 -33.093
-21.852 13.682 -34.021
-21.815 9.829 -34.037
-25.045 9.774 -36.128
-23.507 12.176 -38.75
-20.093 10.348 -38.803

-21.793 6.948 -39.527
-22.962 8.546 -42.834
-19.328 9.196 -43.991
-17.677 6.563 -46.261
-14.251 5.2 -45.121

-14.46 6.789 -41.562
-14.765 4.819 -38.279
-15.142 6.964 -35.114
-15.663 4.659 -32.101

-18.218 6.249 -29.657
-17.862 6.903 -25.912
-18.35 3.469 -24.195
-21.794 2.549 -22.772
-20.235 2.829 -19.255
-19.534 6.58 -19.812
-22.964 7.196 -21.431
-24.623 5.531 -18.378
-22.42 7.523 -15.909

-23.028 10.919 -17.654
-26.668 10.153 -18.714
-27.851 13.482 -17.123

-25.214 15.594 -18.963
-26 13.8 -22.296
-29.631 15.147 -21.909

-29.014 18.802 -20.797
-28.522 21.656 -23.337
-27.494 23.803 -20.296
-24.374 24.206 -18.108
-26.03 23.63 -14.722
-23.195 22.587 -12.38
-23.731 19.355 -10.334

-27.219 19.392 -8.694
-26.798 20.208 -4.988
-26.578 17.032 -2.906
-29.814 16.999 -0.82
-29.276 16.946 2.956
-30.305 13.551 4.343

-32.727 13.25 7.268
-30.389 11.851 9.975
-33.077 12.019 12.787
-33.159 8.159 12.923
-29.32 8.149 13.454
-27.82 8.306 16.969

-27.52 12.074 17.913
-23.991 11.509 19.371
-22.796 10.469 15.867
-24.731 13.185 13.93
-23.402 16.008 16.22
-19.738 14.82 15.861

-19.687 14.822 11.995
-17.445 17.587 10.586

-19.106 19.692 7.763
-17.231 17.783 4.996
-18.064 14.402 6.666
-21.796 15.407 6.677
-21.562 16.318 2.947
-19.943 12.855 2.346
-22.788 11.075 4.244
-25.363 13.084 2.191
-23.555 12.165 -1.104
-23.43 8.459 -0.115
-27.196 8.491 0.728
-28.024 10.343 -2.565

-27.5707 6.83726 -3.91624
-25.6864 4.91195 -1.14756
-23.1521 2.93796 0.743537

-22.9011 0.345855 3.43626
-22.2378 -1.23409 6.72995
-20.3328 -3.93633 8.40731
-22.2297 -7.12394 9.60623

-18.6287 -6.46994 8.45723

-18.0697 -3.47594 10.8102
-14.4387 -3.05994 11.9622

-12.9827 -4.94994 14.9832
-14.2957 -3.70894 18.3692
-17.1677 -1.49594 16.9592
-19.6407 -3.68394 18.9932

-20.7787 -6.31094 16.4162
-21.9467 -8.58394 19.3192
-24.2977 -5.95094 20.9012
-25.8107 -5.15894 17.4392
-26.2167 -8.92694 16.6752
-27.9547 -9.62294 20.0462
-30.3497 -6.66894 19.3832
-31.1817 -7.80994 15.7802
-31.7807 -11.3879 17.0482
-33.8897 -10.1449 20.0462
-36.1617 -8.13394 17.6632

-36.8347 -11.6069 16.0922

-37.3187 -13.3719 19.5662
-40.8207 -14.5219 18.3552
-38.9847 -16.6209 15.6472
-36.5607 -18.5329 17.9952
-34.9157 -21.0779 18.7552

-31.7087 -19.1129 18.0732
-28.4857 -20.8019 16.8542
-25.1697 -18.9929 17.5822
-22.0667 -20.4039 15.8082
-18.7637 -19.0219 17.1882

-14.9847 -19.6809 17.5712
-14.3507 -22.4849 20.1522
-12.7907 -19.9699 22.6782
-15.6237 -17.3049 22.7842

-18.6927 -19.5329 23.5882
-18.8297 -18.4179 27.2602
-18.0887 -14.7669 26.2152
-21.2997 -14.9689 24.0912
-23.3487 -16.5619 26.9602
-22.2027 -13.7449 29.3142
-23.0437 -11.1889 26.5542
-26.6567 -12.5539 26.3452
-27.0167 -12.5249 30.1962
-25.5307 -8.96494 30.3082
-27.7577 -7.46994 27.5632

-31.0557 -9.47394 27.8252
-31.7857 -9.71494 31.6412
-35.3227 -10.8739 30.5332
-33.6987 -14.3659 29.9912
-32.9647 -16.9499 32.7022

-29.5667 -18.7689 32.4422
-31.5727 -21.9849 31.6652
-32.7147 -20.3319 28.3762

-29.0257 -20.4809 27.1612
-27.4397 -23.7889 26.0732
-23.6157 -23.7059 25.6662

-22.6367 -26.7809 23.6202
-19.2507 -27.9679 24.9572
-19.1357 -31.5019 23.3982
-20.3397 -33.4639 20.3202
-22.7037 -35.4849 22.6552
-24.7227 -32.4729 23.9022
-28.2867 -31.5819 22.7442
-28.0097 -28.6379 20.2862
-31.7507 -27.7669 20.8582
-31.8537 -27.8309 24.7122
-32.0427 -23.9969 25.1212
-34.0147 -21.1309 23.5802

-30.5227 -19.8049 22.6232
-27.9997 -22.4979 21.5502
-24.2707 -21.5629 21.3882
-21.9437 -23.9669 19.4722
-18.4637 -23.9599 17.8762

-17.5927 -24.4049 14.1622
-15.6917 -27.6739 14.9602
-18.7677 -29.2109 16.6982
-21.2347 -28.4339 13.8072

-19.8607 -31.3799 11.7252
-20.2217 -33.7379 14.7682
-23.7777 -32.4049 15.4302
-24.9487 -32.4799 11.7242
-27.6657 -35.0799 12.6292
-29.1777 -32.5009 15.0972
-28.8897 -29.5589 12.5742
-32.0057 -31.0979 10.8632
-34.1227 -29.1159 13.4102
-35.0287 -25.8019 11.6372
-33.3017 -22.8999 13.4272
-35.1707 -19.8799 11.9452

-32.6387 -17.3419 13.3772
-28.8707 -17.9629 13.0142
-25.9417 -15.8099 14.1872
-22.4517 -16.7749 12.9452

-19.5967 -14.9019 14.6442
-16.2757 -14.5299 12.7362

-18.0007 -16.0169 9.61623
-14.6997 -15.8719 7.61723
-14.1867 -19.4069 9.12923
-16.7087 -20.5309 6.40923

-14.4927 -19.1009 3.53123
-13.7957 -22.5739 1.97423
-16.8477 -24.6479 0.849227
-14.9287 -28.0129 0.947227
-14.3207 -27.7809 4.74623

-16.4857 -29.9339 7.07723
-17.5027 -26.7869 9.09823
-18.7667 -25.0739 5.89223
-20.5207 -28.2579 4.57923
-22.3957 -28.5699 7.93723
-23.2477 -24.8019 8.25323
-24.3997 -24.0179 4.66023
-27.6347 -26.1879 4.58223
-28.8957 -24.4509 7.78623
-27.9387 -20.9369 6.52123
-29.8277 -21.4909 3.19923
-33.0827 -22.5919 5.00923

-33.0067 -20.3089 8.12023
-35.3067 -17.2069 7.88123

-32.7607 -14.7809 9.48123
-28.9537 -15.0119 8.95623
-26.7037 -12.5879 10.8752
-23.0797 -13.1219 9.76223
-20.3617 -11.1859 11.6732

-16.6737 -10.5999 10.7662
-13.9327 -7.95294 11.1582
-12.2247 -9.36394 8.04823
-14.9367 -10.8869 5.75323
-12.1977 -11.6859 3.24023
-8.77866 -12.6209 4.70823
-6.75566 -12.3919 1.42923
-8.89466 -12.8499 -1.77877

-12.4207 -12.2529 -3.29877
-13.0797 -16.0609 -3.51577
-13.3367 -16.1829 0.362227
-16.5537 -14.0349 0.206227
-18.5627 -16.5109 -1.94277
-19.8387 -18.6909 0.971227
-20.9157 -15.5569 2.94223
-22.6727 -14.0709 -0.172773
-24.6937 -17.3029 -0.790773
-25.4797 -17.5909 2.97123
-27.0387 -14.0479 2.98923

-28.5417 -14.3189 -0.586773
-28.9267 -18.0349 -1.67177
-30.1067 -16.9159 -5.19477
-26.8697 -14.9549 -5.92277
-24.2717 -16.9009 -8.00677
-25.8347 -20.4499 -7.64377
-22.5107 -21.8819 -8.98577

-19.0357 -20.6839 -7.84377
-17.6537 -20.6869 -11.4468
-19.8007 -17.6319 -12.4448
-18.4997 -15.6959 -9.37377
-14.8997 -16.8639 -10.0828
-14.9627 -15.8269 -13.7988
-16.1727 -12.2989 -12.8448
-14.3377 -11.4849 -9.55677

-11.4447 -14.0159 -9.17877
-9.78566 -13.5329 -12.6568
-10.4337 -17.2419 -13.2728

-7.85666 -18.8889 -15.6038
-8.10566 -22.2369 -17.4458
-4.82566 -24.0799 -16.6888

-3.82966 -27.5619 -18.1168
-4.87966 -29.1289 -14.7298

-8.23566 -27.2359 -14.3228
-9.39966 -23.7529 -13.2288
-7.30966 -21.3279 -11.1468

-9.32066 -18.8569 -8.95277
-6.38966 -17.2409 -6.99377
-6.72066 -13.9139 -8.88677
-8.93966 -10.8269 -8.54077
-11.0677 -8.76694 -10.9798
-13.8227 -6.07194 -11.0578

-13.3627 -5.35494 -7.28277
-15.1937 -1.95694 -7.38177
-18.2937 -3.73294 -8.83877
-17.9687 -6.44694 -6.13477
-17.7877 -3.67894 -3.44177
-20.9957 -2.04094 -4.81077
-22.8287 -5.43594 -4.91977
-21.7167 -6.25894 -1.33277
-22.7757 -2.86094 0.154227
-26.1777 -2.81094 -1.65877
-27.3547 -6.41994 -1.12377

-25.1237 -8.42194 1.34223

-22.9907 -6.36394 3.72623
-23.0487 -3.46994 6.19723

-19.4457 -2.22794 6.73023
-18.1387 0.773063 8.71923
-14.5637 1.60806 9.69323

-13.0377 3.09206 12.9212
-12.4267 6.29606 10.8992
-16.1817 6.54506 9.99923
-17.6217 6.17506 13.5592

-14.8107 6.67006 16.1812
-12.8497 9.90506 15.3502
-11.4357 9.66806 18.9502
-9.43066 6.40006 18.5342

-5.63166 7.09406 18.5192
-3.87866 6.36006 15.1952

-2.22266 2.99006 14.4522
1.39334 3.83806 13.4742
2.93034 0.948063 11.4722
6.60934 0.450063 10.5252
8.97134 -2.15894 9.12323
12.0123 -2.85394 11.3642
14.8313 -4.40794 9.30923

16.6113 -6.60894 11.9002
20.3263 -6.78994 11.0902

21.3103 -10.0209 9.16723
24.9253 -9.54994 10.4952
23.8873 -11.7419 13.5172

22.8463 -14.5309 11.0322
25.9843 -16.7119 11.0982

27.4903 -17.9849 7.80023
26.1783 -21.6029 8.34123
22.5563 -20.4049 8.89223
22.8333 -18.0749 5.83123
24.2623 -20.9199 3.67923
21.3243 -23.1369 4.86423
18.7783 -20.4019 3.86623
20.5753 -20.0039 0.476227
20.4883 -23.8299 0.0452267
16.7153 -24.1389 0.793227
16.0273 -21.0869 -1.47477
17.9823 -22.7629 -4.36177
16.2083 -26.0759 -3.57077
12.7113 -24.5239 -4.15477
13.8023 -23.1929 -7.62577

15.2823 -26.5229 -8.87777
13.4523 -27.6209 -12.0828
13.5933 -31.4009 -11.5478
11.7223 -31.5619 -8.16277
8.14934 -32.7899 -7.65577

5.35334 -30.4029 -6.50177
5.67234 -32.0649 -3.03877
9.49434 -31.6059 -2.74977
8.94334 -27.9039 -3.72077
6.35434 -27.5509 -0.845773
8.72234 -29.3709 1.59123
11.6713 -27.0789 0.634227
9.32034 -24.0409 1.09023
8.30534 -25.2429 4.61423
12.0203 -25.8239 5.42123
12.9903 -22.3029 4.14923
10.1633 -20.7639 6.26423
11.1183 -22.7129 9.46223
14.8513 -21.7959 8.89523
13.8013 -18.1059 8.53523
12.1503 -18.2949 11.9952
15.3103 -19.8759 13.5642
17.6103 -17.3149 11.8362
15.6113 -14.3409 13.2822
15.5583 -15.5369 16.9802
18.8453 -13.7839 18.1172
17.9083 -10.3509 16.6452
14.2233 -10.7059 17.6852
15.5643 -11.2539 21.2562
18.0363 -8.31094 20.8692
15.1093 -6.05994 19.7862
12.7973 -7.21194 22.6762
15.6023 -6.44394 25.1872
16.2563 -2.99394 23.5622
12.5073 -2.19694 24.0382
12.6343 -3.20794 27.7632
15.9593 -1.34294 28.3532

14.3013 1.73606 26.6702
11.8213 1.72106 29.6442
8.65234 0.424063 27.8532
5.95834 -0.528937 30.3812
3.70534 -2.87794 28.2572

3.92434 -4.47294 24.7762
2.75634 -7.54894 22.8052
5.12634 -9.91094 20.9302
3.54034 -11.9779 18.1262
5.16134 -15.1329 16.6552

3.77934 -18.4339 15.1782
6.65734 -20.9779 15.2332

6.78834 -22.6619 18.6862
10.6513 -22.4599 18.7442
10.4213 -18.6029 18.5022
7.81834 -18.4179 21.3462
9.97934 -20.8529 23.4322
13.2443 -18.8709 22.8782
11.5673 -15.4919 23.7242
10.0143 -16.9209 26.9632
13.3503 -18.5539 27.9932
15.2923 -15.2509 27.5732
12.6063 -13.2379 29.4812
12.8243 -15.8289 32.3462
16.6863 -15.6049 32.2312

16.3983 -11.7499 32.4872
13.7303 -12.1819 35.2882
11.1523 -10.2219 33.1862
7.54834 -10.9089 34.2552

5.54534 -11.8999 31.1442
2.46034 -13.8679 29.9782
2.38234 -16.5849 27.2622
-0.619656 -17.6859 25.1182

-0.353656 -20.4079 22.4202
-2.18666 -23.5039 21.0062
-1.60866 -25.4209 24.3152
-3.04266 -22.6719 26.6312
-6.55566 -23.6769 27.8202
-9.71866 -21.5809 27.1642
-10.0917 -20.4729 30.8522

-6.33366 -19.8309 31.4392
-6.34266 -17.6059 28.2722
-8.90366 -15.2739 29.9362
-7.05466 -15.3289 33.3202
-3.61866 -14.5409 31.7122
-5.35966 -11.7719 29.6892
-6.69366 -10.2839 32.9892
-3.21666 -10.6669 34.6422
-1.56866 -8.65094 31.7742
-4.41666 -6.05094 31.8242
-4.49066 -5.48694 35.6352

-0.857656 -6.14994 36.7692
1.72634 -3.36794 36.0832
4.52934 -5.99594 36.5332
3.71834 -7.99994 33.3552
5.68734 -6.01894 30.7342

5.54534 -8.54294 27.8212
2.78534 -10.7139 26.3422
4.24734 -13.5759 24.2122
1.39134 -14.4859 21.8392
0.817344 -17.0139 19.0512

-0.494656 -15.1179 15.9502
-2.92366 -18.0279 15.2412
-3.98666 -18.8769 18.8382
-4.47366 -15.2829 20.2052
-6.19566 -13.7539 17.0722
-9.65666 -14.2279 18.7602
-11.6547 -13.2719 21.9112
-8.88766 -11.5059 23.9062
-8.43866 -7.73394 24.5912
-4.98566 -6.19094 25.3002
-5.82266 -2.45594 25.7462
-3.11266 -2.12394 28.4992
-0.328656 -2.18894 25.8262
0.555344 0.616063 23.3292

3.00234 -1.46094 21.1872
2.69334 -4.62494 19.0452
5.86034 -6.39194 17.7602
5.48334 -9.02494 15.0162

8.64334 -11.1479 15.4602
7.43434 -13.1679 12.4292
5.42334 -12.3649 9.28123
2.23034 -14.3299 8.48523
1.14434 -14.8839 4.81823
-2.50166 -13.9119 5.56323

-3.04166 -10.1349 6.21123
-6.51466 -10.6829 7.77423
-4.81366 -12.5499 10.6942
-2.19466 -9.75394 11.1092
-5.03166 -7.12594 11.2632
-6.91166 -9.36594 13.7982
-3.73366 -9.37294 15.9782
-3.25966 -5.52194 15.7462

-6.95766 -5.04694 16.7642
-6.28366 -6.89394 20.0482
-4.66266 -3.61394 21.3132
-6.59466 -1.09194 19.1682
-9.97866 -1.58494 20.9922
-12.5187 0.589063 22.8752
-10.5947 1.53106 26.0722
-7.28666 2.30306 24.2502
-6.05766 5.90306 24.9642
-2.53566 5.83406 23.3512
-1.43266 5.79706 19.6652

-0.810656 2.11606 18.8422
2.67934 1.29506 17.5102
2.94134 -1.75594 15.1752
6.50234 -3.00794 14.4342
7.00634 -5.69194 11.7222
10.4263 -7.38694 12.2302
11.9593 -8.40294 8.82723

15.3483 -9.90294 7.80523
17.0493 -9.38394 4.37623
18.1553 -12.7489 2.85223
15.1323 -14.7239 4.27023
11.4603 -15.7239 3.64423

10.4483 -12.1399 4.72323
11.7673 -10.7959 1.33923
8.98734 -12.8039 -0.470773
6.28834 -12.7269 2.26323
6.25234 -8.91294 2.68323
5.44134 -8.07094 -1.03077
2.85634 -10.9579 -0.980773
1.14734 -9.52094 2.16323
1.16034 -6.00794 0.546227
-0.532656 -7.09094 -2.73577
-3.13366 -9.01594 -0.620773
-3.97566 -5.88094 1.49823
-4.33566 -3.88894 -1.77377
-6.80866 -6.53394 -3.13877
-8.73066 -6.26794 0.193227
-8.71566 -2.40394 0.0292267
-9.94266 -2.31994 -3.64077

-12.8157 -4.64194 -2.52377
-13.6157 -2.09994 0.321227
-12.5397 -4.70094 2.96523
-9.51966 -2.79394 4.44123
-8.34466 0.821063 5.01323
-4.88666 -0.617937 5.74823
-2.41266 0.518063 3.10323
1.02734 -1.15394 3.57623
2.91234 0.652063 0.687227

3.91834 3.74106 2.76923
5.96634 1.55206 5.21223
8.31334 0.235063 2.43323
9.16434 3.63206 0.874227

10.4293 4.59106 4.40423
12.9143 1.61806 4.82723

End chain 1
