-13.201 -6.296 -53.957
-10.703 -3.406 -53.291
-9.54 -3.087 -49.639
-11.02 0.322 -48.639
-8.614 1.85 -46.053
-10.787 3.126 -43.162

-9.634 6.195 -41.181
-10.061 4.9 -37.589
-10.286 6.838 -34.306
-12.195 7.103 -30.979
-14.163 9.439 -28.711
-12.619 10.223 -25.263
-14.157 12.207 -22.344

-11.943 15.248 -21.466
-14.301 16.978 -18.949
-17.827 16.65 -17.399
-19.139 18.761 -20.353

-16.752 17.96 -23.312
-15.482 14.956 -25.281
-12.62 14.751 -27.824
-12.437 12.939 -31.204
-8.982 11.264 -31.393
-8.672 10.357 -35.1

-6.282 10.744 -38.079
-6.98 13.557 -40.6
-9.895 13.022 -43.051

-11.208 15.853 -45.293
-14.92 14.856 -45.011
-14.611 14.37 -41.226
-13.015 17.857 -40.827
-15.875 19.254 -42.999
-18.403 17.482 -40.669
-16.559 18.759 -37.515
-16.844 22.341 -38.957

-20.697 21.797 -39.029
-20.861 21.033 -35.24
-22.116 23.933 -33.104
-20.016 23.255 -29.939
-16.791 22.621 -31.971

-13.393 23.436 -30.391
-10.011 22.816 -32.063
-6.805 22.812 -29.99

-3.883 23.919 -32.209
-1.328 22.314 -29.773
-2.753 18.736 -29.691
-4.334 19.137 -33.217

-7.578 17.622 -31.79
-11.313 18.386 -31.995
-13.683 18.544 -28.991
-17.466 19.001 -28.65
-20.131 19.402 -25.91

-21.257 16.038 -24.476
-24.923 16.743 -25.497
-23.731 16.722 -29.178
-22.178 13.179 -28.839
-25.228 11.354 -30.322
-25.57 14.044 -33.093
-21.852 13.682 -34.021
-21.815 9.829 -34.037
-25.045 9.774 -36.128
-23.507 12.176 -38.75
-20.093 10.348 -38.803

-21.793 6.948 -39.527
-22.962 8.546 -42.834
-19.328 9.196 -43.991
-17.677 6.563 -46.261
-14.251 5.2 -45.121

-14.46 6.789 -41.562
-14.765 4.819 -38.279
-15.142 6.964 -35.114
-15.663 4.659 -32.101

-18.218 6.249 -29.657
-17.862 6.903 -25.912
-18.35 3.469 -24.195
-21.794 2.549 -22.772
-20.235 2.829 -19.255
-19.534 6.58 -19.812
-22.964 7.196 -21.431
-24.623 5.531 -18.378
-22.42 7.523 -15.909

-23.028 10.919 -17.654
-26.668 10.153 -18.714
-27.851 13.482 -17.123

-25.214 15.594 -18.963
-26 13.8 -22.296
-29.631 15.147 -21.909

-29.014 18.802 -20.797
-28.522 21.656 -23.337
-27.494 23.803 -20.296
-24.374 24.206 -18.108
-26.03 23.63 -14.722
-23.195 22.587 -12.38
-23.731 19.355 -10.334

-27.219 19.392 -8.694
-26.798 20.208 -4.988
-26.578 17.032 -2.906
-29.814 16.999 -0.82
-29.276 16.946 2.956
-30.305 13.551 4.343

-32.727 13.25 7.268
-30.389 11.851 9.975
-33.077 12.019 12.787
-33.159 8.159 12.923
-29.32 8.149 13.454
-27.82 8.306 16.969

-27.52 12.074 17.913
-23.991 11.509 19.371
-22.796 10.469 15.867
-24.731 13.185 13.93
-23.402 16.008 16.22
-19.738 14.82 15.861

-19.687 14.822 11.995
-17.445 17.587 10.586

-19.106 19.692 7.763
-17.231 17.783 4.996
-18.064 14.402 6.666
-21.796 15.407 6.677
-21.562 16.318 2.947
-19.943 12.855 2.346
-22.788 11.075 4.244
-25.363 13.084 2.191
-23.555 12.165 -1.104
-23.43 8.459 -0.115
-27.196 8.491 0.728
-28.024 10.343 -2.565

-25.973 7.645 -4.472
-28.214 5.048 -2.67
-25.512 3.7 -0.27

-23.352 2.353 -3.174
-19.956 4.118 -3.237
-16.209 4.012 -2.721
-15.295 6.541 0.021

-11.694 7.195 -1.128

-11.135 10.189 1.225
-7.504 10.605 2.377

-6.048 8.715 5.398
-7.361 9.956 8.784
-10.233 12.169 7.374
-12.706 9.981 9.408

-13.844 7.354 6.831
-15.012 5.081 9.734
-17.363 7.714 11.316
-18.876 8.506 7.854
-19.282 4.738 7.09
-21.02 4.042 10.461
-23.415 6.996 9.798
-24.247 5.855 6.195
-24.846 2.277 7.463
-26.955 3.52 10.461
-29.227 5.531 8.078

-29.9 2.058 6.507

-30.384 0.293 9.981
-33.886 -0.857 8.77
-32.05 -2.956 6.062
-29.626 -4.868 8.41
-27.981 -7.413 9.17

-24.774 -5.448 8.488
-21.551 -7.137 7.269
-18.235 -5.328 7.997
-15.132 -6.739 6.223
-11.829 -5.357 7.603

-8.05 -6.016 7.986
-7.416 -8.82 10.567
-5.856 -6.305 13.093
-8.689 -3.64 13.199

-11.758 -5.868 14.003
-11.895 -4.753 17.675
-11.154 -1.102 16.63
-14.365 -1.304 14.506
-16.414 -2.897 17.375
-15.268 -0.08 19.729
-16.109 2.476 16.969
-19.722 1.111 16.76
-20.082 1.14 20.611
-18.596 4.7 20.723
-20.823 6.195 17.978

-24.121 4.191 18.24
-24.851 3.95 22.056
-28.388 2.791 20.948
-26.764 -0.701 20.406
-26.03 -3.285 23.117

-22.632 -5.104 22.857
-24.638 -8.32 22.08
-25.78 -6.667 18.791

-22.091 -6.816 17.576
-20.505 -10.124 16.488
-16.681 -10.041 16.081

-15.702 -13.116 14.035
-12.316 -14.303 15.372
-12.201 -17.837 13.813
-13.405 -19.799 10.735
-15.769 -21.82 13.07
-17.788 -18.808 14.317
-21.352 -17.917 13.159
-21.075 -14.973 10.701
-24.816 -14.102 11.273
-24.919 -14.166 15.127
-25.108 -10.332 15.536
-27.08 -7.466 13.995

-23.588 -6.14 13.038
-21.065 -8.833 11.965
-17.336 -7.898 11.803
-15.009 -10.302 9.887
-11.529 -10.295 8.291

-10.658 -10.74 4.577
-8.757 -14.009 5.375
-11.833 -15.546 7.113
-14.3 -14.769 4.222

-12.926 -17.715 2.14
-13.287 -20.073 5.183
-16.843 -18.74 5.845
-18.014 -18.815 2.139
-20.731 -21.415 3.044
-22.243 -18.836 5.512
-21.955 -15.894 2.989
-25.071 -17.433 1.278
-27.188 -15.451 3.825
-28.094 -12.137 2.052
-26.367 -9.235 3.842
-28.236 -6.215 2.36

-25.704 -3.677 3.792
-21.936 -4.298 3.429
-19.007 -2.145 4.602
-15.517 -3.11 3.36

-12.662 -1.237 5.059
-9.341 -0.865 3.151

-11.066 -2.352 0.031
-7.765 -2.207 -1.968
-7.252 -5.742 -0.456
-9.774 -6.866 -3.176

-7.558 -5.436 -6.054
-6.861 -8.909 -7.611
-9.913 -10.983 -8.736
-7.994 -14.348 -8.638
-7.386 -14.116 -4.839

-9.551 -16.269 -2.508
-10.568 -13.122 -0.487
-11.832 -11.409 -3.693
-13.586 -14.593 -5.006
-15.461 -14.905 -1.648
-16.313 -11.137 -1.332
-17.465 -10.353 -4.925
-20.7 -12.523 -5.003
-21.961 -10.786 -1.799
-21.004 -7.272 -3.064
-22.893 -7.826 -6.386
-26.148 -8.927 -4.576

-26.072 -6.644 -1.465
-28.372 -3.542 -1.704

-25.826 -1.116 -0.104
-22.019 -1.347 -0.629
-19.769 1.077 1.29
-16.145 0.543 0.177
-13.427 2.479 2.088

-9.739 3.065 1.181
-6.998 5.712 1.573
-5.29 4.301 -1.537
-8.002 2.778 -3.832
-5.263 1.979 -6.345
-1.844 1.044 -4.877
0.179 1.273 -8.156
-1.96 0.815 -11.364

-5.486 1.412 -12.884
-6.145 -2.396 -13.101
-6.402 -2.518 -9.223
-9.619 -0.37 -9.379
-11.628 -2.846 -11.528
-12.904 -5.026 -8.614
-13.981 -1.892 -6.643
-15.738 -0.406 -9.758
-17.759 -3.638 -10.376
-18.545 -3.926 -6.614
-20.104 -0.383 -6.596

-21.607 -0.654 -10.172
-21.992 -4.37 -11.257
-23.172 -3.251 -14.78
-19.935 -1.29 -15.508
-17.337 -3.236 -17.592
-18.9 -6.785 -17.229
-15.576 -8.217 -18.571

-12.101 -7.019 -17.429
-10.719 -7.022 -21.032
-12.866 -3.967 -22.03
-11.565 -2.031 -18.959
-7.965 -3.199 -19.668
-8.028 -2.162 -23.384
-9.238 1.366 -22.43
-7.403 2.18 -19.142

-4.51 -0.351 -18.764
-2.851 0.132 -22.242
-3.499 -3.577 -22.858

-0.922 -5.224 -25.189
-1.171 -8.572 -27.031
2.109 -10.415 -26.274

4.43602 -12.6627 -28.1522
3.81857 -11.6746 -31.7407

3.24909 -8.03213 -32.3643
3.06994 -7.81525 -36.1074
4.92154 -6.08035 -38.9545

2.91054 -3.60935 -36.7605
5.84154 -1.99335 -34.8015
5.51054 1.33365 -36.6945
3.29154 4.42065 -36.3485
1.16354 6.48065 -38.7875
-1.59146 9.17565 -38.8655

-1.13146 9.89265 -35.0905
-2.96246 13.2906 -35.1895
-6.06246 11.5146 -36.6465
-5.73746 8.80065 -33.9425
-5.55646 11.5686 -31.2495
-8.76446 13.2066 -32.6185
-10.5975 9.81165 -32.7275
-9.48546 8.98865 -29.1405
-10.5445 12.3866 -27.6535
-13.9465 12.4366 -29.4665
-15.1235 8.82765 -28.9315

-12.8925 6.82565 -26.4655

-10.7595 8.88365 -24.0815
-10.8175 11.7776 -21.6105

-7.21446 13.0196 -21.0775
-5.90746 16.0206 -19.0885
-2.33246 16.8556 -18.1145

-0.806462 18.3396 -14.8865
-0.195462 21.5436 -16.9085
-3.95046 21.7926 -17.8085
-5.39046 21.4226 -14.2485

-2.57946 21.9176 -11.6265
-0.618462 25.1526 -12.4575
0.795538 24.9156 -8.85754
2.80054 21.6476 -9.27354

6.59954 22.3416 -9.28854
8.35254 21.6076 -12.6125

10.0085 18.2376 -13.3555
13.6245 19.0856 -14.3335
15.1615 16.1956 -16.3355
18.8405 15.6976 -17.2825
21.2025 13.0886 -18.6845
24.2435 12.3936 -16.4435
27.0625 10.8396 -18.4985

28.8425 8.63865 -15.9075
32.5575 8.45765 -16.7175

33.5415 5.22665 -18.6405
37.1565 5.69765 -17.3125
36.1185 3.50565 -14.2905

35.0775 0.716647 -16.7755
38.2155 -1.46435 -16.7095

39.7215 -2.73735 -20.0075
38.4095 -6.35535 -19.4665
34.7875 -5.15735 -18.9155
35.0645 -2.82735 -21.9765
36.4935 -5.67235 -24.1285
33.5555 -7.88935 -22.9435
31.0095 -5.15435 -23.9415
32.8065 -4.75635 -27.3315
32.7195 -8.58235 -27.7625
28.9465 -8.89135 -27.0145
28.2585 -5.83935 -29.2825
30.2135 -7.51535 -32.1695
28.4395 -10.8284 -31.3785
24.9425 -9.27635 -31.9625
26.0335 -7.94535 -35.4335

27.5135 -11.2754 -36.6855
25.6835 -12.3734 -39.8905
25.8245 -16.1534 -39.3555
23.9535 -16.3144 -35.9705
20.3805 -17.5424 -35.4635

17.5845 -15.1554 -34.3095
17.9035 -16.8174 -30.8465
21.7255 -16.3584 -30.5575
21.1745 -12.6564 -31.5285
18.5855 -12.3034 -28.6535
20.9535 -14.1234 -26.2165
23.9025 -11.8314 -27.1735
21.5515 -8.79335 -26.7175
20.5365 -9.99535 -23.1935
24.2515 -10.5764 -22.3865
25.2215 -7.05535 -23.6585
22.3945 -5.51635 -21.5435
23.3495 -7.46535 -18.3455
27.0825 -6.54835 -18.9125
26.0325 -2.85835 -19.2725
24.3815 -3.04735 -15.8125
27.5415 -4.62835 -14.2435
29.8415 -2.06735 -15.9715
27.8425 0.906647 -14.5255
27.7895 -0.289353 -10.8275
31.0765 1.46365 -9.69054
30.1395 4.89665 -11.1625
26.4545 4.54165 -10.1225
27.7955 3.99365 -6.55154
30.2675 6.93665 -6.93854
27.3405 9.18765 -8.02154
25.0285 8.03565 -5.13154
27.8335 8.80365 -2.62054
28.4875 12.2536 -4.24554
24.7385 13.0506 -3.76954
24.8655 12.0396 -0.0445375
28.1905 13.9046 0.545463

26.5325 16.9836 -1.13754
24.0525 16.9686 1.83646
20.8835 15.6716 0.0454625
18.1895 14.7186 2.57346
15.9365 12.3696 0.449463

16.1555 10.7746 -3.03154
14.9875 7.69865 -5.00254
17.3575 5.33665 -6.87754
15.7715 3.26965 -9.68154
17.3925 0.114647 -11.1525

16.0105 -3.18635 -12.6295
18.8885 -5.73035 -12.5745

19.0195 -7.41435 -9.12154
22.8825 -7.21235 -9.06354
22.6525 -3.35535 -9.30554
20.0495 -3.17035 -6.46154
22.2105 -5.60535 -4.37554
25.4755 -3.62335 -4.92954
23.7985 -0.244353 -4.08354
22.2455 -1.67335 -0.844537
25.5815 -3.30635 0.185463
27.5235 -0.00335327 -0.234537
24.8375 2.00965 1.67346
25.0555 -0.581353 4.53846
28.9175 -0.357353 4.42346

28.6295 3.49765 4.67946
25.9615 3.06565 7.48046
23.3835 5.02565 5.37846
19.7795 4.33865 6.44746

17.7765 3.34765 3.33646
14.6915 1.37965 2.17046
14.6135 -1.33735 -0.545537
11.6115 -2.43835 -2.68954

11.8775 -5.16035 -5.38754
10.0445 -8.25635 -6.80154
10.6225 -10.1734 -3.49254
9.18854 -7.42435 -1.17654
5.67554 -8.42935 0.0124625
2.51254 -6.33335 -0.643537
2.13954 -5.22535 3.04446

5.89754 -4.58335 3.63146
5.88854 -2.35835 0.464463
3.32754 -0.0263533 2.12846
5.17654 -0.0813533 5.51246
8.61254 0.706647 3.90446
6.87154 3.47565 1.88146
5.53754 4.96365 5.18146
9.01454 4.58065 6.83446
10.6625 6.59665 3.96646
7.81454 9.19665 4.01646
7.74054 9.76065 7.82746

11.3735 9.09765 8.96146
13.9575 11.8796 8.27546
16.7605 9.25165 8.72546
15.9495 7.24765 5.54746
17.9185 9.22865 2.92646

17.7765 6.70465 0.0134625
15.0165 4.53365 -1.46554
16.4785 1.67165 -3.59554
13.6225 0.761647 -5.96854
13.0485 -1.76635 -8.75654

11.7365 0.129647 -11.8575
9.30754 -2.78035 -12.5665
8.24454 -3.62935 -8.96954
7.75754 -0.0353533 -7.60254
6.03554 1.49365 -10.7355
2.57454 1.01965 -9.04754
0.576538 1.97565 -5.89654
3.34354 3.74165 -3.90154
3.79254 7.51365 -3.21654
7.24554 9.05665 -2.50754
6.40854 12.7916 -2.06154
9.11854 13.1236 0.691463
11.9025 13.0586 -1.98154
12.7865 15.8636 -4.47854

15.2335 13.7866 -6.62054
14.9245 10.6226 -8.76254
18.0915 8.85565 -10.0475
17.7145 6.22265 -12.7915

20.8745 4.09965 -12.3475
19.6655 2.07965 -15.3785
17.6545 2.88265 -18.5265
14.4615 0.917647 -19.3225
13.3755 0.363647 -22.9895
9.72954 1.33565 -22.2445

9.18954 5.11265 -21.5965
5.71654 4.56465 -20.0335
7.41754 2.69765 -17.1135
10.0365 5.49365 -16.6985
7.19954 8.12165 -16.5445
5.31954 5.88165 -14.0095
8.49754 5.87465 -11.8295
8.97154 9.72565 -12.0615

5.27354 10.2006 -11.0435
5.94754 8.35365 -7.75954
7.56854 11.6336 -6.49454
5.63654 14.1556 -8.63954
2.25254 13.6626 -6.81554
-0.287462 15.8366 -4.93254
1.63654 16.7786 -1.73554
4.94454 17.5506 -3.55754
6.17354 21.1506 -2.84354
9.69554 21.0816 -4.45654
10.7985 21.0446 -8.14254

11.4205 17.3636 -8.96554
14.9105 16.5426 -10.2975
15.1725 13.4916 -12.6325
18.7335 12.2396 -13.3735
19.2375 9.55565 -16.0855
22.6575 7.86065 -15.5775
24.1905 6.84465 -18.9805

27.5795 5.34465 -20.0025
29.2805 5.86365 -23.4315
30.3865 2.49865 -24.9555
27.3635 0.523647 -23.5375
23.6915 -0.476353 -24.1635

22.6795 3.10765 -23.0845
23.9985 4.45165 -26.4685
21.2185 2.44365 -28.2785
18.5195 2.52065 -25.5445
18.4835 6.33465 -25.1245
17.6725 7.17665 -28.8385
15.0875 4.28965 -28.7885
13.3785 5.72665 -25.6445
13.3915 9.23965 -27.2615
11.6985 8.15665 -30.5435
9.09754 6.23165 -28.4285
8.25554 9.36665 -26.3095
7.89554 11.3586 -29.5815
5.42254 8.71365 -30.9465
3.50054 8.97965 -27.6145
3.51554 12.8436 -27.7785
2.28854 12.9276 -31.4485

-0.584462 10.6056 -30.3315
-1.38446 13.1476 -27.4865
-0.308462 10.5466 -24.8425
2.71154 12.4536 -23.3665
3.88654 16.0686 -22.7945
7.34454 14.6296 -22.0595
9.81854 15.7656 -24.7045
13.2585 14.0936 -24.2315
15.1435 15.8996 -27.1205

16.1495 18.9886 -25.0385
18.1975 16.7996 -22.5955
20.5445 15.4826 -25.3745
21.3955 18.8796 -26.9335

22.6605 19.8386 -23.4035
25.1455 16.8656 -22.9805

End chain 1
