-13.201 -6.296 -53.957
-10.703 -3.406 -53.291
-9.54 -3.087 -49.639
-11.02 0.322 -48.639
-8.614 1.85 -46.053
-10.787 3.126 -43.162

-9.634 6.195 -41.181
-10.061 4.9 -37.589
-10.286 6.838 -34.306
-12.195 7.103 -30.979
-14.163 9.439 -28.711
-12.619 10.223 -25.263
-14.157 12.207 -22.344

-11.943 15.248 -21.466
-14.301 16.978 -18.949
-17.827 16.65 -17.399
-19.139 18.761 -20.353

-16.752 17.96 -23.312
-15.482 14.956 -25.281
-12.62 14.751 -27.824
-12.437 12.939 -31.204
-8.982 11.264 -31.393
-8.672 10.357 -35.1

-6.282 10.744 -38.079
-6.98 13.557 -40.6
-9.895 13.022 -43.051

-11.208 15.853 -45.293
-14.92 14.856 -45.011
-14.611 14.37 -41.226
-13.015 17.857 -40.827
-15.875 19.254 -42.999
-18.403 17.482 -40.669
-16.559 18.759 -37.515
-16.844 22.341 -38.957

-20.697 21.797 -39.029
-20.861 21.033 -35.24
-22.116 23.933 -33.104
-20.016 23.255 -29.939
-16.791 22.621 -31.971

-13.393 23.436 -30.391
-10.011 22.816 -32.063
-6.805 22.812 -29.99

-3.883 23.919 -32.209
-1.328 22.314 -29.773
-2.753 18.736 -29.691
-4.334 19.137 -33.217

-7.578 17.622 -31.79
-11.313 18.386 -31.995
-13.683 18.544 -28.991
-17.466 19.001 -28.65
-20.131 19.402 -25.91

-21.257 16.038 -24.476
-24.923 16.743 -25.497
-23.731 16.722 -29.178
-22.178 13.179 -28.839
-25.228 11.354 -30.322
-25.57 14.044 -33.093
-21.852 13.682 -34.021
-21.815 9.829 -34.037
-25.045 9.774 -36.128
-23.507 12.176 -38.75
-20.093 10.348 -38.803

-21.793 6.948 -39.527
-22.962 8.546 -42.834
-19.328 9.196 -43.991
-17.677 6.563 -46.261
-14.251 5.2 -45.121

-14.46 6.789 -41.562
-14.765 4.819 -38.279
-15.142 6.964 -35.114
-15.663 4.659 -32.101

-18.218 6.249 -29.657
-17.862 6.903 -25.912
-18.35 3.469 -24.195
-21.794 2.549 -22.772
-20.235 2.829 -19.255
-19.534 6.58 -19.812
-22.964 7.196 -21.431
-24.623 5.531 -18.378
-22.42 7.523 -15.909

-23.028 10.919 -17.654
-26.668 10.153 -18.714
-27.851 13.482 -17.123

-25.214 15.594 -18.963
-26 13.8 -22.296
-29.631 15.147 -21.909

-29.014 18.802 -20.797
-28.522 21.656 -23.337
-27.494 23.803 -20.296
-24.374 24.206 -18.108
-26.03 23.63 -14.722
-23.195 22.587 -12.38
-23.731 19.355 -10.334

-27.219 19.392 -8.694
-26.798 20.208 -4.988
-26.578 17.032 -2.906
-29.814 16.999 -0.82
-29.276 16.946 2.956
-30.305 13.551 4.343

-32.727 13.25 7.268
-30.389 11.851 9.975
-33.077 12.019 12.787
-33.159 8.159 12.923
-29.32 8.149 13.454
-27.82 8.306 16.969

-27.52 12.074 17.913
-23.991 11.509 19.371
-22.796 10.469 15.867
-24.731 13.185 13.93
-23.402 16.008 16.22
-19.738 14.82 15.861

-19.687 14.822 11.995
-17.445 17.587 10.586

-19.106 19.692 7.763
-17.231 17.783 4.996
-18.064 14.402 6.666
-21.796 15.407 6.677
-21.562 16.318 2.947
-19.943 12.855 2.346
-22.788 11.075 4.244
-25.363 13.084 2.191
-23.555 12.165 -1.104
-23.43 8.459 -0.115
-27.196 8.491 0.728
-28.024 10.343 -2.565

-25.973 7.645 -4.472
-28.214 5.048 -2.67
-25.512 3.7 -0.27

-23.352 2.353 -3.174
-19.956 4.118 -3.237
-16.209 4.012 -2.721
-15.295 6.541 0.021

-11.694 7.195 -1.128

-11.135 10.189 1.225
-7.504 10.605 2.377

-6.048 8.715 5.398
-7.361 9.956 8.784
-10.233 12.169 7.374
-12.706 9.981 9.408

-13.844 7.354 6.831
-15.012 5.081 9.734
-17.363 7.714 11.316
-18.876 8.506 7.854
-19.282 4.738 7.09
-21.02 4.042 10.461
-23.415 6.996 9.798
-24.247 5.855 6.195
-24.846 2.277 7.463
-26.955 3.52 10.461
-29.227 5.531 8.078

-29.9 2.058 6.507

-30.384 0.293 9.981
-33.886 -0.857 8.77
-32.05 -2.956 6.062
-29.626 -4.868 8.41
-27.981 -7.413 9.17

-24.774 -5.448 8.488
-21.551 -7.137 7.269
-18.235 -5.328 7.997
-15.132 -6.739 6.223
-11.829 -5.357 7.603

-8.05 -6.016 7.986
-7.416 -8.82 10.567
-5.856 -6.305 13.093
-8.689 -3.64 13.199

-11.758 -5.868 14.003
-11.895 -4.753 17.675
-11.154 -1.102 16.63
-14.365 -1.304 14.506
-16.414 -2.897 17.375
-15.268 -0.08 19.729
-16.109 2.476 16.969
-19.722 1.111 16.76
-20.082 1.14 20.611
-18.596 4.7 20.723
-20.823 6.195 17.978

-24.121 4.191 18.24
-24.851 3.95 22.056
-28.388 2.791 20.948
-26.764 -0.701 20.406
-26.03 -3.285 23.117

-22.632 -5.104 22.857
-24.638 -8.32 22.08
-25.78 -6.667 18.791

-22.091 -6.816 17.576
-20.505 -10.124 16.488
-16.681 -10.041 16.081

-15.0724 -9.10576 12.8143
-16.5851 -6.31455 10.6602
-14.8753 -2.91747 10.3888
-14.7427 -0.354686 13.1728
-13.6896 3.19959 12.8539
-17.0077 4.80866 13.1834
-17.3951 5.1372 9.44808
-16.4583 3.52588 6.20101
-16.7895 6.65488 4.00227
-15.5965 10.25 3.60567
-11.9994 9.10704 4.22568
-10.9876 11.0025 7.36946

-9.27138 12.9562 10.0569
-6.72633 14.1289 12.5934
-4.34255 16.8936 13.9319
-5.37394 20.1197 12.4063
-5.32251 23.8735 12.8643

-4.45151 23.4285 9.15028
-2.55051 20.1595 9.94828
-5.62651 18.6225 11.6863
-8.09351 19.3995 8.79528

-6.71951 16.4535 6.71328
-7.08051 14.0955 9.75628
-10.6365 15.4285 10.4183
-11.8075 15.3535 6.71228
-14.5245 12.7535 7.61728
-16.0365 15.3325 10.0853
-15.7485 18.2745 7.56228
-18.8645 16.7355 5.85128
-20.9815 18.7175 8.39828
-21.8875 22.0315 6.62528
-20.1605 24.9335 8.41528
-22.0295 27.9535 6.93328

-19.4975 30.4915 8.36528
-15.7295 29.8705 8.00228
-12.8005 32.0235 9.17528
-9.31051 31.0585 7.93328

-6.45551 32.9315 9.63228
-3.13451 33.3035 7.72428

-4.85951 31.8165 4.60428
-1.55851 31.9615 2.60528
-1.04551 28.4265 4.11728
-3.56751 27.3025 1.39728

-1.35151 28.7325 -1.48072
-0.65451 25.2595 -3.03772
-3.70651 23.1855 -4.16272
-1.78751 19.8205 -4.06472
-1.17951 20.0525 -0.265717

-3.34451 17.8995 2.06528
-4.36151 21.0465 4.08628
-5.62551 22.7595 0.880283
-7.37951 19.5755 -0.432717
-9.25451 19.2635 2.92528
-10.1065 23.0315 3.24128
-11.2585 23.8155 -0.351717
-14.4935 21.6455 -0.429717
-15.7545 23.3825 2.77428
-14.7975 26.8965 1.50928
-16.6865 26.3425 -1.81272
-19.9415 25.2415 -0.00271695

-19.8655 27.5245 3.10828
-22.1655 30.6265 2.86928

-19.6195 33.0525 4.46928
-15.8125 32.8215 3.94428
-13.5625 35.2455 5.86328
-9.93851 34.7115 4.75028
-7.22051 36.6475 6.66128

-3.53251 37.2335 5.75428
-0.79151 39.8805 6.14628
0.91649 38.4695 3.03628
-1.79551 36.9465 0.741283
0.94349 36.1475 -1.77172
4.36249 35.2125 -0.303717
6.38549 35.4415 -3.58272
4.24649 34.9835 -6.79072

0.72049 35.5805 -8.31072
0.0614897 31.7725 -8.52772
-0.19551 31.6505 -4.64972
-3.41251 33.7985 -4.80572
-5.42151 31.3225 -6.95472
-6.69751 29.1425 -4.04072
-7.77451 32.2765 -2.06972
-9.53151 33.7625 -5.18472
-11.5525 30.5305 -5.80272
-12.3385 30.2425 -2.04072
-13.8975 33.7855 -2.02272

-15.4005 33.5145 -5.59872
-15.7855 29.7985 -6.68372
-16.9655 30.9175 -10.2067
-13.7285 32.8785 -10.9347
-11.1305 30.9325 -13.0187
-12.6935 27.3835 -12.6557
-9.36951 25.9515 -13.9977

-5.89451 27.1495 -12.8557
-4.51251 27.1465 -16.4587
-6.65951 30.2015 -17.4567
-5.35851 32.1375 -14.3857
-1.75851 30.9695 -15.0947
-1.82151 32.0065 -18.8107
-3.03151 35.5345 -17.8567
-1.19651 36.3485 -14.5687

1.69649 33.8175 -14.1907
3.35549 34.3005 -17.6687
2.70749 30.5915 -18.2847

5.28449 28.9445 -20.6157
5.03549 25.5965 -22.4577
8.31549 23.7535 -21.7007

9.31149 20.2715 -23.1287
8.26149 18.7045 -19.7417

4.90549 20.5975 -19.3347
3.74149 24.0805 -18.2407
5.83149 26.5055 -16.1587

3.82049 28.9765 -13.9647
6.75149 30.5925 -12.0057
6.42049 33.9195 -13.8987
4.20149 37.0065 -13.5527
2.07349 39.0665 -15.9917
-0.68151 41.7615 -16.0697

-0.22151 42.4785 -12.2947
-2.05251 45.8765 -12.3937
-5.15251 44.1005 -13.8507
-4.82751 41.3865 -11.1467
-4.64651 44.1545 -8.45372
-7.85451 45.7925 -9.82272
-9.68751 42.3975 -9.93172
-8.57551 41.5745 -6.34472
-9.63451 44.9725 -4.85772
-13.0365 45.0225 -6.67072
-14.2135 41.4135 -6.13572

-11.9825 39.4115 -3.66972

-9.84951 41.4695 -1.28572
-9.90751 44.3635 1.18528

-6.30451 45.6055 1.71828
-4.99751 48.6065 3.70728
-1.42251 49.4415 4.68128

0.10349 50.9255 7.90928
0.71449 54.1295 5.88728
-3.04051 54.3785 4.98728
-4.48051 54.0085 8.54728

-1.66951 54.5035 11.1693
0.29149 57.7385 10.3383
1.70549 57.5015 13.9383
3.71049 54.2335 13.5223

7.50949 54.9275 13.5073
9.26249 54.1935 10.1833

10.9185 50.8235 9.44028
14.5345 51.6715 8.46228
16.0715 48.7815 6.46028
19.7505 48.2835 5.51328
22.1125 45.6745 4.11128
25.1535 44.9795 6.35228
27.9725 43.4255 4.29728

29.7525 41.2245 6.88828
33.4675 41.0435 6.07828

34.4515 37.8125 4.15528
38.0665 38.2835 5.48328
37.0285 36.0915 8.50528

35.9875 33.3025 6.02028
39.1255 31.1215 6.08628

40.6315 29.8485 2.78828
39.3195 26.2305 3.32928
35.6975 27.4285 3.88028
35.9745 29.7585 0.819283
37.4035 26.9135 -1.33272
34.4655 24.6965 -0.147717
31.9195 27.4315 -1.14572
33.7165 27.8295 -4.53572
33.6295 24.0035 -4.96672
29.8565 23.6945 -4.21872
29.1685 26.7465 -6.48672
31.1235 25.0705 -9.37372
29.3495 21.7575 -8.58272
25.8525 23.3095 -9.16672
26.9435 24.6405 -12.6377

28.4235 21.3105 -13.8897
26.5935 20.2125 -17.0947
26.7345 16.4325 -16.5597
24.8635 16.2715 -13.1747
21.2905 15.0435 -12.6677

18.4945 17.4305 -11.5137
18.8135 15.7685 -8.05072
22.6355 16.2275 -7.76172
22.0845 19.9295 -8.73272
19.4955 20.2825 -5.85772
21.8635 18.4625 -3.42072
24.8125 20.7545 -4.37772
22.4615 23.7925 -3.92172
21.4465 22.5905 -0.397717
25.1615 22.0095 0.409283
26.1315 25.5305 -0.862717
23.3045 27.0695 1.25228
24.2595 25.1205 4.45028
27.9925 26.0375 3.88328
26.9425 29.7275 3.52328
25.2915 29.5385 6.98328
28.4515 27.9575 8.55228
30.7515 30.5185 6.82428
28.7525 33.4925 8.27028
28.6995 32.2965 11.9683
31.9865 34.0495 13.1053
31.0495 37.4825 11.6333
27.3645 37.1275 12.6733
28.7055 36.5795 16.2443
31.1775 39.5225 15.8573
28.2505 41.7735 14.7743
25.9385 40.6215 17.6643
28.7435 41.3895 20.1753
29.3975 44.8395 18.5503
25.6485 45.6365 19.0263
25.7755 44.6255 22.7513
29.1005 46.4905 23.3413

27.4425 49.5695 21.6583
24.9625 49.5545 24.6323
21.7935 48.2575 22.8413
19.0995 47.3045 25.3693
16.8465 44.9555 23.2453

17.0655 43.3605 19.7643
15.8975 40.2845 17.7933
18.2675 37.9225 15.9183
16.6815 35.8555 13.1143
18.3025 32.7005 11.6433

16.9205 29.3995 10.1663
19.7985 26.8555 10.2213

19.9295 25.1715 13.6743
23.7925 25.3735 13.7323
23.5625 29.2305 13.4903
20.9595 29.4155 16.3343
23.1205 26.9805 18.4203
26.3855 28.9625 17.8663
24.7085 32.3415 18.7123
23.1555 30.9125 21.9513
26.4915 29.2795 22.9813
28.4335 32.5825 22.5613
25.7475 34.5955 24.4693
25.9655 32.0045 27.3343
29.8275 32.2285 27.2193

29.5395 36.0835 27.4753
26.8715 35.6515 30.2763
24.2935 37.6115 28.1743
20.6895 36.9245 29.2433

18.6865 35.9335 26.1323
15.6015 33.9655 24.9663
15.5235 31.2485 22.2503
12.5215 30.1475 20.1063

12.7875 27.4255 17.4083
10.9545 24.3295 15.9943
11.5325 22.4125 19.3033
10.0985 25.1615 21.6193
6.58549 24.1565 22.8083
3.42249 26.2525 22.1523
3.04949 27.3605 25.8403

6.80749 28.0025 26.4273
6.79849 30.2275 23.2603
4.23749 32.5595 24.9243
6.08649 32.5045 28.3083
9.52249 33.2925 26.7003
7.78149 36.0615 24.6773
6.44749 37.5495 27.9773
9.92449 37.1665 29.6303
11.5725 39.1825 26.7623
8.72449 41.7825 26.8123
8.65049 42.3465 30.6233

12.2835 41.6835 31.7573
14.8675 44.4655 31.0713
17.6705 41.8375 31.5213
16.8595 39.8335 28.3433
18.8285 41.8145 25.7223

18.6865 39.2905 22.8093
15.9265 37.1195 21.3303
17.3885 34.2575 19.2003
14.5325 33.3475 16.8273
13.9585 30.8195 14.0393

12.6465 32.7155 10.9383
10.2175 29.8055 10.2293
9.15449 28.9565 13.8263
8.66749 32.5505 15.1933
6.94549 34.0795 12.0603
3.48449 33.6055 13.7483
1.48649 34.5615 16.8993
4.25349 36.3275 18.8943
4.70249 40.0995 19.5793
8.15549 41.6425 20.2883
7.31849 45.3775 20.7343
10.0285 45.7095 23.4873
12.8125 45.6445 20.8143
13.6965 48.4495 18.3173

16.1435 46.3725 16.1753
15.8345 43.2085 14.0333
19.0015 41.4415 12.7483
18.6245 38.8085 10.0043

21.7845 36.6855 10.4483
20.5755 34.6655 7.41728
18.5645 35.4685 4.26928
15.3715 33.5035 3.47328
14.2855 32.9495 -0.193717
10.6395 33.9215 0.551283

10.0995 37.6985 1.19928
6.62649 37.1505 2.76228
8.32749 35.2835 5.68228
10.9465 38.0795 6.09728
8.10949 40.7075 6.25128
6.22949 38.4675 8.78628
9.40749 38.4605 10.9663
9.88149 42.3115 10.7343

6.18349 42.7865 11.7523
6.85749 40.9395 15.0363
8.47849 44.2195 16.3013
6.54649 46.7415 14.1563
3.16249 46.2485 15.9803
0.62249 48.4225 17.8633
2.54649 49.3645 21.0603
5.85449 50.1365 19.2383
7.08349 53.7365 19.9523
10.6055 53.6675 18.3393
11.7085 53.6305 14.6533

12.3305 49.9495 13.8303
15.8205 49.1285 12.4983
16.0825 46.0775 10.1633
19.6435 44.8255 9.42228
20.1475 42.1415 6.71028
23.5675 40.4465 7.21828
25.1005 39.4305 3.81528

28.4895 37.9305 2.79328
30.1905 38.4495 -0.635717
31.2965 35.0845 -2.15972
28.2735 33.1095 -0.741717
24.6015 32.1095 -1.36772

23.5895 35.6935 -0.288717
24.9085 37.0375 -3.67272
22.1285 35.0295 -5.48272
19.4295 35.1065 -2.74872
19.3935 38.9205 -2.32872
18.5825 39.7625 -6.04272
15.9975 36.8755 -5.99272
14.2885 38.3125 -2.84872
14.3015 41.8255 -4.46572
12.6085 40.7425 -7.74772
10.0075 38.8175 -5.63272
9.16549 41.9525 -3.51372
8.80549 43.9445 -6.78572
6.33249 41.2995 -8.15072
4.41049 41.5655 -4.81872
4.42549 45.4295 -4.98272
3.19849 45.5135 -8.65272

0.32549 43.1915 -7.53572
-0.47451 45.7335 -4.69072
0.60149 43.1325 -2.04672
3.62149 45.0395 -0.570717
4.79649 48.6545 0.00128305
8.25449 47.2155 0.736283
10.7285 48.3515 -1.90872
14.1685 46.6795 -1.43572
16.0535 48.4855 -4.32472

17.0595 51.5745 -2.24272
19.1075 49.3855 0.200283
21.4545 48.0685 -2.57872
22.3055 51.4655 -4.13772

23.5705 52.4245 -0.607717
26.0555 49.4515 -0.184717

End chain 1
