-13.201 -6.296 -53.957
-10.703 -3.406 -53.291
-9.54 -3.087 -49.639
-11.02 0.322 -48.639
-8.614 1.85 -46.053
-10.787 3.126 -43.162

-9.634 6.195 -41.181
-10.061 4.9 -37.589
-10.286 6.838 -34.306
-12.195 7.103 -30.979
-14.163 9.439 -28.711
-12.619 10.223 -25.263
-14.157 12.207 -22.344

-11.7856 15.2162 -22.378
-11.4953 19.0728 -22.5926
-13.8368 21.2979 -24.4131
-15.5798 18.4796 -22.6764

-14.9558 15.0245 -21.1585
-13.5405 11.6048 -20.6075
-12.1081 8.14948 -21.0775
-8.83386 9.86171 -21.3179
-6.24404 9.81708 -18.446
-3.5989 9.78203 -15.601

-1.2089 10.169 -18.58
-1.9069 12.982 -21.101
-4.8219 12.447 -23.552

-6.1349 15.278 -25.794
-9.8469 14.281 -25.512
-9.5379 13.795 -21.727
-7.9419 17.282 -21.328
-10.8019 18.679 -23.5
-13.3299 16.907 -21.17
-11.4859 18.184 -18.016
-11.7709 21.766 -19.458

-15.6239 21.222 -19.53
-15.7879 20.458 -15.741
-17.0429 23.358 -13.605
-14.9429 22.68 -10.44
-11.7179 22.046 -12.472

-8.3199 22.861 -10.892
-4.9379 22.241 -12.564
-1.7319 22.237 -10.491

1.1901 23.344 -12.71
3.7451 21.739 -10.274
2.3201 18.161 -10.192
0.739105 18.562 -13.718

-2.5049 17.047 -12.291
-6.2399 17.811 -12.496
-8.6099 17.969 -9.492
-12.3929 18.426 -9.151
-15.0579 18.827 -6.411

-16.1839 15.463 -4.977
-19.8499 16.168 -5.998
-18.6579 16.147 -9.679
-17.1049 12.604 -9.34
-20.1549 10.779 -10.823
-20.4969 13.469 -13.594
-16.7789 13.107 -14.522
-16.7419 9.25403 -14.538
-19.9719 9.19903 -16.629
-18.4339 11.601 -19.251
-15.0199 9.77303 -19.304

-16.7199 6.37303 -20.028
-17.8889 7.97103 -23.335
-14.2549 8.62103 -24.492
-12.6039 5.98803 -26.762
-9.1779 4.62503 -25.622

-9.3869 6.21403 -22.063
-9.6919 4.24403 -18.78
-10.0689 6.38903 -15.615
-10.5899 4.08403 -12.602

-13.1449 5.67403 -10.158
-12.7889 6.32803 -6.413
-13.2769 2.89403 -4.696
-16.7209 1.97403 -3.273
-15.1619 2.25403 0.243995
-14.4609 6.00503 -0.313005
-17.8909 6.62103 -1.932
-19.5499 4.95603 1.121
-17.3469 6.94803 3.59

-17.9549 10.344 1.845
-21.5949 9.57803 0.784995
-22.7779 12.907 2.376

-20.1409 15.019 0.535995
-20.9269 13.225 -2.797
-24.5579 14.572 -2.41

-23.9409 18.227 -1.298
-23.4489 21.081 -3.838
-22.4209 23.228 -0.797005
-19.3009 23.631 1.391
-20.9569 23.055 4.777
-18.1219 22.012 7.119
-18.6579 18.78 9.165

-22.1459 18.817 10.805
-21.7249 19.633 14.511
-21.5049 16.457 16.593
-24.7409 16.424 18.679
-24.2029 16.371 22.455
-25.2319 12.976 23.842

-27.6539 12.675 26.767
-25.3159 11.276 29.474
-28.0039 11.444 32.286
-28.0859 7.58403 32.422
-24.2469 7.57403 32.953
-22.7469 7.73103 36.468

-22.4469 11.499 37.412
-18.9179 10.934 38.87
-17.7229 9.89403 35.366
-19.6579 12.61 33.429
-18.3289 15.433 35.719
-14.6649 14.245 35.36

-14.6139 14.247 31.494
-12.3719 17.012 30.085

-14.0329 19.117 27.262
-12.1579 17.208 24.495
-12.9909 13.827 26.165
-16.7229 14.832 26.176
-16.4889 15.743 22.446
-14.8699 12.28 21.845
-17.7149 10.5 23.743
-20.2899 12.509 21.69
-18.4819 11.59 18.395
-18.3569 7.88403 19.384
-22.1229 7.91603 20.227
-22.9509 9.76803 16.934

-20.8999 7.07003 15.027
-23.1409 4.47303 16.829
-20.4389 3.12503 19.229

-18.2789 1.77803 16.325
-14.8829 3.54303 16.262
-11.1359 3.43703 16.778
-10.2219 5.96603 19.52

-6.6209 6.62003 18.371

-6.0619 9.61403 20.724
-2.4309 10.03 21.876

-0.974895 8.14003 24.897
-2.2879 9.38103 28.283
-5.1599 11.594 26.873
-7.6329 9.40603 28.907

-8.7709 6.77903 26.33
-9.9389 4.50603 29.233
-12.2899 7.13903 30.815
-13.8029 7.93103 27.353
-14.2089 4.16303 26.589
-15.9469 3.46703 29.96
-18.3419 6.42103 29.297
-19.1739 5.28003 25.694
-19.7729 1.70203 26.962
-21.8819 2.94503 29.96
-24.1539 4.95603 27.577

-24.8269 1.48303 26.006

-25.3109 -0.281972 29.48
-28.8129 -1.43197 28.269
-26.9769 -3.53097 25.561
-24.5529 -5.44297 27.909
-22.9079 -7.98797 28.669

-19.7009 -6.02297 27.987
-16.4779 -7.71197 26.768
-13.1619 -5.90297 27.496
-10.0589 -7.31397 25.722
-6.7559 -5.93197 27.102

-2.9769 -6.59097 27.485
-2.3429 -9.39497 30.066
-0.782895 -6.87997 32.592
-3.6159 -4.21497 32.698

-6.6849 -6.44297 33.502
-6.8219 -5.32797 37.174
-6.0809 -1.67697 36.129
-9.2919 -1.87897 34.005
-11.3409 -3.47197 36.874
-10.1949 -0.654972 39.228
-11.0359 1.90103 36.468
-14.6489 0.536028 36.259
-15.0089 0.565028 40.11
-13.5229 4.12503 40.222
-15.7499 5.62003 37.477

-19.0479 3.61603 37.739
-19.7779 3.37503 41.555
-23.3149 2.21603 40.447
-21.6909 -1.27597 39.905
-20.9569 -3.85997 42.616

-17.5589 -5.67897 42.356
-19.5649 -8.89497 41.579
-20.7069 -7.24197 38.29

-17.0179 -7.39097 37.075
-15.4319 -10.699 35.987
-11.6079 -10.616 35.58

-10.6289 -13.691 33.534
-7.2429 -14.878 34.871
-7.1279 -18.412 33.312
-8.3319 -20.374 30.234
-10.6959 -22.395 32.569
-12.7149 -19.383 33.816
-16.2789 -18.492 32.658
-16.0019 -15.548 30.2
-19.7429 -14.677 30.772
-19.8459 -14.741 34.626
-20.0349 -10.907 35.035
-22.0069 -8.04097 33.494

-18.5149 -6.71497 32.537
-15.9919 -9.40797 31.464
-12.2629 -8.47297 31.302
-9.9359 -10.877 29.386
-6.4559 -10.87 27.79

-5.5849 -11.315 24.076
-3.6839 -14.584 24.874
-6.7599 -16.121 26.612
-9.2269 -15.344 23.721

-7.8529 -18.29 21.639
-8.2139 -20.648 24.682
-11.7699 -19.315 25.344
-12.9409 -19.39 21.638
-15.6579 -21.99 22.543
-17.1699 -19.411 25.011
-16.8819 -16.469 22.488
-19.9979 -18.008 20.777
-22.1149 -16.026 23.324
-23.0209 -12.712 21.551
-21.2939 -9.80997 23.341
-23.1629 -6.78997 21.859

-20.6309 -4.25197 23.291
-16.8629 -4.87297 22.928
-13.9339 -2.71997 24.101
-10.4439 -3.68497 22.859

-7.5889 -1.81197 24.558
-4.2679 -1.43997 22.65

-5.9929 -2.92697 19.53
-2.6919 -2.78197 17.531
-2.1789 -6.31697 19.043
-4.7009 -7.44097 16.323

-2.4849 -6.01097 13.445
-1.7879 -9.48397 11.888
-4.8399 -11.558 10.763
-2.9209 -14.923 10.861
-2.3129 -14.691 14.66

-4.4779 -16.844 16.991
-5.4949 -13.697 19.012
-6.7589 -11.984 15.806
-8.5129 -15.168 14.493
-10.3879 -15.48 17.851
-11.2399 -11.712 18.167
-12.3919 -10.928 14.574
-15.6269 -13.098 14.496
-16.8879 -11.361 17.7
-15.9309 -7.84697 16.435
-17.8199 -8.40097 13.113
-21.0749 -9.50197 14.923

-20.9989 -7.21897 18.034
-23.2989 -4.11697 17.795

-20.7529 -1.69097 19.395
-16.9459 -1.92197 18.87
-14.6959 0.502028 20.789
-11.0719 -0.0319717 19.676
-8.3539 1.90403 21.587

-4.6659 2.49003 20.68
-1.9249 5.13703 21.072
-0.216895 3.72603 17.962
-2.9289 2.20303 15.667
-0.189895 1.40403 13.154
3.2291 0.469028 14.622
5.2521 0.698028 11.343
3.1131 0.240028 8.135

-0.412895 0.837028 6.615
-1.0719 -2.97097 6.398
-1.3289 -3.09297 10.276
-4.5459 -0.944972 10.12
-6.5549 -3.42097 7.971
-7.8309 -5.60097 10.885
-8.9079 -2.46697 12.856
-10.6649 -0.980972 9.741
-12.6859 -4.21297 9.123
-13.4719 -4.50097 12.885
-15.0309 -0.957972 12.903

-16.5339 -1.22897 9.327
-16.9189 -4.94497 8.242
-18.0989 -3.82597 4.719
-14.8619 -1.86497 3.991
-12.2639 -3.81097 1.907
-13.8269 -7.35997 2.27
-10.5029 -8.79197 0.927995

-7.0279 -7.59397 2.07
-5.6459 -7.59697 -1.533
-7.7929 -4.54197 -2.531
-6.4919 -2.60597 0.539995
-2.8919 -3.77397 -0.169005
-2.9549 -2.73697 -3.885
-4.1649 0.791028 -2.931
-2.3299 1.60503 0.356995

0.563105 -0.925972 0.734995
2.2221 -0.442972 -2.743
1.5741 -4.15197 -3.359

4.1511 -5.79897 -5.69
3.9021 -9.14697 -7.532
7.1821 -10.99 -6.775

8.1781 -14.472 -8.203
7.1281 -16.039 -4.816

3.7721 -14.146 -4.409
2.6081 -10.663 -3.315
4.6981 -8.23797 -1.233

2.6871 -5.76697 0.960995
5.6181 -4.15097 2.92
5.2871 -0.823972 1.027
3.0681 2.26303 1.373
0.940105 4.32303 -1.066
-1.8149 7.01803 -1.144

-1.3549 7.73503 2.631
-3.1859 11.133 2.532
-6.2859 9.35703 1.075
-5.9609 6.64303 3.779
-5.7799 9.41103 6.472
-8.9879 11.049 5.103
-10.8209 7.65403 4.994
-9.7089 6.83103 8.581
-10.7679 10.229 10.068
-14.1699 10.279 8.255
-15.3469 6.67003 8.79

-13.1159 4.66803 11.256

-10.9829 6.72603 13.64
-11.0409 9.62003 16.111

-7.4379 10.862 16.644
-6.1309 13.863 18.633
-2.5559 14.698 19.607

-1.0299 16.182 22.835
-0.418895 19.386 20.813
-4.1739 19.635 19.913
-5.6139 19.265 23.473

-2.8029 19.76 26.095
-0.841895 22.995 25.264
0.572105 22.758 28.864
2.5771 19.49 28.448

6.3761 20.184 28.433
8.1291 19.45 25.109

9.7851 16.08 24.366
13.4011 16.928 23.388
14.9381 14.038 21.386
18.6171 13.54 20.439
20.9791 10.931 19.037
24.0201 10.236 21.278
26.8391 8.68203 19.223

28.6191 6.48103 21.814
32.3341 6.30003 21.004

33.3181 3.06903 19.081
36.9331 3.54003 20.409
35.8951 1.34803 23.431

34.8541 -1.44097 20.946
37.9921 -3.62197 21.012

39.4981 -4.89497 17.714
38.1861 -8.51297 18.255
34.5641 -7.31497 18.806
34.8411 -4.98497 15.745
36.2701 -7.82997 13.593
33.3321 -10.047 14.778
30.7861 -7.31197 13.78
32.5831 -6.91397 10.39
32.4961 -10.74 9.959
28.7231 -11.049 10.707
28.0351 -7.99697 8.439
29.9901 -9.67297 5.552
28.2161 -12.986 6.343
24.7191 -11.434 5.759
25.8101 -10.103 2.288

27.2901 -13.433 1.036
25.4601 -14.531 -2.169
25.6011 -18.311 -1.634
23.7301 -18.472 1.751
20.1571 -19.7 2.258

17.3611 -17.313 3.412
17.6801 -18.975 6.875
21.5021 -18.516 7.164
20.9511 -14.814 6.193
18.3621 -14.461 9.068
20.7301 -16.281 11.505
23.6791 -13.989 10.548
21.3281 -10.951 11.004
20.3131 -12.153 14.528
24.0281 -12.734 15.335
24.9981 -9.21297 14.063
22.1711 -7.67397 16.178
23.1261 -9.62297 19.376
26.8591 -8.70597 18.809
25.8091 -5.01597 18.449
24.1581 -5.20497 21.909
27.3181 -6.78597 23.478
29.6181 -4.22497 21.75
27.6191 -1.25097 23.196
27.5661 -2.44697 26.894
30.8531 -0.693972 28.031
29.9161 2.73903 26.559
26.2311 2.38403 27.599
27.5721 1.83603 31.17
30.0441 4.77903 30.783
27.1171 7.03003 29.7
24.8051 5.87803 32.59
27.6101 6.64603 35.101
28.2641 10.096 33.476
24.5151 10.893 33.952
24.6421 9.88203 37.677
27.9671 11.747 38.267

26.3091 14.826 36.584
23.8291 14.811 39.558
20.6601 13.514 37.767
17.9661 12.561 40.295
15.7131 10.212 38.171

15.9321 8.61703 34.69
14.7641 5.54103 32.719
17.1341 3.17903 30.844
15.5481 1.11203 28.04
17.1691 -2.04297 26.569

15.7871 -5.34397 25.092
18.6651 -7.88797 25.147

18.7961 -9.57197 28.6
22.6591 -9.36997 28.658
22.4291 -5.51297 28.416
19.8261 -5.32797 31.26
21.9871 -7.76297 33.346
25.2521 -5.78097 32.792
23.5751 -2.40197 33.638
22.0221 -3.83097 36.877
25.3581 -5.46397 37.907
27.3001 -2.16097 37.487
24.6141 -0.147972 39.395
24.8321 -2.73897 42.26
28.6941 -2.51497 42.145

28.4061 1.34003 42.401
25.7381 0.908028 45.202
23.1601 2.86803 43.1
19.5561 2.18103 44.169

17.5531 1.19003 41.058
14.4681 -0.777972 39.892
14.3901 -3.49497 37.176
11.3881 -4.59597 35.032

11.6541 -7.31797 32.334
9.8211 -10.414 30.92
10.3991 -12.331 34.229
8.9651 -9.58197 36.545
5.4521 -10.587 37.734
2.2891 -8.49097 37.078
1.9161 -7.38297 40.766

5.6741 -6.74097 41.353
5.6651 -4.51597 38.186
3.1041 -2.18397 39.85
4.9531 -2.23897 43.234
8.3891 -1.45097 41.626
6.6481 1.31803 39.603
5.3141 2.80603 42.903
8.7911 2.42303 44.556
10.4391 4.43903 41.688
7.5911 7.03903 41.738
7.5171 7.60303 45.549

11.1501 6.94003 46.683
13.7341 9.72203 45.997
16.5371 7.09403 46.447
15.7261 5.09003 43.269
17.6951 7.07103 40.648

17.5531 4.54703 37.735
14.7931 2.37603 36.256
16.2551 -0.485972 34.126
13.3991 -1.39597 31.753
12.8251 -3.92397 28.965

11.5131 -2.02797 25.864
9.0841 -4.93797 25.155
8.0211 -5.78697 28.752
7.5341 -2.19297 30.119
5.8121 -0.663972 26.986
2.3511 -1.13797 28.674
0.353105 -0.181972 31.825
3.1201 1.58403 33.82
3.5691 5.35603 34.505
7.0221 6.89903 35.214
6.1851 10.634 35.66
8.8951 10.966 38.413
11.6791 10.901 35.74
12.5631 13.706 33.243

15.0101 11.629 31.101
14.7011 8.46503 28.959
17.8681 6.69803 27.674
17.4911 4.06503 24.93

20.6511 1.94203 25.374
19.4421 -0.0779717 22.343
17.4311 0.725028 19.195
14.2381 -1.23997 18.399
13.1521 -1.79397 14.732
9.5061 -0.821972 15.477

8.9661 2.95503 16.125
5.4931 2.40703 17.688
7.1941 0.540028 20.608
9.8131 3.33603 21.023
6.9761 5.96403 21.177
5.0961 3.72403 23.712
8.2741 3.71703 25.892
8.7481 7.56803 25.66

5.0501 8.04303 26.678
5.7241 6.19603 29.962
7.3451 9.47603 31.227
5.4131 11.998 29.082
2.0291 11.505 30.906
-0.510895 13.679 32.789
1.4131 14.621 35.986
4.7211 15.393 34.164
5.9501 18.993 34.878
9.4721 18.924 33.265
10.5751 18.887 29.579

11.1971 15.206 28.756
14.6871 14.385 27.424
14.9491 11.334 25.089
18.5101 10.082 24.348
19.0141 7.39803 21.636
22.4341 5.70303 22.144
23.9671 4.68703 18.741

27.3561 3.18703 17.719
29.0571 3.70603 14.29
30.1631 0.341028 12.766
27.1401 -1.63397 14.184
23.4681 -2.63397 13.558

22.4561 0.950028 14.637
23.7751 2.29403 11.253
20.9951 0.286028 9.443
18.2961 0.363028 12.177
18.2601 4.17703 12.597
17.4491 5.01903 8.883
14.8641 2.13203 8.933
13.1551 3.56903 12.077
13.1681 7.08203 10.46
11.4751 5.99903 7.178
8.8741 4.07403 9.293
8.0321 7.20903 11.412
7.6721 9.20103 8.14
5.1991 6.55603 6.775
3.2771 6.82203 10.107
3.2921 10.686 9.943
2.0651 10.77 6.273

-0.807895 8.44803 7.39
-1.6079 10.99 10.235
-0.531895 8.38903 12.879
2.4881 10.296 14.355
3.6631 13.911 14.927
7.1211 12.472 15.662
9.5951 13.608 13.017
13.0351 11.936 13.49
14.9201 13.742 10.601

15.9261 16.831 12.683
17.9741 14.642 15.126
20.3211 13.325 12.347
21.1721 16.722 10.788

22.4371 17.681 14.318
24.9221 14.708 14.741

End chain 1
