-13.201 -6.296 -53.957
-10.703 -3.406 -53.291
-9.54 -3.087 -49.639
-11.02 0.322 -48.639
-8.614 1.85 -46.053
-10.787 3.126 -43.162

-9.634 6.195 -41.181
-10.061 4.9 -37.589
-10.286 6.838 -34.306
-12.195 7.103 -30.979
-14.163 9.439 -28.711
-12.619 10.223 -25.263
-14.157 12.207 -22.344

-11.943 15.248 -21.466
-14.301 16.978 -18.949
-17.827 16.65 -17.399
-19.139 18.761 -20.353

-16.752 17.96 -23.312
-15.482 14.956 -25.281
-12.62 14.751 -27.824
-12.437 12.939 -31.204
-8.982 11.264 -31.393
-8.672 10.357 -35.1

-6.282 10.744 -38.079
-6.98 13.557 -40.6
-9.895 13.022 -43.051

-11.208 15.853 -45.293
-14.92 14.856 -45.011
-14.611 14.37 -41.226
-13.015 17.857 -40.827
-15.875 19.254 -42.999
-18.403 17.482 -40.669
-16.559 18.759 -37.515
-16.844 22.341 -38.957

-20.697 21.797 -39.029
-20.861 21.033 -35.24
-22.116 23.933 -33.104
-20.016 23.255 -29.939
-16.791 22.621 -31.971

-13.393 23.436 -30.391
-10.011 22.816 -32.063
-6.805 22.812 -29.99

-3.883 23.919 -32.209
-1.328 22.314 -29.773
-2.753 18.736 -29.691
-4.334 19.137 -33.217

-7.578 17.622 -31.79
-11.313 18.386 -31.995
-13.683 18.544 -28.991
-17.466 19.001 -28.65
-20.131 19.402 -25.91

-21.257 16.038 -24.476
-24.923 16.743 -25.497
-23.731 16.722 -29.178
-22.178 13.179 -28.839
-25.228 11.354 -30.322
-25.57 14.044 -33.093
-21.852 13.682 -34.021
-21.815 9.829 -34.037
-25.045 9.774 -36.128
-23.507 12.176 -38.75
-20.093 10.348 -38.803

-21.793 6.948 -39.527
-22.962 8.546 -42.834
-19.328 9.196 -43.991
-17.677 6.563 -46.261
-14.251 5.2 -45.121

-14.46 6.789 -41.562
-14.765 4.819 -38.279
-15.142 6.964 -35.114
-15.663 4.659 -32.101

-18.218 6.249 -29.657
-17.862 6.903 -25.912
-18.35 3.469 -24.195
-21.794 2.549 -22.772
-20.235 2.829 -19.255
-19.534 6.58 -19.812
-22.964 7.196 -21.431
-24.623 5.531 -18.378
-22.42 7.523 -15.909

-23.028 10.919 -17.654
-26.668 10.153 -18.714
-27.851 13.482 -17.123

-25.214 15.594 -18.963
-26 13.8 -22.296
-29.631 15.147 -21.909

-29.014 18.802 -20.797
-28.522 21.656 -23.337
-27.494 23.803 -20.296
-24.374 24.206 -18.108
-26.03 23.63 -14.722
-23.195 22.587 -12.38
-23.731 19.355 -10.334

-27.219 19.392 -8.694
-26.798 20.208 -4.988
-26.578 17.032 -2.906
-29.814 16.999 -0.82
-29.276 16.946 2.956
-30.305 13.551 4.343

-32.727 13.25 7.268
-30.389 11.851 9.975
-33.077 12.019 12.787
-33.159 8.159 12.923
-29.32 8.149 13.454
-27.82 8.306 16.969

-27.52 12.074 17.913
-23.991 11.509 19.371
-22.796 10.469 15.867
-24.731 13.185 13.93
-23.402 16.008 16.22
-19.738 14.82 15.861

-19.687 14.822 11.995
-17.445 17.587 10.586

-19.106 19.692 7.763
-17.231 17.783 4.996
-18.064 14.402 6.666
-21.796 15.407 6.677
-21.562 16.318 2.947
-19.943 12.855 2.346
-22.788 11.075 4.244
-25.363 13.084 2.191
-23.555 12.165 -1.104
-23.43 8.459 -0.115
-27.196 8.491 0.728
-28.024 10.343 -2.565

-25.973 7.645 -4.472
-28.214 5.048 -2.67
-25.512 3.7 -0.27

-23.352 2.353 -3.174
-19.956 4.118 -3.237
-16.209 4.012 -2.721
-15.295 6.541 0.021

-11.694 7.195 -1.128

-11.135 10.189 1.225
-7.504 10.605 2.377

-6.048 8.715 5.398
-7.361 9.956 8.784
-10.233 12.169 7.374
-12.706 9.981 9.408

-13.844 7.354 6.831
-15.012 5.081 9.734
-17.363 7.714 11.316
-18.876 8.506 7.854
-19.282 4.738 7.09
-21.02 4.042 10.461
-23.415 6.996 9.798
-24.247 5.855 6.195
-24.846 2.277 7.463
-26.955 3.52 10.461
-29.227 5.531 8.078

-29.9 2.058 6.507

-30.384 0.293 9.981
-33.886 -0.857 8.77
-32.05 -2.956 6.062
-29.626 -4.868 8.41
-27.981 -7.413 9.17

-24.774 -5.448 8.488
-21.551 -7.137 7.269
-18.235 -5.328 7.997
-15.132 -6.739 6.223
-11.829 -5.357 7.603

-8.05 -6.016 7.986
-7.416 -8.82 10.567
-5.856 -6.305 13.093
-8.689 -3.64 13.199

-11.758 -5.868 14.003
-11.895 -4.753 17.675
-11.154 -1.102 16.63
-14.365 -1.304 14.506
-16.414 -2.897 17.375
-15.268 -0.08 19.729
-16.109 2.476 16.969
-19.722 1.111 16.76
-20.082 1.14 20.611
-18.596 4.7 20.723
-20.823 6.195 17.978

-24.121 4.191 18.24
-24.851 3.95 22.056
-28.388 2.791 20.948
-26.764 -0.701 20.406
-26.03 -3.285 23.117

-22.632 -5.104 22.857
-24.638 -8.32 22.08
-25.78 -6.667 18.791

-22.091 -6.816 17.576
-20.505 -10.124 16.488
-16.681 -10.041 16.081

-15.702 -13.116 14.035
-12.316 -14.303 15.372
-12.201 -17.837 13.813
-13.405 -19.799 10.735
-15.769 -21.82 13.07
-17.788 -18.808 14.317
-21.352 -17.917 13.159
-21.075 -14.973 10.701
-24.816 -14.102 11.273
-24.919 -14.166 15.127
-25.108 -10.332 15.536
-27.08 -7.466 13.995

-23.588 -6.14 13.038
-21.065 -8.833 11.965
-17.336 -7.898 11.803
-15.009 -10.302 9.887
-11.529 -10.295 8.291

-10.658 -10.74 4.577
-8.757 -14.009 5.375
-11.833 -15.546 7.113
-14.3 -14.769 4.222

-12.926 -17.715 2.14
-13.287 -20.073 5.183
-16.843 -18.74 5.845
-18.014 -18.815 2.139
-20.731 -21.415 3.044
-22.243 -18.836 5.512
-21.955 -15.894 2.989
-25.071 -17.433 1.278
-27.188 -15.451 3.825
-28.094 -12.137 2.052
-26.367 -9.235 3.842
-28.236 -6.215 2.36

-25.704 -3.677 3.792
-21.936 -4.298 3.429
-19.007 -2.145 4.602
-15.517 -3.11 3.36

-12.662 -1.237 5.059
-9.341 -0.865 3.151

-11.066 -2.352 0.031
-7.765 -2.207 -1.968
-7.252 -5.742 -0.456
-9.774 -6.866 -3.176

-7.558 -5.436 -6.054
-6.861 -8.909 -7.611
-9.913 -10.983 -8.736
-7.994 -14.348 -8.638
-7.386 -14.116 -4.839

-9.551 -16.269 -2.508
-10.568 -13.122 -0.487
-11.832 -11.409 -3.693
-13.586 -14.593 -5.006
-15.461 -14.905 -1.648
-16.313 -11.137 -1.332
-17.465 -10.353 -4.925
-20.7 -12.523 -5.003
-21.961 -10.786 -1.799
-21.004 -7.272 -3.064
-22.893 -7.826 -6.386
-26.148 -8.927 -4.576

-26.072 -6.644 -1.465
-28.372 -3.542 -1.704

-25.826 -1.116 -0.104
-22.019 -1.347 -0.629
-19.769 1.077 1.29
-16.145 0.543 0.177
-13.427 2.479 2.088

-9.739 3.065 1.181
-6.998 5.712 1.573
-5.29 4.301 -1.537
-8.002 2.778 -3.832
-5.263 1.979 -6.345
-1.844 1.044 -4.877
0.179 1.273 -8.156
-1.96 0.815 -11.364

-5.486 1.412 -12.884
-6.145 -2.396 -13.101
-6.402 -2.518 -9.223
-9.619 -0.37 -9.379
-11.628 -2.846 -11.528
-12.904 -5.026 -8.614
-13.981 -1.892 -6.643
-15.738 -0.406 -9.758
-17.759 -3.638 -10.376
-18.545 -3.926 -6.614
-20.104 -0.383 -6.596

-21.607 -0.654 -10.172
-21.992 -4.37 -11.257
-23.172 -3.251 -14.78
-19.935 -1.29 -15.508
-17.337 -3.236 -17.592
-18.9 -6.785 -17.229
-15.576 -8.217 -18.571

-12.101 -7.019 -17.429
-10.719 -7.022 -21.032
-12.866 -3.967 -22.03
-11.565 -2.031 -18.959
-7.965 -3.199 -19.668
-8.028 -2.162 -23.384
-9.238 1.366 -22.43
-7.403 2.18 -19.142

-4.51 -0.351 -18.764
-2.851 0.132 -22.242
-3.499 -3.577 -22.858

-0.922 -5.224 -25.189
-1.171 -8.572 -27.031
2.109 -10.415 -26.274

3.105 -13.897 -27.702
2.055 -15.464 -24.315

-1.301 -13.571 -23.908
-2.465 -10.088 -22.814
-0.375 -7.663 -20.732

-2.386 -5.192 -18.538
0.545 -3.576 -16.579
0.214 -0.249 -18.472
-2.005 2.838 -18.126
-4.133 4.898 -20.565
-6.888 7.593 -20.643

-6.428 8.31 -16.868
-8.259 11.708 -16.967
-11.359 9.932 -18.424
-11.034 7.218 -15.72
-10.853 9.986 -13.027
-14.061 11.624 -14.396
-15.894 8.229 -14.505
-14.782 7.406 -10.918
-15.841 10.804 -9.431
-19.243 10.854 -11.244
-20.42 7.245 -10.709

-18.189 5.243 -8.243

-16.056 7.301 -5.859
-16.114 10.195 -3.388

-12.511 11.437 -2.855
-11.204 14.438 -0.866
-7.629 15.273 0.108

-6.103 16.757 3.336
-5.492 19.961 1.314
-9.247 20.21 0.414
-10.687 19.84 3.974

-7.876 20.335 6.596
-5.915 23.57 5.765
-4.501 23.333 9.365
-2.496 20.065 8.949

1.303 20.759 8.934
3.056 20.025 5.61

4.712 16.655 4.867
8.328 17.503 3.889
9.865 14.613 1.887
13.544 14.115 0.94
15.906 11.506 -0.462
18.947 10.811 1.779
21.766 9.257 -0.276

23.546 7.056 2.315
27.261 6.875 1.505

28.245 3.644 -0.418
31.86 4.115 0.91
30.822 1.923 3.932

29.1873 -0.824329 1.84557
26.2579 -2.9954 0.733916

23.8661 -0.198563 1.68248
26.2455 1.05705 4.36663
29.1493 1.08721 1.91503
27.1133 3.05237 -0.621845
26.1403 5.62121 2.00442
29.7654 6.06106 3.05687
30.85 6.58135 -0.548107
28.1529 9.20478 -1.08266
29.2115 11.072 2.05357
32.845 11.079 0.93982
31.8953 12.44 -2.47904
29.8435 15.2261 -0.907208
32.729 16.2003 1.36605
35.1301 16.3316 -1.57678
32.7495 18.5457 -3.54492

34.2295 15.2157 -4.79692
32.3995 14.1177 -8.00192
32.5405 10.3377 -7.46692
30.6695 10.1767 -4.08192
27.0965 8.94873 -3.57492

24.3005 11.3357 -2.42092
24.6195 9.67373 1.04208
28.4415 10.1327 1.33108
27.8905 13.8347 0.360084
25.3015 14.1877 3.23508
27.6695 12.3677 5.67208
30.6185 14.6597 4.71508
28.2675 17.6977 5.17108
27.2525 16.4957 8.69508
30.9675 15.9147 9.50208
31.9375 19.4357 8.23008
29.1105 20.9747 10.3451
30.0655 19.0257 13.5431
33.7985 19.9427 12.9761
32.7485 23.6327 12.6161
31.0975 23.4437 16.0761
34.2575 21.8627 17.6451
36.5575 24.4237 15.9171
34.5585 27.3977 17.3631
34.5055 26.2017 21.0611
37.7925 27.9547 22.1981
36.8555 31.3877 20.7261
33.1705 31.0327 21.7661
34.5115 30.4847 25.3371
36.9835 33.4277 24.9501
34.0565 35.6787 23.8671
31.7445 34.5267 26.7571
34.5495 35.2947 29.2681
35.2035 38.7447 27.6431
31.4545 39.5417 28.1191
31.5815 38.5307 31.8441
34.9065 40.3957 32.4341

33.2485 43.4747 30.7511
30.7685 43.4597 33.7251
27.5995 42.1627 31.9341
24.9055 41.2097 34.4621
22.6525 38.8607 32.3381

22.8715 37.2657 28.8571
21.7035 34.1897 26.8861
24.0735 31.8277 25.0111
22.4875 29.7607 22.2071
24.1085 26.6057 20.7361

22.7265 23.3047 19.2591
25.6045 20.7607 19.3141

25.7355 19.0767 22.7671
29.5985 19.2787 22.8251
29.3685 23.1357 22.5831
26.7655 23.3207 25.4271
28.9265 20.8857 27.5131
32.1915 22.8677 26.9591
30.5145 26.2467 27.8051
28.9615 24.8177 31.0441
32.2975 23.1847 32.0741
34.2395 26.4877 31.6541
31.5535 28.5007 33.5621
31.7715 25.9097 36.4271
35.6335 26.1337 36.3121

35.3455 29.9887 36.5681
32.6775 29.5567 39.3691
30.0995 31.5167 37.2671
26.4955 30.8297 38.3361

24.4925 29.8387 35.2251
21.4075 27.8707 34.0591
21.3295 25.1537 31.3431
18.3275 24.0527 29.1991

18.5935 21.3307 26.5011
16.7605 18.2347 25.0871
17.3385 16.3177 28.3961
15.9045 19.0667 30.7121
12.3915 18.0617 31.9011
9.22853 20.1577 31.2451
8.85553 21.2657 34.9331

12.6135 21.9077 35.5201
12.6045 24.1327 32.3531
10.0435 26.4647 34.0171
11.8925 26.4097 37.4011
15.3285 27.1977 35.7931
13.5875 29.9667 33.7701
12.2535 31.4547 37.0701
15.7305 31.0717 38.7231
17.3785 33.0877 35.8551
14.5305 35.6877 35.9051
14.4565 36.2517 39.7161

18.0895 35.5887 40.8501
20.6735 38.3707 40.1641
23.4765 35.7427 40.6141
22.6655 33.7387 37.4361
24.6345 35.7197 34.8151

24.4925 33.1957 31.9021
21.7325 31.0247 30.4231
23.1945 28.1627 28.2931
20.3385 27.2527 25.9201
19.7645 24.7247 23.1321

18.4525 26.6207 20.0311
16.0235 23.7107 19.3221
14.9605 22.8617 22.9191
14.4735 26.4557 24.2861
12.7515 27.9847 21.1531
9.29053 27.5107 22.8411
7.29253 28.4667 25.9921
10.0595 30.2327 27.9871
10.5085 34.0047 28.6721
13.9615 35.5477 29.3811
13.1245 39.2827 29.8271
15.8345 39.6147 32.5801
18.6185 39.5497 29.9071
19.5025 42.3547 27.4101

21.9495 40.2777 25.2681
21.6405 37.1137 23.1261
24.8075 35.3467 21.8411
24.4305 32.7137 19.0971

27.5905 30.5907 19.5411
26.3815 28.5707 16.5101
24.3705 29.3737 13.3621
21.1775 27.4087 12.5661
20.0915 26.8547 8.89908
16.4455 27.8267 9.64408

15.9055 31.6037 10.2921
12.4325 31.0557 11.8551
14.1335 29.1887 14.7751
16.7525 31.9847 15.1901
13.9155 34.6127 15.3441
12.0355 32.3727 17.8791
15.2135 32.3657 20.0591
15.6875 36.2167 19.8271

11.9895 36.6917 20.8451
12.6635 34.8447 24.1291
14.2845 38.1247 25.3941
12.3525 40.6467 23.2491
8.96853 40.1537 25.0731
6.42853 42.3277 26.9561
8.35253 43.2697 30.1531
11.6605 44.0417 28.3311
12.8895 47.6417 29.0451
16.4115 47.5727 27.4321
17.5145 47.5357 23.7461

18.1365 43.8547 22.9231
21.6265 43.0337 21.5911
21.8885 39.9827 19.2561
25.4495 38.7307 18.5151
25.9535 36.0467 15.8031
29.3735 34.3517 16.3111
30.9065 33.3357 12.9081

34.2955 31.8357 11.8861
35.9965 32.3547 8.45708
37.1025 28.9897 6.93308
34.0795 27.0147 8.35108
30.4075 26.0147 7.72508

29.3955 29.5987 8.80408
30.7145 30.9427 5.42008
27.9345 28.9347 3.61008
25.2355 29.0117 6.34408
25.1995 32.8257 6.76408
24.3885 33.6677 3.05008
21.8035 30.7807 3.10008
20.0945 32.2177 6.24408
20.1075 35.7307 4.62708
18.4145 34.6477 1.34508
15.8135 32.7227 3.46008
14.9715 35.8577 5.57908
14.6115 37.8497 2.30708
12.1385 35.2047 0.942084
10.2165 35.4707 4.27408
10.2315 39.3347 4.11008
9.00453 39.4187 0.440084

6.13153 37.0967 1.55708
5.33153 39.6387 4.40208
6.40753 37.0377 7.04608
9.42753 38.9447 8.52208
10.6025 42.5597 9.09408
14.0605 41.1207 9.82908
16.5345 42.2567 7.18408
19.9745 40.5847 7.65708
21.8595 42.3907 4.76808

22.8655 45.4797 6.85008
24.9135 43.2907 9.29308
27.2605 41.9737 6.51408
28.1115 45.3707 4.95508

29.3765 46.3297 8.48508
31.8615 43.3567 8.90808

End chain 1
