-13.201 -6.296 -53.957
-10.703 -3.406 -53.291
-9.54 -3.087 -49.639
-11.02 0.322 -48.639
-8.614 1.85 -46.053
-10.787 3.126 -43.162

-9.634 6.195 -41.181
-10.061 4.9 -37.589
-10.286 6.838 -34.306
-12.195 7.103 -30.979
-14.163 9.439 -28.711
-12.619 10.223 -25.263
-14.157 12.207 -22.344

-11.943 15.248 -21.466
-14.301 16.978 -18.949
-17.827 16.65 -17.399
-19.139 18.761 -20.353

-16.752 17.96 -23.312
-15.482 14.956 -25.281
-12.62 14.751 -27.824
-12.437 12.939 -31.204
-8.982 11.264 -31.393
-8.672 10.357 -35.1

-6.282 10.744 -38.079
-6.98 13.557 -40.6
-9.895 13.022 -43.051

-11.208 15.853 -45.293
-14.92 14.856 -45.011
-14.611 14.37 -41.226
-13.015 17.857 -40.827
-15.875 19.254 -42.999
-18.403 17.482 -40.669
-16.559 18.759 -37.515
-16.844 22.341 -38.957

-20.697 21.797 -39.029
-20.861 21.033 -35.24
-22.116 23.933 -33.104
-20.016 23.255 -29.939
-16.791 22.621 -31.971

-13.393 23.436 -30.391
-10.011 22.816 -32.063
-6.805 22.812 -29.99

-3.883 23.919 -32.209
-1.328 22.314 -29.773
-2.753 18.736 -29.691
-4.334 19.137 -33.217

-7.578 17.622 -31.79
-11.313 18.386 -31.995
-13.683 18.544 -28.991
-17.466 19.001 -28.65
-20.131 19.402 -25.91

-21.257 16.038 -24.476
-24.923 16.743 -25.497
-23.731 16.722 -29.178
-22.178 13.179 -28.839
-25.228 11.354 -30.322
-25.57 14.044 -33.093
-21.852 13.682 -34.021
-21.815 9.829 -34.037
-25.045 9.774 -36.128
-23.507 12.176 -38.75
-20.093 10.348 -38.803

-21.793 6.948 -39.527
-22.962 8.546 -42.834
-19.328 9.196 -43.991
-17.677 6.563 -46.261
-14.251 5.2 -45.121

-14.46 6.789 -41.562
-14.765 4.819 -38.279
-15.142 6.964 -35.114
-15.663 4.659 -32.101

-18.218 6.249 -29.657
-17.862 6.903 -25.912
-18.35 3.469 -24.195
-21.794 2.549 -22.772
-20.235 2.829 -19.255
-19.534 6.58 -19.812
-22.964 7.196 -21.431
-24.623 5.531 -18.378
-22.42 7.523 -15.909

-23.028 10.919 -17.654
-26.668 10.153 -18.714
-27.851 13.482 -17.123

-25.214 15.594 -18.963
-26 13.8 -22.296
-29.631 15.147 -21.909

-29.014 18.802 -20.797
-28.522 21.656 -23.337
-27.494 23.803 -20.296
-24.374 24.206 -18.108
-26.03 23.63 -14.722
-23.195 22.587 -12.38
-23.731 19.355 -10.334

-27.219 19.392 -8.694
-26.798 20.208 -4.988
-26.578 17.032 -2.906
-29.814 16.999 -0.82
-29.276 16.946 2.956
-30.305 13.551 4.343

-32.727 13.25 7.268
-30.389 11.851 9.975
-33.077 12.019 12.787
-33.159 8.159 12.923
-29.32 8.149 13.454
-27.82 8.306 16.969

-27.52 12.074 17.913
-23.991 11.509 19.371
-22.796 10.469 15.867
-24.731 13.185 13.93
-23.402 16.008 16.22
-19.738 14.82 15.861

-19.687 14.822 11.995
-17.445 17.587 10.586

-19.106 19.692 7.763
-17.231 17.783 4.996
-18.064 14.402 6.666
-21.796 15.407 6.677
-21.562 16.318 2.947
-19.943 12.855 2.346
-22.788 11.075 4.244
-25.363 13.084 2.191
-23.555 12.165 -1.104
-23.43 8.459 -0.115
-27.196 8.491 0.728
-28.024 10.343 -2.565

-25.973 7.645 -4.472
-28.214 5.048 -2.67
-25.512 3.7 -0.27

-23.352 2.353 -3.174
-19.956 4.118 -3.237
-16.209 4.012 -2.721
-15.295 6.541 0.021

-11.694 7.195 -1.128

-11.135 10.189 1.225
-7.504 10.605 2.377

-6.048 8.715 5.398
-7.361 9.956 8.784
-10.233 12.169 7.374
-12.706 9.981 9.408

-13.844 7.354 6.831
-15.012 5.081 9.734
-17.363 7.714 11.316
-18.876 8.506 7.854
-19.282 4.738 7.09
-21.02 4.042 10.461
-23.415 6.996 9.798
-24.247 5.855 6.195
-24.846 2.277 7.463
-26.955 3.52 10.461
-29.227 5.531 8.078

-29.9 2.058 6.507

-30.384 0.293 9.981
-33.886 -0.857 8.77
-32.05 -2.956 6.062
-29.626 -4.868 8.41
-27.981 -7.413 9.17

-24.774 -5.448 8.488
-21.551 -7.137 7.269
-18.235 -5.328 7.997
-15.132 -6.739 6.223
-11.829 -5.357 7.603

-8.05 -6.016 7.986
-7.416 -8.82 10.567
-5.856 -6.305 13.093
-8.689 -3.64 13.199

-11.758 -5.868 14.003
-11.895 -4.753 17.675
-11.154 -1.102 16.63
-14.365 -1.304 14.506
-16.414 -2.897 17.375
-15.268 -0.08 19.729
-16.109 2.476 16.969
-19.722 1.111 16.76
-20.082 1.14 20.611
-18.596 4.7 20.723
-20.823 6.195 17.978

-24.121 4.191 18.24
-24.851 3.95 22.056
-28.388 2.791 20.948
-26.764 -0.701 20.406
-26.03 -3.285 23.117

-22.632 -5.104 22.857
-24.638 -8.32 22.08
-25.78 -6.667 18.791

-22.091 -6.816 17.576
-20.505 -10.124 16.488
-16.681 -10.041 16.081

-15.702 -13.116 14.035
-12.316 -14.303 15.372
-12.201 -17.837 13.813
-13.405 -19.799 10.735
-15.769 -21.82 13.07
-17.788 -18.808 14.317
-21.352 -17.917 13.159
-21.075 -14.973 10.701
-24.816 -14.102 11.273
-24.919 -14.166 15.127
-25.108 -10.332 15.536
-27.08 -7.466 13.995

-23.588 -6.14 13.038
-21.065 -8.833 11.965
-17.336 -7.898 11.803
-15.009 -10.302 9.887
-11.529 -10.295 8.291

-10.658 -10.74 4.577
-8.757 -14.009 5.375
-11.833 -15.546 7.113
-14.3 -14.769 4.222

-11.8397 -16.761 2.08689
-9.40174 -18.7999 -0.0263922
-7.07646 -20.9971 -2.15215
-3.84072 -21.0483 -0.0802595
-0.557195 -22.5221 1.17364
2.50355 -20.548 2.49826
5.03247 -21.9887 -0.0349692
2.3146 -21.2803 -2.67323
1.46923 -18.7205 -5.41119
-0.295701 -15.8643 -3.6519
-2.61315 -13.0157 -4.92912
-5.90919 -13.2852 -2.87589

-9.49714 -13.0698 -1.65199
-13.1011 -12.9773 -0.588417
-16.5315 -12.6831 0.805305
-19.4196 -10.6252 -0.530589

-16.5646 -8.75219 1.16841
-13.2436 -8.38019 -0.739589

-14.9686 -9.86719 -3.85959
-11.6676 -9.72219 -5.85859
-11.1546 -13.2572 -4.34659
-13.6766 -14.3812 -7.06659

-11.4606 -12.9512 -9.94459
-10.7636 -16.4242 -11.5016
-13.8156 -18.4982 -12.6266
-11.8966 -21.8632 -12.5286
-11.2886 -21.6312 -8.72959

-13.4536 -23.7842 -6.39859
-14.4706 -20.6372 -4.37759
-15.7346 -18.9242 -7.58359
-17.4886 -22.1082 -8.89659
-19.3636 -22.4202 -5.53859
-20.2156 -18.6522 -5.22259
-21.3676 -17.8682 -8.81559
-24.6026 -20.0382 -8.89359
-25.8636 -18.3012 -5.68959
-24.9066 -14.7872 -6.95459
-26.7956 -15.3412 -10.2766
-30.0506 -16.4422 -8.46659

-29.9746 -14.1592 -5.35559
-32.2746 -11.0572 -5.59459

-29.7286 -8.63119 -3.99459
-25.9216 -8.86219 -4.51959
-23.6716 -6.43819 -2.60059
-20.0476 -6.97219 -3.71359
-17.3296 -5.03619 -1.80259

-13.6416 -4.45019 -2.70959
-10.9006 -1.80319 -2.31759
-9.19259 -3.21419 -5.42759
-11.9046 -4.73719 -7.72259
-9.16559 -5.53619 -10.2356
-5.74659 -6.47119 -8.76759
-3.72359 -6.24219 -12.0466
-5.86259 -6.70019 -15.2546

-9.38859 -6.10319 -16.7746
-10.0476 -9.91119 -16.9916
-10.3046 -10.0332 -13.1136
-13.5216 -7.88519 -13.2696
-15.5306 -10.3612 -15.4186
-16.8066 -12.5412 -12.5046
-17.8836 -9.40719 -10.5336
-19.6406 -7.92119 -13.6486
-21.6616 -11.1532 -14.2666
-22.4476 -11.4412 -10.5046
-24.0066 -7.89819 -10.4866

-25.5096 -8.16919 -14.0626
-25.8946 -11.8852 -15.1476
-27.0746 -10.7662 -18.6706
-23.8376 -8.80519 -19.3986
-21.2396 -10.7512 -21.4826
-22.8026 -14.3002 -21.1196
-19.4786 -15.7322 -22.4616

-16.0036 -14.5342 -21.3196
-14.6216 -14.5372 -24.9226
-16.7686 -11.4822 -25.9206
-15.4676 -9.54619 -22.8496
-11.8676 -10.7142 -23.5586
-11.9306 -9.67719 -27.2746
-13.1406 -6.14919 -26.3206
-11.3056 -5.33519 -23.0326

-8.41259 -7.86619 -22.6546
-6.75359 -7.38319 -26.1326
-7.40159 -11.0922 -26.7486

-4.82459 -12.7392 -29.0796
-5.07359 -16.0872 -30.9216
-1.79359 -17.9302 -30.1646

-0.79759 -21.4122 -31.5926
-1.84759 -22.9792 -28.2056

-5.20359 -21.0862 -27.7986
-6.36759 -17.6032 -26.7046
-4.27759 -15.1782 -24.6226

-6.28859 -12.7072 -22.4286
-3.35759 -11.0912 -20.4696
-3.68859 -7.76419 -22.3626
-5.90759 -4.67719 -22.0166
-8.03559 -2.61719 -24.4556
-10.7906 0.0778141 -24.5336

-10.3306 0.794814 -20.7586
-12.1616 4.19281 -20.8576
-15.2616 2.41681 -22.3146
-14.9366 -0.297186 -19.6106
-14.7556 2.47081 -16.9176
-17.9636 4.10881 -18.2866
-19.7966 0.713814 -18.3956
-18.6846 -0.109186 -14.8086
-19.7436 3.28881 -13.3216
-23.1456 3.33881 -15.1346
-24.3226 -0.270186 -14.5996

-22.0916 -2.27219 -12.1336

-19.9586 -0.214186 -9.74959
-20.0166 2.67981 -7.27859

-16.4136 3.92181 -6.74559
-15.1066 6.92281 -4.75659
-11.5316 7.75781 -3.78259

-10.0056 9.24181 -0.554589
-9.39459 12.4458 -2.57659
-13.1496 12.6948 -3.47659
-14.5896 12.3248 0.0834112

-11.7786 12.8198 2.70541
-9.81759 16.0548 1.87441
-8.40359 15.8178 5.47441
-6.39859 12.5498 5.05841

-2.59959 13.2438 5.04341
-0.84659 12.5098 1.71941

0.80941 9.13981 0.976411
4.42541 9.98781 -0.00158882
5.96241 7.09781 -2.00359
9.64141 6.59981 -2.95059
12.0034 3.99081 -4.35259
15.0444 3.29581 -2.11159
17.8634 1.74181 -4.16659

19.6434 -0.459186 -1.57559
23.3584 -0.640186 -2.38559

24.3424 -3.87119 -4.30859
27.9574 -3.40019 -2.98059
26.9194 -5.59219 0.0414112

25.8784 -8.38119 -2.44359
29.0164 -10.5622 -2.37759

30.5224 -11.8352 -5.67559
29.2104 -15.4532 -5.13459
25.5884 -14.2552 -4.58359
25.8654 -11.9252 -7.64459
27.2944 -14.7702 -9.79659
24.3564 -16.9872 -8.61159
21.8104 -14.2522 -9.60959
23.6074 -13.8542 -12.9996
23.5204 -17.6802 -13.4306
19.7474 -17.9892 -12.6826
19.0594 -14.9372 -14.9506
21.0144 -16.6132 -17.8376
19.2404 -19.9262 -17.0466
15.7434 -18.3742 -17.6306
16.8344 -17.0432 -21.1016

18.3144 -20.3732 -22.3536
16.4844 -21.4712 -25.5586
16.6254 -25.2512 -25.0236
14.7544 -25.4122 -21.6386
11.1814 -26.6402 -21.1316

8.38541 -24.2532 -19.9776
8.70441 -25.9152 -16.5146
12.5264 -25.4562 -16.2256
11.9754 -21.7542 -17.1966
9.38641 -21.4012 -14.3216
11.7544 -23.2212 -11.8846
14.7034 -20.9292 -12.8416
12.3524 -17.8912 -12.3856
11.3374 -19.0932 -8.86159
15.0524 -19.6742 -8.05459
16.0224 -16.1532 -9.32659
13.1954 -14.6142 -7.21159
14.1504 -16.5632 -4.01359
17.8834 -15.6462 -4.58059
16.8334 -11.9562 -4.94059
15.1824 -12.1452 -1.48059
18.3424 -13.7262 0.0884112
20.6424 -11.1652 -1.63959
18.6434 -8.19119 -0.193589
18.5904 -9.38719 3.50441
21.8774 -7.63419 4.64141
20.9404 -4.20119 3.16941
17.2554 -4.55619 4.20941
18.5964 -5.10419 7.78041
21.0684 -2.16119 7.39341
18.1414 0.0898141 6.31041
15.8294 -1.06219 9.20041
18.6344 -0.294186 11.7114
19.2884 3.15581 10.0864
15.5394 3.95281 10.5624
15.6664 2.94181 14.2874
18.9914 4.80681 14.8774

17.3334 7.88581 13.1944
14.8534 7.87081 16.1684
11.6844 6.57381 14.3774
8.99041 5.62081 16.9054
6.73741 3.27181 14.7814

6.95641 1.67681 11.3004
5.78841 -1.39919 9.32941
8.15841 -3.76119 7.45441
6.57241 -5.82819 4.65041
8.19341 -8.98319 3.17941

6.81141 -12.2842 1.70241
9.68941 -14.8282 1.75741

9.82041 -16.5122 5.21041
13.6834 -16.3102 5.26841
13.4534 -12.4532 5.02641
10.8504 -12.2682 7.87041
13.0114 -14.7032 9.95641
16.2764 -12.7212 9.40241
14.5994 -9.34219 10.2484
13.0464 -10.7712 13.4874
16.3824 -12.4042 14.5174
18.3244 -9.10119 14.0974
15.6384 -7.08819 16.0054
15.8564 -9.67919 18.8704
19.7184 -9.45519 18.7554

19.4304 -5.60019 19.0114
16.7624 -6.03219 21.8124
14.1844 -4.07219 19.7104
10.5804 -4.75919 20.7794

8.57741 -5.75019 17.6684
5.49241 -7.71819 16.5024
5.41441 -10.4352 13.7864
2.41241 -11.5362 11.6424

2.67841 -14.2582 8.94441
0.84541 -17.3542 7.53041
1.42341 -19.2712 10.8394
-0.0105898 -16.5222 13.1554
-3.52359 -17.5272 14.3444
-6.68659 -15.4312 13.6884
-7.05959 -14.3232 17.3764

-3.30159 -13.6812 17.9634
-3.31059 -11.4562 14.7964
-5.87159 -9.12419 16.4604
-4.02259 -9.17919 19.8444
-0.58659 -8.39119 18.2364
-2.32759 -5.62219 16.2134
-3.66159 -4.13419 19.5134
-0.18459 -4.51719 21.1664
1.46341 -2.50119 18.2984
-1.38459 0.0988141 18.3484
-1.45859 0.662814 22.1594

2.17441 -0.000185947 23.2934
4.75841 2.78181 22.6074
7.56141 0.153814 23.0574
6.75041 -1.85019 19.8794
8.71941 0.130814 17.2584

8.57741 -2.39319 14.3454
5.81741 -4.56419 12.8664
7.27941 -7.42619 10.7364
4.42341 -8.33619 8.36341
3.84941 -10.8642 5.57541

2.53741 -8.96819 2.47441
0.10841 -11.8782 1.76541
-0.95459 -12.7272 5.36241
-1.44159 -9.13319 6.72941
-3.16359 -7.60419 3.59641
-6.62459 -8.07819 5.28441
-8.62259 -7.12219 8.43541
-5.85559 -5.35619 10.4304
-5.40659 -1.58419 11.1154
-1.95359 -0.0411859 11.8244
-2.79059 3.69381 12.2704
-0.0805898 4.02581 15.0234
2.70341 3.96081 12.3504
3.58741 6.76581 9.85341

6.03441 4.68881 7.71141
5.72541 1.52481 5.56941
8.89241 -0.242186 4.28441
8.51541 -2.87519 1.54041

11.6754 -4.99819 1.98441
10.4664 -7.01819 -1.04659
8.45541 -6.21519 -4.19459
5.26241 -8.18019 -4.99059
4.17641 -8.73419 -8.65759
0.53041 -7.76219 -7.91259

-0.00958976 -3.98519 -7.26459
-3.48259 -4.53319 -5.70159
-1.78159 -6.40019 -2.78159
0.83741 -3.60419 -2.36659
-1.99959 -0.976186 -2.21259
-3.87959 -3.21619 0.322411
-0.70159 -3.22319 2.50241
-0.22759 0.627814 2.27041

-3.92559 1.10281 3.28841
-3.25159 -0.744186 6.57241
-1.63059 2.53581 7.83741
-3.56259 5.05781 5.69241
-6.94659 4.56481 7.51641
-9.48659 6.73881 9.39941
-7.56259 7.68081 12.5964
-4.25459 8.45281 10.7744
-3.02559 12.0528 11.4884
0.49641 11.9838 9.87541
1.59941 11.9468 6.18941

2.22141 8.26581 5.36641
5.71141 7.44481 4.03441
5.97341 4.39381 1.69941
9.53441 3.14181 0.958411
10.0384 0.457814 -1.75359
13.4584 -1.23719 -1.24559
14.9914 -2.25319 -4.64859

18.3804 -3.75319 -5.67059
20.0814 -3.23419 -9.09959
21.1874 -6.59919 -10.6236
18.1644 -8.57419 -9.20559
14.4924 -9.57419 -9.83159

13.4804 -5.99019 -8.75259
14.7994 -4.64619 -12.1366
12.0194 -6.65419 -13.9466
9.32041 -6.57719 -11.2126
9.28441 -2.76319 -10.7926
8.47341 -1.92119 -14.5066
5.88841 -4.80819 -14.4566
4.17941 -3.37119 -11.3126
4.19241 0.141814 -12.9296
2.49941 -0.941186 -16.2116
-0.10159 -2.86619 -14.0966
-0.94359 0.268814 -11.9776
-1.30359 2.26081 -15.2496
-3.77659 -0.384186 -16.6146
-5.69859 -0.118186 -13.2826
-5.68359 3.74581 -13.4466
-6.91059 3.82981 -17.1166

-9.78359 1.50781 -15.9996
-10.5836 4.04981 -13.1546
-9.50759 1.44881 -10.5106
-6.48759 3.35581 -9.03459
-5.31259 6.97081 -8.46259
-1.85459 5.53181 -7.72759
0.61941 6.66781 -10.3726
4.05941 4.99581 -9.89959
5.94441 6.80181 -12.7886

6.95041 9.89081 -10.7066
8.99841 7.70181 -8.26359
11.3454 6.38481 -11.0426
12.1964 9.78181 -12.6016

13.4614 10.7408 -9.07159
15.9464 7.76781 -8.64859

End chain 1
