-13.201 -6.296 -53.957
-10.703 -3.406 -53.291
-9.54 -3.087 -49.639
-11.02 0.322 -48.639
-8.614 1.85 -46.053
-10.787 3.126 -43.162

-9.634 6.195 -41.181
-10.061 4.9 -37.589
-10.286 6.838 -34.306
-12.195 7.103 -30.979
-14.163 9.439 -28.711
-12.619 10.223 -25.263
-14.157 12.207 -22.344

-11.943 15.248 -21.466
-14.301 16.978 -18.949
-17.827 16.65 -17.399
-19.139 18.761 -20.353

-16.752 17.96 -23.312
-15.482 14.956 -25.281
-12.62 14.751 -27.824
-12.437 12.939 -31.204
-8.982 11.264 -31.393
-8.672 10.357 -35.1

-6.282 10.744 -38.079
-6.98 13.557 -40.6
-9.895 13.022 -43.051

-11.208 15.853 -45.293
-14.92 14.856 -45.011
-14.611 14.37 -41.226
-13.015 17.857 -40.827
-15.875 19.254 -42.999
-18.403 17.482 -40.669
-16.559 18.759 -37.515
-16.844 22.341 -38.957

-20.697 21.797 -39.029
-20.861 21.033 -35.24
-22.116 23.933 -33.104
-20.016 23.255 -29.939
-16.791 22.621 -31.971

-13.393 23.436 -30.391
-10.011 22.816 -32.063
-6.805 22.812 -29.99

-3.883 23.919 -32.209
-1.328 22.314 -29.773
-2.753 18.736 -29.691
-4.334 19.137 -33.217

-7.578 17.622 -31.79
-11.313 18.386 -31.995
-13.683 18.544 -28.991
-17.466 19.001 -28.65
-20.131 19.402 -25.91

-21.257 16.038 -24.476
-24.923 16.743 -25.497
-23.731 16.722 -29.178
-22.178 13.179 -28.839
-25.228 11.354 -30.322
-25.57 14.044 -33.093
-21.852 13.682 -34.021
-21.815 9.829 -34.037
-25.045 9.774 -36.128
-23.507 12.176 -38.75
-20.093 10.348 -38.803

-21.793 6.948 -39.527
-22.962 8.546 -42.834
-19.328 9.196 -43.991
-17.677 6.563 -46.261
-14.251 5.2 -45.121

-14.46 6.789 -41.562
-14.765 4.819 -38.279
-15.142 6.964 -35.114
-15.663 4.659 -32.101

-18.218 6.249 -29.657
-17.862 6.903 -25.912
-18.35 3.469 -24.195
-21.794 2.549 -22.772
-20.235 2.829 -19.255
-19.534 6.58 -19.812
-22.964 7.196 -21.431
-24.623 5.531 -18.378
-22.42 7.523 -15.909

-23.028 10.919 -17.654
-26.668 10.153 -18.714
-27.851 13.482 -17.123

-25.214 15.594 -18.963
-26 13.8 -22.296
-29.631 15.147 -21.909

-29.014 18.802 -20.797
-28.522 21.656 -23.337
-27.494 23.803 -20.296
-24.374 24.206 -18.108
-26.03 23.63 -14.722
-23.195 22.587 -12.38
-23.731 19.355 -10.334

-27.219 19.392 -8.694
-26.798 20.208 -4.988
-26.578 17.032 -2.906
-29.814 16.999 -0.82
-29.276 16.946 2.956
-30.305 13.551 4.343

-32.727 13.25 7.268
-30.389 11.851 9.975
-33.077 12.019 12.787
-33.159 8.159 12.923
-29.32 8.149 13.454
-27.82 8.306 16.969

-27.52 12.074 17.913
-23.991 11.509 19.371
-22.796 10.469 15.867
-24.731 13.185 13.93
-23.402 16.008 16.22
-19.738 14.82 15.861

-19.687 14.822 11.995
-17.445 17.587 10.586

-19.106 19.692 7.763
-17.231 17.783 4.996
-18.064 14.402 6.666
-21.796 15.407 6.677
-21.562 16.318 2.947
-19.943 12.855 2.346
-22.788 11.075 4.244
-25.363 13.084 2.191
-23.555 12.165 -1.104
-23.43 8.459 -0.115
-27.196 8.491 0.728
-28.024 10.343 -2.565

-25.973 7.645 -4.472
-28.214 5.048 -2.67
-25.512 3.7 -0.27

-23.352 2.353 -3.174
-19.956 4.118 -3.237
-16.209 4.012 -2.721
-15.295 6.541 0.021

-11.694 7.195 -1.128

-11.135 10.189 1.225
-7.504 10.605 2.377

-6.048 8.715 5.398
-7.361 9.956 8.784
-10.233 12.169 7.374
-12.706 9.981 9.408

-13.844 7.354 6.831
-15.012 5.081 9.734
-17.363 7.714 11.316
-18.876 8.506 7.854
-19.282 4.738 7.09
-21.02 4.042 10.461
-23.415 6.996 9.798
-24.247 5.855 6.195
-24.846 2.277 7.463
-26.955 3.52 10.461
-29.227 5.531 8.078

-29.9 2.058 6.507

-30.384 0.293 9.981
-33.886 -0.857 8.77
-32.05 -2.956 6.062
-29.626 -4.868 8.41
-27.981 -7.413 9.17

-24.774 -5.448 8.488
-21.551 -7.137 7.269
-18.235 -5.328 7.997
-15.132 -6.739 6.223
-11.829 -5.357 7.603

-8.05 -6.016 7.986
-7.416 -8.82 10.567
-5.856 -6.305 13.093
-8.689 -3.64 13.199

-11.758 -5.868 14.003
-11.895 -4.753 17.675
-11.154 -1.102 16.63
-14.365 -1.304 14.506
-16.414 -2.897 17.375
-15.268 -0.08 19.729
-16.109 2.476 16.969
-19.722 1.111 16.76
-20.082 1.14 20.611
-18.596 4.7 20.723
-20.823 6.195 17.978

-24.121 4.191 18.24
-24.851 3.95 22.056
-28.388 2.791 20.948
-26.764 -0.701 20.406
-26.03 -3.285 23.117

-22.632 -5.104 22.857
-24.638 -8.32 22.08
-25.78 -6.667 18.791

-22.091 -6.816 17.576
-20.505 -10.124 16.488
-16.681 -10.041 16.081

-15.702 -13.116 14.035
-12.316 -14.303 15.372
-12.201 -17.837 13.813
-13.405 -19.799 10.735
-15.769 -21.82 13.07
-17.788 -18.808 14.317
-21.352 -17.917 13.159
-21.075 -14.973 10.701
-24.816 -14.102 11.273
-24.919 -14.166 15.127
-25.108 -10.332 15.536
-27.08 -7.466 13.995

-23.588 -6.14 13.038
-21.065 -8.833 11.965
-17.336 -7.898 11.803
-15.009 -10.302 9.887
-11.529 -10.295 8.291

-10.658 -10.74 4.577
-8.757 -14.009 5.375
-11.833 -15.546 7.113
-14.3 -14.769 4.222

-12.926 -17.715 2.14
-13.287 -20.073 5.183
-16.843 -18.74 5.845
-18.014 -18.815 2.139
-20.731 -21.415 3.044
-22.243 -18.836 5.512
-21.955 -15.894 2.989
-25.071 -17.433 1.278
-27.188 -15.451 3.825
-28.094 -12.137 2.052
-26.367 -9.235 3.842
-28.236 -6.215 2.36

-25.704 -3.677 3.792
-21.936 -4.298 3.429
-19.007 -2.145 4.602
-15.517 -3.11 3.36

-12.662 -1.237 5.059
-9.341 -0.865 3.151

-11.066 -2.352 0.031
-7.765 -2.207 -1.968
-7.252 -5.742 -0.456
-9.774 -6.866 -3.176

-7.558 -5.436 -6.054
-6.861 -8.909 -7.611
-9.913 -10.983 -8.736
-7.994 -14.348 -8.638
-7.386 -14.116 -4.839

-9.551 -16.269 -2.508
-10.568 -13.122 -0.487
-11.832 -11.409 -3.693
-13.586 -14.593 -5.006
-15.461 -14.905 -1.648
-16.313 -11.137 -1.332
-17.465 -10.353 -4.925
-20.7 -12.523 -5.003
-21.961 -10.786 -1.799
-21.004 -7.272 -3.064
-22.893 -7.826 -6.386
-26.148 -8.927 -4.576

-26.072 -6.644 -1.465
-28.372 -3.542 -1.704

-25.826 -1.116 -0.104
-22.019 -1.347 -0.629
-19.769 1.077 1.29
-16.145 0.543 0.177
-13.427 2.479 2.088

-9.739 3.065 1.181
-6.998 5.712 1.573
-5.29 4.301 -1.537
-8.002 2.778 -3.832
-5.263 1.979 -6.345
-1.844 1.044 -4.877
0.179 1.273 -8.156
-1.96 0.815 -11.364

-5.486 1.412 -12.884
-6.145 -2.396 -13.101
-6.402 -2.518 -9.223
-9.619 -0.37 -9.379
-11.628 -2.846 -11.528
-12.904 -5.026 -8.614
-13.981 -1.892 -6.643
-15.738 -0.406 -9.758
-17.759 -3.638 -10.376
-18.545 -3.926 -6.614
-20.104 -0.383 -6.596

-21.607 -0.654 -10.172
-21.992 -4.37 -11.257
-23.172 -3.251 -14.78
-19.935 -1.29 -15.508
-17.337 -3.236 -17.592
-18.9 -6.785 -17.229
-15.576 -8.217 -18.571

-12.101 -7.019 -17.429
-10.719 -7.022 -21.032
-12.866 -3.967 -22.03
-11.565 -2.031 -18.959
-7.965 -3.199 -19.668
-8.028 -2.162 -23.384
-9.238 1.366 -22.43
-7.403 2.18 -19.142

-4.58615 1.01451 -21.3556
-6.4583 1.42376 -24.5876
-8.22817 1.24472 -27.8464

-7.4799 4.14922 -30.212
-11.003 4.31018 -31.7365
-13.801 1.68862 -31.8003

-12.805 -1.79338 -33.2283
-13.855 -3.36038 -29.8413

-17.211 -1.46738 -29.4343
-18.375 2.01562 -28.3403
-16.285 4.44062 -26.2583

-18.296 6.91162 -24.0643
-15.365 8.52762 -22.1053
-15.696 11.8546 -23.9983
-17.915 14.9416 -23.6523
-20.043 17.0016 -26.0913
-22.798 19.6966 -26.1693

-22.338 20.4136 -22.3943
-24.169 23.8116 -22.4933
-27.269 22.0356 -23.9503
-26.944 19.3216 -21.2463
-26.763 22.0896 -18.5533
-29.971 23.7276 -19.9223
-31.804 20.3326 -20.0313
-30.692 19.5096 -16.4443
-31.751 22.9076 -14.9573
-35.153 22.9576 -16.7703
-36.33 19.3486 -16.2353

-34.099 17.3466 -13.7693

-31.966 19.4046 -11.3853
-32.024 22.2986 -8.9143

-28.421 23.5406 -8.3813
-27.114 26.5416 -6.3923
-23.539 27.3766 -5.4183

-22.013 28.8606 -2.1903
-21.402 32.0646 -4.2123
-25.157 32.3136 -5.1123
-26.597 31.9436 -1.5523

-23.786 32.4386 1.0697
-21.825 35.6736 0.238705
-20.411 35.4366 3.8387
-18.406 32.1686 3.4227

-14.607 32.8626 3.4077
-12.854 32.1286 0.0837049

-11.198 28.7586 -0.659295
-7.58195 29.6066 -1.6373
-6.04495 26.7166 -3.6393
-2.36595 26.2186 -4.5863
-0.00395329 23.6096 -5.9883
3.03705 22.9146 -3.7473
5.85605 21.3606 -5.8023

7.63605 19.1596 -3.2113
11.351 18.9786 -4.0213

12.335 15.7476 -5.9443
15.95 16.2186 -4.6163
14.912 14.0266 -1.5943

13.871 11.2376 -4.0793
17.009 9.05662 -4.0133

18.515 7.78362 -7.3113
17.203 4.16562 -6.7703
13.581 5.36362 -6.2193
13.858 7.69362 -9.2803
15.287 4.84862 -11.4323
12.349 2.63162 -10.2473
9.80305 5.36662 -11.2453
11.6 5.76462 -14.6353
11.513 1.93862 -15.0663
7.74005 1.62962 -14.3183
7.05205 4.68162 -16.5863
9.00705 3.00562 -19.4733
7.23305 -0.307383 -18.6823
3.73605 1.24462 -19.2663
4.82705 2.57562 -22.7373

6.30705 -0.754383 -23.9893
4.47705 -1.85238 -27.1943
4.61805 -5.63238 -26.6593
2.74705 -5.79338 -23.2743
-0.825953 -7.02138 -22.7673

-3.62195 -4.63438 -21.6133
-3.30295 -6.29638 -18.1503
0.519047 -5.83738 -17.8613
-0.0319533 -2.13538 -18.8323
-2.62095 -1.78238 -15.9573
-0.252953 -3.60238 -13.5203
2.69605 -1.31038 -14.4773
0.345047 1.72762 -14.0213
-0.669953 0.525617 -10.4973
3.04505 -0.0553826 -9.6903
4.01505 3.46562 -10.9623
1.18805 5.00462 -8.8473
2.14305 3.05562 -5.6493
5.87605 3.97262 -6.2163
4.82605 7.66262 -6.5763
3.17505 7.47362 -3.1163
6.33505 5.89262 -1.5473
8.63505 8.45362 -3.2753
6.63605 11.4276 -1.8293
6.58305 10.2316 1.8687
9.87005 11.9846 3.0057
8.93305 15.4176 1.5337
5.24805 15.0626 2.5737
6.58905 14.5146 6.1447
9.06105 17.4576 5.7577
6.13405 19.7086 4.6747
3.82205 18.5566 7.5647
6.62705 19.3246 10.0757
7.28105 22.7746 8.4507
3.53205 23.5716 8.9267
3.65905 22.5606 12.6517
6.98405 24.4256 13.2417

5.32605 27.5046 11.5587
2.84605 27.4896 14.5327
-0.322953 26.1926 12.7417
-3.01695 25.2396 15.2697
-5.26995 22.8906 13.1457

-5.05095 21.2956 9.6647
-6.21895 18.2196 7.6937
-3.84895 15.8576 5.8187
-5.43495 13.7906 3.0147
-3.81395 10.6356 1.5437

-5.19595 7.33462 0.0667049
-2.31795 4.79062 0.121705

-2.18695 3.10662 3.5747
1.67605 3.30862 3.6327
1.44605 7.16562 3.3907
-1.15695 7.35062 6.2347
1.00405 4.91562 8.3207
4.26905 6.89762 7.7667
2.59205 10.2766 8.6127
1.03905 8.84762 11.8517
4.37505 7.21462 12.8817
6.31705 10.5176 12.4617
3.63105 12.5306 14.3697
3.84905 9.93962 17.2347
7.71105 10.1636 17.1197

7.42305 14.0186 17.3757
4.75505 13.5866 20.1767
2.17705 15.5466 18.0747
-1.42695 14.8596 19.1437

-3.42995 13.8686 16.0327
-6.51495 11.9006 14.8667
-6.59295 9.18362 12.1507
-9.59495 8.08262 10.0067

-9.32895 5.36062 7.3087
-11.162 2.26462 5.8947
-10.584 0.347617 9.2037
-12.018 3.09662 11.5197
-15.531 2.09162 12.7087
-18.694 4.18762 12.0527
-19.067 5.29562 15.7407

-15.309 5.93762 16.3277
-15.318 8.16262 13.1607
-17.879 10.4946 14.8247
-16.03 10.4396 18.2087
-12.594 11.2276 16.6007
-14.335 13.9966 14.5777
-15.669 15.4846 17.8777
-12.192 15.1016 19.5307
-10.544 17.1176 16.6627
-13.392 19.7176 16.7127
-13.466 20.2816 20.5237

-9.83295 19.6186 21.6577
-7.24895 22.4006 20.9717
-4.44595 19.7726 21.4217
-5.25695 17.7686 18.2437
-3.28795 19.7496 15.6227

-3.42995 17.2256 12.7097
-6.18995 15.0546 11.2307
-4.72795 12.1926 9.1007
-7.58395 11.2826 6.7277
-8.15795 8.75462 3.9397

-9.46995 10.6506 0.838705
-11.899 7.74062 0.129705
-12.962 6.89162 3.7267
-13.449 10.4856 5.0937
-15.171 12.0146 1.9607
-18.632 11.5406 3.6487
-20.63 12.4966 6.7997
-17.863 14.2626 8.7947
-17.414 18.0346 9.4797
-13.961 19.5776 10.1887
-14.798 23.3126 10.6347
-12.088 23.6446 13.3877
-9.30395 23.5796 10.7147
-8.41995 26.3846 8.2177

-5.97295 24.3076 6.0757
-6.28195 21.1436 3.9337
-3.11495 19.3766 2.6487
-3.49195 16.7436 -0.0952951

-0.331953 14.6206 0.348705
-1.54095 12.6006 -2.6823
-3.55195 13.4036 -5.8303
-6.74495 11.4386 -6.6263
-7.83095 10.8846 -10.2933
-11.477 11.8566 -9.5483

-12.017 15.6336 -8.9003
-15.49 15.0856 -7.3373
-13.789 13.2186 -4.4173
-11.17 16.0146 -4.0023
-14.007 18.6426 -3.8483
-15.887 16.4026 -1.3133
-12.709 16.3956 0.866705
-12.235 20.2466 0.634705

-15.933 20.7216 1.6527
-15.259 18.8746 4.9367
-13.638 22.1546 6.2017
-15.57 24.6766 4.0567
-18.954 24.1836 5.8807
-21.494 26.3576 7.7637
-19.57 27.2996 10.9607
-16.262 28.0716 9.1387
-15.033 31.6716 9.8527
-11.511 31.6026 8.2397
-10.408 31.5656 4.5537

-9.78595 27.8846 3.7307
-6.29595 27.0636 2.3987
-6.03395 24.0126 0.0637049
-2.47295 22.7606 -0.677295
-1.96895 20.0766 -3.3893
1.45105 18.3816 -2.8813
2.98405 17.3656 -6.2843

6.37305 15.8656 -7.3063
8.07405 16.3846 -10.7353
9.18005 13.0196 -12.2593
6.15705 11.0446 -10.8413
2.48505 10.0446 -11.4673

1.47305 13.6286 -10.3883
2.79205 14.9726 -13.7723
0.0120467 12.9646 -15.5823
-2.68695 13.0416 -12.8483
-2.72295 16.8556 -12.4283
-3.53395 17.6976 -16.1423
-6.11895 14.8106 -16.0923
-7.82795 16.2476 -12.9483
-7.81495 19.7606 -14.5653
-9.50795 18.6776 -17.8473
-12.109 16.7526 -15.7323
-12.951 19.8876 -13.6133
-13.311 21.8796 -16.8853
-15.784 19.2346 -18.2503
-17.706 19.5006 -14.9183
-17.691 23.3646 -15.0823
-18.918 23.4486 -18.7523

-21.791 21.1266 -17.6353
-22.591 23.6686 -14.7903
-21.515 21.0676 -12.1463
-18.495 22.9746 -10.6703
-17.32 26.5896 -10.0983
-13.862 25.1506 -9.3633
-11.388 26.2866 -12.0083
-7.94795 24.6146 -11.5353
-6.06295 26.4206 -14.4243

-5.05695 29.5096 -12.3423
-3.00895 27.3206 -9.8993
-0.661953 26.0036 -12.6783
0.189047 29.4006 -14.2373

1.45405 30.3596 -10.7073
3.93905 27.3866 -10.2843

End chain 1
