-13.201 -6.296 -53.957
-10.703 -3.406 -53.291
-9.54 -3.087 -49.639
-11.02 0.322 -48.639
-8.614 1.85 -46.053
-10.787 3.126 -43.162

-9.634 6.195 -41.181
-10.061 4.9 -37.589
-10.286 6.838 -34.306
-12.195 7.103 -30.979
-14.163 9.439 -28.711
-12.619 10.223 -25.263
-14.157 12.207 -22.344

-11.943 15.248 -21.466
-14.301 16.978 -18.949
-17.827 16.65 -17.399
-19.139 18.761 -20.353

-16.752 17.96 -23.312
-15.482 14.956 -25.281
-12.62 14.751 -27.824
-12.437 12.939 -31.204
-8.982 11.264 -31.393
-8.672 10.357 -35.1

-6.282 10.744 -38.079
-6.98 13.557 -40.6
-9.895 13.022 -43.051

-11.208 15.853 -45.293
-14.92 14.856 -45.011
-14.611 14.37 -41.226
-13.015 17.857 -40.827
-15.875 19.254 -42.999
-18.403 17.482 -40.669
-16.559 18.759 -37.515
-16.844 22.341 -38.957

-20.697 21.797 -39.029
-20.861 21.033 -35.24
-22.116 23.933 -33.104
-20.016 23.255 -29.939
-16.791 22.621 -31.971

-13.393 23.436 -30.391
-10.011 22.816 -32.063
-6.805 22.812 -29.99

-3.883 23.919 -32.209
-1.328 22.314 -29.773
-2.753 18.736 -29.691
-4.334 19.137 -33.217

-7.578 17.622 -31.79
-11.313 18.386 -31.995
-13.683 18.544 -28.991
-17.466 19.001 -28.65
-20.131 19.402 -25.91

-21.257 16.038 -24.476
-24.923 16.743 -25.497
-23.731 16.722 -29.178
-22.178 13.179 -28.839
-25.228 11.354 -30.322
-25.57 14.044 -33.093
-21.852 13.682 -34.021
-21.815 9.829 -34.037
-25.045 9.774 -36.128
-23.507 12.176 -38.75
-20.093 10.348 -38.803

-21.793 6.948 -39.527
-22.962 8.546 -42.834
-19.328 9.196 -43.991
-17.677 6.563 -46.261
-14.251 5.2 -45.121

-14.46 6.789 -41.562
-14.765 4.819 -38.279
-15.142 6.964 -35.114
-15.663 4.659 -32.101

-18.218 6.249 -29.657
-17.862 6.903 -25.912
-18.35 3.469 -24.195
-21.794 2.549 -22.772
-20.235 2.829 -19.255
-19.534 6.58 -19.812
-22.964 7.196 -21.431
-24.623 5.531 -18.378
-22.42 7.523 -15.909

-23.028 10.919 -17.654
-26.668 10.153 -18.714
-27.851 13.482 -17.123

-25.214 15.594 -18.963
-26 13.8 -22.296
-29.631 15.147 -21.909

-29.014 18.802 -20.797
-28.522 21.656 -23.337
-27.494 23.803 -20.296
-24.374 24.206 -18.108
-26.03 23.63 -14.722
-23.195 22.587 -12.38
-23.731 19.355 -10.334

-27.219 19.392 -8.694
-26.798 20.208 -4.988
-26.578 17.032 -2.906
-29.814 16.999 -0.82
-29.276 16.946 2.956
-30.305 13.551 4.343

-32.727 13.25 7.268
-30.389 11.851 9.975
-33.077 12.019 12.787
-33.159 8.159 12.923
-29.32 8.149 13.454
-27.82 8.306 16.969

-27.52 12.074 17.913
-23.991 11.509 19.371
-22.796 10.469 15.867
-24.731 13.185 13.93
-23.402 16.008 16.22
-19.738 14.82 15.861

-19.687 14.822 11.995
-17.445 17.587 10.586

-19.106 19.692 7.763
-17.231 17.783 4.996
-18.064 14.402 6.666
-21.796 15.407 6.677
-21.562 16.318 2.947
-19.943 12.855 2.346
-22.788 11.075 4.244
-25.363 13.084 2.191
-23.555 12.165 -1.104
-23.43 8.459 -0.115
-27.196 8.491 0.728
-28.024 10.343 -2.565

-25.973 7.645 -4.472
-28.214 5.048 -2.67
-25.512 3.7 -0.27

-23.352 2.353 -3.174
-19.956 4.118 -3.237
-16.209 4.012 -2.721
-15.295 6.541 0.021

-11.694 7.195 -1.128

-11.135 10.189 1.225
-7.504 10.605 2.377

-6.048 8.715 5.398
-7.361 9.956 8.784
-10.233 12.169 7.374
-12.706 9.981 9.408

-13.844 7.354 6.831
-15.012 5.081 9.734
-17.363 7.714 11.316
-18.876 8.506 7.854
-19.282 4.738 7.09
-21.02 4.042 10.461
-23.415 6.996 9.798
-24.247 5.855 6.195
-24.846 2.277 7.463
-26.955 3.52 10.461
-29.227 5.531 8.078

-29.9 2.058 6.507

-30.384 0.293 9.981
-33.886 -0.857 8.77
-32.05 -2.956 6.062
-29.626 -4.868 8.41
-27.981 -7.413 9.17

-24.774 -5.448 8.488
-21.551 -7.137 7.269
-18.235 -5.328 7.997
-15.132 -6.739 6.223
-11.829 -5.357 7.603

-8.05 -6.016 7.986
-7.416 -8.82 10.567
-5.856 -6.305 13.093
-8.689 -3.64 13.199

-11.758 -5.868 14.003
-11.895 -4.753 17.675
-11.154 -1.102 16.63
-14.365 -1.304 14.506
-16.414 -2.897 17.375
-15.268 -0.08 19.729
-16.109 2.476 16.969
-19.722 1.111 16.76
-20.082 1.14 20.611
-18.596 4.7 20.723
-20.823 6.195 17.978

-24.121 4.191 18.24
-24.851 3.95 22.056
-28.388 2.791 20.948
-26.764 -0.701 20.406
-26.03 -3.285 23.117

-22.632 -5.104 22.857
-24.638 -8.32 22.08
-25.78 -6.667 18.791

-22.091 -6.816 17.576
-20.505 -10.124 16.488
-16.681 -10.041 16.081

-15.702 -13.116 14.035
-12.316 -14.303 15.372
-12.201 -17.837 13.813
-13.405 -19.799 10.735
-15.769 -21.82 13.07
-17.788 -18.808 14.317
-21.352 -17.917 13.159
-21.075 -14.973 10.701
-24.816 -14.102 11.273
-24.919 -14.166 15.127
-25.108 -10.332 15.536
-27.08 -7.466 13.995

-23.588 -6.14 13.038
-21.065 -8.833 11.965
-17.336 -7.898 11.803
-15.009 -10.302 9.887
-11.529 -10.295 8.291

-10.658 -10.74 4.577
-8.757 -14.009 5.375
-11.833 -15.546 7.113
-14.3 -14.769 4.222

-12.926 -17.715 2.14
-13.287 -20.073 5.183
-16.843 -18.74 5.845
-18.014 -18.815 2.139
-20.731 -21.415 3.044
-22.243 -18.836 5.512
-21.955 -15.894 2.989
-25.071 -17.433 1.278
-27.188 -15.451 3.825
-28.094 -12.137 2.052
-26.367 -9.235 3.842
-28.236 -6.215 2.36

-25.704 -3.677 3.792
-21.936 -4.298 3.429
-19.007 -2.145 4.602
-15.517 -3.11 3.36

-12.662 -1.237 5.059
-9.341 -0.865 3.151

-11.066 -2.352 0.031
-7.765 -2.207 -1.968
-7.252 -5.742 -0.456
-9.774 -6.866 -3.176

-8.12133 -5.31428 -6.13021
-9.30892 -1.66729 -5.61447
-10.8938 1.57772 -6.45676
-8.3701 4.22143 -5.21542
-7.98085 5.61024 -1.66738

-5.90825 2.42733 -1.53961
-8.02149 1.05018 1.30302
-11.2291 1.7711 -0.603324
-9.89928 0.0120851 -3.69852
-8.93308 -3.04812 -1.66271
-12.3875 -3.21026 -0.0868361
-14.0578 -3.00247 -3.49416
-11.8807 -5.81161 -4.84028
-12.7241 -8.02124 -1.86554
-16.4443 -7.40657 -2.34045
-16.2196 -8.29897 -6.02773
-14.3858 -11.5314 -5.2331

-14.3098 -9.24839 -2.1221
-16.6098 -6.14639 -2.3611

-14.0638 -3.72039 -0.7611
-10.2568 -3.95139 -1.2861
-8.00676 -1.52739 0.6329
-4.38276 -2.06139 -0.4801
-1.66476 -0.125387 1.4309

2.02324 0.460613 0.5239
4.76424 3.10761 0.9159
6.47224 1.69661 -2.1941
3.76024 0.173613 -4.4891
6.49924 -0.625387 -7.0021
9.91824 -1.56039 -5.5341
11.9412 -1.33139 -8.8131
9.80224 -1.78939 -12.0211

6.27624 -1.19239 -13.5411
5.61724 -5.00039 -13.7581
5.36024 -5.12239 -9.8801
2.14324 -2.97439 -10.0361
0.134239 -5.45039 -12.1851
-1.14176 -7.63039 -9.2711
-2.21876 -4.49639 -7.3001
-3.97576 -3.01039 -10.4151
-5.99676 -6.24239 -11.0331
-6.78276 -6.53039 -7.2711
-8.34176 -2.98739 -7.2531

-9.84476 -3.25839 -10.8291
-10.2298 -6.97439 -11.9141
-11.4098 -5.85539 -15.4371
-8.17276 -3.89439 -16.1651
-5.57476 -5.84039 -18.2491
-7.13776 -9.38939 -17.8861
-3.81376 -10.8214 -19.2281

-0.338761 -9.62339 -18.0861
1.04324 -9.62639 -21.6891
-1.10376 -6.57139 -22.6871
0.197239 -4.63539 -19.6161
3.79724 -5.80339 -20.3251
3.73424 -4.76639 -24.0411
2.52424 -1.23839 -23.0871
4.35924 -0.424387 -19.7991

7.25224 -2.95539 -19.4211
8.91124 -2.47239 -22.8991
8.26324 -6.18139 -23.5151

10.8402 -7.82839 -25.8461
10.5912 -11.1764 -27.6881
13.8712 -13.0194 -26.9311

14.8672 -16.5014 -28.3591
13.8172 -18.0684 -24.9721

10.4612 -16.1754 -24.5651
9.29724 -12.6924 -23.4711
11.3872 -10.2674 -21.3891

9.37624 -7.79639 -19.1951
12.3072 -6.18039 -17.2361
11.9762 -2.85339 -19.1291
9.75724 0.233613 -18.7831
7.62924 2.29361 -21.2221
4.87424 4.98861 -21.3001

5.33424 5.70561 -17.5251
3.50324 9.10361 -17.6241
0.403239 7.32761 -19.0811
0.728239 4.61361 -16.3771
0.909239 7.38161 -13.6841
-2.29876 9.01961 -15.0531
-4.13176 5.62461 -15.1621
-3.01976 4.80161 -11.5751
-4.07876 8.19961 -10.0881
-7.48076 8.24961 -11.9011
-8.65776 4.64061 -11.3661

-6.42676 2.63861 -8.9001

-4.29376 4.69661 -6.5161
-4.35176 7.59061 -4.0451

-0.748761 8.83261 -3.5121
0.558239 11.8336 -1.5231
4.13324 12.6686 -0.5491

5.65924 14.1526 2.6789
6.27024 17.3566 0.6569
2.51524 17.6056 -0.2431
1.07524 17.2356 3.3169

3.88624 17.7306 5.9389
5.84724 20.9656 5.1079
7.26124 20.7286 8.7079
9.26624 17.4606 8.2919

13.0652 18.1546 8.2769
14.8182 17.4206 4.9529

16.4742 14.0506 4.2099
20.0902 14.8986 3.2319
21.6272 12.0086 1.2299
25.3062 11.5106 0.2829
27.6682 8.90161 -1.1191
30.7092 8.20661 1.1219
33.5282 6.65261 -0.9331

35.3082 4.45161 1.6579
39.0232 4.27061 0.8479

40.0072 1.03961 -1.0751
43.6222 1.51061 0.2529
42.5842 -0.681387 3.2749

41.5432 -3.47039 0.7899
44.6812 -5.65139 0.8559

46.1872 -6.92439 -2.4421
44.8752 -10.5424 -1.9011
41.2532 -9.34439 -1.3501
41.5302 -7.01439 -4.4111
42.9592 -9.85939 -6.5631
40.0212 -12.0764 -5.3781
37.4752 -9.34139 -6.3761
39.2722 -8.94339 -9.7661
39.1852 -12.7694 -10.1971
35.4122 -13.0784 -9.4491
34.7242 -10.0264 -11.7171
36.6792 -11.7024 -14.6041
34.9052 -15.0154 -13.8131
31.4082 -13.4634 -14.3971
32.4992 -12.1324 -17.8681

33.9792 -15.4624 -19.1201
32.1492 -16.5604 -22.3251
32.2902 -20.3404 -21.7901
30.4192 -20.5014 -18.4051
26.8462 -21.7294 -17.8981

24.0502 -19.3424 -16.7441
24.3692 -21.0044 -13.2811
28.1912 -20.5454 -12.9921
27.6402 -16.8434 -13.9631
25.0512 -16.4904 -11.0881
27.4192 -18.3104 -8.6511
30.3682 -16.0184 -9.6081
28.0172 -12.9804 -9.1521
27.0022 -14.1824 -5.6281
30.7172 -14.7634 -4.8211
31.6872 -11.2424 -6.0931
28.8602 -9.70339 -3.9781
29.8152 -11.6524 -0.7801
33.5482 -10.7354 -1.3471
32.4982 -7.04539 -1.7071
30.8472 -7.23439 1.7529
34.0072 -8.81539 3.3219
36.3072 -6.25439 1.5939
34.3082 -3.28039 3.0399
34.2552 -4.47639 6.7379
37.5422 -2.72339 7.8749
36.6052 0.709613 6.4029
32.9202 0.354613 7.4429
34.2612 -0.193387 11.0139
36.7332 2.74961 10.6269
33.8062 5.00061 9.5439
31.4942 3.84861 12.4339
34.2992 4.61661 14.9449
34.9532 8.06661 13.3199
31.2042 8.86361 13.7959
31.3312 7.85261 17.5209
34.6562 9.71761 18.1109

32.9982 12.7966 16.4279
30.5182 12.7816 19.4019
27.3492 11.4846 17.6109
24.6552 10.5316 20.1389
22.4022 8.18261 18.0149

22.6212 6.58761 14.5339
21.4532 3.51161 12.5629
23.8232 1.14961 10.6879
22.2372 -0.917387 7.8839
23.8582 -4.07239 6.4129

22.4762 -7.37339 4.9359
25.3542 -9.91739 4.9909

25.4852 -11.6014 8.4439
29.3482 -11.3994 8.5019
29.1182 -7.54239 8.2599
26.5152 -7.35739 11.1039
28.6762 -9.79239 13.1899
31.9412 -7.81039 12.6359
30.2642 -4.43139 13.4819
28.7112 -5.86039 16.7209
32.0472 -7.49339 17.7509
33.9892 -4.19039 17.3309
31.3032 -2.17739 19.2389
31.5212 -4.76839 22.1039
35.3832 -4.54439 21.9889

35.0952 -0.689387 22.2449
32.4272 -1.12139 25.0459
29.8492 0.838613 22.9439
26.2452 0.151613 24.0129

24.2422 -0.839387 20.9019
21.1572 -2.80739 19.7359
21.0792 -5.52439 17.0199
18.0772 -6.62539 14.8759

18.3432 -9.34739 12.1779
16.5102 -12.4434 10.7639
17.0882 -14.3604 14.0729
15.6542 -11.6114 16.3889
12.1412 -12.6164 17.5779
8.97824 -10.5204 16.9219
8.60524 -9.41239 20.6099

12.3632 -8.77039 21.1969
12.3542 -6.54539 18.0299
9.79324 -4.21339 19.6939
11.6422 -4.26839 23.0779
15.0782 -3.48039 21.4699
13.3372 -0.711387 19.4469
12.0032 0.776613 22.7469
15.4802 0.393613 24.3999
17.1282 2.40961 21.5319
14.2802 5.00961 21.5819
14.2062 5.57361 25.3929

17.8392 4.91061 26.5269
20.4232 7.69261 25.8409
23.2262 5.06461 26.2909
22.4152 3.06061 23.1129
24.3842 5.04161 20.4919

24.2422 2.51761 17.5789
21.4822 0.346613 16.0999
22.9442 -2.51539 13.9699
20.0882 -3.42539 11.5969
19.5142 -5.95339 8.8089

18.2022 -4.05739 5.7079
15.7732 -6.96739 4.9989
14.7102 -7.81639 8.5959
14.2232 -4.22239 9.9629
12.5012 -2.69339 6.8299
9.04024 -3.16739 8.5179
7.04224 -2.21139 11.6689
9.80924 -0.445387 13.6639
10.2582 3.32661 14.3489
13.7112 4.86961 15.0579
12.8742 8.60461 15.5039
15.5842 8.93661 18.2569
18.3682 8.87161 15.5839
19.2522 11.6766 13.0869

21.6992 9.59961 10.9449
21.3902 6.43561 8.8029
24.5572 4.66861 7.5179
24.1802 2.03561 4.7739

27.3402 -0.0873865 5.2179
26.1312 -2.10739 2.1869
24.1202 -1.30439 -0.9611
20.9272 -3.26939 -1.7571
19.8412 -3.82339 -5.4241
16.1952 -2.85139 -4.6791

15.6552 0.925613 -4.0311
12.1822 0.377613 -2.4681
13.8832 -1.48939 0.4519
16.5022 1.30661 0.8669
13.6652 3.93461 1.0209
11.7852 1.69461 3.5559
14.9632 1.68761 5.7359
15.4372 5.53861 5.5039

11.7392 6.01361 6.5219
12.4132 4.16661 9.8059
14.0342 7.44661 11.0709
12.1022 9.96861 8.9259
8.71824 9.47561 10.7499
6.17824 11.6496 12.6329
8.10224 12.5916 15.8299
11.4102 13.3636 14.0079
12.6392 16.9636 14.7219
16.1612 16.8946 13.1089
17.2642 16.8576 9.4229

17.8862 13.1766 8.5999
21.3762 12.3556 7.2679
21.6382 9.30461 4.9329
25.1992 8.05261 4.1919
25.7032 5.36861 1.4799
29.1232 3.67361 1.9879
30.6562 2.65761 -1.4151

34.0452 1.15761 -2.4371
35.7462 1.67661 -5.8661
36.8522 -1.68839 -7.3901
33.8292 -3.66339 -5.9721
30.1572 -4.66339 -6.5981

29.1452 -1.07939 -5.5191
30.4642 0.264613 -8.9031
27.6842 -1.74339 -10.7131
24.9852 -1.66639 -7.9791
24.9492 2.14761 -7.5591
24.1382 2.98961 -11.2731
21.5532 0.102613 -11.2231
19.8442 1.53961 -8.0791
19.8572 5.05261 -9.6961
18.1642 3.96961 -12.9781
15.5632 2.04461 -10.8631
14.7212 5.17961 -8.7441
14.3612 7.17161 -12.0161
11.8882 4.52661 -13.3811
9.96624 4.79261 -10.0491
9.98124 8.65661 -10.2131
8.75424 8.74061 -13.8831

5.88124 6.41861 -12.7661
5.08124 8.96061 -9.9211
6.15724 6.35961 -7.2771
9.17724 8.26661 -5.8011
10.3522 11.8816 -5.2291
13.8102 10.4426 -4.4941
16.2842 11.5786 -7.1391
19.7242 9.90661 -6.6661
21.6092 11.7126 -9.5551

22.6152 14.8016 -7.4731
24.6632 12.6126 -5.0301
27.0102 11.2956 -7.8091
27.8612 14.6926 -9.3681

29.1262 15.6516 -5.8381
31.6112 12.6786 -5.4151

End chain 1
