-13.201 -6.296 -53.957
-10.703 -3.406 -53.291
-9.54 -3.087 -49.639
-11.02 0.322 -48.639
-8.614 1.85 -46.053
-10.787 3.126 -43.162

-9.634 6.195 -41.181
-10.061 4.9 -37.589
-10.286 6.838 -34.306
-12.195 7.103 -30.979
-14.163 9.439 -28.711
-12.619 10.223 -25.263
-14.157 12.207 -22.344

-14.7039 14.3714 -19.2909
-12.3133 14.7746 -16.4323
-13.3162 18.2562 -15.5646
-15.7843 20.3619 -13.7818

-14.9293 22.663 -10.9934
-13.9445 24.9563 -8.13491
-13.4941 27.2285 -5.16492
-12.1593 24.7055 -2.64132
-9.97793 24.3972 0.545718
-11.3321 22.5683 3.64395

-8.94207 22.9553 0.664954
-9.64007 25.7683 -1.85605
-12.5551 25.2333 -4.30705

-13.8681 28.0643 -6.54905
-17.5801 27.0673 -6.26705
-17.2711 26.5813 -2.48205
-15.6751 30.0683 -2.08305
-18.5351 31.4653 -4.25505
-21.0631 29.6933 -1.92505
-19.2191 30.9703 1.22895
-19.5041 34.5523 -0.213046

-23.3571 34.0083 -0.285046
-23.5211 33.2443 3.50395
-24.7761 36.1443 5.63995
-22.6761 35.4663 8.80495
-19.4511 34.8323 6.77295

-16.0531 35.6473 8.35295
-12.6711 35.0273 6.68095
-9.46507 35.0233 8.75395

-6.54307 36.1303 6.53495
-3.98807 34.5253 8.97095
-5.41307 30.9473 9.05295
-6.99407 31.3483 5.52695

-10.2381 29.8333 6.95395
-13.9731 30.5973 6.74895
-16.3431 30.7553 9.75295
-20.1261 31.2123 10.094
-22.7911 31.6133 12.834

-23.9171 28.2493 14.268
-27.5831 28.9543 13.247
-26.3911 28.9333 9.56595
-24.8381 25.3903 9.90495
-27.8881 23.5653 8.42195
-28.2301 26.2553 5.65095
-24.5121 25.8933 4.72295
-24.4751 22.0403 4.70695
-27.7051 21.9853 2.61595
-26.1671 24.3873 -0.00604622
-22.7531 22.5593 -0.0590462

-24.4531 19.1593 -0.783046
-25.6221 20.7573 -4.09005
-21.9881 21.4073 -5.24705
-20.3371 18.7743 -7.51705
-16.9111 17.4113 -6.37705

-17.1201 19.0003 -2.81805
-17.4251 17.0303 0.464954
-17.8021 19.1753 3.62995
-18.3231 16.8703 6.64295

-20.8781 18.4603 9.08695
-20.5221 19.1143 12.832
-21.0101 15.6803 14.549
-24.4541 14.7603 15.972
-22.8951 15.0403 19.489
-22.1941 18.7913 18.932
-25.6241 19.4073 17.313
-27.2831 17.7423 20.366
-25.0801 19.7343 22.835

-25.6881 23.1303 21.09
-29.3281 22.3643 20.03
-30.5111 25.6933 21.621

-27.8741 27.8053 19.781
-28.6601 26.0113 16.448
-32.2911 27.3583 16.835

-31.6741 31.0133 17.947
-31.1821 33.8673 15.407
-30.1541 36.0143 18.448
-27.0341 36.4173 20.636
-28.6901 35.8413 24.022
-25.8551 34.7983 26.364
-26.3911 31.5663 28.41

-29.8791 31.6033 30.05
-29.4581 32.4193 33.756
-29.2381 29.2433 35.838
-32.4741 29.2103 37.924
-31.9361 29.1573 41.7
-32.9651 25.7623 43.087

-35.3871 25.4613 46.012
-33.0491 24.0623 48.719
-35.7371 24.2303 51.531
-35.8191 20.3703 51.667
-31.9801 20.3603 52.198
-30.4801 20.5173 55.713

-30.1801 24.2853 56.657
-26.6511 23.7203 58.115
-25.4561 22.6803 54.611
-27.3911 25.3963 52.674
-26.0621 28.2193 54.964
-22.3981 27.0313 54.605

-22.3471 27.0333 50.739
-20.1051 29.7983 49.33

-21.7661 31.9033 46.507
-19.8911 29.9943 43.74
-20.7241 26.6133 45.41
-24.4561 27.6183 45.421
-24.2221 28.5293 41.691
-22.6031 25.0663 41.09
-25.4481 23.2863 42.988
-28.0231 25.2953 40.935
-26.2151 24.3763 37.64
-26.0901 20.6703 38.629
-29.8561 20.7023 39.472
-30.6841 22.5543 36.179

-28.6331 19.8563 34.272
-30.8741 17.2593 36.074
-28.1721 15.9113 38.474

-26.0121 14.5643 35.57
-22.6161 16.3293 35.507
-18.8691 16.2233 36.023
-17.9551 18.7523 38.765

-14.3541 19.4063 37.616

-13.7951 22.4003 39.969
-10.1641 22.8163 41.121

-8.70807 20.9263 44.142
-10.0211 22.1673 47.528
-12.8931 24.3803 46.118
-15.3661 22.1923 48.152

-16.5041 19.5653 45.575
-17.6721 17.2923 48.478
-20.0231 19.9253 50.06
-21.5361 20.7173 46.598
-21.9421 16.9493 45.834
-23.6801 16.2533 49.205
-26.0751 19.2073 48.542
-26.9071 18.0663 44.939
-27.5061 14.4883 46.207
-29.6151 15.7313 49.205
-31.8871 17.7423 46.822

-32.5601 14.2693 45.251

-33.0441 12.5043 48.725
-36.5461 11.3543 47.514
-34.7101 9.25532 44.806
-32.2861 7.34332 47.154
-30.6411 4.79832 47.914

-27.4341 6.76332 47.232
-24.2111 5.07432 46.013
-20.8951 6.88332 46.741
-17.7921 5.47232 44.967
-14.4891 6.85432 46.347

-10.7101 6.19532 46.73
-10.0761 3.39132 49.311
-8.51607 5.90632 51.837
-11.3491 8.57132 51.943

-14.4181 6.34332 52.747
-14.5551 7.45832 56.419
-13.8141 11.1093 55.374
-17.0251 10.9073 53.25
-19.0741 9.31432 56.119
-17.9281 12.1313 58.473
-18.7691 14.6873 55.713
-22.3821 13.3223 55.504
-22.7421 13.3513 59.355
-21.2561 16.9113 59.467
-23.4831 18.4063 56.722

-26.7811 16.4023 56.984
-27.5111 16.1613 60.8
-31.0481 15.0023 59.692
-29.4241 11.5103 59.15
-28.6901 8.92632 61.861

-25.2921 7.10732 61.601
-27.2981 3.89132 60.824
-28.4401 5.54432 57.535

-24.7511 5.39532 56.32
-23.1651 2.08732 55.232
-19.3411 2.17032 54.825

-18.3621 -0.904681 52.779
-14.9761 -2.09168 54.116
-14.8611 -5.62568 52.557
-16.0651 -7.58768 49.479
-18.4291 -9.60868 51.814
-20.4481 -6.59668 53.061
-24.0121 -5.70568 51.903
-23.7351 -2.76168 49.445
-27.4761 -1.89068 50.017
-27.5791 -1.95468 53.871
-27.7681 1.87932 54.28
-29.7401 4.74532 52.739

-26.2481 6.07132 51.782
-23.7251 3.37832 50.709
-19.9961 4.31332 50.547
-17.6691 1.90932 48.631
-14.1891 1.91632 47.035

-13.3181 1.47132 43.321
-11.4171 -1.79768 44.119
-14.4931 -3.33468 45.857
-16.9601 -2.55768 42.966

-15.5861 -5.50368 40.884
-15.9471 -7.86168 43.927
-19.5031 -6.52868 44.589
-20.6741 -6.60368 40.883
-23.3911 -9.20368 41.788
-24.9031 -6.62468 44.256
-24.6151 -3.68268 41.733
-27.7311 -5.22168 40.022
-29.8481 -3.23968 42.569
-30.7541 0.0743193 40.796
-29.0271 2.97632 42.586
-30.8961 5.99632 41.104

-28.3641 8.53432 42.536
-24.5961 7.91332 42.173
-21.6671 10.0663 43.346
-18.1771 9.10132 42.104

-15.3221 10.9743 43.803
-12.0011 11.3463 41.895

-13.7261 9.85932 38.775
-10.4251 10.0043 36.776
-9.91207 6.46932 38.288
-12.4341 5.34532 35.568

-10.2181 6.77532 32.69
-9.52107 3.30232 31.133
-12.5731 1.22832 30.008
-10.6541 -2.13668 30.106
-10.0461 -1.90468 33.905

-12.2111 -4.05768 36.236
-13.2281 -0.910681 38.257
-14.4921 0.802319 35.051
-16.2461 -2.38168 33.738
-18.1211 -2.69368 37.096
-18.9731 1.07432 37.412
-20.1251 1.85832 33.819
-23.3601 -0.311681 33.741
-24.6211 1.42532 36.945
-23.6641 4.93932 35.68
-25.5531 4.38532 32.358
-28.8081 3.28432 34.168

-28.7321 5.56732 37.279
-31.0321 8.66932 37.04

-28.4861 11.0953 38.64
-24.6791 10.8643 38.115
-22.4291 13.2883 40.034
-18.8051 12.7543 38.921
-16.0871 14.6903 40.832

-12.3991 15.2763 39.925
-9.65807 17.9233 40.317
-7.95007 16.5123 37.207
-10.6621 14.9893 34.912
-7.92307 14.1903 32.399
-4.50407 13.2553 33.867
-2.48107 13.4843 30.588
-4.62007 13.0263 27.38

-8.14607 13.6233 25.86
-8.80507 9.81532 25.643
-9.06207 9.69332 29.521
-12.2791 11.8413 29.365
-14.2881 9.36532 27.216
-15.5641 7.18532 30.13
-16.6411 10.3193 32.101
-18.3981 11.8053 28.986
-20.4191 8.57332 28.368
-21.2051 8.28532 32.13
-22.7641 11.8283 32.148

-24.2671 11.5573 28.572
-24.6521 7.84132 27.487
-25.8321 8.96032 23.964
-22.5951 10.9213 23.236
-19.9971 8.97532 21.152
-21.5601 5.42632 21.515
-18.2361 3.99432 20.173

-14.7611 5.19232 21.315
-13.3791 5.18932 17.712
-15.5261 8.24432 16.714
-14.2251 10.1803 19.785
-10.6251 9.01232 19.076
-10.6881 10.0493 15.36
-11.8981 13.5773 16.314
-10.0631 14.3913 19.602

-7.17007 11.8603 19.98
-5.51107 12.3433 16.502
-6.15907 8.63432 15.886

-3.58207 6.98732 13.555
-3.83107 3.63932 11.713
-0.551067 1.79632 12.47

0.444933 -1.68568 11.042
-0.605067 -3.25268 14.429

-3.96107 -1.35968 14.836
-5.12507 2.12332 15.93
-3.03507 4.54832 18.012

-5.04607 7.01932 20.206
-2.11507 8.63532 22.165
-2.44607 11.9623 20.272
-4.66507 15.0493 20.618
-6.79307 17.1093 18.179
-9.54807 19.8043 18.101

-9.08807 20.5213 21.876
-10.9191 23.9193 21.777
-14.0191 22.1433 20.32
-13.6941 19.4293 23.024
-13.5131 22.1973 25.717
-16.7211 23.8353 24.348
-18.5541 20.4403 24.239
-17.4421 19.6173 27.826
-18.5011 23.0153 29.313
-21.9031 23.0653 27.5
-23.0801 19.4563 28.035

-20.8491 17.4543 30.501

-18.7161 19.5123 32.885
-18.7741 22.4063 35.356

-15.1711 23.6483 35.889
-13.8641 26.6493 37.878
-10.2891 27.4843 38.852

-8.76307 28.9683 42.08
-8.15207 32.1723 40.058
-11.9071 32.4213 39.158
-13.3471 32.0513 42.718

-10.5361 32.5463 45.34
-8.57507 35.7813 44.509
-7.16107 35.5443 48.109
-5.15607 32.2763 47.693

-1.35707 32.9703 47.678
0.395933 32.2363 44.354

2.05193 28.8663 43.611
5.66793 29.7143 42.633
7.20493 26.8243 40.631
10.8839 26.3263 39.684
13.2459 23.7173 38.282
16.2869 23.0223 40.523
19.1059 21.4683 38.468

20.8859 19.2673 41.059
24.6009 19.0863 40.249

25.5849 15.8553 38.326
29.1999 16.3263 39.654
28.1619 14.1343 42.676

27.1209 11.3453 40.191
30.2589 9.16432 40.257

31.7649 7.89132 36.959
30.4529 4.27332 37.5
26.8309 5.47132 38.051
27.1079 7.80132 34.99
28.5369 4.95632 32.838
25.5989 2.73932 34.023
23.0529 5.47432 33.025
24.8499 5.87232 29.635
24.7629 2.04632 29.204
20.9899 1.73732 29.952
20.3019 4.78932 27.684
22.2569 3.11332 24.797
20.4829 -0.199681 25.588
16.9859 1.35232 25.004
18.0769 2.68332 21.533

19.5569 -0.646681 20.281
17.7269 -1.74468 17.076
17.8679 -5.52468 17.611
15.9969 -5.68568 20.996
12.4239 -6.91368 21.503

9.62793 -4.52668 22.657
9.94693 -6.18868 26.12
13.7689 -5.72968 26.409
13.2179 -2.02768 25.438
10.6289 -1.67468 28.313
12.9969 -3.49468 30.75
15.9459 -1.20268 29.793
13.5949 1.83532 30.249
12.5799 0.633319 33.773
16.2949 0.0523193 34.58
17.2649 3.57332 33.308
14.4379 5.11232 35.423
15.3929 3.16332 38.621
19.1259 4.08032 38.054
18.0759 7.77032 37.694
16.4249 7.58132 41.154
19.5849 6.00032 42.723
21.8849 8.56132 40.995
19.8859 11.5353 42.441
19.8329 10.3393 46.139
23.1199 12.0923 47.276
22.1829 15.5253 45.804
18.4979 15.1703 46.844
19.8389 14.6223 50.415
22.3109 17.5653 50.028
19.3839 19.8163 48.945
17.0719 18.6643 51.835
19.8769 19.4323 54.346
20.5309 22.8823 52.721
16.7819 23.6793 53.197
16.9089 22.6683 56.922
20.2339 24.5333 57.512

18.5759 27.6123 55.829
16.0959 27.5973 58.803
12.9269 26.3003 57.012
10.2329 25.3473 59.54
7.97993 22.9983 57.416

8.19893 21.4033 53.935
7.03093 18.3273 51.964
9.40093 15.9653 50.089
7.81493 13.8983 47.285
9.43593 10.7433 45.814

8.05393 7.44232 44.337
10.9319 4.89832 44.392

11.0629 3.21432 47.845
14.9259 3.41632 47.903
14.6959 7.27332 47.661
12.0929 7.45832 50.505
14.2539 5.02332 52.591
17.5189 7.00532 52.037
15.8419 10.3843 52.883
14.2889 8.95532 56.122
17.6249 7.32232 57.152
19.5669 10.6253 56.732
16.8809 12.6383 58.64
17.0989 10.0473 61.505
20.9609 10.2713 61.39

20.6729 14.1263 61.646
18.0049 13.6943 64.447
15.4269 15.6543 62.345
11.8229 14.9673 63.414

9.81993 13.9763 60.303
6.73493 12.0083 59.137
6.65693 9.29132 56.421
3.65493 8.19032 54.277

3.92093 5.46832 51.579
2.08793 2.37232 50.165
2.66593 0.455319 53.474
1.23193 3.20432 55.79
-2.28107 2.19932 56.979
-5.44407 4.29532 56.323
-5.81707 5.40332 60.011

-2.05907 6.04532 60.598
-2.06807 8.27032 57.431
-4.62907 10.6023 59.095
-2.78007 10.5473 62.479
0.655933 11.3353 60.871
-1.08507 14.1043 58.848
-2.41907 15.5923 62.148
1.05793 15.2093 63.801
2.70593 17.2253 60.933
-0.142067 19.8253 60.983
-0.216067 20.3893 64.794

3.41693 19.7263 65.928
6.00093 22.5083 65.242
8.80393 19.8803 65.692
7.99293 17.8763 62.514
9.96193 19.8573 59.893

9.81993 17.3333 56.98
7.05993 15.1623 55.501
8.52193 12.3003 53.371
5.66593 11.3903 50.998
5.09193 8.86232 48.21

3.77993 10.7583 45.109
1.35093 7.84832 44.4
0.287933 6.99932 47.997
-0.199067 10.5933 49.364
-1.92107 12.1223 46.231
-5.38207 11.6483 47.919
-7.38007 12.6043 51.07
-4.61307 14.3703 53.065
-4.16407 18.1423 53.75
-0.711067 19.6853 54.459
-1.54807 23.4203 54.905
1.16193 23.7523 57.658
3.94593 23.6873 54.985
4.82993 26.4923 52.488

7.27693 24.4153 50.346
6.96793 21.2513 48.204
10.1349 19.4843 46.919
9.75793 16.8513 44.175

12.9179 14.7283 44.619
11.7089 12.7083 41.588
9.69793 13.5113 38.44
6.50493 11.5463 37.644
5.41893 10.9923 33.977
1.77293 11.9643 34.722

1.23293 15.7413 35.37
-2.24007 15.1933 36.933
-0.539067 13.3263 39.853
2.07993 16.1223 40.268
-0.757067 18.7503 40.422
-2.63707 16.5103 42.957
0.540933 16.5033 45.137
1.01493 20.3543 44.905

-2.68307 20.8293 45.923
-2.00907 18.9823 49.207
-0.388067 22.2623 50.472
-2.32007 24.7843 48.327
-5.70407 24.2913 50.151
-8.24407 26.4653 52.034
-6.32007 27.4073 55.231
-3.01207 28.1793 53.409
-1.78307 31.7793 54.123
1.73893 31.7103 52.51
2.84193 31.6733 48.824

3.46393 27.9923 48.001
6.95393 27.1713 46.669
7.21593 24.1203 44.334
10.7769 22.8683 43.593
11.2809 20.1843 40.881
14.7009 18.4893 41.389
16.2339 17.4733 37.986

19.6229 15.9733 36.964
21.3239 16.4923 33.535
22.4299 13.1273 32.011
19.4069 11.1523 33.429
15.7349 10.1523 32.803

14.7229 13.7363 33.882
16.0419 15.0803 30.498
13.2619 13.0723 28.688
10.5629 13.1493 31.422
10.5269 16.9633 31.842
9.71593 17.8053 28.128
7.13093 14.9183 28.178
5.42193 16.3553 31.322
5.43493 19.8683 29.705
3.74193 18.7853 26.423
1.14093 16.8603 28.538
0.298933 19.9953 30.657
-0.0610665 21.9873 27.385
-2.53407 19.3423 26.02
-4.45607 19.6083 29.352
-4.44107 23.4723 29.188
-5.66807 23.5563 25.518

-8.54107 21.2343 26.635
-9.34107 23.7763 29.48
-8.26507 21.1753 32.124
-5.24507 23.0823 33.6
-4.07007 26.6973 34.172
-0.612067 25.2583 34.907
1.86193 26.3943 32.262
5.30193 24.7223 32.735
7.18693 26.5283 29.846

8.19293 29.6173 31.928
10.2409 27.4283 34.371
12.5879 26.1113 31.592
13.4389 29.5083 30.033

14.7039 30.4673 33.563
17.1889 27.4943 33.986

End chain 1
