-13.201 -6.296 -53.957
-10.703 -3.406 -53.291
-9.54 -3.087 -49.639
-11.02 0.322 -48.639
-8.614 1.85 -46.053
-10.787 3.126 -43.162

-9.634 6.195 -41.181
-10.061 4.9 -37.589
-10.286 6.838 -34.306
-12.195 7.103 -30.979
-14.163 9.439 -28.711
-12.619 10.223 -25.263
-14.157 12.207 -22.344

-11.943 15.248 -21.466
-14.301 16.978 -18.949
-17.827 16.65 -17.399
-19.139 18.761 -20.353

-16.752 17.96 -23.312
-15.482 14.956 -25.281
-12.62 14.751 -27.824
-12.437 12.939 -31.204
-8.982 11.264 -31.393
-8.672 10.357 -35.1

-6.282 10.744 -38.079
-6.98 13.557 -40.6
-9.895 13.022 -43.051

-11.208 15.853 -45.293
-14.92 14.856 -45.011
-14.611 14.37 -41.226
-13.015 17.857 -40.827
-15.875 19.254 -42.999
-18.403 17.482 -40.669
-16.559 18.759 -37.515
-16.844 22.341 -38.957

-20.697 21.797 -39.029
-20.861 21.033 -35.24
-22.116 23.933 -33.104
-20.016 23.255 -29.939
-16.791 22.621 -31.971

-13.393 23.436 -30.391
-10.011 22.816 -32.063
-6.805 22.812 -29.99

-3.883 23.919 -32.209
-1.328 22.314 -29.773
-2.753 18.736 -29.691
-4.334 19.137 -33.217

-7.578 17.622 -31.79
-11.313 18.386 -31.995
-13.683 18.544 -28.991
-17.466 19.001 -28.65
-20.131 19.402 -25.91

-21.257 16.038 -24.476
-24.923 16.743 -25.497
-23.731 16.722 -29.178
-22.178 13.179 -28.839
-25.228 11.354 -30.322
-25.57 14.044 -33.093
-21.852 13.682 -34.021
-21.815 9.829 -34.037
-25.045 9.774 -36.128
-23.507 12.176 -38.75
-20.093 10.348 -38.803

-21.793 6.948 -39.527
-22.962 8.546 -42.834
-19.328 9.196 -43.991
-17.677 6.563 -46.261
-14.251 5.2 -45.121

-14.46 6.789 -41.562
-14.765 4.819 -38.279
-15.142 6.964 -35.114
-15.663 4.659 -32.101

-18.218 6.249 -29.657
-17.862 6.903 -25.912
-18.35 3.469 -24.195
-21.794 2.549 -22.772
-20.235 2.829 -19.255
-19.534 6.58 -19.812
-22.964 7.196 -21.431
-24.623 5.531 -18.378
-22.42 7.523 -15.909

-23.028 10.919 -17.654
-26.668 10.153 -18.714
-27.851 13.482 -17.123

-25.214 15.594 -18.963
-26 13.8 -22.296
-29.631 15.147 -21.909

-29.014 18.802 -20.797
-28.522 21.656 -23.337
-27.494 23.803 -20.296
-24.374 24.206 -18.108
-26.03 23.63 -14.722
-23.195 22.587 -12.38
-23.731 19.355 -10.334

-27.219 19.392 -8.694
-26.798 20.208 -4.988
-26.578 17.032 -2.906
-29.814 16.999 -0.82
-29.276 16.946 2.956
-30.305 13.551 4.343

-32.727 13.25 7.268
-30.389 11.851 9.975
-33.077 12.019 12.787
-33.159 8.159 12.923
-29.32 8.149 13.454
-27.82 8.306 16.969

-27.52 12.074 17.913
-23.991 11.509 19.371
-22.796 10.469 15.867
-24.731 13.185 13.93
-23.402 16.008 16.22
-19.738 14.82 15.861

-19.687 14.822 11.995
-17.445 17.587 10.586

-19.106 19.692 7.763
-17.231 17.783 4.996
-18.064 14.402 6.666
-21.796 15.407 6.677
-21.562 16.318 2.947
-19.943 12.855 2.346
-22.788 11.075 4.244
-25.363 13.084 2.191
-23.555 12.165 -1.104
-23.43 8.459 -0.115
-27.196 8.491 0.728
-28.024 10.343 -2.565

-25.973 7.645 -4.472
-28.214 5.048 -2.67
-25.512 3.7 -0.27

-23.352 2.353 -3.174
-19.956 4.118 -3.237
-16.209 4.012 -2.721
-15.295 6.541 0.021

-11.694 7.195 -1.128

-11.135 10.189 1.225
-7.504 10.605 2.377

-6.048 8.715 5.398
-7.361 9.956 8.784
-10.233 12.169 7.374
-12.706 9.981 9.408

-13.844 7.354 6.831
-15.012 5.081 9.734
-17.363 7.714 11.316
-18.876 8.506 7.854
-19.282 4.738 7.09
-21.02 4.042 10.461
-23.415 6.996 9.798
-24.247 5.855 6.195
-24.846 2.277 7.463
-26.955 3.52 10.461
-29.227 5.531 8.078

-29.9 2.058 6.507

-30.384 0.293 9.981
-33.886 -0.857 8.77
-32.05 -2.956 6.062
-29.626 -4.868 8.41
-27.981 -7.413 9.17

-24.774 -5.448 8.488
-21.551 -7.137 7.269
-18.235 -5.328 7.997
-15.132 -6.739 6.223
-11.829 -5.357 7.603

-8.05 -6.016 7.986
-7.416 -8.82 10.567
-5.856 -6.305 13.093
-8.689 -3.64 13.199

-11.758 -5.868 14.003
-11.895 -4.753 17.675
-11.154 -1.102 16.63
-14.365 -1.304 14.506
-16.414 -2.897 17.375
-15.268 -0.08 19.729
-16.109 2.476 16.969
-19.722 1.111 16.76
-20.082 1.14 20.611
-18.596 4.7 20.723
-20.823 6.195 17.978

-24.121 4.191 18.24
-24.851 3.95 22.056
-28.388 2.791 20.948
-26.764 -0.701 20.406
-26.03 -3.285 23.117

-22.632 -5.104 22.857
-24.638 -8.32 22.08
-25.78 -6.667 18.791

-22.091 -6.816 17.576
-20.505 -10.124 16.488
-16.681 -10.041 16.081

-15.702 -13.116 14.035
-12.316 -14.303 15.372
-12.201 -17.837 13.813
-13.405 -19.799 10.735
-15.769 -21.82 13.07
-17.788 -18.808 14.317
-21.352 -17.917 13.159
-21.075 -14.973 10.701
-24.816 -14.102 11.273
-24.919 -14.166 15.127
-25.108 -10.332 15.536
-27.08 -7.466 13.995

-23.588 -6.14 13.038
-21.065 -8.833 11.965
-17.336 -7.898 11.803
-15.009 -10.302 9.887
-11.529 -10.295 8.291

-10.658 -10.74 4.577
-8.757 -14.009 5.375
-11.833 -15.546 7.113
-14.3 -14.769 4.222

-12.926 -17.715 2.14
-13.287 -20.073 5.183
-16.843 -18.74 5.845
-18.014 -18.815 2.139
-20.731 -21.415 3.044
-22.243 -18.836 5.512
-21.955 -15.894 2.989
-25.071 -17.433 1.278
-27.188 -15.451 3.825
-28.094 -12.137 2.052
-26.367 -9.235 3.842
-28.236 -6.215 2.36

-25.704 -3.677 3.792
-21.936 -4.298 3.429
-19.007 -2.145 4.602
-15.517 -3.11 3.36

-12.662 -1.237 5.059
-9.341 -0.865 3.151

-11.066 -2.352 0.031
-7.765 -2.207 -1.968
-7.252 -5.742 -0.456
-9.774 -6.866 -3.176

-7.558 -5.436 -6.054
-6.861 -8.909 -7.611
-9.913 -10.983 -8.736
-7.994 -14.348 -8.638
-7.386 -14.116 -4.839

-9.551 -16.269 -2.508
-10.568 -13.122 -0.487
-11.832 -11.409 -3.693
-13.586 -14.593 -5.006
-15.461 -14.905 -1.648
-16.313 -11.137 -1.332
-17.465 -10.353 -4.925
-20.7 -12.523 -5.003
-21.961 -10.786 -1.799
-21.004 -7.272 -3.064
-22.893 -7.826 -6.386
-26.148 -8.927 -4.576

-26.072 -6.644 -1.465
-28.372 -3.542 -1.704

-25.826 -1.116 -0.104
-22.019 -1.347 -0.629
-19.769 1.077 1.29
-16.145 0.543 0.177
-13.427 2.479 2.088

-9.739 3.065 1.181
-6.998 5.712 1.573
-5.29 4.301 -1.537
-8.002 2.778 -3.832
-5.263 1.979 -6.345
-1.844 1.044 -4.877
0.179 1.273 -8.156
-1.96 0.815 -11.364

-5.486 1.412 -12.884
-6.145 -2.396 -13.101
-6.402 -2.518 -9.223
-9.619 -0.37 -9.379
-11.628 -2.846 -11.528
-12.904 -5.026 -8.614
-13.981 -1.892 -6.643
-15.738 -0.406 -9.758
-17.759 -3.638 -10.376
-18.545 -3.926 -6.614
-20.104 -0.383 -6.596

-22.8685 -1.35947 -9.09358
-25.2714 -4.05563 -10.0809
-28.5782 -2.23447 -10.9949
-27.5922 1.4118 -11.8934
-23.9103 2.38554 -11.9299
-24.969 5.62002 -10.0955
-26.6159 8.92294 -9.24728

-27.3109 10.7771 -6.00352
-23.7293 10.2753 -4.8362
-22.3685 11.5941 -8.13044
-24.5708 14.6838 -7.91458
-23.4073 15.3838 -4.36508
-19.7622 15.0809 -5.39689
-20.2805 17.4899 -8.29021
-21.9424 20.0304 -6.00405

-19.0494 17.4994 -5.62605
-17.3904 17.9824 -9.10405
-18.0384 14.2734 -9.72005

-15.4614 12.6264 -12.051
-15.7104 9.27839 -13.893
-12.4304 7.43539 -13.136

-11.4344 3.95339 -14.564
-12.4844 2.38639 -11.177

-15.8404 4.27939 -10.77
-17.0044 7.76239 -9.67605
-14.9144 10.1874 -7.59405

-16.9254 12.6584 -5.40005
-13.9944 14.2744 -3.44105
-14.3254 17.6014 -5.33405
-16.5444 20.6884 -4.98805
-18.6724 22.7484 -7.42705
-21.4274 25.4434 -7.50505

-20.9674 26.1604 -3.73005
-22.7984 29.5584 -3.82905
-25.8984 27.7824 -5.28605
-25.5734 25.0684 -2.58205
-25.3924 27.8364 0.110952
-28.6004 29.4744 -1.25805
-30.4334 26.0794 -1.36705
-29.3214 25.2564 2.21995
-30.3804 28.6544 3.70695
-33.7824 28.7044 1.89395
-34.9594 25.0954 2.42895

-32.7284 23.0934 4.89495

-30.5954 25.1514 7.27895
-30.6534 28.0454 9.74995

-27.0504 29.2874 10.283
-25.7434 32.2884 12.272
-22.1684 33.1234 13.246

-20.6424 34.6074 16.474
-20.0314 37.8114 14.452
-23.7864 38.0604 13.552
-25.2264 37.6904 17.112

-22.4154 38.1854 19.734
-20.4544 41.4204 18.903
-19.0404 41.1834 22.503
-17.0354 37.9154 22.087

-13.2364 38.6094 22.072
-11.4834 37.8754 18.748

-9.82741 34.5054 18.005
-6.21141 35.3534 17.027
-4.67441 32.4634 15.025
-0.995407 31.9654 14.078
1.36659 29.3564 12.676
4.40759 28.6614 14.917
7.22659 27.1074 12.862

9.00659 24.9064 15.453
12.7216 24.7254 14.643

13.7056 21.4944 12.72
17.3206 21.9654 14.048
16.2826 19.7734 17.07

15.2416 16.9844 14.585
18.3796 14.8034 14.651

19.8856 13.5304 11.353
18.5736 9.91239 11.894
14.9516 11.1104 12.445
15.2286 13.4404 9.38395
16.6576 10.5954 7.23195
13.7196 8.37839 8.41695
11.1736 11.1134 7.41895
12.9706 11.5114 4.02895
12.8836 7.68539 3.59795
9.11059 7.37639 4.34595
8.42259 10.4284 2.07795
10.3776 8.75239 -0.809048
8.60359 5.43939 -0.0180475
5.10659 6.99139 -0.602048
6.19759 8.32239 -4.07305

7.67759 4.99239 -5.32505
5.84759 3.89439 -8.53005
5.98859 0.114388 -7.99505
4.11759 -0.046612 -4.61005
0.544593 -1.27461 -4.10305

-2.25141 1.11239 -2.94905
-1.93241 -0.549612 0.513952
1.88959 -0.090612 0.802952
1.33859 3.61139 -0.168048
-1.25041 3.96439 2.70695
1.11759 2.14439 5.14395
4.06659 4.43639 4.18695
1.71559 7.47439 4.64295
0.700593 6.27239 8.16695
4.41559 5.69139 8.97395
5.38559 9.21239 7.70195
2.55859 10.7514 9.81695
3.51359 8.80239 13.015
7.24659 9.71939 12.448
6.19659 13.4094 12.088
4.54559 13.2204 15.548
7.70559 11.6394 17.117
10.0056 14.2004 15.389
8.00659 17.1744 16.835
7.95359 15.9784 20.533
11.2406 17.7314 21.67
10.3036 21.1644 20.198
6.61859 20.8094 21.238
7.95959 20.2614 24.809
10.4316 23.2044 24.422
7.50459 25.4554 23.339
5.19259 24.3034 26.229
7.99759 25.0714 28.74
8.65159 28.5214 27.115
4.90259 29.3184 27.591
5.02959 28.3074 31.316
8.35459 30.1724 31.906

6.69659 33.2514 30.223
4.21659 33.2364 33.197
1.04759 31.9394 31.406
-1.64641 30.9864 33.934
-3.89941 28.6374 31.81

-3.68041 27.0424 28.329
-4.84841 23.9664 26.358
-2.47841 21.6044 24.483
-4.06441 19.5374 21.679
-2.44341 16.3824 20.208

-3.82541 13.0814 18.731
-0.947407 10.5374 18.786

-0.816407 8.85339 22.239
3.04659 9.05539 22.297
2.81659 12.9124 22.055
0.213593 13.0974 24.899
2.37459 10.6624 26.985
5.63959 12.6444 26.431
3.96259 16.0234 27.277
2.40959 14.5944 30.516
5.74559 12.9614 31.546
7.68759 16.2644 31.126
5.00159 18.2774 33.034
5.21959 15.6864 35.899
9.08159 15.9104 35.784

8.79359 19.7654 36.04
6.12559 19.3334 38.841
3.54759 21.2934 36.739
-0.0564067 20.6064 37.808

-2.05941 19.6154 34.697
-5.14441 17.6474 33.531
-5.22241 14.9304 30.815
-8.22441 13.8294 28.671

-7.95841 11.1074 25.973
-9.79141 8.01139 24.559
-9.21341 6.09439 27.868
-10.6474 8.84339 30.184
-14.1604 7.83839 31.373
-17.3234 9.93439 30.717
-17.6964 11.0424 34.405

-13.9384 11.6844 34.992
-13.9474 13.9094 31.825
-16.5084 16.2414 33.489
-14.6594 16.1864 36.873
-11.2234 16.9744 35.265
-12.9644 19.7434 33.242
-14.2984 21.2314 36.542
-10.8214 20.8484 38.195
-9.17341 22.8644 35.327
-12.0214 25.4644 35.377
-12.0954 26.0284 39.188

-8.46241 25.3654 40.322
-5.87841 28.1474 39.636
-3.07541 25.5194 40.086
-3.88641 23.5154 36.908
-1.91741 25.4964 34.287

-2.05941 22.9724 31.374
-4.81941 20.8014 29.895
-3.35741 17.9394 27.765
-6.21341 17.0294 25.392
-6.78741 14.5014 22.604

-8.09941 16.3974 19.503
-10.5284 13.4874 18.794
-11.5914 12.6384 22.391
-12.0784 16.2324 23.758
-13.8004 17.7614 20.625
-17.2614 17.2874 22.313
-19.2594 18.2434 25.464
-16.4924 20.0094 27.459
-16.0434 23.7814 28.144
-12.5904 25.3244 28.853
-13.4274 29.0594 29.299
-10.7174 29.3914 32.052
-7.93341 29.3264 29.379
-7.04941 32.1314 26.882

-4.60241 30.0544 24.74
-4.91141 26.8904 22.598
-1.74441 25.1234 21.313
-2.12141 22.4904 18.569

1.03859 20.3674 19.013
-0.170407 18.3474 15.982
-2.18141 19.1504 12.834
-5.37441 17.1854 12.038
-6.46041 16.6314 8.37095
-10.1064 17.6034 9.11595

-10.6464 21.3804 9.76395
-14.1194 20.8324 11.327
-12.4184 18.9654 14.247
-9.79941 21.7614 14.662
-12.6364 24.3894 14.816
-14.5164 22.1494 17.351
-11.3384 22.1424 19.531
-10.8644 25.9934 19.299

-14.5624 26.4684 20.317
-13.8884 24.6214 23.601
-12.2674 27.9014 24.866
-14.1994 30.4234 22.721
-17.5834 29.9304 24.545
-20.1234 32.1044 26.428
-18.1994 33.0464 29.625
-14.8914 33.8184 27.803
-13.6624 37.4184 28.517
-10.1404 37.3494 26.904
-9.03741 37.3124 23.218

-8.41541 33.6314 22.395
-4.92541 32.8104 21.063
-4.66341 29.7594 18.728
-1.10241 28.5074 17.987
-0.598407 25.8234 15.275
2.82159 24.1284 15.783
4.35459 23.1124 12.38

7.74359 21.6124 11.358
9.44459 22.1314 7.92895
10.5506 18.7664 6.40495
7.52759 16.7914 7.82295
3.85559 15.7914 7.19695

2.84359 19.3754 8.27595
4.16259 20.7194 4.89195
1.38259 18.7114 3.08195
-1.31641 18.7884 5.81595
-1.35241 22.6024 6.23595
-2.16341 23.4444 2.52195
-4.74841 20.5574 2.57195
-6.45741 21.9944 5.71595
-6.44441 25.5074 4.09895
-8.13741 24.4244 0.816952
-10.7384 22.4994 2.93195
-11.5804 25.6344 5.05095
-11.9404 27.6264 1.77895
-14.4134 24.9814 0.413952
-16.3354 25.2474 3.74595
-16.3204 29.1114 3.58195
-17.5474 29.1954 -0.0880475

-20.4204 26.8734 1.02895
-21.2204 29.4154 3.87395
-20.1444 26.8144 6.51795
-17.1244 28.7214 7.99395
-15.9494 32.3364 8.56595
-12.4914 30.8974 9.30095
-10.0174 32.0334 6.65595
-6.57741 30.3614 7.12895
-4.69241 32.1674 4.23995

-3.68641 35.2564 6.32195
-1.63841 33.0674 8.76495
0.708593 31.7504 5.98595
1.55959 35.1474 4.42695

2.82459 36.1064 7.95695
5.30959 33.1334 8.37995

End chain 1
