-13.201 -6.296 -53.957
-10.703 -3.406 -53.291
-9.54 -3.087 -49.639
-11.02 0.322 -48.639
-8.614 1.85 -46.053
-10.787 3.126 -43.162

-9.634 6.195 -41.181
-10.061 4.9 -37.589
-10.286 6.838 -34.306
-12.195 7.103 -30.979
-14.163 9.439 -28.711
-12.619 10.223 -25.263
-14.157 12.207 -22.344

-11.943 15.248 -21.466
-14.301 16.978 -18.949
-17.827 16.65 -17.399
-19.139 18.761 -20.353

-16.752 17.96 -23.312
-15.482 14.956 -25.281
-12.62 14.751 -27.824
-12.437 12.939 -31.204
-8.982 11.264 -31.393
-8.672 10.357 -35.1

-6.282 10.744 -38.079
-6.98 13.557 -40.6
-9.895 13.022 -43.051

-11.208 15.853 -45.293
-14.92 14.856 -45.011
-14.611 14.37 -41.226
-13.015 17.857 -40.827
-15.875 19.254 -42.999
-18.403 17.482 -40.669
-16.559 18.759 -37.515
-16.844 22.341 -38.957

-20.697 21.797 -39.029
-20.861 21.033 -35.24
-22.116 23.933 -33.104
-20.016 23.255 -29.939
-16.791 22.621 -31.971

-13.393 23.436 -30.391
-10.011 22.816 -32.063
-6.805 22.812 -29.99

-3.02638 23.2974 -29.2006
-0.498041 22.1019 -31.8614
1.93529 21.039 -34.4678
1.31467 18.4071 -37.0056

2.62716 16.2178 -34.2934
3.32383 14.5349 -30.9338
1.23655 11.4845 -29.7176
4.6955 10.3881 -30.5734
3.93702 7.08676 -29.0504

2.81102 3.72276 -27.6164
-0.854978 4.42776 -28.6374
0.337022 4.40676 -32.3184
1.89002 0.863757 -31.9794
-1.15998 -0.961243 -33.4624
-1.50198 1.72876 -36.2334
2.21602 1.36676 -37.1614
2.25302 -2.48624 -37.1774
-0.976978 -2.54124 -39.2684
0.561022 -0.139243 -41.8904
3.97502 -1.96724 -41.9434

2.27502 -5.36724 -42.6674
1.10602 -3.76924 -45.9744
4.74002 -3.11924 -47.1314
6.39102 -5.75224 -49.4014
9.81702 -7.11524 -48.2614

9.60802 -5.52624 -44.7024
9.30302 -7.49624 -41.4194
8.92602 -5.35124 -38.2544
8.40502 -7.65624 -35.2414

5.85002 -6.06624 -32.7974
6.20602 -5.41224 -29.0524
5.71802 -8.84624 -27.3354
2.27402 -9.76624 -25.9124
3.83302 -9.48624 -22.3954
4.53402 -5.73524 -22.9524
1.10402 -5.11924 -24.5714
-0.554978 -6.78424 -21.5184
1.64802 -4.79224 -19.0494

1.04002 -1.39624 -20.7944
-2.59998 -2.16224 -21.8544
-3.78298 1.16676 -20.2634

-1.14598 3.27876 -22.1034
-1.93198 1.48476 -25.4364
-5.56298 2.83176 -25.0494

-4.94598 6.48676 -23.9374
-4.45398 9.34076 -26.4774
-3.42598 11.4878 -23.4364
-0.305978 11.8908 -21.2484
-1.96198 11.3148 -17.8624
0.873022 10.2718 -15.5204
0.337022 7.03976 -13.4744

-3.15098 7.07676 -11.8344
-2.72998 7.89276 -8.12841
-2.50998 4.71676 -6.04641
-5.74598 4.68376 -3.96041
-5.20798 4.63076 -0.184407
-6.23698 1.23576 1.20259

-8.65898 0.934757 4.12759
-6.32098 -0.464243 6.83459
-9.00898 -0.296243 9.64659
-9.09098 -4.15624 9.78259
-5.25198 -4.16624 10.3136
-3.75198 -4.00924 13.8286

-3.45198 -0.241243 14.7726
0.0770216 -0.806243 16.2306
1.27202 -1.84624 12.7266
-0.662978 0.869757 10.7896
0.666022 3.69276 13.0796
4.33002 2.50476 12.7206

4.38102 2.50676 8.85459
6.62302 5.27176 7.44559

4.96202 7.37676 4.62259
6.83702 5.46776 1.85559
6.00402 2.08676 3.52559
2.27202 3.09176 3.53659
2.50602 4.00276 -0.193407
4.12502 0.539757 -0.794407
1.28002 -1.24024 1.10359
-1.29498 0.768757 -0.949407
0.513022 -0.150243 -4.24441
0.638022 -3.85624 -3.25541
-3.12798 -3.82424 -2.41241
-3.95598 -1.97224 -5.70541

-1.90498 -4.67024 -7.61241
-4.14598 -7.26724 -5.81041
-1.44398 -8.61524 -3.41041

0.716022 -9.96224 -6.31441
4.11202 -8.19724 -6.37741
7.85902 -8.30324 -5.86141
8.77302 -5.77424 -3.11941

12.374 -5.12024 -4.26841

12.933 -2.12624 -1.91541
16.564 -1.71024 -0.763407

18.02 -3.60024 2.25759
16.707 -2.35924 5.64359
13.835 -0.146243 4.23359
11.362 -2.33424 6.26759

10.224 -4.96124 3.69059
9.05602 -7.23424 6.59359
6.70502 -4.60124 8.17559
5.19202 -3.80924 4.71359
4.78602 -7.57724 3.94959
3.04802 -8.27324 7.32059
0.653022 -5.31924 6.65759
-0.178978 -6.46024 3.05459
-0.777978 -10.0382 4.32259
-2.88698 -8.79524 7.32059
-5.15898 -6.78424 4.93759

-5.83198 -10.2572 3.36659

-6.31598 -12.0222 6.84059
-9.81798 -13.1722 5.62959
-7.98198 -15.2712 2.92159
-5.55798 -17.1832 5.26959
-3.91298 -19.7282 6.02959

-0.705978 -17.7632 5.34759
2.51702 -19.4522 4.12859
5.83302 -17.6432 4.85659
8.93602 -19.0542 3.08259
12.239 -17.6722 4.46259

16.018 -18.3312 4.84559
16.652 -21.1352 7.42659
18.212 -18.6202 9.95259
15.379 -15.9552 10.0586

12.31 -18.1832 10.8626
12.173 -17.0682 14.5346
12.914 -13.4172 13.4896
9.70302 -13.6192 11.3656
7.65402 -15.2122 14.2346
8.80002 -12.3952 16.5886
7.95902 -9.83924 13.8286
4.34602 -11.2042 13.6196
3.98602 -11.1752 17.4706
5.47202 -7.61524 17.5826
3.24502 -6.12024 14.8376

-0.0529784 -8.12424 15.0996
-0.782978 -8.36524 18.9156
-4.31998 -9.52424 17.8076
-2.69598 -13.0162 17.2656
-1.96198 -15.6002 19.9766

1.43602 -17.4192 19.7166
-0.569978 -20.6352 18.9396
-1.71198 -18.9822 15.6506

1.97702 -19.1312 14.4356
3.56302 -22.4392 13.3476
7.38702 -22.3562 12.9406

8.36602 -25.4312 10.8946
11.752 -26.6182 12.2316
11.867 -30.1522 10.6726
10.663 -32.1142 7.59459
8.29902 -34.1352 9.92959
6.28002 -31.1232 11.1766
2.71602 -30.2322 10.0186
2.99302 -27.2882 7.56059
-0.747978 -26.4172 8.13259
-0.850978 -26.4812 11.9866
-1.03998 -22.6472 12.3956
-3.01198 -19.7812 10.8546

0.480022 -18.4552 9.89759
3.00302 -21.1482 8.82459
6.73202 -20.2132 8.66259
9.05902 -22.6172 6.74659
12.539 -22.6102 5.15059

13.41 -23.0552 1.43659
15.311 -26.3242 2.23459
12.235 -27.8612 3.97259
9.76802 -27.0842 1.08159

11.142 -30.0302 -1.00041
10.781 -32.3882 2.04259
7.22502 -31.0552 2.70459
6.05402 -31.1302 -1.00141
3.33702 -33.7302 -0.0964074
1.82502 -31.1512 2.37159
2.11302 -28.2092 -0.151407
-1.00298 -29.7482 -1.86241
-3.11998 -27.7662 0.684593
-4.02598 -24.4522 -1.08841
-2.29898 -21.5502 0.701593
-4.16798 -18.5302 -0.780407

-1.63598 -15.9922 0.651593
2.13202 -16.6132 0.288593
5.06102 -14.4602 1.46159
8.55102 -15.4252 0.219593

11.406 -13.5522 1.91859
14.727 -13.1802 0.0105926

13.002 -14.6672 -3.10941
16.303 -14.5222 -5.10841
16.816 -18.0572 -3.59641
14.294 -19.1812 -6.31641

16.51 -17.7512 -9.19441
17.207 -21.2242 -10.7514
14.155 -23.2982 -11.8764
16.074 -26.6632 -11.7784
16.682 -26.4312 -7.97941

14.517 -28.5842 -5.64841
13.5 -25.4372 -3.62741
12.236 -23.7242 -6.83341
10.482 -26.9082 -8.14641
8.60702 -27.2202 -4.78841
7.75502 -23.4522 -4.47241
6.60302 -22.6682 -8.06541
3.36802 -24.8382 -8.14341
2.10702 -23.1012 -4.93941
3.06402 -19.5872 -6.20441
1.17502 -20.1412 -9.52641
-2.07998 -21.2422 -7.71641

-2.00398 -18.9592 -4.60541
-4.30398 -15.8572 -4.84441

-1.75798 -13.4312 -3.24441
2.04902 -13.6622 -3.76941
4.29902 -11.2382 -1.85041
7.92302 -11.7722 -2.96341
10.641 -9.83624 -1.05241

14.329 -9.25024 -1.95941
17.07 -6.60324 -1.56741
18.778 -8.01424 -4.67741
16.066 -9.53724 -6.97241
18.805 -10.3362 -9.48541
22.224 -11.2712 -8.01741
24.247 -11.0422 -11.2964
22.108 -11.5002 -14.5044

18.582 -10.9032 -16.0244
17.923 -14.7112 -16.2414
17.666 -14.8332 -12.3634
14.449 -12.6852 -12.5194
12.44 -15.1612 -14.6684
11.164 -17.3412 -11.7544
10.087 -14.2072 -9.78341
8.33002 -12.7212 -12.8984
6.30902 -15.9532 -13.5164
5.52302 -16.2412 -9.75441
3.96402 -12.6982 -9.73641

2.46102 -12.9692 -13.3124
2.07602 -16.6852 -14.3974
0.896022 -15.5662 -17.9204
4.13302 -13.6052 -18.6484
6.73102 -15.5512 -20.7324
5.16802 -19.1002 -20.3694
8.49202 -20.5322 -21.7114

11.967 -19.3342 -20.5694
13.349 -19.3372 -24.1724
11.202 -16.2822 -25.1704
12.503 -14.3462 -22.0994
16.103 -15.5142 -22.8084
16.04 -14.4772 -26.5244
14.83 -10.9492 -25.5704
16.665 -10.1352 -22.2824

19.558 -12.6662 -21.9044
21.217 -12.1832 -25.3824
20.569 -15.8922 -25.9984

23.146 -17.5392 -28.3294
22.897 -20.8872 -30.1714
26.177 -22.7302 -29.4144

27.173 -26.2122 -30.8424
26.123 -27.7792 -27.4554

22.767 -25.8862 -27.0484
21.603 -22.4032 -25.9544
23.693 -19.9782 -23.8724

21.682 -17.5072 -21.6784
24.613 -15.8912 -19.7194
24.282 -12.5642 -21.6124
22.063 -9.47724 -21.2664
19.935 -7.41724 -23.7054
17.18 -4.72224 -23.7834

17.64 -4.00524 -20.0084
15.809 -0.607243 -20.1074
12.709 -2.38324 -21.5644
13.034 -5.09724 -18.8604
13.215 -2.32924 -16.1674
10.007 -0.691243 -17.5364
8.17402 -4.08624 -17.6454
9.28602 -4.90924 -14.0584
8.22702 -1.51124 -12.5714
4.82502 -1.46124 -14.3844
3.64802 -5.07024 -13.8494

5.87902 -7.07224 -11.3834

8.01202 -5.01424 -8.99941
7.95402 -2.12024 -6.52841

11.557 -0.878243 -5.99541
12.864 2.12276 -4.00641
16.439 2.95776 -3.03241

17.965 4.44176 0.195593
18.576 7.64576 -1.82641
14.821 7.89476 -2.72641
13.381 7.52476 0.833593

16.192 8.01976 3.45559
18.153 11.2548 2.62459
19.567 11.0178 6.22459
21.572 7.74976 5.80859

25.371 8.44376 5.79359
27.124 7.70976 2.46959

28.78 4.33976 1.72659
32.396 5.18776 0.748593
33.933 2.29776 -1.25341
37.612 1.79976 -2.20041
39.974 -0.809243 -3.60241
43.015 -1.50424 -1.36141
45.834 -3.05824 -3.41641

47.614 -5.25924 -0.825407
51.329 -5.44024 -1.63541

52.313 -8.67124 -3.55841
55.928 -8.20024 -2.23041
54.89 -10.3922 0.791593

53.849 -13.1812 -1.69341
56.987 -15.3622 -1.62741

58.493 -16.6352 -4.92541
57.181 -20.2532 -4.38441
53.559 -19.0552 -3.83341
53.836 -16.7252 -6.89441
55.265 -19.5702 -9.04641
52.327 -21.7872 -7.86141
49.781 -19.0522 -8.85941
51.578 -18.6542 -12.2494
51.491 -22.4802 -12.6804
47.718 -22.7892 -11.9324
47.03 -19.7372 -14.2004
48.985 -21.4132 -17.0874
47.211 -24.7262 -16.2964
43.714 -23.1742 -16.8804
44.805 -21.8432 -20.3514

46.285 -25.1732 -21.6034
44.455 -26.2712 -24.8084
44.596 -30.0512 -24.2734
42.725 -30.2122 -20.8884
39.152 -31.4402 -20.3814

36.356 -29.0532 -19.2274
36.675 -30.7152 -15.7644
40.497 -30.2562 -15.4754
39.946 -26.5542 -16.4464
37.357 -26.2012 -13.5714
39.725 -28.0212 -11.1344
42.674 -25.7292 -12.0914
40.323 -22.6912 -11.6354
39.308 -23.8932 -8.11141
43.023 -24.4742 -7.30441
43.993 -20.9532 -8.57641
41.166 -19.4142 -6.46141
42.121 -21.3632 -3.26341
45.854 -20.4462 -3.83041
44.804 -16.7562 -4.19041
43.153 -16.9452 -0.730407
46.313 -18.5262 0.838593
48.613 -15.9652 -0.889407
46.614 -12.9912 0.556593
46.561 -14.1872 4.25459
49.848 -12.4342 5.39159
48.911 -9.00124 3.91959
45.226 -9.35624 4.95959
46.567 -9.90424 8.53059
49.039 -6.96124 8.14359
46.112 -4.71024 7.06059
43.8 -5.86224 9.95059
46.605 -5.09424 12.4616
47.259 -1.64424 10.8366
43.51 -0.847243 11.3126
43.637 -1.85824 15.0376
46.962 0.00675713 15.6276

45.304 3.08576 13.9446
42.824 3.07076 16.9186
39.655 1.77376 15.1276
36.961 0.820757 17.6556
34.708 -1.52824 15.5316

34.927 -3.12324 12.0506
33.759 -6.19924 10.0796
36.129 -8.56124 8.20459
34.543 -10.6282 5.40059
36.164 -13.7832 3.92959

34.782 -17.0842 2.45259
37.66 -19.6282 2.50759

37.791 -21.3122 5.96059
41.654 -21.1102 6.01859
41.424 -17.2532 5.77659
38.821 -17.0682 8.62059
40.982 -19.5032 10.7066
44.247 -17.5212 10.1526
42.57 -14.1422 10.9986
41.017 -15.5712 14.2376
44.353 -17.2042 15.2676
46.295 -13.9012 14.8476
43.609 -11.8882 16.7556
43.827 -14.4792 19.6206
47.689 -14.2552 19.5056

47.401 -10.4002 19.7616
44.733 -10.8322 22.5626
42.155 -8.87224 20.4606
38.551 -9.55924 21.5296

36.548 -10.5502 18.4186
33.463 -12.5182 17.2526
33.385 -15.2352 14.5366
30.383 -16.3362 12.3926

30.649 -19.0582 9.69459
28.816 -22.1542 8.28059
29.394 -24.0712 11.5896
27.96 -21.3222 13.9056
24.447 -22.3272 15.0946
21.284 -20.2312 14.4386
20.911 -19.1232 18.1266

24.669 -18.4812 18.7136
24.66 -16.2562 15.5466
22.099 -13.9242 17.2106
23.948 -13.9792 20.5946
27.384 -13.1912 18.9866
25.643 -10.4222 16.9636
24.309 -8.93424 20.2636
27.786 -9.31724 21.9166
29.434 -7.30124 19.0486
26.586 -4.70124 19.0986
26.512 -4.13724 22.9096

30.145 -4.80024 24.0436
32.729 -2.01824 23.3576
35.532 -4.64624 23.8076
34.721 -6.65024 20.6296
36.69 -4.66924 18.0086

36.548 -7.19324 15.0956
33.788 -9.36424 13.6166
35.25 -12.2262 11.4866
32.394 -13.1362 9.11359
31.82 -15.6642 6.32559

30.508 -13.7682 3.22459
28.079 -16.6782 2.51559
27.016 -17.5272 6.11259
26.529 -13.9332 7.47959
24.807 -12.4042 4.34659
21.346 -12.8782 6.03459
19.348 -11.9222 9.18559
22.115 -10.1562 11.1806
22.564 -6.38424 11.8656
26.017 -4.84124 12.5746
25.18 -1.10624 13.0206
27.89 -0.774243 15.7736
30.674 -0.839243 13.1006
31.558 1.96576 10.6036

34.005 -0.111243 8.46159
33.696 -3.27524 6.31959
36.863 -5.04224 5.03459
36.486 -7.67524 2.29059

39.646 -9.79824 2.73459
38.437 -11.8182 -0.296407
36.426 -11.0152 -3.44441
33.233 -12.9802 -4.24041
32.147 -13.5342 -7.90741
28.501 -12.5622 -7.16241

27.961 -8.78524 -6.51441
24.488 -9.33324 -4.95141
26.189 -11.2002 -2.03141
28.808 -8.40424 -1.61641
25.971 -5.77624 -1.46241
24.091 -8.01624 1.07259
27.269 -8.02324 3.25259
27.743 -4.17224 3.02059

24.045 -3.69724 4.03859
24.719 -5.54424 7.32259
26.34 -2.26424 8.58759
24.408 0.257757 6.44259
21.024 -0.235243 8.26659
18.484 1.93876 10.1496
20.408 2.88076 13.3466
23.716 3.65276 11.5246
24.945 7.25276 12.2386
28.467 7.18376 10.6256
29.57 7.14676 6.93959

30.192 3.46576 6.11659
33.682 2.64476 4.78459
33.944 -0.406243 2.44959
37.505 -1.65824 1.70859
38.009 -4.34224 -1.00341
41.429 -6.03724 -0.495407
42.962 -7.05324 -3.89841

46.351 -8.55324 -4.92041
48.052 -8.03424 -8.34941
49.158 -11.3992 -9.87341
46.135 -13.3742 -8.45541
42.463 -14.3742 -9.08141

41.451 -10.7902 -8.00241
42.77 -9.44624 -11.3864
39.99 -11.4542 -13.1964
37.291 -11.3772 -10.4624
37.255 -7.56324 -10.0424
36.444 -6.72124 -13.7564
33.859 -9.60824 -13.7064
32.15 -8.17124 -10.5624
32.163 -4.65824 -12.1794
30.47 -5.74124 -15.4614
27.869 -7.66624 -13.3464
27.027 -4.53124 -11.2274
26.667 -2.53924 -14.4994
24.194 -5.18424 -15.8644
22.272 -4.91824 -12.5324
22.287 -1.05424 -12.6964
21.06 -0.970243 -16.3664

18.187 -3.29224 -15.2494
17.387 -0.750243 -12.4044
18.463 -3.35124 -9.76041
21.483 -1.44424 -8.28441
22.658 2.17076 -7.71241
26.116 0.731757 -6.97741
28.59 1.86776 -9.62241
32.03 0.195757 -9.14941
33.915 2.00176 -12.0384

34.921 5.09076 -9.95641
36.969 2.90176 -7.51341
39.316 1.58476 -10.2924
40.167 4.98176 -11.8514

41.432 5.94076 -8.32141
43.917 2.96776 -7.89841

End chain 1
