-13.201 -6.296 -53.957
-10.703 -3.406 -53.291
-9.54 -3.087 -49.639
-11.02 0.322 -48.639
-8.614 1.85 -46.053
-10.787 3.126 -43.162

-9.634 6.195 -41.181
-10.061 4.9 -37.589
-10.286 6.838 -34.306
-12.195 7.103 -30.979
-14.163 9.439 -28.711
-12.619 10.223 -25.263
-14.157 12.207 -22.344

-11.943 15.248 -21.466
-14.301 16.978 -18.949
-17.827 16.65 -17.399
-19.139 18.761 -20.353

-16.752 17.96 -23.312
-15.482 14.956 -25.281
-12.62 14.751 -27.824
-12.437 12.939 -31.204
-8.982 11.264 -31.393
-8.672 10.357 -35.1

-6.282 10.744 -38.079
-6.98 13.557 -40.6
-9.895 13.022 -43.051

-11.208 15.853 -45.293
-14.92 14.856 -45.011
-14.611 14.37 -41.226
-13.015 17.857 -40.827
-15.875 19.254 -42.999
-18.403 17.482 -40.669
-16.559 18.759 -37.515
-16.844 22.341 -38.957

-20.697 21.797 -39.029
-20.861 21.033 -35.24
-22.116 23.933 -33.104
-20.016 23.255 -29.939
-16.791 22.621 -31.971

-13.393 23.436 -30.391
-10.011 22.816 -32.063
-6.805 22.812 -29.99

-3.883 23.919 -32.209
-1.328 22.314 -29.773
-2.753 18.736 -29.691
-4.334 19.137 -33.217

-7.578 17.622 -31.79
-11.313 18.386 -31.995
-13.683 18.544 -28.991
-17.466 19.001 -28.65
-20.131 19.402 -25.91

-21.257 16.038 -24.476
-24.923 16.743 -25.497
-23.731 16.722 -29.178
-22.178 13.179 -28.839
-25.228 11.354 -30.322
-25.57 14.044 -33.093
-21.852 13.682 -34.021
-21.815 9.829 -34.037
-25.045 9.774 -36.128
-23.507 12.176 -38.75
-20.093 10.348 -38.803

-21.793 6.948 -39.527
-22.962 8.546 -42.834
-19.328 9.196 -43.991
-17.677 6.563 -46.261
-14.251 5.2 -45.121

-14.46 6.789 -41.562
-14.765 4.819 -38.279
-15.142 6.964 -35.114
-15.663 4.659 -32.101

-18.218 6.249 -29.657
-17.862 6.903 -25.912
-18.35 3.469 -24.195
-21.794 2.549 -22.772
-20.235 2.829 -19.255
-19.534 6.58 -19.812
-22.964 7.196 -21.431
-24.623 5.531 -18.378
-22.42 7.523 -15.909

-23.028 10.919 -17.654
-26.668 10.153 -18.714
-27.851 13.482 -17.123

-25.214 15.594 -18.963
-26 13.8 -22.296
-29.631 15.147 -21.909

-29.014 18.802 -20.797
-28.522 21.656 -23.337
-27.494 23.803 -20.296
-24.374 24.206 -18.108
-26.03 23.63 -14.722
-23.195 22.587 -12.38
-23.731 19.355 -10.334

-27.219 19.392 -8.694
-26.798 20.208 -4.988
-26.578 17.032 -2.906
-29.814 16.999 -0.82
-29.276 16.946 2.956
-30.305 13.551 4.343

-32.727 13.25 7.268
-30.389 11.851 9.975
-33.077 12.019 12.787
-33.159 8.159 12.923
-29.32 8.149 13.454
-27.82 8.306 16.969

-27.52 12.074 17.913
-23.991 11.509 19.371
-22.796 10.469 15.867
-24.731 13.185 13.93
-23.402 16.008 16.22
-19.738 14.82 15.861

-19.687 14.822 11.995
-17.445 17.587 10.586

-19.106 19.692 7.763
-17.231 17.783 4.996
-18.064 14.402 6.666
-21.796 15.407 6.677
-21.562 16.318 2.947
-19.943 12.855 2.346
-22.788 11.075 4.244
-25.363 13.084 2.191
-23.555 12.165 -1.104
-23.43 8.459 -0.115
-27.196 8.491 0.728
-28.024 10.343 -2.565

-25.973 7.645 -4.472
-28.214 5.048 -2.67
-25.512 3.7 -0.27

-23.352 2.353 -3.174
-19.956 4.118 -3.237
-16.209 4.012 -2.721
-15.295 6.541 0.021

-11.694 7.195 -1.128

-11.135 10.189 1.225
-7.504 10.605 2.377

-6.048 8.715 5.398
-7.361 9.956 8.784
-10.233 12.169 7.374
-12.706 9.981 9.408

-13.844 7.354 6.831
-15.012 5.081 9.734
-17.363 7.714 11.316
-18.876 8.506 7.854
-19.282 4.738 7.09
-21.02 4.042 10.461
-23.415 6.996 9.798
-24.247 5.855 6.195
-24.846 2.277 7.463
-26.955 3.52 10.461
-29.227 5.531 8.078

-29.9 2.058 6.507

-30.384 0.293 9.981
-33.886 -0.857 8.77
-32.05 -2.956 6.062
-29.626 -4.868 8.41
-27.981 -7.413 9.17

-24.774 -5.448 8.488
-21.551 -7.137 7.269
-18.235 -5.328 7.997
-15.132 -6.739 6.223
-11.829 -5.357 7.603

-8.05 -6.016 7.986
-7.416 -8.82 10.567
-5.856 -6.305 13.093
-8.689 -3.64 13.199

-11.758 -5.868 14.003
-11.895 -4.753 17.675
-11.154 -1.102 16.63
-14.365 -1.304 14.506
-16.414 -2.897 17.375
-15.268 -0.08 19.729
-16.109 2.476 16.969
-19.722 1.111 16.76
-20.082 1.14 20.611
-18.596 4.7 20.723
-20.823 6.195 17.978

-24.121 4.191 18.24
-24.851 3.95 22.056
-28.388 2.791 20.948
-26.764 -0.701 20.406
-26.03 -3.285 23.117

-22.632 -5.104 22.857
-24.638 -8.32 22.08
-25.78 -6.667 18.791

-22.091 -6.816 17.576
-20.505 -10.124 16.488
-16.681 -10.041 16.081

-15.702 -13.116 14.035
-12.316 -14.303 15.372
-12.201 -17.837 13.813
-13.405 -19.799 10.735
-15.769 -21.82 13.07
-17.788 -18.808 14.317
-21.352 -17.917 13.159
-21.075 -14.973 10.701
-24.816 -14.102 11.273
-24.919 -14.166 15.127
-25.108 -10.332 15.536
-27.08 -7.466 13.995

-23.588 -6.14 13.038
-21.065 -8.833 11.965
-17.336 -7.898 11.803
-15.009 -10.302 9.887
-11.529 -10.295 8.291

-10.658 -10.74 4.577
-8.757 -14.009 5.375
-11.833 -15.546 7.113
-14.3 -14.769 4.222

-11.9345 -15.6601 1.34991
-8.91792 -14.8912 -0.878374
-5.55971 -13.3641 0.21895
-6.94494 -10.3474 -1.72603
-9.77839 -8.75517 -3.55426
-8.64636 -5.81112 -5.61494
-6.29417 -8.56052 -6.44453
-2.85731 -9.39402 -5.3417
-2.39896 -13.1345 -4.8124
-1.74558 -16.8164 -3.93089
-0.54888 -18.6627 -7.07918
1.64731 -21.6638 -8.09081

3.84835 -24.4619 -9.42654
3.13953 -28.0871 -9.84653
4.23773 -31.7007 -10.0614
3.26208 -34.6934 -7.80972

6.11708 -32.8204 -6.11072
9.43808 -32.4484 -8.01872

7.71308 -33.9354 -11.1387
11.0141 -33.7904 -13.1377
11.5271 -37.3254 -11.6257
9.00508 -38.4494 -14.3457

11.2211 -37.0194 -17.2237
11.9181 -40.4924 -18.7807
8.86608 -42.5664 -19.9057
10.7851 -45.9314 -19.8077
11.3931 -45.6994 -16.0087

9.22808 -47.8524 -13.6777
8.21108 -44.7054 -11.6567
6.94708 -42.9924 -14.8627
5.19308 -46.1764 -16.1757
3.31808 -46.4884 -12.8177
2.46608 -42.7204 -12.5017
1.31408 -41.9364 -16.0947
-1.92092 -44.1064 -16.1727
-3.18192 -42.3694 -12.9687
-2.22492 -38.8554 -14.2337
-4.11392 -39.4094 -17.5557
-7.36892 -40.5104 -15.7457

-7.29292 -38.2274 -12.6347
-9.59292 -35.1254 -12.8737

-7.04692 -32.6994 -11.2737
-3.23992 -32.9304 -11.7987
-0.989915 -30.5064 -9.87972
2.63408 -31.0404 -10.9927
5.35208 -29.1044 -9.08172

9.04008 -28.5184 -9.98872
11.7811 -25.8714 -9.59672
13.4891 -27.2824 -12.7067
10.7771 -28.8054 -15.0017
13.5161 -29.6044 -17.5147
16.9351 -30.5394 -16.0467
18.9581 -30.3104 -19.3257
16.8191 -30.7684 -22.5337

13.2931 -30.1714 -24.0537
12.6341 -33.9794 -24.2707
12.3771 -34.1014 -20.3927
9.16008 -31.9534 -20.5487
7.15108 -34.4294 -22.6977
5.87508 -36.6094 -19.7837
4.79808 -33.4754 -17.8127
3.04108 -31.9894 -20.9277
1.02008 -35.2214 -21.5457
0.234085 -35.5094 -17.7837
-1.32492 -31.9664 -17.7657

-2.82792 -32.2374 -21.3417
-3.21292 -35.9534 -22.4267
-4.39292 -34.8344 -25.9497
-1.15592 -32.8734 -26.6777
1.44208 -34.8194 -28.7617
-0.120915 -38.3684 -28.3987
3.20308 -39.8004 -29.7407

6.67808 -38.6024 -28.5987
8.06008 -38.6054 -32.2017
5.91308 -35.5504 -33.1997
7.21408 -33.6144 -30.1287
10.8141 -34.7824 -30.8377
10.7511 -33.7454 -34.5537
9.54108 -30.2174 -33.5997
11.3761 -29.4034 -30.3117

14.2691 -31.9344 -29.9337
15.9281 -31.4514 -33.4117
15.2801 -35.1604 -34.0277

17.8571 -36.8074 -36.3587
17.6081 -40.1554 -38.2007
20.8881 -41.9984 -37.4437

21.8841 -45.4804 -38.8717
20.8341 -47.0474 -35.4847

17.4781 -45.1544 -35.0777
16.3141 -41.6714 -33.9837
18.4041 -39.2464 -31.9017

16.3931 -36.7754 -29.7077
19.3241 -35.1594 -27.7487
18.9931 -31.8324 -29.6417
16.7741 -28.7454 -29.2957
14.6461 -26.6854 -31.7347
11.8911 -23.9904 -31.8127

12.3511 -23.2734 -28.0377
10.5201 -19.8754 -28.1367
7.42008 -21.6514 -29.5937
7.74508 -24.3654 -26.8897
7.92608 -21.5974 -24.1967
4.71808 -19.9594 -25.5657
2.88508 -23.3544 -25.6747
3.99708 -24.1774 -22.0877
2.93808 -20.7794 -20.6007
-0.463915 -20.7294 -22.4137
-1.64092 -24.3384 -21.8787

0.590085 -26.3404 -19.4127

2.72308 -24.2824 -17.0287
2.66508 -21.3884 -14.5577

6.26808 -20.1464 -14.0247
7.57508 -17.1454 -12.0357
11.1501 -16.3104 -11.0617

12.6761 -14.8264 -7.83372
13.2871 -11.6224 -9.85572
9.53208 -11.3734 -10.7557
8.09208 -11.7434 -7.19572

10.9031 -11.2484 -4.57372
12.8641 -8.01343 -5.40472
14.2781 -8.25043 -1.80472
16.2831 -11.5184 -2.22072

20.0821 -10.8244 -2.23572
21.8351 -11.5584 -5.55972

23.4911 -14.9284 -6.30272
27.1071 -14.0804 -7.28072
28.6441 -16.9704 -9.28272
32.3231 -17.4684 -10.2297
34.6851 -20.0774 -11.6317
37.7261 -20.7724 -9.39072
40.5451 -22.3264 -11.4457

42.3251 -24.5274 -8.85472
46.0401 -24.7084 -9.66472

47.0241 -27.9394 -11.5877
50.6391 -27.4684 -10.2597
49.6011 -29.6604 -7.23772

48.5601 -32.4494 -9.72272
51.6981 -34.6304 -9.65672

53.2041 -35.9034 -12.9547
51.8921 -39.5214 -12.4137
48.2701 -38.3234 -11.8627
48.5471 -35.9934 -14.9237
49.9761 -38.8384 -17.0757
47.0381 -41.0554 -15.8907
44.4921 -38.3204 -16.8887
46.2891 -37.9224 -20.2787
46.2021 -41.7484 -20.7097
42.4291 -42.0574 -19.9617
41.7411 -39.0054 -22.2297
43.6961 -40.6814 -25.1167
41.9221 -43.9944 -24.3257
38.4251 -42.4424 -24.9097
39.5161 -41.1114 -28.3807

40.9961 -44.4414 -29.6327
39.1661 -45.5394 -32.8377
39.3071 -49.3194 -32.3027
37.4361 -49.4804 -28.9177
33.8631 -50.7084 -28.4107

31.0671 -48.3214 -27.2567
31.3861 -49.9834 -23.7937
35.2081 -49.5244 -23.5047
34.6571 -45.8224 -24.4757
32.0681 -45.4694 -21.6007
34.4361 -47.2894 -19.1637
37.3851 -44.9974 -20.1207
35.0341 -41.9594 -19.6647
34.0191 -43.1614 -16.1407
37.7341 -43.7424 -15.3337
38.7041 -40.2214 -16.6057
35.8771 -38.6824 -14.4907
36.8321 -40.6314 -11.2927
40.5651 -39.7144 -11.8597
39.5151 -36.0244 -12.2197
37.8641 -36.2134 -8.75972
41.0241 -37.7944 -7.19072
43.3241 -35.2334 -8.91872
41.3251 -32.2594 -7.47272
41.2721 -33.4554 -3.77472
44.5591 -31.7024 -2.63772
43.6221 -28.2694 -4.10972
39.9371 -28.6244 -3.06972
41.2781 -29.1724 0.501276
43.7501 -26.2294 0.114276
40.8231 -23.9784 -0.968724
38.5111 -25.1304 1.92128
41.3161 -24.3624 4.43228
41.9701 -20.9124 2.80728
38.2211 -20.1154 3.28328
38.3481 -21.1264 7.00828
41.6731 -19.2614 7.59828

40.0151 -16.1824 5.91528
37.5351 -16.1974 8.88928
34.3661 -17.4944 7.09828
31.6721 -18.4474 9.62628
29.4191 -20.7964 7.50228

29.6381 -22.3914 4.02128
28.4701 -25.4674 2.05028
30.8401 -27.8294 0.175276
29.2541 -29.8964 -2.62872
30.8751 -33.0514 -4.09972

29.4931 -36.3524 -5.57672
32.3711 -38.8964 -5.52172

32.5021 -40.5804 -2.06872
36.3651 -40.3784 -2.01072
36.1351 -36.5214 -2.25272
33.5321 -36.3364 0.591276
35.6931 -38.7714 2.67728
38.9581 -36.7894 2.12328
37.2811 -33.4104 2.96928
35.7281 -34.8394 6.20828
39.0641 -36.4724 7.23828
41.0061 -33.1694 6.81828
38.3201 -31.1564 8.72628
38.5381 -33.7474 11.5913
42.4001 -33.5234 11.4763

42.1121 -29.6684 11.7323
39.4441 -30.1004 14.5333
36.8661 -28.1404 12.4313
33.2621 -28.8274 13.5003

31.2591 -29.8184 10.3893
28.1741 -31.7864 9.22328
28.0961 -34.5034 6.50728
25.0941 -35.6044 4.36328

25.3601 -38.3264 1.66528
23.5271 -41.4224 0.251276
24.1051 -43.3394 3.56028
22.6711 -40.5904 5.87628
19.1581 -41.5954 7.06528
15.9951 -39.4994 6.40928
15.6221 -38.3914 10.0973

19.3801 -37.7494 10.6843
19.3711 -35.5244 7.51728
16.8101 -33.1924 9.18128
18.6591 -33.2474 12.5653
22.0951 -32.4594 10.9573
20.3541 -29.6904 8.93428
19.0201 -28.2024 12.2343
22.4971 -28.5854 13.8873
24.1451 -26.5694 11.0193
21.2971 -23.9694 11.0693
21.2231 -23.4054 14.8803

24.8561 -24.0684 16.0143
27.4401 -21.2864 15.3283
30.2431 -23.9144 15.7783
29.4321 -25.9184 12.6003
31.4011 -23.9374 9.97928

31.2591 -26.4614 7.06628
28.4991 -28.6324 5.58728
29.9611 -31.4944 3.45728
27.1051 -32.4044 1.08428
26.5311 -34.9324 -1.70372

25.2191 -33.0364 -4.80472
22.7901 -35.9464 -5.51372
21.7271 -36.7954 -1.91672
21.2401 -33.2014 -0.549724
19.5181 -31.6724 -3.68272
16.0571 -32.1464 -1.99472
14.0591 -31.1904 1.15628
16.8261 -29.4244 3.15128
17.2751 -25.6524 3.83628
20.7281 -24.1094 4.54528
19.8911 -20.3744 4.99128
22.6011 -20.0424 7.74428
25.3851 -20.1074 5.07128
26.2691 -17.3024 2.57428

28.7161 -19.3794 0.432276
28.4071 -22.5434 -1.70972
31.5741 -24.3104 -2.99472
31.1971 -26.9434 -5.73872

34.3571 -29.0664 -5.29472
33.1481 -31.0864 -8.32572
31.1371 -30.2834 -11.4737
27.9441 -32.2484 -12.2697
26.8581 -32.8024 -15.9367
23.2121 -31.8304 -15.1917

22.6721 -28.0534 -14.5437
19.1991 -28.6014 -12.9807
20.9001 -30.4684 -10.0607
23.5191 -27.6724 -9.64572
20.6821 -25.0444 -9.49172
18.8021 -27.2844 -6.95672
21.9801 -27.2914 -4.77672
22.4541 -23.4404 -5.00872

18.7561 -22.9654 -3.99072
19.4301 -24.8124 -0.706724
21.0511 -21.5324 0.558276
19.1191 -19.0104 -1.58672
15.7351 -19.5034 0.237276
13.1951 -17.3294 2.12028
15.1191 -16.3874 5.31728
18.4271 -15.6154 3.49528
19.6561 -12.0154 4.20928
23.1781 -12.0844 2.59628
24.2811 -12.1214 -1.08972

24.9031 -15.8024 -1.91272
28.3931 -16.6234 -3.24472
28.6551 -19.6744 -5.57972
32.2161 -20.9264 -6.32072
32.7201 -23.6104 -9.03272
36.1401 -25.3054 -8.52472
37.6731 -26.3214 -11.9277

41.0621 -27.8214 -12.9497
42.7631 -27.3024 -16.3787
43.8691 -30.6674 -17.9027
40.8461 -32.6424 -16.4847
37.1741 -33.6424 -17.1107

36.1621 -30.0584 -16.0317
37.4811 -28.7144 -19.4157
34.7011 -30.7224 -21.2257
32.0021 -30.6454 -18.4917
31.9661 -26.8314 -18.0717
31.1551 -25.9894 -21.7857
28.5701 -28.8764 -21.7357
26.8611 -27.4394 -18.5917
26.8741 -23.9264 -20.2087
25.1811 -25.0094 -23.4907
22.5801 -26.9344 -21.3757
21.7381 -23.7994 -19.2567
21.3781 -21.8074 -22.5287
18.9051 -24.4524 -23.8937
16.9831 -24.1864 -20.5617
16.9981 -20.3224 -20.7257
15.7711 -20.2384 -24.3957

12.8981 -22.5604 -23.2787
12.0981 -20.0184 -20.4337
13.1741 -22.6194 -17.7897
16.1941 -20.7124 -16.3137
17.3691 -17.0974 -15.7417
20.8271 -18.5364 -15.0067
23.3011 -17.4004 -17.6517
26.7411 -19.0724 -17.1787
28.6261 -17.2664 -20.0677

29.6321 -14.1774 -17.9857
31.6801 -16.3664 -15.5427
34.0271 -17.6834 -18.3217
34.8781 -14.2864 -19.8807

36.1431 -13.3274 -16.3507
38.6281 -16.3004 -15.9277

End chain 1
