-13.201 -6.296 -53.957
-10.703 -3.406 -53.291
-9.54 -3.087 -49.639
-11.02 0.322 -48.639
-8.614 1.85 -46.053
-10.787 3.126 -43.162

-9.634 6.195 -41.181
-10.061 4.9 -37.589
-10.286 6.838 -34.306
-12.195 7.103 -30.979
-14.163 9.439 -28.711
-12.619 10.223 -25.263
-14.157 12.207 -22.344

-11.943 15.248 -21.466
-14.301 16.978 -18.949
-17.827 16.65 -17.399
-19.139 18.761 -20.353

-16.752 17.96 -23.312
-15.482 14.956 -25.281
-12.62 14.751 -27.824
-12.437 12.939 -31.204
-8.982 11.264 -31.393
-8.672 10.357 -35.1

-6.282 10.744 -38.079
-6.98 13.557 -40.6
-9.895 13.022 -43.051

-11.208 15.853 -45.293
-14.92 14.856 -45.011
-14.611 14.37 -41.226
-13.015 17.857 -40.827
-15.875 19.254 -42.999
-18.403 17.482 -40.669
-16.559 18.759 -37.515
-16.844 22.341 -38.957

-20.542 22.1172 -39.2651
-23.6795 20.3563 -38.1152
-23.2732 16.8134 -39.2766
-19.7833 17.4629 -37.6685
-20.63 19.2553 -34.4841

-21.8513 22.562 -33.2968
-24.0243 23.0776 -30.1016
-21.0854 24.2753 -28.18

-18.1634 25.3823 -30.399
-15.6084 23.7773 -27.963
-17.0334 20.1993 -27.881
-18.6144 20.6003 -31.407

-21.8584 19.0853 -29.98
-25.5934 19.8493 -30.185
-27.9634 20.0073 -27.181
-31.7464 20.4643 -26.84
-34.4114 20.8653 -24.1

-35.5374 17.5013 -22.666
-39.2034 18.2063 -23.687
-38.0114 18.1853 -27.368
-36.4584 14.6423 -27.029
-39.5084 12.8173 -28.512
-39.8504 15.5073 -31.283
-36.1324 15.1453 -32.211
-36.0954 11.2923 -32.227
-39.3254 11.2373 -34.318
-37.7874 13.6393 -36.94
-34.3734 11.8113 -36.993

-36.0734 8.41126 -37.717
-37.2424 10.0093 -41.024
-33.6084 10.6593 -42.181
-31.9574 8.02626 -44.451
-28.5314 6.66326 -43.311

-28.7404 8.25226 -39.752
-29.0454 6.28226 -36.469
-29.4224 8.42726 -33.304
-29.9434 6.12226 -30.291

-32.4984 7.71226 -27.847
-32.1424 8.36626 -24.102
-32.6304 4.93226 -22.385
-36.0744 4.01226 -20.962
-34.5154 4.29226 -17.445
-33.8144 8.04326 -18.002
-37.2444 8.65926 -19.621
-38.9034 6.99426 -16.568
-36.7004 8.98626 -14.099

-37.3084 12.3823 -15.844
-40.9484 11.6163 -16.904
-42.1314 14.9453 -15.313

-39.4944 17.0573 -17.153
-40.2804 15.2633 -20.486
-43.9114 16.6103 -20.099

-43.2944 20.2653 -18.987
-42.8024 23.1193 -21.527
-41.7744 25.2663 -18.486
-38.6544 25.6693 -16.298
-40.3104 25.0933 -12.912
-37.4754 24.0503 -10.57
-38.0114 20.8183 -8.52404

-41.4994 20.8553 -6.88404
-41.0784 21.6713 -3.17804
-40.8584 18.4953 -1.09604
-44.0944 18.4623 0.989963
-43.5564 18.4093 4.76596
-44.5854 15.0143 6.15296

-47.0074 14.7133 9.07796
-44.6694 13.3143 11.785
-47.3574 13.4823 14.597
-47.4394 9.62226 14.733
-43.6004 9.61226 15.264
-42.1004 9.76926 18.779

-41.8004 13.5373 19.723
-38.2714 12.9723 21.181
-37.0764 11.9323 17.677
-39.0114 14.6483 15.74
-37.6824 17.4713 18.03
-34.0184 16.2833 17.671

-33.9674 16.2853 13.805
-31.7254 19.0503 12.396

-33.3864 21.1553 9.57296
-31.5114 19.2463 6.80596
-32.3444 15.8653 8.47596
-36.0764 16.8703 8.48696
-35.8424 17.7813 4.75696
-34.2234 14.3183 4.15596
-37.0684 12.5383 6.05396
-39.6434 14.5473 4.00096
-37.8354 13.6283 0.705963
-37.7104 9.92226 1.69496
-41.4764 9.95426 2.53796
-42.3044 11.8063 -0.755037

-40.2534 9.10826 -2.66204
-42.4944 6.51126 -0.860037
-39.7924 5.16326 1.53996

-37.6324 3.81626 -1.36404
-34.2364 5.58126 -1.42704
-30.4894 5.47526 -0.911037
-29.5754 8.00426 1.83096

-25.9744 8.65826 0.681963

-25.4154 11.6523 3.03496
-21.7844 12.0683 4.18696

-20.3284 10.1783 7.20796
-21.6414 11.4193 10.594
-24.5134 13.6323 9.18396
-26.9864 11.4443 11.218

-28.1244 8.81726 8.64096
-29.2924 6.54426 11.544
-31.6434 9.17726 13.126
-33.1564 9.96926 9.66396
-33.5624 6.20126 8.89996
-35.3004 5.50526 12.271
-37.6954 8.45926 11.608
-38.5274 7.31826 8.00496
-39.1264 3.74026 9.27296
-41.2354 4.98326 12.271
-43.5074 6.99426 9.88796

-44.1804 3.52126 8.31696

-44.6644 1.75626 11.791
-48.1664 0.606256 10.58
-46.3304 -1.49274 7.87196
-43.9064 -3.40474 10.22
-42.2614 -5.94974 10.98

-39.0544 -3.98474 10.298
-35.8314 -5.67374 9.07896
-32.5154 -3.86474 9.80696
-29.4124 -5.27574 8.03296
-26.1094 -3.89374 9.41296

-22.3304 -4.55274 9.79596
-21.6964 -7.35674 12.377
-20.1364 -4.84174 14.903
-22.9694 -2.17674 15.009

-26.0384 -4.40474 15.813
-26.1754 -3.28974 19.485
-25.4344 0.361256 18.44
-28.6454 0.159256 16.316
-30.6944 -1.43374 19.185
-29.5484 1.38326 21.539
-30.3894 3.93926 18.779
-34.0024 2.57426 18.57
-34.3624 2.60326 22.421
-32.8764 6.16326 22.533
-35.1034 7.65826 19.788

-38.4014 5.65426 20.05
-39.1314 5.41326 23.866
-42.6684 4.25426 22.758
-41.0444 0.762256 22.216
-40.3104 -1.82174 24.927

-36.9124 -3.64074 24.667
-38.9184 -6.85674 23.89
-40.0604 -5.20374 20.601

-36.3714 -5.35274 19.386
-34.7854 -8.66074 18.298
-30.9614 -8.57774 17.891

-29.9824 -11.6527 15.845
-26.5964 -12.8397 17.182
-26.4814 -16.3737 15.623
-27.6854 -18.3357 12.545
-30.0494 -20.3567 14.88
-32.0684 -17.3447 16.127
-35.6324 -16.4537 14.969
-35.3554 -13.5097 12.511
-39.0964 -12.6387 13.083
-39.1994 -12.7027 16.937
-39.3884 -8.86874 17.346
-41.3604 -6.00274 15.805

-37.8684 -4.67674 14.848
-35.3454 -7.36974 13.775
-31.6164 -6.43474 13.613
-29.2894 -8.83874 11.697
-25.8094 -8.83174 10.101

-24.9384 -9.27674 6.38696
-23.0374 -12.5457 7.18496
-26.1134 -14.0827 8.92296
-28.5804 -13.3057 6.03196

-27.2064 -16.2517 3.94996
-27.5674 -18.6097 6.99296
-31.1234 -17.2767 7.65496
-32.2944 -17.3517 3.94896
-35.0114 -19.9517 4.85396
-36.5234 -17.3727 7.32196
-36.2354 -14.4307 4.79896
-39.3514 -15.9697 3.08796
-41.4684 -13.9877 5.63496
-42.3744 -10.6737 3.86196
-40.6474 -7.77174 5.65196
-42.5164 -4.75174 4.16996

-39.9844 -2.21374 5.60196
-36.2164 -2.83474 5.23896
-33.2874 -0.681744 6.41196
-29.7974 -1.64674 5.16996

-26.9424 0.226256 6.86896
-23.6214 0.598256 4.96096

-25.3464 -0.888744 1.84096
-22.0454 -0.743744 -0.158037
-21.5324 -4.27874 1.35396
-24.0544 -5.40274 -1.36604

-21.8384 -3.97274 -4.24404
-21.1414 -7.44574 -5.80104
-24.1934 -9.51974 -6.92604
-22.2744 -12.8847 -6.82804
-21.6664 -12.6527 -3.02904

-23.8314 -14.8057 -0.698037
-24.8484 -11.6587 1.32296
-26.1124 -9.94574 -1.88304
-27.8664 -13.1297 -3.19604
-29.7414 -13.4417 0.161963
-30.5934 -9.67374 0.477963
-31.7454 -8.88974 -3.11504
-34.9804 -11.0597 -3.19304
-36.2414 -9.32274 0.0109627
-35.2844 -5.80874 -1.25404
-37.1734 -6.36274 -4.57604
-40.4284 -7.46374 -2.76604

-40.3524 -5.18074 0.344963
-42.6524 -2.07874 0.105963

-40.1064 0.347256 1.70596
-36.2994 0.116256 1.18096
-34.0494 2.54026 3.09996
-30.4254 2.00626 1.98696
-27.7074 3.94226 3.89796

-24.0194 4.52826 2.99096
-21.2784 7.17526 3.38296
-19.5704 5.76426 0.272963
-22.2824 4.24126 -2.02204
-19.5434 3.44226 -4.53504
-16.1244 2.50726 -3.06704
-14.1014 2.73626 -6.34604
-16.2404 2.27826 -9.55404

-19.7664 2.87526 -11.074
-20.4254 -0.932744 -11.291
-20.6824 -1.05474 -7.41304
-23.8994 1.09326 -7.56904
-25.9084 -1.38274 -9.71804
-27.1844 -3.56274 -6.80404
-28.2614 -0.428744 -4.83304
-30.0184 1.05726 -7.94804
-32.0394 -2.17474 -8.56604
-32.8254 -2.46274 -4.80404
-34.3844 1.08026 -4.78604

-35.8874 0.809256 -8.36204
-36.2724 -2.90674 -9.44704
-37.4524 -1.78774 -12.97
-34.2154 0.173256 -13.698
-31.6174 -1.77274 -15.782
-33.1804 -5.32174 -15.419
-29.8564 -6.75374 -16.761

-26.3814 -5.55574 -15.619
-24.9994 -5.55874 -19.222
-27.1464 -2.50374 -20.22
-25.8454 -0.567744 -17.149
-22.2454 -1.73574 -17.858
-22.3084 -0.698744 -21.574
-23.5184 2.82926 -20.62
-21.6834 3.64326 -17.332

-18.7904 1.11226 -16.954
-17.1314 1.59526 -20.432
-17.7794 -2.11374 -21.048

-15.2024 -3.76074 -23.379
-15.4514 -7.10874 -25.221
-12.1714 -8.95174 -24.464

-11.1754 -12.4337 -25.892
-12.2254 -14.0007 -22.505

-15.5814 -12.1077 -22.098
-16.7454 -8.62474 -21.004
-14.6554 -6.19974 -18.922

-16.6664 -3.72874 -16.728
-13.7354 -2.11274 -14.769
-14.0664 1.21426 -16.662
-16.2854 4.30126 -16.316
-18.4134 6.36126 -18.755
-21.1684 9.05626 -18.833

-20.7084 9.77326 -15.058
-22.5394 13.1713 -15.157
-25.6394 11.3953 -16.614
-25.3144 8.68126 -13.91
-25.1334 11.4493 -11.217
-28.3414 13.0873 -12.586
-30.1744 9.69226 -12.695
-29.0624 8.86926 -9.10804
-30.1214 12.2673 -7.62104
-33.5234 12.3173 -9.43404
-34.7004 8.70826 -8.89904

-32.4694 6.70626 -6.43304

-30.3364 8.76426 -4.04904
-30.3944 11.6583 -1.57804

-26.7914 12.9003 -1.04504
-25.4844 15.9013 0.943963
-21.9094 16.7363 1.91796

-20.3834 18.2203 5.14596
-19.7724 21.4243 3.12396
-23.5274 21.6733 2.22396
-24.9674 21.3033 5.78396

-22.1564 21.7983 8.40596
-20.1954 25.0333 7.57496
-18.7814 24.7963 11.175
-16.7764 21.5283 10.759

-12.9774 22.2223 10.744
-11.2244 21.4883 7.41996

-9.56838 18.1183 6.67696
-5.95238 18.9663 5.69896
-4.41538 16.0763 3.69696
-0.736376 15.5783 2.74996
1.62562 12.9693 1.34796
4.66662 12.2743 3.58896
7.48562 10.7203 1.53396

9.26562 8.51926 4.12496
12.9806 8.33826 3.31496

13.9646 5.10726 1.39196
17.5796 5.57826 2.71996
16.5416 3.38626 5.74196

15.5006 0.597256 3.25696
18.6386 -1.58374 3.32296

20.1446 -2.85674 0.0249627
18.8326 -6.47474 0.565963
15.2106 -5.27674 1.11696
15.4876 -2.94674 -1.94404
16.9166 -5.79174 -4.09604
13.9786 -8.00874 -2.91104
11.4326 -5.27374 -3.90904
13.2296 -4.87574 -7.29904
13.1426 -8.70174 -7.73004
9.36962 -9.01074 -6.98204
8.68162 -5.95874 -9.25004
10.6366 -7.63474 -12.137
8.86262 -10.9477 -11.346
5.36562 -9.39574 -11.93
6.45662 -8.06474 -15.401

7.93662 -11.3947 -16.653
6.10662 -12.4927 -19.858
6.24762 -16.2727 -19.323
4.37662 -16.4337 -15.938
0.803624 -17.6617 -15.431

-1.99238 -15.2747 -14.277
-1.67338 -16.9367 -10.814
2.14862 -16.4777 -10.525
1.59762 -12.7757 -11.496
-0.991376 -12.4227 -8.62104
1.37662 -14.2427 -6.18404
4.32562 -11.9507 -7.14104
1.97462 -8.91274 -6.68504
0.959624 -10.1147 -3.16104
4.67462 -10.6957 -2.35404
5.64462 -7.17474 -3.62604
2.81762 -5.63574 -1.51104
3.77262 -7.58474 1.68696
7.50562 -6.66774 1.11996
6.45562 -2.97774 0.759963
4.80462 -3.16674 4.21996
7.96462 -4.74774 5.78896
10.2646 -2.18674 4.06096
8.26562 0.787256 5.50696
8.21262 -0.408744 9.20496
11.4996 1.34426 10.342
10.5626 4.77726 8.86996
6.87762 4.42226 9.90996
8.21862 3.87426 13.481
10.6906 6.81726 13.094
7.76362 9.06826 12.011
5.45162 7.91626 14.901
8.25662 8.68426 17.412
8.91062 12.1343 15.787
5.16162 12.9313 16.263
5.28862 11.9203 19.988
8.61362 13.7853 20.578

6.95562 16.8643 18.895
4.47562 16.8493 21.869
1.30662 15.5523 20.078
-1.38738 14.5993 22.606
-3.64038 12.2503 20.482

-3.42138 10.6553 17.001
-4.58938 7.57926 15.03
-2.21938 5.21726 13.155
-3.80538 3.15026 10.351
-2.18438 -0.00474381 8.87996

-3.56638 -3.30574 7.40296
-0.688376 -5.84974 7.45796

-0.557376 -7.53374 10.911
3.30562 -7.33174 10.969
3.07562 -3.47474 10.727
0.472624 -3.28974 13.571
2.63362 -5.72474 15.657
5.89862 -3.74274 15.103
4.22162 -0.363744 15.949
2.66862 -1.79274 19.188
6.00462 -3.42574 20.218
7.94662 -0.122744 19.798
5.26062 1.89026 21.706
5.47862 -0.700744 24.571
9.34062 -0.476744 24.456

9.05262 3.37826 24.712
6.38462 2.94626 27.513
3.80662 4.90626 25.411
0.202624 4.21926 26.48

-1.80038 3.22826 23.369
-4.88538 1.26026 22.203
-4.96338 -1.45674 19.487
-7.96538 -2.55774 17.343

-7.69938 -5.27974 14.645
-9.53238 -8.37574 13.231
-8.95438 -10.2927 16.54
-10.3884 -7.54374 18.856
-13.9014 -8.54874 20.045
-17.0644 -6.45274 19.389
-17.4374 -5.34474 23.077

-13.6794 -4.70274 23.664
-13.6884 -2.47774 20.497
-16.2494 -0.145744 22.161
-14.4004 -0.200744 25.545
-10.9644 0.587256 23.937
-12.7054 3.35626 21.914
-14.0394 4.84426 25.214
-10.5624 4.46126 26.867
-8.91438 6.47726 23.999
-11.7624 9.07726 24.049
-11.8364 9.64126 27.86

-8.20338 8.97826 28.994
-5.61938 11.7603 28.308
-2.81638 9.13226 28.758
-3.62738 7.12826 25.58
-1.65838 9.10926 22.959

-1.80038 6.58526 20.046
-4.56038 4.41426 18.567
-3.09838 1.55226 16.437
-5.95438 0.642256 14.064
-6.52838 -1.88574 11.276

-7.84038 0.0102562 8.17496
-10.2694 -2.89974 7.46596
-11.3324 -3.74874 11.063
-11.8194 -0.154744 12.43
-13.5414 1.37426 9.29696
-17.0024 0.900256 10.985
-19.0004 1.85626 14.136
-16.2334 3.62226 16.131
-15.7844 7.39426 16.816
-12.3314 8.93726 17.525
-13.1684 12.6723 17.971
-10.4584 13.0043 20.724
-7.67438 12.9393 18.051
-6.79038 15.7443 15.554

-4.34338 13.6673 13.412
-4.65238 10.5033 11.27
-1.48538 8.73626 9.98496
-1.86238 6.10326 7.24096

1.29762 3.98026 7.68496
0.0886236 1.96026 4.65396
-1.92238 2.76326 1.50596
-5.11538 0.798256 0.709963
-6.20138 0.244256 -2.95704
-9.84738 1.21626 -2.21204

-10.3874 4.99326 -1.56404
-13.8604 4.44526 -0.00103727
-12.1594 2.57826 2.91896
-9.54038 5.37426 3.33396
-12.3774 8.00226 3.48796
-14.2574 5.76226 6.02296
-11.0794 5.75526 8.20296
-10.6054 9.60626 7.97096

-14.3034 10.0813 8.98896
-13.6294 8.23426 12.273
-12.0084 11.5143 13.538
-13.9404 14.0363 11.393
-17.3244 13.5433 13.217
-19.8644 15.7173 15.1
-17.9404 16.6593 18.297
-14.6324 17.4313 16.475
-13.4034 21.0313 17.189
-9.88138 20.9623 15.576
-8.77838 20.9253 11.89

-8.15638 17.2443 11.067
-4.66638 16.4233 9.73496
-4.40438 13.3723 7.39996
-0.843376 12.1203 6.65896
-0.339376 9.43626 3.94696
3.08062 7.74126 4.45496
4.61362 6.72526 1.05196

8.00262 5.22526 0.0299627
9.70362 5.74426 -3.39904
10.8096 2.37926 -4.92304
7.78662 0.404256 -3.50504
4.11462 -0.595744 -4.13104

3.10262 2.98826 -3.05204
4.42162 4.33226 -6.43604
1.64162 2.32426 -8.24604
-1.05738 2.40126 -5.51204
-1.09338 6.21526 -5.09204
-1.90438 7.05726 -8.80604
-4.48938 4.17026 -8.75604
-6.19838 5.60726 -5.61204
-6.18538 9.12026 -7.22904
-7.87838 8.03726 -10.511
-10.4794 6.11226 -8.39604
-11.3214 9.24726 -6.27704
-11.6814 11.2393 -9.54904
-14.1544 8.59426 -10.914
-16.0764 8.86026 -7.58204
-16.0614 12.7243 -7.74604
-17.2884 12.8083 -11.416

-20.1614 10.4863 -10.299
-20.9614 13.0283 -7.45404
-19.8854 10.4273 -4.81004
-16.8654 12.3343 -3.33404
-15.6904 15.9493 -2.76204
-12.2324 14.5103 -2.02704
-9.75838 15.6463 -4.67204
-6.31838 13.9743 -4.19904
-4.43338 15.7803 -7.08804

-3.42738 18.8693 -5.00604
-1.37938 16.6803 -2.56304
0.967624 15.3633 -5.34204
1.81862 18.7603 -6.90104

3.08362 19.7193 -3.37104
5.56862 16.7463 -2.94804

End chain 1
