-13.201 -6.296 -53.957
-10.703 -3.406 -53.291
-9.54 -3.087 -49.639
-11.02 0.322 -48.639
-8.614 1.85 -46.053
-10.787 3.126 -43.162

-9.634 6.195 -41.181
-10.061 4.9 -37.589
-10.286 6.838 -34.306
-12.195 7.103 -30.979
-14.163 9.439 -28.711
-12.619 10.223 -25.263
-14.157 12.207 -22.344

-11.943 15.248 -21.466
-14.301 16.978 -18.949
-17.827 16.65 -17.399
-19.139 18.761 -20.353

-16.752 17.96 -23.312
-15.482 14.956 -25.281
-12.62 14.751 -27.824
-12.437 12.939 -31.204
-8.982 11.264 -31.393
-8.672 10.357 -35.1

-6.282 10.744 -38.079
-6.98 13.557 -40.6
-9.895 13.022 -43.051

-11.208 15.853 -45.293
-14.92 14.856 -45.011
-14.611 14.37 -41.226
-13.015 17.857 -40.827
-15.875 19.254 -42.999
-18.403 17.482 -40.669
-16.559 18.759 -37.515
-16.844 22.341 -38.957

-20.697 21.797 -39.029
-20.861 21.033 -35.24
-22.116 23.933 -33.104
-20.016 23.255 -29.939
-16.791 22.621 -31.971

-13.393 23.436 -30.391
-10.011 22.816 -32.063
-6.805 22.812 -29.99

-3.883 23.919 -32.209
-1.328 22.314 -29.773
-2.753 18.736 -29.691
-4.334 19.137 -33.217

-7.578 17.622 -31.79
-11.313 18.386 -31.995
-13.683 18.544 -28.991
-17.466 19.001 -28.65
-20.131 19.402 -25.91

-21.257 16.038 -24.476
-24.923 16.743 -25.497
-23.731 16.722 -29.178
-22.178 13.179 -28.839
-25.228 11.354 -30.322
-25.57 14.044 -33.093
-21.852 13.682 -34.021
-21.815 9.829 -34.037
-25.045 9.774 -36.128
-23.507 12.176 -38.75
-20.093 10.348 -38.803

-21.793 6.948 -39.527
-22.962 8.546 -42.834
-19.328 9.196 -43.991
-17.677 6.563 -46.261
-14.251 5.2 -45.121

-14.46 6.789 -41.562
-14.765 4.819 -38.279
-15.142 6.964 -35.114
-15.663 4.659 -32.101

-18.218 6.249 -29.657
-17.862 6.903 -25.912
-18.35 3.469 -24.195
-21.794 2.549 -22.772
-20.235 2.829 -19.255
-19.534 6.58 -19.812
-22.964 7.196 -21.431
-24.623 5.531 -18.378
-22.42 7.523 -15.909

-23.028 10.919 -17.654
-26.668 10.153 -18.714
-27.851 13.482 -17.123

-25.214 15.594 -18.963
-26 13.8 -22.296
-29.631 15.147 -21.909

-29.014 18.802 -20.797
-28.522 21.656 -23.337
-27.494 23.803 -20.296
-24.374 24.206 -18.108
-26.03 23.63 -14.722
-23.195 22.587 -12.38
-23.731 19.355 -10.334

-27.219 19.392 -8.694
-26.798 20.208 -4.988
-26.578 17.032 -2.906
-29.814 16.999 -0.82
-29.276 16.946 2.956
-30.305 13.551 4.343

-32.727 13.25 7.268
-30.389 11.851 9.975
-33.077 12.019 12.787
-33.159 8.159 12.923
-29.32 8.149 13.454
-27.82 8.306 16.969

-27.52 12.074 17.913
-23.991 11.509 19.371
-22.796 10.469 15.867
-24.731 13.185 13.93
-23.402 16.008 16.22
-19.738 14.82 15.861

-19.687 14.822 11.995
-17.445 17.587 10.586

-19.106 19.692 7.763
-17.231 17.783 4.996
-18.064 14.402 6.666
-21.796 15.407 6.677
-21.562 16.318 2.947
-19.943 12.855 2.346
-22.788 11.075 4.244
-25.363 13.084 2.191
-23.555 12.165 -1.104
-23.43 8.459 -0.115
-27.196 8.491 0.728
-28.024 10.343 -2.565

-25.973 7.645 -4.472
-28.214 5.048 -2.67
-25.512 3.7 -0.27

-23.352 2.353 -3.174
-19.956 4.118 -3.237
-16.209 4.012 -2.721
-15.295 6.541 0.021

-11.694 7.195 -1.128

-11.135 10.189 1.225
-7.504 10.605 2.377

-6.048 8.715 5.398
-7.361 9.956 8.784
-10.233 12.169 7.374
-12.706 9.981 9.408

-13.844 7.354 6.831
-15.012 5.081 9.734
-17.363 7.714 11.316
-18.876 8.506 7.854
-19.282 4.738 7.09
-21.02 4.042 10.461
-23.415 6.996 9.798
-24.247 5.855 6.195
-24.846 2.277 7.463
-26.955 3.52 10.461
-29.227 5.531 8.078

-29.9 2.058 6.507

-30.384 0.293 9.981
-33.886 -0.857 8.77
-32.05 -2.956 6.062
-29.626 -4.868 8.41
-27.981 -7.413 9.17

-24.774 -5.448 8.488
-21.551 -7.137 7.269
-18.235 -5.328 7.997
-15.132 -6.739 6.223
-11.829 -5.357 7.603

-8.05 -6.016 7.986
-7.416 -8.82 10.567
-5.856 -6.305 13.093
-8.689 -3.64 13.199

-11.758 -5.868 14.003
-11.895 -4.753 17.675
-11.154 -1.102 16.63
-14.365 -1.304 14.506
-16.414 -2.897 17.375
-15.268 -0.08 19.729
-16.109 2.476 16.969
-19.722 1.111 16.76
-20.082 1.14 20.611
-18.596 4.7 20.723
-20.823 6.195 17.978

-24.121 4.191 18.24
-24.851 3.95 22.056
-28.388 2.791 20.948
-26.764 -0.701 20.406
-26.03 -3.285 23.117

-22.632 -5.104 22.857
-24.638 -8.32 22.08
-25.78 -6.667 18.791

-22.091 -6.816 17.576
-20.505 -10.124 16.488
-16.681 -10.041 16.081

-15.702 -13.116 14.035
-12.316 -14.303 15.372
-12.201 -17.837 13.813
-13.405 -19.799 10.735
-15.769 -21.82 13.07
-17.788 -18.808 14.317
-21.352 -17.917 13.159
-21.075 -14.973 10.701
-24.816 -14.102 11.273
-24.919 -14.166 15.127
-25.108 -10.332 15.536
-27.08 -7.466 13.995

-23.588 -6.14 13.038
-21.065 -8.833 11.965
-17.336 -7.898 11.803
-15.009 -10.302 9.887
-11.529 -10.295 8.291

-10.658 -10.74 4.577
-8.757 -14.009 5.375
-11.833 -15.546 7.113
-14.3 -14.769 4.222

-12.926 -17.715 2.14
-13.287 -20.073 5.183
-16.843 -18.74 5.845
-18.014 -18.815 2.139
-20.731 -21.415 3.044
-22.243 -18.836 5.512
-21.955 -15.894 2.989
-25.071 -17.433 1.278
-27.188 -15.451 3.825
-28.094 -12.137 2.052
-26.367 -9.235 3.842
-28.236 -6.215 2.36

-25.704 -3.677 3.792
-21.936 -4.298 3.429
-19.007 -2.145 4.602
-15.517 -3.11 3.36

-12.662 -1.237 5.059
-9.341 -0.865 3.151

-11.066 -2.352 0.031
-7.765 -2.207 -1.968
-7.252 -5.742 -0.456
-9.774 -6.866 -3.176

-7.558 -5.436 -6.054
-6.861 -8.909 -7.611
-9.913 -10.983 -8.736
-7.994 -14.348 -8.638
-7.386 -14.116 -4.839

-9.551 -16.269 -2.508
-10.568 -13.122 -0.487
-11.832 -11.409 -3.693
-13.586 -14.593 -5.006
-15.461 -14.905 -1.648
-16.313 -11.137 -1.332
-17.465 -10.353 -4.925
-20.7 -12.523 -5.003
-21.961 -10.786 -1.799
-21.004 -7.272 -3.064
-22.893 -7.826 -6.386
-26.148 -8.927 -4.576

-26.072 -6.644 -1.465
-28.372 -3.542 -1.704

-25.826 -1.116 -0.104
-22.019 -1.347 -0.629
-19.769 1.077 1.29
-16.145 0.543 0.177
-13.427 2.479 2.088

-9.739 3.065 1.181
-6.998 5.712 1.573
-5.29 4.301 -1.537
-8.002 2.778 -3.832
-5.263 1.979 -6.345
-1.844 1.044 -4.877
0.179 1.273 -8.156
-1.96 0.815 -11.364

-5.486 1.412 -12.884
-6.145 -2.396 -13.101
-6.402 -2.518 -9.223
-9.619 -0.37 -9.379
-11.628 -2.846 -11.528
-12.904 -5.026 -8.614
-13.981 -1.892 -6.643
-15.738 -0.406 -9.758
-17.759 -3.638 -10.376
-18.545 -3.926 -6.614
-20.104 -0.383 -6.596

-21.607 -0.654 -10.172
-21.992 -4.37 -11.257
-23.172 -3.251 -14.78
-19.935 -1.29 -15.508
-17.337 -3.236 -17.592
-18.9 -6.785 -17.229
-15.576 -8.217 -18.571

-12.101 -7.019 -17.429
-10.719 -7.022 -21.032
-12.866 -3.967 -22.03
-11.565 -2.031 -18.959
-7.965 -3.199 -19.668
-8.028 -2.162 -23.384
-9.238 1.366 -22.43
-7.403 2.18 -19.142

-4.65684 0.884462 -21.2582
-4.14645 -2.42746 -19.5255
-5.50952 -3.376 -16.1043

-7.0771 -1.54175 -13.2778
-8.8769 -0.280114 -10.2046
-10.5082 -0.540054 -6.68212

-9.51223 -4.02205 -8.11012
-10.5622 -5.58905 -4.72312

-13.9182 -3.69605 -4.31612
-15.0822 -0.213054 -3.22212
-12.9922 2.21195 -1.14012

-15.0032 4.68295 1.05388
-12.0722 6.29895 3.01288
-12.4032 9.62595 1.11988
-14.6222 12.7129 1.46588
-16.7502 14.7729 -0.973123
-19.5052 17.4679 -1.05112

-19.0452 18.1849 2.72388
-20.8762 21.5829 2.62488
-23.9762 19.8069 1.16788
-23.6512 17.0929 3.87188
-23.4702 19.8609 6.56488
-26.6782 21.4989 5.19588
-28.5112 18.1039 5.08688
-27.3992 17.2809 8.67388
-28.4582 20.6789 10.1609
-31.8602 20.7289 8.34788
-33.0372 17.1199 8.88288

-30.8062 15.1179 11.3489

-28.6732 17.1759 13.7329
-28.7312 20.0699 16.2039

-25.1282 21.3119 16.7369
-23.8212 24.3129 18.7259
-20.2462 25.1479 19.6999

-18.7202 26.6319 22.9279
-18.1092 29.8359 20.9059
-21.8642 30.0849 20.0059
-23.3042 29.7149 23.5659

-20.4932 30.2099 26.1879
-18.5322 33.4449 25.3569
-17.1182 33.2079 28.9569
-15.1132 29.9399 28.5409

-11.3142 30.6339 28.5259
-9.56123 29.8999 25.2019

-7.90523 26.5299 24.4589
-4.28923 27.3779 23.4809
-2.75223 24.4879 21.4789
0.926769 23.9899 20.5319
3.28877 21.3809 19.1299
6.32977 20.6859 21.3709
9.14877 19.1319 19.3159

10.9288 16.9309 21.9069
14.6438 16.7499 21.0969

15.6278 13.5189 19.1739
19.2428 13.9899 20.5019
18.2048 11.7979 23.5239

17.1638 9.00895 21.0389
20.3018 6.82795 21.1049

21.8078 5.55495 17.8069
20.4958 1.93695 18.3479
16.8738 3.13495 18.8989
17.1508 5.46495 15.8379
18.5798 2.61995 13.6859
15.6418 0.402946 14.8709
13.0958 3.13795 13.8729
14.8928 3.53595 10.4829
14.8058 -0.290054 10.0519
11.0328 -0.599054 10.7999
10.3448 2.45295 8.53188
12.2998 0.776946 5.64488
10.5258 -2.53605 6.43588
7.02877 -0.984054 5.85188
8.11977 0.346946 2.38088

9.59977 -2.98305 1.12888
7.76977 -4.08105 -2.07612
7.91077 -7.86105 -1.54112
6.03977 -8.02205 1.84388
2.46677 -9.25005 2.35088

-0.329231 -6.86305 3.50488
-0.010231 -8.52505 6.96788
3.81177 -8.06605 7.25688
3.26077 -4.36405 6.28588
0.671769 -4.01105 9.16088
3.03977 -5.83105 11.5979
5.98877 -3.53905 10.6409
3.63777 -0.501054 11.0969
2.62277 -1.70305 14.6209
6.33777 -2.28405 15.4279
7.30777 1.23695 14.1559
4.48077 2.77595 16.2709
5.43577 0.826946 19.4689
9.16877 1.74395 18.9019
8.11877 5.43395 18.5419
6.46777 5.24495 22.0019
9.62777 3.66395 23.5709
11.9278 6.22495 21.8429
9.92877 9.19895 23.2889
9.87577 8.00295 26.9869
13.1628 9.75595 28.1239
12.2258 13.1889 26.6519
8.54077 12.8339 27.6919
9.88177 12.2859 31.2629
12.3538 15.2289 30.8759
9.42677 17.4799 29.7929
7.11477 16.3279 32.6829
9.91977 17.0959 35.1939
10.5738 20.5459 33.5689
6.82477 21.3429 34.0449
6.95177 20.3319 37.7699
10.2768 22.1969 38.3599

8.61877 25.2759 36.6769
6.13877 25.2609 39.6509
2.96977 23.9639 37.8599
0.275769 23.0109 40.3879
-1.97723 20.6619 38.2639

-1.75823 19.0669 34.7829
-2.92623 15.9909 32.8119
-0.556231 13.6289 30.9369
-2.14223 11.5619 28.1329
-0.521231 8.40695 26.6619

-1.90323 5.10595 25.1849
0.974769 2.56195 25.2399

1.10577 0.877946 28.6929
4.96877 1.07995 28.7509
4.73877 4.93695 28.5089
2.13577 5.12195 31.3529
4.29677 2.68695 33.4389
7.56177 4.66895 32.8849
5.88477 8.04795 33.7309
4.33177 6.61895 36.9699
7.66777 4.98595 37.9999
9.60977 8.28895 37.5799
6.92377 10.3019 39.4879
7.14177 7.71095 42.3529
11.0038 7.93495 42.2379

10.7158 11.7899 42.4939
8.04777 11.3579 45.2949
5.46977 13.3179 43.1929
1.86577 12.6309 44.2619

-0.137231 11.6399 41.1509
-3.22223 9.67195 39.9849
-3.30023 6.95495 37.2689
-6.30223 5.85395 35.1249

-6.03623 3.13195 32.4269
-7.86923 0.0359461 31.0129
-7.29123 -1.88105 34.3219
-8.72523 0.867946 36.6379
-12.2382 -0.137054 37.8269
-15.4012 1.95895 37.1709
-15.7742 3.06695 40.8589

-12.0162 3.70895 41.4459
-12.0252 5.93395 38.2789
-14.5862 8.26595 39.9429
-12.7372 8.21095 43.3269
-9.30123 8.99895 41.7189
-11.0422 11.7679 39.6959
-12.3762 13.2559 42.9959
-8.89923 12.8729 44.6489
-7.25123 14.8889 41.7809
-10.0992 17.4889 41.8309
-10.1732 18.0529 45.6419

-6.54023 17.3899 46.7759
-3.95623 20.1719 46.0899
-1.15323 17.5439 46.5399
-1.96423 15.5399 43.3619
0.004769 17.5209 40.7409

-0.137231 14.9969 37.8279
-2.89723 12.8259 36.3489
-1.43523 9.96395 34.2189
-4.29123 9.05395 31.8459
-4.86523 6.52595 29.0579

-6.17723 8.42195 25.9569
-8.60623 5.51195 25.2479
-9.66923 4.66295 28.8449
-10.1562 8.25695 30.2119
-11.8782 9.78595 27.0789
-15.3392 9.31195 28.7669
-17.3372 10.2679 31.9179
-14.5702 12.0339 33.9129
-14.1212 15.8059 34.5979
-10.6682 17.3489 35.3069
-11.5052 21.0839 35.7529
-8.79523 21.4159 38.5059
-6.01123 21.3509 35.8329
-5.12723 24.1559 33.3359

-2.68023 22.0789 31.1939
-2.98923 18.9149 29.0519
0.177769 17.1479 27.7669
-0.199231 14.5149 25.0229

2.96077 12.3919 25.4669
1.75177 10.3719 22.4359
-0.259231 11.1749 19.2879
-3.45223 9.20995 18.4919
-4.53823 8.65595 14.8249
-8.18423 9.62795 15.5699

-8.72423 13.4049 16.2179
-12.1972 12.8569 17.7809
-10.4962 10.9899 20.7009
-7.87723 13.7859 21.1159
-10.7142 16.4139 21.2699
-12.5942 14.1739 23.8049
-9.41623 14.1669 25.9849
-8.94223 18.0179 25.7529

-12.6402 18.4929 26.7709
-11.9662 16.6459 30.0549
-10.3452 19.9259 31.3199
-12.2772 22.4479 29.1749
-15.6612 21.9549 30.9989
-18.2012 24.1289 32.8819
-16.2772 25.0709 36.0789
-12.9692 25.8429 34.2569
-11.7402 29.4429 34.9709
-8.21823 29.3739 33.3579
-7.11523 29.3369 29.6719

-6.49323 25.6559 28.8489
-3.00323 24.8349 27.5169
-2.74123 21.7839 25.1819
0.819769 20.5319 24.4409
1.32377 17.8479 21.7289
4.74377 16.1529 22.2369
6.27677 15.1369 18.8339

9.66577 13.6369 17.8119
11.3668 14.1559 14.3829
12.4728 10.7909 12.8589
9.44977 8.81595 14.2769
5.77777 7.81595 13.6509

4.76577 11.3999 14.7299
6.08477 12.7439 11.3459
3.30477 10.7359 9.53588
0.605769 10.8129 12.2699
0.569769 14.6269 12.6899
-0.241231 15.4689 8.97588
-2.82623 12.5819 9.02588
-4.53523 14.0189 12.1699
-4.52223 17.5319 10.5529
-6.21523 16.4489 7.27088
-8.81623 14.5239 9.38588
-9.65823 17.6589 11.5049
-10.0182 19.6509 8.23288
-12.4912 17.0059 6.86788
-14.4132 17.2719 10.1999
-14.3982 21.1359 10.0359
-15.6252 21.2199 6.36588

-18.4982 18.8979 7.48288
-19.2982 21.4399 10.3279
-18.2222 18.8389 12.9719
-15.2022 20.7459 14.4479
-14.0272 24.3609 15.0199
-10.5692 22.9219 15.7549
-8.09523 24.0579 13.1099
-4.65523 22.3859 13.5829
-2.77023 24.1919 10.6939

-1.76423 27.2809 12.7759
0.283769 25.0919 15.2189
2.63077 23.7749 12.4399
3.48177 27.1719 10.8809

4.74677 28.1309 14.4109
7.23177 25.1579 14.8339

End chain 1
