-13.201 -6.296 -53.957
-10.703 -3.406 -53.291
-9.54 -3.087 -49.639
-11.02 0.322 -48.639
-8.614 1.85 -46.053
-10.787 3.126 -43.162

-9.634 6.195 -41.181
-10.061 4.9 -37.589
-10.286 6.838 -34.306
-12.195 7.103 -30.979
-14.163 9.439 -28.711
-12.619 10.223 -25.263
-14.157 12.207 -22.344

-11.943 15.248 -21.466
-14.301 16.978 -18.949
-17.827 16.65 -17.399
-19.139 18.761 -20.353

-16.752 17.96 -23.312
-15.482 14.956 -25.281
-12.62 14.751 -27.824
-12.437 12.939 -31.204
-8.982 11.264 -31.393
-8.672 10.357 -35.1

-6.282 10.744 -38.079
-6.98 13.557 -40.6
-9.895 13.022 -43.051

-11.208 15.853 -45.293
-14.92 14.856 -45.011
-14.611 14.37 -41.226
-13.015 17.857 -40.827
-15.875 19.254 -42.999
-18.403 17.482 -40.669
-16.559 18.759 -37.515
-16.844 22.341 -38.957

-20.697 21.797 -39.029
-20.861 21.033 -35.24
-22.116 23.933 -33.104
-20.016 23.255 -29.939
-16.791 22.621 -31.971

-13.393 23.436 -30.391
-10.011 22.816 -32.063
-6.805 22.812 -29.99

-3.883 23.919 -32.209
-1.328 22.314 -29.773
-2.753 18.736 -29.691
-4.334 19.137 -33.217

-7.578 17.622 -31.79
-11.313 18.386 -31.995
-13.683 18.544 -28.991
-17.466 19.001 -28.65
-20.131 19.402 -25.91

-21.257 16.038 -24.476
-24.923 16.743 -25.497
-23.731 16.722 -29.178
-22.178 13.179 -28.839
-25.228 11.354 -30.322
-25.57 14.044 -33.093
-21.852 13.682 -34.021
-21.815 9.829 -34.037
-25.045 9.774 -36.128
-23.507 12.176 -38.75
-20.093 10.348 -38.803

-21.793 6.948 -39.527
-22.962 8.546 -42.834
-19.328 9.196 -43.991
-17.677 6.563 -46.261
-14.251 5.2 -45.121

-14.46 6.789 -41.562
-14.765 4.819 -38.279
-15.142 6.964 -35.114
-15.663 4.659 -32.101

-18.218 6.249 -29.657
-17.862 6.903 -25.912
-18.35 3.469 -24.195
-21.794 2.549 -22.772
-20.235 2.829 -19.255
-19.534 6.58 -19.812
-22.964 7.196 -21.431
-24.623 5.531 -18.378
-22.42 7.523 -15.909

-23.028 10.919 -17.654
-26.668 10.153 -18.714
-27.851 13.482 -17.123

-25.214 15.594 -18.963
-26 13.8 -22.296
-29.631 15.147 -21.909

-29.014 18.802 -20.797
-28.522 21.656 -23.337
-27.494 23.803 -20.296
-24.374 24.206 -18.108
-26.03 23.63 -14.722
-23.195 22.587 -12.38
-23.731 19.355 -10.334

-27.219 19.392 -8.694
-26.798 20.208 -4.988
-26.578 17.032 -2.906
-29.814 16.999 -0.82
-29.276 16.946 2.956
-30.305 13.551 4.343

-32.727 13.25 7.268
-30.389 11.851 9.975
-33.077 12.019 12.787
-33.159 8.159 12.923
-29.32 8.149 13.454
-27.82 8.306 16.969

-27.52 12.074 17.913
-23.991 11.509 19.371
-22.796 10.469 15.867
-24.731 13.185 13.93
-23.402 16.008 16.22
-19.738 14.82 15.861

-19.687 14.822 11.995
-17.445 17.587 10.586

-19.106 19.692 7.763
-17.231 17.783 4.996
-18.064 14.402 6.666
-21.796 15.407 6.677
-21.562 16.318 2.947
-19.943 12.855 2.346
-22.788 11.075 4.244
-25.363 13.084 2.191
-23.555 12.165 -1.104
-23.43 8.459 -0.115
-27.196 8.491 0.728
-28.024 10.343 -2.565

-25.973 7.645 -4.472
-28.214 5.048 -2.67
-25.512 3.7 -0.27

-23.352 2.353 -3.174
-19.956 4.118 -3.237
-16.209 4.012 -2.721
-15.295 6.541 0.021

-11.694 7.195 -1.128

-11.135 10.189 1.225
-7.504 10.605 2.377

-6.048 8.715 5.398
-7.361 9.956 8.784
-10.233 12.169 7.374
-12.706 9.981 9.408

-13.844 7.354 6.831
-15.012 5.081 9.734
-17.363 7.714 11.316
-18.876 8.506 7.854
-19.282 4.738 7.09
-21.02 4.042 10.461
-23.415 6.996 9.798
-24.247 5.855 6.195
-24.846 2.277 7.463
-26.955 3.52 10.461
-29.227 5.531 8.078

-29.9 2.058 6.507

-30.384 0.293 9.981
-33.886 -0.857 8.77
-32.05 -2.956 6.062
-29.626 -4.868 8.41
-27.981 -7.413 9.17

-24.774 -5.448 8.488
-21.551 -7.137 7.269
-18.235 -5.328 7.997
-15.132 -6.739 6.223
-11.829 -5.357 7.603

-8.05 -6.016 7.986
-7.416 -8.82 10.567
-5.856 -6.305 13.093
-8.689 -3.64 13.199

-11.758 -5.868 14.003
-11.895 -4.753 17.675
-11.154 -1.102 16.63
-14.365 -1.304 14.506
-16.414 -2.897 17.375
-15.268 -0.08 19.729
-16.109 2.476 16.969
-19.722 1.111 16.76
-20.082 1.14 20.611
-18.596 4.7 20.723
-20.823 6.195 17.978

-24.121 4.191 18.24
-24.851 3.95 22.056
-28.388 2.791 20.948
-26.764 -0.701 20.406
-26.03 -3.285 23.117

-22.632 -5.104 22.857
-24.638 -8.32 22.08
-25.78 -6.667 18.791

-22.091 -6.816 17.576
-20.505 -10.124 16.488
-16.681 -10.041 16.081

-15.702 -13.116 14.035
-12.316 -14.303 15.372
-12.201 -17.837 13.813
-13.405 -19.799 10.735
-15.769 -21.82 13.07
-17.788 -18.808 14.317
-21.352 -17.917 13.159
-21.075 -14.973 10.701
-24.816 -14.102 11.273
-24.919 -14.166 15.127
-25.108 -10.332 15.536
-27.08 -7.466 13.995

-23.588 -6.14 13.038
-21.065 -8.833 11.965
-17.336 -7.898 11.803
-15.009 -10.302 9.887
-11.529 -10.295 8.291

-10.658 -10.74 4.577
-8.757 -14.009 5.375
-11.833 -15.546 7.113
-14.3 -14.769 4.222

-12.926 -17.715 2.14
-13.287 -20.073 5.183
-16.843 -18.74 5.845
-18.014 -18.815 2.139
-20.731 -21.415 3.044
-22.243 -18.836 5.512
-21.955 -15.894 2.989
-25.071 -17.433 1.278
-27.188 -15.451 3.825
-28.094 -12.137 2.052
-26.367 -9.235 3.842
-28.236 -6.215 2.36

-25.704 -3.677 3.792
-21.936 -4.298 3.429
-19.007 -2.145 4.602
-15.517 -3.11 3.36

-12.662 -1.237 5.059
-9.341 -0.865 3.151

-11.066 -2.352 0.031
-7.765 -2.207 -1.968
-7.252 -5.742 -0.456
-9.774 -6.866 -3.176

-7.558 -5.436 -6.054
-6.861 -8.909 -7.611
-9.913 -10.983 -8.736
-7.994 -14.348 -8.638
-7.386 -14.116 -4.839

-9.551 -16.269 -2.508
-10.568 -13.122 -0.487
-11.832 -11.409 -3.693
-13.586 -14.593 -5.006
-15.461 -14.905 -1.648
-16.313 -11.137 -1.332
-17.465 -10.353 -4.925
-20.7 -12.523 -5.003
-21.961 -10.786 -1.799
-21.004 -7.272 -3.064
-22.893 -7.826 -6.386
-26.148 -8.927 -4.576

-26.2837 -7.3802 -1.15763
-26.8825 -4.96557 1.69601

-29.4867 -7.12676 3.33023
-32.6897 -8.97266 3.62745
-31.2164 -11.8415 5.59547
-33.047 -15.0583 6.51113
-36.7817 -14.6536 5.5741

-33.0937 -14.0676 4.6671
-30.3527 -11.4206 5.0591
-28.6447 -12.8316 1.9491
-31.3567 -14.3546 -0.345898
-28.6177 -15.1536 -2.8589
-25.1987 -16.0886 -1.3909
-23.1757 -15.8596 -4.6699
-25.3147 -16.3176 -7.8779

-28.8407 -15.7206 -9.3979
-29.4997 -19.5286 -9.6149
-29.7567 -19.6506 -5.7369
-32.9737 -17.5026 -5.8929
-34.9827 -19.9786 -8.0419
-36.2587 -22.1586 -5.1279
-37.3357 -19.0246 -3.1569
-39.0927 -17.5386 -6.2719
-41.1137 -20.7706 -6.8899
-41.8997 -21.0586 -3.1279
-43.4587 -17.5156 -3.1099

-44.9617 -17.7866 -6.6859
-45.3467 -21.5026 -7.7709
-46.5267 -20.3836 -11.2939
-43.2897 -18.4226 -12.0219
-40.6917 -20.3686 -14.1059
-42.2547 -23.9176 -13.7429
-38.9307 -25.3496 -15.0849

-35.4557 -24.1516 -13.9429
-34.0737 -24.1546 -17.5459
-36.2207 -21.0996 -18.5439
-34.9197 -19.1636 -15.4729
-31.3197 -20.3316 -16.1819
-31.3827 -19.2946 -19.8979
-32.5927 -15.7666 -18.9439
-30.7577 -14.9526 -15.6559

-27.8647 -17.4836 -15.2779
-26.2057 -17.0006 -18.7559
-26.8537 -20.7096 -19.3719

-24.2767 -22.3566 -21.7029
-24.5257 -25.7046 -23.5449
-21.2457 -27.5476 -22.7879

-20.2497 -31.0296 -24.2159
-21.2997 -32.5966 -20.8289

-24.6557 -30.7036 -20.4219
-25.8197 -27.2206 -19.3279
-23.7297 -24.7956 -17.2459

-25.7407 -22.3246 -15.0519
-22.8097 -20.7086 -13.0929
-23.1407 -17.3816 -14.9859
-25.3597 -14.2946 -14.6399
-27.4877 -12.2346 -17.0789
-30.2427 -9.53962 -17.1569

-29.7827 -8.82262 -13.3819
-31.6137 -5.42462 -13.4809
-34.7137 -7.20062 -14.9379
-34.3887 -9.91462 -12.2339
-34.2077 -7.14662 -9.5409
-37.4157 -5.50862 -10.9099
-39.2487 -8.90362 -11.0189
-38.1367 -9.72662 -7.4319
-39.1957 -6.32862 -5.9449
-42.5977 -6.27862 -7.7579
-43.7747 -9.88762 -7.2229

-41.5437 -11.8896 -4.7569

-39.4107 -9.83162 -2.3729
-39.4687 -6.93762 0.0981024

-35.8657 -5.69562 0.631102
-34.5587 -2.69462 2.6201
-30.9837 -1.85962 3.5941

-29.4577 -0.375623 6.8221
-28.8467 2.82838 4.8001
-32.6017 3.07738 3.9001
-34.0417 2.70738 7.4601

-31.2307 3.20238 10.0821
-29.2697 6.43738 9.2511
-27.8557 6.20038 12.8511
-25.8507 2.93238 12.4351

-22.0517 3.62638 12.4201
-20.2987 2.89238 9.0961

-18.6427 -0.477623 8.3531
-15.0267 0.370377 7.3751
-13.4897 -2.51962 5.3731
-9.81071 -3.01762 4.4261
-7.44871 -5.62662 3.0241
-4.40771 -6.32162 5.2651
-1.58871 -7.87562 3.2101

0.191289 -10.0766 5.8011
3.90629 -10.2576 4.9911

4.89029 -13.4886 3.0681
8.50529 -13.0176 4.3961
7.46729 -15.2096 7.4181

6.42629 -17.9986 4.9331
9.56429 -20.1796 4.9991

11.0703 -21.4526 1.7011
9.75829 -25.0706 2.2421
6.13629 -23.8726 2.7931
6.41329 -21.5426 -0.267898
7.84229 -24.3876 -2.4199
4.90429 -26.6046 -1.2349
2.35829 -23.8696 -2.2329
4.15529 -23.4716 -5.6229
4.06829 -27.2976 -6.0539
0.295289 -27.6066 -5.3059
-0.392711 -24.5546 -7.5739
1.56229 -26.2306 -10.4609
-0.211711 -29.5436 -9.6699
-3.70871 -27.9916 -10.2539
-2.61771 -26.6606 -13.7249

-1.13771 -29.9906 -14.9769
-2.96771 -31.0886 -18.1819
-2.82671 -34.8686 -17.6469
-4.69771 -35.0296 -14.2619
-8.27071 -36.2576 -13.7549

-11.0667 -33.8706 -12.6009
-10.7477 -35.5326 -9.1379
-6.92571 -35.0736 -8.8489
-7.47671 -31.3716 -9.8199
-10.0657 -31.0186 -6.9449
-7.69771 -32.8386 -4.5079
-4.74871 -30.5466 -5.4649
-7.09971 -27.5086 -5.0089
-8.11471 -28.7106 -1.4849
-4.39971 -29.2916 -0.677898
-3.42971 -25.7706 -1.9499
-6.25671 -24.2316 0.165102
-5.30171 -26.1806 3.3631
-1.56871 -25.2636 2.7961
-2.61871 -21.5736 2.4361
-4.26971 -21.7626 5.8961
-1.10971 -23.3436 7.4651
1.19029 -20.7826 5.7371
-0.808711 -17.8086 7.1831
-0.861711 -19.0046 10.8811
2.42529 -17.2516 12.0181
1.48829 -13.8186 10.5461
-2.19671 -14.1736 11.5861
-0.855711 -14.7216 15.1571
1.61629 -11.7786 14.7701
-1.31071 -9.52762 13.6871
-3.62271 -10.6796 16.5771
-0.817711 -9.91162 19.0881
-0.163711 -6.46162 17.4631
-3.91271 -5.66462 17.9391
-3.78571 -6.67562 21.6641
-0.460711 -4.81062 22.2541

-2.11871 -1.73162 20.5711
-4.59871 -1.74662 23.5451
-7.76771 -3.04362 21.7541
-10.4617 -3.99662 24.2821
-12.7147 -6.34562 22.1581

-12.4957 -7.94062 18.6771
-13.6637 -11.0166 16.7061
-11.2937 -13.3786 14.8311
-12.8797 -15.4456 12.0271
-11.2587 -18.6006 10.5561

-12.6407 -21.9016 9.0791
-9.76271 -24.4456 9.1341

-9.63171 -26.1296 12.5871
-5.76871 -25.9276 12.6451
-5.99871 -22.0706 12.4031
-8.60171 -21.8856 15.2471
-6.44071 -24.3206 17.3331
-3.17571 -22.3386 16.7791
-4.85271 -18.9596 17.6251
-6.40571 -20.3886 20.8641
-3.06971 -22.0216 21.8941
-1.12771 -18.7186 21.4741
-3.81371 -16.7056 23.3821
-3.59571 -19.2966 26.2471
0.266289 -19.0726 26.1321

-0.0217106 -15.2176 26.3881
-2.68971 -15.6496 29.1891
-5.26771 -13.6896 27.0871
-8.87171 -14.3766 28.1561

-10.8747 -15.3676 25.0451
-13.9597 -17.3356 23.8791
-14.0377 -20.0526 21.1631
-17.0397 -21.1536 19.0191

-16.7737 -23.8756 16.3211
-18.6067 -26.9716 14.9071
-18.0287 -28.8886 18.2161
-19.4627 -26.1396 20.5321
-22.9757 -27.1446 21.7211
-26.1387 -25.0486 21.0651
-26.5117 -23.9406 24.7531

-22.7537 -23.2986 25.3401
-22.7627 -21.0736 22.1731
-25.3237 -18.7416 23.8371
-23.4747 -18.7966 27.2211
-20.0387 -18.0086 25.6131
-21.7797 -15.2396 23.5901
-23.1137 -13.7516 26.8901
-19.6367 -14.1346 28.5431
-17.9887 -12.1186 25.6751
-20.8367 -9.51862 25.7251
-20.9107 -8.95462 29.5361

-17.2777 -9.61762 30.6701
-14.6937 -6.83562 29.9841
-11.8907 -9.46362 30.4341
-12.7017 -11.4676 27.2561
-10.7327 -9.48662 24.6351

-10.8747 -12.0106 21.7221
-13.6347 -14.1816 20.2431
-12.1727 -17.0436 18.1131
-15.0287 -17.9536 15.7401
-15.6027 -20.4816 12.9521

-16.9147 -18.5856 9.8511
-19.3437 -21.4956 9.1421
-20.4067 -22.3446 12.7391
-20.8937 -18.7506 14.1061
-22.6157 -17.2216 10.9731
-26.0767 -17.6956 12.6611
-28.0747 -16.7396 15.8121
-25.3077 -14.9736 17.8071
-24.8587 -11.2016 18.4921
-21.4057 -9.65862 19.2011
-22.2427 -5.92362 19.6471
-19.5327 -5.59162 22.4001
-16.7487 -5.65662 19.7271
-15.8647 -2.85162 17.2301

-13.4177 -4.92862 15.0881
-13.7267 -8.09262 12.9461
-10.5597 -9.85962 11.6611
-10.9367 -12.4926 8.9171

-7.77671 -14.6156 9.3611
-8.98571 -16.6356 6.3301
-10.9967 -15.8326 3.1821
-14.1897 -17.7976 2.3861
-15.2757 -18.3516 -1.2809
-18.9217 -17.3796 -0.535898

-19.4617 -13.6026 0.112102
-22.9347 -14.1506 1.6751
-21.2337 -16.0176 4.5951
-18.6147 -13.2216 5.0101
-21.4517 -10.5936 5.1641
-23.3317 -12.8336 7.6991
-20.1537 -12.8406 9.8791
-19.6797 -8.98962 9.6471

-23.3777 -8.51462 10.6651
-22.7037 -10.3616 13.9491
-21.0827 -7.08162 15.2141
-23.0147 -4.55962 13.0691
-26.3987 -5.05262 14.8931
-28.9387 -2.87862 16.7761
-27.0147 -1.93662 19.9731
-23.7067 -1.16462 18.1511
-22.4777 2.43538 18.8651
-18.9557 2.36638 17.2521
-17.8527 2.32938 13.5661

-17.2307 -1.35162 12.7431
-13.7407 -2.17262 11.4111
-13.4787 -5.22362 9.0761
-9.91771 -6.47562 8.3351
-9.41371 -9.15962 5.6231
-5.99371 -10.8546 6.1311
-4.46071 -11.8706 2.7281

-1.07171 -13.3706 1.7061
0.629289 -12.8516 -1.7229
1.73529 -16.2166 -3.2469
-1.28771 -18.1916 -1.8289
-4.95971 -19.1916 -2.4549

-5.97171 -15.6076 -1.3759
-4.65271 -14.2636 -4.7599
-7.43271 -16.2716 -6.5699
-10.1317 -16.1946 -3.8359
-10.1677 -12.3806 -3.4159
-10.9787 -11.5386 -7.1299
-13.5637 -14.4256 -7.0799
-15.2727 -12.9886 -3.9359
-15.2597 -9.47562 -5.5529
-16.9527 -10.5586 -8.8349
-19.5537 -12.4836 -6.7199
-20.3957 -9.34862 -4.6009
-20.7557 -7.35662 -7.8729
-23.2287 -10.0016 -9.2379
-25.1507 -9.73562 -5.9059
-25.1357 -5.87162 -6.0699
-26.3627 -5.78762 -9.7399

-29.2357 -8.10962 -8.6229
-30.0357 -5.56762 -5.7779
-28.9597 -8.16862 -3.1339
-25.9397 -6.26162 -1.6579
-24.7647 -2.64662 -1.0859
-21.3067 -4.08562 -0.350898
-18.8327 -2.94962 -2.9959
-15.3927 -4.62162 -2.5229
-13.5077 -2.81562 -5.4119

-12.5017 0.273377 -3.3299
-10.4537 -1.91562 -0.886898
-8.10671 -3.23262 -3.6659
-7.25571 0.164377 -5.2249

-5.99071 1.12338 -1.6949
-3.50571 -1.84962 -1.2719

End chain 1
