-13.201 -6.296 -53.957
-10.703 -3.406 -53.291
-9.54 -3.087 -49.639
-11.02 0.322 -48.639
-8.614 1.85 -46.053
-10.787 3.126 -43.162

-9.634 6.195 -41.181
-10.061 4.9 -37.589
-10.286 6.838 -34.306
-12.195 7.103 -30.979
-14.163 9.439 -28.711
-12.619 10.223 -25.263
-14.157 12.207 -22.344

-11.943 15.248 -21.466
-14.301 16.978 -18.949
-17.827 16.65 -17.399
-19.139 18.761 -20.353

-16.752 17.96 -23.312
-15.482 14.956 -25.281
-12.62 14.751 -27.824
-12.437 12.939 -31.204
-8.982 11.264 -31.393
-8.672 10.357 -35.1

-6.282 10.744 -38.079
-6.98 13.557 -40.6
-9.895 13.022 -43.051

-11.208 15.853 -45.293
-14.92 14.856 -45.011
-14.611 14.37 -41.226
-13.015 17.857 -40.827
-15.875 19.254 -42.999
-18.403 17.482 -40.669
-16.559 18.759 -37.515
-16.844 22.341 -38.957

-20.697 21.797 -39.029
-20.861 21.033 -35.24
-22.116 23.933 -33.104
-20.016 23.255 -29.939
-16.791 22.621 -31.971

-13.393 23.436 -30.391
-10.011 22.816 -32.063
-6.805 22.812 -29.99

-3.883 23.919 -32.209
-1.328 22.314 -29.773
-2.753 18.736 -29.691
-4.334 19.137 -33.217

-7.578 17.622 -31.79
-11.313 18.386 -31.995
-13.683 18.544 -28.991
-17.466 19.001 -28.65
-20.131 19.402 -25.91

-21.257 16.038 -24.476
-24.923 16.743 -25.497
-23.731 16.722 -29.178
-22.178 13.179 -28.839
-25.228 11.354 -30.322
-25.57 14.044 -33.093
-21.852 13.682 -34.021
-21.815 9.829 -34.037
-25.045 9.774 -36.128
-23.507 12.176 -38.75
-20.093 10.348 -38.803

-21.793 6.948 -39.527
-22.962 8.546 -42.834
-19.328 9.196 -43.991
-17.677 6.563 -46.261
-14.251 5.2 -45.121

-14.46 6.789 -41.562
-14.765 4.819 -38.279
-15.142 6.964 -35.114
-15.663 4.659 -32.101

-18.218 6.249 -29.657
-17.862 6.903 -25.912
-18.35 3.469 -24.195
-21.794 2.549 -22.772
-20.235 2.829 -19.255
-19.534 6.58 -19.812
-22.964 7.196 -21.431
-24.623 5.531 -18.378
-22.42 7.523 -15.909

-23.028 10.919 -17.654
-26.668 10.153 -18.714
-27.851 13.482 -17.123

-25.214 15.594 -18.963
-26 13.8 -22.296
-29.631 15.147 -21.909

-29.014 18.802 -20.797
-28.522 21.656 -23.337
-27.494 23.803 -20.296
-24.374 24.206 -18.108
-26.03 23.63 -14.722
-23.195 22.587 -12.38
-23.731 19.355 -10.334

-27.219 19.392 -8.694
-26.798 20.208 -4.988
-26.578 17.032 -2.906
-29.814 16.999 -0.82
-29.276 16.946 2.956
-30.305 13.551 4.343

-32.727 13.25 7.268
-30.389 11.851 9.975
-33.077 12.019 12.787
-33.159 8.159 12.923
-29.32 8.149 13.454
-27.82 8.306 16.969

-27.52 12.074 17.913
-23.991 11.509 19.371
-22.796 10.469 15.867
-24.731 13.185 13.93
-23.402 16.008 16.22
-19.738 14.82 15.861

-19.687 14.822 11.995
-17.445 17.587 10.586

-19.106 19.692 7.763
-17.231 17.783 4.996
-18.064 14.402 6.666
-21.796 15.407 6.677
-21.562 16.318 2.947
-19.943 12.855 2.346
-22.788 11.075 4.244
-25.363 13.084 2.191
-23.555 12.165 -1.104
-23.43 8.459 -0.115
-27.196 8.491 0.728
-28.024 10.343 -2.565

-25.973 7.645 -4.472
-28.214 5.048 -2.67
-25.512 3.7 -0.27

-23.352 2.353 -3.174
-19.956 4.118 -3.237
-16.209 4.012 -2.721
-15.295 6.541 0.021

-11.694 7.195 -1.128

-11.135 10.189 1.225
-7.504 10.605 2.377

-6.048 8.715 5.398
-7.361 9.956 8.784
-10.233 12.169 7.374
-12.706 9.981 9.408

-13.844 7.354 6.831
-15.012 5.081 9.734
-17.363 7.714 11.316
-18.876 8.506 7.854
-19.282 4.738 7.09
-21.02 4.042 10.461
-23.415 6.996 9.798
-24.247 5.855 6.195
-24.846 2.277 7.463
-26.955 3.52 10.461
-29.227 5.531 8.078

-29.9 2.058 6.507

-30.384 0.293 9.981
-33.886 -0.857 8.77
-32.05 -2.956 6.062
-29.626 -4.868 8.41
-27.981 -7.413 9.17

-24.774 -5.448 8.488
-21.551 -7.137 7.269
-18.235 -5.328 7.997
-15.132 -6.739 6.223
-11.829 -5.357 7.603

-8.05 -6.016 7.986
-7.416 -8.82 10.567
-5.856 -6.305 13.093
-8.689 -3.64 13.199

-11.758 -5.868 14.003
-11.895 -4.753 17.675
-11.154 -1.102 16.63
-14.365 -1.304 14.506
-16.414 -2.897 17.375
-15.268 -0.08 19.729
-16.109 2.476 16.969
-19.722 1.111 16.76
-20.082 1.14 20.611
-18.596 4.7 20.723
-20.823 6.195 17.978

-24.121 4.191 18.24
-24.851 3.95 22.056
-28.388 2.791 20.948
-26.764 -0.701 20.406
-26.03 -3.285 23.117

-22.632 -5.104 22.857
-24.638 -8.32 22.08
-25.78 -6.667 18.791

-22.091 -6.816 17.576
-20.505 -10.124 16.488
-16.681 -10.041 16.081

-15.702 -13.116 14.035
-12.316 -14.303 15.372
-12.201 -17.837 13.813
-13.405 -19.799 10.735
-15.769 -21.82 13.07
-17.788 -18.808 14.317
-21.352 -17.917 13.159
-21.075 -14.973 10.701
-24.816 -14.102 11.273
-24.919 -14.166 15.127
-25.108 -10.332 15.536
-27.08 -7.466 13.995

-23.588 -6.14 13.038
-21.065 -8.833 11.965
-17.336 -7.898 11.803
-15.009 -10.302 9.887
-11.529 -10.295 8.291

-10.658 -10.74 4.577
-8.757 -14.009 5.375
-11.833 -15.546 7.113
-14.3 -14.769 4.222

-11.8523 -16.4567 1.94147
-9.42624 -18.1285 -0.314013
-6.56427 -19.5979 -2.49827
-7.1348 -22.8976 -0.798012
-5.7181 -25.7198 1.33012
-5.28464 -28.4023 -1.44963
-1.67037 -28.9546 -2.2342
0.609751 -30.2768 -4.83231
3.2216 -31.8149 -7.16007
5.0184 -30.3638 -10.0668
3.45255 -27.2125 -8.64792
2.43891 -25.074 -5.61014

3.46513 -21.676 -7.13011
3.91636 -18.1369 -8.61233
4.73426 -14.9844 -10.4625
2.8556 -11.7343 -10.3557

5.7106 -9.86132 -8.65673
9.0316 -9.48932 -10.5647

7.3066 -10.9763 -13.6847
10.6076 -10.8313 -15.6837
11.1206 -14.3663 -14.1717
8.5986 -15.4903 -16.8917

10.8146 -14.0603 -19.7697
11.5116 -17.5333 -21.3267
8.4596 -19.6073 -22.4517
10.3786 -22.9723 -22.3537
10.9866 -22.7403 -18.5547

8.8216 -24.8933 -16.2237
7.8046 -21.7463 -14.2027
6.5406 -20.0333 -17.4087
4.7866 -23.2173 -18.7217
2.9116 -23.5293 -15.3637
2.0596 -19.7613 -15.0477
0.907605 -18.9773 -18.6407
-2.3274 -21.1473 -18.7187
-3.5884 -19.4103 -15.5147
-2.6314 -15.8963 -16.7797
-4.5204 -16.4503 -20.1017
-7.7754 -17.5513 -18.2917

-7.6994 -15.2683 -15.1807
-9.9994 -12.1663 -15.4197

-7.4534 -9.74032 -13.8197
-3.6464 -9.97132 -14.3447
-1.3964 -7.54732 -12.4257
2.2276 -8.08132 -13.5387
4.9456 -6.14532 -11.6277

8.6336 -5.55932 -12.5347
11.3746 -2.91232 -12.1427
13.0826 -4.32332 -15.2527
10.3706 -5.84632 -17.5477
13.1096 -6.64532 -20.0607
16.5286 -7.58032 -18.5927
18.5516 -7.35132 -21.8717
16.4126 -7.80932 -25.0797

12.8866 -7.21232 -26.5997
12.2276 -11.0203 -26.8167
11.9706 -11.1423 -22.9387
8.7536 -8.99432 -23.0947
6.7446 -11.4703 -25.2437
5.4686 -13.6503 -22.3297
4.3916 -10.5163 -20.3587
2.6346 -9.03032 -23.4737
0.613605 -12.2623 -24.0917
-0.172395 -12.5503 -20.3297
-1.7314 -9.00732 -20.3117

-3.2344 -9.27832 -23.8877
-3.6194 -12.9943 -24.9727
-4.7994 -11.8753 -28.4957
-1.5624 -9.91432 -29.2237
1.0356 -11.8603 -31.3077
-0.527395 -15.4093 -30.9447
2.7966 -16.8413 -32.2867

6.2716 -15.6433 -31.1447
7.6536 -15.6463 -34.7477
5.5066 -12.5913 -35.7457
6.8076 -10.6553 -32.6747
10.4076 -11.8233 -33.3837
10.3446 -10.7863 -37.0997
9.1346 -7.25832 -36.1457
10.9696 -6.44432 -32.8577

13.8626 -8.97532 -32.4797
15.5216 -8.49232 -35.9577
14.8736 -12.2013 -36.5737

17.4506 -13.8483 -38.9047
17.2016 -17.1963 -40.7467
20.4816 -19.0393 -39.9897

21.4776 -22.5213 -41.4177
20.4276 -24.0883 -38.0307

17.0716 -22.1953 -37.6237
15.9076 -18.7123 -36.5297
17.9976 -16.2873 -34.4477

15.9866 -13.8163 -32.2537
18.9176 -12.2003 -30.2947
18.5866 -8.87332 -32.1877
16.3676 -5.78632 -31.8417
14.2396 -3.72632 -34.2807
11.4846 -1.03132 -34.3587

11.9446 -0.314325 -30.5837
10.1136 3.08368 -30.6827
7.0136 1.30768 -32.1397
7.3386 -1.40632 -29.4357
7.5196 1.36168 -26.7427
4.3116 2.99968 -28.1117
2.4786 -0.395325 -28.2207
3.5906 -1.21832 -24.6337
2.5316 2.17968 -23.1467
-0.870395 2.22968 -24.9597
-2.0474 -1.37932 -24.4247

0.183605 -3.38132 -21.9587

2.3166 -1.32332 -19.5747
2.2586 1.57068 -17.1037

5.8616 2.81268 -16.5707
7.1686 5.81368 -14.5817
10.7436 6.64868 -13.6077

12.2696 8.13268 -10.3797
12.8806 11.3367 -12.4017
9.1256 11.5857 -13.3017
7.6856 11.2157 -9.74173

10.4966 11.7107 -7.11973
12.4576 14.9457 -7.95073
13.8716 14.7087 -4.35073
15.8766 11.4407 -4.76673

19.6756 12.1347 -4.78173
21.4286 11.4007 -8.10573

23.0846 8.03068 -8.84873
26.7006 8.87868 -9.82673
28.2376 5.98868 -11.8287
31.9166 5.49068 -12.7757
34.2786 2.88168 -14.1777
37.3196 2.18668 -11.9367
40.1386 0.632675 -13.9917

41.9186 -1.56832 -11.4007
45.6336 -1.74932 -12.2107

46.6176 -4.98032 -14.1337
50.2326 -4.50932 -12.8057
49.1946 -6.70132 -9.78373

48.1536 -9.49032 -12.2687
51.2916 -11.6713 -12.2027

52.7976 -12.9443 -15.5007
51.4856 -16.5623 -14.9597
47.8636 -15.3643 -14.4087
48.1406 -13.0343 -17.4697
49.5696 -15.8793 -19.6217
46.6316 -18.0963 -18.4367
44.0856 -15.3613 -19.4347
45.8826 -14.9633 -22.8247
45.7956 -18.7893 -23.2557
42.0226 -19.0983 -22.5077
41.3346 -16.0463 -24.7757
43.2896 -17.7223 -27.6627
41.5156 -21.0353 -26.8717
38.0186 -19.4833 -27.4557
39.1096 -18.1523 -30.9267

40.5896 -21.4823 -32.1787
38.7596 -22.5803 -35.3837
38.9006 -26.3603 -34.8487
37.0296 -26.5213 -31.4637
33.4566 -27.7493 -30.9567

30.6606 -25.3623 -29.8027
30.9796 -27.0243 -26.3397
34.8016 -26.5653 -26.0507
34.2506 -22.8633 -27.0217
31.6616 -22.5103 -24.1467
34.0296 -24.3303 -21.7097
36.9786 -22.0383 -22.6667
34.6276 -19.0003 -22.2107
33.6126 -20.2023 -18.6867
37.3276 -20.7833 -17.8797
38.2976 -17.2623 -19.1517
35.4706 -15.7233 -17.0367
36.4256 -17.6723 -13.8387
40.1586 -16.7553 -14.4057
39.1086 -13.0653 -14.7657
37.4576 -13.2543 -11.3057
40.6176 -14.8353 -9.73673
42.9176 -12.2743 -11.4647
40.9186 -9.30032 -10.0187
40.8656 -10.4963 -6.32073
44.1526 -8.74332 -5.18373
43.2156 -5.31032 -6.65573
39.5306 -5.66532 -5.61573
40.8716 -6.21332 -2.04473
43.3436 -3.27032 -2.43173
40.4166 -1.01932 -3.51473
38.1046 -2.17132 -0.624729
40.9096 -1.40332 1.88627
41.5636 2.04668 0.261271
37.8146 2.84368 0.737271
37.9416 1.83268 4.46227
41.2666 3.69768 5.05227

39.6086 6.77668 3.36927
37.1286 6.76168 6.34327
33.9596 5.46468 4.55227
31.2656 4.51168 7.08027
29.0126 2.16268 4.95627

29.2316 0.567675 1.47527
28.0636 -2.50832 -0.495729
30.4336 -4.87032 -2.37073
28.8476 -6.93732 -5.17473
30.4686 -10.0923 -6.64573

29.0866 -13.3933 -8.12273
31.9646 -15.9373 -8.06773

32.0956 -17.6213 -4.61473
35.9586 -17.4193 -4.55673
35.7286 -13.5623 -4.79873
33.1256 -13.3773 -1.95473
35.2866 -15.8123 0.131271
38.5516 -13.8303 -0.422729
36.8746 -10.4513 0.423271
35.3216 -11.8803 3.66227
38.6576 -13.5133 4.69227
40.5996 -10.2103 4.27227
37.9136 -8.19732 6.18027
38.1316 -10.7883 9.04527
41.9936 -10.5643 8.93027

41.7056 -6.70932 9.18627
39.0376 -7.14132 11.9873
36.4596 -5.18132 9.88527
32.8556 -5.86832 10.9543

30.8526 -6.85932 7.84327
27.7676 -8.82732 6.67727
27.6896 -11.5443 3.96127
24.6876 -12.6453 1.81727

24.9536 -15.3673 -0.880729
23.1206 -18.4633 -2.29473
23.6986 -20.3803 1.01427
22.2646 -17.6313 3.33027
18.7516 -18.6363 4.51927
15.5886 -16.5403 3.86327
15.2156 -15.4323 7.55127

18.9736 -14.7903 8.13827
18.9646 -12.5653 4.97127
16.4036 -10.2333 6.63527
18.2526 -10.2883 10.0193
21.6886 -9.50032 8.41127
19.9476 -6.73132 6.38827
18.6136 -5.24332 9.68827
22.0906 -5.62632 11.3413
23.7386 -3.61032 8.47327
20.8906 -1.01032 8.52327
20.8166 -0.446325 12.3343

24.4496 -1.10932 13.4683
27.0336 1.67268 12.7823
29.8366 -0.955325 13.2323
29.0256 -2.95932 10.0543
30.9946 -0.978325 7.43327

30.8526 -3.50232 4.52027
28.0926 -5.67332 3.04127
29.5546 -8.53532 0.911271
26.6986 -9.44532 -1.46173
26.1246 -11.9733 -4.24973

24.8126 -10.0773 -7.35073
22.3836 -12.9873 -8.05973
21.3206 -13.8363 -4.46273
20.8336 -10.2423 -3.09573
19.1116 -8.71332 -6.22873
15.6506 -9.18732 -4.54073
13.6526 -8.23132 -1.38973
16.4196 -6.46532 0.605271
16.8686 -2.69332 1.29027
20.3216 -1.15032 1.99927
19.4846 2.58468 2.44527
22.1946 2.91668 5.19827
24.9786 2.85168 2.52527
25.8626 5.65668 0.0282712

28.3096 3.57968 -2.11373
28.0006 0.415675 -4.25573
31.1676 -1.35132 -5.54073
30.7906 -3.98432 -8.28473

33.9506 -6.10732 -7.84073
32.7416 -8.12732 -10.8717
30.7306 -7.32432 -14.0197
27.5376 -9.28932 -14.8157
26.4516 -9.84332 -18.4827
22.8056 -8.87132 -17.7377

22.2656 -5.09432 -17.0897
18.7926 -5.64232 -15.5267
20.4936 -7.50932 -12.6067
23.1126 -4.71332 -12.1917
20.2756 -2.08532 -12.0377
18.3956 -4.32532 -9.50273
21.5736 -4.33232 -7.32273
22.0476 -0.481325 -7.55473

18.3496 -0.00632453 -6.53673
19.0236 -1.85332 -3.25273
20.6446 1.42668 -1.98773
18.7126 3.94868 -4.13273
15.3286 3.45568 -2.30873
12.7886 5.62968 -0.425729
14.7126 6.57168 2.77127
18.0206 7.34368 0.949271
19.2496 10.9437 1.66327
22.7716 10.8747 0.0502712
23.8746 10.8377 -3.63573

24.4966 7.15668 -4.45873
27.9866 6.33568 -5.79073
28.2486 3.28468 -8.12573
31.8096 2.03268 -8.86673
32.3136 -0.651325 -11.5787
35.7336 -2.34632 -11.0707
37.2666 -3.36232 -14.4737

40.6556 -4.86232 -15.4957
42.3566 -4.34332 -18.9247
43.4626 -7.70832 -20.4487
40.4396 -9.68332 -19.0307
36.7676 -10.6833 -19.6567

35.7556 -7.09932 -18.5777
37.0746 -5.75532 -21.9617
34.2946 -7.76332 -23.7717
31.5956 -7.68632 -21.0377
31.5596 -3.87232 -20.6177
30.7486 -3.03032 -24.3317
28.1636 -5.91732 -24.2817
26.4546 -4.48032 -21.1377
26.4676 -0.967325 -22.7547
24.7746 -2.05032 -26.0367
22.1736 -3.97532 -23.9217
21.3316 -0.840325 -21.8027
20.9716 1.15168 -25.0747
18.4986 -1.49332 -26.4397
16.5766 -1.22732 -23.1077
16.5916 2.63668 -23.2717
15.3646 2.72068 -26.9417

12.4916 0.398675 -25.8247
11.6916 2.94068 -22.9797
12.7676 0.339675 -20.3357
15.7876 2.24668 -18.8597
16.9626 5.86168 -18.2877
20.4206 4.42268 -17.5527
22.8946 5.55868 -20.1977
26.3346 3.88668 -19.7247
28.2196 5.69268 -22.6137

29.2256 8.78168 -20.5317
31.2736 6.59268 -18.0887
33.6206 5.27568 -20.8677
34.4716 8.67268 -22.4267

35.7366 9.63168 -18.8967
38.2216 6.65868 -18.4737

End chain 1
