-13.201 -6.296 -53.957
-10.703 -3.406 -53.291
-9.54 -3.087 -49.639
-11.02 0.322 -48.639
-8.614 1.85 -46.053
-10.787 3.126 -43.162

-9.634 6.195 -41.181
-10.061 4.9 -37.589
-10.286 6.838 -34.306
-12.195 7.103 -30.979
-14.163 9.439 -28.711
-12.619 10.223 -25.263
-14.157 12.207 -22.344

-11.943 15.248 -21.466
-14.301 16.978 -18.949
-17.827 16.65 -17.399
-19.139 18.761 -20.353

-16.752 17.96 -23.312
-15.482 14.956 -25.281
-12.62 14.751 -27.824
-12.437 12.939 -31.204
-8.982 11.264 -31.393
-8.672 10.357 -35.1

-6.282 10.744 -38.079
-6.98 13.557 -40.6
-9.895 13.022 -43.051

-11.208 15.853 -45.293
-14.92 14.856 -45.011
-14.611 14.37 -41.226
-13.015 17.857 -40.827
-15.875 19.254 -42.999
-18.403 17.482 -40.669
-16.559 18.759 -37.515
-16.844 22.341 -38.957

-20.697 21.797 -39.029
-20.861 21.033 -35.24
-22.116 23.933 -33.104
-20.016 23.255 -29.939
-16.791 22.621 -31.971

-13.393 23.436 -30.391
-10.011 22.816 -32.063
-6.805 22.812 -29.99

-3.883 23.919 -32.209
-1.328 22.314 -29.773
-2.753 18.736 -29.691
-4.334 19.137 -33.217

-7.578 17.622 -31.79
-11.313 18.386 -31.995
-13.683 18.544 -28.991
-17.466 19.001 -28.65
-20.131 19.402 -25.91

-21.257 16.038 -24.476
-24.923 16.743 -25.497
-23.731 16.722 -29.178
-22.178 13.179 -28.839
-25.228 11.354 -30.322
-25.57 14.044 -33.093
-21.852 13.682 -34.021
-21.815 9.829 -34.037
-25.045 9.774 -36.128
-23.507 12.176 -38.75
-20.093 10.348 -38.803

-21.793 6.948 -39.527
-22.962 8.546 -42.834
-19.328 9.196 -43.991
-17.677 6.563 -46.261
-14.251 5.2 -45.121

-14.46 6.789 -41.562
-14.765 4.819 -38.279
-15.142 6.964 -35.114
-15.663 4.659 -32.101

-18.218 6.249 -29.657
-17.862 6.903 -25.912
-18.35 3.469 -24.195
-21.794 2.549 -22.772
-20.235 2.829 -19.255
-19.534 6.58 -19.812
-22.964 7.196 -21.431
-24.623 5.531 -18.378
-22.42 7.523 -15.909

-23.028 10.919 -17.654
-26.668 10.153 -18.714
-27.851 13.482 -17.123

-25.214 15.594 -18.963
-26 13.8 -22.296
-29.631 15.147 -21.909

-28.5014 18.541 -22.9486
-28.0155 22.2612 -23.2447
-26.1574 25.2554 -24.4506
-25.0619 26.6334 -21.1122
-23.7661 23.0696 -20.5547
-23.2309 19.7276 -18.9829
-27.03 20.257 -18.9617

-29.0432 23.3993 -19.6798
-27.3589 25.249 -16.8189
-23.9136 24.2467 -18.0712
-24.7317 25.4536 -21.5808
-25.9408 28.8024 -20.2518
-22.7609 29.2539 -18.2204

-25.1829 28.9529 -15.2954
-22.8449 27.5539 -12.5884
-25.5329 27.7219 -9.77636
-25.6149 23.8619 -9.64036
-21.7759 23.8519 -9.10936
-20.2759 24.0089 -5.59436

-19.9759 27.7769 -4.65036
-16.4469 27.2119 -3.19236
-15.2519 26.1719 -6.69636
-17.1869 28.8879 -8.63336
-15.8579 31.7109 -6.34336
-12.1939 30.5229 -6.70236

-12.1429 30.5249 -10.5684
-9.90087 33.2899 -11.9774

-11.5619 35.3949 -14.8004
-9.68687 33.4859 -17.5674
-10.5199 30.1049 -15.8974
-14.2519 31.1099 -15.8864
-14.0179 32.0209 -19.6164
-12.3989 28.5579 -20.2174
-15.2439 26.7779 -18.3194
-17.8189 28.7869 -20.3724
-16.0109 27.8679 -23.6674
-15.8859 24.1619 -22.6784
-19.6519 24.1939 -21.8354
-20.4799 26.0459 -25.1284

-18.4289 23.3479 -27.0354
-20.6699 20.7509 -25.2334
-17.9679 19.4029 -22.8334

-15.8079 18.0559 -25.7374
-12.4119 19.8209 -25.8004
-8.66487 19.7149 -25.2844
-7.75087 22.2439 -22.5424

-4.14987 22.8979 -23.6914

-3.59087 25.8919 -21.3384
0.0401338 26.3079 -20.1864

1.49613 24.4179 -17.1654
0.183134 25.6589 -13.7794
-2.68887 27.8719 -15.1894
-5.16187 25.6839 -13.1554

-6.29987 23.0569 -15.7324
-7.46787 20.7839 -12.8294
-9.81887 23.4169 -11.2474
-11.3319 24.2089 -14.7094
-11.7379 20.4409 -15.4734
-13.4759 19.7449 -12.1024
-15.8709 22.6989 -12.7654
-16.7029 21.5579 -16.3684
-17.3019 17.9799 -15.1004
-19.4109 19.2229 -12.1024
-21.6829 21.2339 -14.4854

-22.3559 17.7609 -16.0564

-22.8399 15.9959 -12.5824
-26.3419 14.8459 -13.7934
-24.5059 12.7469 -16.5014
-22.0819 10.8349 -14.1534
-20.4369 8.28989 -13.3934

-17.2299 10.2549 -14.0754
-14.0069 8.56589 -15.2944
-10.6909 10.3749 -14.5664
-7.58787 8.96389 -16.3404
-4.28487 10.3459 -14.9604

-0.505866 9.68689 -14.5774
0.128134 6.88289 -11.9964
1.68813 9.39789 -9.47036
-1.14487 12.0629 -9.36436

-4.21387 9.83489 -8.56036
-4.35087 10.9499 -4.88836
-3.60987 14.6009 -5.93336
-6.82087 14.3989 -8.05736
-8.86987 12.8059 -5.18836
-7.72387 15.6229 -2.83436
-8.56487 18.1789 -5.59436
-12.1779 16.8139 -5.80336
-12.5379 16.8429 -1.95236
-11.0519 20.4029 -1.84036
-13.2789 21.8979 -4.58536

-16.5769 19.8939 -4.32336
-17.3069 19.6529 -0.50736
-20.8439 18.4939 -1.61536
-19.2199 15.0019 -2.15736
-18.4859 12.4179 0.55364

-15.0879 10.5989 0.29364
-17.0939 7.38289 -0.48336
-18.2359 9.03589 -3.77236

-14.5469 8.88689 -4.98736
-12.9609 5.57889 -6.07536
-9.13687 5.66189 -6.48236

-8.15787 2.58689 -8.52836
-4.77187 1.39989 -7.19136
-4.65687 -2.13411 -8.75036
-5.86087 -4.09611 -11.8284
-8.22487 -6.11711 -9.49336
-10.2439 -3.10511 -8.24636
-13.8079 -2.21411 -9.40436
-13.5309 0.729894 -11.8624
-17.2719 1.60089 -11.2904
-17.3749 1.53689 -7.43636
-17.5639 5.37089 -7.02736
-19.5359 8.23689 -8.56836

-16.0439 9.56289 -9.52536
-13.5209 6.86989 -10.5984
-9.79187 7.80489 -10.7604
-7.46487 5.40089 -12.6764
-3.98487 5.40789 -14.2724

-3.11387 4.96289 -17.9864
-1.21287 1.69389 -17.1884
-4.28887 0.156894 -15.4504
-6.75587 0.933894 -18.3414

-5.38187 -2.01211 -20.4234
-5.74287 -4.37011 -17.3804
-9.29887 -3.03711 -16.7184
-10.4699 -3.11211 -20.4244
-13.1869 -5.71211 -19.5194
-14.6989 -3.13311 -17.0514
-14.4109 -0.191106 -19.5744
-17.5269 -1.73011 -21.2854
-19.6439 0.251894 -18.7384
-20.5499 3.56589 -20.5114
-18.8229 6.46789 -18.7214
-20.6919 9.48789 -20.2034

-18.1599 12.0259 -18.7714
-14.3919 11.4049 -19.1344
-11.4629 13.5579 -17.9614
-7.97287 12.5929 -19.2034

-5.11787 14.4659 -17.5044
-1.79687 14.8379 -19.4124

-3.52187 13.3509 -22.5324
-0.220866 13.4959 -24.5314
0.292134 9.96089 -23.0194
-2.22987 8.83689 -25.7394

-0.0138662 10.2669 -28.6174
0.683134 6.79389 -30.1744
-2.36887 4.71989 -31.2994
-0.449866 1.35489 -31.2014
0.158134 1.58689 -27.4024

-2.00687 -0.566106 -25.0714
-3.02387 2.58089 -23.0504
-4.28787 4.29389 -26.2564
-6.04187 1.10989 -27.5694
-7.91687 0.797894 -24.2114
-8.76887 4.56589 -23.8954
-9.92087 5.34989 -27.4884
-13.1559 3.17989 -27.5664
-14.4169 4.91689 -24.3624
-13.4599 8.43089 -25.6274
-15.3489 7.87689 -28.9494
-18.6039 6.77589 -27.1394

-18.5279 9.05889 -24.0284
-20.8279 12.1609 -24.2674

-18.2819 14.5869 -22.6674
-14.4749 14.3559 -23.1924
-12.2249 16.7799 -21.2734
-8.60087 16.2459 -22.3864
-5.88287 18.1819 -20.4754

-2.19487 18.7679 -21.3824
0.546134 21.4149 -20.9904
2.25413 20.0039 -24.1004
-0.457866 18.4809 -26.3954
2.28113 17.6819 -28.9084
5.70013 16.7469 -27.4404
7.72313 16.9759 -30.7194
5.58413 16.5179 -33.9274

2.05813 17.1149 -35.4474
1.39913 13.3069 -35.6644
1.14213 13.1849 -31.7864
-2.07487 15.3329 -31.9424
-4.08387 12.8569 -34.0914
-5.35987 10.6769 -31.1774
-6.43687 13.8109 -29.2064
-8.19387 15.2969 -32.3214
-10.2149 12.0649 -32.9394
-11.0009 11.7769 -29.1774
-12.5599 15.3199 -29.1594

-14.0629 15.0489 -32.7354
-14.4479 11.3329 -33.8204
-15.6279 12.4519 -37.3434
-12.3909 14.4129 -38.0714
-9.79287 12.4669 -40.1554
-11.3559 8.91789 -39.7924
-8.03187 7.48589 -41.1344

-4.55687 8.68389 -39.9924
-3.17487 8.68089 -43.5954
-5.32187 11.7359 -44.5934
-4.02087 13.6719 -41.5224
-0.420866 12.5039 -42.2314
-0.483866 13.5409 -45.9474
-1.69387 17.0689 -44.9934
0.141134 17.8829 -41.7054

3.03413 15.3519 -41.3274
4.69313 15.8349 -44.8054
4.04513 12.1259 -45.4214

6.62213 10.4789 -47.7524
6.37313 7.13089 -49.5944
9.65313 5.28789 -48.8374

10.6491 1.80589 -50.2654
9.59913 0.238894 -46.8784

6.24313 2.13189 -46.4714
5.07913 5.61489 -45.3774
7.16913 8.03989 -43.2954

5.15813 10.5109 -41.1014
8.08913 12.1269 -39.1424
7.75813 15.4539 -41.0354
5.53913 18.5409 -40.6894
3.41113 20.6009 -43.1284
0.656134 23.2959 -43.2064

1.11613 24.0129 -39.4314
-0.714866 27.4109 -39.5304
-3.81487 25.6349 -40.9874
-3.48987 22.9209 -38.2834
-3.30887 25.6889 -35.5904
-6.51687 27.3269 -36.9594
-8.34987 23.9319 -37.0684
-7.23787 23.1089 -33.4814
-8.29687 26.5069 -31.9944
-11.6989 26.5569 -33.8074
-12.8759 22.9479 -33.2724

-10.6449 20.9459 -30.8064

-8.51187 23.0039 -28.4224
-8.56987 25.8979 -25.9514

-4.96687 27.1399 -25.4184
-3.65987 30.1409 -23.4294
-0.0848662 30.9759 -22.4554

1.44113 32.4599 -19.2274
2.05213 35.6639 -21.2494
-1.70287 35.9129 -22.1494
-3.14287 35.5429 -18.5894

-0.331866 36.0379 -15.9674
1.62913 39.2729 -16.7984
3.04313 39.0359 -13.1984
5.04813 35.7679 -13.6144

8.84713 36.4619 -13.6294
10.6001 35.7279 -16.9534

12.2561 32.3579 -17.6964
15.8721 33.2059 -18.6744
17.4091 30.3159 -20.6764
21.0881 29.8179 -21.6234
23.4501 27.2089 -23.0254
26.4911 26.5139 -20.7844
29.3101 24.9599 -22.8394

31.0901 22.7589 -20.2484
34.8051 22.5779 -21.0584

35.7891 19.3469 -22.9814
39.4041 19.8179 -21.6534
38.3661 17.6259 -18.6314

37.3251 14.8369 -21.1164
40.4631 12.6559 -21.0504

41.9691 11.3829 -24.3484
40.6571 7.76489 -23.8074
37.0351 8.96289 -23.2564
37.3121 11.2929 -26.3174
38.7411 8.44789 -28.4694
35.8031 6.23089 -27.2844
33.2571 8.96589 -28.2824
35.0541 9.36389 -31.6724
34.9671 5.53789 -32.1034
31.1941 5.22889 -31.3554
30.5061 8.28089 -33.6234
32.4611 6.60489 -36.5104
30.6871 3.29189 -35.7194
27.1901 4.84389 -36.3034
28.2811 6.17489 -39.7744

29.7611 2.84489 -41.0264
27.9311 1.74689 -44.2314
28.0721 -2.03311 -43.6964
26.2011 -2.19411 -40.3114
22.6281 -3.42211 -39.8044

19.8321 -1.03511 -38.6504
20.1511 -2.69711 -35.1874
23.9731 -2.23811 -34.8984
23.4221 1.46389 -35.8694
20.8331 1.81689 -32.9944
23.2011 -0.00310583 -30.5574
26.1501 2.28889 -31.5144
23.7991 5.32689 -31.0584
22.7841 4.12489 -27.5344
26.4991 3.54389 -26.7274
27.4691 7.06489 -27.9994
24.6421 8.60389 -25.8844
25.5971 6.65489 -22.6864
29.3301 7.57189 -23.2534
28.2801 11.2619 -23.6134
26.6291 11.0729 -20.1534
29.7891 9.49189 -18.5844
32.0891 12.0529 -20.3124
30.0901 15.0269 -18.8664
30.0371 13.8309 -15.1684
33.3241 15.5839 -14.0314
32.3871 19.0169 -15.5034
28.7021 18.6619 -14.4634
30.0431 18.1139 -10.8924
32.5151 21.0569 -11.2794
29.5881 23.3079 -12.3624
27.2761 22.1559 -9.47236
30.0811 22.9239 -6.96136
30.7351 26.3739 -8.58636
26.9861 27.1709 -8.11036
27.1131 26.1599 -4.38536
30.4381 28.0249 -3.79536

28.7801 31.1039 -5.47836
26.3001 31.0889 -2.50436
23.1311 29.7919 -4.29536
20.4371 28.8389 -1.76736
18.1841 26.4899 -3.89136

18.4031 24.8949 -7.37236
17.2351 21.8189 -9.34336
19.6051 19.4569 -11.2184
18.0191 17.3899 -14.0224
19.6401 14.2349 -15.4934

18.2581 10.9339 -16.9704
21.1361 8.38989 -16.9154

21.2671 6.70589 -13.4624
25.1301 6.90789 -13.4044
24.9001 10.7649 -13.6464
22.2971 10.9499 -10.8024
24.4581 8.51489 -8.71636
27.7231 10.4969 -9.27036
26.0461 13.8759 -8.42436
24.4931 12.4469 -5.18536
27.8291 10.8139 -4.15536
29.7711 14.1169 -4.57536
27.0851 16.1299 -2.66736
27.3031 13.5389 0.19764
31.1651 13.7629 0.08264

30.8771 17.6179 0.33864
28.2091 17.1859 3.13964
25.6311 19.1459 1.03764
22.0271 18.4589 2.10664

20.0241 17.4679 -1.00436
16.9391 15.4999 -2.17036
16.8611 12.7829 -4.88636
13.8591 11.6819 -7.03036

14.1251 8.95989 -9.72836
12.2921 5.86389 -11.1424
12.8701 3.94689 -7.83336
11.4361 6.69589 -5.51736
7.92313 5.69089 -4.32836
4.76013 7.78689 -4.98436
4.38713 8.89489 -1.29636

8.14513 9.53689 -0.70936
8.13613 11.7619 -3.87636
5.57513 14.0939 -2.21236
7.42413 14.0389 1.17164
10.8601 14.8269 -0.43636
9.11913 17.5959 -2.45936
7.78513 19.0839 0.84064
11.2621 18.7009 2.49364
12.9101 20.7169 -0.37436
10.0621 23.3169 -0.32436
9.98813 23.8809 3.48664

13.6211 23.2179 4.62064
16.2051 25.9999 3.93464
19.0081 23.3719 4.38464
18.1971 21.3679 1.20664
20.1661 23.3489 -1.41436

20.0241 20.8249 -4.32736
17.2641 18.6539 -5.80636
18.7261 15.7919 -7.93636
15.8701 14.8819 -10.3094
15.2961 12.3539 -13.0974

13.9841 14.2499 -16.1984
11.5551 11.3399 -16.9074
10.4921 10.4909 -13.3104
10.0051 14.0849 -11.9434
8.28313 15.6139 -15.0764
4.82213 15.1399 -13.3884
2.82413 16.0959 -10.2374
5.59113 17.8619 -8.24236
6.04013 21.6339 -7.55736
9.49313 23.1769 -6.84836
8.65613 26.9119 -6.40236
11.3661 27.2439 -3.64936
14.1501 27.1789 -6.32236
15.0341 29.9839 -8.81936

17.4811 27.9069 -10.9614
17.1721 24.7429 -13.1034
20.3391 22.9759 -14.3884
19.9621 20.3429 -17.1324

23.1221 18.2199 -16.6884
21.9131 16.1999 -19.7194
19.9021 17.0029 -22.8674
16.7091 15.0379 -23.6634
15.6231 14.4839 -27.3304
11.9771 15.4559 -26.5854

11.4371 19.2329 -25.9374
7.96413 18.6849 -24.3744
9.66513 16.8179 -21.4544
12.2841 19.6139 -21.0394
9.44713 22.2419 -20.8854
7.56713 20.0019 -18.3504
10.7451 19.9949 -16.1704
11.2191 23.8459 -16.4024

7.52113 24.3209 -15.3844
8.19513 22.4739 -12.1004
9.81613 25.7539 -10.8354
7.88413 28.2759 -12.9804
4.50013 27.7829 -11.1564
1.96013 29.9569 -9.27336
3.88413 30.8989 -6.07636
7.19213 31.6709 -7.89836
8.42113 35.2709 -7.18436
11.9431 35.2019 -8.79736
13.0461 35.1649 -12.4834

13.6681 31.4839 -13.3064
17.1581 30.6629 -14.6384
17.4201 27.6119 -16.9734
20.9811 26.3599 -17.7144
21.4851 23.6759 -20.4264
24.9051 21.9809 -19.9184
26.4381 20.9649 -23.3214

29.8271 19.4649 -24.3434
31.5281 19.9839 -27.7724
32.6341 16.6189 -29.2964
29.6111 14.6439 -27.8784
25.9391 13.6439 -28.5044

24.9271 17.2279 -27.4254
26.2461 18.5719 -30.8094
23.4661 16.5639 -32.6194
20.7671 16.6409 -29.8854
20.7311 20.4549 -29.4654
19.9201 21.2969 -33.1794
17.3351 18.4099 -33.1294
15.6261 19.8469 -29.9854
15.6391 23.3599 -31.6024
13.9461 22.2769 -34.8844
11.3451 20.3519 -32.7694
10.5031 23.4869 -30.6504
10.1431 25.4789 -33.9224
7.67013 22.8339 -35.2874
5.74813 23.0999 -31.9554
5.76313 26.9639 -32.1194
4.53613 27.0479 -35.7894

1.66313 24.7259 -34.6724
0.863134 27.2679 -31.8274
1.93913 24.6669 -29.1834
4.95913 26.5739 -27.7074
6.13413 30.1889 -27.1354
9.59213 28.7499 -26.4004
12.0661 29.8859 -29.0454
15.5061 28.2139 -28.5724
17.3911 30.0199 -31.4614

18.3971 33.1089 -29.3794
20.4451 30.9199 -26.9364
22.7921 29.6029 -29.7154
23.6431 32.9999 -31.2744

24.9081 33.9589 -27.7444
27.3931 30.9859 -27.3214

End chain 1
