-13.201 -6.296 -53.957
-10.703 -3.406 -53.291
-9.54 -3.087 -49.639
-11.02 0.322 -48.639
-8.614 1.85 -46.053
-10.787 3.126 -43.162

-9.634 6.195 -41.181
-10.061 4.9 -37.589
-10.286 6.838 -34.306
-12.195 7.103 -30.979
-14.163 9.439 -28.711
-12.619 10.223 -25.263
-14.157 12.207 -22.344

-11.943 15.248 -21.466
-14.301 16.978 -18.949
-17.827 16.65 -17.399
-19.139 18.761 -20.353

-16.752 17.96 -23.312
-15.482 14.956 -25.281
-12.62 14.751 -27.824
-12.437 12.939 -31.204
-8.982 11.264 -31.393
-8.672 10.357 -35.1

-5.73548 8.46725 -36.5437
-3.41219 5.86226 -38.1165
-0.51237 7.04768 -40.2474

2.67572 7.88303 -42.1398
4.80359 6.13657 -39.5197
2.63448 3.02094 -39.6949
2.90637 2.92707 -43.4844
6.69086 3.23138 -43.3172
6.90562 0.385977 -40.8071
4.75487 -1.84549 -43.0066
6.93396 -1.12452 -46.0356

3.08096 -1.66852 -46.1076
2.91696 -2.43252 -42.3186
1.66196 0.46748 -40.1826
3.76196 -0.21052 -37.0176
6.98696 -0.84452 -39.0496

10.385 -0.0295204 -37.4696
13.767 -0.64952 -39.1416
16.973 -0.65352 -37.0686

19.895 0.45348 -39.2876
22.45 -1.15152 -36.8516
21.025 -4.72952 -36.7696
19.444 -4.32852 -40.2956

16.2 -5.84352 -38.8686
12.465 -5.07952 -39.0736
10.095 -4.92152 -36.0696
6.31196 -4.46452 -35.7286
3.64696 -4.06352 -32.9886

2.52096 -7.42752 -31.5546
-1.14504 -6.72252 -32.5756
0.0469622 -6.74352 -36.2566
1.59996 -10.2865 -35.9176
-1.45004 -12.1115 -37.4006
-1.79204 -9.42152 -40.1716
1.92596 -9.78352 -41.0996
1.96296 -13.6365 -41.1156
-1.26704 -13.6915 -43.2066
0.270962 -11.2895 -45.8286
3.68496 -13.1175 -45.8816

1.98496 -16.5175 -46.6056
0.815962 -14.9195 -49.9126
4.44996 -14.2695 -51.0696
6.10096 -16.9025 -53.3396
9.52696 -18.2655 -52.1996

9.31796 -16.6765 -48.6406
9.01296 -18.6465 -45.3576
8.63596 -16.5015 -42.1926
8.11496 -18.8065 -39.1796

5.55996 -17.2165 -36.7356
5.91596 -16.5625 -32.9906
5.42796 -19.9965 -31.2736
1.98396 -20.9165 -29.8506
3.54296 -20.6365 -26.3336
4.24396 -16.8855 -26.8906
0.813962 -16.2695 -28.5096
-0.845038 -17.9345 -25.4566
1.35796 -15.9425 -22.9876

0.749962 -12.5465 -24.7326
-2.89004 -13.3125 -25.7926
-4.07304 -9.98352 -24.2016

-1.43604 -7.87152 -26.0416
-2.22204 -9.66552 -29.3746
-5.85304 -8.31852 -28.9876

-5.23604 -4.66352 -27.8756
-4.74404 -1.80952 -30.4156
-3.71604 0.33748 -27.3746
-0.596038 0.74048 -25.1866
-2.25204 0.16448 -21.8006
0.582962 -0.87852 -19.4586
0.0469622 -4.11052 -17.4126

-3.44104 -4.07352 -15.7726
-3.02004 -3.25752 -12.0666
-2.80004 -6.43352 -9.98456
-6.03604 -6.46652 -7.89856
-5.49804 -6.51952 -4.12256
-6.52704 -9.91452 -2.73556

-8.94904 -10.2155 0.189437
-6.61104 -11.6145 2.89644
-9.29904 -11.4465 5.70844
-9.38104 -15.3065 5.84444
-5.54204 -15.3165 6.37544
-4.04204 -15.1595 9.89044

-3.74204 -11.3915 10.8344
-0.213038 -11.9565 12.2924
0.981962 -12.9965 8.78844
-0.953038 -10.2805 6.85144
0.375962 -7.45752 9.14144
4.03996 -8.64552 8.78244

4.09096 -8.64352 4.91644
6.33296 -5.87852 3.50744

4.67196 -3.77352 0.684437
6.54696 -5.68252 -2.08256
5.71396 -9.06352 -0.412563
1.98196 -8.05852 -0.401563
2.21596 -7.14752 -4.13156
3.83496 -10.6105 -4.73256
0.989962 -12.3905 -2.83456
-1.58504 -10.3815 -4.88756
0.222962 -11.3005 -8.18256
0.347962 -15.0065 -7.19356
-3.41804 -14.9745 -6.35056
-4.24604 -13.1225 -9.64356

-2.19504 -15.8205 -11.5506
-4.43604 -18.4175 -9.74856
-1.73404 -19.7655 -7.34856

0.425962 -21.1125 -10.2526
3.82196 -19.3475 -10.3156
7.56896 -19.4535 -9.79956
8.48296 -16.9245 -7.05756

12.084 -16.2705 -8.20656

12.643 -13.2765 -5.85356
16.274 -12.8605 -4.70156

17.73 -14.7505 -1.68056
16.417 -13.5095 1.70544
13.545 -11.2965 0.295437
11.072 -13.4845 2.32944

9.93396 -16.1115 -0.247563
8.76596 -18.3845 2.65544
6.41496 -15.7515 4.23744
4.90196 -14.9595 0.775437
4.49596 -18.7275 0.011437
2.75796 -19.4235 3.38244
0.362962 -16.4695 2.71944
-0.469038 -17.6105 -0.883563
-1.06804 -21.1885 0.384437
-3.17704 -19.9455 3.38244
-5.44904 -17.9345 0.999437

-6.12204 -21.4075 -0.571563

-6.60604 -23.1725 2.90244
-10.108 -24.3225 1.69144
-8.27204 -26.4215 -1.01656
-5.84804 -28.3335 1.33144
-4.20304 -30.8785 2.09144

-0.996038 -28.9135 1.40944
2.22696 -30.6025 0.190437
5.54296 -28.7935 0.918437
8.64596 -30.2045 -0.855563
11.949 -28.8225 0.524437

15.728 -29.4815 0.907437
16.362 -32.2855 3.48844
17.922 -29.7705 6.01444
15.089 -27.1055 6.12044

12.02 -29.3335 6.92444
11.883 -28.2185 10.5964
12.624 -24.5675 9.55144
9.41296 -24.7695 7.42744
7.36396 -26.3625 10.2964
8.50996 -23.5455 12.6504
7.66896 -20.9895 9.89044
4.05596 -22.3545 9.68144
3.69596 -22.3255 13.5324
5.18196 -18.7655 13.6444
2.95496 -17.2705 10.8994

-0.343038 -19.2745 11.1614
-1.07304 -19.5155 14.9774
-4.61004 -20.6745 13.8694
-2.98604 -24.1665 13.3274
-2.25204 -26.7505 16.0384

1.14596 -28.5695 15.7784
-0.860038 -31.7855 15.0014
-2.00204 -30.1325 11.7124

1.68696 -30.2815 10.4974
3.27296 -33.5895 9.40944
7.09696 -33.5065 9.00244

8.07596 -36.5815 6.95644
11.462 -37.7685 8.29344
11.577 -41.3025 6.73444
10.373 -43.2645 3.65644
8.00896 -45.2855 5.99144
5.98996 -42.2735 7.23844
2.42596 -41.3825 6.08044
2.70296 -38.4385 3.62244
-1.03804 -37.5675 4.19444
-1.14104 -37.6315 8.04844
-1.33004 -33.7975 8.45744
-3.30204 -30.9315 6.91644

0.189962 -29.6055 5.95944
2.71296 -32.2985 4.88644
6.44196 -31.3635 4.72444
8.76896 -33.7675 2.80844
12.249 -33.7605 1.21244

13.12 -34.2055 -2.50156
15.021 -37.4745 -1.70356
11.945 -39.0115 0.034437
9.47796 -38.2345 -2.85656

10.852 -41.1805 -4.93856
10.491 -43.5385 -1.89556
6.93496 -42.2055 -1.23356
5.76396 -42.2805 -4.93956
3.04696 -44.8805 -4.03456
1.53496 -42.3015 -1.56656
1.82296 -39.3595 -4.08956
-1.29304 -40.8985 -5.80056
-3.41004 -38.9165 -3.25356
-4.31604 -35.6025 -5.02656
-2.58904 -32.7005 -3.23656
-4.45804 -29.6805 -4.71856

-1.92604 -27.1425 -3.28656
1.84196 -27.7635 -3.64956
4.77096 -25.6105 -2.47656
8.26096 -26.5755 -3.71856

11.116 -24.7025 -2.01956
14.437 -24.3305 -3.92756

12.712 -25.8175 -7.04756
16.013 -25.6725 -9.04656
16.526 -29.2075 -7.53456
14.004 -30.3315 -10.2546

16.22 -28.9015 -13.1326
16.917 -32.3745 -14.6896
13.865 -34.4485 -15.8146
15.784 -37.8135 -15.7166
16.392 -37.5815 -11.9176

14.227 -39.7345 -9.58656
13.21 -36.5875 -7.56556
11.946 -34.8745 -10.7716
10.192 -38.0585 -12.0846
8.31696 -38.3705 -8.72656
7.46496 -34.6025 -8.41056
6.31296 -33.8185 -12.0036
3.07796 -35.9885 -12.0816
1.81696 -34.2515 -8.87756
2.77396 -30.7375 -10.1426
0.884962 -31.2915 -13.4646
-2.37004 -32.3925 -11.6546

-2.29404 -30.1095 -8.54356
-4.59404 -27.0075 -8.78256

-2.04804 -24.5815 -7.18256
1.75896 -24.8125 -7.70756
4.00896 -22.3885 -5.78856
7.63296 -22.9225 -6.90156
10.351 -20.9865 -4.99056

14.039 -20.4005 -5.89756
16.78 -17.7535 -5.50556
18.488 -19.1645 -8.61556
15.776 -20.6875 -10.9106
18.515 -21.4865 -13.4236
21.934 -22.4215 -11.9556
23.957 -22.1925 -15.2346
21.818 -22.6505 -18.4426

18.292 -22.0535 -19.9626
17.633 -25.8615 -20.1796
17.376 -25.9835 -16.3016
14.159 -23.8355 -16.4576
12.15 -26.3115 -18.6066
10.874 -28.4915 -15.6926
9.79696 -25.3575 -13.7216
8.03996 -23.8715 -16.8366
6.01896 -27.1035 -17.4546
5.23296 -27.3915 -13.6926
3.67396 -23.8485 -13.6746

2.17096 -24.1195 -17.2506
1.78596 -27.8355 -18.3356
0.605962 -26.7165 -21.8586
3.84296 -24.7555 -22.5866
6.44096 -26.7015 -24.6706
4.87796 -30.2505 -24.3076
8.20196 -31.6825 -25.6496

11.677 -30.4845 -24.5076
13.059 -30.4875 -28.1106
10.912 -27.4325 -29.1086
12.213 -25.4965 -26.0376
15.813 -26.6645 -26.7466
15.75 -25.6275 -30.4626
14.54 -22.0995 -29.5086
16.375 -21.2855 -26.2206

19.268 -23.8165 -25.8426
20.927 -23.3335 -29.3206
20.279 -27.0425 -29.9366

22.856 -28.6895 -32.2676
22.607 -32.0375 -34.1096
25.887 -33.8805 -33.3526

26.883 -37.3625 -34.7806
25.833 -38.9295 -31.3936

22.477 -37.0365 -30.9866
21.313 -33.5535 -29.8926
23.403 -31.1285 -27.8106

21.392 -28.6575 -25.6166
24.323 -27.0415 -23.6576
23.992 -23.7145 -25.5506
21.773 -20.6275 -25.2046
19.645 -18.5675 -27.6436
16.89 -15.8725 -27.7216

17.35 -15.1555 -23.9466
15.519 -11.7575 -24.0456
12.419 -13.5335 -25.5026
12.744 -16.2475 -22.7986
12.925 -13.4795 -20.1056
9.71696 -11.8415 -21.4746
7.88396 -15.2365 -21.5836
8.99596 -16.0595 -17.9966
7.93696 -12.6615 -16.5096
4.53496 -12.6115 -18.3226
3.35796 -16.2205 -17.7876

5.58896 -18.2225 -15.3216

7.72196 -16.1645 -12.9376
7.66396 -13.2705 -10.4666

11.267 -12.0285 -9.93356
12.574 -9.02752 -7.94456
16.149 -8.19252 -6.97056

17.675 -6.70852 -3.74256
18.286 -3.50452 -5.76456
14.531 -3.25552 -6.66456
13.091 -3.62552 -3.10456

15.902 -3.13052 -0.482563
17.863 0.10448 -1.31356
19.277 -0.13252 2.28644
21.282 -3.40052 1.87044

25.081 -2.70652 1.85544
26.834 -3.44052 -1.46856

28.49 -6.81052 -2.21156
32.106 -5.96252 -3.18956
33.643 -8.85252 -5.19156
37.322 -9.35052 -6.13856
39.684 -11.9595 -7.54056
42.725 -12.6545 -5.29956
45.544 -14.2085 -7.35456

47.324 -16.4095 -4.76356
51.039 -16.5905 -5.57356

52.023 -19.8215 -7.49656
55.638 -19.3505 -6.16856
54.6 -21.5425 -3.14656

53.559 -24.3315 -5.63156
56.697 -26.5125 -5.56556

58.203 -27.7855 -8.86356
56.891 -31.4035 -8.32256
53.269 -30.2055 -7.77156
53.546 -27.8755 -10.8326
54.975 -30.7205 -12.9846
52.037 -32.9375 -11.7996
49.491 -30.2025 -12.7976
51.288 -29.8045 -16.1876
51.201 -33.6305 -16.6186
47.428 -33.9395 -15.8706
46.74 -30.8875 -18.1386
48.695 -32.5635 -21.0256
46.921 -35.8765 -20.2346
43.424 -34.3245 -20.8186
44.515 -32.9935 -24.2896

45.995 -36.3235 -25.5416
44.165 -37.4215 -28.7466
44.306 -41.2015 -28.2116
42.435 -41.3625 -24.8266
38.862 -42.5905 -24.3196

36.066 -40.2035 -23.1656
36.385 -41.8655 -19.7026
40.207 -41.4065 -19.4136
39.656 -37.7045 -20.3846
37.067 -37.3515 -17.5096
39.435 -39.1715 -15.0726
42.384 -36.8795 -16.0296
40.033 -33.8415 -15.5736
39.018 -35.0435 -12.0496
42.733 -35.6245 -11.2426
43.703 -32.1035 -12.5146
40.876 -30.5645 -10.3996
41.831 -32.5135 -7.20156
45.564 -31.5965 -7.76856
44.514 -27.9065 -8.12856
42.863 -28.0955 -4.66856
46.023 -29.6765 -3.09956
48.323 -27.1155 -4.82756
46.324 -24.1415 -3.38156
46.271 -25.3375 0.316437
49.558 -23.5845 1.45344
48.621 -20.1515 -0.018563
44.936 -20.5065 1.02144
46.277 -21.0545 4.59244
48.749 -18.1115 4.20544
45.822 -15.8605 3.12244
43.51 -17.0125 6.01244
46.315 -16.2445 8.52344
46.969 -12.7945 6.89844
43.22 -11.9975 7.37444
43.347 -13.0085 11.0994
46.672 -11.1435 11.6894

45.014 -8.06452 10.0064
42.534 -8.07952 12.9804
39.365 -9.37652 11.1894
36.671 -10.3295 13.7174
34.418 -12.6785 11.5934

34.637 -14.2735 8.11244
33.469 -17.3495 6.14144
35.839 -19.7115 4.26644
34.253 -21.7785 1.46244
35.874 -24.9335 -0.00856296

34.492 -28.2345 -1.48556
37.37 -30.7785 -1.43056

37.501 -32.4625 2.02244
41.364 -32.2605 2.08044
41.134 -28.4035 1.83844
38.531 -28.2185 4.68244
40.692 -30.6535 6.76844
43.957 -28.6715 6.21444
42.28 -25.2925 7.06044
40.727 -26.7215 10.2994
44.063 -28.3545 11.3294
46.005 -25.0515 10.9094
43.319 -23.0385 12.8174
43.537 -25.6295 15.6824
47.399 -25.4055 15.5674

47.111 -21.5505 15.8234
44.443 -21.9825 18.6244
41.865 -20.0225 16.5224
38.261 -20.7095 17.5914

36.258 -21.7005 14.4804
33.173 -23.6685 13.3144
33.095 -26.3855 10.5984
30.093 -27.4865 8.45444

30.359 -30.2085 5.75644
28.526 -33.3045 4.34244
29.104 -35.2215 7.65144
27.67 -32.4725 9.96744
24.157 -33.4775 11.1564
20.994 -31.3815 10.5004
20.621 -30.2735 14.1884

24.379 -29.6315 14.7754
24.37 -27.4065 11.6084
21.809 -25.0745 13.2724
23.658 -25.1295 16.6564
27.094 -24.3415 15.0484
25.353 -21.5725 13.0254
24.019 -20.0845 16.3254
27.496 -20.4675 17.9784
29.144 -18.4515 15.1104
26.296 -15.8515 15.1604
26.222 -15.2875 18.9714

29.855 -15.9505 20.1054
32.439 -13.1685 19.4194
35.242 -15.7965 19.8694
34.431 -17.8005 16.6914
36.4 -15.8195 14.0704

36.258 -18.3435 11.1574
33.498 -20.5145 9.67844
34.96 -23.3765 7.54844
32.104 -24.2865 5.17544
31.53 -26.8145 2.38744

30.218 -24.9185 -0.713563
27.789 -27.8285 -1.42256
26.726 -28.6775 2.17444
26.239 -25.0835 3.54144
24.517 -23.5545 0.408437
21.056 -24.0285 2.09644
19.058 -23.0725 5.24744
21.825 -21.3065 7.24244
22.274 -17.5345 7.92744
25.727 -15.9915 8.63644
24.89 -12.2565 9.08244
27.6 -11.9245 11.8354
30.384 -11.9895 9.16244
31.268 -9.18452 6.66544

33.715 -11.2615 4.52344
33.406 -14.4255 2.38144
36.573 -16.1925 1.09644
36.196 -18.8255 -1.64756

39.356 -20.9485 -1.20356
38.147 -22.9685 -4.23456
36.136 -22.1655 -7.38256
32.943 -24.1305 -8.17856
31.857 -24.6845 -11.8456
28.211 -23.7125 -11.1006

27.671 -19.9355 -10.4526
24.198 -20.4835 -8.88956
25.899 -22.3505 -5.96956
28.518 -19.5545 -5.55456
25.681 -16.9265 -5.40056
23.801 -19.1665 -2.86556
26.979 -19.1735 -0.685563
27.453 -15.3225 -0.917563

23.755 -14.8475 0.100437
24.429 -16.6945 3.38444
26.05 -13.4145 4.64944
24.118 -10.8925 2.50444
20.734 -11.3855 4.32844
18.194 -9.21152 6.21144
20.118 -8.26952 9.40844
23.426 -7.49752 7.58644
24.655 -3.89752 8.30044
28.177 -3.96652 6.68744
29.28 -4.00352 3.00144

29.902 -7.68452 2.17844
33.392 -8.50552 0.846437
33.654 -11.5565 -1.48856
37.215 -12.8085 -2.22956
37.719 -15.4925 -4.94156
41.139 -17.1875 -4.43356
42.672 -18.2035 -7.83656

46.061 -19.7035 -8.85856
47.762 -19.1845 -12.2876
48.868 -22.5495 -13.8116
45.845 -24.5245 -12.3936
42.173 -25.5245 -13.0196

41.161 -21.9405 -11.9406
42.48 -20.5965 -15.3246
39.7 -22.6045 -17.1346
37.001 -22.5275 -14.4006
36.965 -18.7135 -13.9806
36.154 -17.8715 -17.6946
33.569 -20.7585 -17.6446
31.86 -19.3215 -14.5006
31.873 -15.8085 -16.1176
30.18 -16.8915 -19.3996
27.579 -18.8165 -17.2846
26.737 -15.6815 -15.1656
26.377 -13.6895 -18.4376
23.904 -16.3345 -19.8026
21.982 -16.0685 -16.4706
21.997 -12.2045 -16.6346
20.77 -12.1205 -20.3046

17.897 -14.4425 -19.1876
17.097 -11.9005 -16.3426
18.173 -14.5015 -13.6986
21.193 -12.5945 -12.2226
22.368 -8.97952 -11.6506
25.826 -10.4185 -10.9156
28.3 -9.28252 -13.5606
31.74 -10.9545 -13.0876
33.625 -9.14852 -15.9766

34.631 -6.05952 -13.8946
36.679 -8.24852 -11.4516
39.026 -9.56552 -14.2306
39.877 -6.16852 -15.7896

41.142 -5.20952 -12.2596
43.627 -8.18252 -11.8366

End chain 1
