-13.201 -6.296 -53.957
-10.703 -3.406 -53.291
-9.54 -3.087 -49.639
-11.02 0.322 -48.639
-8.614 1.85 -46.053
-10.787 3.126 -43.162

-9.634 6.195 -41.181
-10.061 4.9 -37.589
-10.286 6.838 -34.306
-12.195 7.103 -30.979
-14.163 9.439 -28.711
-12.619 10.223 -25.263
-14.157 12.207 -22.344

-11.943 15.248 -21.466
-14.301 16.978 -18.949
-17.827 16.65 -17.399
-19.139 18.761 -20.353

-16.752 17.96 -23.312
-15.482 14.956 -25.281
-12.62 14.751 -27.824
-12.437 12.939 -31.204
-8.982 11.264 -31.393
-8.672 10.357 -35.1

-6.282 10.744 -38.079
-6.98 13.557 -40.6
-9.895 13.022 -43.051

-11.208 15.853 -45.293
-14.92 14.856 -45.011
-14.611 14.37 -41.226
-13.015 17.857 -40.827
-15.875 19.254 -42.999
-18.403 17.482 -40.669
-16.559 18.759 -37.515
-16.844 22.341 -38.957

-20.4023 23.1112 -37.5672
-23.665 23.8715 -39.5616
-26.5041 25.2693 -41.5264
-28.3144 25.8987 -38.2946
-26.0207 28.8134 -37.6435

-25.3908 32.4141 -38.319
-25.4795 35.5139 -36.283
-26.4319 33.8564 -33.0388

-23.5099 34.9634 -35.2578
-20.9549 33.3584 -32.8218
-22.3799 29.7804 -32.7398
-23.9609 30.1814 -36.2658

-27.2049 28.6664 -34.8388
-30.9399 29.4304 -35.0438
-33.3099 29.5884 -32.0398
-37.0929 30.0454 -31.6988
-39.7579 30.4464 -28.9588

-40.8839 27.0824 -27.5248
-44.5499 27.7874 -28.5458
-43.3579 27.7664 -32.2268
-41.8049 24.2234 -31.8878
-44.8549 22.3984 -33.3708
-45.1969 25.0884 -36.1418
-41.4789 24.7264 -37.0698
-41.4419 20.8734 -37.0858
-44.6719 20.8184 -39.1768
-43.1339 23.2204 -41.7988
-39.7199 21.3924 -41.8518

-41.4199 17.9924 -42.5758
-42.5889 19.5904 -45.8828
-38.9549 20.2404 -47.0398
-37.3039 17.6074 -49.3098
-33.8779 16.2444 -48.1698

-34.0869 17.8334 -44.6108
-34.3919 15.8634 -41.3278
-34.7689 18.0084 -38.1628
-35.2899 15.7034 -35.1498

-37.8449 17.2934 -32.7058
-37.4889 17.9474 -28.9608
-37.9769 14.5134 -27.2438
-41.4209 13.5934 -25.8208
-39.8619 13.8734 -22.3038
-39.1609 17.6244 -22.8608
-42.5909 18.2404 -24.4798
-44.2499 16.5754 -21.4268
-42.0469 18.5674 -18.9578

-42.6549 21.9634 -20.7028
-46.2949 21.1974 -21.7628
-47.4779 24.5264 -20.1718

-44.8409 26.6384 -22.0118
-45.6269 24.8444 -25.3448
-49.2579 26.1914 -24.9578

-48.6409 29.8464 -23.8458
-48.1489 32.7004 -26.3858
-47.1209 34.8474 -23.3448
-44.0009 35.2504 -21.1568
-45.6569 34.6744 -17.7708
-42.8219 33.6314 -15.4288
-43.3579 30.3994 -13.3828

-46.8459 30.4364 -11.7428
-46.4249 31.2524 -8.0368
-46.2049 28.0764 -5.9548
-49.4409 28.0434 -3.8688
-48.9029 27.9904 -0.092797
-49.9319 24.5954 1.2942

-52.3539 24.2944 4.2192
-50.0159 22.8954 6.9262
-52.7039 23.0634 9.7382
-52.7859 19.2034 9.8742
-48.9469 19.1934 10.4052
-47.4469 19.3504 13.9202

-47.1469 23.1184 14.8642
-43.6179 22.5534 16.3222
-42.4229 21.5134 12.8182
-44.3579 24.2294 10.8812
-43.0289 27.0524 13.1712
-39.3649 25.8644 12.8122

-39.3139 25.8664 8.9462
-37.0719 28.6314 7.5372

-38.7329 30.7364 4.7142
-36.8579 28.8274 1.9472
-37.6909 25.4464 3.6172
-41.4229 26.4514 3.6282
-41.1889 27.3624 -0.101797
-39.5699 23.8994 -0.702797
-42.4149 22.1194 1.1952
-44.9899 24.1284 -0.857797
-43.1819 23.2094 -4.1528
-43.0569 19.5034 -3.1638
-46.8229 19.5354 -2.3208
-47.6509 21.3874 -5.6138

-45.5999 18.6894 -7.5208
-47.8409 16.0924 -5.7188
-45.1389 14.7444 -3.3188

-42.9789 13.3974 -6.2228
-39.5829 15.1624 -6.2858
-35.8359 15.0564 -5.7698
-34.9219 17.5854 -3.0278

-31.3209 18.2394 -4.1768

-30.7619 21.2334 -1.8238
-27.1309 21.6494 -0.671797

-25.6749 19.7594 2.3492
-26.9879 21.0004 5.7352
-29.8599 23.2134 4.3252
-32.3329 21.0254 6.3592

-33.4709 18.3984 3.7822
-34.6389 16.1254 6.6852
-36.9899 18.7584 8.2672
-38.5029 19.5504 4.8052
-38.9089 15.7824 4.0412
-40.6469 15.0864 7.4122
-43.0419 18.0404 6.7492
-43.8739 16.8994 3.1462
-44.4729 13.3214 4.4142
-46.5819 14.5644 7.4122
-48.8539 16.5754 5.0292

-49.5269 13.1024 3.4582

-50.0109 11.3374 6.9322
-53.5129 10.1874 5.7212
-51.6769 8.08836 3.0132
-49.2529 6.17636 5.3612
-47.6079 3.63136 6.1212

-44.4009 5.59636 5.4392
-41.1779 3.90736 4.2202
-37.8619 5.71636 4.9482
-34.7589 4.30536 3.1742
-31.4559 5.68736 4.5542

-27.6769 5.02836 4.9372
-27.0429 2.22436 7.5182
-25.4829 4.73936 10.0442
-28.3159 7.40436 10.1502

-31.3849 5.17636 10.9542
-31.5219 6.29136 14.6262
-30.7809 9.94236 13.5812
-33.9919 9.74036 11.4572
-36.0409 8.14736 14.3262
-34.8949 10.9644 16.6802
-35.7359 13.5204 13.9202
-39.3489 12.1554 13.7112
-39.7089 12.1844 17.5622
-38.2229 15.7444 17.6742
-40.4499 17.2394 14.9292

-43.7479 15.2354 15.1912
-44.4779 14.9944 19.0072
-48.0149 13.8354 17.8992
-46.3909 10.3434 17.3572
-45.6569 7.75936 20.0682

-42.2589 5.94036 19.8082
-44.2649 2.72436 19.0312
-45.4069 4.37736 15.7422

-41.7179 4.22836 14.5272
-40.1319 0.920355 13.4392
-36.3079 1.00336 13.0322

-35.3289 -2.07164 10.9862
-31.9429 -3.25864 12.3232
-31.8279 -6.79264 10.7642
-33.0319 -8.75464 7.6862
-35.3959 -10.7756 10.0212
-37.4149 -7.76364 11.2682
-40.9789 -6.87264 10.1102
-40.7019 -3.92864 7.6522
-44.4429 -3.05764 8.2242
-44.5459 -3.12164 12.0782
-44.7349 0.712355 12.4872
-46.7069 3.57836 10.9462

-43.2149 4.90436 9.9892
-40.6919 2.21136 8.9162
-36.9629 3.14636 8.7542
-34.6359 0.742355 6.8382
-31.1559 0.749355 5.2422

-30.2849 0.304355 1.5282
-28.3839 -2.96464 2.3262
-31.4599 -4.50164 4.0642
-33.9269 -3.72464 1.1732

-32.5529 -6.67064 -0.908797
-32.9139 -9.02864 2.1342
-36.4699 -7.69564 2.7962
-37.6409 -7.77064 -0.909797
-40.3579 -10.3706 -0.00479698
-41.8699 -7.79164 2.4632
-41.5819 -4.84964 -0.059797
-44.6979 -6.38864 -1.7708
-46.8149 -4.40664 0.776203
-47.7209 -1.09264 -0.996797
-45.9939 1.80936 0.793203
-47.8629 4.82936 -0.688797

-45.3309 7.36736 0.743203
-41.5629 6.74636 0.380203
-38.6339 8.89936 1.5532
-35.1439 7.93436 0.311203

-32.2889 9.80736 2.0102
-28.9679 10.1794 0.102203

-30.6929 8.69236 -3.0178
-27.3919 8.83736 -5.0168
-26.8789 5.30236 -3.5048
-29.4009 4.17836 -6.2248

-27.1849 5.60836 -9.1028
-26.4879 2.13536 -10.6598
-29.5399 0.061355 -11.7848
-27.6209 -3.30364 -11.6868
-27.0129 -3.07164 -7.8878

-29.1779 -5.22464 -5.5568
-30.1949 -2.07764 -3.5358
-31.4589 -0.364645 -6.7418
-33.2129 -3.54864 -8.0548
-35.0879 -3.86064 -4.6968
-35.9399 -0.092645 -4.3808
-37.0919 0.691355 -7.9738
-40.3269 -1.47864 -8.0518
-41.5879 0.258355 -4.8478
-40.6309 3.77236 -6.1128
-42.5199 3.21836 -9.4348
-45.7749 2.11736 -7.6248

-45.6989 4.40036 -4.5138
-47.9989 7.50236 -4.7528

-45.4529 9.92836 -3.1528
-41.6459 9.69736 -3.6778
-39.3959 12.1214 -1.7588
-35.7719 11.5874 -2.8718
-33.0539 13.5234 -0.960797

-29.3659 14.1094 -1.8678
-26.6249 16.7564 -1.4758
-24.9169 15.3454 -4.5858
-27.6289 13.8224 -6.8808
-24.8899 13.0234 -9.3938
-21.4709 12.0884 -7.9258
-19.4479 12.3174 -11.2048
-21.5869 11.8594 -14.4128

-25.1129 12.4564 -15.9328
-25.7719 8.64836 -16.1498
-26.0289 8.52636 -12.2718
-29.2459 10.6744 -12.4278
-31.2549 8.19836 -14.5768
-32.5309 6.01836 -11.6628
-33.6079 9.15236 -9.6918
-35.3649 10.6384 -12.8068
-37.3859 7.40636 -13.4248
-38.1719 7.11836 -9.6628
-39.7309 10.6614 -9.6448

-41.2339 10.3904 -13.2208
-41.6189 6.67436 -14.3058
-42.7989 7.79336 -17.8288
-39.5619 9.75436 -18.5568
-36.9639 7.80836 -20.6408
-38.5269 4.25936 -20.2778
-35.2029 2.82736 -21.6198

-31.7279 4.02536 -20.4778
-30.3459 4.02236 -24.0808
-32.4929 7.07736 -25.0788
-31.1919 9.01336 -22.0078
-27.5919 7.84536 -22.7168
-27.6549 8.88236 -26.4328
-28.8649 12.4104 -25.4788
-27.0299 13.2244 -22.1908

-24.1369 10.6934 -21.8128
-22.4779 11.1764 -25.2908
-23.1259 7.46736 -25.9068

-20.5489 5.82036 -28.2378
-20.7979 2.47236 -30.0798
-17.5179 0.629355 -29.3228

-16.5219 -2.85264 -30.7508
-17.5719 -4.41964 -27.3638

-20.9279 -2.52664 -26.9568
-22.0919 0.956355 -25.8628
-20.0019 3.38136 -23.7808

-22.0129 5.85236 -21.5868
-19.0819 7.46836 -19.6278
-19.4129 10.7954 -21.5208
-21.6319 13.8824 -21.1748
-23.7599 15.9424 -23.6138
-26.5149 18.6374 -23.6918

-26.0549 19.3544 -19.9168
-27.8859 22.7524 -20.0158
-30.9859 20.9764 -21.4728
-30.6609 18.2624 -18.7688
-30.4799 21.0304 -16.0758
-33.6879 22.6684 -17.4448
-35.5209 19.2734 -17.5538
-34.4089 18.4504 -13.9668
-35.4679 21.8484 -12.4798
-38.8699 21.8984 -14.2928
-40.0469 18.2894 -13.7578

-37.8159 16.2874 -11.2918

-35.6829 18.3454 -8.9078
-35.7409 21.2394 -6.4368

-32.1379 22.4814 -5.9038
-30.8309 25.4824 -3.9148
-27.2559 26.3174 -2.9408

-25.7299 27.8014 0.287203
-25.1189 31.0054 -1.7348
-28.8739 31.2544 -2.6348
-30.3139 30.8844 0.925203

-27.5029 31.3794 3.5472
-25.5419 34.6144 2.7162
-24.1279 34.3774 6.3162
-22.1229 31.1094 5.9002

-18.3239 31.8034 5.8852
-16.5709 31.0694 2.5612

-14.9149 27.6994 1.8182
-11.2989 28.5474 0.840203
-9.76185 25.6574 -1.1618
-6.08285 25.1594 -2.1088
-3.72085 22.5504 -3.5108
-0.679851 21.8554 -1.2698
2.13915 20.3014 -3.3248

3.91915 18.1004 -0.733797
7.63415 17.9194 -1.5438

8.61815 14.6884 -3.4668
12.2331 15.1594 -2.1388
11.1951 12.9674 0.883203

10.1541 10.1784 -1.6018
13.2921 7.99736 -1.5358

14.7981 6.72436 -4.8338
13.4861 3.10636 -4.2928
9.86415 4.30436 -3.7418
10.1411 6.63436 -6.8028
11.5701 3.78936 -8.9548
8.63215 1.57236 -7.7698
6.08615 4.30736 -8.7678
7.88315 4.70536 -12.1578
7.79615 0.879355 -12.5888
4.02315 0.570355 -11.8408
3.33515 3.62236 -14.1088
5.29015 1.94636 -16.9958
3.51615 -1.36664 -16.2048
0.0191486 0.185355 -16.7888
1.11015 1.51636 -20.2598

2.59015 -1.81364 -21.5118
0.760149 -2.91164 -24.7168
0.901149 -6.69164 -24.1818
-0.969851 -6.85264 -20.7968
-4.54285 -8.08064 -20.2898

-7.33885 -5.69364 -19.1358
-7.01985 -7.35564 -15.6728
-3.19785 -6.89664 -15.3838
-3.74885 -3.19464 -16.3548
-6.33785 -2.84164 -13.4798
-3.96985 -4.66164 -11.0428
-1.02085 -2.36964 -11.9998
-3.37185 0.668355 -11.5438
-4.38685 -0.533645 -8.0198
-0.671851 -1.11464 -7.2128
0.298149 2.40636 -8.4848
-2.52885 3.94536 -6.3698
-1.57385 1.99636 -3.1718
2.15915 2.91336 -3.7388
1.10915 6.60336 -4.0988
-0.541851 6.41436 -0.638797
2.61815 4.83336 0.930203
4.91815 7.39436 -0.797797
2.91915 10.3684 0.648203
2.86615 9.17236 4.3462
6.15315 10.9254 5.4832
5.21615 14.3584 4.0112
1.53115 14.0034 5.0512
2.87215 13.4554 8.6222
5.34415 16.3984 8.2352
2.41715 18.6494 7.1522
0.105149 17.4974 10.0422
2.91015 18.2654 12.5532
3.56415 21.7154 10.9282
-0.184851 22.5124 11.4042
-0.0578514 21.5014 15.1292
3.26715 23.3664 15.7192

1.60915 26.4454 14.0362
-0.870851 26.4304 17.0102
-4.03985 25.1334 15.2192
-6.73385 24.1804 17.7472
-8.98685 21.8314 15.6232

-8.76785 20.2364 12.1422
-9.93585 17.1604 10.1712
-7.56585 14.7984 8.2962
-9.15185 12.7314 5.4922
-7.53085 9.57636 4.0212

-8.91285 6.27536 2.5442
-6.03485 3.73136 2.5992

-5.90385 2.04736 6.0522
-2.04085 2.24936 6.1102
-2.27085 6.10636 5.8682
-4.87385 6.29136 8.7122
-2.71285 3.85636 10.7982
0.552149 5.83836 10.2442
-1.12485 9.21736 11.0902
-2.67785 7.78836 14.3292
0.658149 6.15536 15.3592
2.60015 9.45836 14.9392
-0.0858514 11.4714 16.8472
0.132149 8.88036 19.7122
3.99415 9.10436 19.5972

3.70615 12.9594 19.8532
1.03815 12.5274 22.6542
-1.53985 14.4874 20.5522
-5.14385 13.8004 21.6212

-7.14685 12.8094 18.5102
-10.2319 10.8414 17.3442
-10.3099 8.12436 14.6282
-13.3119 7.02336 12.4842

-13.0459 4.30136 9.7862
-14.8789 1.20536 8.3722
-14.3009 -0.711645 11.6812
-15.7349 2.03736 13.9972
-19.2479 1.03236 15.1862
-22.4109 3.12836 14.5302
-22.7839 4.23636 18.2182

-19.0259 4.87836 18.8052
-19.0349 7.10336 15.6382
-21.5959 9.43536 17.3022
-19.7469 9.38036 20.6862
-16.3109 10.1684 19.0782
-18.0519 12.9374 17.0552
-19.3859 14.4254 20.3552
-15.9089 14.0424 22.0082
-14.2609 16.0584 19.1402
-17.1089 18.6584 19.1902
-17.1829 19.2224 23.0012

-13.5499 18.5594 24.1352
-10.9659 21.3414 23.4492
-8.16285 18.7134 23.8992
-8.97385 16.7094 20.7212
-7.00485 18.6904 18.1002

-7.14685 16.1664 15.1872
-9.90685 13.9954 13.7082
-8.44485 11.1334 11.5782
-11.3009 10.2234 9.2052
-11.8749 7.69536 6.4172

-13.1869 9.59136 3.3162
-15.6159 6.68136 2.6072
-16.6789 5.83236 6.2042
-17.1659 9.42636 7.5712
-18.8879 10.9554 4.4382
-22.3489 10.4814 6.1262
-24.3469 11.4374 9.2772
-21.5799 13.2034 11.2722
-21.1309 16.9754 11.9572
-17.6779 18.5184 12.6662
-18.5149 22.2534 13.1122
-15.8049 22.5854 15.8652
-13.0209 22.5204 13.1922
-12.1369 25.3254 10.6952

-9.68985 23.2484 8.5532
-9.99885 20.0844 6.4112
-6.83185 18.3174 5.1262
-7.20885 15.6844 2.3822

-4.04885 13.5614 2.8262
-5.25785 11.5414 -0.204797
-7.26885 12.3444 -3.3528
-10.4619 10.3794 -4.1488
-11.5479 9.82536 -7.8158
-15.1939 10.7974 -7.0708

-15.7339 14.5744 -6.4228
-19.2069 14.0264 -4.8598
-17.5059 12.1594 -1.9398
-14.8869 14.9554 -1.5248
-17.7239 17.5834 -1.3708
-19.6039 15.3434 1.1642
-16.4259 15.3364 3.3442
-15.9519 19.1874 3.1122

-19.6499 19.6624 4.1302
-18.9759 17.8154 7.4142
-17.3549 21.0954 8.6792
-19.2869 23.6174 6.5342
-22.6709 23.1244 8.3582
-25.2109 25.2984 10.2412
-23.2869 26.2404 13.4382
-19.9789 27.0124 11.6162
-18.7499 30.6124 12.3302
-15.2279 30.5434 10.7172
-14.1249 30.5064 7.0312

-13.5029 26.8254 6.2082
-10.0129 26.0044 4.8762
-9.75085 22.9534 2.5412
-6.18985 21.7014 1.8002
-5.68585 19.0174 -0.911797
-2.26585 17.3224 -0.403797
-0.732851 16.3064 -3.8068

2.65615 14.8064 -4.8288
4.35715 15.3254 -8.2578
5.46315 11.9604 -9.7818
2.44015 9.98536 -8.3638
-1.23185 8.98536 -8.9898

-2.24385 12.5694 -7.9108
-0.924851 13.9134 -11.2948
-3.70485 11.9054 -13.1048
-6.40385 11.9824 -10.3708
-6.43985 15.7964 -9.9508
-7.25085 16.6384 -13.6648
-9.83585 13.7514 -13.6148
-11.5449 15.1884 -10.4708
-11.5319 18.7014 -12.0878
-13.2249 17.6184 -15.3698
-15.8259 15.6934 -13.2548
-16.6679 18.8284 -11.1358
-17.0279 20.8204 -14.4078
-19.5009 18.1754 -15.7728
-21.4229 18.4414 -12.4408
-21.4079 22.3054 -12.6048
-22.6349 22.3894 -16.2748

-25.5079 20.0674 -15.1578
-26.3079 22.6094 -12.3128
-25.2319 20.0084 -9.6688
-22.2119 21.9154 -8.1928
-21.0369 25.5304 -7.6208
-17.5789 24.0914 -6.8858
-15.1049 25.2274 -9.5308
-11.6649 23.5554 -9.0578
-9.77985 25.3614 -11.9468

-8.77385 28.4504 -9.8648
-6.72585 26.2614 -7.4218
-4.37885 24.9444 -10.2008
-3.52785 28.3414 -11.7598

-2.26285 29.3004 -8.2298
0.222149 26.3274 -7.8068

End chain 1
