-13.201 -6.296 -53.957
-10.703 -3.406 -53.291
-9.54 -3.087 -49.639
-11.02 0.322 -48.639
-8.614 1.85 -46.053
-10.787 3.126 -43.162

-9.634 6.195 -41.181
-10.061 4.9 -37.589
-10.286 6.838 -34.306
-12.195 7.103 -30.979
-14.163 9.439 -28.711
-12.619 10.223 -25.263
-14.157 12.207 -22.344

-11.943 15.248 -21.466
-14.301 16.978 -18.949
-17.827 16.65 -17.399
-19.139 18.761 -20.353

-16.752 17.96 -23.312
-15.482 14.956 -25.281
-12.62 14.751 -27.824
-12.437 12.939 -31.204
-8.982 11.264 -31.393
-8.672 10.357 -35.1

-8.33549 9.32357 -38.8214
-8.19411 8.79168 -42.5631
-11.6007 7.94055 -44.2108

-10.7402 4.82802 -46.2144
-12.4093 2.58932 -43.6366
-15.564 4.70764 -43.6974
-15.7116 4.55207 -47.4917
-15.3399 0.77016 -47.4478
-18.1422 0.427413 -44.9036
-20.4438 2.60588 -47.0012
-19.7324 0.535024 -50.1074

-23.5854 -0.00897599 -50.1794
-23.7494 -0.772976 -46.3904
-25.0044 2.12702 -44.2544
-22.9044 1.44902 -41.0894
-19.6794 0.815024 -43.1214

-16.2814 1.63002 -41.5414
-12.8994 1.01002 -43.2134
-9.69337 1.00602 -41.1404

-6.77137 2.11302 -43.3594
-4.21637 0.508024 -40.9234
-5.64137 -3.06998 -40.8414
-7.22237 -2.66898 -44.3674

-10.4664 -4.18398 -42.9404
-14.2014 -3.41998 -43.1454
-16.5714 -3.26198 -40.1414
-20.3544 -2.80498 -39.8004
-23.0194 -2.40398 -37.0604

-24.1454 -5.76798 -35.6264
-27.8114 -5.06298 -36.6474
-26.6194 -5.08398 -40.3284
-25.0664 -8.62698 -39.9894
-28.1164 -10.452 -41.4724
-28.4584 -7.76198 -44.2434
-24.7404 -8.12398 -45.1714
-24.7034 -11.977 -45.1874
-27.9334 -12.032 -47.2784
-26.3954 -9.62998 -49.9004
-22.9814 -11.458 -49.9534

-24.6814 -14.858 -50.6774
-25.8504 -13.26 -53.9844
-22.2164 -12.61 -55.1414
-20.5654 -15.243 -57.4114
-17.1394 -16.606 -56.2714

-17.3484 -15.017 -52.7124
-17.6534 -16.987 -49.4294
-18.0304 -14.842 -46.2644
-18.5514 -17.147 -43.2514

-21.1064 -15.557 -40.8074
-20.7504 -14.903 -37.0624
-21.2384 -18.337 -35.3454
-24.6824 -19.257 -33.9224
-23.1234 -18.977 -30.4054
-22.4224 -15.226 -30.9624
-25.8524 -14.61 -32.5814
-27.5114 -16.275 -29.5284
-25.3084 -14.283 -27.0594

-25.9164 -10.887 -28.8044
-29.5564 -11.653 -29.8644
-30.7394 -8.32398 -28.2734

-28.1024 -6.21198 -30.1134
-28.8884 -8.00598 -33.4464
-32.5194 -6.65898 -33.0594

-31.9024 -3.00398 -31.9474
-31.4104 -0.149976 -34.4874
-30.3824 1.99702 -31.4464
-27.2624 2.40002 -29.2584
-28.9184 1.82402 -25.8724
-26.0834 0.781024 -23.5304
-26.6194 -2.45098 -21.4844

-30.1074 -2.41398 -19.8444
-29.6864 -1.59798 -16.1384
-29.4664 -4.77398 -14.0564
-32.7024 -4.80698 -11.9704
-32.1644 -4.85998 -8.19439
-33.1934 -8.25498 -6.80739

-35.6154 -8.55598 -3.88239
-33.2774 -9.95498 -1.17539
-35.9654 -9.78698 1.63661
-36.0474 -13.647 1.77261
-32.2084 -13.657 2.30361
-30.7084 -13.5 5.81861

-30.4084 -9.73198 6.76261
-26.8794 -10.297 8.22061
-25.6844 -11.337 4.71661
-27.6194 -8.62098 2.77961
-26.2904 -5.79798 5.06961
-22.6264 -6.98598 4.71061

-22.5754 -6.98398 0.844611
-20.3334 -4.21898 -0.564389

-21.9944 -2.11398 -3.38739
-20.1194 -4.02298 -6.15439
-20.9524 -7.40398 -4.48439
-24.6844 -6.39898 -4.47339
-24.4504 -5.48798 -8.20339
-22.8314 -8.95098 -8.80439
-25.6764 -10.731 -6.90639
-28.2514 -8.72198 -8.95939
-26.4434 -9.64098 -12.2544
-26.3184 -13.347 -11.2654
-30.0844 -13.315 -10.4224
-30.9124 -11.463 -13.7154

-28.8614 -14.161 -15.6224
-31.1024 -16.758 -13.8204
-28.4004 -18.106 -11.4204

-26.2404 -19.453 -14.3244
-22.8444 -17.688 -14.3874
-19.0974 -17.794 -13.8714
-18.1834 -15.265 -11.1294

-14.5824 -14.611 -12.2784

-14.0234 -11.617 -9.92539
-10.3924 -11.201 -8.77339

-8.93637 -13.091 -5.75239
-10.2494 -11.85 -2.36639
-13.1214 -9.63698 -3.77639
-15.5944 -11.825 -1.74239

-16.7324 -14.452 -4.31939
-17.9004 -16.725 -1.41639
-20.2514 -14.092 0.165611
-21.7644 -13.3 -3.29639
-22.1704 -17.068 -4.06039
-23.9084 -17.764 -0.689389
-26.3034 -14.81 -1.35239
-27.1354 -15.951 -4.95539
-27.7344 -19.529 -3.68739
-29.8434 -18.286 -0.689389
-32.1154 -16.275 -3.07239

-32.7884 -19.748 -4.64339

-33.2724 -21.513 -1.16939
-36.7744 -22.663 -2.38039
-34.9384 -24.762 -5.08839
-32.5144 -26.674 -2.74039
-30.8694 -29.219 -1.98039

-27.6624 -27.254 -2.66239
-24.4394 -28.943 -3.88139
-21.1234 -27.134 -3.15339
-18.0204 -28.545 -4.92739
-14.7174 -27.163 -3.54739

-10.9384 -27.822 -3.16439
-10.3044 -30.626 -0.583389
-8.74437 -28.111 1.94261
-11.5774 -25.446 2.04861

-14.6464 -27.674 2.85261
-14.7834 -26.559 6.52461
-14.0424 -22.908 5.47961
-17.2534 -23.11 3.35561
-19.3024 -24.703 6.22461
-18.1564 -21.886 8.57861
-18.9974 -19.33 5.81861
-22.6104 -20.695 5.60961
-22.9704 -20.666 9.46061
-21.4844 -17.106 9.57261
-23.7114 -15.611 6.82761

-27.0094 -17.615 7.08961
-27.7394 -17.856 10.9056
-31.2764 -19.015 9.79761
-29.6524 -22.507 9.25561
-28.9184 -25.091 11.9666

-25.5204 -26.91 11.7066
-27.5264 -30.126 10.9296
-28.6684 -28.473 7.64061

-24.9794 -28.622 6.42561
-23.3934 -31.93 5.33761
-19.5694 -31.847 4.93061

-18.5904 -34.922 2.88461
-15.2044 -36.109 4.22161
-15.0894 -39.643 2.66261
-16.2934 -41.605 -0.415389
-18.6574 -43.626 1.91961
-20.6764 -40.614 3.16661
-24.2404 -39.723 2.00861
-23.9634 -36.779 -0.449389
-27.7044 -35.908 0.122611
-27.8074 -35.972 3.97661
-27.9964 -32.138 4.38561
-29.9684 -29.272 2.84461

-26.4764 -27.946 1.88761
-23.9534 -30.639 0.814611
-20.2244 -29.704 0.652611
-17.8974 -32.108 -1.26339
-14.4174 -32.101 -2.85939

-13.5464 -32.546 -6.57339
-11.6454 -35.815 -5.77539
-14.7214 -37.352 -4.03739
-17.1884 -36.575 -6.92839

-15.8144 -39.521 -9.01039
-16.1754 -41.879 -5.96739
-19.7314 -40.546 -5.30539
-20.9024 -40.621 -9.01139
-23.6194 -43.221 -8.10639
-25.1314 -40.642 -5.63839
-24.8434 -37.7 -8.16139
-27.9594 -39.239 -9.87239
-30.0764 -37.257 -7.32539
-30.9824 -33.943 -9.09839
-29.2554 -31.041 -7.30839
-31.1244 -28.021 -8.79039

-28.5924 -25.483 -7.35839
-24.8244 -26.104 -7.72139
-21.8954 -23.951 -6.54839
-18.4054 -24.916 -7.79039

-15.5504 -23.043 -6.09139
-12.2294 -22.671 -7.99939

-13.9544 -24.158 -11.1194
-10.6534 -24.013 -13.1184
-10.1404 -27.548 -11.6064
-12.6624 -28.672 -14.3264

-10.4464 -27.242 -17.2044
-9.74937 -30.715 -18.7614
-12.8014 -32.789 -19.8864
-10.8824 -36.154 -19.7884
-10.2744 -35.922 -15.9894

-12.4394 -38.075 -13.6584
-13.4564 -34.928 -11.6374
-14.7204 -33.215 -14.8434
-16.4744 -36.399 -16.1564
-18.3494 -36.711 -12.7984
-19.2014 -32.943 -12.4824
-20.3534 -32.159 -16.0754
-23.5884 -34.329 -16.1534
-24.8494 -32.592 -12.9494
-23.8924 -29.078 -14.2144
-25.7814 -29.632 -17.5364
-29.0364 -30.733 -15.7264

-28.9604 -28.45 -12.6154
-31.2604 -25.348 -12.8544

-28.7144 -22.922 -11.2544
-24.9074 -23.153 -11.7794
-22.6574 -20.729 -9.86039
-19.0334 -21.263 -10.9734
-16.3154 -19.327 -9.06239

-12.6274 -18.741 -9.96939
-9.88637 -16.094 -9.57739
-8.17837 -17.505 -12.6874
-10.8904 -19.028 -14.9824
-8.15137 -19.827 -17.4954
-4.73237 -20.762 -16.0274
-2.70937 -20.533 -19.3064
-4.84837 -20.991 -22.5144

-8.37437 -20.394 -24.0344
-9.03337 -24.202 -24.2514
-9.29037 -24.324 -20.3734
-12.5074 -22.176 -20.5294
-14.5164 -24.652 -22.6784
-15.7924 -26.832 -19.7644
-16.8694 -23.698 -17.7934
-18.6264 -22.212 -20.9084
-20.6474 -25.444 -21.5264
-21.4334 -25.732 -17.7644
-22.9924 -22.189 -17.7464

-24.4954 -22.46 -21.3224
-24.8804 -26.176 -22.4074
-26.0604 -25.057 -25.9304
-22.8234 -23.096 -26.6584
-20.2254 -25.042 -28.7424
-21.7884 -28.591 -28.3794
-18.4644 -30.023 -29.7214

-14.9894 -28.825 -28.5794
-13.6074 -28.828 -32.1824
-15.7544 -25.773 -33.1804
-14.4534 -23.837 -30.1094
-10.8534 -25.005 -30.8184
-10.9164 -23.968 -34.5344
-12.1264 -20.44 -33.5804
-10.2914 -19.626 -30.2924

-7.39837 -22.157 -29.9144
-5.73937 -21.674 -33.3924
-6.38737 -25.383 -34.0084

-3.81037 -27.03 -36.3394
-4.05937 -30.378 -38.1814
-0.779371 -32.221 -37.4244

0.216629 -35.703 -38.8524
-0.833371 -37.27 -35.4654

-4.18937 -35.377 -35.0584
-5.35337 -31.894 -33.9644
-3.26337 -29.469 -31.8824

-5.27437 -26.998 -29.6884
-2.34337 -25.382 -27.7294
-2.67437 -22.055 -29.6224
-4.89337 -18.968 -29.2764
-7.02137 -16.908 -31.7154
-9.77637 -14.213 -31.7934

-9.31637 -13.496 -28.0184
-11.1474 -10.098 -28.1174
-14.2474 -11.874 -29.5744
-13.9224 -14.588 -26.8704
-13.7414 -11.82 -24.1774
-16.9494 -10.182 -25.5464
-18.7824 -13.577 -25.6554
-17.6704 -14.4 -22.0684
-18.7294 -11.002 -20.5814
-22.1314 -10.952 -22.3944
-23.3084 -14.561 -21.8594

-21.0774 -16.563 -19.3934

-18.9444 -14.505 -17.0094
-19.0024 -11.611 -14.5384

-15.3994 -10.369 -14.0054
-14.0924 -7.36798 -12.0164
-10.5174 -6.53298 -11.0424

-8.99137 -5.04898 -7.81439
-8.38037 -1.84498 -9.83639
-12.1354 -1.59598 -10.7364
-13.5754 -1.96598 -7.17639

-10.7644 -1.47098 -4.55439
-8.80337 1.76402 -5.38539
-7.38937 1.52702 -1.78539
-5.38437 -1.74098 -2.20139

-1.58537 -1.04698 -2.21639
0.167629 -1.78098 -5.54039

1.82363 -5.15098 -6.28339
5.43963 -4.30298 -7.26139
6.97663 -7.19298 -9.26339
10.6556 -7.69098 -10.2104
13.0176 -10.3 -11.6124
16.0586 -10.995 -9.37139
18.8776 -12.549 -11.4264

20.6576 -14.75 -8.83539
24.3726 -14.931 -9.64539

25.3566 -18.162 -11.5684
28.9716 -17.691 -10.2404
27.9336 -19.883 -7.21839

26.8926 -22.672 -9.70339
30.0306 -24.853 -9.63739

31.5366 -26.126 -12.9354
30.2246 -29.744 -12.3944
26.6026 -28.546 -11.8434
26.8796 -26.216 -14.9044
28.3086 -29.061 -17.0564
25.3706 -31.278 -15.8714
22.8246 -28.543 -16.8694
24.6216 -28.145 -20.2594
24.5346 -31.971 -20.6904
20.7616 -32.28 -19.9424
20.0736 -29.228 -22.2104
22.0286 -30.904 -25.0974
20.2546 -34.217 -24.3064
16.7576 -32.665 -24.8904
17.8486 -31.334 -28.3614

19.3286 -34.664 -29.6134
17.4986 -35.762 -32.8184
17.6396 -39.542 -32.2834
15.7686 -39.703 -28.8984
12.1956 -40.931 -28.3914

9.39963 -38.544 -27.2374
9.71863 -40.206 -23.7744
13.5406 -39.747 -23.4854
12.9896 -36.045 -24.4564
10.4006 -35.692 -21.5814
12.7686 -37.512 -19.1444
15.7176 -35.22 -20.1014
13.3666 -32.182 -19.6454
12.3516 -33.384 -16.1214
16.0666 -33.965 -15.3144
17.0366 -30.444 -16.5864
14.2096 -28.905 -14.4714
15.1646 -30.854 -11.2734
18.8976 -29.937 -11.8404
17.8476 -26.247 -12.2004
16.1966 -26.436 -8.74039
19.3566 -28.017 -7.17139
21.6566 -25.456 -8.89939
19.6576 -22.482 -7.45339
19.6046 -23.678 -3.75539
22.8916 -21.925 -2.61839
21.9546 -18.492 -4.09039
18.2696 -18.847 -3.05039
19.6106 -19.395 0.520611
22.0826 -16.452 0.133611
19.1556 -14.201 -0.949389
16.8436 -15.353 1.94061
19.6486 -14.585 4.45161
20.3026 -11.135 2.82661
16.5536 -10.338 3.30261
16.6806 -11.349 7.02761
20.0056 -9.48398 7.61761

18.3476 -6.40498 5.93461
15.8676 -6.41998 8.90861
12.6986 -7.71698 7.11761
10.0046 -8.66998 9.64561
7.75163 -11.019 7.52161

7.97063 -12.614 4.04061
6.80263 -15.69 2.06961
9.17263 -18.052 0.194611
7.58663 -20.119 -2.60939
9.20763 -23.274 -4.08039

7.82563 -26.575 -5.55739
10.7036 -29.119 -5.50239

10.8346 -30.803 -2.04939
14.6976 -30.601 -1.99139
14.4676 -26.744 -2.23339
11.8646 -26.559 0.610611
14.0256 -28.994 2.69661
17.2906 -27.012 2.14261
15.6136 -23.633 2.98861
14.0606 -25.062 6.22761
17.3966 -26.695 7.25761
19.3386 -23.392 6.83761
16.6526 -21.379 8.74561
16.8706 -23.97 11.6106
20.7326 -23.746 11.4956

20.4446 -19.891 11.7516
17.7766 -20.323 14.5526
15.1986 -18.363 12.4506
11.5946 -19.05 13.5196

9.59163 -20.041 10.4086
6.50663 -22.009 9.24261
6.42863 -24.726 6.52661
3.42663 -25.827 4.38261

3.69263 -28.549 1.68461
1.85963 -31.645 0.270611
2.43763 -33.562 3.57961
1.00363 -30.813 5.89561
-2.50937 -31.818 7.08461
-5.67237 -29.722 6.42861
-6.04537 -28.614 10.1166

-2.28737 -27.972 10.7036
-2.29637 -25.747 7.53661
-4.85737 -23.415 9.20061
-3.00837 -23.47 12.5846
0.427629 -22.682 10.9766
-1.31337 -19.913 8.95361
-2.64737 -18.425 12.2536
0.829629 -18.808 13.9066
2.47763 -16.792 11.0386
-0.370371 -14.192 11.0886
-0.444371 -13.628 14.8996

3.18863 -14.291 16.0336
5.77263 -11.509 15.3476
8.57563 -14.137 15.7976
7.76463 -16.141 12.6196
9.73363 -14.16 9.99861

9.59163 -16.684 7.08561
6.83163 -18.855 5.60661
8.29363 -21.717 3.47661
5.43763 -22.627 1.10361
4.86363 -25.155 -1.68439

3.55163 -23.259 -4.78539
1.12263 -26.169 -5.49439
0.0596288 -27.018 -1.89739
-0.427371 -23.424 -0.530389
-2.14937 -21.895 -3.66339
-5.61037 -22.369 -1.97539
-7.60837 -21.413 1.17561
-4.84137 -19.647 3.17061
-4.39237 -15.875 3.85561
-0.939371 -14.332 4.56461
-1.77637 -10.597 5.01061
0.933629 -10.265 7.76361
3.71763 -10.33 5.09061
4.60163 -7.52498 2.59361

7.04863 -9.60198 0.451611
6.73963 -12.766 -1.69039
9.90663 -14.533 -2.97539
9.52963 -17.166 -5.71939

12.6896 -19.289 -5.27539
11.4806 -21.309 -8.30639
9.46963 -20.506 -11.4544
6.27663 -22.471 -12.2504
5.19063 -23.025 -15.9174
1.54463 -22.053 -15.1724

1.00463 -18.276 -14.5244
-2.46837 -18.824 -12.9614
-0.767371 -20.691 -10.0414
1.85163 -17.895 -9.62639
-0.985371 -15.267 -9.47239
-2.86537 -17.507 -6.93739
0.312629 -17.514 -4.75739
0.786629 -13.663 -4.98939

-2.91137 -13.188 -3.97139
-2.23737 -15.035 -0.687389
-0.616371 -11.755 0.577611
-2.54837 -9.23298 -1.56739
-5.93237 -9.72598 0.256611
-8.47237 -7.55198 2.13961
-6.54837 -6.60998 5.33661
-3.24037 -5.83798 3.51461
-2.01137 -2.23798 4.22861
1.51063 -2.30698 2.61561
2.61363 -2.34398 -1.07039

3.23563 -6.02498 -1.89339
6.72563 -6.84598 -3.22539
6.98763 -9.89698 -5.56039
10.5486 -11.149 -6.30139
11.0526 -13.833 -9.01339
14.4726 -15.528 -8.50539
16.0056 -16.544 -11.9084

19.3946 -18.044 -12.9304
21.0956 -17.525 -16.3594
22.2016 -20.89 -17.8834
19.1786 -22.865 -16.4654
15.5066 -23.865 -17.0914

14.4946 -20.281 -16.0124
15.8136 -18.937 -19.3964
13.0336 -20.945 -21.2064
10.3346 -20.868 -18.4724
10.2986 -17.054 -18.0524
9.48763 -16.212 -21.7664
6.90263 -19.099 -21.7164
5.19363 -17.662 -18.5724
5.20663 -14.149 -20.1894
3.51363 -15.232 -23.4714
0.912629 -17.157 -21.3564
0.0706288 -14.022 -19.2374
-0.289371 -12.03 -22.5094
-2.76237 -14.675 -23.8744
-4.68437 -14.409 -20.5424
-4.66937 -10.545 -20.7064
-5.89637 -10.461 -24.3764

-8.76937 -12.783 -23.2594
-9.56937 -10.241 -20.4144
-8.49337 -12.842 -17.7704
-5.47337 -10.935 -16.2944
-4.29837 -7.31998 -15.7224
-0.840371 -8.75898 -14.9874
1.63363 -7.62298 -17.6324
5.07363 -9.29498 -17.1594
6.95863 -7.48898 -20.0484

7.96463 -4.39998 -17.9664
10.0126 -6.58898 -15.5234
12.3596 -7.90598 -18.3024
13.2106 -4.50898 -19.8614

14.4756 -3.54998 -16.3314
16.9606 -6.52298 -15.9084

End chain 1
