-13.201 -6.296 -53.957
-10.703 -3.406 -53.291
-9.54 -3.087 -49.639
-11.02 0.322 -48.639
-8.614 1.85 -46.053
-10.787 3.126 -43.162

-9.634 6.195 -41.181
-10.061 4.9 -37.589
-10.286 6.838 -34.306
-12.195 7.103 -30.979
-14.163 9.439 -28.711
-12.619 10.223 -25.263
-14.157 12.207 -22.344

-11.943 15.248 -21.466
-14.301 16.978 -18.949
-17.827 16.65 -17.399
-19.139 18.761 -20.353

-16.752 17.96 -23.312
-15.482 14.956 -25.281
-12.62 14.751 -27.824
-12.437 12.939 -31.204
-8.982 11.264 -31.393
-8.672 10.357 -35.1

-6.282 10.744 -38.079
-6.98 13.557 -40.6
-9.895 13.022 -43.051

-11.208 15.853 -45.293
-14.92 14.856 -45.011
-14.611 14.37 -41.226
-13.015 17.857 -40.827
-15.875 19.254 -42.999
-18.403 17.482 -40.669
-16.559 18.759 -37.515
-16.844 22.341 -38.957

-20.697 21.797 -39.029
-20.861 21.033 -35.24
-22.116 23.933 -33.104
-20.016 23.255 -29.939
-16.791 22.621 -31.971

-13.393 23.436 -30.391
-10.011 22.816 -32.063
-6.805 22.812 -29.99

-3.883 23.919 -32.209
-1.328 22.314 -29.773
-2.753 18.736 -29.691
-4.334 19.137 -33.217

-7.578 17.622 -31.79
-11.313 18.386 -31.995
-13.683 18.544 -28.991
-17.466 19.001 -28.65
-20.131 19.402 -25.91

-21.257 16.038 -24.476
-24.923 16.743 -25.497
-23.731 16.722 -29.178
-22.178 13.179 -28.839
-25.228 11.354 -30.322
-25.57 14.044 -33.093
-21.852 13.682 -34.021
-21.815 9.829 -34.037
-25.045 9.774 -36.128
-23.507 12.176 -38.75
-20.093 10.348 -38.803

-22.0502 7.09476 -39.6536
-24.294 4.03166 -39.4517
-25.0439 1.37718 -36.7362
-25.1407 -2.17172 -38.1071
-28.773 -2.28398 -39.1365

-32.2873 -3.62189 -39.1647
-32.861 -5.92345 -36.1283
-33.6993 -8.87393 -33.9069
-31.9031 -12.1125 -34.577

-34.4581 -10.5225 -32.133
-34.1021 -9.86853 -28.388
-34.5901 -13.3025 -26.671
-38.0341 -14.2225 -25.248
-36.4751 -13.9425 -21.731
-35.7741 -10.1915 -22.288
-39.2041 -9.57553 -23.907
-40.8631 -11.2405 -20.854
-38.6601 -9.24853 -18.385

-39.2681 -5.85253 -20.13
-42.9081 -6.61853 -21.19
-44.0911 -3.28953 -19.599

-41.4541 -1.17753 -21.439
-42.2401 -2.97153 -24.772
-45.8711 -1.62453 -24.385

-45.2541 2.03047 -23.273
-44.7621 4.88447 -25.813
-43.7341 7.03147 -22.772
-40.6141 7.43447 -20.584
-42.2701 6.85847 -17.198
-39.4351 5.81547 -14.856
-39.9711 2.58347 -12.81

-43.4591 2.62047 -11.17
-43.0381 3.43647 -7.46405
-42.8181 0.260469 -5.38205
-46.0541 0.227469 -3.29605
-45.5161 0.174469 0.479955
-46.5451 -3.22053 1.86695

-48.9671 -3.52153 4.79195
-46.6291 -4.92053 7.49895
-49.3171 -4.75253 10.311
-49.3991 -8.61253 10.447
-45.5601 -8.62253 10.978
-44.0601 -8.46553 14.493

-43.7601 -4.69753 15.437
-40.2311 -5.26253 16.895
-39.0361 -6.30253 13.391
-40.9711 -3.58653 11.454
-39.6421 -0.763531 13.744
-35.9781 -1.95153 13.385

-35.9271 -1.94953 9.51895
-33.6851 0.815469 8.10995

-35.3461 2.92047 5.28695
-33.4711 1.01147 2.51995
-34.3041 -2.36953 4.18995
-38.0361 -1.36453 4.20095
-37.8021 -0.453531 0.470955
-36.1831 -3.91653 -0.130045
-39.0281 -5.69653 1.76795
-41.6031 -3.68753 -0.285045
-39.7951 -4.60653 -3.58005
-39.6701 -8.31253 -2.59105
-43.4361 -8.28053 -1.74805
-44.2641 -6.42853 -5.04105

-42.2131 -9.12653 -6.94805
-44.4541 -11.7235 -5.14605
-41.7521 -13.0715 -2.74605

-39.5921 -14.4185 -5.65005
-36.1961 -12.6535 -5.71305
-32.4491 -12.7595 -5.19705
-31.5351 -10.2305 -2.45505

-27.9341 -9.57653 -3.60405

-27.3751 -6.58253 -1.25105
-23.7441 -6.16653 -0.0990452

-22.2881 -8.05653 2.92195
-23.6011 -6.81553 6.30795
-26.4731 -4.60253 4.89795
-28.9461 -6.79053 6.93195

-30.0841 -9.41753 4.35495
-31.2521 -11.6905 7.25795
-33.6031 -9.05753 8.83995
-35.1161 -8.26553 5.37795
-35.5221 -12.0335 4.61395
-37.2601 -12.7295 7.98495
-39.6551 -9.77553 7.32195
-40.4871 -10.9165 3.71895
-41.0861 -14.4945 4.98695
-43.1951 -13.2515 7.98495
-45.4671 -11.2405 5.60195

-46.1401 -14.7135 4.03095

-46.6241 -16.4785 7.50495
-50.1261 -17.6285 6.29395
-48.2901 -19.7275 3.58595
-45.8661 -21.6395 5.93395
-44.2211 -24.1845 6.69395

-41.0141 -22.2195 6.01195
-37.7911 -23.9085 4.79295
-34.4751 -22.0995 5.52095
-31.3721 -23.5105 3.74695
-28.0691 -22.1285 5.12695

-24.2901 -22.7875 5.50995
-23.6561 -25.5915 8.09095
-22.0961 -23.0765 10.617
-24.9291 -20.4115 10.723

-27.9981 -22.6395 11.527
-28.1351 -21.5245 15.199
-27.3941 -17.8735 14.154
-30.6051 -18.0755 12.03
-32.6541 -19.6685 14.899
-31.5081 -16.8515 17.253
-32.3491 -14.2955 14.493
-35.9621 -15.6605 14.284
-36.3221 -15.6315 18.135
-34.8361 -12.0715 18.247
-37.0631 -10.5765 15.502

-40.3611 -12.5805 15.764
-41.0911 -12.8215 19.58
-44.6281 -13.9805 18.472
-43.0041 -17.4725 17.93
-42.2701 -20.0565 20.641

-38.8721 -21.8755 20.381
-40.8781 -25.0915 19.604
-42.0201 -23.4385 16.315

-38.3311 -23.5875 15.1
-36.7451 -26.8955 14.012
-32.9211 -26.8125 13.605

-31.9421 -29.8875 11.559
-28.5561 -31.0745 12.896
-28.4411 -34.6085 11.337
-29.6451 -36.5705 8.25895
-32.0091 -38.5915 10.594
-34.0281 -35.5795 11.841
-37.5921 -34.6885 10.683
-37.3151 -31.7445 8.22495
-41.0561 -30.8735 8.79695
-41.1591 -30.9375 12.651
-41.3481 -27.1035 13.06
-43.3201 -24.2375 11.519

-39.8281 -22.9115 10.562
-37.3051 -25.6045 9.48895
-33.5761 -24.6695 9.32695
-31.2491 -27.0735 7.41095
-27.7691 -27.0665 5.81495

-26.8981 -27.5115 2.10095
-24.9971 -30.7805 2.89895
-28.0731 -32.3175 4.63695
-30.5401 -31.5405 1.74595

-29.1661 -34.4865 -0.336045
-29.5271 -36.8445 2.70695
-33.0831 -35.5115 3.36895
-34.2541 -35.5865 -0.337045
-36.9711 -38.1865 0.567955
-38.4831 -35.6075 3.03595
-38.1951 -32.6655 0.512955
-41.3111 -34.2045 -1.19805
-43.4281 -32.2225 1.34895
-44.3341 -28.9085 -0.424045
-42.6071 -26.0065 1.36595
-44.4761 -22.9865 -0.116045

-41.9441 -20.4485 1.31595
-38.1761 -21.0695 0.952955
-35.2471 -18.9165 2.12595
-31.7571 -19.8815 0.883955

-28.9021 -18.0085 2.58295
-25.5811 -17.6365 0.674955

-27.3061 -19.1235 -2.44505
-24.0051 -18.9785 -4.44405
-23.4921 -22.5135 -2.93205
-26.0141 -23.6375 -5.65205

-23.7981 -22.2075 -8.53005
-23.1011 -25.6805 -10.087
-26.1531 -27.7545 -11.212
-24.2341 -31.1195 -11.114
-23.6261 -30.8875 -7.31505

-25.7911 -33.0405 -4.98405
-26.8081 -29.8935 -2.96305
-28.0721 -28.1805 -6.16905
-29.8261 -31.3645 -7.48205
-31.7011 -31.6765 -4.12405
-32.5531 -27.9085 -3.80805
-33.7051 -27.1245 -7.40105
-36.9401 -29.2945 -7.47905
-38.2011 -27.5575 -4.27505
-37.2441 -24.0435 -5.54005
-39.1331 -24.5975 -8.86205
-42.3881 -25.6985 -7.05205

-42.3121 -23.4155 -3.94105
-44.6121 -20.3135 -4.18005

-42.0661 -17.8875 -2.58005
-38.2591 -18.1185 -3.10505
-36.0091 -15.6945 -1.18605
-32.3851 -16.2285 -2.29905
-29.6671 -14.2925 -0.388045

-25.9791 -13.7065 -1.29505
-23.2381 -11.0595 -0.903045
-21.5301 -12.4705 -4.01305
-24.2421 -13.9935 -6.30805
-21.5031 -14.7925 -8.82105
-18.0841 -15.7275 -7.35305
-16.0611 -15.4985 -10.632
-18.2001 -15.9565 -13.84

-21.7261 -15.3595 -15.36
-22.3851 -19.1675 -15.577
-22.6421 -19.2895 -11.699
-25.8591 -17.1415 -11.855
-27.8681 -19.6175 -14.004
-29.1441 -21.7975 -11.09
-30.2211 -18.6635 -9.11905
-31.9781 -17.1775 -12.234
-33.9991 -20.4095 -12.852
-34.7851 -20.6975 -9.09005
-36.3441 -17.1545 -9.07205

-37.8471 -17.4255 -12.648
-38.2321 -21.1415 -13.733
-39.4121 -20.0225 -17.256
-36.1751 -18.0615 -17.984
-33.5771 -20.0075 -20.068
-35.1401 -23.5565 -19.705
-31.8161 -24.9885 -21.047

-28.3411 -23.7905 -19.905
-26.9591 -23.7935 -23.508
-29.1061 -20.7385 -24.506
-27.8051 -18.8025 -21.435
-24.2051 -19.9705 -22.144
-24.2681 -18.9335 -25.86
-25.4781 -15.4055 -24.906
-23.6431 -14.5915 -21.618

-20.7501 -17.1225 -21.24
-19.0911 -16.6395 -24.718
-19.7391 -20.3485 -25.334

-17.1621 -21.9955 -27.665
-17.4111 -25.3435 -29.507
-14.1311 -27.1865 -28.75

-13.1351 -30.6685 -30.178
-14.1851 -32.2355 -26.791

-17.5411 -30.3425 -26.384
-18.7051 -26.8595 -25.29
-16.6151 -24.4345 -23.208

-18.6261 -21.9635 -21.014
-15.6951 -20.3475 -19.055
-16.0261 -17.0205 -20.948
-18.2451 -13.9335 -20.602
-20.3731 -11.8735 -23.041
-23.1281 -9.17853 -23.119

-22.6681 -8.46153 -19.344
-24.4991 -5.06353 -19.443
-27.5991 -6.83953 -20.9
-27.2741 -9.55353 -18.196
-27.0931 -6.78553 -15.503
-30.3011 -5.14753 -16.872
-32.1341 -8.54253 -16.981
-31.0221 -9.36553 -13.394
-32.0811 -5.96753 -11.907
-35.4831 -5.91753 -13.72
-36.6601 -9.52653 -13.185

-34.4291 -11.5285 -10.719

-32.2961 -9.47053 -8.33505
-32.3541 -6.57653 -5.86405

-28.7511 -5.33453 -5.33105
-27.4441 -2.33353 -3.34205
-23.8691 -1.49853 -2.36805

-22.3431 -0.0145307 0.859955
-21.7321 3.18947 -1.16205
-25.4871 3.43847 -2.06205
-26.9271 3.06847 1.49795

-24.1161 3.56347 4.11995
-22.1551 6.79847 3.28895
-20.7411 6.56147 6.88895
-18.7361 3.29347 6.47295

-14.9371 3.98747 6.45795
-13.1841 3.25347 3.13395

-11.5281 -0.116531 2.39095
-7.91207 0.731469 1.41295
-6.37507 -2.15853 -0.589045
-2.69607 -2.65653 -1.53605
-0.334073 -5.26553 -2.93805
2.70693 -5.96053 -0.697045
5.52593 -7.51453 -2.75205

7.30593 -9.71553 -0.161045
11.0209 -9.89653 -0.971045

12.0049 -13.1275 -2.89405
15.6199 -12.6565 -1.56605
14.5819 -14.8485 1.45595

13.5409 -17.6375 -1.02905
16.6789 -19.8185 -0.963045

18.1849 -21.0915 -4.26105
16.8729 -24.7095 -3.72005
13.2509 -23.5115 -3.16905
13.5279 -21.1815 -6.23005
14.9569 -24.0265 -8.38205
12.0189 -26.2435 -7.19705
9.47293 -23.5085 -8.19505
11.2699 -23.1105 -11.585
11.1829 -26.9365 -12.016
7.40993 -27.2455 -11.268
6.72193 -24.1935 -13.536
8.67693 -25.8695 -16.423
6.90293 -29.1825 -15.632
3.40593 -27.6305 -16.216
4.49693 -26.2995 -19.687

5.97693 -29.6295 -20.939
4.14693 -30.7275 -24.144
4.28793 -34.5075 -23.609
2.41693 -34.6685 -20.224
-1.15607 -35.8965 -19.717

-3.95207 -33.5095 -18.563
-3.63307 -35.1715 -15.1
0.188927 -34.7125 -14.811
-0.362073 -31.0105 -15.782
-2.95107 -30.6575 -12.907
-0.583073 -32.4775 -10.47
2.36593 -30.1855 -11.427
0.0149268 -27.1475 -10.971
-1.00007 -28.3495 -7.44705
2.71493 -28.9305 -6.64005
3.68493 -25.4095 -7.91205
0.857927 -23.8705 -5.79705
1.81293 -25.8195 -2.59905
5.54593 -24.9025 -3.16605
4.49593 -21.2125 -3.52605
2.84493 -21.4015 -0.0660452
6.00493 -22.9825 1.50295
8.30493 -20.4215 -0.225045
6.30593 -17.4475 1.22095
6.25293 -18.6435 4.91895
9.53993 -16.8905 6.05595
8.60293 -13.4575 4.58395
4.91793 -13.8125 5.62395
6.25893 -14.3605 9.19495
8.73093 -11.4175 8.80795
5.80393 -9.16653 7.72495
3.49193 -10.3185 10.615
6.29693 -9.55053 13.126
6.95093 -6.10053 11.501
3.20193 -5.30353 11.977
3.32893 -6.31453 15.702
6.65393 -4.44953 16.292

4.99593 -1.37053 14.609
2.51593 -1.38553 17.583
-0.653073 -2.68253 15.792
-3.34707 -3.63553 18.32
-5.60007 -5.98453 16.196

-5.38107 -7.57953 12.715
-6.54907 -10.6555 10.744
-4.17907 -13.0175 8.86895
-5.76507 -15.0845 6.06495
-4.14407 -18.2395 4.59395

-5.52607 -21.5405 3.11695
-2.64807 -24.0845 3.17195

-2.51707 -25.7685 6.62495
1.34593 -25.5665 6.68295
1.11593 -21.7095 6.44095
-1.48707 -21.5245 9.28495
0.673927 -23.9595 11.371
3.93893 -21.9775 10.817
2.26193 -18.5985 11.663
0.708927 -20.0275 14.902
4.04493 -21.6605 15.932
5.98693 -18.3575 15.512
3.30093 -16.3445 17.42
3.51893 -18.9355 20.285
7.38093 -18.7115 20.17

7.09293 -14.8565 20.426
4.42493 -15.2885 23.227
1.84693 -13.3285 21.125
-1.75707 -14.0155 22.194

-3.76007 -15.0065 19.083
-6.84507 -16.9745 17.917
-6.92307 -19.6915 15.201
-9.92507 -20.7925 13.057

-9.65907 -23.5145 10.359
-11.4921 -26.6105 8.94495
-10.9141 -28.5275 12.254
-12.3481 -25.7785 14.57
-15.8611 -26.7835 15.759
-19.0241 -24.6875 15.103
-19.3971 -23.5795 18.791

-15.6391 -22.9375 19.378
-15.6481 -20.7125 16.211
-18.2091 -18.3805 17.875
-16.3601 -18.4355 21.259
-12.9241 -17.6475 19.651
-14.6651 -14.8785 17.628
-15.9991 -13.3905 20.928
-12.5221 -13.7735 22.581
-10.8741 -11.7575 19.713
-13.7221 -9.15753 19.763
-13.7961 -8.59353 23.574

-10.1631 -9.25653 24.708
-7.57907 -6.47453 24.022
-4.77607 -9.10253 24.472
-5.58707 -11.1065 21.294
-3.61807 -9.12553 18.673

-3.76007 -11.6495 15.76
-6.52007 -13.8205 14.281
-5.05807 -16.6825 12.151
-7.91407 -17.5925 9.77795
-8.48807 -20.1205 6.98995

-9.80007 -18.2245 3.88895
-12.2291 -21.1345 3.17995
-13.2921 -21.9835 6.77695
-13.7791 -18.3895 8.14395
-15.5011 -16.8605 5.01095
-18.9621 -17.3345 6.69895
-20.9601 -16.3785 9.84995
-18.1931 -14.6125 11.845
-17.7441 -10.8405 12.53
-14.2911 -9.29753 13.239
-15.1281 -5.56253 13.685
-12.4181 -5.23053 16.438
-9.63407 -5.29553 13.765
-8.75007 -2.49053 11.268

-6.30307 -4.56753 9.12595
-6.61207 -7.73153 6.98395
-3.44507 -9.49853 5.69895
-3.82207 -12.1315 2.95495

-0.662073 -14.2545 3.39895
-1.87107 -16.2745 0.367955
-3.88207 -15.4715 -2.78005
-7.07507 -17.4365 -3.57605
-8.16107 -17.9905 -7.24305
-11.8071 -17.0185 -6.49805

-12.3471 -13.2415 -5.85005
-15.8201 -13.7895 -4.28705
-14.1191 -15.6565 -1.36705
-11.5001 -12.8605 -0.952045
-14.3371 -10.2325 -0.798045
-16.2171 -12.4725 1.73695
-13.0391 -12.4795 3.91695
-12.5651 -8.62853 3.68495

-16.2631 -8.15353 4.70295
-15.5891 -10.0005 7.98695
-13.9681 -6.72053 9.25195
-15.9001 -4.19853 7.10695
-19.2841 -4.69153 8.93095
-21.8241 -2.51753 10.814
-19.9001 -1.57553 14.011
-16.5921 -0.803531 12.189
-15.3631 2.79647 12.903
-11.8411 2.72747 11.29
-10.7381 2.69047 7.60395

-10.1161 -0.990531 6.78095
-6.62607 -1.81153 5.44895
-6.36407 -4.86253 3.11395
-2.80307 -6.11453 2.37295
-2.29907 -8.79853 -0.339045
1.12093 -10.4935 0.168955
2.65393 -11.5095 -3.23405

6.04293 -13.0095 -4.25605
7.74393 -12.4905 -7.68505
8.84993 -15.8555 -9.20905
5.82693 -17.8305 -7.79105
2.15493 -18.8305 -8.41705

1.14293 -15.2465 -7.33805
2.46193 -13.9025 -10.722
-0.318073 -15.9105 -12.532
-3.01707 -15.8335 -9.79805
-3.05307 -12.0195 -9.37805
-3.86407 -11.1775 -13.092
-6.44907 -14.0645 -13.042
-8.15807 -12.6275 -9.89805
-8.14507 -9.11453 -11.515
-9.83807 -10.1975 -14.797
-12.4391 -12.1225 -12.682
-13.2811 -8.98753 -10.563
-13.6411 -6.99553 -13.835
-16.1141 -9.64053 -15.2
-18.0361 -9.37453 -11.868
-18.0211 -5.51053 -12.032
-19.2481 -5.42653 -15.702

-22.1211 -7.74853 -14.585
-22.9211 -5.20653 -11.74
-21.8451 -7.80753 -9.09605
-18.8251 -5.90053 -7.62005
-17.6501 -2.28553 -7.04805
-14.1921 -3.72453 -6.31305
-11.7181 -2.58853 -8.95805
-8.27807 -4.26053 -8.48505
-6.39307 -2.45453 -11.374

-5.38707 0.634469 -9.29205
-3.33907 -1.55453 -6.84905
-0.992073 -2.87153 -9.62805
-0.141073 0.525469 -11.187

1.12393 1.48447 -7.65705
3.60893 -1.48853 -7.23405

End chain 1
