-13.201 -6.296 -53.957
-10.703 -3.406 -53.291
-9.54 -3.087 -49.639
-11.02 0.322 -48.639
-8.614 1.85 -46.053
-10.787 3.126 -43.162

-9.634 6.195 -41.181
-10.061 4.9 -37.589
-10.286 6.838 -34.306
-12.195 7.103 -30.979
-14.163 9.439 -28.711
-12.619 10.223 -25.263
-14.157 12.207 -22.344

-11.943 15.248 -21.466
-14.301 16.978 -18.949
-17.827 16.65 -17.399
-19.139 18.761 -20.353

-16.752 17.96 -23.312
-15.482 14.956 -25.281
-12.62 14.751 -27.824
-12.437 12.939 -31.204
-8.982 11.264 -31.393
-8.672 10.357 -35.1

-6.282 10.744 -38.079
-6.98 13.557 -40.6
-9.895 13.022 -43.051

-11.208 15.853 -45.293
-14.92 14.856 -45.011
-14.611 14.37 -41.226
-13.015 17.857 -40.827
-15.875 19.254 -42.999
-18.403 17.482 -40.669
-16.559 18.759 -37.515
-16.844 22.341 -38.957

-20.697 21.797 -39.029
-20.861 21.033 -35.24
-22.116 23.933 -33.104
-20.016 23.255 -29.939
-16.791 22.621 -31.971

-13.393 23.436 -30.391
-10.011 22.816 -32.063
-6.805 22.812 -29.99

-3.883 23.919 -32.209
-1.328 22.314 -29.773
-2.753 18.736 -29.691
-4.334 19.137 -33.217

-7.578 17.622 -31.79
-11.313 18.386 -31.995
-13.683 18.544 -28.991
-17.466 19.001 -28.65
-20.131 19.402 -25.91

-21.257 16.038 -24.476
-24.923 16.743 -25.497
-23.731 16.722 -29.178
-22.178 13.179 -28.839
-25.228 11.354 -30.322
-25.57 14.044 -33.093
-21.852 13.682 -34.021
-21.815 9.829 -34.037
-25.045 9.774 -36.128
-23.507 12.176 -38.75
-20.093 10.348 -38.803

-21.793 6.948 -39.527
-22.962 8.546 -42.834
-19.328 9.196 -43.991
-17.677 6.563 -46.261
-14.251 5.2 -45.121

-14.46 6.789 -41.562
-14.765 4.819 -38.279
-15.142 6.964 -35.114
-15.663 4.659 -32.101

-18.218 6.249 -29.657
-17.862 6.903 -25.912
-18.35 3.469 -24.195
-21.794 2.549 -22.772
-20.235 2.829 -19.255
-19.534 6.58 -19.812
-22.964 7.196 -21.431
-24.623 5.531 -18.378
-22.42 7.523 -15.909

-21.806 10.8173 -17.6668
-21.4107 14.1764 -19.5575
-23.286 16.8628 -17.6405

-25.8975 19.5711 -17.1042
-23.8382 21.1414 -14.3228
-20.7318 21.1783 -16.5118

-20.1148 24.8333 -15.3998
-19.6228 27.6873 -17.9398
-18.5948 29.8343 -14.8988
-15.4748 30.2373 -12.7108
-17.1308 29.6613 -9.32476
-14.2958 28.6183 -6.98276
-14.8318 25.3863 -4.93676

-18.3198 25.4233 -3.29676
-17.8988 26.2393 0.409237
-17.6788 23.0633 2.49124
-20.9148 23.0303 4.57724
-20.3768 22.9773 8.35324
-21.4058 19.5823 9.74024

-23.8278 19.2813 12.6652
-21.4898 17.8823 15.3722
-24.1778 18.0503 18.1842
-24.2598 14.1903 18.3202
-20.4208 14.1803 18.8512
-18.9208 14.3373 22.3662

-18.6208 18.1053 23.3102
-15.0918 17.5403 24.7682
-13.8968 16.5003 21.2642
-15.8318 19.2163 19.3272
-14.5028 22.0393 21.6172
-10.8388 20.8513 21.2582

-10.7878 20.8533 17.3922
-8.54576 23.6183 15.9832

-10.2068 25.7233 13.1602
-8.33176 23.8143 10.3932
-9.16476 20.4333 12.0632
-12.8968 21.4383 12.0742
-12.6628 22.3493 8.34424
-11.0438 18.8863 7.74324
-13.8888 17.1063 9.64124
-16.4638 19.1153 7.58824
-14.6558 18.1963 4.29324
-14.5308 14.4903 5.28224
-18.2968 14.5223 6.12524
-19.1248 16.3743 2.83224

-17.0738 13.6763 0.925237
-19.3148 11.0793 2.72724
-16.6128 9.73133 5.12724

-14.4528 8.38433 2.22324
-11.0568 10.1493 2.16024
-7.30976 10.0433 2.67624
-6.39576 12.5723 5.41824

-2.79476 13.2263 4.26924

-2.23576 16.2203 6.62224
1.39524 16.6363 7.77424

2.85124 14.7463 10.7952
1.53824 15.9873 14.1812
-1.33376 18.2003 12.7712
-3.80676 16.0123 14.8052

-4.94476 13.3853 12.2282
-6.11276 11.1123 15.1312
-8.46376 13.7453 16.7132
-9.97676 14.5373 13.2512
-10.3828 10.7693 12.4872
-12.1208 10.0733 15.8582
-14.5158 13.0273 15.1952
-15.3478 11.8863 11.5922
-15.9468 8.30833 12.8602
-18.0558 9.55133 15.8582
-20.3278 11.5623 13.4752

-21.0008 8.08933 11.9042

-21.4848 6.32433 15.3782
-24.9868 5.17433 14.1672
-23.1508 3.07533 11.4592
-20.7268 1.16333 13.8072
-19.0818 -1.38167 14.5672

-15.8748 0.583332 13.8852
-12.6518 -1.10567 12.6662
-9.33576 0.703332 13.3942
-6.23276 -0.707668 11.6202
-2.92976 0.674332 13.0002

0.849241 0.0153318 13.3832
1.48324 -2.78867 15.9642
3.04324 -0.273668 18.4902
0.210241 2.39133 18.5962

-2.85876 0.163332 19.4002
-2.99576 1.27833 23.0722
-2.25476 4.92933 22.0272
-5.46576 4.72733 19.9032
-7.51476 3.13433 22.7722
-6.36876 5.95133 25.1262
-7.20976 8.50733 22.3662
-10.8228 7.14233 22.1572
-11.1828 7.17133 26.0082
-9.69676 10.7313 26.1202
-11.9238 12.2263 23.3752

-15.2218 10.2223 23.6372
-15.9518 9.98133 27.4532
-19.4888 8.82233 26.3452
-17.8648 5.33033 25.8032
-17.1308 2.74633 28.5142

-13.7328 0.927332 28.2542
-15.7388 -2.28867 27.4772
-16.8808 -0.635668 24.1882

-13.1918 -0.784668 22.9732
-11.6058 -4.09267 21.8852
-7.78176 -4.00967 21.4782

-6.80276 -7.08467 19.4322
-3.41676 -8.27167 20.7692
-3.30176 -11.8057 19.2102
-4.50576 -13.7677 16.1322
-6.86976 -15.7887 18.4672
-8.88876 -12.7767 19.7142
-12.4528 -11.8857 18.5562
-12.1758 -8.94167 16.0982
-15.9168 -8.07067 16.6702
-16.0198 -8.13467 20.5242
-16.2088 -4.30067 20.9332
-18.1808 -1.43467 19.3922

-14.6888 -0.108668 18.4352
-12.1658 -2.80167 17.3622
-8.43676 -1.86667 17.2002
-6.10976 -4.27067 15.2842
-2.62976 -4.26367 13.6882

-1.75876 -4.70867 9.97424
0.142241 -7.97767 10.7722
-2.93376 -9.51467 12.5102
-5.40076 -8.73767 9.61924

-4.02676 -11.6837 7.53724
-4.38776 -14.0417 10.5802
-7.94376 -12.7087 11.2422
-9.11476 -12.7837 7.53624
-11.8318 -15.3837 8.44124
-13.3438 -12.8047 10.9092
-13.0558 -9.86267 8.38624
-16.1718 -11.4017 6.67524
-18.2888 -9.41967 9.22224
-19.1948 -6.10567 7.44924
-17.4678 -3.20367 9.23924
-19.3368 -0.183668 7.75724

-16.8048 2.35433 9.18924
-13.0368 1.73333 8.82624
-10.1078 3.88633 9.99924
-6.61776 2.92133 8.75724

-3.76276 4.79433 10.4562
-0.441759 5.16633 8.54824

-2.16676 3.67933 5.42824
1.13424 3.82433 3.42924
1.64724 0.289332 4.94124
-0.874759 -0.834668 2.22124

1.34124 0.595332 -0.656763
2.03824 -2.87767 -2.21376
-1.01376 -4.95167 -3.33876
0.905241 -8.31667 -3.24076
1.51324 -8.08467 0.558237

-0.651759 -10.2377 2.88924
-1.66876 -7.09067 4.91024
-2.93276 -5.37767 1.70424
-4.68676 -8.56167 0.391237
-6.56176 -8.87367 3.74924
-7.41376 -5.10567 4.06524
-8.56576 -4.32167 0.472237
-11.8008 -6.49167 0.394237
-13.0618 -4.75467 3.59824
-12.1048 -1.24067 2.33324
-13.9938 -1.79467 -0.988763
-17.2488 -2.89567 0.821237

-17.1728 -0.612668 3.93224
-19.4728 2.48933 3.69324

-16.9268 4.91533 5.29324
-13.1198 4.68433 4.76824
-10.8698 7.10833 6.68724
-7.24576 6.57433 5.57424
-4.52776 8.51033 7.48524

-0.839759 9.09633 6.57824
1.90124 11.7433 6.97024
3.60924 10.3323 3.86024
0.897241 8.80933 1.56524
3.63624 8.01033 -0.947763
7.05524 7.07533 0.520237
9.07824 7.30433 -2.75876
6.93924 6.84633 -5.96676

3.41324 7.44333 -7.48676
2.75424 3.63533 -7.70376
2.49724 3.51333 -3.82576
-0.719759 5.66133 -3.98176
-2.72876 3.18533 -6.13076
-4.00476 1.00533 -3.21676
-5.08176 4.13933 -1.24576
-6.83876 5.62533 -4.36076
-8.85976 2.39333 -4.97876
-9.64576 2.10533 -1.21676
-11.2048 5.64833 -1.19876

-12.7078 5.37733 -4.77476
-13.0928 1.66133 -5.85976
-14.2728 2.78033 -9.38276
-11.0358 4.74133 -10.1108
-8.43776 2.79533 -12.1948
-10.0008 -0.753668 -11.8318
-6.67676 -2.18567 -13.1738

-3.20176 -0.987668 -12.0318
-1.81976 -0.990668 -15.6348
-3.96676 2.06433 -16.6328
-2.66576 4.00033 -13.5618
0.934241 2.83233 -14.2708
0.871241 3.86933 -17.9868
-0.338759 7.39733 -17.0328
1.49624 8.21133 -13.7448

4.38924 5.68033 -13.3668
6.04824 6.16333 -16.8448
5.40024 2.45433 -17.4608

7.97724 0.807332 -19.7918
7.72824 -2.54067 -21.6338
11.0082 -4.38367 -20.8768

12.0042 -7.86567 -22.3048
10.9542 -9.43267 -18.9178

7.59824 -7.53967 -18.5108
6.43424 -4.05667 -17.4168
8.52424 -1.63167 -15.3348

6.51324 0.839332 -13.1408
9.44424 2.45533 -11.1818
9.11324 5.78233 -13.0748
6.89424 8.86933 -12.7288
4.76624 10.9293 -15.1678
2.01124 13.6243 -15.2458

2.47124 14.3413 -11.4708
0.640241 17.7393 -11.5698
-2.45976 15.9633 -13.0268
-2.13476 13.2493 -10.3228
-1.95376 16.0173 -7.62976
-5.16176 17.6553 -8.99876
-6.99476 14.2603 -9.10776
-5.88276 13.4373 -5.52076
-6.94176 16.8353 -4.03376
-10.3438 16.8853 -5.84676
-11.5208 13.2763 -5.31176

-9.28976 11.2743 -2.84576

-7.15676 13.3323 -0.461763
-7.21476 16.2263 2.00924

-3.61176 17.4683 2.54224
-2.30476 20.4693 4.53124
1.27024 21.3043 5.50524

2.79624 22.7883 8.73324
3.40724 25.9923 6.71124
-0.347759 26.2413 5.81124
-1.78776 25.8713 9.37124

1.02324 26.3663 11.9932
2.98424 29.6013 11.1622
4.39824 29.3643 14.7622
6.40324 26.0963 14.3462

10.2022 26.7903 14.3312
11.9552 26.0563 11.0072

13.6112 22.6863 10.2642
17.2272 23.5343 9.28624
18.7642 20.6443 7.28424
22.4432 20.1463 6.33724
24.8052 17.5373 4.93524
27.8462 16.8423 7.17624
30.6652 15.2883 5.12124

32.4452 13.0873 7.71224
36.1602 12.9063 6.90224

37.1442 9.67533 4.97924
40.7592 10.1463 6.30724
39.7212 7.95433 9.32924

38.6802 5.16533 6.84424
41.8182 2.98433 6.91024

43.3242 1.71133 3.61224
42.0122 -1.90667 4.15324
38.3902 -0.708668 4.70424
38.6672 1.62133 1.64324
40.0962 -1.22367 -0.508763
37.1582 -3.44067 0.676237
34.6122 -0.705668 -0.321763
36.4092 -0.307668 -3.71176
36.3222 -4.13367 -4.14276
32.5492 -4.44267 -3.39476
31.8612 -1.39067 -5.66276
33.8162 -3.06667 -8.54976
32.0422 -6.37967 -7.75876
28.5452 -4.82767 -8.34276
29.6362 -3.49667 -11.8138

31.1162 -6.82667 -13.0658
29.2862 -7.92467 -16.2708
29.4272 -11.7047 -15.7358
27.5562 -11.8657 -12.3508
23.9832 -13.0937 -11.8438

21.1872 -10.7067 -10.6898
21.5062 -12.3687 -7.22676
25.3282 -11.9097 -6.93776
24.7772 -8.20767 -7.90876
22.1882 -7.85467 -5.03376
24.5562 -9.67467 -2.59676
27.5052 -7.38267 -3.55376
25.1542 -4.34467 -3.09776
24.1392 -5.54667 0.426237
27.8542 -6.12767 1.23324
28.8242 -2.60667 -0.0387631
25.9972 -1.06767 2.07624
26.9522 -3.01667 5.27424
30.6852 -2.09967 4.70724
29.6352 1.59033 4.34724
27.9842 1.40133 7.80724
31.1442 -0.179668 9.37624
33.4442 2.38133 7.64824
31.4452 5.35533 9.09424
31.3922 4.15933 12.7922
34.6792 5.91233 13.9292
33.7422 9.34533 12.4572
30.0572 8.99033 13.4972
31.3982 8.44233 17.0682
33.8702 11.3853 16.6812
30.9432 13.6363 15.5982
28.6312 12.4843 18.4882
31.4362 13.2523 20.9992
32.0902 16.7023 19.3742
28.3412 17.4993 19.8502
28.4682 16.4883 23.5752
31.7932 18.3533 24.1652

30.1352 21.4323 22.4822
27.6552 21.4173 25.4562
24.4862 20.1203 23.6652
21.7922 19.1673 26.1932
19.5392 16.8183 24.0692

19.7582 15.2233 20.5882
18.5902 12.1473 18.6172
20.9602 9.78533 16.7422
19.3742 7.71833 13.9382
20.9952 4.56333 12.4672

19.6132 1.26233 10.9902
22.4912 -1.28167 11.0452

22.6222 -2.96567 14.4982
26.4852 -2.76367 14.5562
26.2552 1.09333 14.3142
23.6522 1.27833 17.1582
25.8132 -1.15667 19.2442
29.0782 0.825332 18.6902
27.4012 4.20433 19.5362
25.8482 2.77533 22.7752
29.1842 1.14233 23.8052
31.1262 4.44533 23.3852
28.4402 6.45833 25.2932
28.6582 3.86733 28.1582
32.5202 4.09133 28.0432

32.2322 7.94633 28.2992
29.5642 7.51433 31.1002
26.9862 9.47433 28.9982
23.3822 8.78733 30.0672

21.3792 7.79633 26.9562
18.2942 5.82833 25.7902
18.2162 3.11133 23.0742
15.2142 2.01033 20.9302

15.4802 -0.711668 18.2322
13.6472 -3.80767 16.8182
14.2252 -5.72467 20.1272
12.7912 -2.97567 22.4432
9.27824 -3.98067 23.6322
6.11524 -1.88467 22.9762
5.74224 -0.776668 26.6642

9.50024 -0.134668 27.2512
9.49124 2.09033 24.0842
6.93024 4.42233 25.7482
8.77924 4.36733 29.1322
12.2152 5.15533 27.5242
10.4742 7.92433 25.5012
9.14024 9.41233 28.8012
12.6172 9.02933 30.4542
14.2652 11.0453 27.5862
11.4172 13.6453 27.6362
11.3432 14.2093 31.4472

14.9762 13.5463 32.5812
17.5602 16.3283 31.8952
20.3632 13.7003 32.3452
19.5522 11.6963 29.1672
21.5212 13.6773 26.5462

21.3792 11.1533 23.6332
18.6192 8.98233 22.1542
20.0812 6.12033 20.0242
17.2252 5.21033 17.6512
16.6512 2.68233 14.8632

15.3392 4.57833 11.7622
12.9102 1.66833 11.0532
11.8472 0.819332 14.6502
11.3602 4.41333 16.0172
9.63824 5.94233 12.8842
6.17724 5.46833 14.5722
4.17924 6.42433 17.7232
6.94624 8.19033 19.7182
7.39524 11.9623 20.4032
10.8482 13.5053 21.1122
10.0112 17.2403 21.5582
12.7212 17.5723 24.3112
15.5052 17.5073 21.6382
16.3892 20.3123 19.1412

18.8362 18.2353 16.9992
18.5272 15.0713 14.8572
21.6942 13.3043 13.5722
21.3172 10.6713 10.8282

24.4772 8.54833 11.2722
23.2682 6.52833 8.24124
21.2572 7.33133 5.09324
18.0642 5.36633 4.29724
16.9782 4.81233 0.630237
13.3322 5.78433 1.37524

12.7922 9.56133 2.02324
9.31924 9.01333 3.58624
11.0202 7.14633 6.50624
13.6392 9.94233 6.92124
10.8022 12.5703 7.07524
8.92224 10.3303 9.61024
12.1002 10.3233 11.7902
12.5742 14.1743 11.5582

8.87624 14.6493 12.5762
9.55024 12.8023 15.8602
11.1712 16.0823 17.1252
9.23924 18.6043 14.9802
5.85524 18.1113 16.8042
3.31524 20.2853 18.6872
5.23924 21.2273 21.8842
8.54724 21.9993 20.0622
9.77624 25.5993 20.7762
13.2982 25.5303 19.1632
14.4012 25.4933 15.4772

15.0232 21.8123 14.6542
18.5132 20.9913 13.3222
18.7752 17.9403 10.9872
22.3362 16.6883 10.2462
22.8402 14.0043 7.53424
26.2602 12.3093 8.04224
27.7932 11.2933 4.63924

31.1822 9.79333 3.61724
32.8832 10.3123 0.188237
33.9892 6.94733 -1.33576
30.9662 4.97233 0.0822369
27.2942 3.97233 -0.543763

26.2822 7.55633 0.535237
27.6012 8.90033 -2.84876
24.8212 6.89233 -4.65876
22.1222 6.96933 -1.92476
22.0862 10.7833 -1.50476
21.2752 11.6253 -5.21876
18.6902 8.73833 -5.16876
16.9812 10.1753 -2.02476
16.9942 13.6883 -3.64176
15.3012 12.6053 -6.92376
12.7002 10.6803 -4.80876
11.8582 13.8153 -2.68976
11.4982 15.8073 -5.96176
9.02524 13.1623 -7.32676
7.10324 13.4283 -3.99476
7.11824 17.2923 -4.15876
5.89124 17.3763 -7.82876

3.01824 15.0543 -6.71176
2.21824 17.5963 -3.86676
3.29424 14.9953 -1.22276
6.31424 16.9023 0.253237
7.48924 20.5173 0.825237
10.9472 19.0783 1.56024
13.4212 20.2143 -1.08476
16.8612 18.5423 -0.611763
18.7462 20.3483 -3.50076

19.7522 23.4373 -1.41876
21.8002 21.2483 1.02424
24.1472 19.9313 -1.75476
24.9982 23.3283 -3.31376

26.2632 24.2873 0.216237
28.7482 21.3143 0.639237

End chain 1
