-13.201 -6.296 -53.957
-10.703 -3.406 -53.291
-9.54 -3.087 -49.639
-11.02 0.322 -48.639
-8.614 1.85 -46.053
-10.787 3.126 -43.162

-9.634 6.195 -41.181
-10.061 4.9 -37.589
-10.286 6.838 -34.306
-12.195 7.103 -30.979
-14.163 9.439 -28.711
-12.619 10.223 -25.263
-14.157 12.207 -22.344

-11.943 15.248 -21.466
-14.301 16.978 -18.949
-17.827 16.65 -17.399
-19.139 18.761 -20.353

-16.752 17.96 -23.312
-15.482 14.956 -25.281
-12.62 14.751 -27.824
-12.437 12.939 -31.204
-8.982 11.264 -31.393
-8.672 10.357 -35.1

-6.282 10.744 -38.079
-6.98 13.557 -40.6
-9.895 13.022 -43.051

-11.208 15.853 -45.293
-14.92 14.856 -45.011
-14.611 14.37 -41.226
-13.015 17.857 -40.827
-15.875 19.254 -42.999
-18.403 17.482 -40.669
-16.559 18.759 -37.515
-16.844 22.341 -38.957

-20.697 21.797 -39.029
-20.861 21.033 -35.24
-22.116 23.933 -33.104
-20.016 23.255 -29.939
-16.791 22.621 -31.971

-13.393 23.436 -30.391
-10.011 22.816 -32.063
-6.805 22.812 -29.99

-3.883 23.919 -32.209
-1.328 22.314 -29.773
-2.753 18.736 -29.691
-4.334 19.137 -33.217

-7.578 17.622 -31.79
-11.313 18.386 -31.995
-13.683 18.544 -28.991
-17.466 19.001 -28.65
-20.131 19.402 -25.91

-21.257 16.038 -24.476
-24.923 16.743 -25.497
-23.731 16.722 -29.178
-22.178 13.179 -28.839
-25.228 11.354 -30.322
-25.57 14.044 -33.093
-21.852 13.682 -34.021
-21.815 9.829 -34.037
-25.045 9.774 -36.128
-23.507 12.176 -38.75
-20.093 10.348 -38.803

-21.793 6.948 -39.527
-22.962 8.546 -42.834
-19.328 9.196 -43.991
-17.677 6.563 -46.261
-14.251 5.2 -45.121

-14.46 6.789 -41.562
-14.765 4.819 -38.279
-15.142 6.964 -35.114
-15.663 4.659 -32.101

-18.218 6.249 -29.657
-17.862 6.903 -25.912
-18.35 3.469 -24.195
-21.794 2.549 -22.772
-20.235 2.829 -19.255
-19.534 6.58 -19.812
-22.964 7.196 -21.431
-24.623 5.531 -18.378
-22.42 7.523 -15.909

-23.028 10.919 -17.654
-26.668 10.153 -18.714
-27.851 13.482 -17.123

-25.214 15.594 -18.963
-26 13.8 -22.296
-29.631 15.147 -21.909

-29.014 18.802 -20.797
-28.522 21.656 -23.337
-27.494 23.803 -20.296
-24.374 24.206 -18.108
-26.03 23.63 -14.722
-23.195 22.587 -12.38
-23.731 19.355 -10.334

-27.219 19.392 -8.694
-26.798 20.208 -4.988
-26.578 17.032 -2.906
-29.814 16.999 -0.82
-29.276 16.946 2.956
-30.305 13.551 4.343

-32.727 13.25 7.268
-30.389 11.851 9.975
-33.077 12.019 12.787
-33.159 8.159 12.923
-29.32 8.149 13.454
-27.82 8.306 16.969

-27.52 12.074 17.913
-23.991 11.509 19.371
-22.796 10.469 15.867
-24.731 13.185 13.93
-23.402 16.008 16.22
-19.738 14.82 15.861

-19.687 14.822 11.995
-17.445 17.587 10.586

-19.106 19.692 7.763
-17.231 17.783 4.996
-18.064 14.402 6.666
-21.796 15.407 6.677
-21.562 16.318 2.947
-19.943 12.855 2.346
-22.788 11.075 4.244
-25.363 13.084 2.191
-23.555 12.165 -1.104
-23.43 8.459 -0.115
-27.196 8.491 0.728
-28.024 10.343 -2.565

-25.973 7.645 -4.472
-28.214 5.048 -2.67
-25.512 3.7 -0.27

-23.352 2.353 -3.174
-19.956 4.118 -3.237
-16.209 4.012 -2.721
-15.295 6.541 0.021

-11.694 7.195 -1.128

-11.135 10.189 1.225
-7.504 10.605 2.377

-7.78985 10.7396 -1.34338
-8.5283 9.30661 -4.85059
-10.0351 9.26293 -8.30939
-9.13173 12.7349 -7.24485

-7.86522 16.0835 -5.96973
-5.65846 14.3758 -3.38961
-4.17975 12.0794 -6.0321
-3.40733 15.0284 -8.3014
-1.67991 16.8806 -5.46799
0.44693 13.8399 -4.64747
1.49042 13.4682 -8.28283
2.4826 17.1318 -8.47348
4.57463 16.8297 -5.31515
6.36454 13.7666 -6.67768
7.15169 15.5564 -9.93648

6.47869 12.0834 -11.5075

5.99469 10.3184 -8.03348
2.49269 9.16843 -9.24448
4.32869 7.06943 -11.9525
6.75269 5.15743 -9.60448
8.39769 2.61243 -8.84448

11.6047 4.57743 -9.52648
14.8277 2.88843 -10.7455
18.1437 4.69743 -10.0175
21.2467 3.28643 -11.7915
24.5497 4.66843 -10.4115

28.3287 4.00943 -10.0285
28.9627 1.20543 -7.44748
30.5227 3.72043 -4.92148
27.6897 6.38543 -4.81548

24.6207 4.15743 -4.01148
24.4837 5.27243 -0.339475
25.2247 8.92343 -1.38448
22.0137 8.72143 -3.50848
19.9647 7.12843 -0.639475
21.1107 9.94543 1.71452
20.2697 12.5014 -1.04548
16.6567 11.1364 -1.25448
16.2967 11.1654 2.59652
17.7827 14.7254 2.70852
15.5557 16.2204 -0.0364752

12.2577 14.2164 0.225525
11.5277 13.9754 4.04152
7.99069 12.8164 2.93352
9.61469 9.32443 2.39152
10.3487 6.74043 5.10252

13.7467 4.92143 4.84252
11.7407 1.70543 4.06552
10.5987 3.35843 0.776525

14.2877 3.20943 -0.438475
15.8737 -0.0985718 -1.52648
19.6977 -0.0155718 -1.93348

20.6767 -3.09057 -3.97948
24.0627 -4.27757 -2.64248
24.1777 -7.81157 -4.20148
22.9737 -9.77357 -7.27948
20.6097 -11.7946 -4.94448
18.5907 -8.78257 -3.69748
15.0267 -7.89157 -4.85548
15.3037 -4.94757 -7.31348
11.5627 -4.07657 -6.74148
11.4597 -4.14057 -2.88748
11.2707 -0.306572 -2.47848
9.29869 2.55943 -4.01948

12.7907 3.88543 -4.97648
15.3137 1.19243 -6.04948
19.0427 2.12743 -6.21148
21.3697 -0.276572 -8.12748
24.8497 -0.269572 -9.72348

25.7207 -0.714572 -13.4375
27.6217 -3.98357 -12.6395
24.5457 -5.52057 -10.9015
22.0787 -4.74357 -13.7925

23.4527 -7.68957 -15.8745
23.0917 -10.0476 -12.8315
19.5357 -8.71457 -12.1695
18.3647 -8.78957 -15.8755
15.6477 -11.3896 -14.9705
14.1357 -8.81057 -12.5025
14.4237 -5.86857 -15.0255
11.3077 -7.40757 -16.7365
9.19069 -5.42557 -14.1895
8.28469 -2.11157 -15.9625
10.0117 0.790428 -14.1725
8.14269 3.81043 -15.6545

10.6747 6.34843 -14.2225
14.4427 5.72743 -14.5855
17.3717 7.88043 -13.4125
20.8617 6.91543 -14.6545

23.7167 8.78843 -12.9555
27.0377 9.16043 -14.8635

25.3127 7.67343 -17.9835
28.6137 7.81843 -19.9825
29.1267 4.28343 -18.4705
26.6047 3.15943 -21.1905

28.8207 4.58943 -24.0685
29.5177 1.11643 -25.6255
26.4657 -0.957572 -26.7505
28.3847 -4.32257 -26.6525
28.9927 -4.09057 -22.8535

26.8277 -6.24357 -20.5225
25.8107 -3.09657 -18.5015
24.5467 -1.38357 -21.7075
22.7927 -4.56757 -23.0205
20.9177 -4.87957 -19.6625
20.0657 -1.11157 -19.3465
18.9137 -0.327572 -22.9395
15.6787 -2.49757 -23.0175
14.4177 -0.760572 -19.8135
15.3747 2.75343 -21.0785
13.4857 2.19943 -24.4005
10.2307 1.09843 -22.5905

10.3067 3.38143 -19.4795
8.00669 6.48343 -19.7185

10.5527 8.90943 -18.1185
14.3597 8.67843 -18.6435
16.6097 11.1024 -16.7245
20.2337 10.5684 -17.8375
22.9517 12.5044 -15.9265

26.6397 13.0904 -16.8335
29.3807 15.7374 -16.4415
31.0887 14.3264 -19.5515
28.3767 12.8034 -21.8465
31.1157 12.0044 -24.3595
34.5347 11.0694 -22.8915
36.5577 11.2984 -26.1705
34.4187 10.8404 -29.3785

30.8927 11.4374 -30.8985
30.2337 7.62943 -31.1155
29.9767 7.50743 -27.2375
26.7597 9.65543 -27.3935
24.7507 7.17943 -29.5425
23.4747 4.99943 -26.6285
22.3977 8.13343 -24.6575
20.6407 9.61943 -27.7725
18.6197 6.38743 -28.3905
17.8337 6.09943 -24.6285
16.2747 9.64243 -24.6105

14.7717 9.37143 -28.1865
14.3867 5.65543 -29.2715
13.2067 6.77443 -32.7945
16.4437 8.73543 -33.5225
19.0417 6.78943 -35.6065
17.4787 3.24043 -35.2435
20.8027 1.80843 -36.5855

24.2777 3.00643 -35.4435
25.6597 3.00343 -39.0465
23.5127 6.05843 -40.0445
24.8137 7.99443 -36.9735
28.4137 6.82643 -37.6825
28.3507 7.86343 -41.3985
27.1407 11.3914 -40.4445
28.9757 12.2054 -37.1565

31.8687 9.67443 -36.7785
33.5277 10.1574 -40.2565
32.8797 6.44843 -40.8725

35.4567 4.80143 -43.2035
35.2077 1.45343 -45.0455
38.4877 -0.389572 -44.2885

39.4837 -3.87157 -45.7165
38.4337 -5.43857 -42.3295

35.0777 -3.54557 -41.9225
33.9137 -0.0625718 -40.8285
36.0037 2.36243 -38.7465

33.9927 4.83343 -36.5525
36.9237 6.44943 -34.5935
36.5927 9.77643 -36.4865
34.3737 12.8634 -36.1405
32.2457 14.9234 -38.5795
29.4907 17.6184 -38.6575

29.9507 18.3354 -34.8825
28.1197 21.7334 -34.9815
25.0197 19.9574 -36.4385
25.3447 17.2434 -33.7345
25.5257 20.0114 -31.0415
22.3177 21.6494 -32.4105
20.4847 18.2544 -32.5195
21.5967 17.4314 -28.9325
20.5377 20.8294 -27.4455
17.1357 20.8794 -29.2585
15.9587 17.2704 -28.7235

18.1897 15.2684 -26.2575

20.3227 17.3264 -23.8735
20.2647 20.2204 -21.4025

23.8677 21.4624 -20.8695
25.1747 24.4634 -18.8805
28.7497 25.2984 -17.9065

30.2757 26.7824 -14.6785
30.8867 29.9864 -16.7005
27.1317 30.2354 -17.6005
25.6917 29.8654 -14.0405

28.5027 30.3604 -11.4185
30.4637 33.5954 -12.2495
31.8777 33.3584 -8.64948
33.8827 30.0904 -9.06548

37.6817 30.7844 -9.08048
39.4347 30.0504 -12.4045

41.0907 26.6804 -13.1475
44.7067 27.5284 -14.1255
46.2437 24.6384 -16.1275
49.9227 24.1404 -17.0745
52.2847 21.5314 -18.4765
55.3257 20.8364 -16.2355
58.1447 19.2824 -18.2905

59.9247 17.0814 -15.6995
63.6397 16.9004 -16.5095

64.6237 13.6694 -18.4325
68.2387 14.1404 -17.1045
67.2007 11.9484 -14.0825

66.1597 9.15943 -16.5675
69.2977 6.97843 -16.5015

70.8037 5.70543 -19.7995
69.4917 2.08743 -19.2585
65.8697 3.28543 -18.7075
66.1467 5.61543 -21.7685
67.5757 2.77043 -23.9205
64.6377 0.553428 -22.7355
62.0917 3.28843 -23.7335
63.8887 3.68643 -27.1235
63.8017 -0.139572 -27.5545
60.0287 -0.448572 -26.8065
59.3407 2.60343 -29.0745
61.2957 0.927428 -31.9615
59.5217 -2.38557 -31.1705
56.0247 -0.833572 -31.7545
57.1157 0.497428 -35.2255

58.5957 -2.83257 -36.4775
56.7657 -3.93057 -39.6825
56.9067 -7.71057 -39.1475
55.0357 -7.87157 -35.7625
51.4627 -9.09957 -35.2555

48.6667 -6.71257 -34.1015
48.9857 -8.37457 -30.6385
52.8077 -7.91557 -30.3495
52.2567 -4.21357 -31.3205
49.6677 -3.86057 -28.4455
52.0357 -5.68057 -26.0085
54.9847 -3.38857 -26.9655
52.6337 -0.350572 -26.5095
51.6187 -1.55257 -22.9855
55.3337 -2.13357 -22.1785
56.3037 1.38743 -23.4505
53.4767 2.92643 -21.3355
54.4317 0.977428 -18.1375
58.1647 1.89443 -18.7045
57.1147 5.58443 -19.0645
55.4637 5.39543 -15.6045
58.6237 3.81443 -14.0355
60.9237 6.37543 -15.7635
58.9247 9.34943 -14.3175
58.8717 8.15343 -10.6195
62.1587 9.90643 -9.48248
61.2217 13.3394 -10.9545
57.5367 12.9844 -9.91448
58.8777 12.4364 -6.34348
61.3497 15.3794 -6.73048
58.4227 17.6304 -7.81348
56.1107 16.4784 -4.92348
58.9157 17.2464 -2.41248
59.5697 20.6964 -4.03748
55.8207 21.4934 -3.56148
55.9477 20.4824 0.163525
59.2727 22.3474 0.753525

57.6147 25.4264 -0.929475
55.1347 25.4114 2.04452
51.9657 24.1144 0.253525
49.2717 23.1614 2.78152
47.0187 20.8124 0.657525

47.2377 19.2174 -2.82348
46.0697 16.1414 -4.79448
48.4397 13.7794 -6.66948
46.8537 11.7124 -9.47348
48.4747 8.55743 -10.9445

47.0927 5.25643 -12.4215
49.9707 2.71243 -12.3665

50.1017 1.02843 -8.91348
53.9647 1.23043 -8.85548
53.7347 5.08743 -9.09748
51.1317 5.27243 -6.25348
53.2927 2.83743 -4.16748
56.5577 4.81943 -4.72148
54.8807 8.19843 -3.87548
53.3277 6.76943 -0.636475
56.6637 5.13643 0.393525
58.6057 8.43943 -0.0264752
55.9197 10.4524 1.88152
56.1377 7.86143 4.74652
59.9997 8.08543 4.63152

59.7117 11.9404 4.88752
57.0437 11.5084 7.68852
54.4657 13.4684 5.58652
50.8617 12.7814 6.65552

48.8587 11.7904 3.54452
45.7737 9.82243 2.37852
45.6957 7.10543 -0.337475
42.6937 6.00443 -2.48148

42.9597 3.28243 -5.17948
41.1267 0.186428 -6.59348
41.7047 -1.73057 -3.28448
40.2707 1.01843 -0.968475
36.7577 0.0134282 0.220525
33.5947 2.10943 -0.435475
33.2217 3.21743 3.25252

36.9797 3.85943 3.83952
36.9707 6.08443 0.672525
34.4097 8.41643 2.33652
36.2587 8.36143 5.72052
39.6947 9.14943 4.11252
37.9537 11.9184 2.08952
36.6197 13.4064 5.38952
40.0967 13.0234 7.04252
41.7447 15.0394 4.17452
38.8967 17.6394 4.22452
38.8227 18.2034 8.03552

42.4557 17.5404 9.16952
45.0397 20.3224 8.48352
47.8427 17.6944 8.93352
47.0317 15.6904 5.75552
49.0007 17.6714 3.13452

48.8587 15.1474 0.221525
46.0987 12.9764 -1.25748
47.5607 10.1144 -3.38748
44.7047 9.20443 -5.76048
44.1307 6.67643 -8.54848

42.8187 8.57243 -11.6495
40.3897 5.66243 -12.3585
39.3267 4.81343 -8.76148
38.8397 8.40743 -7.39448
37.1177 9.93643 -10.5275
33.6567 9.46243 -8.83948
31.6587 10.4184 -5.68848
34.4257 12.1844 -3.69348
34.8747 15.9564 -3.00848
38.3277 17.4994 -2.29948
37.4907 21.2344 -1.85348
40.2007 21.5664 0.899525
42.9847 21.5014 -1.77348
43.8687 24.3064 -4.27048

46.3157 22.2294 -6.41248
46.0067 19.0654 -8.55448
49.1737 17.2984 -9.83948
48.7967 14.6654 -12.5835

51.9567 12.5424 -12.1395
50.7477 10.5224 -15.1705
48.7367 11.3254 -18.3185
45.5437 9.36043 -19.1145
44.4577 8.80643 -22.7815
40.8117 9.77843 -22.0365

40.2717 13.5554 -21.3885
36.7987 13.0074 -19.8255
38.4997 11.1404 -16.9055
41.1187 13.9364 -16.4905
38.2817 16.5644 -16.3365
36.4017 14.3244 -13.8015
39.5797 14.3174 -11.6215
40.0537 18.1684 -11.8535

36.3557 18.6434 -10.8355
37.0297 16.7964 -7.55148
38.6507 20.0764 -6.28648
36.7187 22.5984 -8.43148
33.3347 22.1054 -6.60748
30.7947 24.2794 -4.72448
32.7187 25.2214 -1.52748
36.0267 25.9934 -3.34948
37.2557 29.5934 -2.63548
40.7777 29.5244 -4.24848
41.8807 29.4874 -7.93448

42.5027 25.8064 -8.75748
45.9927 24.9854 -10.0895
46.2547 21.9344 -12.4245
49.8157 20.6824 -13.1655
50.3197 17.9984 -15.8775
53.7397 16.3034 -15.3695
55.2727 15.2874 -18.7725

58.6617 13.7874 -19.7945
60.3627 14.3064 -23.2235
61.4687 10.9414 -24.7475
58.4457 8.96643 -23.3295
54.7737 7.96643 -23.9555

53.7617 11.5504 -22.8765
55.0807 12.8944 -26.2605
52.3007 10.8864 -28.0705
49.6017 10.9634 -25.3365
49.5657 14.7774 -24.9165
48.7547 15.6194 -28.6305
46.1697 12.7324 -28.5805
44.4607 14.1694 -25.4365
44.4737 17.6824 -27.0535
42.7807 16.5994 -30.3355
40.1797 14.6744 -28.2205
39.3377 17.8094 -26.1015
38.9777 19.8014 -29.3735
36.5047 17.1564 -30.7385
34.5827 17.4224 -27.4065
34.5977 21.2864 -27.5705
33.3707 21.3704 -31.2405

30.4977 19.0484 -30.1235
29.6977 21.5904 -27.2785
30.7737 18.9894 -24.6345
33.7937 20.8964 -23.1585
34.9687 24.5114 -22.5865
38.4267 23.0724 -21.8515
40.9007 24.2084 -24.4965
44.3407 22.5364 -24.0235
46.2257 24.3424 -26.9125

47.2317 27.4314 -24.8305
49.2797 25.2424 -22.3875
51.6267 23.9254 -25.1665
52.4777 27.3224 -26.7255

53.7427 28.2814 -23.1955
56.2277 25.3084 -22.7725

End chain 1
