-13.201 -6.296 -53.957
-10.703 -3.406 -53.291
-9.54 -3.087 -49.639
-11.02 0.322 -48.639
-8.614 1.85 -46.053
-10.787 3.126 -43.162

-9.634 6.195 -41.181
-10.061 4.9 -37.589
-10.286 6.838 -34.306
-12.195 7.103 -30.979
-14.163 9.439 -28.711
-12.619 10.223 -25.263
-14.157 12.207 -22.344

-11.943 15.248 -21.466
-14.301 16.978 -18.949
-17.827 16.65 -17.399
-19.139 18.761 -20.353

-16.752 17.96 -23.312
-15.482 14.956 -25.281
-12.62 14.751 -27.824
-12.437 12.939 -31.204
-8.982 11.264 -31.393
-8.672 10.357 -35.1

-6.282 10.744 -38.079
-6.98 13.557 -40.6
-9.895 13.022 -43.051

-11.208 15.853 -45.293
-14.92 14.856 -45.011
-14.611 14.37 -41.226
-13.015 17.857 -40.827
-15.875 19.254 -42.999
-18.403 17.482 -40.669
-16.559 18.759 -37.515
-16.844 22.341 -38.957

-20.697 21.797 -39.029
-20.861 21.033 -35.24
-22.116 23.933 -33.104
-20.016 23.255 -29.939
-16.791 22.621 -31.971

-13.393 23.436 -30.391
-10.011 22.816 -32.063
-6.805 22.812 -29.99

-3.883 23.919 -32.209
-1.328 22.314 -29.773
-2.753 18.736 -29.691
-4.334 19.137 -33.217

-7.578 17.622 -31.79
-11.313 18.386 -31.995
-13.683 18.544 -28.991
-17.466 19.001 -28.65
-20.131 19.402 -25.91

-21.257 16.038 -24.476
-24.923 16.743 -25.497
-23.731 16.722 -29.178
-22.178 13.179 -28.839
-25.228 11.354 -30.322
-25.57 14.044 -33.093
-21.852 13.682 -34.021
-21.815 9.829 -34.037
-25.045 9.774 -36.128
-23.507 12.176 -38.75
-20.093 10.348 -38.803

-21.793 6.948 -39.527
-22.962 8.546 -42.834
-19.328 9.196 -43.991
-17.677 6.563 -46.261
-14.251 5.2 -45.121

-14.46 6.789 -41.562
-14.765 4.819 -38.279
-15.142 6.964 -35.114
-15.663 4.659 -32.101

-18.218 6.249 -29.657
-17.862 6.903 -25.912
-18.35 3.469 -24.195
-21.794 2.549 -22.772
-20.235 2.829 -19.255
-19.534 6.58 -19.812
-22.964 7.196 -21.431
-24.623 5.531 -18.378
-22.42 7.523 -15.909

-23.028 10.919 -17.654
-26.668 10.153 -18.714
-27.851 13.482 -17.123

-25.214 15.594 -18.963
-26 13.8 -22.296
-29.631 15.147 -21.909

-29.014 18.802 -20.797
-28.522 21.656 -23.337
-27.494 23.803 -20.296
-24.374 24.206 -18.108
-26.03 23.63 -14.722
-23.195 22.587 -12.38
-23.731 19.355 -10.334

-27.219 19.392 -8.694
-26.798 20.208 -4.988
-26.578 17.032 -2.906
-29.814 16.999 -0.82
-29.276 16.946 2.956
-30.305 13.551 4.343

-32.727 13.25 7.268
-30.389 11.851 9.975
-33.077 12.019 12.787
-33.159 8.159 12.923
-29.32 8.149 13.454
-27.82 8.306 16.969

-27.52 12.074 17.913
-23.991 11.509 19.371
-22.796 10.469 15.867
-24.731 13.185 13.93
-23.402 16.008 16.22
-19.738 14.82 15.861

-19.687 14.822 11.995
-17.445 17.587 10.586

-19.106 19.692 7.763
-17.231 17.783 4.996
-18.064 14.402 6.666
-21.796 15.407 6.677
-21.562 16.318 2.947
-19.943 12.855 2.346
-22.788 11.075 4.244
-25.363 13.084 2.191
-23.555 12.165 -1.104
-23.43 8.459 -0.115
-27.196 8.491 0.728
-28.024 10.343 -2.565

-25.973 7.645 -4.472
-28.214 5.048 -2.67
-25.512 3.7 -0.27

-23.352 2.353 -3.174
-19.956 4.118 -3.237
-16.209 4.012 -2.721
-15.295 6.541 0.021

-11.694 7.195 -1.128

-11.135 10.189 1.225
-7.504 10.605 2.377

-6.048 8.715 5.398
-7.361 9.956 8.784
-10.233 12.169 7.374
-12.706 9.981 9.408

-13.844 7.354 6.831
-15.012 5.081 9.734
-17.363 7.714 11.316
-18.876 8.506 7.854
-19.282 4.738 7.09
-21.02 4.042 10.461
-23.415 6.996 9.798
-24.247 5.855 6.195
-24.846 2.277 7.463
-26.955 3.52 10.461
-29.227 5.531 8.078

-29.9 2.058 6.507

-30.384 0.293 9.981
-33.886 -0.857 8.77
-32.05 -2.956 6.062
-29.626 -4.868 8.41
-27.981 -7.413 9.17

-24.774 -5.448 8.488
-21.551 -7.137 7.269
-18.235 -5.328 7.997
-15.132 -6.739 6.223
-11.829 -5.357 7.603

-8.05 -6.016 7.986
-7.416 -8.82 10.567
-5.856 -6.305 13.093
-8.689 -3.64 13.199

-11.758 -5.868 14.003
-11.895 -4.753 17.675
-11.154 -1.102 16.63
-14.365 -1.304 14.506
-16.414 -2.897 17.375
-15.268 -0.08 19.729
-16.109 2.476 16.969
-19.722 1.111 16.76
-20.082 1.14 20.611
-18.596 4.7 20.723
-20.823 6.195 17.978

-24.121 4.191 18.24
-24.851 3.95 22.056
-28.388 2.791 20.948
-26.764 -0.701 20.406
-26.03 -3.285 23.117

-22.632 -5.104 22.857
-24.638 -8.32 22.08
-25.78 -6.667 18.791

-22.091 -6.816 17.576
-20.505 -10.124 16.488
-16.681 -10.041 16.081

-15.702 -13.116 14.035
-12.316 -14.303 15.372
-12.201 -17.837 13.813
-13.405 -19.799 10.735
-15.769 -21.82 13.07
-17.788 -18.808 14.317
-21.352 -17.917 13.159
-21.075 -14.973 10.701
-24.816 -14.102 11.273
-24.919 -14.166 15.127
-25.108 -10.332 15.536
-27.08 -7.466 13.995

-23.588 -6.14 13.038
-21.065 -8.833 11.965
-17.336 -7.898 11.803
-15.009 -10.302 9.887
-11.529 -10.295 8.291

-10.658 -10.74 4.577
-8.757 -14.009 5.375
-11.833 -15.546 7.113
-14.3 -14.769 4.222

-12.926 -17.715 2.14
-13.287 -20.073 5.183
-16.843 -18.74 5.845
-18.014 -18.815 2.139
-20.731 -21.415 3.044
-22.243 -18.836 5.512
-21.955 -15.894 2.989
-25.071 -17.433 1.278
-27.188 -15.451 3.825
-28.094 -12.137 2.052
-26.367 -9.235 3.842
-28.236 -6.215 2.36

-25.704 -3.677 3.792
-21.936 -4.298 3.429
-19.007 -2.145 4.602
-15.517 -3.11 3.36

-12.662 -1.237 5.059
-9.341 -0.865 3.151

-11.066 -2.352 0.031
-7.765 -2.207 -1.968
-7.252 -5.742 -0.456
-9.774 -6.866 -3.176

-7.558 -5.436 -6.054
-6.861 -8.909 -7.611
-9.913 -10.983 -8.736
-7.994 -14.348 -8.638
-7.386 -14.116 -4.839

-9.551 -16.269 -2.508
-10.568 -13.122 -0.487
-11.832 -11.409 -3.693
-13.586 -14.593 -5.006
-15.461 -14.905 -1.648
-16.313 -11.137 -1.332
-17.465 -10.353 -4.925
-20.7 -12.523 -5.003
-21.961 -10.786 -1.799
-21.004 -7.272 -3.064
-22.893 -7.826 -6.386
-26.148 -8.927 -4.576

-26.072 -6.644 -1.465
-28.372 -3.542 -1.704

-25.826 -1.116 -0.104
-22.019 -1.347 -0.629
-19.769 1.077 1.29
-16.145 0.543 0.177
-13.427 2.479 2.088

-9.739 3.065 1.181
-6.998 5.712 1.573
-5.29 4.301 -1.537
-8.002 2.778 -3.832
-5.263 1.979 -6.345
-1.844 1.044 -4.877
0.179 1.273 -8.156
-1.96 0.815 -11.364

-5.486 1.412 -12.884
-6.145 -2.396 -13.101
-6.402 -2.518 -9.223
-9.619 -0.37 -9.379
-11.628 -2.846 -11.528
-12.904 -5.026 -8.614
-13.981 -1.892 -6.643
-15.738 -0.406 -9.758
-17.759 -3.638 -10.376
-18.545 -3.926 -6.614
-20.104 -0.383 -6.596

-21.607 -0.654 -10.172
-21.992 -4.37 -11.257
-23.172 -3.251 -14.78
-19.935 -1.29 -15.508
-17.337 -3.236 -17.592
-18.9 -6.785 -17.229
-15.576 -8.217 -18.571

-12.101 -7.019 -17.429
-10.719 -7.022 -21.032
-12.866 -3.967 -22.03
-11.565 -2.031 -18.959
-7.965 -3.199 -19.668
-8.028 -2.162 -23.384
-9.238 1.366 -22.43
-7.403 2.18 -19.142

-4.51 -0.351 -18.764
-2.851 0.132 -22.242
-3.499 -3.577 -22.858

-0.922 -5.224 -25.189
-1.171 -8.572 -27.031
2.109 -10.415 -26.274

5.3301 -12.112 -25.4688
6.49939 -14.6776 -28.148

9.20712 -12.1207 -28.473
11.2075 -8.97413 -28.1817
13.3506 -5.72809 -27.9369

11.3396 -3.25709 -25.7429
14.2706 -1.64109 -23.7839
13.9396 1.68591 -25.6769
11.7206 4.77291 -25.3309
9.59264 6.83291 -27.7699
6.83764 9.52791 -27.8479

7.29764 10.2449 -24.0729
5.46664 13.6429 -24.1719
2.36664 11.8669 -25.6289
2.69164 9.15291 -22.9249
2.87264 11.9209 -20.2319
-0.335363 13.5589 -21.6009
-2.16836 10.1639 -21.7099
-1.05636 9.34091 -18.1229
-2.11536 12.7389 -16.6359
-5.51736 12.7889 -18.4489
-6.69436 9.17991 -17.9139

-4.46336 7.17791 -15.4479

-2.33036 9.23591 -13.0639
-2.38836 12.1299 -10.5929

1.21464 13.3719 -10.0599
2.52164 16.3729 -8.07087
6.09664 17.2079 -7.09687

7.62264 18.6919 -3.86887
8.23364 21.8959 -5.89087
4.47864 22.1449 -6.79087
3.03864 21.7749 -3.23087

5.84964 22.2699 -0.608868
7.81064 25.5049 -1.43987
9.22464 25.2679 2.16013
11.2296 21.9999 1.74413

15.0286 22.6939 1.72913
16.7816 21.9599 -1.59487

18.4376 18.5899 -2.33787
22.0536 19.4379 -3.31587
23.5906 16.5479 -5.31787
27.2696 16.0499 -6.26487
29.6316 13.4409 -7.66687
32.6726 12.7459 -5.42587
35.4916 11.1919 -7.48087

37.2716 8.99091 -4.88987
40.9866 8.80991 -5.69987

41.9706 5.57891 -7.62287
45.5856 6.04991 -6.29487
44.5476 3.85791 -3.27287

43.5066 1.06891 -5.75787
46.6446 -1.11209 -5.69187

48.1506 -2.38509 -8.98987
46.8386 -6.00309 -8.44887
43.2166 -4.80509 -7.89787
43.4936 -2.47509 -10.9589
44.9226 -5.32009 -13.1109
41.9846 -7.53709 -11.9259
39.4386 -4.80209 -12.9239
41.2356 -4.40409 -16.3139
41.1486 -8.23009 -16.7449
37.3756 -8.53909 -15.9969
36.6876 -5.48709 -18.2649
38.6426 -7.16309 -21.1519
36.8686 -10.4761 -20.3609
33.3716 -8.92409 -20.9449
34.4626 -7.59309 -24.4159

35.9426 -10.9231 -25.6679
34.1126 -12.0211 -28.8729
34.2536 -15.8011 -28.3379
32.3826 -15.9621 -24.9529
28.8096 -17.1901 -24.4459

26.0136 -14.8031 -23.2919
26.3326 -16.4651 -19.8289
30.1546 -16.0061 -19.5399
29.6036 -12.3041 -20.5109
27.0146 -11.9511 -17.6359
29.3826 -13.7711 -15.1989
32.3316 -11.4791 -16.1559
29.9806 -8.44109 -15.6999
28.9656 -9.64309 -12.1759
32.6806 -10.2241 -11.3689
33.6506 -6.70309 -12.6409
30.8236 -5.16409 -10.5259
31.7786 -7.11309 -7.32787
35.5116 -6.19609 -7.89487
34.4616 -2.50609 -8.25487
32.8106 -2.69509 -4.79487
35.9706 -4.27609 -3.22587
38.2706 -1.71509 -4.95387
36.2716 1.25891 -3.50787
36.2186 0.0629055 0.190132
39.5056 1.81591 1.32713
38.5686 5.24891 -0.144868
34.8836 4.89391 0.895132
36.2246 4.34591 4.46613
38.6966 7.28891 4.07913
35.7696 9.53991 2.99613
33.4576 8.38791 5.88613
36.2626 9.15591 8.39713
36.9166 12.6059 6.77213
33.1676 13.4029 7.24813
33.2946 12.3919 10.9731
36.6196 14.2569 11.5631

34.9616 17.3359 9.88013
32.4816 17.3209 12.8541
29.3126 16.0239 11.0631
26.6186 15.0709 13.5911
24.3656 12.7219 11.4671

24.5846 11.1269 7.98613
23.4166 8.05091 6.01513
25.7866 5.68891 4.14013
24.2006 3.62191 1.33613
25.8216 0.466905 -0.134868

24.4396 -2.83409 -1.61187
27.3176 -5.37809 -1.55687

27.4486 -7.06209 1.89613
31.3116 -6.86009 1.95413
31.0816 -3.00309 1.71213
28.4786 -2.81809 4.55613
30.6396 -5.25309 6.64213
33.9046 -3.27109 6.08813
32.2276 0.107905 6.93413
30.6746 -1.32109 10.1731
34.0106 -2.95409 11.2031
35.9526 0.348905 10.7831
33.2666 2.36191 12.6911
33.4846 -0.229095 15.5561
37.3466 -0.0050945 15.4411

37.0586 3.84991 15.6971
34.3906 3.41791 18.4981
31.8126 5.37791 16.3961
28.2086 4.69091 17.4651

26.2056 3.69991 14.3541
23.1206 1.73191 13.1881
23.0426 -0.985095 10.4721
20.0406 -2.08609 8.32813

20.3066 -4.80809 5.63013
18.4736 -7.90409 4.21613
19.0516 -9.82109 7.52513
17.6176 -7.07209 9.84113
14.1046 -8.07709 11.0301
10.9416 -5.98109 10.3741
10.5686 -4.87309 14.0621

14.3266 -4.23109 14.6491
14.3176 -2.00609 11.4821
11.7566 0.325905 13.1461
13.6056 0.270905 16.5301
17.0416 1.05891 14.9221
15.3006 3.82791 12.8991
13.9666 5.31591 16.1991
17.4436 4.93291 17.8521
19.0916 6.94891 14.9841
16.2436 9.54891 15.0341
16.1696 10.1129 18.8451

19.8026 9.44991 19.9791
22.3866 12.2319 19.2931
25.1896 9.60391 19.7431
24.3786 7.59991 16.5651
26.3476 9.58091 13.9441

26.2056 7.05691 11.0311
23.4456 4.88591 9.55213
24.9076 2.02391 7.42213
22.0516 1.11391 5.04913
21.4776 -1.41409 2.26113

20.1656 0.481905 -0.839868
17.7366 -2.42809 -1.54887
16.6736 -3.27709 2.04813
16.1866 0.316905 3.41513
14.4646 1.84591 0.282132
11.0036 1.37191 1.97013
9.00564 2.32791 5.12113
11.7726 4.09391 7.11613
12.2216 7.86591 7.80113
15.6746 9.40891 8.51013
14.8376 13.1439 8.95613
17.5476 13.4759 11.7091
20.3316 13.4109 9.03613
21.2156 16.2159 6.53913

23.6626 14.1389 4.39713
23.3536 10.9749 2.25513
26.5206 9.20791 0.970132
26.1436 6.57491 -1.77387

29.3036 4.45191 -1.32987
28.0946 2.43191 -4.36087
26.0836 3.23491 -7.50887
22.8906 1.26991 -8.30487
21.8046 0.715905 -11.9719
18.1586 1.68791 -11.2269

17.6186 5.46491 -10.5789
14.1456 4.91691 -9.01587
15.8466 3.04991 -6.09587
18.4656 5.84591 -5.68087
15.6286 8.47391 -5.52687
13.7486 6.23391 -2.99187
16.9266 6.22691 -0.811868
17.4006 10.0779 -1.04387

13.7026 10.5529 -0.0258684
14.3766 8.70591 3.25813
15.9976 11.9859 4.52313
14.0656 14.5079 2.37813
10.6816 14.0149 4.20213
8.14164 16.1889 6.08513
10.0656 17.1309 9.28213
13.3736 17.9029 7.46013
14.6026 21.5029 8.17413
18.1246 21.4339 6.56113
19.2276 21.3969 2.87513

19.8496 17.7159 2.05213
23.3396 16.8949 0.720132
23.6016 13.8439 -1.61487
27.1626 12.5919 -2.35587
27.6666 9.90791 -5.06787
31.0866 8.21291 -4.55987
32.6196 7.19691 -7.96287

36.0086 5.69691 -8.98487
37.7096 6.21591 -12.4139
38.8156 2.85091 -13.9379
35.7926 0.875905 -12.5199
32.1206 -0.124095 -13.1459

31.1086 3.45991 -12.0669
32.4276 4.80391 -15.4509
29.6476 2.79591 -17.2609
26.9486 2.87291 -14.5269
26.9126 6.68691 -14.1069
26.1016 7.52891 -17.8209
23.5166 4.64191 -17.7709
21.8076 6.07891 -14.6269
21.8206 9.59191 -16.2439
20.1276 8.50891 -19.5259
17.5266 6.58391 -17.4109
16.6846 9.71891 -15.2919
16.3246 11.7109 -18.5639
13.8516 9.06591 -19.9289
11.9296 9.33191 -16.5969
11.9446 13.1959 -16.7609
10.7176 13.2799 -20.4309

7.84464 10.9579 -19.3139
7.04464 13.4999 -16.4689
8.12064 10.8989 -13.8249
11.1406 12.8059 -12.3489
12.3156 16.4209 -11.7769
15.7736 14.9819 -11.0419
18.2476 16.1179 -13.6869
21.6876 14.4459 -13.2139
23.5726 16.2519 -16.1029

24.5786 19.3409 -14.0209
26.6266 17.1519 -11.5779
28.9736 15.8349 -14.3569
29.8246 19.2319 -15.9159

31.0896 20.1909 -12.3859
33.5746 17.2179 -11.9629

End chain 1
