-13.201 -6.296 -53.957
-10.703 -3.406 -53.291
-9.54 -3.087 -49.639
-11.02 0.322 -48.639
-8.614 1.85 -46.053
-10.787 3.126 -43.162

-9.634 6.195 -41.181
-10.061 4.9 -37.589
-10.286 6.838 -34.306
-12.195 7.103 -30.979
-14.163 9.439 -28.711
-12.619 10.223 -25.263
-14.157 12.207 -22.344

-11.943 15.248 -21.466
-14.301 16.978 -18.949
-17.827 16.65 -17.399
-19.139 18.761 -20.353

-16.752 17.96 -23.312
-15.482 14.956 -25.281
-12.62 14.751 -27.824
-12.437 12.939 -31.204
-8.982 11.264 -31.393
-8.672 10.357 -35.1

-6.282 10.744 -38.079
-6.98 13.557 -40.6
-9.895 13.022 -43.051

-11.208 15.853 -45.293
-14.92 14.856 -45.011
-14.611 14.37 -41.226
-13.015 17.857 -40.827
-15.875 19.254 -42.999
-18.403 17.482 -40.669
-16.559 18.759 -37.515
-16.844 22.341 -38.957

-20.697 21.797 -39.029
-20.861 21.033 -35.24
-22.116 23.933 -33.104
-20.016 23.255 -29.939
-16.791 22.621 -31.971

-13.393 23.436 -30.391
-10.011 22.816 -32.063
-6.805 22.812 -29.99

-3.883 23.919 -32.209
-1.328 22.314 -29.773
-2.753 18.736 -29.691
-4.334 19.137 -33.217

-7.578 17.622 -31.79
-11.313 18.386 -31.995
-13.683 18.544 -28.991
-17.466 19.001 -28.65
-20.131 19.402 -25.91

-21.257 16.038 -24.476
-24.923 16.743 -25.497
-23.731 16.722 -29.178
-22.178 13.179 -28.839
-25.228 11.354 -30.322
-25.57 14.044 -33.093
-21.852 13.682 -34.021
-21.815 9.829 -34.037
-25.045 9.774 -36.128
-23.507 12.176 -38.75
-20.093 10.348 -38.803

-21.793 6.948 -39.527
-22.962 8.546 -42.834
-19.328 9.196 -43.991
-17.677 6.563 -46.261
-14.251 5.2 -45.121

-14.46 6.789 -41.562
-14.765 4.819 -38.279
-15.142 6.964 -35.114
-15.663 4.659 -32.101

-18.218 6.249 -29.657
-17.862 6.903 -25.912
-18.35 3.469 -24.195
-21.794 2.549 -22.772
-20.235 2.829 -19.255
-19.534 6.58 -19.812
-22.964 7.196 -21.431
-24.623 5.531 -18.378
-22.42 7.523 -15.909

-23.028 10.919 -17.654
-26.668 10.153 -18.714
-27.851 13.482 -17.123

-25.214 15.594 -18.963
-26 13.8 -22.296
-29.631 15.147 -21.909

-29.014 18.802 -20.797
-28.522 21.656 -23.337
-27.494 23.803 -20.296
-24.374 24.206 -18.108
-26.03 23.63 -14.722
-23.195 22.587 -12.38
-23.731 19.355 -10.334

-27.219 19.392 -8.694
-26.798 20.208 -4.988
-26.578 17.032 -2.906
-29.814 16.999 -0.82
-29.276 16.946 2.956
-30.305 13.551 4.343

-32.727 13.25 7.268
-30.389 11.851 9.975
-33.077 12.019 12.787
-33.159 8.159 12.923
-29.32 8.149 13.454
-27.82 8.306 16.969

-27.52 12.074 17.913
-23.991 11.509 19.371
-22.796 10.469 15.867
-24.731 13.185 13.93
-23.402 16.008 16.22
-19.738 14.82 15.861

-19.687 14.822 11.995
-17.445 17.587 10.586

-19.106 19.692 7.763
-17.231 17.783 4.996
-18.064 14.402 6.666
-21.796 15.407 6.677
-21.562 16.318 2.947
-19.943 12.855 2.346
-22.788 11.075 4.244
-25.363 13.084 2.191
-23.555 12.165 -1.104
-23.43 8.459 -0.115
-27.196 8.491 0.728
-28.024 10.343 -2.565

-25.973 7.645 -4.472
-28.214 5.048 -2.67
-25.512 3.7 -0.27

-23.352 2.353 -3.174
-19.956 4.118 -3.237
-16.209 4.012 -2.721
-15.295 6.541 0.021

-13.2696 9.29043 1.65548

-12.6091 8.128 5.21291
-16.3195 7.58066 5.8261

-14.8635 5.69066 8.8471
-16.1765 6.93166 12.2331
-19.0485 9.14466 10.8231
-21.5215 6.95666 12.8571

-22.6595 4.32966 10.2801
-23.8275 2.05666 13.1831
-26.1785 4.68966 14.7651
-27.6915 5.48166 11.3031
-28.0975 1.71366 10.5391
-29.8355 1.01766 13.9101
-32.2305 3.97166 13.2471
-33.0625 2.83066 9.6441
-33.6615 -0.747343 10.9121
-35.7705 0.495657 13.9101
-38.0425 2.50666 11.5271

-38.7155 -0.966343 9.9561

-39.1995 -2.73134 13.4301
-42.7015 -3.88134 12.2191
-40.8655 -5.98034 9.5111
-38.4415 -7.89234 11.8591
-36.7965 -10.4373 12.6191

-33.5895 -8.47234 11.9371
-30.3665 -10.1613 10.7181
-27.0505 -8.35234 11.4461
-23.9475 -9.76334 9.6721
-20.6445 -8.38134 11.0521

-16.8655 -9.04034 11.4351
-16.2315 -11.8443 14.0161
-14.6715 -9.32934 16.5421
-17.5045 -6.66434 16.6481

-20.5735 -8.89234 17.4521
-20.7105 -7.77734 21.1241
-19.9695 -4.12634 20.0791
-23.1805 -4.32834 17.9551
-25.2295 -5.92134 20.8241
-24.0835 -3.10434 23.1781
-24.9245 -0.548343 20.4181
-28.5375 -1.91334 20.2091
-28.8975 -1.88434 24.0601
-27.4115 1.67566 24.1721
-29.6385 3.17066 21.4271

-32.9365 1.16666 21.6891
-33.6665 0.925657 25.5051
-37.2035 -0.233343 24.3971
-35.5795 -3.72534 23.8551
-34.8455 -6.30934 26.5661

-31.4475 -8.12834 26.3061
-33.4535 -11.3443 25.5291
-34.5955 -9.69134 22.2401

-30.9065 -9.84034 21.0251
-29.3205 -13.1483 19.9371
-25.4965 -13.0653 19.5301

-24.5175 -16.1403 17.4841
-21.1315 -17.3273 18.8211
-21.0165 -20.8613 17.2621
-22.2205 -22.8233 14.1841
-24.5845 -24.8443 16.5191
-26.6035 -21.8323 17.7661
-30.1675 -20.9413 16.6081
-29.8905 -17.9973 14.1501
-33.6315 -17.1263 14.7221
-33.7345 -17.1903 18.5761
-33.9235 -13.3563 18.9851
-35.8955 -10.4903 17.4441

-32.4035 -9.16434 16.4871
-29.8805 -11.8573 15.4141
-26.1515 -10.9223 15.2521
-23.8245 -13.3263 13.3361
-20.3445 -13.3193 11.7401

-19.4735 -13.7643 8.0261
-17.5725 -17.0333 8.8241
-20.6485 -18.5703 10.5621
-23.1155 -17.7933 7.6711

-21.7415 -20.7393 5.5891
-22.1025 -23.0973 8.6321
-25.6585 -21.7643 9.2941
-26.8295 -21.8393 5.5881
-29.5465 -24.4393 6.4931
-31.0585 -21.8603 8.9611
-30.7705 -18.9183 6.4381
-33.8865 -20.4573 4.7271
-36.0035 -18.4753 7.2741
-36.9095 -15.1613 5.5011
-35.1825 -12.2593 7.2911
-37.0515 -9.23934 5.8091

-34.5195 -6.70134 7.2411
-30.7515 -7.32234 6.8781
-27.8225 -5.16934 8.0511
-24.3325 -6.13434 6.8091

-21.4775 -4.26134 8.5081
-18.1565 -3.88934 6.6001

-19.8815 -5.37634 3.4801
-16.5805 -5.23134 1.4811
-16.0675 -8.76634 2.9931
-18.5895 -9.89034 0.273102

-16.3735 -8.46034 -2.6049
-15.6765 -11.9333 -4.1619
-18.7285 -14.0073 -5.2869
-16.8095 -17.3723 -5.1889
-16.2015 -17.1403 -1.3899

-18.3665 -19.2933 0.941102
-19.3835 -16.1463 2.9621
-20.6475 -14.4333 -0.243898
-22.4015 -17.6173 -1.5569
-24.2765 -17.9293 1.8011
-25.1285 -14.1613 2.1171
-26.2805 -13.3773 -1.4759
-29.5155 -15.5473 -1.5539
-30.7765 -13.8103 1.6501
-29.8195 -10.2963 0.385102
-31.7085 -10.8503 -2.9369
-34.9635 -11.9513 -1.1269

-34.8875 -9.66834 1.9841
-37.1875 -6.56634 1.7451

-34.6415 -4.14034 3.3451
-30.8345 -4.37134 2.8201
-28.5845 -1.94734 4.7391
-24.9605 -2.48134 3.6261
-22.2425 -0.545343 5.5371

-18.5545 0.0406569 4.6301
-15.8135 2.68766 5.0221
-14.1055 1.27666 1.9121
-16.8175 -0.246343 -0.382898
-14.0785 -1.04534 -2.8959
-10.6595 -1.98034 -1.4279
-8.6365 -1.75134 -4.7069
-10.7755 -2.20934 -7.9149

-14.3015 -1.61234 -9.4349
-14.9605 -5.42034 -9.6519
-15.2175 -5.54234 -5.7739
-18.4345 -3.39434 -5.9299
-20.4435 -5.87034 -8.0789
-21.7195 -8.05034 -5.1649
-22.7965 -4.91634 -3.1939
-24.5535 -3.43034 -6.3089
-26.5745 -6.66234 -6.9269
-27.3605 -6.95034 -3.1649
-28.9195 -3.40734 -3.1469

-30.4225 -3.67834 -6.7229
-30.8075 -7.39434 -7.8079
-31.9875 -6.27534 -11.3309
-28.7505 -4.31434 -12.0589
-26.1525 -6.26034 -14.1429
-27.7155 -9.80934 -13.7799
-24.3915 -11.2413 -15.1219

-20.9165 -10.0433 -13.9799
-19.5345 -10.0463 -17.5829
-21.6815 -6.99134 -18.5809
-20.3805 -5.05534 -15.5099
-16.7805 -6.22334 -16.2189
-16.8435 -5.18634 -19.9349
-18.0535 -1.65834 -18.9809
-16.2185 -0.844343 -15.6929

-13.3255 -3.37534 -15.3149
-11.6665 -2.89234 -18.7929
-12.3145 -6.60134 -19.4089

-9.7375 -8.24834 -21.7399
-9.9865 -11.5963 -23.5819
-6.7065 -13.4393 -22.8249

-5.7105 -16.9213 -24.2529
-6.7605 -18.4883 -20.8659

-10.1165 -16.5953 -20.4589
-11.2805 -13.1123 -19.3649
-9.1905 -10.6873 -17.2829

-11.2015 -8.21634 -15.0889
-8.2705 -6.60034 -13.1299
-8.6015 -3.27334 -15.0229
-10.8205 -0.186343 -14.6769
-12.9485 1.87366 -17.1159
-15.7035 4.56866 -17.1939

-15.2435 5.28566 -13.4189
-17.0745 8.68366 -13.5179
-20.1745 6.90766 -14.9749
-19.8495 4.19366 -12.2709
-19.6685 6.96166 -9.5779
-22.8765 8.59966 -10.9469
-24.7095 5.20466 -11.0559
-23.5975 4.38166 -7.4689
-24.6565 7.77966 -5.9819
-28.0585 7.82966 -7.7949
-29.2355 4.22066 -7.2599

-27.0045 2.21866 -4.7939

-24.8715 4.27666 -2.4099
-24.9295 7.17066 0.0611018

-21.3265 8.41266 0.594102
-20.0195 11.4137 2.5831
-16.4445 12.2487 3.5571

-14.9185 13.7327 6.7851
-14.3075 16.9367 4.7631
-18.0625 17.1857 3.8631
-19.5025 16.8157 7.4231

-16.6915 17.3107 10.0451
-14.7305 20.5457 9.2141
-13.3165 20.3087 12.8141
-11.3115 17.0407 12.3981

-7.5125 17.7347 12.3831
-5.7595 17.0007 9.0591

-4.1035 13.6307 8.3161
-0.4875 14.4787 7.3381
1.0495 11.5887 5.3361
4.7285 11.0907 4.3891
7.0905 8.48166 2.9871
10.1315 7.78666 5.2281
12.9505 6.23266 3.1731

14.7305 4.03166 5.7641
18.4455 3.85066 4.9541

19.4295 0.619657 3.0311
23.0445 1.09066 4.3591
22.0065 -1.10134 7.3811

20.9655 -3.89034 4.8961
24.1035 -6.07134 4.9621

25.6095 -7.34434 1.6641
24.2975 -10.9623 2.2051
20.6755 -9.76434 2.7561
20.9525 -7.43434 -0.304898
22.3815 -10.2793 -2.4569
19.4435 -12.4963 -1.2719
16.8975 -9.76134 -2.2699
18.6945 -9.36334 -5.6599
18.6075 -13.1893 -6.0909
14.8345 -13.4983 -5.3429
14.1465 -10.4463 -7.6109
16.1015 -12.1223 -10.4979
14.3275 -15.4353 -9.7069
10.8305 -13.8833 -10.2909
11.9215 -12.5523 -13.7619

13.4015 -15.8823 -15.0139
11.5715 -16.9803 -18.2189
11.7125 -20.7603 -17.6839
9.8415 -20.9213 -14.2989
6.2685 -22.1493 -13.7919

3.4725 -19.7623 -12.6379
3.7915 -21.4243 -9.1749
7.6135 -20.9653 -8.8859
7.0625 -17.2633 -9.8569
4.4735 -16.9103 -6.9819
6.8415 -18.7303 -4.5449
9.7905 -16.4383 -5.5019
7.4395 -13.4003 -5.0459
6.4245 -14.6023 -1.5219
10.1395 -15.1833 -0.714898
11.1095 -11.6623 -1.9869
8.2825 -10.1233 0.128102
9.2375 -12.0723 3.3261
12.9705 -11.1553 2.7591
11.9205 -7.46534 2.3991
10.2695 -7.65434 5.8591
13.4295 -9.23534 7.4281
15.7295 -6.67434 5.7001
13.7305 -3.70034 7.1461
13.6775 -4.89634 10.8441
16.9645 -3.14334 11.9811
16.0275 0.289657 10.5091
12.3425 -0.0653431 11.5491
13.6835 -0.613343 15.1201
16.1555 2.32966 14.7331
13.2285 4.58066 13.6501
10.9165 3.42866 16.5401
13.7215 4.19666 19.0511
14.3755 7.64666 17.4261
10.6265 8.44366 17.9021
10.7535 7.43266 21.6271
14.0785 9.29766 22.2171

12.4205 12.3767 20.5341
9.9405 12.3617 23.5081
6.7715 11.0647 21.7171
4.0775 10.1117 24.2451
1.8245 7.76266 22.1211

2.0435 6.16766 18.6401
0.8755 3.09166 16.6691
3.2455 0.729657 14.7941
1.6595 -1.33734 11.9901
3.2805 -4.49234 10.5191

1.8985 -7.79334 9.0421
4.7765 -10.3373 9.0971

4.9075 -12.0213 12.5501
8.7705 -11.8193 12.6081
8.5405 -7.96234 12.3661
5.9375 -7.77734 15.2101
8.0985 -10.2123 17.2961
11.3635 -8.23034 16.7421
9.6865 -4.85134 17.5881
8.1335 -6.28034 20.8271
11.4695 -7.91334 21.8571
13.4115 -4.61034 21.4371
10.7255 -2.59734 23.3451
10.9435 -5.18834 26.2101
14.8055 -4.96434 26.0951

14.5175 -1.10934 26.3511
11.8495 -1.54134 29.1521
9.2715 0.418657 27.0501
5.6675 -0.268343 28.1191

3.6645 -1.25934 25.0081
0.5795 -3.22734 23.8421
0.5015 -5.94434 21.1261
-2.5005 -7.04534 18.9821

-2.2345 -9.76734 16.2841
-4.0675 -12.8633 14.8701
-3.4895 -14.7803 18.1791
-4.9235 -12.0313 20.4951
-8.4365 -13.0363 21.6841
-11.5995 -10.9403 21.0281
-11.9725 -9.83234 24.7161

-8.2145 -9.19034 25.3031
-8.2235 -6.96534 22.1361
-10.7845 -4.63334 23.8001
-8.9355 -4.68834 27.1841
-5.4995 -3.90034 25.5761
-7.2405 -1.13134 23.5531
-8.5745 0.356657 26.8531
-5.0975 -0.0263431 28.5061
-3.4495 1.98966 25.6381
-6.2975 4.58966 25.6881
-6.3715 5.15366 29.4991

-2.7385 4.49066 30.6331
-0.1545 7.27266 29.9471
2.6485 4.64466 30.3971
1.8375 2.64066 27.2191
3.8065 4.62166 24.5981

3.6645 2.09766 21.6851
0.9045 -0.0733431 20.2061
2.3665 -2.93534 18.0761
-0.4895 -3.84534 15.7031
-1.0635 -6.37334 12.9151

-2.3755 -4.47734 9.8141
-4.8045 -7.38734 9.1051
-5.8675 -8.23634 12.7021
-6.3545 -4.64234 14.0691
-8.0765 -3.11334 10.9361
-11.5375 -3.58734 12.6241
-13.5355 -2.63134 15.7751
-10.7685 -0.865343 17.7701
-10.3195 2.90666 18.4551
-6.8665 4.44966 19.1641
-7.7035 8.18466 19.6101
-4.9935 8.51666 22.3631
-2.2095 8.45166 19.6901
-1.3255 11.2567 17.1931

1.1215 9.17966 15.0511
0.8125 6.01566 12.9091
3.9795 4.24866 11.6241
3.6025 1.61566 8.8801

6.7625 -0.507343 9.3241
5.5535 -2.52734 6.2931
3.5425 -1.72434 3.1451
0.3495 -3.68934 2.3491
-0.7365 -4.24334 -1.3179
-4.3825 -3.27134 -0.572898

-4.9225 0.505657 0.0751018
-8.3955 -0.0423431 1.6381
-6.6945 -1.90934 4.5581
-4.0755 0.886657 4.9731
-6.9125 3.51466 5.1271
-8.7925 1.27466 7.6621
-5.6145 1.26766 9.8421
-5.1405 5.11866 9.6101

-8.8385 5.59366 10.6281
-8.1645 3.74666 13.9121
-6.5435 7.02666 15.1771
-8.4755 9.54866 13.0321
-11.8595 9.05566 14.8561
-14.3995 11.2297 16.7391
-12.4755 12.1717 19.9361
-9.1675 12.9437 18.1141
-7.9385 16.5437 18.8281
-4.4165 16.4747 17.2151
-3.3135 16.4377 13.5291

-2.6915 12.7567 12.7061
0.7985 11.9357 11.3741
1.0605 8.88466 9.0391
4.6215 7.63266 8.2981
5.1255 4.94866 5.5861
8.5455 3.25366 6.0941
10.0785 2.23766 2.6911

13.4675 0.737657 1.6691
15.1685 1.25666 -1.7599
16.2745 -2.10834 -3.2839
13.2515 -4.08334 -1.8659
9.5795 -5.08334 -2.4919

8.5675 -1.49934 -1.4129
9.8865 -0.155343 -4.7969
7.1065 -2.16334 -6.6069
4.4075 -2.08634 -3.8729
4.3715 1.72766 -3.4529
3.5605 2.56966 -7.1669
0.9755 -0.317343 -7.1169
-0.7335 1.11966 -3.9729
-0.7205 4.63266 -5.5899
-2.4135 3.54966 -8.8719
-5.0145 1.62466 -6.7569
-5.8565 4.75966 -4.6379
-6.2165 6.75166 -7.9099
-8.6895 4.10666 -9.2749
-10.6115 4.37266 -5.9429
-10.5965 8.23666 -6.1069
-11.8235 8.32066 -9.7769

-14.6965 5.99866 -8.6599
-15.4965 8.54066 -5.8149
-14.4205 5.93966 -3.1709
-11.4005 7.84666 -1.6949
-10.2255 11.4617 -1.1229
-6.7675 10.0227 -0.387898
-4.2935 11.1587 -3.0329
-0.8535 9.48666 -2.5599
1.0315 11.2927 -5.4489

2.0375 14.3817 -3.3669
4.0855 12.1927 -0.923898
6.4325 10.8757 -3.7029
7.2835 14.2727 -5.2619

8.5485 15.2317 -1.7319
11.0335 12.2587 -1.3089

End chain 1
