-13.201 -6.296 -53.957
-10.703 -3.406 -53.291
-9.54 -3.087 -49.639
-11.02 0.322 -48.639
-8.614 1.85 -46.053
-10.787 3.126 -43.162

-9.634 6.195 -41.181
-10.061 4.9 -37.589
-10.286 6.838 -34.306
-12.195 7.103 -30.979
-14.163 9.439 -28.711
-12.619 10.223 -25.263
-14.157 12.207 -22.344

-11.943 15.248 -21.466
-14.301 16.978 -18.949
-17.827 16.65 -17.399
-19.139 18.761 -20.353

-16.752 17.96 -23.312
-15.482 14.956 -25.281
-12.62 14.751 -27.824
-12.437 12.939 -31.204
-8.982 11.264 -31.393
-8.672 10.357 -35.1

-6.282 10.744 -38.079
-6.98 13.557 -40.6
-9.895 13.022 -43.051

-11.208 15.853 -45.293
-14.92 14.856 -45.011
-14.611 14.37 -41.226
-13.015 17.857 -40.827
-15.875 19.254 -42.999
-18.403 17.482 -40.669
-16.559 18.759 -37.515
-16.844 22.341 -38.957

-20.697 21.797 -39.029
-20.861 21.033 -35.24
-22.116 23.933 -33.104
-20.016 23.255 -29.939
-16.791 22.621 -31.971

-13.393 23.436 -30.391
-10.011 22.816 -32.063
-6.805 22.812 -29.99

-3.883 23.919 -32.209
-1.328 22.314 -29.773
-2.753 18.736 -29.691
-4.334 19.137 -33.217

-7.578 17.622 -31.79
-11.313 18.386 -31.995
-13.683 18.544 -28.991
-17.466 19.001 -28.65
-20.131 19.402 -25.91

-21.257 16.038 -24.476
-24.923 16.743 -25.497
-23.731 16.722 -29.178
-22.178 13.179 -28.839
-25.228 11.354 -30.322
-25.57 14.044 -33.093
-21.852 13.682 -34.021
-21.815 9.829 -34.037
-25.045 9.774 -36.128
-23.507 12.176 -38.75
-20.093 10.348 -38.803

-21.793 6.948 -39.527
-22.962 8.546 -42.834
-19.328 9.196 -43.991
-17.677 6.563 -46.261
-14.251 5.2 -45.121

-14.46 6.789 -41.562
-14.765 4.819 -38.279
-15.142 6.964 -35.114
-15.663 4.659 -32.101

-18.218 6.249 -29.657
-17.862 6.903 -25.912
-18.35 3.469 -24.195
-21.794 2.549 -22.772
-20.235 2.829 -19.255
-19.534 6.58 -19.812
-22.964 7.196 -21.431
-24.623 5.531 -18.378
-22.42 7.523 -15.909

-23.028 10.919 -17.654
-26.668 10.153 -18.714
-27.851 13.482 -17.123

-25.214 15.594 -18.963
-26 13.8 -22.296
-29.631 15.147 -21.909

-29.014 18.802 -20.797
-28.522 21.656 -23.337
-27.494 23.803 -20.296
-24.374 24.206 -18.108
-26.03 23.63 -14.722
-23.195 22.587 -12.38
-23.731 19.355 -10.334

-27.219 19.392 -8.694
-26.798 20.208 -4.988
-26.578 17.032 -2.906
-29.814 16.999 -0.82
-29.276 16.946 2.956
-30.305 13.551 4.343

-32.727 13.25 7.268
-30.389 11.851 9.975
-33.077 12.019 12.787
-33.159 8.159 12.923
-29.32 8.149 13.454
-27.82 8.306 16.969

-27.52 12.074 17.913
-23.991 11.509 19.371
-22.796 10.469 15.867
-24.731 13.185 13.93
-23.402 16.008 16.22
-19.738 14.82 15.861

-19.687 14.822 11.995
-17.445 17.587 10.586

-19.106 19.692 7.763
-17.231 17.783 4.996
-18.064 14.402 6.666
-21.796 15.407 6.677
-21.562 16.318 2.947
-19.943 12.855 2.346
-22.788 11.075 4.244
-25.363 13.084 2.191
-23.555 12.165 -1.104
-23.43 8.459 -0.115
-27.196 8.491 0.728
-28.024 10.343 -2.565

-25.973 7.645 -4.472
-28.214 5.048 -2.67
-25.512 3.7 -0.27

-23.352 2.353 -3.174
-19.956 4.118 -3.237
-16.209 4.012 -2.721
-15.295 6.541 0.021

-11.694 7.195 -1.128

-11.135 10.189 1.225
-7.504 10.605 2.377

-6.048 8.715 5.398
-7.361 9.956 8.784
-10.233 12.169 7.374
-12.706 9.981 9.408

-13.844 7.354 6.831
-15.012 5.081 9.734
-17.363 7.714 11.316
-18.876 8.506 7.854
-19.282 4.738 7.09
-21.02 4.042 10.461
-23.415 6.996 9.798
-24.247 5.855 6.195
-24.846 2.277 7.463
-26.955 3.52 10.461
-29.227 5.531 8.078

-29.9 2.058 6.507

-30.384 0.293 9.981
-33.886 -0.857 8.77
-32.05 -2.956 6.062
-29.626 -4.868 8.41
-27.981 -7.413 9.17

-24.774 -5.448 8.488
-21.551 -7.137 7.269
-18.235 -5.328 7.997
-15.132 -6.739 6.223
-11.829 -5.357 7.603

-8.05 -6.016 7.986
-7.416 -8.82 10.567
-5.856 -6.305 13.093
-8.689 -3.64 13.199

-11.758 -5.868 14.003
-11.895 -4.753 17.675
-11.154 -1.102 16.63
-14.365 -1.304 14.506
-16.414 -2.897 17.375
-15.268 -0.08 19.729
-16.109 2.476 16.969
-19.722 1.111 16.76
-20.082 1.14 20.611
-18.596 4.7 20.723
-20.823 6.195 17.978

-24.121 4.191 18.24
-24.851 3.95 22.056
-28.388 2.791 20.948
-26.764 -0.701 20.406
-26.03 -3.285 23.117

-22.632 -5.104 22.857
-24.638 -8.32 22.08
-25.78 -6.667 18.791

-22.091 -6.816 17.576
-20.505 -10.124 16.488
-16.681 -10.041 16.081

-15.702 -13.116 14.035
-12.316 -14.303 15.372
-12.201 -17.837 13.813
-13.405 -19.799 10.735
-15.769 -21.82 13.07
-17.788 -18.808 14.317
-21.352 -17.917 13.159
-21.075 -14.973 10.701
-24.816 -14.102 11.273
-24.919 -14.166 15.127
-25.108 -10.332 15.536
-27.08 -7.466 13.995

-23.588 -6.14 13.038
-21.065 -8.833 11.965
-17.336 -7.898 11.803
-15.009 -10.302 9.887
-11.529 -10.295 8.291

-10.658 -10.74 4.577
-8.757 -14.009 5.375
-11.833 -15.546 7.113
-14.3 -14.769 4.222

-12.926 -17.715 2.14
-13.287 -20.073 5.183
-16.843 -18.74 5.845
-18.014 -18.815 2.139
-20.731 -21.415 3.044
-22.243 -18.836 5.512
-21.955 -15.894 2.989
-25.071 -17.433 1.278
-27.188 -15.451 3.825
-28.094 -12.137 2.052
-26.367 -9.235 3.842
-28.236 -6.215 2.36

-25.704 -3.677 3.792
-21.936 -4.298 3.429
-19.007 -2.145 4.602
-15.517 -3.11 3.36

-12.662 -1.237 5.059
-9.341 -0.865 3.151

-11.066 -2.352 0.031
-7.765 -2.207 -1.968
-7.252 -5.742 -0.456
-9.774 -6.866 -3.176

-7.558 -5.436 -6.054
-6.861 -8.909 -7.611
-9.913 -10.983 -8.736
-7.994 -14.348 -8.638
-7.386 -14.116 -4.839

-9.551 -16.269 -2.508
-10.568 -13.122 -0.487
-11.832 -11.409 -3.693
-13.586 -14.593 -5.006
-15.461 -14.905 -1.648
-16.313 -11.137 -1.332
-17.465 -10.353 -4.925
-20.7 -12.523 -5.003
-21.961 -10.786 -1.799
-21.004 -7.272 -3.064
-22.893 -7.826 -6.386
-26.148 -8.927 -4.576

-26.072 -6.644 -1.465
-28.372 -3.542 -1.704

-25.826 -1.116 -0.104
-22.019 -1.347 -0.629
-19.769 1.077 1.29
-16.145 0.543 0.177
-13.427 2.479 2.088

-9.739 3.065 1.181
-6.998 5.712 1.573
-5.29 4.301 -1.537
-8.002 2.778 -3.832
-5.263 1.979 -6.345
-1.844 1.044 -4.877
0.179 1.273 -8.156
-1.96 0.815 -11.364

-5.486 1.412 -12.884
-6.145 -2.396 -13.101
-6.402 -2.518 -9.223
-9.619 -0.37 -9.379
-11.628 -2.846 -11.528
-12.904 -5.026 -8.614
-13.981 -1.892 -6.643
-15.738 -0.406 -9.758
-17.759 -3.638 -10.376
-18.545 -3.926 -6.614
-20.104 -0.383 -6.596

-21.607 -0.654 -10.172
-21.992 -4.37 -11.257
-23.172 -3.251 -14.78
-19.935 -1.29 -15.508
-17.337 -3.236 -17.592
-18.9 -6.785 -17.229
-15.576 -8.217 -18.571

-12.101 -7.019 -17.429
-10.719 -7.022 -21.032
-12.866 -3.967 -22.03
-11.565 -2.031 -18.959
-7.965 -3.199 -19.668
-8.028 -2.162 -23.384
-9.238 1.366 -22.43
-7.403 2.18 -19.142

-4.51 -0.351 -18.764
-2.851 0.132 -22.242
-3.499 -3.577 -22.858

-0.922 -5.224 -25.189
-1.171 -8.572 -27.031
2.109 -10.415 -26.274

3.105 -13.897 -27.702
2.055 -15.464 -24.315

-1.301 -13.571 -23.908
-2.465 -10.088 -22.814
-0.375 -7.663 -20.732

-2.386 -5.192 -18.538
0.545 -3.576 -16.579
0.214 -0.249 -18.472
-2.005 2.838 -18.126
-4.133 4.898 -20.565
-6.888 7.593 -20.643

-6.428 8.31 -16.868
-8.259 11.708 -16.967
-11.359 9.932 -18.424
-11.034 7.218 -15.72
-10.853 9.986 -13.027
-14.061 11.624 -14.396
-15.894 8.229 -14.505
-14.782 7.406 -10.918
-15.841 10.804 -9.431
-19.243 10.854 -11.244
-20.42 7.245 -10.709

-18.189 5.243 -8.243

-16.056 7.301 -5.859
-16.114 10.195 -3.388

-12.511 11.437 -2.855
-11.204 14.438 -0.866
-7.629 15.273 0.108

-6.103 16.757 3.336
-5.492 19.961 1.314
-9.247 20.21 0.414
-10.687 19.84 3.974

-8.10883 22.6597 4.64192
-4.69368 24.2355 4.94492
-1.86269 25.0493 7.31477
1.78312 24.9543 6.13097

5.55943 24.5281 6.15844
5.35335 22.0253 9.01088

7.00935 18.6553 8.26788
10.6254 19.5033 7.28988
12.1624 16.6133 5.28788
15.8414 16.1153 4.34088
18.2034 13.5063 2.93888
21.2444 12.8113 5.17988
24.0634 11.2573 3.12488

25.8434 9.05632 5.71588
29.5584 8.87532 4.90588

30.5424 5.64432 2.98288
34.1574 6.11532 4.31088
33.1194 3.92332 7.33288

32.0784 1.13432 4.84788
35.2164 -1.04668 4.91388

36.7224 -2.31968 1.61588
35.4104 -5.93768 2.15688
31.7884 -4.73968 2.70788
32.0654 -2.40968 -0.353123
33.4944 -5.25468 -2.50512
30.5564 -7.47168 -1.32012
28.0104 -4.73668 -2.31812
29.8074 -4.33868 -5.70812
29.7204 -8.16468 -6.13912
25.9474 -8.47368 -5.39112
25.2594 -5.42168 -7.65912
27.2144 -7.09768 -10.5461
25.4404 -10.4107 -9.75512
21.9434 -8.85868 -10.3391
23.0344 -7.52768 -13.8101

24.5144 -10.8577 -15.0621
22.6844 -11.9557 -18.2671
22.8254 -15.7357 -17.7321
20.9544 -15.8967 -14.3471
17.3814 -17.1247 -13.8401

14.5854 -14.7377 -12.6861
14.9044 -16.3997 -9.22312
18.7264 -15.9407 -8.93412
18.1754 -12.2387 -9.90512
15.5864 -11.8857 -7.03012
17.9544 -13.7057 -4.59312
20.9034 -11.4137 -5.55012
18.5524 -8.37568 -5.09412
17.5374 -9.57768 -1.57012
21.2524 -10.1587 -0.763123
22.2224 -6.63768 -2.03512
19.3954 -5.09868 0.0798771
20.3504 -7.04768 3.27788
24.0834 -6.13068 2.71088
23.0334 -2.44068 2.35088
21.3824 -2.62968 5.81088
24.5424 -4.21068 7.37988
26.8424 -1.64968 5.65188
24.8434 1.32432 7.09788
24.7904 0.128321 10.7959
28.0774 1.88132 11.9329
27.1404 5.31432 10.4609
23.4554 4.95932 11.5009
24.7964 4.41132 15.0719
27.2684 7.35432 14.6849
24.3414 9.60532 13.6019
22.0294 8.45332 16.4919
24.8344 9.22132 19.0029
25.4884 12.6713 17.3779
21.7394 13.4683 17.8539
21.8664 12.4573 21.5789
25.1914 14.3223 22.1689

23.5334 17.4013 20.4859
21.0534 17.3863 23.4599
17.8844 16.0893 21.6689
15.1904 15.1363 24.1969
12.9374 12.7873 22.0729

13.1564 11.1923 18.5919
11.9884 8.11632 16.6209
14.3584 5.75432 14.7459
12.7724 3.68732 11.9419
14.3934 0.532321 10.4709

13.0114 -2.76868 8.99388
15.8894 -5.31268 9.04888

16.0204 -6.99668 12.5019
19.8834 -6.79468 12.5599
19.6534 -2.93768 12.3179
17.0504 -2.75268 15.1619
19.2114 -5.18768 17.2479
22.4764 -3.20568 16.6939
20.7994 0.173321 17.5399
19.2464 -1.25568 20.7789
22.5824 -2.88868 21.8089
24.5244 0.414321 21.3889
21.8384 2.42732 23.2969
22.0564 -0.163679 26.1619
25.9184 0.0603209 26.0469

25.6304 3.91532 26.3029
22.9624 3.48332 29.1039
20.3844 5.44332 27.0019
16.7804 4.75632 28.0709

14.7774 3.76532 24.9599
11.6924 1.79732 23.7939
11.6144 -0.919679 21.0779
8.61235 -2.02068 18.9339

8.87835 -4.74268 16.2359
7.04535 -7.83868 14.8219
7.62335 -9.75568 18.1309
6.18935 -7.00668 20.4469
2.67635 -8.01168 21.6359
-0.486646 -5.91568 20.9799
-0.859646 -4.80768 24.6679

2.89835 -4.16568 25.2549
2.88935 -1.94068 22.0879
0.328354 0.391321 23.7519
2.17735 0.336321 27.1359
5.61335 1.12432 25.5279
3.87235 3.89332 23.5049
2.53835 5.38132 26.8049
6.01535 4.99832 28.4579
7.66335 7.01432 25.5899
4.81535 9.61432 25.6399
4.74135 10.1783 29.4509

8.37435 9.51532 30.5849
10.9584 12.2973 29.8989
13.7614 9.66932 30.3489
12.9504 7.66532 27.1709
14.9194 9.64632 24.5499

14.7774 7.12232 21.6369
12.0174 4.95132 20.1579
13.4794 2.08932 18.0279
10.6234 1.17932 15.6549
10.0494 -1.34868 12.8669

8.73735 0.547321 9.76588
6.30835 -2.36268 9.05688
5.24535 -3.21168 12.6539
4.75835 0.382321 14.0209
3.03635 1.91132 10.8879
-0.424646 1.43732 12.5759
-2.42265 2.39332 15.7269
0.344354 4.15932 17.7219
0.793354 7.93132 18.4069
4.24635 9.47432 19.1159
3.40935 13.2093 19.5619
6.11935 13.5413 22.3149
8.90335 13.4763 19.6419
9.78735 16.2813 17.1449

12.2344 14.2043 15.0029
11.9254 11.0403 12.8609
15.0924 9.27332 11.5759
14.7154 6.64032 8.83188

17.8754 4.51732 9.27588
16.6664 2.49732 6.24488
14.6554 3.30032 3.09688
11.4624 1.33532 2.30088
10.3764 0.781321 -1.36612
6.73035 1.75332 -0.621123

6.19035 5.53032 0.0268771
2.71735 4.98232 1.58988
4.41835 3.11532 4.50988
7.03735 5.91132 4.92488
4.20035 8.53932 5.07888
2.32035 6.29932 7.61388
5.49835 6.29232 9.79388
5.97235 10.1433 9.56188

2.27435 10.6183 10.5799
2.94835 8.77132 13.8639
4.56935 12.0513 15.1289
2.63735 14.5733 12.9839
-0.746646 14.0803 14.8079
-3.28665 16.2543 16.6909
-1.36265 17.1963 19.8879
1.94535 17.9683 18.0659
3.17435 21.5683 18.7799
6.69635 21.4993 17.1669
7.79935 21.4623 13.4809

8.42135 17.7813 12.6579
11.9114 16.9603 11.3259
12.1734 13.9093 8.99088
15.7344 12.6573 8.24988
16.2384 9.97332 5.53788
19.6584 8.27832 6.04588
21.1914 7.26232 2.64288

24.5804 5.76232 1.62088
26.2814 6.28132 -1.80812
27.3874 2.91632 -3.33212
24.3644 0.941321 -1.91412
20.6924 -0.0586791 -2.54012

19.6804 3.52532 -1.46112
20.9994 4.86932 -4.84512
18.2194 2.86132 -6.65512
15.5204 2.93832 -3.92112
15.4844 6.75232 -3.50112
14.6734 7.59432 -7.21512
12.0884 4.70732 -7.16512
10.3794 6.14432 -4.02112
10.3924 9.65732 -5.63812
8.69935 8.57432 -8.92012
6.09835 6.64932 -6.80512
5.25635 9.78432 -4.68612
4.89635 11.7763 -7.95812
2.42335 9.13132 -9.32312
0.501354 9.39732 -5.99112
0.516354 13.2613 -6.15512
-0.710646 13.3453 -9.82512

-3.58365 11.0233 -8.70812
-4.38365 13.5653 -5.86312
-3.30765 10.9643 -3.21912
-0.287646 12.8713 -1.74312
0.887354 16.4863 -1.17112
4.34535 15.0473 -0.436123
6.81935 16.1833 -3.08112
10.2594 14.5113 -2.60812
12.1444 16.3173 -5.49712

13.1504 19.4063 -3.41512
15.1984 17.2173 -0.972123
17.5454 15.9003 -3.75112
18.3964 19.2973 -5.31012

19.6614 20.2563 -1.78012
22.1464 17.2833 -1.35712

End chain 1
