-13.201 -6.296 -53.957
-10.703 -3.406 -53.291
-9.54 -3.087 -49.639
-11.02 0.322 -48.639
-8.614 1.85 -46.053
-10.787 3.126 -43.162

-9.634 6.195 -41.181
-10.061 4.9 -37.589
-10.286 6.838 -34.306
-12.195 7.103 -30.979
-14.163 9.439 -28.711
-12.619 10.223 -25.263
-14.157 12.207 -22.344

-11.943 15.248 -21.466
-14.301 16.978 -18.949
-17.827 16.65 -17.399
-19.139 18.761 -20.353

-16.752 17.96 -23.312
-15.482 14.956 -25.281
-12.62 14.751 -27.824
-12.437 12.939 -31.204
-8.982 11.264 -31.393
-8.672 10.357 -35.1

-6.282 10.744 -38.079
-6.98 13.557 -40.6
-9.895 13.022 -43.051

-11.208 15.853 -45.293
-14.92 14.856 -45.011
-14.611 14.37 -41.226
-13.015 17.857 -40.827
-15.875 19.254 -42.999
-18.403 17.482 -40.669
-16.559 18.759 -37.515
-16.844 22.341 -38.957

-20.3121 22.5991 -40.4746
-21.744 25.3194 -38.1801
-19.9232 28.5964 -38.7366
-18.6499 28.7952 -35.1892
-15.6076 26.6185 -34.8453

-13.2559 29.3647 -33.5537
-14.6354 32.4049 -35.1999
-13.8171 35.9058 -33.7312

-10.8951 37.0128 -35.9502
-8.34006 35.4078 -33.5142
-9.76506 31.8298 -33.4322
-11.3461 32.2308 -36.9582

-14.5901 30.7158 -35.5312
-18.3251 31.4798 -35.7362
-20.6951 31.6378 -32.7322
-24.4781 32.0948 -32.3912
-27.1431 32.4958 -29.6512

-28.2691 29.1318 -28.2172
-31.9351 29.8368 -29.2382
-30.7431 29.8158 -32.9192
-29.1901 26.2728 -32.5802
-32.2401 24.4478 -34.0632
-32.5821 27.1378 -36.8342
-28.8641 26.7758 -37.7622
-28.8271 22.9228 -37.7782
-32.0571 22.8678 -39.8692
-30.5191 25.2698 -42.4912
-27.1051 23.4418 -42.5442

-28.8051 20.0418 -43.2682
-29.9741 21.6398 -46.5752
-26.3401 22.2898 -47.7322
-24.6891 19.6568 -50.0022
-21.2631 18.2938 -48.8622

-21.4721 19.8828 -45.3032
-21.7771 17.9128 -42.0202
-22.1541 20.0578 -38.8552
-22.6751 17.7528 -35.8422

-25.2301 19.3428 -33.3982
-24.8741 19.9968 -29.6532
-25.3621 16.5628 -27.9362
-28.8061 15.6428 -26.5132
-27.2471 15.9228 -22.9962
-26.5461 19.6738 -23.5532
-29.9761 20.2898 -25.1722
-31.6351 18.6248 -22.1192
-29.4321 20.6168 -19.6502

-30.0401 24.0128 -21.3952
-33.6801 23.2468 -22.4552
-34.8631 26.5758 -20.8642

-32.2261 28.6878 -22.7042
-33.0121 26.8938 -26.0372
-36.6431 28.2408 -25.6502

-36.0261 31.8958 -24.5382
-35.5341 34.7498 -27.0782
-34.5061 36.8968 -24.0372
-31.3861 37.2998 -21.8492
-33.0421 36.7238 -18.4632
-30.2071 35.6808 -16.1212
-30.7431 32.4488 -14.0752

-34.2311 32.4858 -12.4352
-33.8101 33.3018 -8.72916
-33.5901 30.1258 -6.64716
-36.8261 30.0928 -4.56116
-36.2881 30.0398 -0.785159
-37.3171 26.6448 0.601841

-39.7391 26.3438 3.52684
-37.4011 24.9448 6.23384
-40.0891 25.1128 9.04584
-40.1711 21.2528 9.18184
-36.3321 21.2428 9.71284
-34.8321 21.3998 13.2278

-34.5321 25.1678 14.1718
-31.0031 24.6028 15.6298
-29.8081 23.5628 12.1258
-31.7431 26.2788 10.1888
-30.4141 29.1018 12.4788
-26.7501 27.9138 12.1198

-26.6991 27.9158 8.25384
-24.4571 30.6808 6.84484

-26.1181 32.7858 4.02184
-24.2431 30.8768 1.25484
-25.0761 27.4958 2.92484
-28.8081 28.5008 2.93584
-28.5741 29.4118 -0.794159
-26.9551 25.9488 -1.39516
-29.8001 24.1688 0.502841
-32.3751 26.1778 -1.55016
-30.5671 25.2588 -4.84516
-30.4421 21.5528 -3.85616
-34.2081 21.5848 -3.01316
-35.0361 23.4368 -6.30616

-32.9851 20.7388 -8.21316
-35.2261 18.1418 -6.41116
-32.5241 16.7938 -4.01116

-30.3641 15.4468 -6.91516
-26.9681 17.2118 -6.97816
-23.2211 17.1058 -6.46216
-22.3071 19.6348 -3.72016

-18.7061 20.2888 -4.86916

-18.1471 23.2828 -2.51616
-14.5161 23.6988 -1.36416

-13.0601 21.8088 1.65684
-14.3731 23.0498 5.04284
-17.2451 25.2628 3.63284
-19.7181 23.0748 5.66684

-20.8561 20.4478 3.08984
-22.0241 18.1748 5.99284
-24.3751 20.8078 7.57484
-25.8881 21.5998 4.11284
-26.2941 17.8318 3.34884
-28.0321 17.1358 6.71984
-30.4271 20.0898 6.05684
-31.2591 18.9488 2.45384
-31.8581 15.3708 3.72184
-33.9671 16.6138 6.71984
-36.2391 18.6248 4.33684

-36.9121 15.1518 2.76584

-37.3961 13.3868 6.23984
-40.8981 12.2368 5.02884
-39.0621 10.1378 2.32084
-36.6381 8.22584 4.66884
-34.9931 5.68084 5.42884

-31.7861 7.64584 4.74684
-28.5631 5.95684 3.52784
-25.2471 7.76584 4.25584
-22.1441 6.35484 2.48184
-18.8411 7.73684 3.86184

-15.0621 7.07784 4.24484
-14.4281 4.27384 6.82584
-12.8681 6.78884 9.35184
-15.7011 9.45384 9.45784

-18.7701 7.22584 10.2618
-18.9071 8.34084 13.9338
-18.1661 11.9918 12.8888
-21.3771 11.7898 10.7648
-23.4261 10.1968 13.6338
-22.2801 13.0138 15.9878
-23.1211 15.5698 13.2278
-26.7341 14.2048 13.0188
-27.0941 14.2338 16.8698
-25.6081 17.7938 16.9818
-27.8351 19.2888 14.2368

-31.1331 17.2848 14.4988
-31.8631 17.0438 18.3148
-35.4001 15.8848 17.2068
-33.7761 12.3928 16.6648
-33.0421 9.80884 19.3758

-29.6441 7.98984 19.1158
-31.6501 4.77384 18.3388
-32.7921 6.42684 15.0498

-29.1031 6.27784 13.8348
-27.5171 2.96984 12.7468
-23.6931 3.05284 12.3398

-22.7141 -0.0221621 10.2938
-19.3281 -1.20916 11.6308
-19.2131 -4.74316 10.0718
-20.4171 -6.70516 6.99384
-22.7811 -8.72616 9.32884
-24.8001 -5.71416 10.5758
-28.3641 -4.82316 9.41784
-28.0871 -1.87916 6.95984
-31.8281 -1.00816 7.53184
-31.9311 -1.07216 11.3858
-32.1201 2.76184 11.7948
-34.0921 5.62784 10.2538

-30.6001 6.95384 9.29684
-28.0771 4.26084 8.22384
-24.3481 5.19584 8.06184
-22.0211 2.79184 6.14584
-18.5411 2.79884 4.54984

-17.6701 2.35384 0.835841
-15.7691 -0.915162 1.63384
-18.8451 -2.45216 3.37184
-21.3121 -1.67516 0.480841

-19.9381 -4.62116 -1.60116
-20.2991 -6.97916 1.44184
-23.8551 -5.64616 2.10384
-25.0261 -5.72116 -1.60216
-27.7431 -8.32116 -0.697159
-29.2551 -5.74216 1.77084
-28.9671 -2.80016 -0.752159
-32.0831 -4.33916 -2.46316
-34.2001 -2.35716 0.0838408
-35.1061 0.956838 -1.68916
-33.3791 3.85884 0.100841
-35.2481 6.87884 -1.38116

-32.7161 9.41684 0.0508408
-28.9481 8.79584 -0.312159
-26.0191 10.9488 0.860841
-22.5291 9.98384 -0.381159

-19.6741 11.8568 1.31784
-16.3531 12.2288 -0.590159

-18.0781 10.7418 -3.71016
-14.7771 10.8868 -5.70916
-14.2641 7.35184 -4.19716
-16.7861 6.22784 -6.91716

-14.5701 7.65784 -9.79516
-13.8731 4.18484 -11.3522
-16.9251 2.11084 -12.4772
-15.0061 -1.25416 -12.3792
-14.3981 -1.02216 -8.58016

-16.5631 -3.17516 -6.24916
-17.5801 -0.0281621 -4.22816
-18.8441 1.68484 -7.43416
-20.5981 -1.49916 -8.74716
-22.4731 -1.81116 -5.38916
-23.3251 1.95684 -5.07316
-24.4771 2.74084 -8.66616
-27.7121 0.570838 -8.74416
-28.9731 2.30784 -5.54016
-28.0161 5.82184 -6.80516
-29.9051 5.26784 -10.1272
-33.1601 4.16684 -8.31716

-33.0841 6.44984 -5.20616
-35.3841 9.55184 -5.44516

-32.8381 11.9778 -3.84516
-29.0311 11.7468 -4.37016
-26.7811 14.1708 -2.45116
-23.1571 13.6368 -3.56416
-20.4391 15.5728 -1.65316

-16.7511 16.1588 -2.56016
-14.0101 18.8058 -2.16816
-12.3021 17.3948 -5.27816
-15.0141 15.8718 -7.57316
-12.2751 15.0728 -10.0862
-8.85606 14.1378 -8.61816
-6.83306 14.3668 -11.8972
-8.97206 13.9088 -15.1052

-12.4981 14.5058 -16.6252
-13.1571 10.6978 -16.8422
-13.4141 10.5758 -12.9642
-16.6311 12.7238 -13.1202
-18.6401 10.2478 -15.2692
-19.9161 8.06784 -12.3552
-20.9931 11.2018 -10.3842
-22.7501 12.6878 -13.4992
-24.7711 9.45584 -14.1172
-25.5571 9.16784 -10.3552
-27.1161 12.7108 -10.3372

-28.6191 12.4398 -13.9132
-29.0041 8.72384 -14.9982
-30.1841 9.84284 -18.5212
-26.9471 11.8038 -19.2492
-24.3491 9.85784 -21.3332
-25.9121 6.30884 -20.9702
-22.5881 4.87684 -22.3122

-19.1131 6.07484 -21.1702
-17.7311 6.07184 -24.7732
-19.8781 9.12684 -25.7712
-18.5771 11.0628 -22.7002
-14.9771 9.89484 -23.4092
-15.0401 10.9318 -27.1252
-16.2501 14.4598 -26.1712
-14.4151 15.2738 -22.8832

-11.5221 12.7428 -22.5052
-9.86306 13.2258 -25.9832
-10.5111 9.51684 -26.5992

-7.93406 7.86984 -28.9302
-8.18306 4.52184 -30.7722
-4.90306 2.67884 -30.0152

-3.90706 -0.803162 -31.4432
-4.95706 -2.37016 -28.0562

-8.31306 -0.477162 -27.6492
-9.47706 3.00584 -26.5552
-7.38706 5.43084 -24.4732

-9.39806 7.90184 -22.2792
-6.46706 9.51784 -20.3202
-6.79806 12.8448 -22.2132
-9.01706 15.9318 -21.8672
-11.1451 17.9918 -24.3062
-13.9001 20.6868 -24.3842

-13.4401 21.4038 -20.6092
-15.2711 24.8018 -20.7082
-18.3711 23.0258 -22.1652
-18.0461 20.3118 -19.4612
-17.8651 23.0798 -16.7682
-21.0731 24.7178 -18.1372
-22.9061 21.3228 -18.2462
-21.7941 20.4998 -14.6592
-22.8531 23.8978 -13.1722
-26.2551 23.9478 -14.9852
-27.4321 20.3388 -14.4502

-25.2011 18.3368 -11.9842

-23.0681 20.3948 -9.60016
-23.1261 23.2888 -7.12916

-19.5231 24.5308 -6.59616
-18.2161 27.5318 -4.60716
-14.6411 28.3668 -3.63316

-13.1151 29.8508 -0.405159
-12.5041 33.0548 -2.42716
-16.2591 33.3038 -3.32716
-17.6991 32.9338 0.232841

-14.8881 33.4288 2.85484
-12.9271 36.6638 2.02384
-11.5131 36.4268 5.62384
-9.50806 33.1588 5.20784

-5.70906 33.8528 5.19284
-3.95606 33.1188 1.86884

-2.30006 29.7488 1.12584
1.31594 30.5968 0.147841
2.85294 27.7068 -1.85416
6.53194 27.2088 -2.80116
8.89394 24.5998 -4.20316
11.9349 23.9048 -1.96216
14.7539 22.3508 -4.01716

16.5339 20.1498 -1.42616
20.2489 19.9688 -2.23616

21.2329 16.7378 -4.15916
24.8479 17.2088 -2.83116
23.8099 15.0168 0.190841

22.7689 12.2278 -2.29416
25.9069 10.0468 -2.22816

27.4129 8.77384 -5.52616
26.1009 5.15584 -4.98516
22.4789 6.35384 -4.43416
22.7559 8.68384 -7.49516
24.1849 5.83884 -9.64716
21.2469 3.62184 -8.46216
18.7009 6.35684 -9.46016
20.4979 6.75484 -12.8502
20.4109 2.92884 -13.2812
16.6379 2.61984 -12.5332
15.9499 5.67184 -14.8012
17.9049 3.99584 -17.6882
16.1309 0.682838 -16.8972
12.6339 2.23484 -17.4812
13.7249 3.56584 -20.9522

15.2049 0.235838 -22.2042
13.3749 -0.862162 -25.4092
13.5159 -4.64216 -24.8742
11.6449 -4.80316 -21.4892
8.07194 -6.03116 -20.9822

5.27594 -3.64416 -19.8282
5.59494 -5.30616 -16.3652
9.41694 -4.84716 -16.0762
8.86594 -1.14516 -17.0472
6.27694 -0.792162 -14.1722
8.64494 -2.61216 -11.7352
11.5939 -0.320162 -12.6922
9.24294 2.71784 -12.2362
8.22794 1.51584 -8.71216
11.9429 0.934838 -7.90516
12.9129 4.45584 -9.17716
10.0859 5.99484 -7.06216
11.0409 4.04584 -3.86416
14.7739 4.96284 -4.43116
13.7239 8.65284 -4.79116
12.0729 8.46384 -1.33116
15.2329 6.88284 0.237841
17.5329 9.44384 -1.49016
15.5339 12.4178 -0.0441592
15.4809 11.2218 3.65384
18.7679 12.9748 4.79084
17.8309 16.4078 3.31884
14.1459 16.0528 4.35884
15.4869 15.5048 7.92984
17.9589 18.4478 7.54284
15.0319 20.6988 6.45984
12.7199 19.5468 9.34984
15.5249 20.3148 11.8608
16.1789 23.7648 10.2358
12.4299 24.5618 10.7118
12.5569 23.5508 14.4368
15.8819 25.4158 15.0268

14.2239 28.4948 13.3438
11.7439 28.4798 16.3178
8.57494 27.1828 14.5268
5.88094 26.2298 17.0548
3.62794 23.8808 14.9308

3.84694 22.2858 11.4498
2.67894 19.2098 9.47884
5.04894 16.8478 7.60384
3.46294 14.7808 4.79984
5.08394 11.6258 3.32884

3.70194 8.32484 1.85184
6.57994 5.78084 1.90684

6.71094 4.09684 5.35984
10.5739 4.29884 5.41784
10.3439 8.15584 5.17584
7.74094 8.34084 8.01984
9.90194 5.90584 10.1058
13.1669 7.88784 9.55184
11.4899 11.2668 10.3978
9.93694 9.83784 13.6368
13.2729 8.20484 14.6668
15.2149 11.5078 14.2468
12.5289 13.5208 16.1548
12.7469 10.9298 19.0198
16.6089 11.1538 18.9048

16.3209 15.0088 19.1608
13.6529 14.5768 21.9618
11.0749 16.5368 19.8598
7.47094 15.8498 20.9288

5.46794 14.8588 17.8178
2.38294 12.8908 16.6518
2.30494 10.1738 13.9358
-0.697055 9.07284 11.7918

-0.431055 6.35084 9.09384
-2.26406 3.25484 7.67984
-1.68606 1.33784 10.9888
-3.12006 4.08684 13.3048
-6.63306 3.08184 14.4938
-9.79606 5.17784 13.8378
-10.1691 6.28584 17.5258

-6.41106 6.92784 18.1128
-6.42006 9.15284 14.9458
-8.98106 11.4848 16.6098
-7.13206 11.4298 19.9938
-3.69606 12.2178 18.3858
-5.43706 14.9868 16.3628
-6.77106 16.4748 19.6628
-3.29406 16.0918 21.3158
-1.64606 18.1078 18.4478
-4.49406 20.7078 18.4978
-4.56806 21.2718 22.3088

-0.935055 20.6088 23.4428
1.64894 23.3908 22.7568
4.45194 20.7628 23.2068
3.64094 18.7588 20.0288
5.60994 20.7398 17.4078

5.46794 18.2158 14.4948
2.70794 16.0448 13.0158
4.16994 13.1828 10.8858
1.31394 12.2728 8.51284
0.739945 9.74484 5.72484

-0.572055 11.6408 2.62384
-3.00106 8.73084 1.91484
-4.06406 7.88184 5.51184
-4.55106 11.4758 6.87884
-6.27306 13.0048 3.74584
-9.73406 12.5308 5.43384
-11.7321 13.4868 8.58484
-8.96506 15.2528 10.5798
-8.51606 19.0248 11.2648
-5.06306 20.5678 11.9738
-5.90006 24.3028 12.4198
-3.19006 24.6348 15.1728
-0.406055 24.5698 12.4998
0.477945 27.3748 10.0028

2.92494 25.2978 7.86084
2.61594 22.1338 5.71884
5.78294 20.3668 4.43384
5.40594 17.7338 1.68984

8.56594 15.6108 2.13384
7.35694 13.5908 -0.897159
5.34594 14.3938 -4.04516
2.15294 12.4288 -4.84116
1.06694 11.8748 -8.50816
-2.57906 12.8468 -7.76316

-3.11906 16.6238 -7.11516
-6.59206 16.0758 -5.55216
-4.89106 14.2088 -2.63216
-2.27206 17.0048 -2.21716
-5.10906 19.6328 -2.06316
-6.98906 17.3928 0.471841
-3.81106 17.3858 2.65184
-3.33706 21.2368 2.41984

-7.03506 21.7118 3.43784
-6.36106 19.8648 6.72184
-4.74006 23.1448 7.98684
-6.67206 25.6668 5.84184
-10.0561 25.1738 7.66584
-12.5961 27.3478 9.54884
-10.6721 28.2898 12.7458
-7.36406 29.0618 10.9238
-6.13506 32.6618 11.6378
-2.61306 32.5928 10.0248
-1.51006 32.5558 6.33884

-0.888055 28.8748 5.51584
2.60194 28.0538 4.18384
2.86394 25.0028 1.84884
6.42494 23.7508 1.10784
6.92894 21.0668 -1.60416
10.3489 19.3718 -1.09616
11.8819 18.3558 -4.49916

15.2709 16.8558 -5.52116
16.9719 17.3748 -8.95016
18.0779 14.0098 -10.4742
15.0549 12.0348 -9.05616
11.3829 11.0348 -9.68216

10.3709 14.6188 -8.60316
11.6899 15.9628 -11.9872
8.90994 13.9548 -13.7972
6.21094 14.0318 -11.0632
6.17494 17.8458 -10.6432
5.36394 18.6878 -14.3572
2.77894 15.8008 -14.3072
1.06994 17.2378 -11.1632
1.08294 20.7508 -12.7802
-0.610055 19.6678 -16.0622
-3.21106 17.7428 -13.9472
-4.05306 20.8778 -11.8282
-4.41306 22.8698 -15.1002
-6.88606 20.2248 -16.4652
-8.80806 20.4908 -13.1332
-8.79306 24.3548 -13.2972
-10.0201 24.4388 -16.9672

-12.8931 22.1168 -15.8502
-13.6931 24.6588 -13.0052
-12.6171 22.0578 -10.3612
-9.59706 23.9648 -8.88516
-8.42206 27.5798 -8.31316
-4.96406 26.1408 -7.57816
-2.49006 27.2768 -10.2232
0.949945 25.6048 -9.75016
2.83494 27.4108 -12.6392

3.84094 30.4998 -10.5572
5.88894 28.3108 -8.11416
8.23594 26.9938 -10.8932
9.08694 30.3908 -12.4522

10.3519 31.3498 -8.92216
12.8369 28.3768 -8.49916

End chain 1
