-13.201 -6.296 -53.957
-10.703 -3.406 -53.291
-9.54 -3.087 -49.639
-11.02 0.322 -48.639
-8.614 1.85 -46.053
-10.787 3.126 -43.162

-9.634 6.195 -41.181
-10.061 4.9 -37.589
-10.286 6.838 -34.306
-12.195 7.103 -30.979
-14.163 9.439 -28.711
-12.619 10.223 -25.263
-14.157 12.207 -22.344

-11.943 15.248 -21.466
-14.301 16.978 -18.949
-17.827 16.65 -17.399
-19.139 18.761 -20.353

-16.752 17.96 -23.312
-15.482 14.956 -25.281
-12.62 14.751 -27.824
-12.437 12.939 -31.204
-8.982 11.264 -31.393
-8.672 10.357 -35.1

-6.282 10.744 -38.079
-6.98 13.557 -40.6
-9.895 13.022 -43.051

-11.208 15.853 -45.293
-14.92 14.856 -45.011
-14.611 14.37 -41.226
-13.015 17.857 -40.827
-15.875 19.254 -42.999
-18.403 17.482 -40.669
-16.559 18.759 -37.515
-16.844 22.341 -38.957

-20.697 21.797 -39.029
-20.861 21.033 -35.24
-22.116 23.933 -33.104
-20.016 23.255 -29.939
-16.791 22.621 -31.971

-13.393 23.436 -30.391
-10.011 22.816 -32.063
-6.805 22.812 -29.99

-3.883 23.919 -32.209
-1.328 22.314 -29.773
-2.753 18.736 -29.691
-4.334 19.137 -33.217

-7.578 17.622 -31.79
-11.313 18.386 -31.995
-13.683 18.544 -28.991
-17.466 19.001 -28.65
-20.131 19.402 -25.91

-21.257 16.038 -24.476
-24.923 16.743 -25.497
-23.731 16.722 -29.178
-22.178 13.179 -28.839
-25.228 11.354 -30.322
-25.57 14.044 -33.093
-21.852 13.682 -34.021
-21.815 9.829 -34.037
-25.045 9.774 -36.128
-23.507 12.176 -38.75
-20.093 10.348 -38.803

-21.793 6.948 -39.527
-22.962 8.546 -42.834
-19.328 9.196 -43.991
-17.677 6.563 -46.261
-14.251 5.2 -45.121

-14.46 6.789 -41.562
-14.765 4.819 -38.279
-15.142 6.964 -35.114
-15.663 4.659 -32.101

-18.218 6.249 -29.657
-17.862 6.903 -25.912
-18.35 3.469 -24.195
-21.794 2.549 -22.772
-20.235 2.829 -19.255
-19.534 6.58 -19.812
-22.964 7.196 -21.431
-24.623 5.531 -18.378
-22.42 7.523 -15.909

-23.028 10.919 -17.654
-26.668 10.153 -18.714
-27.851 13.482 -17.123

-25.214 15.594 -18.963
-26 13.8 -22.296
-29.631 15.147 -21.909

-29.014 18.802 -20.797
-28.522 21.656 -23.337
-27.494 23.803 -20.296
-24.374 24.206 -18.108
-26.03 23.63 -14.722
-23.195 22.587 -12.38
-23.731 19.355 -10.334

-27.219 19.392 -8.694
-26.798 20.208 -4.988
-26.578 17.032 -2.906
-29.814 16.999 -0.82
-29.276 16.946 2.956
-30.305 13.551 4.343

-32.727 13.25 7.268
-30.389 11.851 9.975
-33.077 12.019 12.787
-33.159 8.159 12.923
-29.32 8.149 13.454
-27.82 8.306 16.969

-27.52 12.074 17.913
-23.991 11.509 19.371
-22.796 10.469 15.867
-24.731 13.185 13.93
-23.402 16.008 16.22
-19.738 14.82 15.861

-19.687 14.822 11.995
-17.445 17.587 10.586

-19.106 19.692 7.763
-17.231 17.783 4.996
-18.064 14.402 6.666
-21.796 15.407 6.677
-21.562 16.318 2.947
-19.943 12.855 2.346
-22.788 11.075 4.244
-25.363 13.084 2.191
-23.555 12.165 -1.104
-23.43 8.459 -0.115
-27.196 8.491 0.728
-28.024 10.343 -2.565

-25.973 7.645 -4.472
-28.214 5.048 -2.67
-25.512 3.7 -0.27

-23.352 2.353 -3.174
-19.956 4.118 -3.237
-16.209 4.012 -2.721
-15.295 6.541 0.021

-11.694 7.195 -1.128

-11.135 10.189 1.225
-7.504 10.605 2.377

-6.048 8.715 5.398
-7.361 9.956 8.784
-10.233 12.169 7.374
-12.706 9.981 9.408

-13.844 7.354 6.831
-15.012 5.081 9.734
-17.363 7.714 11.316
-18.876 8.506 7.854
-19.282 4.738 7.09
-21.02 4.042 10.461
-23.415 6.996 9.798
-24.247 5.855 6.195
-24.846 2.277 7.463
-26.955 3.52 10.461
-29.227 5.531 8.078

-29.9 2.058 6.507

-30.384 0.293 9.981
-33.886 -0.857 8.77
-32.05 -2.956 6.062
-29.626 -4.868 8.41
-27.981 -7.413 9.17

-24.774 -5.448 8.488
-21.551 -7.137 7.269
-18.235 -5.328 7.997
-15.132 -6.739 6.223
-11.829 -5.357 7.603

-8.05 -6.016 7.986
-7.416 -8.82 10.567
-5.856 -6.305 13.093
-8.689 -3.64 13.199

-11.758 -5.868 14.003
-11.895 -4.753 17.675
-11.154 -1.102 16.63
-14.365 -1.304 14.506
-16.414 -2.897 17.375
-15.268 -0.08 19.729
-16.109 2.476 16.969
-19.722 1.111 16.76
-20.082 1.14 20.611
-18.596 4.7 20.723
-20.823 6.195 17.978

-24.121 4.191 18.24
-24.851 3.95 22.056
-28.388 2.791 20.948
-26.764 -0.701 20.406
-26.03 -3.285 23.117

-22.632 -5.104 22.857
-24.638 -8.32 22.08
-25.78 -6.667 18.791

-22.091 -6.816 17.576
-20.505 -10.124 16.488
-16.681 -10.041 16.081

-15.702 -13.116 14.035
-12.316 -14.303 15.372
-12.201 -17.837 13.813
-13.405 -19.799 10.735
-15.769 -21.82 13.07
-17.788 -18.808 14.317
-21.352 -17.917 13.159
-21.075 -14.973 10.701
-24.816 -14.102 11.273
-24.919 -14.166 15.127
-25.108 -10.332 15.536
-27.08 -7.466 13.995

-23.588 -6.14 13.038
-21.065 -8.833 11.965
-17.336 -7.898 11.803
-15.009 -10.302 9.887
-11.529 -10.295 8.291

-10.658 -10.74 4.577
-8.757 -14.009 5.375
-11.833 -15.546 7.113
-14.3 -14.769 4.222

-12.926 -17.715 2.14
-13.287 -20.073 5.183
-16.843 -18.74 5.845
-18.014 -18.815 2.139
-20.731 -21.415 3.044
-22.243 -18.836 5.512
-21.955 -15.894 2.989
-25.071 -17.433 1.278
-27.188 -15.451 3.825
-28.094 -12.137 2.052
-26.367 -9.235 3.842
-28.236 -6.215 2.36

-25.704 -3.677 3.792
-21.936 -4.298 3.429
-19.007 -2.145 4.602
-15.517 -3.11 3.36

-12.662 -1.237 5.059
-9.341 -0.865 3.151

-11.066 -2.352 0.031
-7.765 -2.207 -1.968
-7.252 -5.742 -0.456
-9.774 -6.866 -3.176

-7.558 -5.436 -6.054
-6.861 -8.909 -7.611
-9.913 -10.983 -8.736
-7.994 -14.348 -8.638
-7.386 -14.116 -4.839

-9.551 -16.269 -2.508
-10.568 -13.122 -0.487
-11.832 -11.409 -3.693
-13.586 -14.593 -5.006
-15.461 -14.905 -1.648
-16.313 -11.137 -1.332
-17.465 -10.353 -4.925
-20.7 -12.523 -5.003
-21.961 -10.786 -1.799
-21.004 -7.272 -3.064
-22.893 -7.826 -6.386
-26.148 -8.927 -4.576

-26.072 -6.644 -1.465
-28.372 -3.542 -1.704

-25.826 -1.116 -0.104
-22.019 -1.347 -0.629
-19.769 1.077 1.29
-16.145 0.543 0.177
-13.427 2.479 2.088

-9.739 3.065 1.181
-6.998 5.712 1.573
-5.29 4.301 -1.537
-8.002 2.778 -3.832
-5.263 1.979 -6.345
-1.844 1.044 -4.877
0.179 1.273 -8.156
-1.96 0.815 -11.364

-5.486 1.412 -12.884
-6.145 -2.396 -13.101
-6.402 -2.518 -9.223
-9.619 -0.37 -9.379
-11.628 -2.846 -11.528
-12.904 -5.026 -8.614
-13.981 -1.892 -6.643
-15.738 -0.406 -9.758
-17.759 -3.638 -10.376
-18.545 -3.926 -6.614
-20.104 -0.383 -6.596

-21.607 -0.654 -10.172
-21.992 -4.37 -11.257
-23.172 -3.251 -14.78
-19.935 -1.29 -15.508
-17.337 -3.236 -17.592
-18.9 -6.785 -17.229
-15.576 -8.217 -18.571

-12.101 -7.019 -17.429
-10.719 -7.022 -21.032
-12.866 -3.967 -22.03
-11.565 -2.031 -18.959
-7.965 -3.199 -19.668
-8.028 -2.162 -23.384
-9.238 1.366 -22.43
-7.403 2.18 -19.142

-4.51 -0.351 -18.764
-2.851 0.132 -22.242
-3.499 -3.577 -22.858

-0.922 -5.224 -25.189
-1.171 -8.572 -27.031
2.109 -10.415 -26.274

3.78874 -13.2864 -28.0233
5.54382 -16.1856 -29.7674

3.66948 -18.7098 -27.7671
4.64668 -22.3518 -27.8483
6.20707 -25.7629 -28.7591

4.19607 -23.2919 -26.5651
7.12707 -21.6759 -24.6061
6.79607 -18.3489 -26.4991
4.57707 -15.2619 -26.1531
2.44907 -13.2019 -28.5921
-0.305933 -10.5069 -28.6701

0.154067 -9.78987 -24.8951
-1.67693 -6.39187 -24.9941
-4.77693 -8.16787 -26.4511
-4.45193 -10.8819 -23.7471
-4.27093 -8.11387 -21.0541
-7.47893 -6.47587 -22.4231
-9.31193 -9.87087 -22.5321
-8.19993 -10.6939 -18.9451
-9.25893 -7.29587 -17.4581
-12.6609 -7.24587 -19.2711
-13.8379 -10.8549 -18.7361

-11.6069 -12.8569 -16.2701

-9.47393 -10.7989 -13.8861
-9.53193 -7.90487 -11.4151

-5.92893 -6.66287 -10.8821
-4.62193 -3.66187 -8.8931
-1.04693 -2.82687 -7.9191

0.479067 -1.34287 -4.6911
1.09007 1.86113 -6.7131
-2.66493 2.11013 -7.6131
-4.10493 1.74013 -4.0531

-1.29393 2.23513 -1.4311
0.667067 5.47013 -2.2621
2.08107 5.23313 1.3379
4.08607 1.96513 0.921897

7.88507 2.65913 0.906897
9.63807 1.92513 -2.4171

11.2941 -1.44487 -3.1601
14.9101 -0.596869 -4.1381
16.4471 -3.48687 -6.1401
20.1261 -3.98487 -7.0871
22.4881 -6.59387 -8.4891
25.5291 -7.28887 -6.2481
28.3481 -8.84287 -8.3031

30.1281 -11.0439 -5.7121
33.8431 -11.2249 -6.5221

34.8271 -14.4559 -8.4451
38.4421 -13.9849 -7.1171
37.4041 -16.1769 -4.0951

36.3631 -18.9659 -6.5801
39.5011 -21.1469 -6.5141

41.0071 -22.4199 -9.8121
39.6951 -26.0379 -9.2711
36.0731 -24.8399 -8.7201
36.3501 -22.5099 -11.7811
37.7791 -25.3549 -13.9331
34.8411 -27.5719 -12.7481
32.2951 -24.8369 -13.7461
34.0921 -24.4389 -17.1361
34.0051 -28.2649 -17.5671
30.2321 -28.5739 -16.8191
29.5441 -25.5219 -19.0871
31.4991 -27.1979 -21.9741
29.7251 -30.5109 -21.1831
26.2281 -28.9589 -21.7671
27.3191 -27.6279 -25.2381

28.7991 -30.9579 -26.4901
26.9691 -32.0559 -29.6951
27.1101 -35.8359 -29.1601
25.2391 -35.9969 -25.7751
21.6661 -37.2249 -25.2681

18.8701 -34.8379 -24.1141
19.1891 -36.4999 -20.6511
23.0111 -36.0409 -20.3621
22.4601 -32.3389 -21.3331
19.8711 -31.9859 -18.4581
22.2391 -33.8059 -16.0211
25.1881 -31.5139 -16.9781
22.8371 -28.4759 -16.5221
21.8221 -29.6779 -12.9981
25.5371 -30.2589 -12.1911
26.5071 -26.7379 -13.4631
23.6801 -25.1989 -11.3481
24.6351 -27.1479 -8.1501
28.3681 -26.2309 -8.7171
27.3181 -22.5409 -9.0771
25.6671 -22.7299 -5.6171
28.8271 -24.3109 -4.0481
31.1271 -21.7499 -5.7761
29.1281 -18.7759 -4.3301
29.0751 -19.9719 -0.632103
32.3621 -18.2189 0.504897
31.4251 -14.7859 -0.967103
27.7401 -15.1409 0.0728966
29.0811 -15.6889 3.6439
31.5531 -12.7459 3.2569
28.6261 -10.4949 2.1739
26.3141 -11.6469 5.0639
29.1191 -10.8789 7.5749
29.7731 -7.42887 5.9499
26.0241 -6.63187 6.4259
26.1511 -7.64287 10.1509
29.4761 -5.77787 10.7409

27.8181 -2.69887 9.0579
25.3381 -2.71387 12.0319
22.1691 -4.01087 10.2409
19.4751 -4.96387 12.7689
17.2221 -7.31287 10.6449

17.4411 -8.90787 7.1639
16.2731 -11.9839 5.1929
18.6431 -14.3459 3.3179
17.0571 -16.4129 0.513897
18.6781 -19.5679 -0.957103

17.2961 -22.8689 -2.4341
20.1741 -25.4129 -2.3791

20.3051 -27.0969 1.0739
24.1681 -26.8949 1.1319
23.9381 -23.0379 0.889897
21.3351 -22.8529 3.7339
23.4961 -25.2879 5.8199
26.7611 -23.3059 5.2659
25.0841 -19.9269 6.1119
23.5311 -21.3559 9.3509
26.8671 -22.9889 10.3809
28.8091 -19.6859 9.9609
26.1231 -17.6729 11.8689
26.3411 -20.2639 14.7339
30.2031 -20.0399 14.6189

29.9151 -16.1849 14.8749
27.2471 -16.6169 17.6759
24.6691 -14.6569 15.5739
21.0651 -15.3439 16.6429

19.0621 -16.3349 13.5319
15.9771 -18.3029 12.3659
15.8991 -21.0199 9.6499
12.8971 -22.1209 7.5059

13.1631 -24.8429 4.8079
11.3301 -27.9389 3.3939
11.9081 -29.8559 6.7029
10.4741 -27.1069 9.0189
6.96107 -28.1119 10.2079
3.79807 -26.0159 9.5519
3.42507 -24.9079 13.2399

7.18307 -24.2659 13.8269
7.17407 -22.0409 10.6599
4.61307 -19.7089 12.3239
6.46207 -19.7639 15.7079
9.89807 -18.9759 14.0999
8.15707 -16.2069 12.0769
6.82307 -14.7189 15.3769
10.3001 -15.1019 17.0299
11.9481 -13.0859 14.1619
9.10007 -10.4859 14.2119
9.02607 -9.92187 18.0229

12.6591 -10.5849 19.1569
15.2431 -7.80287 18.4709
18.0461 -10.4309 18.9209
17.2351 -12.4349 15.7429
19.2041 -10.4539 13.1219

19.0621 -12.9779 10.2089
16.3021 -15.1489 8.7299
17.7641 -18.0109 6.5999
14.9081 -18.9209 4.2269
14.3341 -21.4489 1.4389

13.0221 -19.5529 -1.6621
10.5931 -22.4629 -2.3711
9.53007 -23.3119 1.2259
9.04307 -19.7179 2.5929
7.32107 -18.1889 -0.540103
3.86007 -18.6629 1.1479
1.86207 -17.7069 4.2989
4.62907 -15.9409 6.2939
5.07807 -12.1689 6.9789
8.53107 -10.6259 7.6879
7.69407 -6.89087 8.1339
10.4041 -6.55887 10.8869
13.1881 -6.62387 8.2139
14.0721 -3.81887 5.7169

16.5191 -5.89587 3.5749
16.2101 -9.05987 1.4329
19.3771 -10.8269 0.147897
19.0001 -13.4599 -2.5961

22.1601 -15.5829 -2.1521
20.9511 -17.6029 -5.1831
18.9401 -16.7999 -8.3311
15.7471 -18.7649 -9.1271
14.6611 -19.3189 -12.7941
11.0151 -18.3469 -12.0491

10.4751 -14.5699 -11.4011
7.00207 -15.1179 -9.8381
8.70307 -16.9849 -6.9181
11.3221 -14.1889 -6.5031
8.48507 -11.5609 -6.3491
6.60507 -13.8009 -3.8141
9.78307 -13.8079 -1.6341
10.2571 -9.95687 -1.8661

6.55907 -9.48187 -0.848103
7.23307 -11.3289 2.4359
8.85407 -8.04887 3.7009
6.92207 -5.52687 1.5559
3.53807 -6.01987 3.3799
0.998067 -3.84587 5.2629
2.92207 -2.90387 8.4599
6.23007 -2.13187 6.6379
7.45907 1.46813 7.3519
10.9811 1.39913 5.7389
12.0841 1.36213 2.0529

12.7061 -2.31887 1.2299
16.1961 -3.13987 -0.102103
16.4581 -6.19087 -2.4371
20.0191 -7.44287 -3.1781
20.5231 -10.1269 -5.8901
23.9431 -11.8219 -5.3821
25.4761 -12.8379 -8.7851

28.8651 -14.3379 -9.8071
30.5661 -13.8189 -13.2361
31.6721 -17.1839 -14.7601
28.6491 -19.1589 -13.3421
24.9771 -20.1589 -13.9681

23.9651 -16.5749 -12.8891
25.2841 -15.2309 -16.2731
22.5041 -17.2389 -18.0831
19.8051 -17.1619 -15.3491
19.7691 -13.3479 -14.9291
18.9581 -12.5059 -18.6431
16.3731 -15.3929 -18.5931
14.6641 -13.9559 -15.4491
14.6771 -10.4429 -17.0661
12.9841 -11.5259 -20.3481
10.3831 -13.4509 -18.2331
9.54107 -10.3159 -16.1141
9.18107 -8.32387 -19.3861
6.70807 -10.9689 -20.7511
4.78607 -10.7029 -17.4191
4.80107 -6.83887 -17.5831
3.57407 -6.75487 -21.2531

0.701067 -9.07687 -20.1361
-0.0989326 -6.53487 -17.2911
0.977067 -9.13587 -14.6471
3.99707 -7.22887 -13.1711
5.17207 -3.61387 -12.5991
8.63007 -5.05287 -11.8641
11.1041 -3.91687 -14.5091
14.5441 -5.58887 -14.0361
16.4291 -3.78287 -16.9251

17.4351 -0.693869 -14.8431
19.4831 -2.88287 -12.4001
21.8301 -4.19987 -15.1791
22.6811 -0.802869 -16.7381

23.9461 0.156131 -13.2081
26.4311 -2.81687 -12.7851

End chain 1
