-13.201 -6.296 -53.957
-10.703 -3.406 -53.291
-9.54 -3.087 -49.639
-11.02 0.322 -48.639
-8.614 1.85 -46.053
-10.787 3.126 -43.162

-9.634 6.195 -41.181
-10.061 4.9 -37.589
-10.286 6.838 -34.306
-12.195 7.103 -30.979
-14.163 9.439 -28.711
-12.619 10.223 -25.263
-14.157 12.207 -22.344

-11.943 15.248 -21.466
-14.301 16.978 -18.949
-17.827 16.65 -17.399
-19.139 18.761 -20.353

-16.752 17.96 -23.312
-15.482 14.956 -25.281
-12.62 14.751 -27.824
-12.437 12.939 -31.204
-8.982 11.264 -31.393
-8.672 10.357 -35.1

-6.282 10.744 -38.079
-6.98 13.557 -40.6
-9.895 13.022 -43.051

-11.208 15.853 -45.293
-14.92 14.856 -45.011
-14.611 14.37 -41.226
-13.015 17.857 -40.827
-15.875 19.254 -42.999
-18.403 17.482 -40.669
-16.559 18.759 -37.515
-16.844 22.341 -38.957

-20.697 21.797 -39.029
-20.861 21.033 -35.24
-22.116 23.933 -33.104
-20.016 23.255 -29.939
-16.791 22.621 -31.971

-13.393 23.436 -30.391
-10.011 22.816 -32.063
-6.805 22.812 -29.99

-3.883 23.919 -32.209
-1.328 22.314 -29.773
-2.753 18.736 -29.691
-4.334 19.137 -33.217

-7.578 17.622 -31.79
-11.313 18.386 -31.995
-13.683 18.544 -28.991
-17.466 19.001 -28.65
-20.131 19.402 -25.91

-21.257 16.038 -24.476
-24.923 16.743 -25.497
-23.731 16.722 -29.178
-22.178 13.179 -28.839
-25.228 11.354 -30.322
-25.57 14.044 -33.093
-21.852 13.682 -34.021
-21.815 9.829 -34.037
-25.045 9.774 -36.128
-23.507 12.176 -38.75
-20.093 10.348 -38.803

-21.793 6.948 -39.527
-22.962 8.546 -42.834
-19.328 9.196 -43.991
-17.677 6.563 -46.261
-14.251 5.2 -45.121

-14.46 6.789 -41.562
-14.765 4.819 -38.279
-15.142 6.964 -35.114
-15.663 4.659 -32.101

-18.218 6.249 -29.657
-17.862 6.903 -25.912
-18.35 3.469 -24.195
-21.794 2.549 -22.772
-20.235 2.829 -19.255
-19.534 6.58 -19.812
-22.964 7.196 -21.431
-24.623 5.531 -18.378
-22.42 7.523 -15.909

-23.028 10.919 -17.654
-26.668 10.153 -18.714
-27.851 13.482 -17.123

-25.214 15.594 -18.963
-26 13.8 -22.296
-29.631 15.147 -21.909

-29.014 18.802 -20.797
-28.522 21.656 -23.337
-27.494 23.803 -20.296
-24.374 24.206 -18.108
-26.03 23.63 -14.722
-23.195 22.587 -12.38
-23.731 19.355 -10.334

-27.219 19.392 -8.694
-26.798 20.208 -4.988
-26.578 17.032 -2.906
-29.814 16.999 -0.82
-29.276 16.946 2.956
-30.305 13.551 4.343

-32.727 13.25 7.268
-30.389 11.851 9.975
-33.077 12.019 12.787
-33.159 8.159 12.923
-29.32 8.149 13.454
-27.82 8.306 16.969

-27.52 12.074 17.913
-23.991 11.509 19.371
-22.796 10.469 15.867
-24.731 13.185 13.93
-23.402 16.008 16.22
-19.738 14.82 15.861

-19.687 14.822 11.995
-17.445 17.587 10.586

-19.106 19.692 7.763
-17.231 17.783 4.996
-18.064 14.402 6.666
-21.796 15.407 6.677
-21.562 16.318 2.947
-19.943 12.855 2.346
-22.788 11.075 4.244
-25.363 13.084 2.191
-23.555 12.165 -1.104
-23.43 8.459 -0.115
-27.196 8.491 0.728
-28.024 10.343 -2.565

-25.973 7.645 -4.472
-28.214 5.048 -2.67
-25.512 3.7 -0.27

-23.352 2.353 -3.174
-19.956 4.118 -3.237
-16.209 4.012 -2.721
-15.295 6.541 0.021

-11.694 7.195 -1.128

-11.135 10.189 1.225
-7.504 10.605 2.377

-6.048 8.715 5.398
-7.361 9.956 8.784
-10.233 12.169 7.374
-12.706 9.981 9.408

-13.844 7.354 6.831
-15.012 5.081 9.734
-17.363 7.714 11.316
-18.876 8.506 7.854
-19.282 4.738 7.09
-21.02 4.042 10.461
-23.415 6.996 9.798
-24.247 5.855 6.195
-24.846 2.277 7.463
-26.955 3.52 10.461
-29.227 5.531 8.078

-29.9 2.058 6.507

-30.384 0.293 9.981
-33.886 -0.857 8.77
-32.05 -2.956 6.062
-29.626 -4.868 8.41
-27.981 -7.413 9.17

-24.774 -5.448 8.488
-21.551 -7.137 7.269
-18.235 -5.328 7.997
-15.132 -6.739 6.223
-11.829 -5.357 7.603

-8.05 -6.016 7.986
-7.416 -8.82 10.567
-5.856 -6.305 13.093
-8.689 -3.64 13.199

-11.758 -5.868 14.003
-11.895 -4.753 17.675
-11.154 -1.102 16.63
-14.365 -1.304 14.506
-16.414 -2.897 17.375
-15.268 -0.08 19.729
-16.109 2.476 16.969
-19.722 1.111 16.76
-20.082 1.14 20.611
-18.596 4.7 20.723
-20.823 6.195 17.978

-24.121 4.191 18.24
-24.851 3.95 22.056
-28.388 2.791 20.948
-26.764 -0.701 20.406
-26.03 -3.285 23.117

-22.632 -5.104 22.857
-24.638 -8.32 22.08
-25.78 -6.667 18.791

-22.091 -6.816 17.576
-20.505 -10.124 16.488
-16.681 -10.041 16.081

-15.702 -13.116 14.035
-12.316 -14.303 15.372
-12.201 -17.837 13.813
-13.405 -19.799 10.735
-15.769 -21.82 13.07
-17.788 -18.808 14.317
-21.352 -17.917 13.159
-21.075 -14.973 10.701
-24.816 -14.102 11.273
-24.919 -14.166 15.127
-25.108 -10.332 15.536
-27.08 -7.466 13.995

-23.588 -6.14 13.038
-21.065 -8.833 11.965
-17.336 -7.898 11.803
-15.009 -10.302 9.887
-11.529 -10.295 8.291

-10.658 -10.74 4.577
-8.757 -14.009 5.375
-11.833 -15.546 7.113
-14.3 -14.769 4.222

-12.926 -17.715 2.14
-13.287 -20.073 5.183
-16.843 -18.74 5.845
-18.014 -18.815 2.139
-20.731 -21.415 3.044
-22.243 -18.836 5.512
-21.955 -15.894 2.989
-25.071 -17.433 1.278
-27.188 -15.451 3.825
-28.094 -12.137 2.052
-26.367 -9.235 3.842
-28.236 -6.215 2.36

-25.704 -3.677 3.792
-21.936 -4.298 3.429
-19.007 -2.145 4.602
-15.517 -3.11 3.36

-12.662 -1.237 5.059
-9.341 -0.865 3.151

-11.066 -2.352 0.031
-7.765 -2.207 -1.968
-7.252 -5.742 -0.456
-9.774 -6.866 -3.176

-7.558 -5.436 -6.054
-6.861 -8.909 -7.611
-9.913 -10.983 -8.736
-7.994 -14.348 -8.638
-7.386 -14.116 -4.839

-9.551 -16.269 -2.508
-10.568 -13.122 -0.487
-11.832 -11.409 -3.693
-13.586 -14.593 -5.006
-15.461 -14.905 -1.648
-16.313 -11.137 -1.332
-17.465 -10.353 -4.925
-20.7 -12.523 -5.003
-21.961 -10.786 -1.799
-21.004 -7.272 -3.064
-22.893 -7.826 -6.386
-26.148 -8.927 -4.576

-26.072 -6.644 -1.465
-28.372 -3.542 -1.704

-25.826 -1.116 -0.104
-22.019 -1.347 -0.629
-19.769 1.077 1.29
-16.145 0.543 0.177
-13.427 2.479 2.088

-12.1264 5.89553 1.4981
-12.3997 8.06109 -1.68985
-11.729 9.96312 -4.98781
-13.7956 13.1273 -5.73174
-14.421 14.8819 -2.3809
-11.9933 17.6597 -1.54929
-14.522 20.418 -1.03911
-15.902 23.9592 -1.6914

-16.4269 26.5009 1.08471
-13.1849 25.4667 2.7767
-11.2612 25.8098 -0.482814
-12.6807 29.2864 -1.06712
-11.7077 30.3787 2.44044
-8.16025 29.1037 1.95793
-7.83261 30.9736 -1.3343
-9.04477 34.2003 0.266409
-6.54232 33.8461 3.10456
-3.6937 33.2858 0.652142
-4.67093 36.3726 -1.33767

-6.17393 36.1016 -4.91367
-6.55893 32.3856 -5.99867
-7.73893 33.5046 -9.52167
-4.50193 35.4656 -10.2497
-1.90393 33.5196 -12.3337
-3.46693 29.9706 -11.9707
-0.142933 28.5386 -13.3127

3.33207 29.7366 -12.1707
4.71407 29.7336 -15.7737
2.56707 32.7886 -16.7717
3.86807 34.7246 -13.7007
7.46807 33.5566 -14.4097
7.40507 34.5936 -18.1257
6.19507 38.1216 -17.1717
8.03007 38.9356 -13.8837

10.9231 36.4046 -13.5057
12.5821 36.8876 -16.9837
11.9341 33.1786 -17.5997

14.5111 31.5316 -19.9307
14.2621 28.1836 -21.7727
17.5421 26.3406 -21.0157

18.5381 22.8586 -22.4437
17.4881 21.2916 -19.0567

14.1321 23.1846 -18.6497
12.9681 26.6676 -17.5557
15.0581 29.0926 -15.4737

13.0471 31.5636 -13.2797
15.9781 33.1796 -11.3207
15.6471 36.5066 -13.2137
13.4281 39.5936 -12.8677
11.3001 41.6536 -15.3067
8.54507 44.3486 -15.3847

9.00507 45.0656 -11.6097
7.17407 48.4636 -11.7087
4.07407 46.6876 -13.1657
4.39907 43.9736 -10.4617
4.58007 46.7416 -7.76867
1.37207 48.3796 -9.13767
-0.460933 44.9846 -9.24667
0.651067 44.1616 -5.65967
-0.407933 47.5596 -4.17267
-3.80993 47.6096 -5.98567
-4.98693 44.0006 -5.45067

-2.75593 41.9986 -2.98467

-0.622933 44.0566 -0.600674
-0.680933 46.9506 1.87033

2.92207 48.1926 2.40333
4.22907 51.1936 4.39233
7.80407 52.0286 5.36633

9.33007 53.5126 8.59433
9.94107 56.7166 6.57233
6.18607 56.9656 5.67233
4.74607 56.5956 9.23233

7.55707 57.0906 11.8543
9.51807 60.3256 11.0233
10.9321 60.0886 14.6233
12.9371 56.8206 14.2073

16.7361 57.5146 14.1923
18.4891 56.7806 10.8683

20.1451 53.4106 10.1253
23.7611 54.2586 9.14733
25.2981 51.3686 7.14533
28.9771 50.8706 6.19833
31.3391 48.2616 4.79633
34.3801 47.5666 7.03733
37.1991 46.0126 4.98233

38.9791 43.8116 7.57333
42.6941 43.6306 6.76333

43.6781 40.3996 4.84033
47.2931 40.8706 6.16833
46.2551 38.6786 9.19033

45.2141 35.8896 6.70533
48.3521 33.7086 6.77133

49.8581 32.4356 3.47333
48.5461 28.8176 4.01433
44.9241 30.0156 4.56533
45.2011 32.3456 1.50433
46.6301 29.5006 -0.647674
43.6921 27.2836 0.537326
41.1461 30.0186 -0.460674
42.9431 30.4166 -3.85067
42.8561 26.5906 -4.28167
39.0831 26.2816 -3.53367
38.3951 29.3336 -5.80167
40.3501 27.6576 -8.68867
38.5761 24.3446 -7.89767
35.0791 25.8966 -8.48167
36.1701 27.2276 -11.9527

37.6501 23.8976 -13.2047
35.8201 22.7996 -16.4097
35.9611 19.0196 -15.8747
34.0901 18.8586 -12.4897
30.5171 17.6306 -11.9827

27.7211 20.0176 -10.8287
28.0401 18.3556 -7.36567
31.8621 18.8146 -7.07667
31.3111 22.5166 -8.04767
28.7221 22.8696 -5.17267
31.0901 21.0496 -2.73567
34.0391 23.3416 -3.69267
31.6881 26.3796 -3.23667
30.6731 25.1776 0.287326
34.3881 24.5966 1.09433
35.3581 28.1176 -0.177674
32.5311 29.6566 1.93733
33.4861 27.7076 5.13533
37.2191 28.6246 4.56833
36.1691 32.3146 4.20833
34.5181 32.1256 7.66833
37.6781 30.5446 9.23733
39.9781 33.1056 7.50933
37.9791 36.0796 8.95533
37.9261 34.8836 12.6533
41.2131 36.6366 13.7903
40.2761 40.0696 12.3183
36.5911 39.7146 13.3583
37.9321 39.1666 16.9293
40.4041 42.1096 16.5423
37.4771 44.3606 15.4593
35.1651 43.2086 18.3493
37.9701 43.9766 20.8603
38.6241 47.4266 19.2353
34.8751 48.2236 19.7113
35.0021 47.2126 23.4363
38.3271 49.0776 24.0263

36.6691 52.1566 22.3433
34.1891 52.1416 25.3173
31.0201 50.8446 23.5263
28.3261 49.8916 26.0543
26.0731 47.5426 23.9303

26.2921 45.9476 20.4493
25.1241 42.8716 18.4783
27.4941 40.5096 16.6033
25.9081 38.4426 13.7993
27.5291 35.2876 12.3283

26.1471 31.9866 10.8513
29.0251 29.4426 10.9063

29.1561 27.7586 14.3593
33.0191 27.9606 14.4173
32.7891 31.8176 14.1753
30.1861 32.0026 17.0193
32.3471 29.5676 19.1053
35.6121 31.5496 18.5513
33.9351 34.9286 19.3973
32.3821 33.4996 22.6363
35.7181 31.8666 23.6663
37.6601 35.1696 23.2463
34.9741 37.1826 25.1543
35.1921 34.5916 28.0193
39.0541 34.8156 27.9043

38.7661 38.6706 28.1603
36.0981 38.2386 30.9613
33.5201 40.1986 28.8593
29.9161 39.5116 29.9283

27.9131 38.5206 26.8173
24.8281 36.5526 25.6513
24.7501 33.8356 22.9353
21.7481 32.7346 20.7913

22.0141 30.0126 18.0933
20.1811 26.9166 16.6793
20.7591 24.9996 19.9883
19.3251 27.7486 22.3043
15.8121 26.7436 23.4933
12.6491 28.8396 22.8373
12.2761 29.9476 26.5253

16.0341 30.5896 27.1123
16.0251 32.8146 23.9453
13.4641 35.1466 25.6093
15.3131 35.0916 28.9933
18.7491 35.8796 27.3853
17.0081 38.6486 25.3623
15.6741 40.1366 28.6623
19.1511 39.7536 30.3153
20.7991 41.7696 27.4473
17.9511 44.3696 27.4973
17.8771 44.9336 31.3083

21.5101 44.2706 32.4423
24.0941 47.0526 31.7563
26.8971 44.4246 32.2063
26.0861 42.4206 29.0283
28.0551 44.4016 26.4073

27.9131 41.8776 23.4943
25.1531 39.7066 22.0153
26.6151 36.8446 19.8853
23.7591 35.9346 17.5123
23.1851 33.4066 14.7243

21.8731 35.3026 11.6233
19.4441 32.3926 10.9143
18.3811 31.5436 14.5113
17.8941 35.1376 15.8783
16.1721 36.6666 12.7453
12.7111 36.1926 14.4333
10.7131 37.1486 17.5843
13.4801 38.9146 19.5793
13.9291 42.6866 20.2643
17.3821 44.2296 20.9733
16.5451 47.9646 21.4193
19.2551 48.2966 24.1723
22.0391 48.2316 21.4993
22.9231 51.0366 19.0023

25.3701 48.9596 16.8603
25.0611 45.7956 14.7183
28.2281 44.0286 13.4333
27.8511 41.3956 10.6893

31.0111 39.2726 11.1333
29.8021 37.2526 8.10233
27.7911 38.0556 4.95433
24.5981 36.0906 4.15833
23.5121 35.5366 0.491326
19.8661 36.5086 1.23633

19.3261 40.2856 1.88433
15.8531 39.7376 3.44733
17.5541 37.8706 6.36733
20.1731 40.6666 6.78233
17.3361 43.2946 6.93633
15.4561 41.0546 9.47133
18.6341 41.0476 11.6513
19.1081 44.8986 11.4193

15.4101 45.3736 12.4373
16.0841 43.5266 15.7213
17.7051 46.8066 16.9863
15.7731 49.3286 14.8413
12.3891 48.8356 16.6653
9.84907 51.0096 18.5483
11.7731 51.9516 21.7453
15.0811 52.7236 19.9233
16.3101 56.3236 20.6373
19.8321 56.2546 19.0243
20.9351 56.2176 15.3383

21.5571 52.5366 14.5153
25.0471 51.7156 13.1833
25.3091 48.6646 10.8483
28.8701 47.4126 10.1073
29.3741 44.7286 7.39533
32.7941 43.0336 7.90333
34.3271 42.0176 4.50033

37.7161 40.5176 3.47833
39.4171 41.0366 0.0493256
40.5231 37.6716 -1.47467
37.5001 35.6966 -0.0566744
33.8281 34.6966 -0.682674

32.8161 38.2806 0.396326
34.1351 39.6246 -2.98767
31.3551 37.6166 -4.79767
28.6561 37.6936 -2.06367
28.6201 41.5076 -1.64367
27.8091 42.3496 -5.35767
25.2241 39.4626 -5.30767
23.5151 40.8996 -2.16367
23.5281 44.4126 -3.78067
21.8351 43.3296 -7.06267
19.2341 41.4046 -4.94767
18.3921 44.5396 -2.82867
18.0321 46.5316 -6.10067
15.5591 43.8866 -7.46567
13.6371 44.1526 -4.13367
13.6521 48.0166 -4.29767
12.4251 48.1006 -7.96767

9.55207 45.7786 -6.85067
8.75207 48.3206 -4.00567
9.82807 45.7196 -1.36167
12.8481 47.6266 0.114326
14.0231 51.2416 0.686326
17.4811 49.8026 1.42133
19.9551 50.9386 -1.22367
23.3951 49.2666 -0.750674
25.2801 51.0726 -3.63967

26.2861 54.1616 -1.55767
28.3341 51.9726 0.885326
30.6811 50.6556 -1.89367
31.5321 54.0526 -3.45267

32.7971 55.0116 0.0773256
35.2821 52.0386 0.500326

End chain 1
