-13.201 -6.296 -53.957
-10.703 -3.406 -53.291
-9.54 -3.087 -49.639
-11.02 0.322 -48.639
-8.614 1.85 -46.053
-10.787 3.126 -43.162

-9.634 6.195 -41.181
-10.061 4.9 -37.589
-10.286 6.838 -34.306
-12.195 7.103 -30.979
-14.163 9.439 -28.711
-12.619 10.223 -25.263
-14.157 12.207 -22.344

-11.943 15.248 -21.466
-14.301 16.978 -18.949
-17.827 16.65 -17.399
-19.139 18.761 -20.353

-16.752 17.96 -23.312
-15.482 14.956 -25.281
-12.62 14.751 -27.824
-12.437 12.939 -31.204
-8.982 11.264 -31.393
-8.672 10.357 -35.1

-6.282 10.744 -38.079
-6.98 13.557 -40.6
-9.895 13.022 -43.051

-11.208 15.853 -45.293
-14.92 14.856 -45.011
-14.611 14.37 -41.226
-13.015 17.857 -40.827
-15.875 19.254 -42.999
-18.403 17.482 -40.669
-16.559 18.759 -37.515
-16.844 22.341 -38.957

-20.697 21.797 -39.029
-20.861 21.033 -35.24
-22.116 23.933 -33.104
-20.016 23.255 -29.939
-16.791 22.621 -31.971

-13.393 23.436 -30.391
-10.011 22.816 -32.063
-6.805 22.812 -29.99

-3.883 23.919 -32.209
-1.328 22.314 -29.773
-2.753 18.736 -29.691
-4.334 19.137 -33.217

-7.578 17.622 -31.79
-11.313 18.386 -31.995
-13.683 18.544 -28.991
-17.466 19.001 -28.65
-20.131 19.402 -25.91

-21.257 16.038 -24.476
-24.923 16.743 -25.497
-23.731 16.722 -29.178
-22.178 13.179 -28.839
-25.228 11.354 -30.322
-25.57 14.044 -33.093
-21.852 13.682 -34.021
-21.815 9.829 -34.037
-25.045 9.774 -36.128
-23.507 12.176 -38.75
-20.093 10.348 -38.803

-21.793 6.948 -39.527
-22.962 8.546 -42.834
-19.328 9.196 -43.991
-17.677 6.563 -46.261
-14.251 5.2 -45.121

-14.46 6.789 -41.562
-14.765 4.819 -38.279
-15.142 6.964 -35.114
-15.663 4.659 -32.101

-18.218 6.249 -29.657
-17.862 6.903 -25.912
-18.35 3.469 -24.195
-21.794 2.549 -22.772
-20.235 2.829 -19.255
-19.534 6.58 -19.812
-22.964 7.196 -21.431
-24.623 5.531 -18.378
-22.42 7.523 -15.909

-23.028 10.919 -17.654
-26.668 10.153 -18.714
-27.851 13.482 -17.123

-25.214 15.594 -18.963
-26 13.8 -22.296
-29.631 15.147 -21.909

-29.014 18.802 -20.797
-28.522 21.656 -23.337
-27.494 23.803 -20.296
-24.374 24.206 -18.108
-26.03 23.63 -14.722
-23.195 22.587 -12.38
-23.731 19.355 -10.334

-27.219 19.392 -8.694
-26.798 20.208 -4.988
-26.578 17.032 -2.906
-29.814 16.999 -0.82
-29.276 16.946 2.956
-30.305 13.551 4.343

-32.727 13.25 7.268
-30.389 11.851 9.975
-33.077 12.019 12.787
-33.159 8.159 12.923
-29.32 8.149 13.454
-27.82 8.306 16.969

-27.52 12.074 17.913
-23.991 11.509 19.371
-22.796 10.469 15.867
-24.731 13.185 13.93
-23.402 16.008 16.22
-19.738 14.82 15.861

-19.687 14.822 11.995
-17.445 17.587 10.586

-19.106 19.692 7.763
-17.231 17.783 4.996
-18.064 14.402 6.666
-21.796 15.407 6.677
-21.562 16.318 2.947
-19.943 12.855 2.346
-22.788 11.075 4.244
-25.363 13.084 2.191
-23.555 12.165 -1.104
-23.43 8.459 -0.115
-27.196 8.491 0.728
-28.024 10.343 -2.565

-25.973 7.645 -4.472
-28.214 5.048 -2.67
-25.512 3.7 -0.27

-23.352 2.353 -3.174
-19.956 4.118 -3.237
-16.209 4.012 -2.721
-15.295 6.541 0.021

-11.694 7.195 -1.128

-11.135 10.189 1.225
-7.504 10.605 2.377

-6.048 8.715 5.398
-7.361 9.956 8.784
-10.233 12.169 7.374
-12.706 9.981 9.408

-13.844 7.354 6.831
-15.012 5.081 9.734
-17.363 7.714 11.316
-18.876 8.506 7.854
-19.282 4.738 7.09
-21.02 4.042 10.461
-23.415 6.996 9.798
-24.247 5.855 6.195
-24.846 2.277 7.463
-26.955 3.52 10.461
-29.227 5.531 8.078

-29.701 2.57238 5.87051

-32.57 0.736918 7.55655
-33.1256 3.62095 9.96831
-33.2049 6.12359 7.10939
-35.7506 4.02928 5.2184
-37.9801 3.79353 8.28707

-34.7731 5.75853 7.60507
-31.5501 4.06953 6.38607
-28.2341 5.87853 7.11407
-25.1311 4.46753 5.34007
-21.8281 5.84953 6.72007

-18.0491 5.19053 7.10307
-17.4151 2.38653 9.68407
-15.8551 4.90153 12.2101
-18.6881 7.56653 12.3161

-21.7571 5.33853 13.1201
-21.8941 6.45353 16.7921
-21.1531 10.1045 15.7471
-24.3641 9.90253 13.6231
-26.4131 8.30953 16.4921
-25.2671 11.1265 18.8461
-26.1081 13.6825 16.0861
-29.7211 12.3175 15.8771
-30.0811 12.3465 19.7281
-28.5951 15.9065 19.8401
-30.8221 17.4015 17.0951

-34.1201 15.3975 17.3571
-34.8501 15.1565 21.1731
-38.3871 13.9975 20.0651
-36.7631 10.5055 19.5231
-36.0291 7.92153 22.2341

-32.6311 6.10253 21.9741
-34.6371 2.88653 21.1971
-35.7791 4.53953 17.9081

-32.0901 4.39053 16.6931
-30.5041 1.08253 15.6051
-26.6801 1.16553 15.1981

-25.7011 -1.90947 13.1521
-22.3151 -3.09647 14.4891
-22.2001 -6.63047 12.9301
-23.4041 -8.59247 9.85207
-25.7681 -10.6135 12.1871
-27.7871 -7.60147 13.4341
-31.3511 -6.71047 12.2761
-31.0741 -3.76647 9.81807
-34.8151 -2.89547 10.3901
-34.9181 -2.95947 14.2441
-35.1071 0.87453 14.6531
-37.0791 3.74053 13.1121

-33.5871 5.06653 12.1551
-31.0641 2.37353 11.0821
-27.3351 3.30853 10.9201
-25.0081 0.90453 9.00407
-21.5281 0.91153 7.40807

-20.6571 0.46653 3.69407
-18.7561 -2.80247 4.49207
-21.8321 -4.33947 6.23007
-24.2991 -3.56247 3.33907

-22.9251 -6.50847 1.25707
-23.2861 -8.86647 4.30007
-26.8421 -7.53347 4.96207
-28.0131 -7.60847 1.25607
-30.7301 -10.2085 2.16107
-32.2421 -7.62947 4.62907
-31.9541 -4.68747 2.10607
-35.0701 -6.22647 0.395071
-37.1871 -4.24447 2.94207
-38.0931 -0.93047 1.16907
-36.3661 1.97153 2.95907
-38.2351 4.99153 1.47707

-35.7031 7.52953 2.90907
-31.9351 6.90853 2.54607
-29.0061 9.06153 3.71907
-25.5161 8.09653 2.47707

-22.6611 9.96953 4.17607
-19.3401 10.3415 2.26807

-21.0651 8.85453 -0.851929
-17.7641 8.99953 -2.85093
-17.2511 5.46453 -1.33893
-19.7731 4.34053 -4.05893

-17.5571 5.77053 -6.93693
-16.8601 2.29753 -8.49393
-19.9121 0.22353 -9.61893
-17.9931 -3.14147 -9.52093
-17.3851 -2.90947 -5.72193

-19.5501 -5.06247 -3.39093
-20.5671 -1.91547 -1.36993
-21.8311 -0.20247 -4.57593
-23.5851 -3.38647 -5.88893
-25.4601 -3.69847 -2.53093
-26.3121 0.06953 -2.21493
-27.4641 0.85353 -5.80793
-30.6991 -1.31647 -5.88593
-31.9601 0.42053 -2.68193
-31.0031 3.93453 -3.94693
-32.8921 3.38053 -7.26893
-36.1471 2.27953 -5.45893

-36.0711 4.56253 -2.34793
-38.3711 7.66453 -2.58693

-35.8251 10.0905 -0.986929
-32.0181 9.85953 -1.51193
-29.7681 12.2835 0.407071
-26.1441 11.7495 -0.705929
-23.4261 13.6855 1.20507

-19.7381 14.2715 0.298071
-16.9971 16.9185 0.690071
-15.2891 15.5075 -2.41993
-18.0011 13.9845 -4.71493
-15.2621 13.1855 -7.22793
-11.8431 12.2505 -5.75993
-9.8201 12.4795 -9.03893
-11.9591 12.0215 -12.2469

-15.4851 12.6185 -13.7669
-16.1441 8.81053 -13.9839
-16.4011 8.68853 -10.1059
-19.6181 10.8365 -10.2619
-21.6271 8.36053 -12.4109
-22.9031 6.18053 -9.49693
-23.9801 9.31453 -7.52593
-25.7371 10.8005 -10.6409
-27.7581 7.56853 -11.2589
-28.5441 7.28053 -7.49693
-30.1031 10.8235 -7.47893

-31.6061 10.5525 -11.0549
-31.9911 6.83653 -12.1399
-33.1711 7.95553 -15.6629
-29.9341 9.91653 -16.3909
-27.3361 7.97053 -18.4749
-28.8991 4.42153 -18.1119
-25.5751 2.98953 -19.4539

-22.1001 4.18753 -18.3119
-20.7181 4.18453 -21.9149
-22.8651 7.23953 -22.9129
-21.5641 9.17553 -19.8419
-17.9641 8.00753 -20.5509
-18.0271 9.04453 -24.2669
-19.2371 12.5725 -23.3129
-17.4021 13.3865 -20.0249

-14.5091 10.8555 -19.6469
-12.8501 11.3385 -23.1249
-13.4981 7.62953 -23.7409

-10.9211 5.98253 -26.0719
-11.1701 2.63453 -27.9139
-7.8901 0.79153 -27.1569

-6.8941 -2.69047 -28.5849
-7.9441 -4.25747 -25.1979

-11.3001 -2.36447 -24.7909
-12.4641 1.11853 -23.6969
-10.3741 3.54353 -21.6149

-12.3851 6.01453 -19.4209
-9.4541 7.63053 -17.4619
-9.7851 10.9575 -19.3549
-12.0041 14.0445 -19.0089
-14.1321 16.1045 -21.4479
-16.8871 18.7995 -21.5259

-16.4271 19.5165 -17.7509
-18.2581 22.9145 -17.8499
-21.3581 21.1385 -19.3069
-21.0331 18.4245 -16.6029
-20.8521 21.1925 -13.9099
-24.0601 22.8305 -15.2789
-25.8931 19.4355 -15.3879
-24.7811 18.6125 -11.8009
-25.8401 22.0105 -10.3139
-29.2421 22.0605 -12.1269
-30.4191 18.4515 -11.5919

-28.1881 16.4495 -9.12593

-26.0551 18.5075 -6.74193
-26.1131 21.4015 -4.27093

-22.5101 22.6435 -3.73793
-21.2031 25.6445 -1.74893
-17.6281 26.4795 -0.774929

-16.1021 27.9635 2.45307
-15.4911 31.1675 0.431071
-19.2461 31.4165 -0.468929
-20.6861 31.0465 3.09107

-17.8751 31.5415 5.71307
-15.9141 34.7765 4.88207
-14.5001 34.5395 8.48207
-12.4951 31.2715 8.06607

-8.6961 31.9655 8.05107
-6.9431 31.2315 4.72707

-5.2871 27.8615 3.98407
-1.6711 28.7095 3.00607
-0.134103 25.8195 1.00407
3.5449 25.3215 0.0570705
5.9069 22.7125 -1.34493
8.9479 22.0175 0.896071
11.7669 20.4635 -1.15893

13.5469 18.2625 1.43207
17.2619 18.0815 0.622071

18.2459 14.8505 -1.30093
21.8609 15.3215 0.0270705
20.8229 13.1295 3.04907

19.7819 10.3405 0.564071
22.9199 8.15953 0.630071

24.4259 6.88653 -2.66793
23.1139 3.26853 -2.12693
19.4919 4.46653 -1.57593
19.7689 6.79653 -4.63693
21.1979 3.95153 -6.78893
18.2599 1.73453 -5.60393
15.7139 4.46953 -6.60193
17.5109 4.86753 -9.99193
17.4239 1.04153 -10.4229
13.6509 0.73253 -9.67493
12.9629 3.78453 -11.9429
14.9179 2.10853 -14.8299
13.1439 -1.20447 -14.0389
9.6469 0.34753 -14.6229
10.7379 1.67853 -18.0939

12.2179 -1.65147 -19.3459
10.3879 -2.74947 -22.5509
10.5289 -6.52947 -22.0159
8.6579 -6.69047 -18.6309
5.0849 -7.91847 -18.1239

2.2889 -5.53147 -16.9699
2.6079 -7.19347 -13.5069
6.4299 -6.73447 -13.2179
5.8789 -3.03247 -14.1889
3.2899 -2.67947 -11.3139
5.6579 -4.49947 -8.87693
8.6069 -2.20747 -9.83393
6.2559 0.83053 -9.37793
5.2409 -0.37147 -5.85393
8.9559 -0.95247 -5.04693
9.9259 2.56853 -6.31893
7.0989 4.10753 -4.20393
8.0539 2.15853 -1.00593
11.7869 3.07553 -1.57293
10.7369 6.76553 -1.93293
9.0859 6.57653 1.52707
12.2459 4.99553 3.09607
14.5459 7.55653 1.36807
12.5469 10.5305 2.81407
12.4939 9.33453 6.51207
15.7809 11.0875 7.64907
14.8439 14.5205 6.17707
11.1589 14.1655 7.21707
12.4999 13.6175 10.7881
14.9719 16.5605 10.4011
12.0449 18.8115 9.31807
9.7329 17.6595 12.2081
12.5379 18.4275 14.7191
13.1919 21.8775 13.0941
9.4429 22.6745 13.5701
9.5699 21.6635 17.2951
12.8949 23.5285 17.8851

11.2369 26.6075 16.2021
8.7569 26.5925 19.1761
5.5879 25.2955 17.3851
2.8939 24.3425 19.9131
0.640897 21.9935 17.7891

0.859897 20.3985 14.3081
-0.308103 17.3225 12.3371
2.0619 14.9605 10.4621
0.475897 12.8935 7.65807
2.0969 9.73853 6.18707

0.714897 6.43753 4.71007
3.5929 3.89353 4.76507

3.7239 2.20953 8.21807
7.5869 2.41153 8.27607
7.3569 6.26853 8.03407
4.7539 6.45353 10.8781
6.9149 4.01853 12.9641
10.1799 6.00053 12.4101
8.5029 9.37953 13.2561
6.9499 7.95053 16.4951
10.2859 6.31753 17.5251
12.2279 9.62053 17.1051
9.5419 11.6335 19.0131
9.7599 9.04253 21.8781
13.6219 9.26653 21.7631

13.3339 13.1215 22.0191
10.6659 12.6895 24.8201
8.0879 14.6495 22.7181
4.4839 13.9625 23.7871

2.4809 12.9715 20.6761
-0.604103 11.0035 19.5101
-0.682103 8.28653 16.7941
-3.6841 7.18553 14.6501

-3.4181 4.46353 11.9521
-5.2511 1.36753 10.5381
-4.6731 -0.54947 13.8471
-6.1071 2.19953 16.1631
-9.6201 1.19453 17.3521
-12.7831 3.29053 16.6961
-13.1561 4.39853 20.3841

-9.3981 5.04053 20.9711
-9.4071 7.26553 17.8041
-11.9681 9.59753 19.4681
-10.1191 9.54253 22.8521
-6.6831 10.3305 21.2441
-8.4241 13.0995 19.2211
-9.7581 14.5875 22.5211
-6.2811 14.2045 24.1741
-4.6331 16.2205 21.3061
-7.4811 18.8205 21.3561
-7.5551 19.3845 25.1671

-3.9221 18.7215 26.3011
-1.3381 21.5035 25.6151
1.4649 18.8755 26.0651
0.653897 16.8715 22.8871
2.6229 18.8525 20.2661

2.4809 16.3285 17.3531
-0.279103 14.1575 15.8741
1.1829 11.2955 13.7441
-1.6731 10.3855 11.3711
-2.2471 7.85753 8.58307

-3.5591 9.75353 5.48207
-5.9881 6.84353 4.77307
-7.0511 5.99453 8.37007
-7.5381 9.58853 9.73707
-9.2601 11.1175 6.60407
-12.7211 10.6435 8.29207
-14.7191 11.5995 11.4431
-11.9521 13.3655 13.4381
-11.5031 17.1375 14.1231
-8.0501 18.6805 14.8321
-8.8871 22.4155 15.2781
-6.1771 22.7475 18.0311
-3.3931 22.6825 15.3581
-2.5091 25.4875 12.8611

-0.062103 23.4105 10.7191
-0.371103 20.2465 8.57707
2.7959 18.4795 7.29207
2.4189 15.8465 4.54807

5.5789 13.7235 4.99207
4.3699 11.7035 1.96107
2.3589 12.5065 -1.18693
-0.834103 10.5415 -1.98293
-1.9201 9.98753 -5.64993
-5.5661 10.9595 -4.90493

-6.1061 14.7365 -4.25693
-9.5791 14.1885 -2.69393
-7.8781 12.3215 0.226071
-5.2591 15.1175 0.641071
-8.0961 17.7455 0.795071
-9.9761 15.5055 3.33007
-6.7981 15.4985 5.51007
-6.3241 19.3495 5.27807

-10.0221 19.8245 6.29607
-9.3481 17.9775 9.58007
-7.7271 21.2575 10.8451
-9.6591 23.7795 8.70007
-13.0431 23.2865 10.5241
-15.5831 25.4605 12.4071
-13.6591 26.4025 15.6041
-10.3511 27.1745 13.7821
-9.1221 30.7745 14.4961
-5.6001 30.7055 12.8831
-4.4971 30.6685 9.19707

-3.8751 26.9875 8.37407
-0.385103 26.1665 7.04207
-0.123103 23.1155 4.70707
3.4379 21.8635 3.96607
3.9419 19.1795 1.25407
7.3619 17.4845 1.76207
8.8949 16.4685 -1.64093

12.2839 14.9685 -2.66293
13.9849 15.4875 -6.09193
15.0909 12.1225 -7.61593
12.0679 10.1475 -6.19793
8.3959 9.14753 -6.82393

7.3839 12.7315 -5.74493
8.7029 14.0755 -9.12893
5.9229 12.0675 -10.9389
3.2239 12.1445 -8.20493
3.1879 15.9585 -7.78493
2.3769 16.8005 -11.4989
-0.208103 13.9135 -11.4489
-1.9171 15.3505 -8.30493
-1.9041 18.8635 -9.92193
-3.5971 17.7805 -13.2039
-6.1981 15.8555 -11.0889
-7.0401 18.9905 -8.96993
-7.4001 20.9825 -12.2419
-9.8731 18.3375 -13.6069
-11.7951 18.6035 -10.2749
-11.7801 22.4675 -10.4389
-13.0071 22.5515 -14.1089

-15.8801 20.2295 -12.9919
-16.6801 22.7715 -10.1469
-15.6041 20.1705 -7.50293
-12.5841 22.0775 -6.02693
-11.4091 25.6925 -5.45493
-7.9511 24.2535 -4.71993
-5.4771 25.3895 -7.36493
-2.0371 23.7175 -6.89193
-0.152103 25.5235 -9.78093

0.853897 28.6125 -7.69893
2.9019 26.4235 -5.25593
5.2489 25.1065 -8.03493
6.0999 28.5035 -9.59393

7.3649 29.4625 -6.06393
9.8499 26.4895 -5.64093

End chain 1
