-13.201 -6.296 -53.957
-10.703 -3.406 -53.291
-9.54 -3.087 -49.639
-11.02 0.322 -48.639
-8.614 1.85 -46.053
-10.787 3.126 -43.162

-9.634 6.195 -41.181
-10.061 4.9 -37.589
-10.286 6.838 -34.306
-12.195 7.103 -30.979
-14.163 9.439 -28.711
-12.619 10.223 -25.263
-14.157 12.207 -22.344

-11.943 15.248 -21.466
-14.301 16.978 -18.949
-17.827 16.65 -17.399
-19.139 18.761 -20.353

-16.752 17.96 -23.312
-15.482 14.956 -25.281
-12.62 14.751 -27.824
-12.437 12.939 -31.204
-8.982 11.264 -31.393
-8.672 10.357 -35.1

-6.282 10.744 -38.079
-6.98 13.557 -40.6
-9.895 13.022 -43.051

-11.208 15.853 -45.293
-14.92 14.856 -45.011
-14.611 14.37 -41.226
-13.015 17.857 -40.827
-15.875 19.254 -42.999
-18.403 17.482 -40.669
-16.559 18.759 -37.515
-16.844 22.341 -38.957

-20.697 21.797 -39.029
-20.861 21.033 -35.24
-22.116 23.933 -33.104
-20.016 23.255 -29.939
-16.791 22.621 -31.971

-13.393 23.436 -30.391
-10.011 22.816 -32.063
-6.805 22.812 -29.99

-3.883 23.919 -32.209
-1.328 22.314 -29.773
-2.753 18.736 -29.691
-4.334 19.137 -33.217

-7.578 17.622 -31.79
-11.313 18.386 -31.995
-13.683 18.544 -28.991
-17.466 19.001 -28.65
-20.131 19.402 -25.91

-21.257 16.038 -24.476
-24.923 16.743 -25.497
-23.731 16.722 -29.178
-22.178 13.179 -28.839
-25.228 11.354 -30.322
-25.57 14.044 -33.093
-21.852 13.682 -34.021
-21.815 9.829 -34.037
-25.045 9.774 -36.128
-23.507 12.176 -38.75
-20.093 10.348 -38.803

-21.793 6.948 -39.527
-22.962 8.546 -42.834
-19.328 9.196 -43.991
-17.677 6.563 -46.261
-14.251 5.2 -45.121

-14.46 6.789 -41.562
-14.765 4.819 -38.279
-15.142 6.964 -35.114
-15.663 4.659 -32.101

-18.218 6.249 -29.657
-17.862 6.903 -25.912
-18.35 3.469 -24.195
-21.794 2.549 -22.772
-20.235 2.829 -19.255
-19.534 6.58 -19.812
-22.964 7.196 -21.431
-24.623 5.531 -18.378
-22.42 7.523 -15.909

-23.028 10.919 -17.654
-26.668 10.153 -18.714
-27.851 13.482 -17.123

-25.214 15.594 -18.963
-26 13.8 -22.296
-29.631 15.147 -21.909

-29.014 18.802 -20.797
-28.522 21.656 -23.337
-27.494 23.803 -20.296
-24.374 24.206 -18.108
-26.03 23.63 -14.722
-23.195 22.587 -12.38
-23.731 19.355 -10.334

-27.219 19.392 -8.694
-26.798 20.208 -4.988
-26.578 17.032 -2.906
-29.814 16.999 -0.82
-29.276 16.946 2.956
-30.305 13.551 4.343

-32.727 13.25 7.268
-30.389 11.851 9.975
-33.077 12.019 12.787
-33.159 8.159 12.923
-29.32 8.149 13.454
-27.82 8.306 16.969

-27.52 12.074 17.913
-23.991 11.509 19.371
-22.796 10.469 15.867
-24.731 13.185 13.93
-23.402 16.008 16.22
-19.738 14.82 15.861

-19.687 14.822 11.995
-17.445 17.587 10.586

-19.106 19.692 7.763
-17.231 17.783 4.996
-18.064 14.402 6.666
-21.796 15.407 6.677
-21.562 16.318 2.947
-19.943 12.855 2.346
-22.788 11.075 4.244
-25.363 13.084 2.191
-23.555 12.165 -1.104
-23.43 8.459 -0.115
-27.196 8.491 0.728
-28.024 10.343 -2.565

-25.973 7.645 -4.472
-28.214 5.048 -2.67
-25.512 3.7 -0.27

-23.352 2.353 -3.174
-19.956 4.118 -3.237
-16.209 4.012 -2.721
-15.295 6.541 0.021

-11.694 7.195 -1.128

-11.135 10.189 1.225
-7.504 10.605 2.377

-6.048 8.715 5.398
-7.361 9.956 8.784
-10.233 12.169 7.374
-12.706 9.981 9.408

-13.844 7.354 6.831
-15.012 5.081 9.734
-17.363 7.714 11.316
-18.876 8.506 7.854
-19.282 4.738 7.09
-21.02 4.042 10.461
-23.415 6.996 9.798
-24.247 5.855 6.195
-24.846 2.277 7.463
-26.955 3.52 10.461
-29.227 5.531 8.078

-29.9 2.058 6.507

-30.384 0.293 9.981
-33.886 -0.857 8.77
-32.05 -2.956 6.062
-29.626 -4.868 8.41
-27.981 -7.413 9.17

-24.774 -5.448 8.488
-21.551 -7.137 7.269
-18.235 -5.328 7.997
-15.132 -6.739 6.223
-11.829 -5.357 7.603

-8.05 -6.016 7.986
-7.416 -8.82 10.567
-5.856 -6.305 13.093
-8.689 -3.64 13.199

-11.758 -5.868 14.003
-11.895 -4.753 17.675
-11.154 -1.102 16.63
-14.365 -1.304 14.506
-16.414 -2.897 17.375
-15.268 -0.08 19.729
-16.109 2.476 16.969
-19.722 1.111 16.76
-20.082 1.14 20.611
-18.596 4.7 20.723
-20.823 6.195 17.978

-24.121 4.191 18.24
-24.851 3.95 22.056
-28.388 2.791 20.948
-26.764 -0.701 20.406
-26.03 -3.285 23.117

-22.632 -5.104 22.857
-24.638 -8.32 22.08
-25.78 -6.667 18.791

-22.091 -6.816 17.576
-20.505 -10.124 16.488
-16.681 -10.041 16.081

-15.702 -13.116 14.035
-12.316 -14.303 15.372
-12.201 -17.837 13.813
-13.405 -19.799 10.735
-15.769 -21.82 13.07
-17.788 -18.808 14.317
-21.352 -17.917 13.159
-21.075 -14.973 10.701
-24.816 -14.102 11.273
-24.919 -14.166 15.127
-25.108 -10.332 15.536
-27.08 -7.466 13.995

-23.588 -6.14 13.038
-21.065 -8.833 11.965
-17.336 -7.898 11.803
-15.009 -10.302 9.887
-11.529 -10.295 8.291

-10.658 -10.74 4.577
-8.757 -14.009 5.375
-11.833 -15.546 7.113
-14.3 -14.769 4.222

-12.926 -17.715 2.14
-13.287 -20.073 5.183
-16.843 -18.74 5.845
-18.014 -18.815 2.139
-20.731 -21.415 3.044
-22.243 -18.836 5.512
-21.955 -15.894 2.989
-25.071 -17.433 1.278
-27.188 -15.451 3.825
-28.094 -12.137 2.052
-26.367 -9.235 3.842
-28.236 -6.215 2.36

-25.704 -3.677 3.792
-21.936 -4.298 3.429
-19.007 -2.145 4.602
-15.517 -3.11 3.36

-12.662 -1.237 5.059
-9.341 -0.865 3.151

-11.066 -2.352 0.031
-7.765 -2.207 -1.968
-7.252 -5.742 -0.456
-9.774 -6.866 -3.176

-10.314 -4.80574 -6.24131
-10.4711 -2.78247 -9.50636
-13.7636 -1.85337 -11.0173
-13.0591 1.93297 -10.6742
-9.31275 2.73878 -11.2238

-5.63235 3.62514 -11.5584
-4.71424 1.31036 -8.68755
-6.66188 -1.55578 -10.2479
-4.92637 -1.04361 -13.5899
-1.50863 -1.06565 -11.9281
-2.31461 -4.29434 -10.0927
-3.44558 -5.95841 -13.3167
-0.248405 -4.9186 -15.0887
1.88298 -6.31226 -12.2677
0.0286927 -9.62784 -12.3748
0.520937 -9.89237 -16.1338
4.24482 -9.21539 -15.7914

4.32082 -6.93239 -12.6804
2.02082 -3.83039 -12.9194

4.56682 -1.40439 -11.3194
8.37382 -1.63539 -11.8444
10.6238 0.788613 -9.92538
14.2478 0.254613 -11.0384
16.9658 2.19061 -9.12738

20.6538 2.77661 -10.0344
23.3948 5.42361 -9.64238
25.1028 4.01261 -12.7524
22.3908 2.48961 -15.0474
25.1298 1.69061 -17.5604
28.5488 0.755613 -16.0924
30.5718 0.984613 -19.3714
28.4328 0.526613 -22.5794

24.9068 1.12361 -24.0994
24.2478 -2.68439 -24.3164
23.9908 -2.80639 -20.4384
20.7738 -0.658387 -20.5944
18.7648 -3.13439 -22.7434
17.4888 -5.31439 -19.8294
16.4118 -2.18039 -17.8584
14.6548 -0.694387 -20.9734
12.6338 -3.92639 -21.5914
11.8478 -4.21439 -17.8294
10.2888 -0.671387 -17.8114

8.78582 -0.942387 -21.3874
8.40082 -4.65839 -22.4724
7.22082 -3.53939 -25.9954
10.4578 -1.57839 -26.7234
13.0558 -3.52439 -28.8074
11.4928 -7.07339 -28.4444
14.8168 -8.50539 -29.7864

18.2918 -7.30739 -28.6444
19.6738 -7.31039 -32.2474
17.5268 -4.25539 -33.2454
18.8278 -2.31939 -30.1744
22.4278 -3.48739 -30.8834
22.3648 -2.45039 -34.5994
21.1548 1.07761 -33.6454
22.9898 1.89161 -30.3574

25.8828 -0.639387 -29.9794
27.5418 -0.156387 -33.4574
26.8938 -3.86539 -34.0734

29.4708 -5.51239 -36.4044
29.2218 -8.86039 -38.2464
32.5018 -10.7034 -37.4894

33.4978 -14.1854 -38.9174
32.4478 -15.7524 -35.5304

29.0918 -13.8594 -35.1234
27.9278 -10.3764 -34.0294
30.0178 -7.95139 -31.9474

28.0068 -5.48039 -29.7534
30.9378 -3.86439 -27.7944
30.6068 -0.537387 -29.6874
28.3878 2.54961 -29.3414
26.2598 4.60961 -31.7804
23.5048 7.30461 -31.8584

23.9648 8.02161 -28.0834
22.1338 11.4196 -28.1824
19.0338 9.64361 -29.6394
19.3588 6.92961 -26.9354
19.5398 9.69761 -24.2424
16.3318 11.3356 -25.6114
14.4988 7.94061 -25.7204
15.6108 7.11761 -22.1334
14.5518 10.5156 -20.6464
11.1498 10.5656 -22.4594
9.97282 6.95661 -21.9244

12.2038 4.95461 -19.4584

14.3368 7.01261 -17.0744
14.2788 9.90661 -14.6034

17.8818 11.1486 -14.0704
19.1888 14.1496 -12.0814
22.7638 14.9846 -11.1074

24.2898 16.4686 -7.87938
24.9008 19.6726 -9.90138
21.1458 19.9216 -10.8014
19.7058 19.5516 -7.24138

22.5168 20.0466 -4.61938
24.4778 23.2816 -5.45038
25.8918 23.0446 -1.85038
27.8968 19.7766 -2.26638

31.6958 20.4706 -2.28138
33.4488 19.7366 -5.60538

35.1048 16.3666 -6.34838
38.7208 17.2146 -7.32638
40.2578 14.3246 -9.32838
43.9368 13.8266 -10.2754
46.2988 11.2176 -11.6774
49.3398 10.5226 -9.43638
52.1588 8.96861 -11.4914

53.9388 6.76761 -8.90038
57.6538 6.58661 -9.71038

58.6378 3.35561 -11.6334
62.2528 3.82661 -10.3054
61.2148 1.63461 -7.28338

60.1738 -1.15439 -9.76838
63.3118 -3.33539 -9.70238

64.8178 -4.60839 -13.0004
63.5058 -8.22639 -12.4594
59.8838 -7.02839 -11.9084
60.1608 -4.69839 -14.9694
61.5898 -7.54339 -17.1214
58.6518 -9.76039 -15.9364
56.1058 -7.02539 -16.9344
57.9028 -6.62739 -20.3244
57.8158 -10.4534 -20.7554
54.0428 -10.7624 -20.0074
53.3548 -7.71039 -22.2754
55.3098 -9.38639 -25.1624
53.5358 -12.6994 -24.3714
50.0388 -11.1474 -24.9554
51.1298 -9.81639 -28.4264

52.6098 -13.1464 -29.6784
50.7798 -14.2444 -32.8834
50.9208 -18.0244 -32.3484
49.0498 -18.1854 -28.9634
45.4768 -19.4134 -28.4564

42.6808 -17.0264 -27.3024
42.9998 -18.6884 -23.8394
46.8218 -18.2294 -23.5504
46.2708 -14.5274 -24.5214
43.6818 -14.1744 -21.6464
46.0498 -15.9944 -19.2094
48.9988 -13.7024 -20.1664
46.6478 -10.6644 -19.7104
45.6328 -11.8664 -16.1864
49.3478 -12.4474 -15.3794
50.3178 -8.92639 -16.6514
47.4908 -7.38739 -14.5364
48.4458 -9.33639 -11.3384
52.1788 -8.41939 -11.9054
51.1288 -4.72939 -12.2654
49.4778 -4.91839 -8.80538
52.6378 -6.49939 -7.23638
54.9378 -3.93839 -8.96438
52.9388 -0.964387 -7.51838
52.8858 -2.16039 -3.82038
56.1728 -0.407387 -2.68338
55.2358 3.02561 -4.15538
51.5508 2.67061 -3.11538
52.8918 2.12261 0.455624
55.3638 5.06561 0.0686241
52.4368 7.31661 -1.01438
50.1248 6.16461 1.87562
52.9298 6.93261 4.38662
53.5838 10.3826 2.76162
49.8348 11.1796 3.23762
49.9618 10.1686 6.96262
53.2868 12.0336 7.55262

51.6288 15.1126 5.86962
49.1488 15.0976 8.84362
45.9798 13.8006 7.05262
43.2858 12.8476 9.58062
41.0328 10.4986 7.45662

41.2518 8.90361 3.97562
40.0838 5.82761 2.00462
42.4538 3.46561 0.129624
40.8678 1.39861 -2.67438
42.4888 -1.75639 -4.14538

41.1068 -5.05739 -5.62238
43.9848 -7.60139 -5.56738

44.1158 -9.28539 -2.11438
47.9788 -9.08339 -2.05638
47.7488 -5.22639 -2.29838
45.1458 -5.04139 0.545624
47.3068 -7.47639 2.63162
50.5718 -5.49439 2.07762
48.8948 -2.11539 2.92362
47.3418 -3.54439 6.16262
50.6778 -5.17739 7.19262
52.6198 -1.87439 6.77262
49.9338 0.138613 8.68062
50.1518 -2.45239 11.5456
54.0138 -2.22839 11.4306

53.7258 1.62661 11.6866
51.0578 1.19461 14.4876
48.4798 3.15461 12.3856
44.8758 2.46761 13.4546

42.8728 1.47661 10.3436
39.7878 -0.491387 9.17762
39.7098 -3.20839 6.46162
36.7078 -4.30939 4.31762

36.9738 -7.03139 1.61962
35.1408 -10.1274 0.205624
35.7188 -12.0444 3.51462
34.2848 -9.29539 5.83062
30.7718 -10.3004 7.01962
27.6088 -8.20439 6.36362
27.2358 -7.09639 10.0516

30.9938 -6.45439 10.6386
30.9848 -4.22939 7.47162
28.4238 -1.89739 9.13562
30.2728 -1.95239 12.5196
33.7088 -1.16439 10.9116
31.9678 1.60461 8.88862
30.6338 3.09261 12.1886
34.1108 2.70961 13.8416
35.7588 4.72561 10.9736
32.9108 7.32561 11.0236
32.8368 7.88961 14.8346

36.4698 7.22661 15.9686
39.0538 10.0086 15.2826
41.8568 7.38061 15.7326
41.0458 5.37661 12.5546
43.0148 7.35761 9.93362

42.8728 4.83361 7.02062
40.1128 2.66261 5.54162
41.5748 -0.199387 3.41162
38.7188 -1.10939 1.03862
38.1448 -3.63739 -1.74938

36.8328 -1.74139 -4.85038
34.4038 -4.65139 -5.55938
33.3408 -5.50039 -1.96238
32.8538 -1.90639 -0.595376
31.1318 -0.377387 -3.72838
27.6708 -0.851387 -2.04038
25.6728 0.104613 1.11062
28.4398 1.87061 3.10562
28.8888 5.64261 3.79062
32.3418 7.18561 4.49962
31.5048 10.9206 4.94562
34.2148 11.2526 7.69862
36.9988 11.1876 5.02562
37.8828 13.9926 2.52862

40.3298 11.9156 0.386624
40.0208 8.75161 -1.75538
43.1878 6.98461 -3.04038
42.8108 4.35161 -5.78438

45.9708 2.22861 -5.34038
44.7618 0.208613 -8.37138
42.7508 1.01161 -11.5194
39.5578 -0.953387 -12.3154
38.4718 -1.50739 -15.9824
34.8258 -0.535387 -15.2374

34.2858 3.24161 -14.5894
30.8128 2.69361 -13.0264
32.5138 0.826613 -10.1064
35.1328 3.62261 -9.69138
32.2958 6.25061 -9.53738
30.4158 4.01061 -7.00238
33.5938 4.00361 -4.82238
34.0678 7.85461 -5.05438

30.3698 8.32961 -4.03638
31.0438 6.48261 -0.752376
32.6648 9.76261 0.512624
30.7328 12.2846 -1.63238
27.3488 11.7916 0.191624
24.8088 13.9656 2.07462
26.7328 14.9076 5.27162
30.0408 15.6796 3.44962
31.2698 19.2796 4.16362
34.7918 19.2106 2.55062
35.8948 19.1736 -1.13538

36.5168 15.4926 -1.95838
40.0068 14.6716 -3.29038
40.2688 11.6206 -5.62538
43.8298 10.3686 -6.36638
44.3338 7.68461 -9.07838
47.7538 5.98961 -8.57038
49.2868 4.97361 -11.9734

52.6758 3.47361 -12.9954
54.3768 3.99261 -16.4244
55.4828 0.627613 -17.9484
52.4598 -1.34739 -16.5304
48.7878 -2.34739 -17.1564

47.7758 1.23661 -16.0774
49.0948 2.58061 -19.4614
46.3148 0.572613 -21.2714
43.6158 0.649613 -18.5374
43.5798 4.46361 -18.1174
42.7688 5.30561 -21.8314
40.1838 2.41861 -21.7814
38.4748 3.85561 -18.6374
38.4878 7.36861 -20.2544
36.7948 6.28561 -23.5364
34.1938 4.36061 -21.4214
33.3518 7.49561 -19.3024
32.9918 9.48761 -22.5744
30.5188 6.84261 -23.9394
28.5968 7.10861 -20.6074
28.6118 10.9726 -20.7714
27.3848 11.0566 -24.4414

24.5118 8.73461 -23.3244
23.7118 11.2766 -20.4794
24.7878 8.67561 -17.8354
27.8078 10.5826 -16.3594
28.9828 14.1976 -15.7874
32.4408 12.7586 -15.0524
34.9148 13.8946 -17.6974
38.3548 12.2226 -17.2244
40.2398 14.0286 -20.1134

41.2458 17.1176 -18.0314
43.2938 14.9286 -15.5884
45.6408 13.6116 -18.3674
46.4918 17.0086 -19.9264

47.7568 17.9676 -16.3964
50.2418 14.9946 -15.9734

End chain 1
