-13.201 -6.296 -53.957
-10.703 -3.406 -53.291
-9.54 -3.087 -49.639
-11.02 0.322 -48.639
-8.614 1.85 -46.053
-10.787 3.126 -43.162

-9.634 6.195 -41.181
-10.061 4.9 -37.589
-10.286 6.838 -34.306
-12.195 7.103 -30.979
-14.163 9.439 -28.711
-12.619 10.223 -25.263
-14.157 12.207 -22.344

-11.943 15.248 -21.466
-14.301 16.978 -18.949
-17.827 16.65 -17.399
-19.139 18.761 -20.353

-16.752 17.96 -23.312
-15.482 14.956 -25.281
-12.62 14.751 -27.824
-12.437 12.939 -31.204
-8.982 11.264 -31.393
-8.672 10.357 -35.1

-6.282 10.744 -38.079
-6.98 13.557 -40.6
-9.895 13.022 -43.051

-11.208 15.853 -45.293
-14.92 14.856 -45.011
-14.611 14.37 -41.226
-13.015 17.857 -40.827
-15.875 19.254 -42.999
-18.403 17.482 -40.669
-16.559 18.759 -37.515
-16.844 22.341 -38.957

-20.697 21.797 -39.029
-20.861 21.033 -35.24
-22.116 23.933 -33.104
-20.016 23.255 -29.939
-16.791 22.621 -31.971

-13.393 23.436 -30.391
-10.011 22.816 -32.063
-6.805 22.812 -29.99

-3.883 23.919 -32.209
-1.328 22.314 -29.773
-2.753 18.736 -29.691
-4.334 19.137 -33.217

-7.578 17.622 -31.79
-11.313 18.386 -31.995
-13.683 18.544 -28.991
-17.466 19.001 -28.65
-20.131 19.402 -25.91

-21.257 16.038 -24.476
-24.923 16.743 -25.497
-23.731 16.722 -29.178
-22.178 13.179 -28.839
-25.228 11.354 -30.322
-25.57 14.044 -33.093
-21.852 13.682 -34.021
-21.815 9.829 -34.037
-25.045 9.774 -36.128
-23.507 12.176 -38.75
-20.093 10.348 -38.803

-21.793 6.948 -39.527
-22.962 8.546 -42.834
-19.328 9.196 -43.991
-17.677 6.563 -46.261
-14.251 5.2 -45.121

-14.46 6.789 -41.562
-14.765 4.819 -38.279
-15.142 6.964 -35.114
-15.663 4.659 -32.101

-18.218 6.249 -29.657
-17.862 6.903 -25.912
-18.35 3.469 -24.195
-21.794 2.549 -22.772
-20.235 2.829 -19.255
-19.534 6.58 -19.812
-22.964 7.196 -21.431
-24.623 5.531 -18.378
-22.42 7.523 -15.909

-23.028 10.919 -17.654
-26.668 10.153 -18.714
-27.851 13.482 -17.123

-25.214 15.594 -18.963
-26 13.8 -22.296
-29.631 15.147 -21.909

-29.014 18.802 -20.797
-28.522 21.656 -23.337
-27.494 23.803 -20.296
-24.374 24.206 -18.108
-26.03 23.63 -14.722
-23.195 22.587 -12.38
-23.731 19.355 -10.334

-27.219 19.392 -8.694
-26.798 20.208 -4.988
-26.578 17.032 -2.906
-29.814 16.999 -0.82
-29.276 16.946 2.956
-30.305 13.551 4.343

-32.727 13.25 7.268
-30.389 11.851 9.975
-33.077 12.019 12.787
-33.159 8.159 12.923
-29.32 8.149 13.454
-27.82 8.306 16.969

-27.52 12.074 17.913
-23.991 11.509 19.371
-22.796 10.469 15.867
-24.731 13.185 13.93
-23.402 16.008 16.22
-19.738 14.82 15.861

-19.687 14.822 11.995
-17.445 17.587 10.586

-19.106 19.692 7.763
-17.231 17.783 4.996
-18.064 14.402 6.666
-21.796 15.407 6.677
-21.562 16.318 2.947
-19.943 12.855 2.346
-22.788 11.075 4.244
-25.363 13.084 2.191
-23.555 12.165 -1.104
-23.43 8.459 -0.115
-27.196 8.491 0.728
-28.024 10.343 -2.565

-25.973 7.645 -4.472
-28.214 5.048 -2.67
-25.512 3.7 -0.27

-23.352 2.353 -3.174
-19.956 4.118 -3.237
-16.209 4.012 -2.721
-15.295 6.541 0.021

-11.694 7.195 -1.128

-11.135 10.189 1.225
-7.504 10.605 2.377

-6.71859 9.81046 -1.22169
-5.41388 10.4224 -4.69
-6.41475 7.21135 -6.47955
-6.60925 6.27416 -10.1449

-4.87451 2.89935 -9.93459
-7.15443 1.79534 -7.10157
-10.2464 2.80553 -9.0668
-9.06277 0.865567 -12.1128
-8.44099 -2.24062 -10.0133
-11.9143 -2.02189 -8.48647
-13.5098 -1.70536 -11.9211
-11.6137 -4.74517 -13.1889
-12.7173 -6.80427 -10.1914
-16.3486 -5.82216 -10.7314
-16.168 -6.79802 -14.3999

-16.841 -10.271 -15.9709

-17.325 -12.036 -12.4969
-20.827 -13.186 -13.7079
-18.991 -15.285 -16.4159
-16.567 -17.197 -14.0679
-14.922 -19.742 -13.3079

-11.715 -17.777 -13.9899
-8.492 -19.466 -15.2089
-5.176 -17.657 -14.4809
-2.073 -19.068 -16.2549
1.23 -17.686 -14.8749

5.009 -18.345 -14.4919
5.643 -21.149 -11.9109
7.203 -18.634 -9.38488
4.37 -15.969 -9.27888

1.301 -18.197 -8.47488
1.164 -17.082 -4.80288
1.905 -13.431 -5.84788
-1.306 -13.633 -7.97188
-3.355 -15.226 -5.10288
-2.209 -12.409 -2.74888
-3.05 -9.85302 -5.50888
-6.663 -11.218 -5.71788
-7.023 -11.189 -1.86688
-5.537 -7.62902 -1.75488
-7.764 -6.13402 -4.49988

-11.062 -8.13802 -4.23788
-11.792 -8.37902 -0.421877
-15.329 -9.53802 -1.52988
-13.705 -13.03 -2.07188
-12.971 -15.614 0.639123

-9.573 -17.433 0.379123
-11.579 -20.649 -0.397877
-12.721 -18.996 -3.68688

-9.032 -19.145 -4.90188
-7.446 -22.453 -5.98988
-3.622 -22.37 -6.39688

-2.643 -25.445 -8.44288
0.743005 -26.632 -7.10588
0.858005 -30.166 -8.66488
-0.345995 -32.128 -11.7429
-2.71 -34.149 -9.40788
-4.729 -31.137 -8.16088
-8.293 -30.246 -9.31888
-8.016 -27.302 -11.7769
-11.757 -26.431 -11.2049
-11.86 -26.495 -7.35088
-12.049 -22.661 -6.94188
-14.021 -19.795 -8.48288

-10.529 -18.469 -9.43988
-8.006 -21.162 -10.5129
-4.277 -20.227 -10.6749
-1.95 -22.631 -12.5909
1.53 -22.624 -14.1869

2.401 -23.069 -17.9009
4.302 -26.338 -17.1029
1.226 -27.875 -15.3649
-1.241 -27.098 -18.2559

0.133005 -30.044 -20.3379
-0.227995 -32.402 -17.2949
-3.784 -31.069 -16.6329
-4.955 -31.144 -20.3389
-7.672 -33.744 -19.4339
-9.184 -31.165 -16.9659
-8.896 -28.223 -19.4889
-12.012 -29.762 -21.1999
-14.129 -27.78 -18.6529
-15.035 -24.466 -20.4259
-13.308 -21.564 -18.6359
-15.177 -18.544 -20.1179

-12.645 -16.006 -18.6859
-8.877 -16.627 -19.0489
-5.948 -14.474 -17.8759
-2.458 -15.439 -19.1179

0.397005 -13.566 -17.4189
3.718 -13.194 -19.3269

1.993 -14.681 -22.4469
5.294 -14.536 -24.4459
5.807 -18.071 -22.9339
3.285 -19.195 -25.6539

5.501 -17.765 -28.5319
6.198 -21.238 -30.0889
3.146 -23.312 -31.2139
5.065 -26.677 -31.1159
5.673 -26.445 -27.3169

3.508 -28.598 -24.9859
2.491 -25.451 -22.9649
1.227 -23.738 -26.1709
-0.526995 -26.922 -27.4839
-2.402 -27.234 -24.1259
-3.254 -23.466 -23.8099
-4.406 -22.682 -27.4029
-7.641 -24.852 -27.4809
-8.902 -23.115 -24.2769
-7.945 -19.601 -25.5419
-9.834 -20.155 -28.8639
-13.089 -21.256 -27.0539

-13.013 -18.973 -23.9429
-15.313 -15.871 -24.1819

-12.767 -13.445 -22.5819
-8.96 -13.676 -23.1069
-6.71 -11.252 -21.1879
-3.086 -11.786 -22.3009
-0.367995 -9.85002 -20.3899

3.32 -9.26402 -21.2969
6.061 -6.61702 -20.9049
7.769 -8.02802 -24.0149
5.057 -9.55102 -26.3099
7.796 -10.35 -28.8229
11.215 -11.285 -27.3549
13.238 -11.056 -30.6339
11.099 -11.514 -33.8419

7.573 -10.917 -35.3619
6.914 -14.725 -35.5789
6.657 -14.847 -31.7009
3.44 -12.699 -31.8569
1.431 -15.175 -34.0059
0.155005 -17.355 -31.0919
-0.921995 -14.221 -29.1209
-2.679 -12.735 -32.2359
-4.7 -15.967 -32.8539
-5.486 -16.255 -29.0919
-7.045 -12.712 -29.0739

-8.548 -12.983 -32.6499
-8.933 -16.699 -33.7349
-10.113 -15.58 -37.2579
-6.876 -13.619 -37.9859
-4.278 -15.565 -40.0699
-5.841 -19.114 -39.7069
-2.517 -20.546 -41.0489

0.958005 -19.348 -39.9069
2.34 -19.351 -43.5099
0.193005 -16.296 -44.5079
1.494 -14.36 -41.4369
5.094 -15.528 -42.1459
5.031 -14.491 -45.8619
3.821 -10.963 -44.9079
5.656 -10.149 -41.6199

8.549 -12.68 -41.2419
10.208 -12.197 -44.7199
9.56 -15.906 -45.3359

12.137 -17.553 -47.6669
11.888 -20.901 -49.5089
15.168 -22.744 -48.7519

16.164 -26.226 -50.1799
15.114 -27.793 -46.7929

11.758 -25.9 -46.3859
10.594 -22.417 -45.2919
12.684 -19.992 -43.2099

10.673 -17.521 -41.0159
13.604 -15.905 -39.0569
13.273 -12.578 -40.9499
11.054 -9.49102 -40.6039
8.926 -7.43102 -43.0429
6.171 -4.73602 -43.1209

6.631 -4.01902 -39.3459
4.8 -0.621015 -39.4449
1.7 -2.39702 -40.9019
2.025 -5.11102 -38.1979
2.206 -2.34302 -35.5049
-1.002 -0.705015 -36.8739
-2.835 -4.10002 -36.9829
-1.723 -4.92302 -33.3959
-2.782 -1.52502 -31.9089
-6.184 -1.47502 -33.7219
-7.361 -5.08402 -33.1869

-5.13 -7.08602 -30.7209

-2.997 -5.02802 -28.3369
-3.055 -2.13402 -25.8659

0.548005 -0.892015 -25.3329
1.855 2.10898 -23.3439
5.43 2.94398 -22.3699

6.956 4.42798 -19.1419
7.567 7.63198 -21.1639
3.812 7.88098 -22.0639
2.372 7.51098 -18.5039

5.183 8.00598 -15.8819
7.144 11.241 -16.7129
8.558 11.004 -13.1129
10.563 7.73598 -13.5289

14.362 8.42998 -13.5439
16.115 7.69598 -16.8679

17.771 4.32598 -17.6109
21.387 5.17398 -18.5889
22.924 2.28398 -20.5909
26.603 1.78598 -21.5379
28.965 -0.823015 -22.9399
32.006 -1.51802 -20.6989
34.825 -3.07202 -22.7539

36.605 -5.27302 -20.1629
40.32 -5.45402 -20.9729

41.304 -8.68502 -22.8959
44.919 -8.21402 -21.5679
43.881 -10.406 -18.5459

42.84 -13.195 -21.0309
45.978 -15.376 -20.9649

47.484 -16.649 -24.2629
46.172 -20.267 -23.7219
42.55 -19.069 -23.1709
42.827 -16.739 -26.2319
44.256 -19.584 -28.3839
41.318 -21.801 -27.1989
38.772 -19.066 -28.1969
40.569 -18.668 -31.5869
40.482 -22.494 -32.0179
36.709 -22.803 -31.2699
36.021 -19.751 -33.5379
37.976 -21.427 -36.4249
36.202 -24.74 -35.6339
32.705 -23.188 -36.2179
33.796 -21.857 -39.6889

35.276 -25.187 -40.9409
33.446 -26.285 -44.1459
33.587 -30.065 -43.6109
31.716 -30.226 -40.2259
28.143 -31.454 -39.7189

25.347 -29.067 -38.5649
25.666 -30.729 -35.1019
29.488 -30.27 -34.8129
28.937 -26.568 -35.7839
26.348 -26.215 -32.9089
28.716 -28.035 -30.4719
31.665 -25.743 -31.4289
29.314 -22.705 -30.9729
28.299 -23.907 -27.4489
32.014 -24.488 -26.6419
32.984 -20.967 -27.9139
30.157 -19.428 -25.7989
31.112 -21.377 -22.6009
34.845 -20.46 -23.1679
33.795 -16.77 -23.5279
32.144 -16.959 -20.0679
35.304 -18.54 -18.4989
37.604 -15.979 -20.2269
35.605 -13.005 -18.7809
35.552 -14.201 -15.0829
38.839 -12.448 -13.9459
37.902 -9.01502 -15.4179
34.217 -9.37002 -14.3779
35.558 -9.91802 -10.8069
38.03 -6.97502 -11.1939
35.103 -4.72402 -12.2769
32.791 -5.87602 -9.38688
35.596 -5.10802 -6.87588
36.25 -1.65802 -8.50088
32.501 -0.861015 -8.02488
32.628 -1.87202 -4.29988
35.953 -0.00701542 -3.70988

34.295 3.07198 -5.39288
31.815 3.05698 -2.41888
28.646 1.75998 -4.20988
25.952 0.806985 -1.68188
23.699 -1.54202 -3.80588

23.918 -3.13702 -7.28688
22.75 -6.21302 -9.25788
25.12 -8.57502 -11.1329
23.534 -10.642 -13.9369
25.155 -13.797 -15.4079

23.773 -17.098 -16.8849
26.651 -19.642 -16.8299

26.782 -21.326 -13.3769
30.645 -21.124 -13.3189
30.415 -17.267 -13.5609
27.812 -17.082 -10.7169
29.973 -19.517 -8.63088
33.238 -17.535 -9.18488
31.561 -14.156 -8.33888
30.008 -15.585 -5.09988
33.344 -17.218 -4.06988
35.286 -13.915 -4.48988
32.6 -11.902 -2.58188
32.818 -14.493 0.283123
36.68 -14.269 0.168123

36.392 -10.414 0.424123
33.724 -10.846 3.22512
31.146 -8.88602 1.12312
27.542 -9.57302 2.19212

25.539 -10.564 -0.918877
22.454 -12.532 -2.08488
22.376 -15.249 -4.80088
19.374 -16.35 -6.94488

19.64 -19.072 -9.64288
17.807 -22.168 -11.0569
18.385 -24.085 -7.74788
16.951 -21.336 -5.43188
13.438 -22.341 -4.24288
10.275 -20.245 -4.89888
9.902 -19.137 -1.21088

13.66 -18.495 -0.623877
13.651 -16.27 -3.79088
11.09 -13.938 -2.12688
12.939 -13.993 1.25712
16.375 -13.205 -0.350877
14.634 -10.436 -2.37388
13.3 -8.94802 0.926123
16.777 -9.33102 2.57912
18.425 -7.31502 -0.288877
15.577 -4.71502 -0.238877
15.503 -4.15102 3.57212

19.136 -4.81402 4.70612
21.72 -2.03202 4.02012
24.523 -4.66002 4.47012
23.712 -6.66402 1.29212
25.681 -4.68302 -1.32888

25.539 -7.20702 -4.24188
22.779 -9.37802 -5.72088
24.241 -12.24 -7.85088
21.385 -13.15 -10.2239
20.811 -15.678 -13.0119

19.499 -13.782 -16.1129
17.07 -16.692 -16.8219
16.007 -17.541 -13.2249
15.52 -13.947 -11.8579
13.798 -12.418 -14.9909
10.337 -12.892 -13.3029
8.339 -11.936 -10.1519
11.106 -10.17 -8.15688
11.555 -6.39802 -7.47188
15.008 -4.85502 -6.76288
14.171 -1.12002 -6.31688
16.881 -0.788015 -3.56388
19.665 -0.853015 -6.23688
20.549 1.95198 -8.73388

22.996 -0.125015 -10.8759
22.687 -3.28902 -13.0179
25.854 -5.05602 -14.3029
25.477 -7.68902 -17.0469

28.637 -9.81202 -16.6029
27.428 -11.832 -19.6339
25.417 -11.029 -22.7819
22.224 -12.994 -23.5779
21.138 -13.548 -27.2449
17.492 -12.576 -26.4999

16.952 -8.79902 -25.8519
13.479 -9.34702 -24.2889
15.18 -11.214 -21.3689
17.799 -8.41802 -20.9539
14.962 -5.79002 -20.7999
13.082 -8.03002 -18.2649
16.26 -8.03702 -16.0849
16.734 -4.18602 -16.3169

13.036 -3.71102 -15.2989
13.71 -5.55802 -12.0149
15.331 -2.27802 -10.7499
13.399 0.243985 -12.8949
10.015 -0.249015 -11.0709
7.475 1.92498 -9.18788
9.399 2.86698 -5.99088
12.707 3.63898 -7.81288
13.936 7.23898 -7.09888
17.458 7.16998 -8.71188
18.561 7.13298 -12.3979

19.183 3.45198 -13.2209
22.673 2.63098 -14.5529
22.935 -0.420015 -16.8879
26.496 -1.67202 -17.6289
27 -4.35602 -20.3409
30.42 -6.05102 -19.8329
31.953 -7.06702 -23.2359

35.342 -8.56702 -24.2579
37.043 -8.04802 -27.6869
38.149 -11.413 -29.2109
35.126 -13.388 -27.7929
31.454 -14.388 -28.4189

30.442 -10.804 -27.3399
31.761 -9.46002 -30.7239
28.981 -11.468 -32.5339
26.282 -11.391 -29.7999
26.246 -7.57702 -29.3799
25.435 -6.73502 -33.0939
22.85 -9.62202 -33.0439
21.141 -8.18502 -29.8999
21.154 -4.67202 -31.5169
19.461 -5.75502 -34.7989
16.86 -7.68002 -32.6839
16.018 -4.54502 -30.5649
15.658 -2.55302 -33.8369
13.185 -5.19802 -35.2019
11.263 -4.93202 -31.8699
11.278 -1.06802 -32.0339
10.051 -0.984015 -35.7039

7.178 -3.30602 -34.5869
6.378 -0.764015 -31.7419
7.454 -3.36502 -29.0979
10.474 -1.45802 -27.6219
11.649 2.15698 -27.0499
15.107 0.717985 -26.3149
17.581 1.85398 -28.9599
21.021 0.181985 -28.4869
22.906 1.98798 -31.3759

23.912 5.07698 -29.2939
25.96 2.88798 -26.8509
28.307 1.57098 -29.6299
29.158 4.96798 -31.1889

30.423 5.92698 -27.6589
32.908 2.95398 -27.2359

End chain 1
