-13.201 -6.296 -53.957
-10.703 -3.406 -53.291
-9.54 -3.087 -49.639
-11.02 0.322 -48.639
-8.614 1.85 -46.053
-10.787 3.126 -43.162

-9.634 6.195 -41.181
-10.061 4.9 -37.589
-10.286 6.838 -34.306
-12.195 7.103 -30.979
-14.163 9.439 -28.711
-12.619 10.223 -25.263
-14.157 12.207 -22.344

-11.943 15.248 -21.466
-14.301 16.978 -18.949
-17.827 16.65 -17.399
-19.139 18.761 -20.353

-16.752 17.96 -23.312
-15.482 14.956 -25.281
-12.62 14.751 -27.824
-12.437 12.939 -31.204
-8.982 11.264 -31.393
-8.672 10.357 -35.1

-6.282 10.744 -38.079
-6.98 13.557 -40.6
-9.895 13.022 -43.051

-11.208 15.853 -45.293
-14.92 14.856 -45.011
-14.611 14.37 -41.226
-13.015 17.857 -40.827
-15.875 19.254 -42.999
-18.403 17.482 -40.669
-16.559 18.759 -37.515
-16.844 22.341 -38.957

-20.697 21.797 -39.029
-20.861 21.033 -35.24
-22.116 23.933 -33.104
-20.016 23.255 -29.939
-16.791 22.621 -31.971

-13.393 23.436 -30.391
-10.011 22.816 -32.063
-6.805 22.812 -29.99

-3.883 23.919 -32.209
-1.328 22.314 -29.773
-2.753 18.736 -29.691
-4.334 19.137 -33.217

-7.578 17.622 -31.79
-11.313 18.386 -31.995
-13.683 18.544 -28.991
-17.466 19.001 -28.65
-20.131 19.402 -25.91

-21.257 16.038 -24.476
-24.923 16.743 -25.497
-23.731 16.722 -29.178
-22.178 13.179 -28.839
-25.228 11.354 -30.322
-25.57 14.044 -33.093
-21.852 13.682 -34.021
-21.815 9.829 -34.037
-25.045 9.774 -36.128
-23.507 12.176 -38.75
-20.093 10.348 -38.803

-21.793 6.948 -39.527
-22.962 8.546 -42.834
-19.328 9.196 -43.991
-17.677 6.563 -46.261
-14.251 5.2 -45.121

-14.46 6.789 -41.562
-14.765 4.819 -38.279
-15.142 6.964 -35.114
-15.663 4.659 -32.101

-18.218 6.249 -29.657
-17.862 6.903 -25.912
-18.35 3.469 -24.195
-21.794 2.549 -22.772
-20.235 2.829 -19.255
-19.534 6.58 -19.812
-22.964 7.196 -21.431
-24.623 5.531 -18.378
-22.42 7.523 -15.909

-23.028 10.919 -17.654
-26.668 10.153 -18.714
-27.851 13.482 -17.123

-25.214 15.594 -18.963
-26 13.8 -22.296
-29.631 15.147 -21.909

-29.014 18.802 -20.797
-28.522 21.656 -23.337
-27.494 23.803 -20.296
-24.374 24.206 -18.108
-26.03 23.63 -14.722
-23.195 22.587 -12.38
-23.731 19.355 -10.334

-27.219 19.392 -8.694
-26.798 20.208 -4.988
-26.578 17.032 -2.906
-29.814 16.999 -0.82
-29.276 16.946 2.956
-30.305 13.551 4.343

-32.727 13.25 7.268
-30.389 11.851 9.975
-33.077 12.019 12.787
-33.159 8.159 12.923
-29.32 8.149 13.454
-27.82 8.306 16.969

-27.52 12.074 17.913
-23.991 11.509 19.371
-22.796 10.469 15.867
-24.731 13.185 13.93
-23.402 16.008 16.22
-19.738 14.82 15.861

-19.687 14.822 11.995
-17.445 17.587 10.586

-19.106 19.692 7.763
-17.231 17.783 4.996
-18.064 14.402 6.666
-21.796 15.407 6.677
-21.562 16.318 2.947
-19.943 12.855 2.346
-22.788 11.075 4.244
-25.363 13.084 2.191
-23.555 12.165 -1.104
-23.43 8.459 -0.115
-27.196 8.491 0.728
-28.024 10.343 -2.565

-25.973 7.645 -4.472
-28.214 5.048 -2.67
-25.512 3.7 -0.27

-23.352 2.353 -3.174
-19.956 4.118 -3.237
-16.209 4.012 -2.721
-15.295 6.541 0.021

-11.694 7.195 -1.128

-11.135 10.189 1.225
-7.504 10.605 2.377

-6.048 8.715 5.398
-7.361 9.956 8.784
-10.233 12.169 7.374
-12.706 9.981 9.408

-13.844 7.354 6.831
-15.012 5.081 9.734
-17.363 7.714 11.316
-18.876 8.506 7.854
-19.282 4.738 7.09
-21.02 4.042 10.461
-23.415 6.996 9.798
-24.247 5.855 6.195
-24.846 2.277 7.463
-26.955 3.52 10.461
-29.227 5.531 8.078

-29.9 2.058 6.507

-30.384 0.293 9.981
-33.886 -0.857 8.77
-32.05 -2.956 6.062
-29.626 -4.868 8.41
-27.981 -7.413 9.17

-24.774 -5.448 8.488
-21.551 -7.137 7.269
-18.235 -5.328 7.997
-15.132 -6.739 6.223
-11.829 -5.357 7.603

-8.05 -6.016 7.986
-7.416 -8.82 10.567
-5.856 -6.305 13.093
-8.689 -3.64 13.199

-11.758 -5.868 14.003
-11.895 -4.753 17.675
-11.154 -1.102 16.63
-14.365 -1.304 14.506
-16.414 -2.897 17.375
-15.268 -0.08 19.729
-16.109 2.476 16.969
-19.722 1.111 16.76
-20.082 1.14 20.611
-18.596 4.7 20.723
-20.823 6.195 17.978

-23.7981 4.54478 19.6343
-26.4054 2.00703 20.5829
-29.0385 -0.799845 20.0444
-26.0895 -2.48498 18.4038
-22.6492 -2.52583 16.572

-22.3389 -5.40242 14.1079
-24.1847 -7.74593 16.4625
-27.004 -5.23639 16.9059

-23.315 -5.38539 15.6909
-21.729 -8.69339 14.6029
-17.905 -8.61039 14.1959

-16.926 -11.6854 12.1499
-13.54 -12.8724 13.4869
-13.425 -16.4064 11.9279
-14.629 -18.3684 8.84987
-16.993 -20.3894 11.1849
-19.012 -17.3774 12.4319
-22.576 -16.4864 11.2739
-22.299 -13.5424 8.81587
-26.04 -12.6714 9.38787
-26.143 -12.7354 13.2419
-26.332 -8.90139 13.6509
-28.304 -6.03539 12.1099

-24.812 -4.70939 11.1529
-22.289 -7.40239 10.0799
-18.56 -6.46739 9.91787
-16.233 -8.87139 8.00187
-12.753 -8.86439 6.40587

-11.882 -9.30939 2.69187
-9.98096 -12.5784 3.48987
-13.057 -14.1154 5.22787
-15.524 -13.3384 2.33687

-14.15 -16.2844 0.254874
-14.511 -18.6424 3.29787
-18.067 -17.3094 3.95987
-19.238 -17.3844 0.253874
-21.955 -19.9844 1.15887
-23.467 -17.4054 3.62687
-23.179 -14.4634 1.10387
-26.295 -16.0024 -0.607126
-28.412 -14.0204 1.93987
-29.318 -10.7064 0.166874
-27.591 -7.80439 1.95687
-29.46 -4.78439 0.474874

-26.928 -2.24639 1.90687
-23.16 -2.86739 1.54387
-20.231 -0.714387 2.71687
-16.741 -1.67939 1.47487

-13.886 0.193613 3.17387
-10.565 0.565613 1.26587

-12.29 -0.921387 -1.85413
-8.98896 -0.776387 -3.85313
-8.47596 -4.31139 -2.34113
-10.998 -5.43539 -5.06113

-8.78196 -4.00539 -7.93913
-8.08496 -7.47839 -9.49613
-11.137 -9.55239 -10.6211
-9.21796 -12.9174 -10.5231
-8.60996 -12.6854 -6.72413

-10.775 -14.8384 -4.39313
-11.792 -11.6914 -2.37213
-13.056 -9.97839 -5.57813
-14.81 -13.1624 -6.89113
-16.685 -13.4744 -3.53313
-17.537 -9.70639 -3.21713
-18.689 -8.92239 -6.81013
-21.924 -11.0924 -6.88813
-23.185 -9.35539 -3.68413
-22.228 -5.84139 -4.94913
-24.117 -6.39539 -8.27113
-27.372 -7.49639 -6.46113

-27.296 -5.21339 -3.35013
-29.596 -2.11139 -3.58913

-27.05 0.314613 -1.98913
-23.243 0.0836127 -2.51413
-20.993 2.50761 -0.595126
-17.369 1.97361 -1.70813
-14.651 3.90961 0.202874

-10.963 4.49561 -0.704126
-8.22196 7.14261 -0.312126
-6.51396 5.73161 -3.42213
-9.22596 4.20861 -5.71713
-6.48696 3.40961 -8.23013
-3.06796 2.47461 -6.76213
-1.04496 2.70361 -10.0411
-3.18396 2.24561 -13.2491

-6.70996 2.84261 -14.7691
-7.36896 -0.965387 -14.9861
-7.62596 -1.08739 -11.1081
-10.843 1.06061 -11.2641
-12.852 -1.41539 -13.4131
-14.128 -3.59539 -10.4991
-15.205 -0.461387 -8.52813
-16.962 1.02461 -11.6431
-18.983 -2.20739 -12.2611
-19.769 -2.49539 -8.49913
-21.328 1.04761 -8.48113

-22.831 0.776613 -12.0571
-23.216 -2.93939 -13.1421
-24.396 -1.82039 -16.6651
-21.159 0.140613 -17.3931
-18.561 -1.80539 -19.4771
-20.124 -5.35439 -19.1141
-16.8 -6.78639 -20.4561

-13.325 -5.58839 -19.3141
-11.943 -5.59139 -22.9171
-14.09 -2.53639 -23.9151
-12.789 -0.600387 -20.8441
-9.18896 -1.76839 -21.5531
-9.25196 -0.731387 -25.2691
-10.462 2.79661 -24.3151
-8.62696 3.61061 -21.0271

-5.73396 1.07961 -20.6491
-4.07496 1.56261 -24.1271
-4.72296 -2.14639 -24.7431

-2.14596 -3.79339 -27.0741
-2.39496 -7.14139 -28.9161
0.885044 -8.98439 -28.1591

1.88104 -12.4664 -29.5871
0.831044 -14.0334 -26.2001

-2.52496 -12.1404 -25.7931
-3.68896 -8.65739 -24.6991
-1.59896 -6.23239 -22.6171

-3.60996 -3.76139 -20.4231
-0.678956 -2.14539 -18.4641
-1.00996 1.18161 -20.3571
-3.22896 4.26861 -20.0111
-5.35696 6.32861 -22.4501
-8.11196 9.02361 -22.5281

-7.65196 9.74061 -18.7531
-9.48296 13.1386 -18.8521
-12.583 11.3626 -20.3091
-12.258 8.64861 -17.6051
-12.077 11.4166 -14.9121
-15.285 13.0546 -16.2811
-17.118 9.65961 -16.3901
-16.006 8.83661 -12.8031
-17.065 12.2346 -11.3161
-20.467 12.2846 -13.1291
-21.644 8.67561 -12.5941

-19.413 6.67361 -10.1281

-17.28 8.73161 -7.74413
-17.338 11.6256 -5.27313

-13.735 12.8676 -4.74013
-12.428 15.8686 -2.75113
-8.85296 16.7036 -1.77713

-7.32696 18.1876 1.45087
-6.71596 21.3916 -0.571126
-10.471 21.6406 -1.47113
-11.911 21.2706 2.08887

-9.09996 21.7656 4.71087
-7.13896 25.0006 3.87987
-5.72496 24.7636 7.47987
-3.71996 21.4956 7.06387

0.0790437 22.1896 7.04887
1.83204 21.4556 3.72487

3.48804 18.0856 2.98187
7.10404 18.9336 2.00387
8.64104 16.0436 0.0018739
12.32 15.5456 -0.945126
14.682 12.9366 -2.34713
17.723 12.2416 -0.106126
20.542 10.6876 -2.16113

22.322 8.48661 0.429874
26.037 8.30561 -0.380126

27.021 5.07461 -2.30313
30.636 5.54561 -0.975126
29.598 3.35361 2.04687

28.557 0.564613 -0.438126
31.695 -1.61639 -0.372126

33.201 -2.88939 -3.67013
31.889 -6.50739 -3.12913
28.267 -5.30939 -2.57813
28.544 -2.97939 -5.63913
29.973 -5.82439 -7.79113
27.035 -8.04139 -6.60613
24.489 -5.30639 -7.60413
26.286 -4.90839 -10.9941
26.199 -8.73439 -11.4251
22.426 -9.04339 -10.6771
21.738 -5.99139 -12.9451
23.693 -7.66739 -15.8321
21.919 -10.9804 -15.0411
18.422 -9.42839 -15.6251
19.513 -8.09739 -19.0961

20.993 -11.4274 -20.3481
19.163 -12.5254 -23.5531
19.304 -16.3054 -23.0181
17.433 -16.4664 -19.6331
13.86 -17.6944 -19.1261

11.064 -15.3074 -17.9721
11.383 -16.9694 -14.5091
15.205 -16.5104 -14.2201
14.654 -12.8084 -15.1911
12.065 -12.4554 -12.3161
14.433 -14.2754 -9.87913
17.382 -11.9834 -10.8361
15.031 -8.94539 -10.3801
14.016 -10.1474 -6.85613
17.731 -10.7284 -6.04913
18.701 -7.20739 -7.32113
15.874 -5.66839 -5.20613
16.829 -7.61739 -2.00813
20.562 -6.70039 -2.57513
19.512 -3.01039 -2.93513
17.861 -3.19939 0.524874
21.021 -4.78039 2.09387
23.321 -2.21939 0.365874
21.322 0.754613 1.81187
21.269 -0.441387 5.50987
24.556 1.31161 6.64687
23.619 4.74461 5.17487
19.934 4.38961 6.21487
21.275 3.84161 9.78587
23.747 6.78461 9.39887
20.82 9.03561 8.31587
18.508 7.88361 11.2059
21.313 8.65161 13.7169
21.967 12.1016 12.0919
18.218 12.8986 12.5679
18.345 11.8876 16.2929
21.67 13.7526 16.8829

20.012 16.8316 15.1999
17.532 16.8166 18.1739
14.363 15.5196 16.3829
11.669 14.5666 18.9109
9.41604 12.2176 16.7869

9.63504 10.6226 13.3059
8.46704 7.54661 11.3349
10.837 5.18461 9.45987
9.25104 3.11761 6.65587
10.872 -0.0373873 5.18487

9.49004 -3.33839 3.70787
12.368 -5.88239 3.76287

12.499 -7.56639 7.21587
16.362 -7.36439 7.27387
16.132 -3.50739 7.03187
13.529 -3.32239 9.87587
15.69 -5.75739 11.9619
18.955 -3.77539 11.4079
17.278 -0.396387 12.2539
15.725 -1.82539 15.4929
19.061 -3.45839 16.5229
21.003 -0.155387 16.1029
18.317 1.85761 18.0109
18.535 -0.733387 20.8759
22.397 -0.509387 20.7609

22.109 3.34561 21.0169
19.441 2.91361 23.8179
16.863 4.87361 21.7159
13.259 4.18661 22.7849

11.256 3.19561 19.6739
8.17104 1.22761 18.5079
8.09304 -1.48939 15.7919
5.09104 -2.59039 13.6479

5.35704 -5.31239 10.9499
3.52404 -8.40839 9.53587
4.10204 -10.3254 12.8449
2.66804 -7.57639 15.1609
-0.844956 -8.58139 16.3499
-4.00796 -6.48539 15.6939
-4.38096 -5.37739 19.3819

-0.622956 -4.73539 19.9689
-0.631956 -2.51039 16.8019
-3.19296 -0.178387 18.4659
-1.34396 -0.233387 21.8499
2.09204 0.554613 20.2419
0.351044 3.32361 18.2189
-0.982956 4.81161 21.5189
2.49404 4.42861 23.1719
4.14204 6.44461 20.3039
1.29404 9.04461 20.3539
1.22004 9.60861 24.1649

4.85304 8.94561 25.2989
7.43704 11.7276 24.6129
10.24 9.09961 25.0629
9.42904 7.09561 21.8849
11.398 9.07661 19.2639

11.256 6.55261 16.3509
8.49604 4.38161 14.8719
9.95804 1.51961 12.7419
7.10204 0.609613 10.3689
6.52804 -1.91839 7.58087

5.21604 -0.0223873 4.47987
2.78704 -2.93239 3.77087
1.72404 -3.78139 7.36787
1.23704 -0.187387 8.73487
-0.484956 1.34161 5.60187
-3.94596 0.867613 7.28987
-5.94396 1.82361 10.4409
-3.17696 3.58961 12.4359
-2.72796 7.36161 13.1209
0.725044 8.90461 13.8299
-0.111956 12.6396 14.2759
2.59804 12.9716 17.0289
5.38204 12.9066 14.3559
6.26604 15.7116 11.8589

8.71304 13.6346 9.71687
8.40404 10.4706 7.57487
11.571 8.70361 6.28987
11.194 6.07061 3.54587

14.354 3.94761 3.98987
13.145 1.92761 0.958874
11.134 2.73061 -2.18913
7.94104 0.765613 -2.98513
6.85504 0.211613 -6.65213
3.20904 1.18361 -5.90713

2.66904 4.96061 -5.25913
-0.803956 4.41261 -3.69613
0.897044 2.54561 -0.776126
3.51604 5.34161 -0.361126
0.679044 7.96961 -0.207126
-1.20096 5.72961 2.32787
1.97704 5.72261 4.50787
2.45104 9.57361 4.27587

-1.24696 10.0486 5.29387
-0.572956 8.20161 8.57787
1.04804 11.4816 9.84287
-0.883956 14.0036 7.69787
-4.26796 13.5106 9.52187
-6.80796 15.6846 11.4049
-4.88396 16.6266 14.6019
-1.57596 17.3986 12.7799
-0.346956 20.9986 13.4939
3.17504 20.9296 11.8809
4.27804 20.8926 8.19487

4.90004 17.2116 7.37187
8.39004 16.3906 6.03987
8.65204 13.3396 3.70487
12.213 12.0876 2.96387
12.717 9.40361 0.251874
16.137 7.70861 0.759874
17.67 6.69261 -2.64313

21.059 5.19261 -3.66513
22.76 5.71161 -7.09413
23.866 2.34661 -8.61813
20.843 0.371613 -7.20013
17.171 -0.628387 -7.82613

16.159 2.95561 -6.74713
17.478 4.29961 -10.1311
14.698 2.29161 -11.9411
11.999 2.36861 -9.20713
11.963 6.18261 -8.78713
11.152 7.02461 -12.5011
8.56704 4.13761 -12.4511
6.85804 5.57461 -9.30713
6.87104 9.08761 -10.9241
5.17804 8.00461 -14.2061
2.57704 6.07961 -12.0911
1.73504 9.21461 -9.97213
1.37504 11.2066 -13.2441
-1.09796 8.56161 -14.6091
-3.01996 8.82761 -11.2771
-3.00496 12.6916 -11.4411
-4.23196 12.7756 -15.1111

-7.10496 10.4536 -13.9941
-7.90496 12.9956 -11.1491
-6.82896 10.3946 -8.50513
-3.80896 12.3016 -7.02913
-2.63396 15.9166 -6.45713
0.824044 14.4776 -5.72213
3.29804 15.6136 -8.36713
6.73804 13.9416 -7.89413
8.62304 15.7476 -10.7831

9.62904 18.8366 -8.70113
11.677 16.6476 -6.25813
14.024 15.3306 -9.03713
14.875 18.7276 -10.5961

16.14 19.6866 -7.06613
18.625 16.7136 -6.64313

End chain 1
