-13.201 -6.296 -53.957
-10.703 -3.406 -53.291
-9.54 -3.087 -49.639
-11.02 0.322 -48.639
-8.614 1.85 -46.053
-10.787 3.126 -43.162

-9.634 6.195 -41.181
-10.061 4.9 -37.589
-10.286 6.838 -34.306
-12.195 7.103 -30.979
-14.163 9.439 -28.711
-12.619 10.223 -25.263
-14.157 12.207 -22.344

-11.943 15.248 -21.466
-14.301 16.978 -18.949
-17.827 16.65 -17.399
-19.139 18.761 -20.353

-16.752 17.96 -23.312
-15.482 14.956 -25.281
-12.62 14.751 -27.824
-12.437 12.939 -31.204
-8.982 11.264 -31.393
-8.672 10.357 -35.1

-6.282 10.744 -38.079
-6.98 13.557 -40.6
-9.895 13.022 -43.051

-11.208 15.853 -45.293
-14.92 14.856 -45.011
-14.611 14.37 -41.226
-13.015 17.857 -40.827
-15.875 19.254 -42.999
-18.403 17.482 -40.669
-16.559 18.759 -37.515
-16.844 22.341 -38.957

-20.697 21.797 -39.029
-20.861 21.033 -35.24
-22.116 23.933 -33.104
-20.016 23.255 -29.939
-16.791 22.621 -31.971

-13.393 23.436 -30.391
-10.011 22.816 -32.063
-6.805 22.812 -29.99

-3.06732 21.8791 -29.8099
0.613537 21.9482 -28.6035
1.19043 25.733 -28.771
2.18209 27.9617 -31.666

-1.46102 28.5011 -32.7222
-3.43175 25.3076 -32.684
-5.55042 22.1361 -32.6143
-8.52327 24.4936 -32.682
-9.75824 23.82 -36.1315

-10.8842 20.456 -34.6975
-14.5502 21.161 -35.7185
-13.3582 21.14 -39.3995
-11.8052 17.597 -39.0605
-14.8552 15.772 -40.5435
-15.1972 18.462 -43.3145
-11.4792 18.1 -44.2425
-11.4422 14.247 -44.2585
-14.6722 14.192 -46.3495
-13.1342 16.594 -48.9715
-9.72024 14.766 -49.0245

-11.4202 11.366 -49.7485
-12.5892 12.964 -53.0555
-8.95524 13.614 -54.2125
-7.30424 10.981 -56.4825
-3.87824 9.61803 -55.3425

-4.08724 11.207 -51.7835
-4.39224 9.23703 -48.5005
-4.76924 11.382 -45.3355
-5.29024 9.07703 -42.3225

-7.84524 10.667 -39.8785
-7.48924 11.321 -36.1335
-7.97724 7.88703 -34.4165
-11.4212 6.96703 -32.9935
-9.86224 7.24703 -29.4765
-9.16124 10.998 -30.0335
-12.5912 11.614 -31.6525
-14.2502 9.94903 -28.5995
-12.0472 11.941 -26.1305

-12.6552 15.337 -27.8755
-16.2952 14.571 -28.9355
-17.4782 17.9 -27.3445

-14.8412 20.012 -29.1845
-15.6272 18.218 -32.5175
-19.2582 19.565 -32.1305

-18.6412 23.22 -31.0185
-18.1492 26.074 -33.5585
-17.1212 28.221 -30.5175
-14.0012 28.624 -28.3295
-15.6572 28.048 -24.9435
-12.8222 27.005 -22.6015
-13.3582 23.773 -20.5555

-16.8462 23.81 -18.9155
-16.4252 24.626 -15.2095
-16.2052 21.45 -13.1275
-19.4412 21.417 -11.0415
-18.9032 21.364 -7.26551
-19.9322 17.969 -5.87851

-22.3542 17.668 -2.95351
-20.0162 16.269 -0.246514
-22.7042 16.437 2.56549
-22.7862 12.577 2.70149
-18.9472 12.567 3.23249
-17.4472 12.724 6.74749

-17.1472 16.492 7.69149
-13.6182 15.927 9.14949
-12.4232 14.887 5.64549
-14.3582 17.603 3.70849
-13.0292 20.426 5.99849
-9.36524 19.238 5.63949

-9.31424 19.24 1.77349
-7.07224 22.005 0.364486

-8.73324 24.11 -2.45851
-6.85824 22.201 -5.22551
-7.69124 18.82 -3.55551
-11.4232 19.825 -3.54451
-11.1892 20.736 -7.27451
-9.57024 17.273 -7.87551
-12.4152 15.493 -5.97751
-14.9902 17.502 -8.03051
-13.1822 16.583 -11.3255
-13.0572 12.877 -10.3365
-16.8232 12.909 -9.49351
-17.6512 14.761 -12.7865

-15.6002 12.063 -14.6935
-17.8412 9.46603 -12.8915
-15.1392 8.11803 -10.4915

-12.9792 6.77103 -13.3955
-9.58324 8.53603 -13.4585
-5.83624 8.43003 -12.9425
-4.92224 10.959 -10.2005

-1.32124 11.613 -11.3495

-0.762238 14.607 -8.99651
2.86876 15.023 -7.84451

4.32476 13.133 -4.82351
3.01176 14.374 -1.43751
0.139762 16.587 -2.84751
-2.33324 14.399 -0.813514

-3.47124 11.772 -3.39051
-4.63924 9.49903 -0.487514
-6.99024 12.132 1.09449
-8.50324 12.924 -2.36751
-8.90924 9.15603 -3.13151
-10.6472 8.46003 0.239486
-13.0422 11.414 -0.423514
-13.8742 10.273 -4.02651
-14.4732 6.69503 -2.75851
-16.5822 7.93803 0.239486
-18.8542 9.94903 -2.14351

-19.5272 6.47603 -3.71451

-20.0112 4.71103 -0.240514
-23.5132 3.56103 -1.45151
-21.6772 1.46203 -4.15951
-19.2532 -0.44997 -1.81151
-17.6082 -2.99497 -1.05151

-14.4012 -1.02997 -1.73351
-11.1782 -2.71897 -2.95251
-7.86224 -0.90997 -2.22451
-4.75924 -2.32097 -3.99851
-1.45624 -0.93897 -2.61851

2.32276 -1.59797 -2.23551
2.95676 -4.40197 0.345486
4.51676 -1.88697 2.87149
1.68376 0.77803 2.97749

-1.38524 -1.44997 3.78149
-1.52224 -0.33497 7.45349
-0.781238 3.31603 6.40849
-3.99224 3.11403 4.28449
-6.04124 1.52103 7.15349
-4.89524 4.33803 9.50749
-5.73624 6.89403 6.74749
-9.34924 5.52903 6.53849
-9.70924 5.55803 10.3895
-8.22324 9.11803 10.5015
-10.4502 10.613 7.75649

-13.7482 8.60903 8.01849
-14.4782 8.36803 11.8345
-18.0152 7.20903 10.7265
-16.3912 3.71703 10.1845
-15.6572 1.13303 12.8955

-12.2592 -0.68597 12.6355
-14.2652 -3.90197 11.8585
-15.4072 -2.24897 8.56949

-11.7182 -2.39797 7.35449
-10.1322 -5.70597 6.26649
-6.30824 -5.62297 5.85949

-5.32924 -8.69797 3.81349
-1.94324 -9.88497 5.15049
-1.82824 -13.419 3.59149
-3.03224 -15.381 0.513486
-5.39624 -17.402 2.84849
-7.41524 -14.39 4.09549
-10.9792 -13.499 2.93749
-10.7022 -10.555 0.479486
-14.4432 -9.68397 1.05149
-14.5462 -9.74797 4.90549
-14.7352 -5.91397 5.31449
-16.7072 -3.04797 3.77349

-13.2152 -1.72197 2.81649
-10.6922 -4.41497 1.74349
-6.96324 -3.47997 1.58149
-4.63624 -5.88397 -0.334514
-1.15624 -5.87697 -1.93051

-0.285238 -6.32197 -5.64451
1.61576 -9.59097 -4.84651
-1.46024 -11.128 -3.10851
-3.92724 -10.351 -5.99951

-2.55324 -13.297 -8.08151
-2.91424 -15.655 -5.03851
-6.47024 -14.322 -4.37651
-7.64124 -14.397 -8.08251
-10.3582 -16.997 -7.17751
-11.8702 -14.418 -4.70951
-11.5822 -11.476 -7.23251
-14.6982 -13.015 -8.94351
-16.8152 -11.033 -6.39651
-17.7212 -7.71897 -8.16951
-15.9942 -4.81697 -6.37951
-17.8632 -1.79697 -7.86151

-15.3312 0.74103 -6.42951
-11.5632 0.12003 -6.79251
-8.63424 2.27303 -5.61951
-5.14424 1.30803 -6.86151

-2.28924 3.18103 -5.16251
1.03176 3.55303 -7.07051

-0.693238 2.06603 -10.1905
2.60776 2.21103 -12.1895
3.12076 -1.32397 -10.6775
0.598762 -2.44797 -13.3975

2.81476 -1.01797 -16.2755
3.51176 -4.49097 -17.8325
0.459762 -6.56497 -18.9575
2.37876 -9.92997 -18.8595
2.98676 -9.69797 -15.0605

0.821762 -11.851 -12.7295
-0.195238 -8.70397 -10.7085
-1.45924 -6.99097 -13.9145
-3.21324 -10.175 -15.2275
-5.08824 -10.487 -11.8695
-5.94024 -6.71897 -11.5535
-7.09224 -5.93497 -15.1465
-10.3272 -8.10497 -15.2245
-11.5882 -6.36797 -12.0205
-10.6312 -2.85397 -13.2855
-12.5202 -3.40797 -16.6075
-15.7752 -4.50897 -14.7975

-15.6992 -2.22597 -11.6865
-17.9992 0.87603 -11.9255

-15.4532 3.30203 -10.3255
-11.6462 3.07103 -10.8505
-9.39624 5.49503 -8.93151
-5.77224 4.96103 -10.0445
-3.05424 6.89703 -8.13351

0.633762 7.48303 -9.04051
3.37476 10.13 -8.64851
5.08276 8.71903 -11.7585
2.37076 7.19603 -14.0535
5.10976 6.39703 -16.5665
8.52876 5.46203 -15.0985
10.5518 5.69103 -18.3775
8.41276 5.23303 -21.5855

4.88676 5.83003 -23.1055
4.22776 2.02203 -23.3225
3.97076 1.90003 -19.4445
0.753762 4.04803 -19.6005
-1.25524 1.57203 -21.7495
-2.53124 -0.60797 -18.8355
-3.60824 2.52603 -16.8645
-5.36524 4.01203 -19.9795
-7.38624 0.78003 -20.5975
-8.17224 0.49203 -16.8355
-9.73124 4.03503 -16.8175

-11.2342 3.76403 -20.3935
-11.6192 0.0480298 -21.4785
-12.7992 1.16703 -25.0015
-9.56224 3.12803 -25.7295
-6.96424 1.18203 -27.8135
-8.52724 -2.36697 -27.4505
-5.20324 -3.79897 -28.7925

-1.72824 -2.60097 -27.6505
-0.346238 -2.60397 -31.2535
-2.49324 0.45103 -32.2515
-1.19224 2.38703 -29.1805
2.40776 1.21903 -29.8895
2.34476 2.25603 -33.6055
1.13476 5.78403 -32.6515
2.96976 6.59803 -29.3635

5.86276 4.06703 -28.9855
7.52176 4.55003 -32.4635
6.87376 0.84103 -33.0795

9.45076 -0.80597 -35.4105
9.20176 -4.15397 -37.2525
12.4818 -5.99697 -36.4955

13.4778 -9.47897 -37.9235
12.4278 -11.046 -34.5365

9.07176 -9.15297 -34.1295
7.90776 -5.66997 -33.0355
9.99776 -3.24497 -30.9535

7.98676 -0.77397 -28.7595
10.9178 0.84203 -26.8005
10.5868 4.16903 -28.6935
8.36776 7.25603 -28.3475
6.23976 9.31603 -30.7865
3.48476 12.011 -30.8645

3.94476 12.728 -27.0895
2.11376 16.126 -27.1885
-0.986238 14.35 -28.6455
-0.661238 11.636 -25.9415
-0.480238 14.404 -23.2485
-3.68824 16.042 -24.6175
-5.52124 12.647 -24.7265
-4.40924 11.824 -21.1395
-5.46824 15.222 -19.6525
-8.87024 15.272 -21.4655
-10.0472 11.663 -20.9305

-7.81624 9.66103 -18.4645

-5.68324 11.719 -16.0805
-5.74124 14.613 -13.6095

-2.13824 15.855 -13.0765
-0.831238 18.856 -11.0875
2.74376 19.691 -10.1135

4.26976 21.175 -6.88551
4.88076 24.379 -8.90751
1.12576 24.628 -9.80751
-0.314238 24.258 -6.24751

2.49676 24.753 -3.62551
4.45776 27.988 -4.45651
5.87176 27.751 -0.856514
7.87676 24.483 -1.27251

11.6758 25.177 -1.28751
13.4288 24.443 -4.61151

15.0848 21.073 -5.35451
18.7008 21.921 -6.33251
20.2378 19.031 -8.33451
23.9168 18.533 -9.28151
26.2788 15.924 -10.6835
29.3198 15.229 -8.44251
32.1388 13.675 -10.4975

33.9188 11.474 -7.90651
37.6338 11.293 -8.71651

38.6178 8.06203 -10.6395
42.2328 8.53303 -9.31151
41.1948 6.34103 -6.28951

40.1538 3.55203 -8.77451
43.2918 1.37103 -8.70851

44.7978 0.0980298 -12.0065
43.4858 -3.51997 -11.4655
39.8638 -2.32197 -10.9145
40.1408 0.00802981 -13.9755
41.5698 -2.83697 -16.1275
38.6318 -5.05397 -14.9425
36.0858 -2.31897 -15.9405
37.8828 -1.92097 -19.3305
37.7958 -5.74697 -19.7615
34.0228 -6.05597 -19.0135
33.3348 -3.00397 -21.2815
35.2898 -4.67997 -24.1685
33.5158 -7.99297 -23.3775
30.0188 -6.44097 -23.9615
31.1098 -5.10997 -27.4325

32.5898 -8.43997 -28.6845
30.7598 -9.53797 -31.8895
30.9008 -13.318 -31.3545
29.0298 -13.479 -27.9695
25.4568 -14.707 -27.4625

22.6608 -12.32 -26.3085
22.9798 -13.982 -22.8455
26.8018 -13.523 -22.5565
26.2508 -9.82097 -23.5275
23.6618 -9.46797 -20.6525
26.0298 -11.288 -18.2155
28.9788 -8.99597 -19.1725
26.6278 -5.95797 -18.7165
25.6128 -7.15997 -15.1925
29.3278 -7.74097 -14.3855
30.2978 -4.21997 -15.6575
27.4708 -2.68097 -13.5425
28.4258 -4.62997 -10.3445
32.1588 -3.71297 -10.9115
31.1088 -0.0229702 -11.2715
29.4578 -0.21197 -7.81151
32.6178 -1.79297 -6.24251
34.9178 0.76803 -7.97051
32.9188 3.74203 -6.52451
32.8658 2.54603 -2.82651
36.1528 4.29903 -1.68951
35.2158 7.73203 -3.16151
31.5308 7.37703 -2.12151
32.8718 6.82903 1.44949
35.3438 9.77203 1.06249
32.4168 12.023 -0.0205144
30.1048 10.871 2.86949
32.9098 11.639 5.38049
33.5638 15.089 3.75549
29.8148 15.886 4.23149
29.9418 14.875 7.95649
33.2668 16.74 8.54649

31.6088 19.819 6.86349
29.1288 19.804 9.83749
25.9598 18.507 8.04649
23.2658 17.554 10.5745
21.0128 15.205 8.45049

21.2318 13.61 4.96949
20.0638 10.534 2.99849
22.4338 8.17203 1.12349
20.8478 6.10503 -1.68051
22.4688 2.95003 -3.15151

21.0868 -0.35097 -4.62851
23.9648 -2.89497 -4.57351

24.0958 -4.57897 -1.12051
27.9588 -4.37697 -1.06251
27.7288 -0.51997 -1.30451
25.1258 -0.33497 1.53949
27.2868 -2.76997 3.62549
30.5518 -0.78797 3.07149
28.8748 2.59103 3.91749
27.3218 1.16203 7.15649
30.6578 -0.47097 8.18649
32.5998 2.83203 7.76649
29.9138 4.84503 9.67449
30.1318 2.25403 12.5395
33.9938 2.47803 12.4245

33.7058 6.33303 12.6805
31.0378 5.90103 15.4815
28.4598 7.86103 13.3795
24.8558 7.17403 14.4485

22.8528 6.18303 11.3375
19.7678 4.21503 10.1715
19.6898 1.49803 7.45549
16.6878 0.39703 5.31149

16.9538 -2.32497 2.61349
15.1208 -5.42097 1.19949
15.6988 -7.33797 4.50849
14.2648 -4.58897 6.82449
10.7518 -5.59397 8.01349
7.58876 -3.49797 7.35749
7.21576 -2.38997 11.0455

10.9738 -1.74797 11.6325
10.9648 0.47703 8.46549
8.40376 2.80903 10.1295
10.2528 2.75403 13.5135
13.6888 3.54203 11.9055
11.9478 6.31103 9.88249
10.6138 7.79903 13.1825
14.0908 7.41603 14.8355
15.7388 9.43203 11.9675
12.8908 12.032 12.0175
12.8168 12.596 15.8285

16.4498 11.933 16.9625
19.0338 14.715 16.2765
21.8368 12.087 16.7265
21.0258 10.083 13.5485
22.9948 12.064 10.9275

22.8528 9.54003 8.01449
20.0928 7.36903 6.53549
21.5548 4.50703 4.40549
18.6988 3.59703 2.03249
18.1248 1.06903 -0.755514

16.8128 2.96503 -3.85651
14.3838 0.0550298 -4.56551
13.3208 -0.79397 -0.968514
12.8338 2.80003 0.398486
11.1118 4.32903 -2.73451
7.65076 3.85503 -1.04651
5.65276 4.81103 2.10449
8.41976 6.57703 4.09949
8.86876 10.349 4.78449
12.3218 11.892 5.49349
11.4848 15.627 5.93949
14.1948 15.959 8.69249
16.9788 15.894 6.01949
17.8628 18.699 3.52249

20.3098 16.622 1.38049
20.0008 13.458 -0.761514
23.1678 11.691 -2.04651
22.7908 9.05803 -4.79051

25.9508 6.93503 -4.34651
24.7418 4.91503 -7.37751
22.7308 5.71803 -10.5255
19.5378 3.75303 -11.3215
18.4518 3.19903 -14.9885
14.8058 4.17103 -14.2435

14.2658 7.94803 -13.5955
10.7928 7.40003 -12.0325
12.4938 5.53303 -9.11251
15.1128 8.32903 -8.69751
12.2758 10.957 -8.54351
10.3958 8.71703 -6.00851
13.5738 8.71003 -3.82851
14.0478 12.561 -4.06051

10.3498 13.036 -3.04251
11.0238 11.189 0.241486
12.6448 14.469 1.50649
10.7128 16.991 -0.638514
7.32876 16.498 1.18549
4.78876 18.672 3.06849
6.71276 19.614 6.26549
10.0208 20.386 4.44349
11.2498 23.986 5.15749
14.7718 23.917 3.54449
15.8748 23.88 -0.141514

16.4968 20.199 -0.964514
19.9868 19.378 -2.29651
20.2488 16.327 -4.63151
23.8098 15.075 -5.37251
24.3138 12.391 -8.08451
27.7338 10.696 -7.57651
29.2668 9.68003 -10.9795

32.6558 8.18003 -12.0015
34.3568 8.69903 -15.4305
35.4628 5.33403 -16.9545
32.4398 3.35903 -15.5365
28.7678 2.35903 -16.1625

27.7558 5.94303 -15.0835
29.0748 7.28703 -18.4675
26.2948 5.27903 -20.2775
23.5958 5.35603 -17.5435
23.5598 9.17003 -17.1235
22.7488 10.012 -20.8375
20.1638 7.12503 -20.7875
18.4548 8.56203 -17.6435
18.4678 12.075 -19.2605
16.7748 10.992 -22.5425
14.1738 9.06703 -20.4275
13.3318 12.202 -18.3085
12.9718 14.194 -21.5805
10.4988 11.549 -22.9455
8.57676 11.815 -19.6135
8.59176 15.679 -19.7775
7.36476 15.763 -23.4475

4.49176 13.441 -22.3305
3.69176 15.983 -19.4855
4.76776 13.382 -16.8415
7.78776 15.289 -15.3655
8.96276 18.904 -14.7935
12.4208 17.465 -14.0585
14.8948 18.601 -16.7035
18.3348 16.929 -16.2305
20.2198 18.735 -19.1195

21.2258 21.824 -17.0375
23.2738 19.635 -14.5945
25.6208 18.318 -17.3735
26.4718 21.715 -18.9325

27.7368 22.674 -15.4025
30.2218 19.701 -14.9795

End chain 1
