-13.201 -6.296 -53.957
-10.703 -3.406 -53.291
-9.54 -3.087 -49.639
-11.02 0.322 -48.639
-8.614 1.85 -46.053
-10.787 3.126 -43.162

-9.634 6.195 -41.181
-10.061 4.9 -37.589
-10.286 6.838 -34.306
-12.195 7.103 -30.979
-14.163 9.439 -28.711
-12.619 10.223 -25.263
-14.157 12.207 -22.344

-11.943 15.248 -21.466
-14.301 16.978 -18.949
-17.827 16.65 -17.399
-19.139 18.761 -20.353

-16.752 17.96 -23.312
-15.482 14.956 -25.281
-12.62 14.751 -27.824
-12.437 12.939 -31.204
-8.982 11.264 -31.393
-8.672 10.357 -35.1

-6.282 10.744 -38.079
-6.98 13.557 -40.6
-9.895 13.022 -43.051

-11.208 15.853 -45.293
-14.92 14.856 -45.011
-14.611 14.37 -41.226
-13.015 17.857 -40.827
-15.875 19.254 -42.999
-18.403 17.482 -40.669
-16.559 18.759 -37.515
-16.844 22.341 -38.957

-20.697 21.797 -39.029
-20.861 21.033 -35.24
-22.116 23.933 -33.104
-20.016 23.255 -29.939
-16.791 22.621 -31.971

-13.393 23.436 -30.391
-10.011 22.816 -32.063
-6.805 22.812 -29.99

-3.883 23.919 -32.209
-1.328 22.314 -29.773
-2.753 18.736 -29.691
-4.334 19.137 -33.217

-7.578 17.622 -31.79
-11.313 18.386 -31.995
-13.683 18.544 -28.991
-17.466 19.001 -28.65
-20.131 19.402 -25.91

-21.257 16.038 -24.476
-24.923 16.743 -25.497
-23.731 16.722 -29.178
-22.178 13.179 -28.839
-25.228 11.354 -30.322
-25.57 14.044 -33.093
-21.852 13.682 -34.021
-21.815 9.829 -34.037
-25.045 9.774 -36.128
-23.507 12.176 -38.75
-20.093 10.348 -38.803

-21.793 6.948 -39.527
-22.962 8.546 -42.834
-19.328 9.196 -43.991
-17.677 6.563 -46.261
-14.251 5.2 -45.121

-14.46 6.789 -41.562
-14.765 4.819 -38.279
-15.142 6.964 -35.114
-15.663 4.659 -32.101

-18.218 6.249 -29.657
-17.862 6.903 -25.912
-18.35 3.469 -24.195
-21.794 2.549 -22.772
-20.235 2.829 -19.255
-19.534 6.58 -19.812
-22.964 7.196 -21.431
-24.623 5.531 -18.378
-22.42 7.523 -15.909

-23.028 10.919 -17.654
-26.668 10.153 -18.714
-27.851 13.482 -17.123

-25.214 15.594 -18.963
-26 13.8 -22.296
-29.631 15.147 -21.909

-29.014 18.802 -20.797
-28.522 21.656 -23.337
-27.494 23.803 -20.296
-24.374 24.206 -18.108
-26.03 23.63 -14.722
-23.195 22.587 -12.38
-23.731 19.355 -10.334

-27.219 19.392 -8.694
-26.798 20.208 -4.988
-26.578 17.032 -2.906
-29.814 16.999 -0.82
-29.276 16.946 2.956
-30.305 13.551 4.343

-27.8624 12.913 1.4563
-26.3891 16.0962 -0.248464
-25.1704 19.4269 -1.76875
-21.5279 19.1009 -2.71585
-20.5094 15.5245 -3.09229
-21.7454 12.1245 -2.15699

-18.7871 10.4717 -0.436564
-21.0881 8.62517 1.95904
-23.2272 7.36127 -0.916673
-20.1591 6.10384 -2.77371
-18.9261 4.26171 0.313239
-22.3106 2.60101 0.792828

-22.2596 2.60301 -3.07317
-20.0176 5.36801 -4.48217

-21.6786 7.47301 -7.30517
-19.8036 5.56401 -10.0722
-20.6366 2.18301 -8.40217
-24.3686 3.18801 -8.39117
-24.1346 4.09901 -12.1212
-22.5156 0.636006 -12.7222
-25.3606 -1.14399 -10.8242
-27.9356 0.865006 -12.8772
-26.1276 -0.0539938 -16.1722
-26.0026 -3.75999 -15.1832
-29.7686 -3.72799 -14.3402
-30.5966 -1.87599 -17.6332

-28.5456 -4.57399 -19.5402
-30.7866 -7.17099 -17.7382
-28.0846 -8.51899 -15.3382

-25.9246 -9.86599 -18.2422
-22.5286 -8.10099 -18.3052
-18.7816 -8.20699 -17.7892
-17.8676 -5.67799 -15.0472

-14.2666 -5.02399 -16.1962

-13.7076 -2.02999 -13.8432
-10.0766 -1.61399 -12.6912

-8.62062 -3.50399 -9.67017
-9.93362 -2.26299 -6.28417
-12.8056 -0.0499938 -7.69417
-15.2786 -2.23799 -5.66017

-16.4166 -4.86499 -8.23717
-17.5846 -7.13799 -5.33417
-19.9356 -4.50499 -3.75217
-21.4486 -3.71299 -7.21417
-21.8546 -7.48099 -7.97817
-23.5926 -8.17699 -4.60717
-25.9876 -5.22299 -5.27017
-26.8196 -6.36399 -8.87317
-27.4186 -9.94199 -7.60517
-29.5276 -8.69899 -4.60717
-31.7996 -6.68799 -6.99017

-32.4726 -10.161 -8.56117

-32.9566 -11.926 -5.08717
-36.4586 -13.076 -6.29817
-34.6226 -15.175 -9.00617
-32.1986 -17.087 -6.65817
-30.5536 -19.632 -5.89817

-27.3466 -17.667 -6.58017
-24.1236 -19.356 -7.79917
-20.8076 -17.547 -7.07117
-17.7046 -18.958 -8.84517
-14.4016 -17.576 -7.46517

-10.6226 -18.235 -7.08217
-9.98862 -21.039 -4.50117
-8.42862 -18.524 -1.97517
-11.2616 -15.859 -1.86917

-14.3306 -18.087 -1.06517
-14.4676 -16.972 2.60683
-13.7266 -13.321 1.56183
-16.9376 -13.523 -0.562172
-18.9866 -15.116 2.30683
-17.8406 -12.299 4.66083
-18.6816 -9.74299 1.90083
-22.2946 -11.108 1.69183
-22.6546 -11.079 5.54283
-21.1686 -7.51899 5.65483
-23.3956 -6.02399 2.90983

-26.6936 -8.02799 3.17183
-27.4236 -8.26899 6.98783
-30.9606 -9.42799 5.87983
-29.3366 -12.92 5.33783
-28.6026 -15.504 8.04883

-25.2046 -17.323 7.78883
-27.2106 -20.539 7.01183
-28.3526 -18.886 3.72283

-24.6636 -19.035 2.50783
-23.0776 -22.343 1.41983
-19.2536 -22.26 1.01283

-18.2746 -25.335 -1.03317
-14.8886 -26.522 0.303828
-14.7736 -30.056 -1.25517
-15.9776 -32.018 -4.33317
-18.3416 -34.039 -1.99817
-20.3606 -31.027 -0.751172
-23.9246 -30.136 -1.90917
-23.6476 -27.192 -4.36717
-27.3886 -26.321 -3.79517
-27.4916 -26.385 0.0588284
-27.6806 -22.551 0.467828
-29.6526 -19.685 -1.07317

-26.1606 -18.359 -2.03017
-23.6376 -21.052 -3.10317
-19.9086 -20.117 -3.26517
-17.5816 -22.521 -5.18117
-14.1016 -22.514 -6.77717

-13.2306 -22.959 -10.4912
-11.3296 -26.228 -9.69317
-14.4056 -27.765 -7.95517
-16.8726 -26.988 -10.8462

-15.4986 -29.934 -12.9282
-15.8596 -32.292 -9.88517
-19.4156 -30.959 -9.22317
-20.5866 -31.034 -12.9292
-23.3036 -33.634 -12.0242
-24.8156 -31.055 -9.55617
-24.5276 -28.113 -12.0792
-27.6436 -29.652 -13.7902
-29.7606 -27.67 -11.2432
-30.6666 -24.356 -13.0162
-28.9396 -21.454 -11.2262
-30.8086 -18.434 -12.7082

-28.2766 -15.896 -11.2762
-24.5086 -16.517 -11.6392
-21.5796 -14.364 -10.4662
-18.0896 -15.329 -11.7082

-15.2346 -13.456 -10.0092
-11.9136 -13.084 -11.9172

-13.6386 -14.571 -15.0372
-10.3376 -14.426 -17.0362
-9.82462 -17.961 -15.5242
-12.3466 -19.085 -18.2442

-10.1306 -17.655 -21.1222
-9.43362 -21.128 -22.6792
-12.4856 -23.202 -23.8042
-10.5666 -26.567 -23.7062
-9.95862 -26.335 -19.9072

-12.1236 -28.488 -17.5762
-13.1406 -25.341 -15.5552
-14.4046 -23.628 -18.7612
-16.1586 -26.812 -20.0742
-18.0336 -27.124 -16.7162
-18.8856 -23.356 -16.4002
-20.0376 -22.572 -19.9932
-23.2726 -24.742 -20.0712
-24.5336 -23.005 -16.8672
-23.5766 -19.491 -18.1322
-25.4656 -20.045 -21.4542
-28.7206 -21.146 -19.6442

-28.6446 -18.863 -16.5332
-30.9446 -15.761 -16.7722

-28.3986 -13.335 -15.1722
-24.5916 -13.566 -15.6972
-22.3416 -11.142 -13.7782
-18.7176 -11.676 -14.8912
-15.9996 -9.73999 -12.9802

-12.3116 -9.15399 -13.8872
-9.57062 -6.50699 -13.4952
-7.86262 -7.91799 -16.6052
-10.5746 -9.44099 -18.9002
-7.83562 -10.24 -21.4132
-4.41662 -11.175 -19.9452
-2.39362 -10.946 -23.2242
-4.53262 -11.404 -26.4322

-8.05862 -10.807 -27.9522
-8.71762 -14.615 -28.1692
-8.97462 -14.737 -24.2912
-12.1916 -12.589 -24.4472
-14.2006 -15.065 -26.5962
-15.4766 -17.245 -23.6822
-16.5536 -14.111 -21.7112
-18.3106 -12.625 -24.8262
-20.3316 -15.857 -25.4442
-21.1176 -16.145 -21.6822
-22.6766 -12.602 -21.6642

-24.1796 -12.873 -25.2402
-24.5646 -16.589 -26.3252
-25.7446 -15.47 -29.8482
-22.5076 -13.509 -30.5762
-19.9096 -15.455 -32.6602
-21.4726 -19.004 -32.2972
-18.1486 -20.436 -33.6392

-14.6736 -19.238 -32.4972
-13.2916 -19.241 -36.1002
-15.4386 -16.186 -37.0982
-14.1376 -14.25 -34.0272
-10.5376 -15.418 -34.7362
-10.6006 -14.381 -38.4522
-11.8106 -10.853 -37.4982
-9.97562 -10.039 -34.2102

-7.08262 -12.57 -33.8322
-5.42362 -12.087 -37.3102
-6.07162 -15.796 -37.9262

-3.49462 -17.443 -40.2572
-3.74362 -20.791 -42.0992
-0.463622 -22.634 -41.3422

0.532378 -26.116 -42.7702
-0.517622 -27.683 -39.3832

-3.87362 -25.79 -38.9762
-5.03762 -22.307 -37.8822
-2.94762 -19.882 -35.8002

-4.95862 -17.411 -33.6062
-2.02762 -15.795 -31.6472
-2.35862 -12.468 -33.5402
-4.57762 -9.38099 -33.1942
-6.70562 -7.32099 -35.6332
-9.46062 -4.62599 -35.7112

-9.00062 -3.90899 -31.9362
-10.8316 -0.510994 -32.0352
-13.9316 -2.28699 -33.4922
-13.6066 -5.00099 -30.7882
-13.4256 -2.23299 -28.0952
-16.6336 -0.594994 -29.4642
-18.4666 -3.98999 -29.5732
-17.3546 -4.81299 -25.9862
-18.4136 -1.41499 -24.4992
-21.8156 -1.36499 -26.3122
-22.9926 -4.97399 -25.7772

-20.7616 -6.97599 -23.3112

-18.6286 -4.91799 -20.9272
-18.6866 -2.02399 -18.4562

-15.0836 -0.781994 -17.9232
-13.7766 2.21901 -15.9342
-10.2016 3.05401 -14.9602

-8.67562 4.53801 -11.7322
-8.06462 7.74201 -13.7542
-11.8196 7.99101 -14.6542
-13.2596 7.62101 -11.0942

-10.4486 8.11601 -8.47217
-8.48762 11.351 -9.30317
-7.07362 11.114 -5.70317
-5.06862 7.84601 -6.11917

-1.26962 8.54001 -6.13417
0.483378 7.80601 -9.45817

2.13938 4.43601 -10.2012
5.75538 5.28401 -11.1792
7.29238 2.39401 -13.1812
10.9714 1.89601 -14.1282
13.3334 -0.712994 -15.5302
16.3744 -1.40799 -13.2892
19.1934 -2.96199 -15.3442

20.9734 -5.16299 -12.7532
24.6884 -5.34399 -13.5632

25.6724 -8.57499 -15.4862
29.2874 -8.10399 -14.1582
28.2494 -10.296 -11.1362

27.2084 -13.085 -13.6212
30.3464 -15.266 -13.5552

31.8524 -16.539 -16.8532
30.5404 -20.157 -16.3122
26.9184 -18.959 -15.7612
27.1954 -16.629 -18.8222
28.6244 -19.474 -20.9742
25.6864 -21.691 -19.7892
23.1404 -18.956 -20.7872
24.9374 -18.558 -24.1772
24.8504 -22.384 -24.6082
21.0774 -22.693 -23.8602
20.3894 -19.641 -26.1282
22.3444 -21.317 -29.0152
20.5704 -24.63 -28.2242
17.0734 -23.078 -28.8082
18.1644 -21.747 -32.2792

19.6444 -25.077 -33.5312
17.8144 -26.175 -36.7362
17.9554 -29.955 -36.2012
16.0844 -30.116 -32.8162
12.5114 -31.344 -32.3092

9.71538 -28.957 -31.1552
10.0344 -30.619 -27.6922
13.8564 -30.16 -27.4032
13.3054 -26.458 -28.3742
10.7164 -26.105 -25.4992
13.0844 -27.925 -23.0622
16.0334 -25.633 -24.0192
13.6824 -22.595 -23.5632
12.6674 -23.797 -20.0392
16.3824 -24.378 -19.2322
17.3524 -20.857 -20.5042
14.5254 -19.318 -18.3892
15.4804 -21.267 -15.1912
19.2134 -20.35 -15.7582
18.1634 -16.66 -16.1182
16.5124 -16.849 -12.6582
19.6724 -18.43 -11.0892
21.9724 -15.869 -12.8172
19.9734 -12.895 -11.3712
19.9204 -14.091 -7.67317
23.2074 -12.338 -6.53617
22.2704 -8.90499 -8.00817
18.5854 -9.25999 -6.96817
19.9264 -9.80799 -3.39717
22.3984 -6.86499 -3.78417
19.4714 -4.61399 -4.86717
17.1594 -5.76599 -1.97717
19.9644 -4.99799 0.533828
20.6184 -1.54799 -1.09117
16.8694 -0.750994 -0.615172
16.9964 -1.76199 3.10983
20.3214 0.103006 3.69983

18.6634 3.18201 2.01683
16.1834 3.16701 4.99083
13.0144 1.87001 3.19983
10.3204 0.917006 5.72783
8.06738 -1.43199 3.60383

8.28638 -3.02699 0.122828
7.11838 -6.10299 -1.84817
9.48838 -8.46499 -3.72317
7.90238 -10.532 -6.52717
9.52338 -13.687 -7.99817

8.14138 -16.988 -9.47517
11.0194 -19.532 -9.42017

11.1504 -21.216 -5.96717
15.0134 -21.014 -5.90917
14.7834 -17.157 -6.15117
12.1804 -16.972 -3.30717
14.3414 -19.407 -1.22117
17.6064 -17.425 -1.77517
15.9294 -14.046 -0.929172
14.3764 -15.475 2.30983
17.7124 -17.108 3.33983
19.6544 -13.805 2.91983
16.9684 -11.792 4.82783
17.1864 -14.383 7.69283
21.0484 -14.159 7.57783

20.7604 -10.304 7.83383
18.0924 -10.736 10.6348
15.5144 -8.77599 8.53283
11.9104 -9.46299 9.60183

9.90738 -10.454 6.49083
6.82238 -12.422 5.32483
6.74438 -15.139 2.60883
3.74238 -16.24 0.464828

4.00838 -18.962 -2.23317
2.17538 -22.058 -3.64717
2.75338 -23.975 -0.338172
1.31938 -21.226 1.97783
-2.19362 -22.231 3.16683
-5.35662 -20.135 2.51083
-5.72962 -19.027 6.19883

-1.97162 -18.385 6.78583
-1.98062 -16.16 3.61883
-4.54162 -13.828 5.28283
-2.69262 -13.883 8.66683
0.743378 -13.095 7.05883
-0.997622 -10.326 5.03583
-2.33162 -8.83799 8.33583
1.14538 -9.22099 9.98883
2.79338 -7.20499 7.12083
-0.0546222 -4.60499 7.17083
-0.128622 -4.04099 10.9818

3.50438 -4.70399 12.1158
6.08838 -1.92199 11.4298
8.89138 -4.54999 11.8798
8.08038 -6.55399 8.70183
10.0494 -4.57299 6.08083

9.90738 -7.09699 3.16783
7.14738 -9.26799 1.68883
8.60938 -12.13 -0.441172
5.75338 -13.04 -2.81417
5.17938 -15.568 -5.60217

3.86738 -13.672 -8.70317
1.43838 -16.582 -9.41217
0.375378 -17.431 -5.81517
-0.111622 -13.837 -4.44817
-1.83362 -12.308 -7.58117
-5.29462 -12.782 -5.89317
-7.29262 -11.826 -2.74217
-4.52562 -10.06 -0.747172
-4.07662 -6.28799 -0.0621716
-0.623622 -4.74499 0.646828
-1.46062 -1.00999 1.09283
1.24938 -0.677994 3.84583
4.03338 -0.742994 1.17283
4.91738 2.06201 -1.32417

7.36438 -0.0149938 -3.46617
7.05538 -3.17899 -5.60817
10.2224 -4.94599 -6.89317
9.84538 -7.57899 -9.63717

13.0054 -9.70199 -9.19317
11.7964 -11.722 -12.2242
9.78538 -10.919 -15.3722
6.59238 -12.884 -16.1682
5.50638 -13.438 -19.8352
1.86038 -12.466 -19.0902

1.32038 -8.68899 -18.4422
-2.15262 -9.23699 -16.8792
-0.451622 -11.104 -13.9592
2.16738 -8.30799 -13.5442
-0.669622 -5.67999 -13.3902
-2.54962 -7.91999 -10.8552
0.628378 -7.92699 -8.67517
1.10238 -4.07599 -8.90717

-2.59562 -3.60099 -7.88917
-1.92162 -5.44799 -4.60517
-0.300622 -2.16799 -3.34017
-2.23262 0.354006 -5.48517
-5.61662 -0.138994 -3.66117
-8.15662 2.03501 -1.77817
-6.23262 2.97701 1.41883
-2.92462 3.74901 -0.403172
-1.69562 7.34901 0.310828
1.82638 7.28001 -1.30217
2.92938 7.24301 -4.98817

3.55138 3.56201 -5.81117
7.04138 2.74101 -7.14317
7.30338 -0.309994 -9.47817
10.8644 -1.56199 -10.2192
11.3684 -4.24599 -12.9312
14.7884 -5.94099 -12.4232
16.3214 -6.95699 -15.8262

19.7104 -8.45699 -16.8482
21.4114 -7.93799 -20.2772
22.5174 -11.303 -21.8012
19.4944 -13.278 -20.3832
15.8224 -14.278 -21.0092

14.8104 -10.694 -19.9302
16.1294 -9.34999 -23.3142
13.3494 -11.358 -25.1242
10.6504 -11.281 -22.3902
10.6144 -7.46699 -21.9702
9.80338 -6.62499 -25.6842
7.21838 -9.51199 -25.6342
5.50938 -8.07499 -22.4902
5.52238 -4.56199 -24.1072
3.82938 -5.64499 -27.3892
1.22838 -7.56999 -25.2742
0.386378 -4.43499 -23.1552
0.0263778 -2.44299 -26.4272
-2.44662 -5.08799 -27.7922
-4.36862 -4.82199 -24.4602
-4.35362 -0.957994 -24.6242
-5.58062 -0.873994 -28.2942

-8.45362 -3.19599 -27.1772
-9.25362 -0.653994 -24.3322
-8.17762 -3.25499 -21.6882
-5.15762 -1.34799 -20.2122
-3.98262 2.26701 -19.6402
-0.524622 0.828006 -18.9052
1.94938 1.96401 -21.5502
5.38938 0.292006 -21.0772
7.27438 2.09801 -23.9662

8.28038 5.18701 -21.8842
10.3284 2.99801 -19.4412
12.6754 1.68101 -22.2202
13.5264 5.07801 -23.7792

14.7914 6.03701 -20.2492
17.2764 3.06401 -19.8262

End chain 1
