-13.201 -6.296 -53.957
-10.703 -3.406 -53.291
-9.54 -3.087 -49.639
-11.02 0.322 -48.639
-8.614 1.85 -46.053
-10.787 3.126 -43.162

-9.634 6.195 -41.181
-10.061 4.9 -37.589
-10.286 6.838 -34.306
-12.195 7.103 -30.979
-14.163 9.439 -28.711
-12.619 10.223 -25.263
-14.157 12.207 -22.344

-11.943 15.248 -21.466
-14.301 16.978 -18.949
-17.827 16.65 -17.399
-19.139 18.761 -20.353

-16.752 17.96 -23.312
-15.482 14.956 -25.281
-12.62 14.751 -27.824
-12.437 12.939 -31.204
-8.982 11.264 -31.393
-8.672 10.357 -35.1

-6.282 10.744 -38.079
-6.98 13.557 -40.6
-9.895 13.022 -43.051

-11.208 15.853 -45.293
-14.92 14.856 -45.011
-14.611 14.37 -41.226
-13.015 17.857 -40.827
-15.875 19.254 -42.999
-18.403 17.482 -40.669
-16.559 18.759 -37.515
-16.844 22.341 -38.957

-20.697 21.797 -39.029
-20.861 21.033 -35.24
-22.116 23.933 -33.104
-20.016 23.255 -29.939
-16.791 22.621 -31.971

-13.393 23.436 -30.391
-10.011 22.816 -32.063
-6.805 22.812 -29.99

-3.883 23.919 -32.209
-1.328 22.314 -29.773
-2.753 18.736 -29.691
-4.334 19.137 -33.217

-7.578 17.622 -31.79
-11.313 18.386 -31.995
-13.683 18.544 -28.991
-17.466 19.001 -28.65
-20.131 19.402 -25.91

-21.257 16.038 -24.476
-24.923 16.743 -25.497
-23.731 16.722 -29.178
-22.178 13.179 -28.839
-25.228 11.354 -30.322
-25.57 14.044 -33.093
-21.852 13.682 -34.021
-21.815 9.829 -34.037
-25.045 9.774 -36.128
-23.507 12.176 -38.75
-20.093 10.348 -38.803

-21.793 6.948 -39.527
-22.962 8.546 -42.834
-19.328 9.196 -43.991
-17.677 6.563 -46.261
-14.251 5.2 -45.121

-14.46 6.789 -41.562
-14.765 4.819 -38.279
-15.142 6.964 -35.114
-15.663 4.659 -32.101

-18.218 6.249 -29.657
-17.862 6.903 -25.912
-18.35 3.469 -24.195
-21.794 2.549 -22.772
-20.235 2.829 -19.255
-19.534 6.58 -19.812
-22.964 7.196 -21.431
-24.623 5.531 -18.378
-22.42 7.523 -15.909

-23.028 10.919 -17.654
-26.668 10.153 -18.714
-27.851 13.482 -17.123

-25.214 15.594 -18.963
-26 13.8 -22.296
-29.631 15.147 -21.909

-29.014 18.802 -20.797
-28.522 21.656 -23.337
-27.494 23.803 -20.296
-24.374 24.206 -18.108
-26.03 23.63 -14.722
-23.195 22.587 -12.38
-23.731 19.355 -10.334

-27.219 19.392 -8.694
-26.798 20.208 -4.988
-26.578 17.032 -2.906
-29.814 16.999 -0.82
-29.276 16.946 2.956
-30.305 13.551 4.343

-32.727 13.25 7.268
-30.389 11.851 9.975
-33.077 12.019 12.787
-33.159 8.159 12.923
-29.32 8.149 13.454
-27.82 8.306 16.969

-27.52 12.074 17.913
-23.991 11.509 19.371
-22.796 10.469 15.867
-24.731 13.185 13.93
-23.402 16.008 16.22
-19.738 14.82 15.861

-19.687 14.822 11.995
-17.445 17.587 10.586

-19.106 19.692 7.763
-17.231 17.783 4.996
-18.064 14.402 6.666
-21.796 15.407 6.677
-21.562 16.318 2.947
-19.943 12.855 2.346
-22.788 11.075 4.244
-25.363 13.084 2.191
-23.555 12.165 -1.104
-23.43 8.459 -0.115
-27.196 8.491 0.728
-28.024 10.343 -2.565

-25.973 7.645 -4.472
-28.214 5.048 -2.67
-25.512 3.7 -0.27

-23.352 2.353 -3.174
-19.956 4.118 -3.237
-16.209 4.012 -2.721
-15.295 6.541 0.021

-11.694 7.195 -1.128

-11.135 10.189 1.225
-7.504 10.605 2.377

-6.048 8.715 5.398
-7.361 9.956 8.784
-10.233 12.169 7.374
-12.706 9.981 9.408

-13.844 7.354 6.831
-15.012 5.081 9.734
-17.363 7.714 11.316
-18.876 8.506 7.854
-19.282 4.738 7.09
-21.02 4.042 10.461
-23.415 6.996 9.798
-24.247 5.855 6.195
-24.846 2.277 7.463
-26.955 3.52 10.461
-29.227 5.531 8.078

-29.9 2.058 6.507

-30.384 0.293 9.981
-33.886 -0.857 8.77
-32.05 -2.956 6.062
-29.626 -4.868 8.41
-27.981 -7.413 9.17

-24.774 -5.448 8.488
-21.551 -7.137 7.269
-18.235 -5.328 7.997
-15.132 -6.739 6.223
-11.829 -5.357 7.603

-8.05 -6.016 7.986
-7.416 -8.82 10.567
-5.856 -6.305 13.093
-8.689 -3.64 13.199

-11.758 -5.868 14.003
-11.895 -4.753 17.675
-11.154 -1.102 16.63
-14.365 -1.304 14.506
-16.414 -2.897 17.375
-15.268 -0.08 19.729
-16.109 2.476 16.969
-19.722 1.111 16.76
-20.082 1.14 20.611
-18.596 4.7 20.723
-20.823 6.195 17.978

-24.121 4.191 18.24
-24.851 3.95 22.056
-28.388 2.791 20.948
-26.764 -0.701 20.406
-26.03 -3.285 23.117

-22.632 -5.104 22.857
-24.638 -8.32 22.08
-25.78 -6.667 18.791

-22.091 -6.816 17.576
-20.505 -10.124 16.488
-16.681 -10.041 16.081

-15.702 -13.116 14.035
-12.316 -14.303 15.372
-12.201 -17.837 13.813
-13.405 -19.799 10.735
-15.769 -21.82 13.07
-17.788 -18.808 14.317
-21.352 -17.917 13.159
-21.075 -14.973 10.701
-24.816 -14.102 11.273
-24.919 -14.166 15.127
-25.108 -10.332 15.536
-27.08 -7.466 13.995

-23.588 -6.14 13.038
-21.065 -8.833 11.965
-17.336 -7.898 11.803
-15.009 -10.302 9.887
-11.529 -10.295 8.291

-10.658 -10.74 4.577
-8.757 -14.009 5.375
-11.833 -15.546 7.113
-14.3 -14.769 4.222

-12.926 -17.715 2.14
-13.287 -20.073 5.183
-16.843 -18.74 5.845
-18.014 -18.815 2.139
-20.731 -21.415 3.044
-22.243 -18.836 5.512
-21.955 -15.894 2.989
-25.071 -17.433 1.278
-27.188 -15.451 3.825
-28.094 -12.137 2.052
-26.367 -9.235 3.842
-28.236 -6.215 2.36

-25.704 -3.677 3.792
-21.936 -4.298 3.429
-19.007 -2.145 4.602
-15.517 -3.11 3.36

-12.662 -1.237 5.059
-9.341 -0.865 3.151

-11.066 -2.352 0.031
-7.765 -2.207 -1.968
-7.252 -5.742 -0.456
-9.774 -6.866 -3.176

-7.558 -5.436 -6.054
-6.861 -8.909 -7.611
-9.913 -10.983 -8.736
-7.994 -14.348 -8.638
-7.386 -14.116 -4.839

-9.551 -16.269 -2.508
-10.568 -13.122 -0.487
-11.832 -11.409 -3.693
-13.586 -14.593 -5.006
-15.461 -14.905 -1.648
-16.313 -11.137 -1.332
-17.465 -10.353 -4.925
-20.7 -12.523 -5.003
-21.961 -10.786 -1.799
-21.004 -7.272 -3.064
-22.893 -7.826 -6.386
-26.148 -8.927 -4.576

-26.072 -6.644 -1.465
-28.372 -3.542 -1.704

-25.826 -1.116 -0.104
-22.019 -1.347 -0.629
-19.769 1.077 1.29
-16.145 0.543 0.177
-13.427 2.479 2.088

-9.739 3.065 1.181
-6.998 5.712 1.573
-5.29 4.301 -1.537
-8.002 2.778 -3.832
-5.263 1.979 -6.345
-1.844 1.044 -4.877
0.179 1.273 -8.156
-1.96 0.815 -11.364

-5.486 1.412 -12.884
-6.145 -2.396 -13.101
-6.402 -2.518 -9.223
-9.619 -0.37 -9.379
-11.628 -2.846 -11.528
-12.904 -5.026 -8.614
-13.981 -1.892 -6.643
-15.738 -0.406 -9.758
-17.759 -3.638 -10.376
-18.545 -3.926 -6.614
-20.104 -0.383 -6.596

-21.607 -0.654 -10.172
-21.992 -4.37 -11.257
-23.172 -3.251 -14.78
-19.935 -1.29 -15.508
-17.337 -3.236 -17.592
-18.9 -6.785 -17.229
-15.576 -8.217 -18.571

-12.101 -7.019 -17.429
-10.719 -7.022 -21.032
-12.866 -3.967 -22.03
-11.565 -2.031 -18.959
-7.965 -3.199 -19.668
-8.028 -2.162 -23.384
-9.238 1.366 -22.43
-7.403 2.18 -19.142

-4.51 -0.351 -18.764
-2.851 0.132 -22.242
-3.499 -3.577 -22.858

-0.922 -5.224 -25.189
-1.171 -8.572 -27.031
2.109 -10.415 -26.274

3.105 -13.897 -27.702
2.055 -15.464 -24.315

-1.301 -13.571 -23.908
-2.465 -10.088 -22.814
-0.375 -7.663 -20.732

-2.386 -5.192 -18.538
0.545 -3.576 -16.579
0.214 -0.249 -18.472
-2.005 2.838 -18.126
-4.133 4.898 -20.565
-6.888 7.593 -20.643

-6.428 8.31 -16.868
-8.259 11.708 -16.967
-11.359 9.932 -18.424
-11.034 7.218 -15.72
-10.853 9.986 -13.027
-14.061 11.624 -14.396
-15.894 8.229 -14.505
-14.782 7.406 -10.918
-15.841 10.804 -9.431
-19.243 10.854 -11.244
-20.42 7.245 -10.709

-18.189 5.243 -8.243

-16.056 7.301 -5.859
-16.114 10.195 -3.388

-12.511 11.437 -2.855
-11.204 14.438 -0.866
-7.629 15.273 0.108

-6.103 16.757 3.336
-5.492 19.961 1.314
-9.247 20.21 0.414
-10.687 19.84 3.974

-7.876 20.335 6.596
-5.915 23.57 5.765
-4.501 23.333 9.365
-2.496 20.065 8.949

1.303 20.759 8.934
3.056 20.025 5.61

4.712 16.655 4.867
8.328 17.503 3.889
9.865 14.613 1.887
13.544 14.115 0.94
15.906 11.506 -0.462
18.947 10.811 1.779
21.766 9.257 -0.276

24.6692 6.93348 0.00632021
25.6343 7.71128 3.56971

22.3642 8.98144 5.03131
24.2169 11.1527 7.5405
26.3801 12.647 4.79631

25.3391 9.85805 2.31131
28.4771 7.67705 2.37731

29.9831 6.40405 -0.920693
28.6711 2.78605 -0.379693
25.0491 3.98405 0.171307
25.3261 6.31405 -2.88969
26.7551 3.46905 -5.04169
23.8171 1.25205 -3.85669
21.2711 3.98705 -4.85469
23.0681 4.38505 -8.24469
22.9811 0.55905 -8.67569
19.2081 0.25005 -7.92769
18.5201 3.30205 -10.1957
20.4751 1.62605 -13.0827
18.7011 -1.68695 -12.2917
15.2041 -0.13495 -12.8757
16.2951 1.19605 -16.3467

17.7751 -2.13395 -17.5987
15.9451 -3.23195 -20.8037
16.0861 -7.01195 -20.2687
14.2151 -7.17295 -16.8837
10.6421 -8.40095 -16.3767

7.84606 -6.01395 -15.2227
8.16506 -7.67595 -11.7597
11.9871 -7.21695 -11.4707
11.4361 -3.51495 -12.4417
8.84706 -3.16195 -9.56669
11.2151 -4.98195 -7.12969
14.1641 -2.68995 -8.08669
11.8131 0.34805 -7.63069
10.7981 -0.85395 -4.10669
14.5131 -1.43495 -3.29969
15.4831 2.08605 -4.57169
12.6561 3.62505 -2.45669
13.6111 1.67605 0.741307
17.3441 2.59305 0.174307
16.2941 6.28305 -0.185693
14.6431 6.09405 3.27431
17.8031 4.51305 4.84331
20.1031 7.07405 3.11531
18.1041 10.048 4.56131
18.0511 8.85205 8.25931
21.3381 10.605 9.39631
20.4011 14.038 7.92431
16.7161 13.683 8.96431
18.0571 13.135 12.5353
20.5291 16.078 12.1483
17.6021 18.329 11.0653
15.2901 17.177 13.9553
18.0951 17.945 16.4663
18.7491 21.395 14.8413
15.0001 22.192 15.3173
15.1271 21.181 19.0423
18.4521 23.046 19.6323

16.7941 26.125 17.9493
14.3141 26.11 20.9233
11.1451 24.813 19.1323
8.45106 23.86 21.6603
6.19806 21.511 19.5363

6.41706 19.916 16.0553
5.24906 16.84 14.0843
7.61906 14.478 12.2093
6.03306 12.411 9.40531
7.65406 9.25605 7.93431

6.27206 5.95505 6.45731
9.15006 3.41105 6.51231

9.28106 1.72705 9.96531
13.1441 1.92905 10.0233
12.9141 5.78605 9.78131
10.3111 5.97105 12.6253
12.4721 3.53605 14.7113
15.7371 5.51805 14.1573
14.0601 8.89705 15.0033
12.5071 7.46805 18.2423
15.8431 5.83505 19.2723
17.7851 9.13805 18.8523
15.0991 11.151 20.7603
15.3171 8.56005 23.6253
19.1791 8.78405 23.5103

18.8911 12.639 23.7663
16.2231 12.207 26.5673
13.6451 14.167 24.4653
10.0411 13.48 25.5343

8.03806 12.489 22.4233
4.95306 10.521 21.2573
4.87506 7.80405 18.5413
1.87306 6.70305 16.3973

2.13906 3.98105 13.6993
0.306063 0.88505 12.2853
0.884063 -1.03195 15.5943
-0.549937 1.71705 17.9103
-4.06294 0.71205 19.0993
-7.22594 2.80805 18.4433
-7.59894 3.91605 22.1313

-3.84094 4.55805 22.7183
-3.84994 6.78305 19.5513
-6.41094 9.11505 21.2153
-4.56194 9.06005 24.5993
-1.12594 9.84805 22.9913
-2.86694 12.617 20.9683
-4.20094 14.105 24.2683
-0.723937 13.722 25.9213
0.924063 15.738 23.0533
-1.92394 18.338 23.1033
-1.99794 18.902 26.9143

1.63506 18.239 28.0483
4.21906 21.021 27.3623
7.02206 18.393 27.8123
6.21106 16.389 24.6343
8.18006 18.37 22.0133

8.03806 15.846 19.1003
5.27806 13.675 17.6213
6.74006 10.813 15.4913
3.88406 9.90305 13.1183
3.31006 7.37505 10.3303

1.99806 9.27105 7.22931
-0.430937 6.36105 6.52031
-1.49394 5.51205 10.1173
-1.98094 9.10605 11.4843
-3.70294 10.635 8.35131
-7.16394 10.161 10.0393
-9.16194 11.117 13.1903
-6.39494 12.883 15.1853
-5.94594 16.655 15.8703
-2.49294 18.198 16.5793
-3.32994 21.933 17.0253
-0.619937 22.265 19.7783
2.16406 22.2 17.1053
3.04806 25.005 14.6083

5.49506 22.928 12.4663
5.18606 19.764 10.3243
8.35306 17.997 9.03931
7.97606 15.364 6.29531

11.1361 13.241 6.73931
9.92706 11.221 3.70831
7.91606 12.024 0.560307
4.72306 10.059 -0.235693
3.63706 9.50505 -3.90269
-0.00893707 10.477 -3.15769

-0.548937 14.254 -2.50969
-4.02194 13.706 -0.946693
-2.32094 11.839 1.97331
0.298063 14.635 2.38831
-2.53894 17.263 2.54231
-4.41894 15.023 5.07731
-1.24094 15.016 7.25731
-0.766937 18.867 7.02531

-4.46494 19.342 8.04331
-3.79094 17.495 11.3273
-2.16994 20.775 12.5923
-4.10194 23.297 10.4473
-7.48594 22.804 12.2713
-10.0259 24.978 14.1543
-8.10194 25.92 17.3513
-4.79394 26.692 15.5293
-3.56494 30.292 16.2433
-0.0429371 30.223 14.6303
1.06006 30.186 10.9443

1.68206 26.505 10.1213
5.17206 25.684 8.78931
5.43406 22.633 6.45431
8.99506 21.381 5.71331
9.49906 18.697 3.00131
12.9191 17.002 3.50931
14.4521 15.986 0.106307

17.8411 14.486 -0.915693
19.5421 15.005 -4.34469
20.6481 11.64 -5.86869
17.6251 9.66505 -4.45069
13.9531 8.66505 -5.07669

12.9411 12.249 -3.99769
14.2601 13.593 -7.38169
11.4801 11.585 -9.19169
8.78106 11.662 -6.45769
8.74506 15.476 -6.03769
7.93406 16.318 -9.75169
5.34906 13.431 -9.70169
3.64006 14.868 -6.55769
3.65306 18.381 -8.17469
1.96006 17.298 -11.4567
-0.640937 15.373 -9.34169
-1.48294 18.508 -7.22269
-1.84294 20.5 -10.4947
-4.31594 17.855 -11.8597
-6.23794 18.121 -8.52769
-6.22294 21.985 -8.69169
-7.44994 22.069 -12.3617

-10.3229 19.747 -11.2447
-11.1229 22.289 -8.39969
-10.0469 19.688 -5.75569
-7.02694 21.595 -4.27969
-5.85194 25.21 -3.70769
-2.39394 23.771 -2.97269
0.0800629 24.907 -5.61769
3.52006 23.235 -5.14469
5.40506 25.041 -8.03369

6.41106 28.13 -5.95169
8.45906 25.941 -3.50869
10.8061 24.624 -6.28769
11.6571 28.021 -7.84669

12.9221 28.98 -4.31669
15.4071 26.007 -3.89369

End chain 1
