-13.201 -6.296 -53.957
-10.703 -3.406 -53.291
-9.54 -3.087 -49.639
-11.02 0.322 -48.639
-8.614 1.85 -46.053
-10.787 3.126 -43.162

-9.634 6.195 -41.181
-10.061 4.9 -37.589
-10.286 6.838 -34.306
-12.195 7.103 -30.979
-14.163 9.439 -28.711
-12.619 10.223 -25.263
-14.157 12.207 -22.344

-11.943 15.248 -21.466
-14.301 16.978 -18.949
-17.827 16.65 -17.399
-19.139 18.761 -20.353

-16.752 17.96 -23.312
-15.482 14.956 -25.281
-12.62 14.751 -27.824
-12.437 12.939 -31.204
-8.982 11.264 -31.393
-8.672 10.357 -35.1

-5.53581 8.39967 -36.074
-2.65254 6.19364 -34.9622
0.22874 4.02037 -33.7846

3.48161 5.65631 -34.8733
5.38772 3.96799 -32.0521
3.95777 0.573402 -32.9875
4.94658 1.05136 -36.6257
8.49421 1.9912 -35.6389
8.80084 -1.08993 -33.4353
7.5901 -3.34086 -36.2479
10.1079 -1.83759 -38.6652

6.25494 -2.38159 -38.7372
6.09094 -3.14559 -34.9482
4.83594 -0.245589 -32.8122
6.93594 -0.923589 -29.6472
10.1609 -1.55759 -31.6792

13.5589 -0.742589 -30.0992
16.9409 -1.36259 -31.7712
20.1469 -1.36659 -29.6982

23.0689 -0.259589 -31.9172
25.6239 -1.86459 -29.4812
24.1989 -5.44259 -29.3992
22.6179 -5.04159 -32.9252

19.3739 -6.55659 -31.4982
15.6389 -5.79259 -31.7032
13.2689 -5.63459 -28.6992
9.48594 -5.17759 -28.3582
6.82094 -4.77659 -25.6182

5.69494 -8.14059 -24.1842
2.02894 -7.43559 -25.2052
3.22094 -7.45659 -28.8862
4.77394 -10.9996 -28.5472
1.72394 -12.8246 -30.0302
1.38194 -10.1346 -32.8012
5.09994 -10.4966 -33.7292
5.13694 -14.3496 -33.7452
1.90694 -14.4046 -35.8362
3.44494 -12.0026 -38.4582
6.85894 -13.8306 -38.5112

5.15894 -17.2306 -39.2352
3.98994 -15.6326 -42.5422
7.62394 -14.9826 -43.6992
9.27494 -17.6156 -45.9692
12.7009 -18.9786 -44.8292

12.4919 -17.3896 -41.2702
12.1869 -19.3596 -37.9872
11.8099 -17.2146 -34.8222
11.2889 -19.5196 -31.8092

8.73394 -17.9296 -29.3652
9.08994 -17.2756 -25.6202
8.60194 -20.7096 -23.9032
5.15794 -21.6296 -22.4802
6.71694 -21.3496 -18.9632
7.41794 -17.5986 -19.5202
3.98794 -16.9826 -21.1392
2.32894 -18.6476 -18.0862
4.53194 -16.6556 -15.6172

3.92394 -13.2596 -17.3622
0.283942 -14.0256 -18.4222
-0.899058 -10.6966 -16.8312

1.73794 -8.58459 -18.6712
0.951942 -10.3786 -22.0042
-2.67906 -9.03159 -21.6172

-2.06206 -5.37659 -20.5052
-1.57006 -2.52259 -23.0452
-0.542058 -0.375589 -20.0042
2.57794 0.0274112 -17.8162
0.921942 -0.548589 -14.4302
3.75694 -1.59159 -12.0882
3.22094 -4.82359 -10.0422

-0.267058 -4.78659 -8.40222
0.153942 -3.97059 -4.69622
0.373942 -7.14659 -2.61422
-2.86206 -7.17959 -0.528219
-2.32406 -7.23259 3.24778
-3.35306 -10.6276 4.63478

-5.77506 -10.9286 7.55978
-3.43706 -12.3276 10.2668
-6.12506 -12.1596 13.0788
-6.20706 -16.0196 13.2148
-2.36806 -16.0296 13.7458
-0.868058 -15.8726 17.2608

-0.568058 -12.1046 18.2048
2.96094 -12.6696 19.6628
4.15594 -13.7096 16.1588
2.22094 -10.9936 14.2218
3.54994 -8.17059 16.5118
7.21394 -9.35859 16.1528

7.26494 -9.35659 12.2868
9.50694 -6.59159 10.8778

7.84594 -4.48659 8.05478
9.72094 -6.39559 5.28778
8.88794 -9.77659 6.95778
5.15594 -8.77159 6.96878
5.38994 -7.86059 3.23878
7.00894 -11.3236 2.63778
4.16394 -13.1036 4.53578
1.58894 -11.0946 2.48278
3.39694 -12.0136 -0.812219
3.52194 -15.7196 0.176781
-0.244058 -15.6876 1.01978
-1.07206 -13.8356 -2.27322

0.978942 -16.5336 -4.18022
-1.26206 -19.1306 -2.37822
1.43994 -20.4786 0.0217811

3.59994 -21.8256 -2.88222
6.99594 -20.0606 -2.94522
10.7429 -20.1666 -2.42922
11.6569 -17.6376 0.312781

15.2579 -16.9836 -0.836219

15.8169 -13.9896 1.51678
19.4479 -13.5736 2.66878

20.9039 -15.4636 5.68978
19.5909 -14.2226 9.07578
16.7189 -12.0096 7.66578
14.2459 -14.1976 9.69978

13.1079 -16.8246 7.12278
11.9399 -19.0976 10.0258
9.58894 -16.4646 11.6078
8.07594 -15.6726 8.14578
7.66994 -19.4406 7.38178
5.93194 -20.1366 10.7528
3.53694 -17.1826 10.0898
2.70494 -18.3236 6.48678
2.10594 -21.9016 7.75478
-0.00305801 -20.6586 10.7528
-2.27506 -18.6476 8.36978

-2.94806 -22.1206 6.79878

-3.43206 -23.8856 10.2728
-6.93406 -25.0356 9.06178
-5.09806 -27.1346 6.35378
-2.67406 -29.0466 8.70178
-1.02906 -31.5916 9.46178

2.17794 -29.6266 8.77978
5.40094 -31.3156 7.56078
8.71694 -29.5066 8.28878
11.8199 -30.9176 6.51478
15.1229 -29.5356 7.89478

18.9019 -30.1946 8.27778
19.5359 -32.9986 10.8588
21.0959 -30.4836 13.3848
18.2629 -27.8186 13.4908

15.1939 -30.0466 14.2948
15.0569 -28.9316 17.9668
15.7979 -25.2806 16.9218
12.5869 -25.4826 14.7978
10.5379 -27.0756 17.6668
11.6839 -24.2586 20.0208
10.8429 -21.7026 17.2608
7.22994 -23.0676 17.0518
6.86994 -23.0386 20.9028
8.35594 -19.4786 21.0148
6.12894 -17.9836 18.2698

2.83094 -19.9876 18.5318
2.10094 -20.2286 22.3478
-1.43606 -21.3876 21.2398
0.187942 -24.8796 20.6978
0.921942 -27.4636 23.4088

4.31994 -29.2826 23.1488
2.31394 -32.4986 22.3718
1.17194 -30.8456 19.0828

4.86094 -30.9946 17.8678
6.44694 -34.3026 16.7798
10.2709 -34.2196 16.3728

11.2499 -37.2946 14.3268
14.6359 -38.4816 15.6638
14.7509 -42.0156 14.1048
13.5469 -43.9776 11.0268
11.1829 -45.9986 13.3618
9.16394 -42.9866 14.6088
5.59994 -42.0956 13.4508
5.87694 -39.1516 10.9928
2.13594 -38.2806 11.5648
2.03294 -38.3446 15.4188
1.84394 -34.5106 15.8278
-0.128058 -31.6446 14.2868

3.36394 -30.3186 13.3298
5.88694 -33.0116 12.2568
9.61594 -32.0766 12.0948
11.9429 -34.4806 10.1788
15.4229 -34.4736 8.58278

16.2939 -34.9186 4.86878
18.1949 -38.1876 5.66678
15.1189 -39.7246 7.40478
12.6519 -38.9476 4.51378

14.0259 -41.8936 2.43178
13.6649 -44.2516 5.47478
10.1089 -42.9186 6.13678
8.93794 -42.9936 2.43078
6.22094 -45.5936 3.33578
4.70894 -43.0146 5.80378
4.99694 -40.0726 3.28078
1.88094 -41.6116 1.56978
-0.236058 -39.6296 4.11678
-1.14206 -36.3156 2.34378
0.584942 -33.4136 4.13378
-1.28406 -30.3936 2.65178

1.24794 -27.8556 4.08378
5.01594 -28.4766 3.72078
7.94494 -26.3236 4.89378
11.4349 -27.2886 3.65178

14.2899 -25.4156 5.35078
17.6109 -25.0436 3.44278

15.8859 -26.5306 0.322781
19.1869 -26.3856 -1.67622
19.6999 -29.9206 -0.164219
17.1779 -31.0446 -2.88422

19.3939 -29.6146 -5.76222
20.0909 -33.0876 -7.31922
17.0389 -35.1616 -8.44422
18.9579 -38.5266 -8.34622
19.5659 -38.2946 -4.54722

17.4009 -40.4476 -2.21622
16.3839 -37.3006 -0.195219
15.1199 -35.5876 -3.40122
13.3659 -38.7716 -4.71422
11.4909 -39.0836 -1.35622
10.6389 -35.3156 -1.04022
9.48694 -34.5316 -4.63322
6.25194 -36.7016 -4.71122
4.99094 -34.9646 -1.50722
5.94794 -31.4506 -2.77222
4.05894 -32.0046 -6.09422
0.803942 -33.1056 -4.28422

0.879942 -30.8226 -1.17322
-1.42006 -27.7206 -1.41222

1.12594 -25.2946 0.187781
4.93294 -25.5256 -0.337219
7.18294 -23.1016 1.58178
10.8069 -23.6356 0.468781
13.5249 -21.6996 2.37978

17.2129 -21.1136 1.47278
19.9539 -18.4666 1.86478
21.6619 -19.8776 -1.24522
18.9499 -21.4006 -3.54022
21.6889 -22.1996 -6.05322
25.1079 -23.1346 -4.58522
27.1309 -22.9056 -7.86422
24.9919 -23.3636 -11.0722

21.4659 -22.7666 -12.5922
20.8069 -26.5746 -12.8092
20.5499 -26.6966 -8.93122
17.3329 -24.5486 -9.08722
15.3239 -27.0246 -11.2362
14.0479 -29.2046 -8.32222
12.9709 -26.0706 -6.35122
11.2139 -24.5846 -9.46622
9.19294 -27.8166 -10.0842
8.40694 -28.1046 -6.32222
6.84794 -24.5616 -6.30422

5.34494 -24.8326 -9.88022
4.95994 -28.5486 -10.9652
3.77994 -27.4296 -14.4882
7.01694 -25.4686 -15.2162
9.61494 -27.4146 -17.3002
8.05194 -30.9636 -16.9372
11.3759 -32.3956 -18.2792

14.8509 -31.1976 -17.1372
16.2329 -31.2006 -20.7402
14.0859 -28.1456 -21.7382
15.3869 -26.2096 -18.6672
18.9869 -27.3776 -19.3762
18.9239 -26.3406 -23.0922
17.7139 -22.8126 -22.1382
19.5489 -21.9986 -18.8502

22.4419 -24.5296 -18.4722
24.1009 -24.0466 -21.9502
23.4529 -27.7556 -22.5662

26.0299 -29.4026 -24.8972
25.7809 -32.7506 -26.7392
29.0609 -34.5936 -25.9822

30.0569 -38.0756 -27.4102
29.0069 -39.6426 -24.0232

25.6509 -37.7496 -23.6162
24.4869 -34.2666 -22.5222
26.5769 -31.8416 -20.4402

24.5659 -29.3706 -18.2462
27.4969 -27.7546 -16.2872
27.1659 -24.4276 -18.1802
24.9469 -21.3406 -17.8342
22.8189 -19.2806 -20.2732
20.0639 -16.5856 -20.3512

20.5239 -15.8686 -16.5762
18.6929 -12.4706 -16.6752
15.5929 -14.2466 -18.1322
15.9179 -16.9606 -15.4282
16.0989 -14.1926 -12.7352
12.8909 -12.5546 -14.1042
11.0579 -15.9496 -14.2132
12.1699 -16.7726 -10.6262
11.1109 -13.3746 -9.13922
7.70894 -13.3246 -10.9522
6.53194 -16.9336 -10.4172

8.76294 -18.9356 -7.95122

10.8959 -16.8776 -5.56722
10.8379 -13.9836 -3.09622

14.4409 -12.7416 -2.56322
15.7479 -9.74059 -0.574219
19.3229 -8.90559 0.399781

20.8489 -7.42159 3.62778
21.4599 -4.21759 1.60578
17.7049 -3.96859 0.705781
16.2649 -4.33859 4.26578

19.0759 -3.84359 6.88778
21.0369 -0.608589 6.05678
22.4509 -0.845589 9.65678
24.4559 -4.11359 9.24078

28.2549 -3.41959 9.22578
30.0079 -4.15359 5.90178

31.6639 -7.52359 5.15878
35.2799 -6.67559 4.18078
36.8169 -9.56559 2.17878
40.4959 -10.0636 1.23178
42.8579 -12.6726 -0.170219
45.8989 -13.3676 2.07078
48.7179 -14.9216 0.0157811

50.4979 -17.1226 2.60678
54.2129 -17.3036 1.79678

55.1969 -20.5346 -0.126219
58.8119 -20.0636 1.20178
57.7739 -22.2556 4.22378

56.7329 -25.0446 1.73878
59.8709 -27.2256 1.80478

61.3769 -28.4986 -1.49322
60.0649 -32.1166 -0.952219
56.4429 -30.9186 -0.401219
56.7199 -28.5886 -3.46222
58.1489 -31.4336 -5.61422
55.2109 -33.6506 -4.42922
52.6649 -30.9156 -5.42722
54.4619 -30.5176 -8.81722
54.3749 -34.3436 -9.24822
50.6019 -34.6526 -8.50022
49.9139 -31.6006 -10.7682
51.8689 -33.2766 -13.6552
50.0949 -36.5896 -12.8642
46.5979 -35.0376 -13.4482
47.6889 -33.7066 -16.9192

49.1689 -37.0366 -18.1712
47.3389 -38.1346 -21.3762
47.4799 -41.9146 -20.8412
45.6089 -42.0756 -17.4562
42.0359 -43.3036 -16.9492

39.2399 -40.9166 -15.7952
39.5589 -42.5786 -12.3322
43.3809 -42.1196 -12.0432
42.8299 -38.4176 -13.0142
40.2409 -38.0646 -10.1392
42.6089 -39.8846 -7.70222
45.5579 -37.5926 -8.65922
43.2069 -34.5546 -8.20322
42.1919 -35.7566 -4.67922
45.9069 -36.3376 -3.87222
46.8769 -32.8166 -5.14422
44.0499 -31.2776 -3.02922
45.0049 -33.2266 0.168781
48.7379 -32.3096 -0.398219
47.6879 -28.6196 -0.758219
46.0369 -28.8086 2.70178
49.1969 -30.3896 4.27078
51.4969 -27.8286 2.54278
49.4979 -24.8546 3.98878
49.4449 -26.0506 7.68678
52.7319 -24.2976 8.82378
51.7949 -20.8646 7.35178
48.1099 -21.2196 8.39178
49.4509 -21.7676 11.9628
51.9229 -18.8246 11.5758
48.9959 -16.5736 10.4928
46.6839 -17.7256 13.3828
49.4889 -16.9576 15.8938
50.1429 -13.5076 14.2688
46.3939 -12.7106 14.7448
46.5209 -13.7216 18.4698
49.8459 -11.8566 19.0598

48.1879 -8.77759 17.3768
45.7079 -8.79259 20.3508
42.5389 -10.0896 18.5598
39.8449 -11.0426 21.0878
37.5919 -13.3916 18.9638

37.8109 -14.9866 15.4828
36.6429 -18.0626 13.5118
39.0129 -20.4246 11.6368
37.4269 -22.4916 8.83278
39.0479 -25.6466 7.36178

37.6659 -28.9476 5.88478
40.5439 -31.4916 5.93978

40.6749 -33.1756 9.39278
44.5379 -32.9736 9.45078
44.3079 -29.1166 9.20878
41.7049 -28.9316 12.0528
43.8659 -31.3666 14.1388
47.1309 -29.3846 13.5848
45.4539 -26.0056 14.4308
43.9009 -27.4346 17.6698
47.2369 -29.0676 18.6998
49.1789 -25.7646 18.2798
46.4929 -23.7516 20.1878
46.7109 -26.3426 23.0528
50.5729 -26.1186 22.9378

50.2849 -22.2636 23.1938
47.6169 -22.6956 25.9948
45.0389 -20.7356 23.8928
41.4349 -21.4226 24.9618

39.4319 -22.4136 21.8508
36.3469 -24.3816 20.6848
36.2689 -27.0986 17.9688
33.2669 -28.1996 15.8248

33.5329 -30.9216 13.1268
31.6999 -34.0176 11.7128
32.2779 -35.9346 15.0218
30.8439 -33.1856 17.3378
27.3309 -34.1906 18.5268
24.1679 -32.0946 17.8708
23.7949 -30.9866 21.5588

27.5529 -30.3446 22.1458
27.5439 -28.1196 18.9788
24.9829 -25.7876 20.6428
26.8319 -25.8426 24.0268
30.2679 -25.0546 22.4188
28.5269 -22.2856 20.3958
27.1929 -20.7976 23.6958
30.6699 -21.1806 25.3488
32.3179 -19.1646 22.4808
29.4699 -16.5646 22.5308
29.3959 -16.0006 26.3418

33.0289 -16.6636 27.4758
35.6129 -13.8816 26.7898
38.4159 -16.5096 27.2398
37.6049 -18.5136 24.0618
39.5739 -16.5326 21.4408

39.4319 -19.0566 18.5278
36.6719 -21.2276 17.0488
38.1339 -24.0896 14.9188
35.2779 -24.9996 12.5458
34.7039 -27.5276 9.75778

33.3919 -25.6316 6.65678
30.9629 -28.5416 5.94778
29.8999 -29.3906 9.54478
29.4129 -25.7966 10.9118
27.6909 -24.2676 7.77878
24.2299 -24.7416 9.46678
22.2319 -23.7856 12.6178
24.9989 -22.0196 14.6128
25.4479 -18.2476 15.2978
28.9009 -16.7046 16.0068
28.0639 -12.9696 16.4528
30.7739 -12.6376 19.2058
33.5579 -12.7026 16.5328
34.4419 -9.89759 14.0358

36.8889 -11.9746 11.8938
36.5799 -15.1386 9.75178
39.7469 -16.9056 8.46678
39.3699 -19.5386 5.72278

42.5299 -21.6616 6.16678
41.3209 -23.6816 3.13578
39.3099 -22.8786 -0.0122189
36.1169 -24.8436 -0.808219
35.0309 -25.3976 -4.47522
31.3849 -24.4256 -3.73022

30.8449 -20.6486 -3.08222
27.3719 -21.1966 -1.51922
29.0729 -23.0636 1.40078
31.6919 -20.2676 1.81578
28.8549 -17.6396 1.96978
26.9749 -19.8796 4.50478
30.1529 -19.8866 6.68478
30.6269 -16.0356 6.45278

26.9289 -15.5606 7.47078
27.6029 -17.4076 10.7548
29.2239 -14.1276 12.0198
27.2919 -11.6056 9.87478
23.9079 -12.0986 11.6988
21.3679 -9.92459 13.5818
23.2919 -8.98259 16.7788
26.5999 -8.21059 14.9568
27.8289 -4.61059 15.6708
31.3509 -4.67959 14.0578
32.4539 -4.71659 10.3718

33.0759 -8.39759 9.54878
36.5659 -9.21859 8.21678
36.8279 -12.2696 5.88178
40.3889 -13.5216 5.14078
40.8929 -16.2056 2.42878
44.3129 -17.9006 2.93678
45.8459 -18.9166 -0.466219

49.2349 -20.4166 -1.48822
50.9359 -19.8976 -4.91722
52.0419 -23.2626 -6.44122
49.0189 -25.2376 -5.02322
45.3469 -26.2376 -5.64922

44.3349 -22.6536 -4.57022
45.6539 -21.3096 -7.95422
42.8739 -23.3176 -9.76422
40.1749 -23.2406 -7.03022
40.1389 -19.4266 -6.61022
39.3279 -18.5846 -10.3242
36.7429 -21.4716 -10.2742
35.0339 -20.0346 -7.13022
35.0469 -16.5216 -8.74722
33.3539 -17.6046 -12.0292
30.7529 -19.5296 -9.91422
29.9109 -16.3946 -7.79522
29.5509 -14.4026 -11.0672
27.0779 -17.0476 -12.4322
25.1559 -16.7816 -9.10022
25.1709 -12.9176 -9.26422
23.9439 -12.8336 -12.9342

21.0709 -15.1556 -11.8172
20.2709 -12.6136 -8.97222
21.3469 -15.2146 -6.32822
24.3669 -13.3076 -4.85222
25.5419 -9.69259 -4.28022
28.9999 -11.1316 -3.54522
31.4739 -9.99559 -6.19022
34.9139 -11.6676 -5.71722
36.7989 -9.86159 -8.60622

37.8049 -6.77259 -6.52422
39.8529 -8.96159 -4.08122
42.1999 -10.2786 -6.86022
43.0509 -6.88159 -8.41922

44.3159 -5.92259 -4.88922
46.8009 -8.89559 -4.46622

End chain 1
