-13.201 -6.296 -53.957
-10.703 -3.406 -53.291
-9.54 -3.087 -49.639
-11.02 0.322 -48.639
-8.614 1.85 -46.053
-10.787 3.126 -43.162

-9.634 6.195 -41.181
-10.061 4.9 -37.589
-10.286 6.838 -34.306
-12.195 7.103 -30.979
-14.163 9.439 -28.711
-12.619 10.223 -25.263
-14.157 12.207 -22.344

-11.943 15.248 -21.466
-14.301 16.978 -18.949
-17.827 16.65 -17.399
-19.139 18.761 -20.353

-16.752 17.96 -23.312
-15.482 14.956 -25.281
-12.62 14.751 -27.824
-12.437 12.939 -31.204
-8.982 11.264 -31.393
-8.672 10.357 -35.1

-6.282 10.744 -38.079
-6.98 13.557 -40.6
-9.895 13.022 -43.051

-11.208 15.853 -45.293
-14.92 14.856 -45.011
-14.611 14.37 -41.226
-13.015 17.857 -40.827
-15.875 19.254 -42.999
-18.403 17.482 -40.669
-16.559 18.759 -37.515
-16.844 22.341 -38.957

-20.697 21.797 -39.029
-20.861 21.033 -35.24
-22.116 23.933 -33.104
-20.016 23.255 -29.939
-16.791 22.621 -31.971

-13.393 23.436 -30.391
-10.011 22.816 -32.063
-6.805 22.812 -29.99

-3.883 23.919 -32.209
-1.328 22.314 -29.773
-2.753 18.736 -29.691
-4.334 19.137 -33.217

-7.578 17.622 -31.79
-11.313 18.386 -31.995
-13.683 18.544 -28.991
-17.466 19.001 -28.65
-20.131 19.402 -25.91

-21.257 16.038 -24.476
-24.923 16.743 -25.497
-23.731 16.722 -29.178
-22.178 13.179 -28.839
-25.228 11.354 -30.322
-25.57 14.044 -33.093
-21.852 13.682 -34.021
-21.815 9.829 -34.037
-25.045 9.774 -36.128
-23.507 12.176 -38.75
-20.093 10.348 -38.803

-21.793 6.948 -39.527
-22.962 8.546 -42.834
-19.328 9.196 -43.991
-17.677 6.563 -46.261
-14.251 5.2 -45.121

-14.46 6.789 -41.562
-14.765 4.819 -38.279
-15.142 6.964 -35.114
-15.663 4.659 -32.101

-18.218 6.249 -29.657
-17.862 6.903 -25.912
-18.35 3.469 -24.195
-21.794 2.549 -22.772
-20.235 2.829 -19.255
-19.534 6.58 -19.812
-22.964 7.196 -21.431
-24.623 5.531 -18.378
-22.42 7.523 -15.909

-23.028 10.919 -17.654
-26.668 10.153 -18.714
-27.851 13.482 -17.123

-25.214 15.594 -18.963
-26 13.8 -22.296
-29.631 15.147 -21.909

-29.014 18.802 -20.797
-28.522 21.656 -23.337
-27.494 23.803 -20.296
-24.374 24.206 -18.108
-26.03 23.63 -14.722
-23.195 22.587 -12.38
-23.731 19.355 -10.334

-27.219 19.392 -8.694
-26.798 20.208 -4.988
-26.578 17.032 -2.906
-29.814 16.999 -0.82
-29.276 16.946 2.956
-30.305 13.551 4.343

-32.727 13.25 7.268
-30.389 11.851 9.975
-33.077 12.019 12.787
-33.159 8.159 12.923
-29.32 8.149 13.454
-27.82 8.306 16.969

-27.52 12.074 17.913
-23.991 11.509 19.371
-22.796 10.469 15.867
-24.731 13.185 13.93
-23.402 16.008 16.22
-19.738 14.82 15.861

-19.687 14.822 11.995
-17.445 17.587 10.586

-19.106 19.692 7.763
-17.231 17.783 4.996
-18.064 14.402 6.666
-21.796 15.407 6.677
-21.562 16.318 2.947
-19.943 12.855 2.346
-22.788 11.075 4.244
-25.363 13.084 2.191
-23.555 12.165 -1.104
-23.43 8.459 -0.115
-27.196 8.491 0.728
-28.024 10.343 -2.565

-25.973 7.645 -4.472
-28.214 5.048 -2.67
-25.512 3.7 -0.27

-23.352 2.353 -3.174
-19.956 4.118 -3.237
-16.209 4.012 -2.721
-15.295 6.541 0.021

-11.694 7.195 -1.128

-11.135 10.189 1.225
-7.504 10.605 2.377

-6.048 8.715 5.398
-7.361 9.956 8.784
-10.233 12.169 7.374
-12.706 9.981 9.408

-13.844 7.354 6.831
-15.012 5.081 9.734
-17.363 7.714 11.316
-18.876 8.506 7.854
-19.282 4.738 7.09
-21.02 4.042 10.461
-23.415 6.996 9.798
-24.247 5.855 6.195
-24.846 2.277 7.463
-26.955 3.52 10.461
-29.227 5.531 8.078

-29.9 2.058 6.507

-30.384 0.293 9.981
-33.886 -0.857 8.77
-32.05 -2.956 6.062
-29.626 -4.868 8.41
-27.981 -7.413 9.17

-24.774 -5.448 8.488
-21.551 -7.137 7.269
-18.235 -5.328 7.997
-15.132 -6.739 6.223
-11.829 -5.357 7.603

-8.05 -6.016 7.986
-7.416 -8.82 10.567
-5.856 -6.305 13.093
-8.689 -3.64 13.199

-11.758 -5.868 14.003
-11.895 -4.753 17.675
-11.154 -1.102 16.63
-14.365 -1.304 14.506
-16.414 -2.897 17.375
-15.268 -0.08 19.729
-16.109 2.476 16.969
-19.722 1.111 16.76
-20.082 1.14 20.611
-18.596 4.7 20.723
-20.823 6.195 17.978

-24.121 4.191 18.24
-24.851 3.95 22.056
-28.388 2.791 20.948
-26.764 -0.701 20.406
-26.03 -3.285 23.117

-22.632 -5.104 22.857
-24.638 -8.32 22.08
-25.78 -6.667 18.791

-22.091 -6.816 17.576
-20.505 -10.124 16.488
-16.681 -10.041 16.081

-15.702 -13.116 14.035
-12.316 -14.303 15.372
-12.201 -17.837 13.813
-13.405 -19.799 10.735
-15.769 -21.82 13.07
-17.788 -18.808 14.317
-21.352 -17.917 13.159
-21.075 -14.973 10.701
-24.816 -14.102 11.273
-24.919 -14.166 15.127
-25.108 -10.332 15.536
-27.08 -7.466 13.995

-23.588 -6.14 13.038
-21.065 -8.833 11.965
-17.336 -7.898 11.803
-15.009 -10.302 9.887
-11.529 -10.295 8.291

-10.658 -10.74 4.577
-8.757 -14.009 5.375
-11.833 -15.546 7.113
-14.3 -14.769 4.222

-12.926 -17.715 2.14
-13.287 -20.073 5.183
-16.843 -18.74 5.845
-18.014 -18.815 2.139
-20.731 -21.415 3.044
-22.243 -18.836 5.512
-21.955 -15.894 2.989
-25.071 -17.433 1.278
-27.188 -15.451 3.825
-28.094 -12.137 2.052
-26.367 -9.235 3.842
-28.236 -6.215 2.36

-25.704 -3.677 3.792
-21.936 -4.298 3.429
-19.007 -2.145 4.602
-15.517 -3.11 3.36

-12.662 -1.237 5.059
-9.341 -0.865 3.151

-11.066 -2.352 0.031
-7.765 -2.207 -1.968
-7.252 -5.742 -0.456
-9.774 -6.866 -3.176

-7.558 -5.436 -6.054
-6.861 -8.909 -7.611
-9.913 -10.983 -8.736
-7.994 -14.348 -8.638
-7.386 -14.116 -4.839

-9.551 -16.269 -2.508
-10.568 -13.122 -0.487
-11.832 -11.409 -3.693
-13.586 -14.593 -5.006
-15.461 -14.905 -1.648
-16.313 -11.137 -1.332
-17.465 -10.353 -4.925
-20.7 -12.523 -5.003
-21.961 -10.786 -1.799
-21.004 -7.272 -3.064
-22.893 -7.826 -6.386
-26.148 -8.927 -4.576

-26.072 -6.644 -1.465
-28.372 -3.542 -1.704

-25.826 -1.116 -0.104
-22.019 -1.347 -0.629
-19.769 1.077 1.29
-16.145 0.543 0.177
-13.427 2.479 2.088

-9.739 3.065 1.181
-6.998 5.712 1.573
-5.29 4.301 -1.537
-8.002 2.778 -3.832
-5.263 1.979 -6.345
-1.844 1.044 -4.877
0.179 1.273 -8.156
-1.96 0.815 -11.364

-5.486 1.412 -12.884
-6.145 -2.396 -13.101
-6.402 -2.518 -9.223
-9.619 -0.37 -9.379
-11.628 -2.846 -11.528
-12.904 -5.026 -8.614
-13.981 -1.892 -6.643
-15.738 -0.406 -9.758
-17.759 -3.638 -10.376
-18.545 -3.926 -6.614
-20.104 -0.383 -6.596

-21.607 -0.654 -10.172
-21.992 -4.37 -11.257
-23.172 -3.251 -14.78
-19.935 -1.29 -15.508
-17.337 -3.236 -17.592
-18.9 -6.785 -17.229
-15.576 -8.217 -18.571

-12.101 -7.019 -17.429
-10.719 -7.022 -21.032
-12.866 -3.967 -22.03
-11.565 -2.031 -18.959
-7.965 -3.199 -19.668
-8.028 -2.162 -23.384
-9.238 1.366 -22.43
-7.403 2.18 -19.142

-4.51 -0.351 -18.764
-2.851 0.132 -22.242
-3.499 -3.577 -22.858

-0.922 -5.224 -25.189
-1.171 -8.572 -27.031
2.109 -10.415 -26.274

3.105 -13.897 -27.702
2.055 -15.464 -24.315

-1.301 -13.571 -23.908
-2.465 -10.088 -22.814
-0.375 -7.663 -20.732

-2.386 -5.192 -18.538
0.545 -3.576 -16.579
0.214 -0.249 -18.472
-2.005 2.838 -18.126
-4.133 4.898 -20.565
-6.888 7.593 -20.643

-6.428 8.31 -16.868
-8.259 11.708 -16.967
-11.359 9.932 -18.424
-11.034 7.218 -15.72
-10.853 9.986 -13.027
-14.061 11.624 -14.396
-15.894 8.229 -14.505
-14.782 7.406 -10.918
-15.841 10.804 -9.431
-19.243 10.854 -11.244
-20.42 7.245 -10.709

-18.189 5.243 -8.243

-16.056 7.301 -5.859
-16.114 10.195 -3.388

-12.511 11.437 -2.855
-11.204 14.438 -0.866
-7.629 15.273 0.108

-6.103 16.757 3.336
-5.492 19.961 1.314
-9.247 20.21 0.414
-10.687 19.84 3.974

-7.876 20.335 6.596
-5.915 23.57 5.765
-4.501 23.333 9.365
-2.496 20.065 8.949

1.303 20.759 8.934
3.056 20.025 5.61

4.712 16.655 4.867
8.328 17.503 3.889
9.865 14.613 1.887
13.544 14.115 0.94
15.906 11.506 -0.462
18.947 10.811 1.779
21.766 9.257 -0.276

23.546 7.056 2.315
27.261 6.875 1.505

28.245 3.644 -0.418
31.86 4.115 0.91
30.822 1.923 3.932

29.781 -0.866 1.447
32.919 -3.047 1.513

34.425 -4.32 -1.785
33.113 -7.938 -1.244
29.491 -6.74 -0.693
29.768 -4.41 -3.754
31.197 -7.255 -5.906
28.259 -9.472 -4.721
25.713 -6.737 -5.719
27.51 -6.339 -9.109
27.423 -10.165 -9.54
23.65 -10.474 -8.792
22.962 -7.422 -11.06
24.917 -9.098 -13.947
23.143 -12.411 -13.156
19.646 -10.859 -13.74
20.737 -9.528 -17.211

22.217 -12.858 -18.463
20.387 -13.956 -21.668
20.528 -17.736 -21.133
18.657 -17.897 -17.748
15.084 -19.125 -17.241

12.288 -16.738 -16.087
12.607 -18.4 -12.624
16.429 -17.941 -12.335
15.878 -14.239 -13.306
13.289 -13.886 -10.431
15.657 -15.706 -7.994
18.606 -13.414 -8.951
16.255 -10.376 -8.495
15.24 -11.578 -4.971
18.955 -12.159 -4.164
19.925 -8.638 -5.436
17.098 -7.099 -3.321
18.053 -9.048 -0.123
21.786 -8.131 -0.69
20.736 -4.441 -1.05
19.085 -4.63 2.41
22.245 -6.211 3.979
24.545 -3.65 2.251
22.546 -0.676 3.697
22.493 -1.872 7.395
25.78 -0.119 8.532
24.843 3.314 7.06
21.158 2.959 8.1
22.499 2.411 11.671
24.971 5.354 11.284
22.044 7.605 10.201
19.732 6.453 13.091
22.537 7.221 15.602
23.191 10.671 13.977
19.442 11.468 14.453
19.569 10.457 18.178
22.894 12.322 18.768

21.236 15.401 17.085
18.756 15.386 20.059
15.587 14.089 18.268
12.893 13.136 20.796
10.64 10.787 18.672

10.859 9.192 15.191
9.691 6.116 13.22
12.061 3.754 11.345
10.475 1.687 8.541
12.096 -1.468 7.07

10.714 -4.769 5.593
13.592 -7.313 5.648

13.723 -8.997 9.101
17.586 -8.795 9.159
17.356 -4.938 8.917
14.753 -4.753 11.761
16.914 -7.188 13.847
20.179 -5.206 13.293
18.502 -1.827 14.139
16.949 -3.256 17.378
20.285 -4.889 18.408
22.227 -1.586 17.988
19.541 0.427 19.896
19.759 -2.164 22.761
23.621 -1.94 22.646

24.417 1.53991 21.5984
23.0783 5.18664 21.8488
22.7633 6.50845 25.3906
24.8692 4.83697 28.0084

22.5066 1.96068 28.443
19.5067 2.00199 30.8237
16.0913 1.30551 32.5429
14.3975 4.33142 33.9108

14.6635 1.60942 31.2128
12.8305 -1.48658 29.7988
13.4085 -3.40358 33.1078
11.9745 -0.654578 35.4238
8.46147 -1.65958 36.6128
5.29847 0.436422 35.9568
4.92547 1.54442 39.6448

8.68347 2.18642 40.2318
8.67447 4.41142 37.0648
6.11347 6.74342 38.7288
7.96247 6.68842 42.1128
11.3985 7.47642 40.5048
9.65747 10.2454 38.4818
8.32347 11.7334 41.7818
11.8005 11.3504 43.4348
13.4485 13.3664 40.5668
10.6005 15.9664 40.6168
10.5265 16.5304 44.4278

14.1595 15.8674 45.5618
16.7435 18.6494 44.8758
19.5465 16.0214 45.3258
18.7355 14.0174 42.1478
20.7045 15.9984 39.5268

20.5625 13.4744 36.6138
17.8025 11.3034 35.1348
19.2645 8.44142 33.0048
16.4085 7.53142 30.6318
15.8345 5.00342 27.8438

14.5225 6.89942 24.7428
12.0935 3.98942 24.0338
11.0305 3.14042 27.6308
10.5435 6.73442 28.9978
8.82147 8.26342 25.8648
5.36047 7.78942 27.5528
3.36247 8.74542 30.7038
6.12947 10.5114 32.6988
6.57847 14.2834 33.3838
10.0315 15.8264 34.0928
9.19447 19.5614 34.5388
11.9045 19.8934 37.2918
14.6885 19.8284 34.6188
15.5725 22.6334 32.1218

18.0195 20.5564 29.9798
17.7105 17.3924 27.8378
20.8775 15.6254 26.5528
20.5005 12.9924 23.8088

23.6605 10.8694 24.2528
22.4515 8.84942 21.2218
20.4405 9.65242 18.0738
17.2475 7.68742 17.2778
16.1615 7.13342 13.6108
12.5155 8.10542 14.3558

11.9755 11.8824 15.0038
8.50247 11.3344 16.5668
10.2035 9.46742 19.4868
12.8225 12.2634 19.9018
9.98547 14.8914 20.0558
8.10547 12.6514 22.5908
11.2835 12.6444 24.7708
11.7575 16.4954 24.5388

8.05947 16.9704 25.5568
8.73347 15.1234 28.8408
10.3545 18.4034 30.1058
8.42247 20.9254 27.9608
5.03847 20.4324 29.7848
2.49847 22.6064 31.6678
4.42247 23.5484 34.8648
7.73047 24.3204 33.0428
8.95947 27.9204 33.7568
12.4815 27.8514 32.1438
13.5845 27.8144 28.4578

14.2065 24.1334 27.6348
17.6965 23.3124 26.3028
17.9585 20.2614 23.9678
21.5195 19.0094 23.2268
22.0235 16.3254 20.5148
25.4435 14.6304 21.0228
26.9765 13.6144 17.6198

30.3655 12.1144 16.5978
32.0665 12.6334 13.1688
33.1725 9.26842 11.6448
30.1495 7.29342 13.0628
26.4775 6.29342 12.4368

25.4655 9.87742 13.5158
26.7845 11.2214 10.1318
24.0045 9.21342 8.3218
21.3055 9.29042 11.0558
21.2695 13.1044 11.4758
20.4585 13.9464 7.7618
17.8735 11.0594 7.8118
16.1645 12.4964 10.9558
16.1775 16.0094 9.3388
14.4845 14.9264 6.0568
11.8835 13.0014 8.1718
11.0415 16.1364 10.2908
10.6815 18.1284 7.0188
8.20847 15.4834 5.6538
6.28647 15.7494 8.9858
6.30147 19.6134 8.8218
5.07447 19.6974 5.1518

2.20147 17.3754 6.2688
1.40147 19.9174 9.1138
2.47747 17.3164 11.7578
5.49747 19.2234 13.2338
6.67247 22.8384 13.8058
10.1305 21.3994 14.5408
12.6045 22.5354 11.8958
16.0445 20.8634 12.3688
17.9295 22.6694 9.4798

18.9355 25.7584 11.5618
20.9835 23.5694 14.0048
23.3305 22.2524 11.2258
24.1815 25.6494 9.6668

25.4465 26.6084 13.1968
27.9315 23.6354 13.6198

End chain 1
