-13.201 -6.296 -53.957
-10.703 -3.406 -53.291
-9.54 -3.087 -49.639
-11.02 0.322 -48.639
-8.614 1.85 -46.053
-10.787 3.126 -43.162

-9.634 6.195 -41.181
-10.061 4.9 -37.589
-10.286 6.838 -34.306
-12.195 7.103 -30.979
-14.163 9.439 -28.711
-12.619 10.223 -25.263
-14.157 12.207 -22.344

-11.943 15.248 -21.466
-14.301 16.978 -18.949
-17.827 16.65 -17.399
-19.139 18.761 -20.353

-16.752 17.96 -23.312
-15.482 14.956 -25.281
-12.62 14.751 -27.824
-12.437 12.939 -31.204
-8.982 11.264 -31.393
-8.672 10.357 -35.1

-6.282 10.744 -38.079
-6.98 13.557 -40.6
-9.895 13.022 -43.051

-11.208 15.853 -45.293
-14.92 14.856 -45.011
-14.611 14.37 -41.226
-13.015 17.857 -40.827
-15.875 19.254 -42.999
-18.403 17.482 -40.669
-16.559 18.759 -37.515
-16.844 22.341 -38.957

-20.697 21.797 -39.029
-20.861 21.033 -35.24
-22.116 23.933 -33.104
-20.016 23.255 -29.939
-16.791 22.621 -31.971

-13.393 23.436 -30.391
-10.011 22.816 -32.063
-6.805 22.812 -29.99

-3.883 23.919 -32.209
-1.328 22.314 -29.773
-2.753 18.736 -29.691
-4.334 19.137 -33.217

-7.578 17.622 -31.79
-11.313 18.386 -31.995
-13.683 18.544 -28.991
-17.466 19.001 -28.65
-20.131 19.402 -25.91

-21.257 16.038 -24.476
-24.923 16.743 -25.497
-23.731 16.722 -29.178
-22.178 13.179 -28.839
-25.228 11.354 -30.322
-25.57 14.044 -33.093
-21.852 13.682 -34.021
-21.815 9.829 -34.037
-25.045 9.774 -36.128
-23.507 12.176 -38.75
-20.093 10.348 -38.803

-21.793 6.948 -39.527
-22.962 8.546 -42.834
-19.328 9.196 -43.991
-17.677 6.563 -46.261
-14.251 5.2 -45.121

-14.46 6.789 -41.562
-14.765 4.819 -38.279
-15.142 6.964 -35.114
-15.663 4.659 -32.101

-18.218 6.249 -29.657
-17.862 6.903 -25.912
-18.35 3.469 -24.195
-21.794 2.549 -22.772
-20.235 2.829 -19.255
-19.534 6.58 -19.812
-22.964 7.196 -21.431
-24.623 5.531 -18.378
-22.42 7.523 -15.909

-23.028 10.919 -17.654
-26.668 10.153 -18.714
-27.851 13.482 -17.123

-25.214 15.594 -18.963
-26 13.8 -22.296
-29.631 15.147 -21.909

-29.014 18.802 -20.797
-28.522 21.656 -23.337
-27.494 23.803 -20.296
-24.374 24.206 -18.108
-26.03 23.63 -14.722
-23.195 22.587 -12.38
-23.731 19.355 -10.334

-27.219 19.392 -8.694
-26.798 20.208 -4.988
-26.578 17.032 -2.906
-29.814 16.999 -0.82
-29.276 16.946 2.956
-30.305 13.551 4.343

-32.727 13.25 7.268
-30.389 11.851 9.975
-33.077 12.019 12.787
-33.159 8.159 12.923
-29.32 8.149 13.454
-27.82 8.306 16.969

-27.52 12.074 17.913
-23.991 11.509 19.371
-22.796 10.469 15.867
-24.731 13.185 13.93
-23.402 16.008 16.22
-19.738 14.82 15.861

-19.687 14.822 11.995
-17.445 17.587 10.586

-19.106 19.692 7.763
-17.231 17.783 4.996
-18.064 14.402 6.666
-21.796 15.407 6.677
-21.562 16.318 2.947
-19.943 12.855 2.346
-22.788 11.075 4.244
-25.363 13.084 2.191
-23.555 12.165 -1.104
-23.43 8.459 -0.115
-27.196 8.491 0.728
-28.024 10.343 -2.565

-25.973 7.645 -4.472
-28.214 5.048 -2.67
-25.512 3.7 -0.27

-23.352 2.353 -3.174
-19.956 4.118 -3.237
-16.209 4.012 -2.721
-15.295 6.541 0.021

-11.694 7.195 -1.128

-11.135 10.189 1.225
-7.504 10.605 2.377

-6.048 8.715 5.398
-7.361 9.956 8.784
-10.233 12.169 7.374
-12.706 9.981 9.408

-13.844 7.354 6.831
-15.012 5.081 9.734
-17.363 7.714 11.316
-18.876 8.506 7.854
-19.282 4.738 7.09
-21.02 4.042 10.461
-23.415 6.996 9.798
-24.247 5.855 6.195
-24.846 2.277 7.463
-26.955 3.52 10.461
-29.227 5.531 8.078

-29.9512 2.12902 6.43944

-29.708 -1.63828 6.00215
-32.1277 -2.22506 8.87334
-34.629 0.22371 7.39352
-34.4413 -1.48347 4.00336
-35.036 -4.89074 5.57807

-31.829 -2.92574 4.89607
-28.606 -4.61474 3.67707
-25.29 -2.80574 4.40507
-22.187 -4.21674 2.63107
-18.884 -2.83474 4.01107

-15.105 -3.49374 4.39407
-14.471 -6.29774 6.97507
-12.911 -3.78274 9.50107
-15.744 -1.11774 9.60707

-18.813 -3.34574 10.4111
-18.95 -2.23074 14.0831
-18.209 1.42026 13.0381
-21.42 1.21826 10.9141
-23.469 -0.374744 13.7831
-22.323 2.44226 16.1371
-23.164 4.99826 13.3771
-26.777 3.63326 13.1681
-27.137 3.66226 17.0191
-25.651 7.22226 17.1311
-27.878 8.71726 14.3861

-31.176 6.71326 14.6481
-31.906 6.47226 18.4641
-35.443 5.31326 17.3561
-33.819 1.82126 16.8141
-33.085 -0.762744 19.5251

-29.687 -2.58174 19.2651
-31.693 -5.79774 18.4881
-32.835 -4.14474 15.1991

-29.146 -4.29374 13.9841
-27.56 -7.60174 12.8961
-23.736 -7.51874 12.4891

-22.757 -10.5937 10.4431
-19.371 -11.7807 11.7801
-19.256 -15.3147 10.2211
-20.46 -17.2767 7.14307
-22.824 -19.2977 9.47807
-24.843 -16.2857 10.7251
-28.407 -15.3947 9.56707
-28.13 -12.4507 7.10907
-31.871 -11.5797 7.68107
-31.974 -11.6437 11.5351
-32.163 -7.80974 11.9441
-34.135 -4.94374 10.4031

-30.643 -3.61774 9.44607
-28.12 -6.31074 8.37307
-24.391 -5.37574 8.21107
-22.064 -7.77974 6.29507
-18.584 -7.77274 4.69907

-17.713 -8.21774 0.985069
-15.812 -11.4867 1.78307
-18.888 -13.0237 3.52107
-21.355 -12.2467 0.630069

-19.981 -15.1927 -1.45193
-20.342 -17.5507 1.59107
-23.898 -16.2177 2.25307
-25.069 -16.2927 -1.45293
-27.786 -18.8927 -0.547931
-29.298 -16.3137 1.92007
-29.01 -13.3717 -0.602931
-32.126 -14.9107 -2.31393
-34.243 -12.9287 0.233069
-35.149 -9.61474 -1.53993
-33.422 -6.71274 0.250069
-35.291 -3.69274 -1.23193

-32.759 -1.15474 0.200069
-28.991 -1.77574 -0.162931
-26.062 0.377256 1.01007
-22.572 -0.587744 -0.231931

-19.717 1.28526 1.46707
-16.396 1.65726 -0.440931

-18.121 0.170256 -3.56093
-14.82 0.315256 -5.55993
-14.307 -3.21974 -4.04793
-16.829 -4.34374 -6.76793

-14.613 -2.91374 -9.64593
-13.916 -6.38674 -11.2029
-16.968 -8.46074 -12.3279
-15.049 -11.8257 -12.2299
-14.441 -11.5937 -8.43093

-16.606 -13.7467 -6.09993
-17.623 -10.5997 -4.07893
-18.887 -8.88674 -7.28493
-20.641 -12.0707 -8.59793
-22.516 -12.3827 -5.23993
-23.368 -8.61474 -4.92393
-24.52 -7.83074 -8.51693
-27.755 -10.0007 -8.59493
-29.016 -8.26374 -5.39093
-28.059 -4.74974 -6.65593
-29.948 -5.30374 -9.97793
-33.203 -6.40474 -8.16793

-33.127 -4.12174 -5.05693
-35.427 -1.01974 -5.29593

-32.881 1.40626 -3.69593
-29.074 1.17526 -4.22093
-26.824 3.59926 -2.30193
-23.2 3.06526 -3.41493
-20.482 5.00126 -1.50393

-16.794 5.58726 -2.41093
-14.053 8.23426 -2.01893
-12.345 6.82326 -5.12893
-15.057 5.30026 -7.42393
-12.318 4.50126 -9.93693
-8.89896 3.56626 -8.46893
-6.87596 3.79526 -11.7479
-9.01496 3.33726 -14.9559

-12.541 3.93426 -16.4759
-13.2 0.126256 -16.6929
-13.457 0.00425622 -12.8149
-16.674 2.15226 -12.9709
-18.683 -0.323744 -15.1199
-19.959 -2.50374 -12.2059
-21.036 0.630256 -10.2349
-22.793 2.11626 -13.3499
-24.814 -1.11574 -13.9679
-25.6 -1.40374 -10.2059
-27.159 2.13926 -10.1879

-28.662 1.86826 -13.7639
-29.047 -1.84774 -14.8489
-30.227 -0.728744 -18.3719
-26.99 1.23226 -19.0999
-24.392 -0.713744 -21.1839
-25.955 -4.26274 -20.8209
-22.631 -5.69474 -22.1629

-19.156 -4.49674 -21.0209
-17.774 -4.49974 -24.6239
-19.921 -1.44474 -25.6219
-18.62 0.491256 -22.5509
-15.02 -0.676744 -23.2599
-15.083 0.360256 -26.9759
-16.293 3.88826 -26.0219
-14.458 4.70226 -22.7339

-11.565 2.17126 -22.3559
-9.90596 2.65426 -25.8339
-10.554 -1.05474 -26.4499

-7.97696 -2.70174 -28.7809
-8.22596 -6.04974 -30.6229
-4.94596 -7.89274 -29.8659

-3.94996 -11.3747 -31.2939
-4.99996 -12.9417 -27.9069

-8.35596 -11.0487 -27.4999
-9.51996 -7.56574 -26.4059
-7.42996 -5.14074 -24.3239

-9.44096 -2.66974 -22.1299
-6.50996 -1.05374 -20.1709
-6.84096 2.27326 -22.0639
-9.05996 5.36026 -21.7179
-11.188 7.42026 -24.1569
-13.943 10.1153 -24.2349

-13.483 10.8323 -20.4599
-15.314 14.2303 -20.5589
-18.414 12.4543 -22.0159
-18.089 9.74026 -19.3119
-17.908 12.5083 -16.6189
-21.116 14.1463 -17.9879
-22.949 10.7513 -18.0969
-21.837 9.92826 -14.5099
-22.896 13.3263 -13.0229
-26.298 13.3763 -14.8359
-27.475 9.76726 -14.3009

-25.244 7.76526 -11.8349

-23.111 9.82326 -9.45093
-23.169 12.7173 -6.97993

-19.566 13.9593 -6.44693
-18.259 16.9603 -4.45793
-14.684 17.7953 -3.48393

-13.158 19.2793 -0.255931
-12.547 22.4833 -2.27793
-16.302 22.7323 -3.17793
-17.742 22.3623 0.382069

-14.931 22.8573 3.00407
-12.97 26.0923 2.17307
-11.556 25.8553 5.77307
-9.55096 22.5873 5.35707

-5.75196 23.2813 5.34207
-3.99896 22.5473 2.01807

-2.34296 19.1773 1.27507
1.27304 20.0253 0.297069
2.81004 17.1353 -1.70493
6.48904 16.6373 -2.65193
8.85104 14.0283 -4.05393
11.892 13.3333 -1.81293
14.711 11.7793 -3.86793

16.491 9.57826 -1.27693
20.206 9.39726 -2.08693

21.19 6.16626 -4.00993
24.805 6.63726 -2.68193
23.767 4.44526 0.340069

22.726 1.65626 -2.14493
25.864 -0.524744 -2.07893

27.37 -1.79774 -5.37693
26.058 -5.41574 -4.83593
22.436 -4.21774 -4.28493
22.713 -1.88774 -7.34593
24.142 -4.73274 -9.49793
21.204 -6.94974 -8.31293
18.658 -4.21474 -9.31093
20.455 -3.81674 -12.7009
20.368 -7.64274 -13.1319
16.595 -7.95174 -12.3839
15.907 -4.89974 -14.6519
17.862 -6.57574 -17.5389
16.088 -9.88874 -16.7479
12.591 -8.33674 -17.3319
13.682 -7.00574 -20.8029

15.162 -10.3357 -22.0549
13.332 -11.4337 -25.2599
13.473 -15.2137 -24.7249
11.602 -15.3747 -21.3399
8.02904 -16.6027 -20.8329

5.23304 -14.2157 -19.6789
5.55204 -15.8777 -16.2159
9.37404 -15.4187 -15.9269
8.82304 -11.7167 -16.8979
6.23404 -11.3637 -14.0229
8.60204 -13.1837 -11.5859
11.551 -10.8917 -12.5429
9.20004 -7.85374 -12.0869
8.18504 -9.05574 -8.56293
11.9 -9.63674 -7.75593
12.87 -6.11574 -9.02793
10.043 -4.57674 -6.91293
10.998 -6.52574 -3.71493
14.731 -5.60874 -4.28193
13.681 -1.91874 -4.64193
12.03 -2.10774 -1.18193
15.19 -3.68874 0.387069
17.49 -1.12774 -1.34093
15.491 1.84626 0.105069
15.438 0.650256 3.80307
18.725 2.40326 4.94007
17.788 5.83626 3.46807
14.103 5.48126 4.50807
15.444 4.93326 8.07907
17.916 7.87626 7.69207
14.989 10.1273 6.60907
12.677 8.97526 9.49907
15.482 9.74326 12.0101
16.136 13.1933 10.3851
12.387 13.9903 10.8611
12.514 12.9793 14.5861
15.839 14.8443 15.1761

14.181 17.9233 13.4931
11.701 17.9083 16.4671
8.53204 16.6113 14.6761
5.83804 15.6583 17.2041
3.58504 13.3093 15.0801

3.80404 11.7143 11.5991
2.63604 8.63826 9.62807
5.00604 6.27626 7.75307
3.42004 4.20926 4.94907
5.04104 1.05426 3.47807

3.65904 -2.24674 2.00107
6.53704 -4.79074 2.05607

6.66804 -6.47474 5.50907
10.531 -6.27274 5.56707
10.301 -2.41574 5.32507
7.69804 -2.23074 8.16907
9.85904 -4.66574 10.2551
13.124 -2.68374 9.70107
11.447 0.695256 10.5471
9.89404 -0.733744 13.7861
13.23 -2.36674 14.8161
15.172 0.936256 14.3961
12.486 2.94926 16.3041
12.704 0.358256 19.1691
16.566 0.582256 19.0541

16.278 4.43726 19.3101
13.61 4.00526 22.1111
11.032 5.96526 20.0091
7.42804 5.27826 21.0781

5.42504 4.28726 17.9671
2.34004 2.31926 16.8011
2.26204 -0.397744 14.0851
-0.739957 -1.49874 11.9411

-0.473957 -4.22074 9.24307
-2.30696 -7.31674 7.82907
-1.72896 -9.23374 11.1381
-3.16296 -6.48474 13.4541
-6.67596 -7.48974 14.6431
-9.83896 -5.39374 13.9871
-10.212 -4.28574 17.6751

-6.45396 -3.64374 18.2621
-6.46296 -1.41874 15.0951
-9.02396 0.913256 16.7591
-7.17496 0.858256 20.1431
-3.73896 1.64626 18.5351
-5.47996 4.41526 16.5121
-6.81396 5.90326 19.8121
-3.33696 5.52026 21.4651
-1.68896 7.53626 18.5971
-4.53696 10.1363 18.6471
-4.61096 10.7003 22.4581

-0.977957 10.0373 23.5921
1.60604 12.8193 22.9061
4.40904 10.1913 23.3561
3.59804 8.18726 20.1781
5.56704 10.1683 17.5571

5.42504 7.64426 14.6441
2.66504 5.47326 13.1651
4.12704 2.61126 11.0351
1.27104 1.70126 8.66207
0.697043 -0.826744 5.87407

-0.614957 1.06926 2.77307
-3.04396 -1.84074 2.06407
-4.10696 -2.68974 5.66107
-4.59396 0.904256 7.02807
-6.31596 2.43326 3.89507
-9.77696 1.95926 5.58307
-11.775 2.91526 8.73407
-9.00796 4.68126 10.7291
-8.55896 8.45326 11.4141
-5.10596 9.99626 12.1231
-5.94296 13.7313 12.5691
-3.23296 14.0633 15.3221
-0.448957 13.9983 12.6491
0.435043 16.8033 10.1521

2.88204 14.7263 8.01007
2.57304 11.5623 5.86807
5.74004 9.79526 4.58307
5.36304 7.16226 1.83907

8.52304 5.03926 2.28307
7.31404 3.01926 -0.747931
5.30304 3.82226 -3.89593
2.11004 1.85726 -4.69193
1.02404 1.30326 -8.35893
-2.62196 2.27526 -7.61393

-3.16196 6.05226 -6.96593
-6.63496 5.50426 -5.40293
-4.93396 3.63726 -2.48293
-2.31496 6.43326 -2.06793
-5.15196 9.06126 -1.91393
-7.03196 6.82126 0.621069
-3.85396 6.81426 2.80107
-3.37996 10.6653 2.56907

-7.07796 11.1403 3.58707
-6.40396 9.29326 6.87107
-4.78296 12.5733 8.13607
-6.71496 15.0953 5.99107
-10.099 14.6023 7.81507
-12.639 16.7763 9.69807
-10.715 17.7183 12.8951
-7.40696 18.4903 11.0731
-6.17796 22.0903 11.7871
-2.65596 22.0213 10.1741
-1.55296 21.9843 6.48807

-0.930957 18.3033 5.66507
2.55904 17.4823 4.33307
2.82104 14.4313 1.99807
6.38204 13.1793 1.25707
6.88604 10.4953 -1.45493
10.306 8.80026 -0.946931
11.839 7.78426 -4.34993

15.228 6.28426 -5.37193
16.929 6.80326 -8.80093
18.035 3.43826 -10.3249
15.012 1.46326 -8.90693
11.34 0.463256 -9.53293

10.328 4.04726 -8.45393
11.647 5.39126 -11.8379
8.86704 3.38326 -13.6479
6.16804 3.46026 -10.9139
6.13204 7.27426 -10.4939
5.32104 8.11626 -14.2079
2.73604 5.22926 -14.1579
1.02704 6.66626 -11.0139
1.04004 10.1793 -12.6309
-0.652957 9.09626 -15.9129
-3.25396 7.17126 -13.7979
-4.09596 10.3063 -11.6789
-4.45596 12.2983 -14.9509
-6.92896 9.65326 -16.3159
-8.85096 9.91926 -12.9839
-8.83596 13.7833 -13.1479
-10.063 13.8673 -16.8179

-12.936 11.5453 -15.7009
-13.736 14.0873 -12.8559
-12.66 11.4863 -10.2119
-9.63996 13.3933 -8.73593
-8.46496 17.0083 -8.16393
-5.00696 15.5693 -7.42893
-2.53296 16.7053 -10.0739
0.907043 15.0333 -9.60093
2.79204 16.8393 -12.4899

3.79804 19.9283 -10.4079
5.84604 17.7393 -7.96493
8.19304 16.4223 -10.7439
9.04404 19.8193 -12.3029

10.309 20.7783 -8.77293
12.794 17.8053 -8.34993

End chain 1
