-13.201 -6.296 -53.957
-10.703 -3.406 -53.291
-9.54 -3.087 -49.639
-11.02 0.322 -48.639
-8.614 1.85 -46.053
-10.787 3.126 -43.162

-9.634 6.195 -41.181
-10.061 4.9 -37.589
-10.286 6.838 -34.306
-12.195 7.103 -30.979
-14.163 9.439 -28.711
-12.619 10.223 -25.263
-14.157 12.207 -22.344

-11.943 15.248 -21.466
-14.301 16.978 -18.949
-17.827 16.65 -17.399
-19.139 18.761 -20.353

-16.752 17.96 -23.312
-15.482 14.956 -25.281
-12.62 14.751 -27.824
-12.437 12.939 -31.204
-8.982 11.264 -31.393
-8.672 10.357 -35.1

-6.282 10.744 -38.079
-6.98 13.557 -40.6
-9.895 13.022 -43.051

-11.208 15.853 -45.293
-14.92 14.856 -45.011
-14.611 14.37 -41.226
-13.015 17.857 -40.827
-15.875 19.254 -42.999
-18.403 17.482 -40.669
-16.559 18.759 -37.515
-16.844 22.341 -38.957

-20.697 21.797 -39.029
-20.861 21.033 -35.24
-22.116 23.933 -33.104
-20.016 23.255 -29.939
-16.791 22.621 -31.971

-13.393 23.436 -30.391
-10.011 22.816 -32.063
-6.805 22.812 -29.99

-3.883 23.919 -32.209
-1.328 22.314 -29.773
-2.753 18.736 -29.691
-4.334 19.137 -33.217

-7.578 17.622 -31.79
-11.313 18.386 -31.995
-13.683 18.544 -28.991
-17.466 19.001 -28.65
-20.131 19.402 -25.91

-21.257 16.038 -24.476
-24.923 16.743 -25.497
-23.731 16.722 -29.178
-22.178 13.179 -28.839
-25.228 11.354 -30.322
-25.57 14.044 -33.093
-21.852 13.682 -34.021
-21.815 9.829 -34.037
-25.045 9.774 -36.128
-23.507 12.176 -38.75
-20.093 10.348 -38.803

-21.793 6.948 -39.527
-22.962 8.546 -42.834
-19.328 9.196 -43.991
-17.677 6.563 -46.261
-14.251 5.2 -45.121

-14.46 6.789 -41.562
-14.765 4.819 -38.279
-15.142 6.964 -35.114
-15.663 4.659 -32.101

-18.218 6.249 -29.657
-17.862 6.903 -25.912
-18.35 3.469 -24.195
-21.794 2.549 -22.772
-20.235 2.829 -19.255
-19.534 6.58 -19.812
-22.964 7.196 -21.431
-24.623 5.531 -18.378
-22.42 7.523 -15.909

-23.028 10.919 -17.654
-26.668 10.153 -18.714
-27.851 13.482 -17.123

-25.214 15.594 -18.963
-26 13.8 -22.296
-29.631 15.147 -21.909

-29.014 18.802 -20.797
-28.522 21.656 -23.337
-27.494 23.803 -20.296
-24.374 24.206 -18.108
-26.03 23.63 -14.722
-23.195 22.587 -12.38
-23.731 19.355 -10.334

-27.219 19.392 -8.694
-26.798 20.208 -4.988
-26.578 17.032 -2.906
-29.814 16.999 -0.82
-29.276 16.946 2.956
-30.305 13.551 4.343

-32.727 13.25 7.268
-30.389 11.851 9.975
-33.077 12.019 12.787
-33.159 8.159 12.923
-29.32 8.149 13.454
-27.82 8.306 16.969

-27.52 12.074 17.913
-23.991 11.509 19.371
-22.796 10.469 15.867
-24.731 13.185 13.93
-23.402 16.008 16.22
-19.738 14.82 15.861

-19.687 14.822 11.995
-17.445 17.587 10.586

-19.106 19.692 7.763
-17.231 17.783 4.996
-18.064 14.402 6.666
-21.796 15.407 6.677
-21.562 16.318 2.947
-19.943 12.855 2.346
-22.788 11.075 4.244
-25.363 13.084 2.191
-23.555 12.165 -1.104
-23.43 8.459 -0.115
-27.196 8.491 0.728
-28.024 10.343 -2.565

-25.973 7.645 -4.472
-28.214 5.048 -2.67
-25.512 3.7 -0.27

-23.352 2.353 -3.174
-19.956 4.118 -3.237
-16.209 4.012 -2.721
-15.295 6.541 0.021

-11.694 7.195 -1.128

-11.135 10.189 1.225
-7.504 10.605 2.377

-6.048 8.715 5.398
-7.361 9.956 8.784
-10.233 12.169 7.374
-12.706 9.981 9.408

-13.844 7.354 6.831
-15.012 5.081 9.734
-17.363 7.714 11.316
-18.876 8.506 7.854
-19.282 4.738 7.09
-21.02 4.042 10.461
-23.415 6.996 9.798
-24.247 5.855 6.195
-24.846 2.277 7.463
-26.955 3.52 10.461
-29.227 5.531 8.078

-29.9 2.058 6.507

-30.384 0.293 9.981
-33.886 -0.857 8.77
-32.05 -2.956 6.062
-29.626 -4.868 8.41
-27.981 -7.413 9.17

-24.774 -5.448 8.488
-21.551 -7.137 7.269
-18.235 -5.328 7.997
-15.132 -6.739 6.223
-11.829 -5.357 7.603

-8.05 -6.016 7.986
-7.416 -8.82 10.567
-5.856 -6.305 13.093
-8.689 -3.64 13.199

-11.758 -5.868 14.003
-11.895 -4.753 17.675
-11.154 -1.102 16.63
-14.365 -1.304 14.506
-16.414 -2.897 17.375
-15.268 -0.08 19.729
-16.109 2.476 16.969
-19.722 1.111 16.76
-20.082 1.14 20.611
-18.596 4.7 20.723
-20.823 6.195 17.978

-24.121 4.191 18.24
-24.851 3.95 22.056
-28.388 2.791 20.948
-26.764 -0.701 20.406
-26.03 -3.285 23.117

-22.632 -5.104 22.857
-24.638 -8.32 22.08
-25.78 -6.667 18.791

-22.091 -6.816 17.576
-20.505 -10.124 16.488
-16.681 -10.041 16.081

-15.702 -13.116 14.035
-12.316 -14.303 15.372
-12.201 -17.837 13.813
-13.405 -19.799 10.735
-15.769 -21.82 13.07
-17.788 -18.808 14.317
-21.352 -17.917 13.159
-21.075 -14.973 10.701
-24.816 -14.102 11.273
-24.919 -14.166 15.127
-25.108 -10.332 15.536
-27.08 -7.466 13.995

-23.588 -6.14 13.038
-21.065 -8.833 11.965
-17.336 -7.898 11.803
-15.009 -10.302 9.887
-11.529 -10.295 8.291

-10.658 -10.74 4.577
-8.757 -14.009 5.375
-11.833 -15.546 7.113
-14.3 -14.769 4.222

-12.926 -17.715 2.14
-13.287 -20.073 5.183
-16.843 -18.74 5.845
-18.014 -18.815 2.139
-20.731 -21.415 3.044
-22.243 -18.836 5.512
-21.955 -15.894 2.989
-25.071 -17.433 1.278
-27.188 -15.451 3.825
-28.094 -12.137 2.052
-26.367 -9.235 3.842
-28.236 -6.215 2.36

-25.704 -3.677 3.792
-21.936 -4.298 3.429
-19.007 -2.145 4.602
-15.517 -3.11 3.36

-12.662 -1.237 5.059
-9.341 -0.865 3.151

-11.066 -2.352 0.031
-7.765 -2.207 -1.968
-7.252 -5.742 -0.456
-9.774 -6.866 -3.176

-7.558 -5.436 -6.054
-6.861 -8.909 -7.611
-9.913 -10.983 -8.736
-7.994 -14.348 -8.638
-7.386 -14.116 -4.839

-9.551 -16.269 -2.508
-10.568 -13.122 -0.487
-11.832 -11.409 -3.693
-13.586 -14.593 -5.006
-15.461 -14.905 -1.648
-16.313 -11.137 -1.332
-17.465 -10.353 -4.925
-20.7 -12.523 -5.003
-21.961 -10.786 -1.799
-21.004 -7.272 -3.064
-22.893 -7.826 -6.386
-26.148 -8.927 -4.576

-26.072 -6.644 -1.465
-28.372 -3.542 -1.704

-25.826 -1.116 -0.104
-22.019 -1.347 -0.629
-19.769 1.077 1.29
-16.145 0.543 0.177
-13.427 2.479 2.088

-9.739 3.065 1.181
-6.998 5.712 1.573
-5.29 4.301 -1.537
-8.002 2.778 -3.832
-5.263 1.979 -6.345
-1.844 1.044 -4.877
0.179 1.273 -8.156
-1.96 0.815 -11.364

-5.486 1.412 -12.884
-6.145 -2.396 -13.101
-6.402 -2.518 -9.223
-9.619 -0.37 -9.379
-11.628 -2.846 -11.528
-12.904 -5.026 -8.614
-13.981 -1.892 -6.643
-15.738 -0.406 -9.758
-17.759 -3.638 -10.376
-18.545 -3.926 -6.614
-20.104 -0.383 -6.596

-21.4774 -0.223492 -10.2312
-22.4267 -0.854093 -13.9053
-22.0489 2.7435 -15.058
-19.1535 2.07793 -17.3307
-20.9205 -1.03932 -18.8445
-22.4108 -4.34227 -19.9255
-18.885 -4.42329 -21.2957

-15.51 -2.72201 -20.8979
-14.5368 -5.09307 -18.0919
-15.4871 -8.11773 -20.1874
-13.4175 -6.86002 -23.1162
-10.3949 -6.32479 -20.8757
-10.6983 -9.83977 -19.463
-10.886 -11.3308 -22.9536
-7.78486 -9.42197 -24.0408

-4.89186 -11.953 -23.6628
-3.23286 -11.47 -27.1408
-3.88086 -15.179 -27.7568

-1.30386 -16.826 -30.0878
-1.55286 -20.174 -31.9298
1.72714 -22.017 -31.1728

2.72314 -25.499 -32.6008
1.67314 -27.066 -29.2138

-1.68286 -25.173 -28.8068
-2.84686 -21.69 -27.7128
-0.756855 -19.265 -25.6308

-2.76786 -16.794 -23.4368
0.163145 -15.178 -21.4778
-0.167855 -11.851 -23.3708
-2.38686 -8.76397 -23.0248
-4.51486 -6.70397 -25.4638
-7.26986 -4.00897 -25.5418

-6.80986 -3.29197 -21.7668
-8.64086 0.106026 -21.8658
-11.7409 -1.66997 -23.3228
-11.4159 -4.38397 -20.6188
-11.2349 -1.61597 -17.9258
-14.4429 0.0220263 -19.2948
-16.2759 -3.37297 -19.4038
-15.1639 -4.19597 -15.8168
-16.2229 -0.797974 -14.3298
-19.6249 -0.747974 -16.1428
-20.8019 -4.35697 -15.6078

-18.5709 -6.35897 -13.1418

-16.4379 -4.30097 -10.7578
-16.4959 -1.40697 -8.28679

-12.8929 -0.164974 -7.75379
-11.5859 2.83603 -5.76479
-8.01086 3.67103 -4.79079

-6.48486 5.15503 -1.56279
-5.87386 8.35903 -3.58479
-9.62886 8.60803 -4.48479
-11.0689 8.23803 -0.924791

-8.25786 8.73303 1.69721
-6.29686 11.968 0.866209
-4.88286 11.731 4.46621
-2.87786 8.46303 4.05021

0.921145 9.15703 4.03521
2.67414 8.42303 0.711209

4.33014 5.05303 -0.0317912
7.94614 5.90103 -1.00979
9.48314 3.01103 -3.01179
13.1621 2.51303 -3.95879
15.5241 -0.0959737 -5.36079
18.5651 -0.790974 -3.11979
21.3841 -2.34497 -5.17479

23.1641 -4.54597 -2.58379
26.8791 -4.72697 -3.39379

27.8631 -7.95797 -5.31679
31.4781 -7.48697 -3.98879
30.4401 -9.67897 -0.966791

29.3991 -12.468 -3.45179
32.5371 -14.649 -3.38579

34.0431 -15.922 -6.68379
32.7311 -19.54 -6.14279
29.1091 -18.342 -5.59179
29.3861 -16.012 -8.65279
30.8151 -18.857 -10.8048
27.8771 -21.074 -9.61979
25.3311 -18.339 -10.6178
27.1281 -17.941 -14.0078
27.0411 -21.767 -14.4388
23.2681 -22.076 -13.6908
22.5801 -19.024 -15.9588
24.5351 -20.7 -18.8458
22.7611 -24.013 -18.0548
19.2641 -22.461 -18.6388
20.3551 -21.13 -22.1098

21.8351 -24.46 -23.3618
20.0051 -25.558 -26.5668
20.1461 -29.338 -26.0318
18.2751 -29.499 -22.6468
14.7021 -30.727 -22.1398

11.9061 -28.34 -20.9858
12.2251 -30.002 -17.5228
16.0471 -29.543 -17.2338
15.4961 -25.841 -18.2048
12.9071 -25.488 -15.3298
15.2751 -27.308 -12.8928
18.2241 -25.016 -13.8498
15.8731 -21.978 -13.3938
14.8581 -23.18 -9.86979
18.5731 -23.761 -9.06279
19.5431 -20.24 -10.3348
16.7161 -18.701 -8.21979
17.6711 -20.65 -5.02179
21.4041 -19.733 -5.58879
20.3541 -16.043 -5.94879
18.7031 -16.232 -2.48879
21.8631 -17.813 -0.919791
24.1631 -15.252 -2.64779
22.1641 -12.278 -1.20179
22.1111 -13.474 2.49621
25.3981 -11.721 3.63321
24.4611 -8.28797 2.16121
20.7761 -8.64297 3.20121
22.1171 -9.19097 6.77221
24.5891 -6.24797 6.38521
21.6621 -3.99697 5.30221
19.3501 -5.14897 8.19221
22.1551 -4.38097 10.7032
22.8091 -0.930974 9.07821
19.0601 -0.133974 9.55421
19.1871 -1.14497 13.2792
22.5121 0.720026 13.8692

20.8541 3.79903 12.1862
18.3741 3.78403 15.1602
15.2051 2.48703 13.3692
12.5111 1.53403 15.8972
10.2581 -0.814974 13.7732

10.4771 -2.40997 10.2922
9.30914 -5.48597 8.32121
11.6791 -7.84797 6.44621
10.0931 -9.91497 3.64221
11.7141 -13.07 2.17121

10.3321 -16.371 0.694209
13.2101 -18.915 0.749209

13.3411 -20.599 4.20221
17.2041 -20.397 4.26021
16.9741 -16.54 4.01821
14.3711 -16.355 6.86221
16.5321 -18.79 8.94821
19.7971 -16.808 8.39421
18.1201 -13.429 9.24021
16.5671 -14.858 12.4792
19.9031 -16.491 13.5092
21.8451 -13.188 13.0892
19.1591 -11.175 14.9972
19.3771 -13.766 17.8622
23.2391 -13.542 17.7472

22.9511 -9.68697 18.0032
20.2831 -10.119 20.8042
17.7051 -8.15897 18.7022
14.1011 -8.84597 19.7712

12.0981 -9.83697 16.6602
9.01314 -11.805 15.4942
8.93514 -14.522 12.7782
5.93314 -15.623 10.6342

6.19914 -18.345 7.93621
4.36614 -21.441 6.52221
4.94414 -23.358 9.83121
3.51014 -20.609 12.1472
-0.00285518 -21.614 13.3362
-3.16586 -19.518 12.6802
-3.53886 -18.41 16.3682

0.219145 -17.768 16.9552
0.210145 -15.543 13.7882
-2.35086 -13.211 15.4522
-0.501855 -13.266 18.8362
2.93414 -12.478 17.2282
1.19314 -9.70897 15.2052
-0.140855 -8.22097 18.5052
3.33614 -8.60397 20.1582
4.98414 -6.58797 17.2902
2.13614 -3.98797 17.3402
2.06214 -3.42397 21.1512

5.69514 -4.08697 22.2852
8.27914 -1.30497 21.5992
11.0821 -3.93297 22.0492
10.2711 -5.93697 18.8712
12.2401 -3.95597 16.2502

12.0981 -6.47997 13.3372
9.33814 -8.65097 11.8582
10.8001 -11.513 9.72821
7.94414 -12.423 7.35521
7.37014 -14.951 4.56721

6.05814 -13.055 1.46621
3.62914 -15.965 0.757209
2.56614 -16.814 4.35421
2.07914 -13.22 5.72121
0.357145 -11.691 2.58821
-3.10386 -12.165 4.27621
-5.10186 -11.209 7.42721
-2.33486 -9.44297 9.42221
-1.88586 -5.67097 10.1072
1.56714 -4.12797 10.8162
0.730145 -0.392974 11.2622
3.44014 -0.0609737 14.0152
6.22414 -0.125974 11.3422
7.10814 2.67903 8.84521

9.55514 0.602026 6.70321
9.24614 -2.56197 4.56121
12.4131 -4.32897 3.27621
12.0361 -6.96197 0.532209

15.1961 -9.08497 0.976209
13.9871 -11.105 -2.05479
11.9761 -10.302 -5.20279
8.78314 -12.267 -5.99879
7.69714 -12.821 -9.66579
4.05114 -11.849 -8.92079

3.51114 -8.07197 -8.27279
0.0381448 -8.61997 -6.70979
1.73914 -10.487 -3.78979
4.35814 -7.69097 -3.37479
1.52114 -5.06297 -3.22079
-0.358855 -7.30297 -0.685791
2.81914 -7.30997 1.49421
3.29314 -3.45897 1.26221

-0.404855 -2.98397 2.28021
0.269145 -4.83097 5.56421
1.89014 -1.55097 6.82921
-0.0418552 0.971026 4.68421
-3.42586 0.478026 6.50821
-5.96586 2.65203 8.39121
-4.04186 3.59403 11.5882
-0.733855 4.36603 9.76621
0.495145 7.96603 10.4802
4.01714 7.89703 8.86721
5.12014 7.86003 5.18121

5.74214 4.17903 4.35821
9.23214 3.35803 3.02621
9.49414 0.307026 0.691209
13.0551 -0.944974 -0.0497912
13.5591 -3.62897 -2.76179
16.9791 -5.32397 -2.25379
18.5121 -6.33997 -5.65679

21.9011 -7.83997 -6.67879
23.6021 -7.32097 -10.1078
24.7081 -10.686 -11.6318
21.6851 -12.661 -10.2138
18.0131 -13.661 -10.8398

17.0011 -10.077 -9.76079
18.3201 -8.73297 -13.1448
15.5401 -10.741 -14.9548
12.8411 -10.664 -12.2208
12.8051 -6.84997 -11.8008
11.9941 -6.00797 -15.5148
9.40914 -8.89497 -15.4648
7.70014 -7.45797 -12.3208
7.71314 -3.94497 -13.9378
6.02014 -5.02797 -17.2198
3.41914 -6.95297 -15.1048
2.57714 -3.81797 -12.9858
2.21714 -1.82597 -16.2578
-0.255855 -4.47097 -17.6228
-2.17786 -4.20497 -14.2908
-2.16286 -0.340974 -14.4548
-3.38986 -0.256974 -18.1248

-6.26286 -2.57897 -17.0078
-7.06286 -0.0369737 -14.1628
-5.98686 -2.63797 -11.5188
-2.96686 -0.730974 -10.0428
-1.79186 2.88403 -9.47079
1.66614 1.44503 -8.73579
4.14014 2.58103 -11.3808
7.58014 0.909026 -10.9078
9.46514 2.71503 -13.7968

10.4711 5.80403 -11.7148
12.5191 3.61503 -9.27179
14.8661 2.29803 -12.0508
15.7171 5.69503 -13.6098

16.9821 6.65403 -10.0798
19.4671 3.68103 -9.65679

End chain 1
