-13.201 -6.296 -53.957
-10.703 -3.406 -53.291
-9.54 -3.087 -49.639
-11.02 0.322 -48.639
-8.614 1.85 -46.053
-10.787 3.126 -43.162

-9.634 6.195 -41.181
-10.061 4.9 -37.589
-10.286 6.838 -34.306
-12.195 7.103 -30.979
-14.163 9.439 -28.711
-12.619 10.223 -25.263
-14.157 12.207 -22.344

-11.943 15.248 -21.466
-14.301 16.978 -18.949
-17.827 16.65 -17.399
-19.139 18.761 -20.353

-16.752 17.96 -23.312
-15.482 14.956 -25.281
-12.62 14.751 -27.824
-12.437 12.939 -31.204
-8.982 11.264 -31.393
-8.672 10.357 -35.1

-6.282 10.744 -38.079
-6.98 13.557 -40.6
-9.895 13.022 -43.051

-11.208 15.853 -45.293
-14.92 14.856 -45.011
-14.611 14.37 -41.226
-13.015 17.857 -40.827
-15.875 19.254 -42.999
-18.403 17.482 -40.669
-16.559 18.759 -37.515
-16.844 22.341 -38.957

-20.697 21.797 -39.029
-20.861 21.033 -35.24
-22.116 23.933 -33.104
-20.016 23.255 -29.939
-16.791 22.621 -31.971

-13.393 23.436 -30.391
-10.011 22.816 -32.063
-6.805 22.812 -29.99

-3.883 23.919 -32.209
-1.328 22.314 -29.773
-2.753 18.736 -29.691
-4.334 19.137 -33.217

-7.578 17.622 -31.79
-11.313 18.386 -31.995
-13.683 18.544 -28.991
-17.466 19.001 -28.65
-20.131 19.402 -25.91

-21.257 16.038 -24.476
-24.923 16.743 -25.497
-23.731 16.722 -29.178
-22.178 13.179 -28.839
-25.228 11.354 -30.322
-25.57 14.044 -33.093
-21.852 13.682 -34.021
-21.815 9.829 -34.037
-25.045 9.774 -36.128
-23.507 12.176 -38.75
-20.093 10.348 -38.803

-22.4363 7.55259 -39.9801
-25.8015 8.35766 -41.3964
-28.5239 9.37216 -43.9471
-31.1213 11.1771 -41.7185
-28.9724 12.9966 -39.1256

-26.4081 11.4306 -36.8644
-23.2178 11.9336 -34.692
-19.6971 10.8625 -33.4584
-18.5446 13.612 -35.9703

-21.0996 15.202 -33.5263
-20.7436 15.856 -29.7813
-21.2316 12.422 -28.0643
-24.6756 11.502 -26.6413
-23.1166 11.782 -23.1243
-22.4156 15.533 -23.6813
-25.8456 16.149 -25.3003
-27.5046 14.484 -22.2473
-25.3016 16.476 -19.7783

-25.9096 19.872 -21.5233
-29.5496 19.106 -22.5833
-30.7326 22.435 -20.9923

-28.0956 24.547 -22.8323
-28.8816 22.753 -26.1653
-32.5126 24.1 -25.7783

-31.8956 27.755 -24.6663
-31.4036 30.609 -27.2063
-30.3756 32.756 -24.1653
-27.2556 33.159 -21.9773
-28.9116 32.583 -18.5913
-26.0766 31.54 -16.2493
-26.6126 28.308 -14.2033

-30.1006 28.345 -12.5633
-29.6796 29.161 -8.85729
-29.4596 25.985 -6.77529
-32.6956 25.952 -4.68929
-32.1576 25.899 -0.913293
-33.1866 22.504 0.473707

-35.6086 22.203 3.39871
-33.2706 20.804 6.10571
-35.9586 20.972 8.91771
-36.0406 17.112 9.05371
-32.2016 17.102 9.58471
-30.7016 17.259 13.0997

-30.4016 21.027 14.0437
-26.8726 20.462 15.5017
-25.6776 19.422 11.9977
-27.6126 22.138 10.0607
-26.2836 24.961 12.3507
-22.6196 23.773 11.9917

-22.5686 23.775 8.12571
-20.3266 26.54 6.71671

-21.9876 28.645 3.89371
-20.1126 26.736 1.12671
-20.9456 23.355 2.79671
-24.6776 24.36 2.80771
-24.4436 25.271 -0.922293
-22.8246 21.808 -1.52329
-25.6696 20.028 0.374707
-28.2446 22.037 -1.67829
-26.4366 21.118 -4.97329
-26.3116 17.412 -3.98429
-30.0776 17.444 -3.14129
-30.9056 19.296 -6.43429

-28.8546 16.598 -8.34129
-31.0956 14.001 -6.53929
-28.3936 12.653 -4.13929

-26.2336 11.306 -7.04329
-22.8376 13.071 -7.10629
-19.0906 12.965 -6.59029
-18.1766 15.494 -3.84829

-14.5756 16.148 -4.99729

-14.0166 19.142 -2.64429
-10.3856 19.558 -1.49229

-8.92961 17.668 1.52871
-10.2426 18.909 4.91471
-13.1146 21.122 3.50471
-15.5876 18.934 5.53871

-16.7256 16.307 2.96171
-17.8936 14.034 5.86471
-20.2446 16.667 7.44671
-21.7576 17.459 3.98471
-22.1636 13.691 3.22071
-23.9016 12.995 6.59171
-26.2966 15.949 5.92871
-27.1286 14.808 2.32571
-27.7276 11.23 3.59371
-29.8366 12.473 6.59171
-32.1086 14.484 4.20871

-32.7816 11.011 2.63771

-33.2656 9.24605 6.11171
-36.7676 8.09605 4.90071
-34.9316 5.99705 2.19271
-32.5076 4.08505 4.54071
-30.8626 1.54005 5.30071

-27.6556 3.50505 4.61871
-24.4326 1.81605 3.39971
-21.1166 3.62505 4.12771
-18.0136 2.21405 2.35371
-14.7106 3.59605 3.73371

-10.9316 2.93705 4.11671
-10.2976 0.133048 6.69771
-8.73761 2.64805 9.22371
-11.5706 5.31305 9.32971

-14.6396 3.08505 10.1337
-14.7766 4.20005 13.8057
-14.0356 7.85105 12.7607
-17.2466 7.64905 10.6367
-19.2956 6.05605 13.5057
-18.1496 8.87305 15.8597
-18.9906 11.429 13.0997
-22.6036 10.064 12.8907
-22.9636 10.093 16.7417
-21.4776 13.653 16.8537
-23.7046 15.148 14.1087

-27.0026 13.144 14.3707
-27.7326 12.903 18.1867
-31.2696 11.744 17.0787
-29.6456 8.25205 16.5367
-28.9116 5.66805 19.2477

-25.5136 3.84905 18.9877
-27.5196 0.633048 18.2107
-28.6616 2.28605 14.9217

-24.9726 2.13705 13.7067
-23.3866 -1.17095 12.6187
-19.5626 -1.08795 12.2117

-18.5836 -4.16295 10.1657
-15.1976 -5.34995 11.5027
-15.0826 -8.88395 9.94371
-16.2866 -10.846 6.86571
-18.6506 -12.867 9.20071
-20.6696 -9.85495 10.4477
-24.2336 -8.96395 9.28971
-23.9566 -6.01995 6.83171
-27.6976 -5.14895 7.40371
-27.8006 -5.21295 11.2577
-27.9896 -1.37895 11.6667
-29.9616 1.48705 10.1257

-26.4696 2.81305 9.16871
-23.9466 0.120048 8.09571
-20.2176 1.05505 7.93371
-17.8906 -1.34895 6.01771
-14.4106 -1.34195 4.42171

-13.5396 -1.78695 0.707707
-11.6386 -5.05595 1.50571
-14.7146 -6.59295 3.24371
-17.1816 -5.81595 0.352707

-15.8076 -8.76195 -1.72929
-16.1686 -11.12 1.31371
-19.7246 -9.78695 1.97571
-20.8956 -9.86195 -1.73029
-23.6126 -12.462 -0.825293
-25.1246 -9.88295 1.64271
-24.8366 -6.94095 -0.880293
-27.9526 -8.47995 -2.59129
-30.0696 -6.49795 -0.0442934
-30.9756 -3.18395 -1.81729
-29.2486 -0.281952 -0.0272934
-31.1176 2.73805 -1.50929

-28.5856 5.27605 -0.0772934
-24.8176 4.65505 -0.440293
-21.8886 6.80805 0.732707
-18.3986 5.84305 -0.509293

-15.5436 7.71605 1.18971
-12.2226 8.08805 -0.718293

-13.9476 6.60105 -3.83829
-10.6466 6.74605 -5.83729
-10.1336 3.21105 -4.32529
-12.6556 2.08705 -7.04529

-10.4396 3.51705 -9.92329
-9.74261 0.0440482 -11.4803
-12.7946 -2.02995 -12.6053
-10.8756 -5.39495 -12.5073
-10.2676 -5.16295 -8.70829

-12.4326 -7.31595 -6.37729
-13.4496 -4.16895 -4.35629
-14.7136 -2.45595 -7.56229
-16.4676 -5.63995 -8.87529
-18.3426 -5.95195 -5.51729
-19.1946 -2.18395 -5.20129
-20.3466 -1.39995 -8.79429
-23.5816 -3.56995 -8.87229
-24.8426 -1.83295 -5.66829
-23.8856 1.68105 -6.93329
-25.7746 1.12705 -10.2553
-29.0296 0.0260482 -8.44529

-28.9536 2.30905 -5.33429
-31.2536 5.41105 -5.57329

-28.7076 7.83705 -3.97329
-24.9006 7.60605 -4.49829
-22.6506 10.03 -2.57929
-19.0266 9.49605 -3.69229
-16.3086 11.432 -1.78129

-12.6206 12.018 -2.68829
-9.87961 14.665 -2.29629
-8.17161 13.254 -5.40629
-10.8836 11.731 -7.70129
-8.14461 10.932 -10.2143
-4.72561 9.99705 -8.74629
-2.70261 10.226 -12.0253
-4.84161 9.76805 -15.2333

-8.36761 10.365 -16.7533
-9.02661 6.55705 -16.9703
-9.28361 6.43505 -13.0923
-12.5006 8.58305 -13.2483
-14.5096 6.10705 -15.3973
-15.7856 3.92705 -12.4833
-16.8626 7.06105 -10.5123
-18.6196 8.54705 -13.6273
-20.6406 5.31505 -14.2453
-21.4266 5.02705 -10.4833
-22.9856 8.57005 -10.4653

-24.4886 8.29905 -14.0413
-24.8736 4.58305 -15.1263
-26.0536 5.70205 -18.6493
-22.8166 7.66305 -19.3773
-20.2186 5.71705 -21.4613
-21.7816 2.16805 -21.0983
-18.4576 0.736048 -22.4403

-14.9826 1.93405 -21.2983
-13.6006 1.93105 -24.9013
-15.7476 4.98605 -25.8993
-14.4466 6.92205 -22.8283
-10.8466 5.75405 -23.5373
-10.9096 6.79105 -27.2533
-12.1196 10.319 -26.2993
-10.2846 11.133 -23.0113

-7.39161 8.60205 -22.6333
-5.73261 9.08505 -26.1113
-6.38061 5.37605 -26.7273

-3.80361 3.72905 -29.0583
-4.05261 0.381048 -30.9003
-0.772613 -1.46195 -30.1433

0.223387 -4.94395 -31.5713
-0.826613 -6.51095 -28.1843

-4.18261 -4.61795 -27.7773
-5.34661 -1.13495 -26.6833
-3.25661 1.29005 -24.6013

-5.26761 3.76105 -22.4073
-2.33661 5.37705 -20.4483
-2.66761 8.70405 -22.3413
-4.88661 11.791 -21.9953
-7.01461 13.851 -24.4343
-9.76961 16.546 -24.5123

-9.30961 17.263 -20.7373
-11.1406 20.661 -20.8363
-14.2406 18.885 -22.2933
-13.9156 16.171 -19.5893
-13.7346 18.939 -16.8963
-16.9426 20.577 -18.2653
-18.7756 17.182 -18.3743
-17.6636 16.359 -14.7873
-18.7226 19.757 -13.3003
-22.1246 19.807 -15.1133
-23.3016 16.198 -14.5783

-21.0706 14.196 -12.1123

-18.9376 16.254 -9.72829
-18.9956 19.148 -7.25729

-15.3926 20.39 -6.72429
-14.0856 23.391 -4.73529
-10.5106 24.226 -3.76129

-8.98461 25.71 -0.533293
-8.37361 28.914 -2.55529
-12.1286 29.163 -3.45529
-13.5686 28.793 0.104707

-10.7576 29.288 2.72671
-8.79661 32.523 1.89571
-7.38261 32.286 5.49571
-5.37761 29.018 5.07971

-1.57861 29.712 5.06471
0.174387 28.978 1.74071

1.83039 25.608 0.997707
5.44639 26.456 0.0197066
6.98339 23.566 -1.98229
10.6624 23.068 -2.92929
13.0244 20.459 -4.33129
16.0654 19.764 -2.09029
18.8844 18.21 -4.14529

20.6644 16.009 -1.55429
24.3794 15.828 -2.36429

25.3634 12.597 -4.28729
28.9784 13.068 -2.95929
27.9404 10.876 0.0627066

26.8994 8.08705 -2.42229
30.0374 5.90605 -2.35629

31.5434 4.63305 -5.65429
30.2314 1.01505 -5.11329
26.6094 2.21305 -4.56229
26.8864 4.54305 -7.62329
28.3154 1.69805 -9.77529
25.3774 -0.518952 -8.59029
22.8314 2.21605 -9.58829
24.6284 2.61405 -12.9783
24.5414 -1.21195 -13.4093
20.7684 -1.52095 -12.6613
20.0804 1.53105 -14.9293
22.0354 -0.144952 -17.8163
20.2614 -3.45795 -17.0253
16.7644 -1.90595 -17.6093
17.8554 -0.574952 -21.0803

19.3354 -3.90495 -22.3323
17.5054 -5.00295 -25.5373
17.6464 -8.78295 -25.0023
15.7754 -8.94395 -21.6173
12.2024 -10.172 -21.1103

9.40639 -7.78495 -19.9563
9.72539 -9.44695 -16.4933
13.5474 -8.98795 -16.2043
12.9964 -5.28595 -17.1753
10.4074 -4.93295 -14.3003
12.7754 -6.75295 -11.8633
15.7244 -4.46095 -12.8203
13.3734 -1.42295 -12.3643
12.3584 -2.62495 -8.84029
16.0734 -3.20595 -8.03329
17.0434 0.315048 -9.30529
14.2164 1.85405 -7.19029
15.1714 -0.0949518 -3.99229
18.9044 0.822048 -4.55929
17.8544 4.51205 -4.91929
16.2034 4.32305 -1.45929
19.3634 2.74205 0.109707
21.6634 5.30305 -1.61829
19.6644 8.27705 -0.172293
19.6114 7.08105 3.52571
22.8984 8.83405 4.66271
21.9614 12.267 3.19071
18.2764 11.912 4.23071
19.6174 11.364 7.80171
22.0894 14.307 7.41471
19.1624 16.558 6.33171
16.8504 15.406 9.22171
19.6554 16.174 11.7327
20.3094 19.624 10.1077
16.5604 20.421 10.5837
16.6874 19.41 14.3087
20.0124 21.275 14.8987

18.3544 24.354 13.2157
15.8744 24.339 16.1897
12.7054 23.042 14.3987
10.0114 22.089 16.9267
7.75839 19.74 14.8027

7.97739 18.145 11.3217
6.80939 15.069 9.35071
9.17939 12.707 7.47571
7.59339 10.64 4.67171
9.21439 7.48505 3.20071

7.83239 4.18405 1.72371
10.7104 1.64005 1.77871

10.8414 -0.0439518 5.23171
14.7044 0.158048 5.28971
14.4744 4.01505 5.04771
11.8714 4.20005 7.89171
14.0324 1.76505 9.97771
17.2974 3.74705 9.42371
15.6204 7.12605 10.2697
14.0674 5.69705 13.5087
17.4034 4.06405 14.5387
19.3454 7.36705 14.1187
16.6594 9.38005 16.0267
16.8774 6.78905 18.8917
20.7394 7.01305 18.7767

20.4514 10.868 19.0327
17.7834 10.436 21.8337
15.2054 12.396 19.7317
11.6014 11.709 20.8007

9.59839 10.718 17.6897
6.51339 8.75005 16.5237
6.43539 6.03305 13.8077
3.43339 4.93205 11.6637

3.69939 2.21005 8.96571
1.86639 -0.885952 7.55171
2.44439 -2.80295 10.8607
1.01039 -0.0539518 13.1767
-2.50261 -1.05895 14.3657
-5.66561 1.03705 13.7097
-6.03861 2.14505 17.3977

-2.28061 2.78705 17.9847
-2.28961 5.01205 14.8177
-4.85061 7.34405 16.4817
-3.00161 7.28905 19.8657
0.434387 8.07705 18.2577
-1.30661 10.846 16.2347
-2.64061 12.334 19.5347
0.836387 11.951 21.1877
2.48439 13.967 18.3197
-0.363613 16.567 18.3697
-0.437613 17.131 22.1807

3.19539 16.468 23.3147
5.77939 19.25 22.6287
8.58239 16.622 23.0787
7.77139 14.618 19.9007
9.74039 16.599 17.2797

9.59839 14.075 14.3667
6.83839 11.904 12.8877
8.30039 9.04205 10.7577
5.44439 8.13205 8.38471
4.87039 5.60405 5.59671

3.55839 7.50005 2.49571
1.12939 4.59005 1.78671
0.0663874 3.74105 5.38371
-0.420613 7.33505 6.75071
-2.14261 8.86405 3.61771
-5.60361 8.39005 5.30571
-7.60161 9.34605 8.45671
-4.83461 11.112 10.4517
-4.38561 14.884 11.1367
-0.932613 16.427 11.8457
-1.76961 20.162 12.2917
0.940387 20.494 15.0447
3.72439 20.429 12.3717
4.60839 23.234 9.87471

7.05539 21.157 7.73271
6.74639 17.993 5.59071
9.91339 16.226 4.30571
9.53639 13.593 1.56171

12.6964 11.47 2.00571
11.4874 9.45005 -1.02529
9.47639 10.253 -4.17329
6.28339 8.28805 -4.96929
5.19739 7.73405 -8.63629
1.55139 8.70605 -7.89129

1.01139 12.483 -7.24329
-2.46161 11.935 -5.68029
-0.760613 10.068 -2.76029
1.85839 12.864 -2.34529
-0.978613 15.492 -2.19129
-2.85861 13.252 0.343707
0.319387 13.245 2.52371
0.793387 17.096 2.29171

-2.90461 17.571 3.30971
-2.23061 15.724 6.59371
-0.609613 19.004 7.85871
-2.54161 21.526 5.71371
-5.92561 21.033 7.53771
-8.46561 23.207 9.42071
-6.54161 24.149 12.6177
-3.23361 24.921 10.7957
-2.00461 28.521 11.5097
1.51739 28.452 9.89671
2.62039 28.415 6.21071

3.24239 24.734 5.38771
6.73239 23.913 4.05571
6.99439 20.862 1.72071
10.5554 19.61 0.979707
11.0594 16.926 -1.73229
14.4794 15.231 -1.22429
16.0124 14.215 -4.62729

19.4014 12.715 -5.64929
21.1024 13.234 -9.07829
22.2084 9.86905 -10.6023
19.1854 7.89405 -9.18429
15.5134 6.89405 -9.81029

14.5014 10.478 -8.73129
15.8204 11.822 -12.1153
13.0404 9.81405 -13.9253
10.3414 9.89105 -11.1913
10.3054 13.705 -10.7713
9.49439 14.547 -14.4853
6.90939 11.66 -14.4353
5.20039 13.097 -11.2913
5.21339 16.61 -12.9083
3.52039 15.527 -16.1903
0.919387 13.602 -14.0753
0.0773874 16.737 -11.9563
-0.282613 18.729 -15.2283
-2.75561 16.084 -16.5933
-4.67761 16.35 -13.2613
-4.66261 20.214 -13.4253
-5.88961 20.298 -17.0953

-8.76261 17.976 -15.9783
-9.56261 20.518 -13.1333
-8.48661 17.917 -10.4893
-5.46661 19.824 -9.01329
-4.29161 23.439 -8.44129
-0.833613 22 -7.70629
1.64039 23.136 -10.3513
5.08039 21.464 -9.87829
6.96539 23.27 -12.7673

7.97139 26.359 -10.6853
10.0194 24.17 -8.24229
12.3664 22.853 -11.0213
13.2174 26.25 -12.5803

14.4824 27.209 -9.05029
16.9674 24.236 -8.62729

End chain 1
