0 0 0
0 0 3.8344
-0.0262924 -0.037653 7.60296
-1.6888 3.25435 8.19494
1.25812 5.53331 9.04264
2.30705 4.0164 5.61108

1.11387 2.23041 2.40407
0.770671 -1.45152 1.20971
0.317471 -5.14794 0.601479
-1.36986 -6.54406 -2.53985
-2.34434 -8.76456 -5.36528
-5.1826 -9.82819 -3.19306
-8.48449 -8.32913 -4.18032

-6.27049 -5.28813 -3.30232
-8.62849 -3.55813 -0.785324
-12.1545 -3.88613 0.764676
-13.4665 -1.77513 -2.18932

-11.0795 -2.57613 -5.14832
-9.80949 -5.58013 -7.11732
-6.94749 -5.78513 -9.66032
-6.76449 -7.59713 -13.0403
-3.30949 -9.27213 -13.2293
-2.99949 -10.1791 -16.9363

-0.609494 -9.79213 -19.9153
-1.30749 -6.97913 -22.4363
-4.22249 -7.51413 -24.8873

-5.53549 -4.68313 -27.1293
-9.24749 -5.68013 -26.8473
-8.93849 -6.16613 -23.0623
-7.34249 -2.67913 -22.6633
-10.2025 -1.28213 -24.8353
-12.7305 -3.05413 -22.5053
-10.8865 -1.77713 -19.3513
-11.1715 1.80487 -20.7933

-15.0245 1.26087 -20.8653
-15.1885 0.496868 -17.0763
-16.4435 3.39687 -14.9403
-14.3435 2.71887 -11.7753
-11.1185 2.08487 -13.8073

-7.72049 2.89987 -12.2273
-4.33849 2.27987 -13.8993
-1.13249 2.27587 -11.8263

1.78951 3.38287 -14.0453
4.34451 1.77787 -11.6093
2.91951 -1.80013 -11.5273
1.33851 -1.39913 -15.0533

-1.90549 -2.91413 -13.6263
-5.64049 -2.15013 -13.8313
-8.01049 -1.99213 -10.8273
-11.7935 -1.53513 -10.4863
-14.4585 -1.13413 -7.74632

-15.5845 -4.49813 -6.31232
-19.2505 -3.79313 -7.33332
-18.0585 -3.81413 -11.0143
-16.5055 -7.35713 -10.6753
-19.5555 -9.18213 -12.1583
-19.8975 -6.49213 -14.9293
-16.1795 -6.85413 -15.8573
-16.1425 -10.7071 -15.8733
-19.3725 -10.7621 -17.9643
-17.8345 -8.36013 -20.5863
-14.4205 -10.1881 -20.6393

-16.1205 -13.5881 -21.3633
-17.2895 -11.9901 -24.6703
-13.6555 -11.3401 -25.8273
-12.0045 -13.9731 -28.0973
-8.57849 -15.3361 -26.9573

-8.78749 -13.7471 -23.3983
-9.09249 -15.7171 -20.1153
-9.46949 -13.5721 -16.9503
-9.99049 -15.8771 -13.9373

-12.5455 -14.2871 -11.4933
-12.1895 -13.6331 -7.74832
-12.6775 -17.0671 -6.03132
-16.1215 -17.9871 -4.60832
-14.5625 -17.7071 -1.09132
-13.8615 -13.9561 -1.64832
-17.2915 -13.3401 -3.26732
-18.9505 -15.0051 -0.214324
-16.7475 -13.0131 2.25468

-17.3555 -9.61713 0.509676
-20.9955 -10.3831 -0.550324
-22.1785 -7.05413 1.04068

-19.5415 -4.94213 -0.799324
-20.3275 -6.73613 -4.13232
-23.9585 -5.38913 -3.74532

-23.3415 -1.73413 -2.63332
-22.8495 1.11987 -5.17332
-21.8215 3.26687 -2.13232
-18.7015 3.66987 0.0556762
-20.3575 3.09387 3.44168
-17.5225 2.05087 5.78368
-18.0585 -1.18113 7.82968

-21.5465 -1.14413 9.46968
-21.1255 -0.328132 13.1757
-20.9055 -3.50413 15.2577
-24.1415 -3.53713 17.3437
-23.6035 -3.59013 21.1197
-24.6325 -6.98513 22.5067

-27.0545 -7.28613 25.4317
-24.7165 -8.68513 28.1387
-27.4045 -8.51713 30.9507
-27.4865 -12.3771 31.0867
-23.6475 -12.3871 31.6177
-22.1475 -12.2301 35.1327

-21.8475 -8.46213 36.0767
-18.3185 -9.02713 37.5347
-17.1235 -10.0671 34.0307
-19.0585 -7.35113 32.0937
-17.7295 -4.52813 34.3837
-14.0655 -5.71613 34.0247

-14.0145 -5.71413 30.1587
-11.7725 -2.94913 28.7497

-13.4335 -0.844132 25.9267
-11.5585 -2.75313 23.1597
-12.3915 -6.13413 24.8297
-16.1235 -5.12913 24.8407
-15.8895 -4.21813 21.1107
-14.2705 -7.68113 20.5097
-17.1155 -9.46113 22.4077
-19.6905 -7.45213 20.3547
-17.8825 -8.37113 17.0597
-17.7575 -12.0771 18.0487
-21.5235 -12.0451 18.8917
-22.3515 -10.1931 15.5987

-20.3005 -12.8911 13.6917
-22.5415 -15.4881 15.4937
-19.8395 -16.8361 17.8937

-17.6795 -18.1831 14.9897
-14.2835 -16.4181 14.9267
-10.5365 -16.5241 15.4427
-9.62249 -13.9951 18.1847

-6.02149 -13.3411 17.0357

-5.46249 -10.3471 19.3887
-1.83149 -9.93113 20.5407

-0.375494 -11.8211 23.5617
-1.68849 -10.5801 26.9477
-4.56049 -8.36713 25.5377
-7.03349 -10.5551 27.5717

-8.17149 -13.1821 24.9947
-9.33949 -15.4551 27.8977
-11.6905 -12.8221 29.4797
-13.2035 -12.0301 26.0177
-13.6095 -15.7981 25.2537
-15.3475 -16.4941 28.6247
-17.7425 -13.5401 27.9617
-18.5745 -14.6811 24.3587
-19.1735 -18.2591 25.6267
-21.2825 -17.0161 28.6247
-23.5545 -15.0051 26.2417

-24.2275 -18.4781 24.6707

-24.7115 -20.2431 28.1447
-28.2135 -21.3931 26.9337
-26.3775 -23.4921 24.2257
-23.9535 -25.4041 26.5737
-22.3085 -27.9491 27.3337

-19.1015 -25.9841 26.6517
-15.8785 -27.6731 25.4327
-12.5625 -25.8641 26.1607
-9.45949 -27.2751 24.3867
-6.15649 -25.8931 25.7667

-2.37749 -26.5521 26.1497
-1.74349 -29.3561 28.7307
-0.183494 -26.8411 31.2567
-3.01649 -24.1761 31.3627

-6.08549 -26.4041 32.1667
-6.22249 -25.2891 35.8387
-5.48149 -21.6381 34.7937
-8.69249 -21.8401 32.6697
-10.7415 -23.4331 35.5387
-9.59549 -20.6161 37.8927
-10.4365 -18.0601 35.1327
-14.0495 -19.4251 34.9237
-14.4095 -19.3961 38.7747
-12.9235 -15.8361 38.8867
-15.1505 -14.3411 36.1417

-18.4485 -16.3451 36.4037
-19.1785 -16.5861 40.2197
-22.7155 -17.7451 39.1117
-21.0915 -21.2371 38.5697
-20.3575 -23.8211 41.2807

-16.9595 -25.6401 41.0207
-18.9655 -28.8561 40.2437
-20.1075 -27.2031 36.9547

-16.4185 -27.3521 35.7397
-14.8325 -30.6601 34.6517
-11.0085 -30.5771 34.2447

-10.0295 -33.6521 32.1987
-6.64349 -34.8391 33.5357
-6.52849 -38.3731 31.9767
-7.73249 -40.3351 28.8987
-10.0965 -42.3561 31.2337
-12.1155 -39.3441 32.4807
-15.6795 -38.4531 31.3227
-15.4025 -35.5091 28.8647
-19.1435 -34.6381 29.4367
-19.2465 -34.7021 33.2907
-19.4355 -30.8681 33.6997
-21.4075 -28.0021 32.1587

-17.9155 -26.6761 31.2017
-15.3925 -29.3691 30.1287
-11.6635 -28.4341 29.9667
-9.33649 -30.8381 28.0507
-5.85649 -30.8311 26.4547

-4.98549 -31.2761 22.7407
-3.08449 -34.5451 23.5387
-6.16049 -36.0821 25.2767
-8.62749 -35.3051 22.3857

-7.25349 -38.2511 20.3037
-7.61449 -40.6091 23.3467
-11.1705 -39.2761 24.0087
-12.3415 -39.3511 20.3027
-15.0585 -41.9511 21.2077
-16.5705 -39.3721 23.6757
-16.2825 -36.4301 21.1527
-19.3985 -37.9691 19.4417
-21.5155 -35.9871 21.9887
-22.4215 -32.6731 20.2157
-20.6945 -29.7711 22.0057
-22.5635 -26.7511 20.5237

-20.0315 -24.2131 21.9557
-16.2635 -24.8341 21.5927
-13.3345 -22.6811 22.7657
-9.84449 -23.6461 21.5237

-6.98949 -21.7731 23.2227
-3.66849 -21.4011 21.3147

-5.39349 -22.8881 18.1947
-2.09249 -22.7431 16.1957
-1.57949 -26.2781 17.7077
-4.10149 -27.4021 14.9877

-1.88549 -25.9721 12.1097
-1.18849 -29.4451 10.5527
-4.24049 -31.5191 9.42768
-2.32149 -34.8841 9.52568
-1.71349 -34.6521 13.3247

-3.87849 -36.8051 15.6557
-4.89549 -33.6581 17.6767
-6.15949 -31.9451 14.4707
-7.91349 -35.1291 13.1577
-9.78849 -35.4411 16.5157
-10.6405 -31.6731 16.8317
-11.7925 -30.8891 13.2387
-15.0275 -33.0591 13.1607
-16.2885 -31.3221 16.3647
-15.3315 -27.8081 15.0997
-17.2205 -28.3621 11.7777
-20.4755 -29.4631 13.5877

-20.3995 -27.1801 16.6987
-22.6995 -24.0781 16.4597

-20.1535 -21.6521 18.0597
-16.3465 -21.8831 17.5347
-14.0965 -19.4591 19.4537
-10.4725 -19.9931 18.3407
-7.75449 -18.0571 20.2517

-4.06649 -17.4711 19.3447
-1.32549 -14.8241 19.7367
0.382506 -16.2351 16.6267
-2.32949 -17.7581 14.3317
0.409506 -18.5571 11.8187
3.82851 -19.4921 13.2867
5.85151 -19.2631 10.0077
3.71251 -19.7211 6.79968

0.186506 -19.1241 5.27968
-0.472494 -22.9321 5.06268
-0.729494 -23.0541 8.94068
-3.94649 -20.9061 8.78468
-5.95549 -23.3821 6.63568
-7.23149 -25.5621 9.54968
-8.30849 -22.4281 11.5207
-10.0655 -20.9421 8.40568
-12.0865 -24.1741 7.78768
-12.8725 -24.4621 11.5497
-14.4315 -20.9191 11.5677

-15.9345 -21.1901 7.99168
-16.3195 -24.9061 6.90668
-17.4995 -23.7871 3.38368
-14.2625 -21.8261 2.65568
-11.6645 -23.7721 0.571676
-13.2275 -27.3211 0.934676
-9.90349 -28.7531 -0.407324

-6.42849 -27.5551 0.734676
-5.04649 -27.5581 -2.86832
-7.19349 -24.5031 -3.86632
-5.89249 -22.5671 -0.795324
-2.29249 -23.7351 -1.50432
-2.35549 -22.6981 -5.22032
-3.56549 -19.1701 -4.26632
-1.73049 -18.3561 -0.978324

1.16251 -20.8871 -0.600324
2.82151 -20.4041 -4.07832
2.17351 -24.1131 -4.69432

4.75051 -25.7601 -7.02532
4.50151 -29.1081 -8.86732
7.78151 -30.9511 -8.11032

8.77751 -34.4331 -9.53832
7.72751 -36.0001 -6.15132

4.37151 -34.1071 -5.74432
3.20751 -30.6241 -4.65032
5.29751 -28.1991 -2.56832

3.28651 -25.7281 -0.374324
6.21751 -24.1121 1.58468
5.88651 -20.7851 -0.308324
3.66751 -17.6981 0.0376762
1.53951 -15.6381 -2.40132
-1.21549 -12.9431 -2.47932

-0.755494 -12.2261 1.29568
-2.58649 -8.82813 1.19668
-5.68649 -10.6041 -0.260324
-5.36149 -13.3181 2.44368
-5.18049 -10.5501 5.13668
-8.38849 -8.91213 3.76768
-10.2215 -12.3071 3.65868
-9.10949 -13.1301 7.24568
-10.1685 -9.73213 8.73268
-13.5705 -9.68213 6.91968
-14.7475 -13.2911 7.45468

-12.5165 -15.2931 9.92068

-10.3835 -13.2351 12.3047
-10.4415 -10.3411 14.7757

-6.83849 -9.09913 15.3087
-5.53149 -6.09813 17.2977
-1.95649 -5.26313 18.2717

-0.430494 -3.77913 21.4997
0.180506 -0.575132 19.4777
-3.57449 -0.326132 18.5777
-5.01449 -0.696132 22.1377

-2.20349 -0.201132 24.7597
-0.242494 3.03387 23.9287
1.17151 2.79687 27.5287
3.17651 -0.471132 27.1127

6.97551 0.222868 27.0977
8.72851 -0.511132 23.7737

10.3845 -3.88113 23.0307
14.0005 -3.03313 22.0527
15.5375 -5.92313 20.0507
19.2165 -6.42113 19.1037
21.5785 -9.03013 17.7017
24.6195 -9.72513 19.9427
27.4385 -11.2791 17.8877

29.2185 -13.4801 20.4787
32.9335 -13.6611 19.6687

33.9175 -16.8921 17.7457
37.5325 -16.4211 19.0737
36.4945 -18.6131 22.0957

35.4535 -21.4021 19.6107
38.5915 -23.5831 19.6767

40.0975 -24.8561 16.3787
38.7855 -28.4741 16.9197
35.1635 -27.2761 17.4707
35.4405 -24.9461 14.4097
36.8695 -27.7911 12.2577
33.9315 -30.0081 13.4427
31.3855 -27.2731 12.4447
33.1825 -26.8751 9.05468
33.0955 -30.7011 8.62368
29.3225 -31.0101 9.37168
28.6345 -27.9581 7.10368
30.5895 -29.6341 4.21668
28.8155 -32.9471 5.00768
25.3185 -31.3951 4.42368
26.4095 -30.0641 0.952676

27.8895 -33.3941 -0.299324
26.0595 -34.4921 -3.50432
26.2005 -38.2721 -2.96932
24.3295 -38.4331 0.415676
20.7565 -39.6611 0.922676

17.9605 -37.2741 2.07668
18.2795 -38.9361 5.53968
22.1015 -38.4771 5.82868
21.5505 -34.7751 4.85768
18.9615 -34.4221 7.73268
21.3295 -36.2421 10.1697
24.2785 -33.9501 9.21268
21.9275 -30.9121 9.66868
20.9125 -32.1141 13.1927
24.6275 -32.6951 13.9997
25.5975 -29.1741 12.7277
22.7705 -27.6351 14.8427
23.7255 -29.5841 18.0407
27.4585 -28.6671 17.4737
26.4085 -24.9771 17.1137
24.7575 -25.1661 20.5737
27.9175 -26.7471 22.1427
30.2175 -24.1861 20.4147
28.2185 -21.2121 21.8607
28.1655 -22.4081 25.5587
31.4525 -20.6551 26.6957
30.5155 -17.2221 25.2237
26.8305 -17.5771 26.2637
28.1715 -18.1251 29.8347
30.6435 -15.1821 29.4477
27.7165 -12.9311 28.3647
25.4045 -14.0831 31.2547
28.2095 -13.3151 33.7657
28.8635 -9.86513 32.1407
25.1145 -9.06813 32.6167
25.2415 -10.0791 36.3417
28.5665 -8.21413 36.9317

26.9085 -5.13513 35.2487
24.4285 -5.15013 38.2227
21.2595 -6.44713 36.4317
18.5655 -7.40013 38.9597
16.3125 -9.74913 36.8357

16.5315 -11.3441 33.3547
15.3635 -14.4201 31.3837
17.7335 -16.7821 29.5087
16.1475 -18.8491 26.7047
17.7685 -22.0041 25.2337

16.3865 -25.3051 23.7567
19.2645 -27.8491 23.8117

19.3955 -29.5331 27.2647
23.2585 -29.3311 27.3227
23.0285 -25.4741 27.0807
20.4255 -25.2891 29.9247
22.5865 -27.7241 32.0107
25.8515 -25.7421 31.4567
24.1745 -22.3631 32.3027
22.6215 -23.7921 35.5417
25.9575 -25.4251 36.5717
27.8995 -22.1221 36.1517
25.2135 -20.1091 38.0597
25.4315 -22.7001 40.9247
29.2935 -22.4761 40.8097

29.0055 -18.6211 41.0657
26.3375 -19.0531 43.8667
23.7595 -17.0931 41.7647
20.1555 -17.7801 42.8337

18.1525 -18.7711 39.7227
15.0675 -20.7391 38.5567
14.9895 -23.4561 35.8407
11.9875 -24.5571 33.6967

12.2535 -27.2791 30.9987
10.4205 -30.3751 29.5847
10.9985 -32.2921 32.8937
9.56451 -29.5431 35.2097
6.05151 -30.5481 36.3987
2.88851 -28.4521 35.7427
2.51551 -27.3441 39.4307

6.27351 -26.7021 40.0177
6.26451 -24.4771 36.8507
3.70351 -22.1451 38.5147
5.55251 -22.2001 41.8987
8.98851 -21.4121 40.2907
7.24751 -18.6431 38.2677
5.91351 -17.1551 41.5677
9.39051 -17.5381 43.2207
11.0385 -15.5221 40.3527
8.19051 -12.9221 40.4027
8.11651 -12.3581 44.2137

11.7495 -13.0211 45.3477
14.3335 -10.2391 44.6617
17.1365 -12.8671 45.1117
16.3255 -14.8711 41.9337
18.2945 -12.8901 39.3127

18.1525 -15.4141 36.3997
15.3925 -17.5851 34.9207
16.8545 -20.4471 32.7907
13.9985 -21.3571 30.4177
13.4245 -23.8851 27.6297

12.1125 -21.9891 24.5287
9.68351 -24.8991 23.8197
8.62051 -25.7481 27.4167
8.13351 -22.1541 28.7837
6.41151 -20.6251 25.6507
2.95051 -21.0991 27.3387
0.952506 -20.1431 30.4897
3.71951 -18.3771 32.4847
4.16851 -14.6051 33.1697
7.62151 -13.0621 33.8787
6.78451 -9.32713 34.3247
9.49451 -8.99513 37.0777
12.2785 -9.06013 34.4047
13.1625 -6.25513 31.9077

15.6095 -8.33213 29.7657
15.3005 -11.4961 27.6237
18.4675 -13.2631 26.3387
18.0905 -15.8961 23.5947

21.2505 -18.0191 24.0387
20.0415 -20.0391 21.0077
18.0305 -19.2361 17.8597
14.8375 -21.2011 17.0637
13.7515 -21.7551 13.3967
10.1055 -20.7831 14.1417

9.56551 -17.0061 14.7897
6.09251 -17.5541 16.3527
7.79351 -19.4211 19.2727
10.4125 -16.6251 19.6877
7.57551 -13.9971 19.8417
5.69551 -16.2371 22.3767
8.87351 -16.2441 24.5567
9.34751 -12.3931 24.3247

5.64951 -11.9181 25.3427
6.32351 -13.7651 28.6267
7.94451 -10.4851 29.8917
6.01251 -7.96313 27.7467
2.62851 -8.45613 29.5707
0.0885061 -6.28213 31.4537
2.01251 -5.34013 34.6507
5.32051 -4.56813 32.8287
6.54951 -0.968132 33.5427
10.0715 -1.03713 31.9297
11.1745 -1.07413 28.2437

11.7965 -4.75513 27.4207
15.2865 -5.57613 26.0887
15.5485 -8.62713 23.7537
19.1095 -9.87913 23.0127
19.6135 -12.5631 20.3007
23.0335 -14.2581 20.8087
24.5665 -15.2741 17.4057

27.9555 -16.7741 16.3837
29.6565 -16.2551 12.9547
30.7625 -19.6201 11.4307
27.7395 -21.5951 12.8487
24.0675 -22.5951 12.2227

23.0555 -19.0111 13.3017
24.3745 -17.6671 9.91768
21.5945 -19.6751 8.10768
18.8955 -19.5981 10.8417
18.8595 -15.7841 11.2617
18.0485 -14.9421 7.54768
15.4635 -17.8291 7.59768
13.7545 -16.3921 10.7417
13.7675 -12.8791 9.12468
12.0745 -13.9621 5.84268
9.47351 -15.8871 7.95768
8.63151 -12.7521 10.0767
8.27151 -10.7601 6.80468
5.79851 -13.4051 5.43968
3.87651 -13.1391 8.77168
3.89151 -9.27513 8.60768
2.66451 -9.19113 4.93768

-0.208494 -11.5131 6.05468
-1.00849 -8.97113 8.89968
0.0675061 -11.5721 11.5437
3.08751 -9.66513 13.0197
4.26251 -6.05013 13.5917
7.72051 -7.48913 14.3267
10.1945 -6.35313 11.6817
13.6345 -8.02513 12.1547
15.5195 -6.21913 9.26568

16.5255 -3.13013 11.3477
18.5735 -5.31913 13.7907
20.9205 -6.63613 11.0117
21.7715 -3.23913 9.45268

23.0365 -2.28013 12.9827
25.5215 -5.25313 13.4057

End chain 1
