-13.201 -6.296 -53.957
-10.703 -3.406 -53.291
-9.54 -3.087 -49.639
-11.02 0.322 -48.639
-8.614 1.85 -46.053
-10.787 3.126 -43.162

-9.634 6.195 -41.181
-10.061 4.9 -37.589
-10.286 6.838 -34.306
-12.195 7.103 -30.979
-14.163 9.439 -28.711
-12.619 10.223 -25.263
-14.157 12.207 -22.344

-11.943 15.248 -21.466
-14.301 16.978 -18.949
-17.827 16.65 -17.399
-19.139 18.761 -20.353

-16.752 17.96 -23.312
-15.482 14.956 -25.281
-12.62 14.751 -27.824
-12.437 12.939 -31.204
-8.982 11.264 -31.393
-8.672 10.357 -35.1

-6.282 10.744 -38.079
-6.98 13.557 -40.6
-9.895 13.022 -43.051

-11.208 15.853 -45.293
-14.92 14.856 -45.011
-14.611 14.37 -41.226
-13.015 17.857 -40.827
-15.875 19.254 -42.999
-18.403 17.482 -40.669
-16.559 18.759 -37.515
-16.844 22.341 -38.957

-20.697 21.797 -39.029
-20.861 21.033 -35.24
-22.116 23.933 -33.104
-20.016 23.255 -29.939
-16.791 22.621 -31.971

-13.393 23.436 -30.391
-10.011 22.816 -32.063
-6.805 22.812 -29.99

-3.883 23.919 -32.209
-1.328 22.314 -29.773
-2.753 18.736 -29.691
-4.334 19.137 -33.217

-7.578 17.622 -31.79
-11.313 18.386 -31.995
-13.683 18.544 -28.991
-17.466 19.001 -28.65
-20.131 19.402 -25.91

-21.257 16.038 -24.476
-24.923 16.743 -25.497
-23.731 16.722 -29.178
-22.178 13.179 -28.839
-25.228 11.354 -30.322
-25.57 14.044 -33.093
-21.852 13.682 -34.021
-21.815 9.829 -34.037
-25.045 9.774 -36.128
-23.507 12.176 -38.75
-20.093 10.348 -38.803

-21.793 6.948 -39.527
-22.962 8.546 -42.834
-19.328 9.196 -43.991
-17.677 6.563 -46.261
-14.251 5.2 -45.121

-14.46 6.789 -41.562
-14.765 4.819 -38.279
-15.142 6.964 -35.114
-15.663 4.659 -32.101

-18.218 6.249 -29.657
-17.862 6.903 -25.912
-18.35 3.469 -24.195
-21.794 2.549 -22.772
-20.235 2.829 -19.255
-19.534 6.58 -19.812
-22.964 7.196 -21.431
-24.623 5.531 -18.378
-22.42 7.523 -15.909

-23.028 10.919 -17.654
-26.668 10.153 -18.714
-27.851 13.482 -17.123

-25.214 15.594 -18.963
-26 13.8 -22.296
-29.631 15.147 -21.909

-29.014 18.802 -20.797
-28.522 21.656 -23.337
-27.494 23.803 -20.296
-24.374 24.206 -18.108
-26.03 23.63 -14.722
-23.195 22.587 -12.38
-23.731 19.355 -10.334

-27.219 19.392 -8.694
-26.798 20.208 -4.988
-26.578 17.032 -2.906
-29.814 16.999 -0.82
-29.276 16.946 2.956
-30.305 13.551 4.343

-32.727 13.25 7.268
-30.389 11.851 9.975
-33.077 12.019 12.787
-33.159 8.159 12.923
-29.32 8.149 13.454
-27.82 8.306 16.969

-27.52 12.074 17.913
-23.991 11.509 19.371
-22.796 10.469 15.867
-24.731 13.185 13.93
-23.402 16.008 16.22
-19.738 14.82 15.861

-19.687 14.822 11.995
-17.445 17.587 10.586

-19.106 19.692 7.763
-17.231 17.783 4.996
-18.064 14.402 6.666
-21.796 15.407 6.677
-21.562 16.318 2.947
-19.943 12.855 2.346
-22.788 11.075 4.244
-25.363 13.084 2.191
-23.555 12.165 -1.104
-23.43 8.459 -0.115
-27.196 8.491 0.728
-28.024 10.343 -2.565

-25.973 7.645 -4.472
-28.214 5.048 -2.67
-25.512 3.7 -0.27

-23.352 2.353 -3.174
-19.956 4.118 -3.237
-16.209 4.012 -2.721
-15.295 6.541 0.021

-11.694 7.195 -1.128

-11.135 10.189 1.225
-7.504 10.605 2.377

-6.048 8.715 5.398
-7.361 9.956 8.784
-10.233 12.169 7.374
-12.706 9.981 9.408

-13.844 7.354 6.831
-15.012 5.081 9.734
-17.363 7.714 11.316
-18.876 8.506 7.854
-19.282 4.738 7.09
-21.02 4.042 10.461
-23.415 6.996 9.798
-24.247 5.855 6.195
-24.846 2.277 7.463
-26.955 3.52 10.461
-29.227 5.531 8.078

-29.9 2.058 6.507

-30.384 0.293 9.981
-33.886 -0.857 8.77
-32.05 -2.956 6.062
-29.626 -4.868 8.41
-27.981 -7.413 9.17

-24.774 -5.448 8.488
-21.551 -7.137 7.269
-18.235 -5.328 7.997
-15.132 -6.739 6.223
-11.829 -5.357 7.603

-8.05 -6.016 7.986
-7.416 -8.82 10.567
-5.856 -6.305 13.093
-8.689 -3.64 13.199

-11.758 -5.868 14.003
-11.895 -4.753 17.675
-11.154 -1.102 16.63
-14.365 -1.304 14.506
-16.414 -2.897 17.375
-15.268 -0.08 19.729
-16.109 2.476 16.969
-19.722 1.111 16.76
-20.082 1.14 20.611
-18.596 4.7 20.723
-20.823 6.195 17.978

-24.121 4.191 18.24
-24.851 3.95 22.056
-28.388 2.791 20.948
-26.764 -0.701 20.406
-26.03 -3.285 23.117

-22.632 -5.104 22.857
-24.638 -8.32 22.08
-25.78 -6.667 18.791

-22.091 -6.816 17.576
-20.505 -10.124 16.488
-16.681 -10.041 16.081

-15.702 -13.116 14.035
-12.316 -14.303 15.372
-12.201 -17.837 13.813
-13.405 -19.799 10.735
-15.769 -21.82 13.07
-17.788 -18.808 14.317
-21.352 -17.917 13.159
-21.075 -14.973 10.701
-24.816 -14.102 11.273
-24.919 -14.166 15.127
-25.108 -10.332 15.536
-27.08 -7.466 13.995

-23.588 -6.14 13.038
-21.065 -8.833 11.965
-17.336 -7.898 11.803
-15.009 -10.302 9.887
-11.529 -10.295 8.291

-10.658 -10.74 4.577
-8.757 -14.009 5.375
-11.833 -15.546 7.113
-14.3 -14.769 4.222

-12.926 -17.715 2.14
-13.287 -20.073 5.183
-16.843 -18.74 5.845
-18.014 -18.815 2.139
-20.731 -21.415 3.044
-22.243 -18.836 5.512
-21.955 -15.894 2.989
-25.071 -17.433 1.278
-27.188 -15.451 3.825
-28.094 -12.137 2.052
-26.367 -9.235 3.842
-28.236 -6.215 2.36

-25.704 -3.677 3.792
-21.936 -4.298 3.429
-19.007 -2.145 4.602
-15.517 -3.11 3.36

-12.662 -1.237 5.059
-9.341 -0.865 3.151

-11.066 -2.352 0.031
-7.765 -2.207 -1.968
-7.252 -5.742 -0.456
-9.774 -6.866 -3.176

-7.558 -5.436 -6.054
-6.861 -8.909 -7.611
-9.913 -10.983 -8.736
-7.994 -14.348 -8.638
-7.386 -14.116 -4.839

-9.551 -16.269 -2.508
-10.568 -13.122 -0.487
-11.832 -11.409 -3.693
-13.586 -14.593 -5.006
-15.461 -14.905 -1.648
-16.313 -11.137 -1.332
-17.465 -10.353 -4.925
-20.7 -12.523 -5.003
-21.961 -10.786 -1.799
-21.004 -7.272 -3.064
-22.893 -7.826 -6.386
-26.148 -8.927 -4.576

-26.072 -6.644 -1.465
-28.372 -3.542 -1.704

-25.826 -1.116 -0.104
-22.019 -1.347 -0.629
-19.769 1.077 1.29
-16.145 0.543 0.177
-13.427 2.479 2.088

-9.739 3.065 1.181
-6.998 5.712 1.573
-5.29 4.301 -1.537
-8.002 2.778 -3.832
-5.263 1.979 -6.345
-1.844 1.044 -4.877
0.179 1.273 -8.156
-1.96 0.815 -11.364

-5.486 1.412 -12.884
-6.145 -2.396 -13.101
-6.402 -2.518 -9.223
-9.619 -0.37 -9.379
-11.628 -2.846 -11.528
-12.904 -5.026 -8.614
-13.981 -1.892 -6.643
-15.738 -0.406 -9.758
-17.759 -3.638 -10.376
-18.545 -3.926 -6.614
-20.104 -0.383 -6.596

-21.607 -0.654 -10.172
-21.992 -4.37 -11.257
-23.172 -3.251 -14.78
-19.935 -1.29 -15.508
-17.337 -3.236 -17.592
-18.9 -6.785 -17.229
-15.576 -8.217 -18.571

-12.101 -7.019 -17.429
-10.719 -7.022 -21.032
-12.866 -3.967 -22.03
-11.565 -2.031 -18.959
-7.965 -3.199 -19.668
-8.028 -2.162 -23.384
-9.238 1.366 -22.43
-7.403 2.18 -19.142

-4.51 -0.351 -18.764
-2.851 0.132 -22.242
-3.499 -3.577 -22.858

-0.922 -5.224 -25.189
-1.171 -8.572 -27.031
2.109 -10.415 -26.274

3.105 -13.897 -27.702
2.055 -15.464 -24.315

-1.301 -13.571 -23.908
-2.465 -10.088 -22.814
-0.375 -7.663 -20.732

-2.386 -5.192 -18.538
0.545 -3.576 -16.579
0.214 -0.249 -18.472
-2.005 2.838 -18.126
-4.133 4.898 -20.565
-6.888 7.593 -20.643

-6.428 8.31 -16.868
-8.259 11.708 -16.967
-11.359 9.932 -18.424
-11.034 7.218 -15.72
-10.853 9.986 -13.027
-14.061 11.624 -14.396
-15.894 8.229 -14.505
-14.782 7.406 -10.918
-15.841 10.804 -9.431
-19.243 10.854 -11.244
-20.42 7.245 -10.709

-18.189 5.243 -8.243

-16.056 7.301 -5.859
-16.114 10.195 -3.388

-12.511 11.437 -2.855
-11.204 14.438 -0.866
-7.629 15.273 0.108

-6.103 16.757 3.336
-5.492 19.961 1.314
-9.247 20.21 0.414
-10.687 19.84 3.974

-7.876 20.335 6.596
-5.915 23.57 5.765
-4.501 23.333 9.365
-2.496 20.065 8.949

1.303 20.759 8.934
3.056 20.025 5.61

4.712 16.655 4.867
8.328 17.503 3.889
9.865 14.613 1.887
13.544 14.115 0.94
15.906 11.506 -0.462
18.947 10.811 1.779
21.766 9.257 -0.276

23.546 7.056 2.315
27.261 6.875 1.505

28.245 3.644 -0.418
31.86 4.115 0.91
30.822 1.923 3.932

29.6787 -0.911717 1.67296
28.71 -4.08255 3.70153

25.5155 -3.43277 1.74819
24.3219 -0.928444 4.3456
27.6419 0.917409 4.23277
27.5107 1.12031 0.440078
23.9748 2.50963 0.540107
24.9842 5.16065 3.06912
27.9378 6.21984 0.924896
25.7212 6.52882 -2.14663
23.2219 8.67072 -0.24695
25.9836 10.9738 0.982611
27.3374 11.3922 -2.54371
23.8827 12.255 -3.87167
23.381 14.8598 -1.15016
26.7389 16.4603 -1.92825
25.9036 16.6417 -5.63126

27.3836 13.3117 -6.88326
25.5536 12.2137 -10.0883
25.6946 8.43365 -9.55326
23.8236 8.27265 -6.16826
20.2506 7.04465 -5.66126

17.4546 9.43165 -4.50726
17.7736 7.76965 -1.04426
21.5956 8.22865 -0.755263
21.0446 11.9307 -1.72626
18.4556 12.2837 1.14874
20.8236 10.4637 3.58574
23.7726 12.7557 2.62874
21.4216 15.7937 3.08474
20.4066 14.5917 6.60874
24.1216 14.0107 7.41574
25.0916 17.5317 6.14374
22.2646 19.0707 8.25874
23.2196 17.1217 11.4567
26.9526 18.0387 10.8897
25.9026 21.7287 10.5297
24.2516 21.5397 13.9897
27.4116 19.9587 15.5587
29.7116 22.5197 13.8307
27.7126 25.4937 15.2767
27.6596 24.2977 18.9747
30.9466 26.0507 20.1117
30.0096 29.4837 18.6397
26.3246 29.1287 19.6797
27.6656 28.5807 23.2507
30.1376 31.5237 22.8637
27.2106 33.7747 21.7807
24.8986 32.6227 24.6707
27.7036 33.3907 27.1817
28.3576 36.8407 25.5567
24.6086 37.6377 26.0327
24.7356 36.6267 29.7577
28.0606 38.4917 30.3477

26.4026 41.5707 28.6647
23.9226 41.5557 31.6387
20.7536 40.2587 29.8477
18.0596 39.3057 32.3757
15.8066 36.9567 30.2517

16.0256 35.3617 26.7707
14.8576 32.2857 24.7997
17.2276 29.9237 22.9247
15.6416 27.8567 20.1207
17.2626 24.7017 18.6497

15.8806 21.4007 17.1727
18.7586 18.8567 17.2277

18.8896 17.1727 20.6807
22.7526 17.3747 20.7387
22.5226 21.2317 20.4967
19.9196 21.4167 23.3407
22.0806 18.9817 25.4267
25.3456 20.9637 24.8727
23.6686 24.3427 25.7187
22.1156 22.9137 28.9577
25.4516 21.2807 29.9877
27.3936 24.5837 29.5677
24.7076 26.5967 31.4757
24.9256 24.0057 34.3407
28.7876 24.2297 34.2257

28.4996 28.0847 34.4817
25.8316 27.6527 37.2827
23.2536 29.6127 35.1807
19.6496 28.9257 36.2497

17.6466 27.9347 33.1387
14.5616 25.9667 31.9727
14.4836 23.2497 29.2567
11.4816 22.1487 27.1127

11.7476 19.4267 24.4147
9.91463 16.3307 23.0007
10.4926 14.4137 26.3097
9.05863 17.1627 28.6257
5.54563 16.1577 29.8147
2.38263 18.2537 29.1587
2.00963 19.3617 32.8467

5.76763 20.0037 33.4337
5.75863 22.2287 30.2667
3.19763 24.5607 31.9307
5.04663 24.5057 35.3147
8.48263 25.2937 33.7067
6.74163 28.0627 31.6837
5.40763 29.5507 34.9837
8.88463 29.1677 36.6367
10.5326 31.1837 33.7687
7.68463 33.7837 33.8187
7.61063 34.3477 37.6297

11.2436 33.6847 38.7637
13.8276 36.4667 38.0777
16.6306 33.8387 38.5277
15.8196 31.8347 35.3497
17.7886 33.8157 32.7287

17.6466 31.2917 29.8157
14.8866 29.1207 28.3367
16.3486 26.2587 26.2067
13.4926 25.3487 23.8337
12.9186 22.8207 21.0457

11.6066 24.7167 17.9447
9.17763 21.8067 17.2357
8.11463 20.9577 20.8327
7.62763 24.5517 22.1997
5.90563 26.0807 19.0667
2.44463 25.6067 20.7547
0.446629 26.5627 23.9057
3.21363 28.3287 25.9007
3.66263 32.1007 26.5857
7.11563 33.6437 27.2947
6.27863 37.3787 27.7407
8.98863 37.7107 30.4937
11.7726 37.6457 27.8207
12.6566 40.4507 25.3237

15.1036 38.3737 23.1817
14.7946 35.2097 21.0397
17.9616 33.4427 19.7547
17.5846 30.8097 17.0107

20.7446 28.6867 17.4547
19.5356 26.6667 14.4237
17.5246 27.4697 11.2757
14.3316 25.5047 10.4797
13.2456 24.9507 6.81274
9.59963 25.9227 7.55774

9.05963 29.6997 8.20574
5.58663 29.1517 9.76874
7.28763 27.2847 12.6887
9.90663 30.0807 13.1037
7.06963 32.7087 13.2577
5.18963 30.4687 15.7927
8.36763 30.4617 17.9727
8.84163 34.3127 17.7407

5.14363 34.7877 18.7587
5.81763 32.9407 22.0427
7.43863 36.2207 23.3077
5.50663 38.7427 21.1627
2.12263 38.2497 22.9867
-0.417371 40.4237 24.8697
1.50663 41.3657 28.0667
4.81463 42.1377 26.2447
6.04363 45.7377 26.9587
9.56563 45.6687 25.3457
10.6686 45.6317 21.6597

11.2906 41.9507 20.8367
14.7806 41.1297 19.5047
15.0426 38.0787 17.1697
18.6036 36.8267 16.4287
19.1076 34.1427 13.7167
22.5276 32.4477 14.2247
24.0606 31.4317 10.8217

27.4496 29.9317 9.79974
29.1506 30.4507 6.37074
30.2566 27.0857 4.84674
27.2336 25.1107 6.26474
23.5616 24.1107 5.63874

22.5496 27.6947 6.71774
23.8686 29.0387 3.33374
21.0886 27.0307 1.52374
18.3896 27.1077 4.25774
18.3536 30.9217 4.67774
17.5426 31.7637 0.963737
14.9576 28.8767 1.01374
13.2486 30.3137 4.15774
13.2616 33.8267 2.54074
11.5686 32.7437 -0.741263
8.96763 30.8187 1.37374
8.12563 33.9537 3.49274
7.76563 35.9457 0.220737
5.29263 33.3007 -1.14426
3.37063 33.5667 2.18774
3.38563 37.4307 2.02374
2.15863 37.5147 -1.64626

-0.714371 35.1927 -0.529263
-1.51437 37.7347 2.31574
-0.438371 35.1337 4.95974
2.58163 37.0407 6.43574
3.75663 40.6557 7.00774
7.21463 39.2167 7.74274
9.68863 40.3527 5.09774
13.1286 38.6807 5.57074
15.0136 40.4867 2.68174

16.0196 43.5757 4.76374
18.0676 41.3867 7.20674
20.4146 40.0697 4.42774
21.2656 43.4667 2.86874

22.5306 44.4257 6.39874
25.0156 41.4527 6.82174

End chain 1
