-13.201 -6.296 -53.957
-10.703 -3.406 -53.291
-9.54 -3.087 -49.639
-11.02 0.322 -48.639
-8.614 1.85 -46.053
-10.787 3.126 -43.162

-9.634 6.195 -41.181
-10.061 4.9 -37.589
-10.286 6.838 -34.306
-12.195 7.103 -30.979
-14.163 9.439 -28.711
-12.619 10.223 -25.263
-14.157 12.207 -22.344

-11.943 15.248 -21.466
-14.301 16.978 -18.949
-17.827 16.65 -17.399
-19.139 18.761 -20.353

-16.752 17.96 -23.312
-15.482 14.956 -25.281
-12.62 14.751 -27.824
-12.437 12.939 -31.204
-8.982 11.264 -31.393
-8.672 10.357 -35.1

-6.282 10.744 -38.079
-6.98 13.557 -40.6
-9.895 13.022 -43.051

-11.208 15.853 -45.293
-14.92 14.856 -45.011
-14.611 14.37 -41.226
-13.015 17.857 -40.827
-15.875 19.254 -42.999
-18.403 17.482 -40.669
-16.559 18.759 -37.515
-16.844 22.341 -38.957

-20.697 21.797 -39.029
-20.861 21.033 -35.24
-22.116 23.933 -33.104
-20.016 23.255 -29.939
-16.791 22.621 -31.971

-13.393 23.436 -30.391
-10.011 22.816 -32.063
-6.805 22.812 -29.99

-3.883 23.919 -32.209
-1.328 22.314 -29.773
-2.753 18.736 -29.691
-4.334 19.137 -33.217

-7.578 17.622 -31.79
-11.313 18.386 -31.995
-13.683 18.544 -28.991
-17.466 19.001 -28.65
-20.131 19.402 -25.91

-21.257 16.038 -24.476
-24.923 16.743 -25.497
-23.731 16.722 -29.178
-22.178 13.179 -28.839
-25.228 11.354 -30.322
-25.57 14.044 -33.093
-21.852 13.682 -34.021
-21.815 9.829 -34.037
-25.045 9.774 -36.128
-23.507 12.176 -38.75
-20.093 10.348 -38.803

-21.793 6.948 -39.527
-22.962 8.546 -42.834
-19.328 9.196 -43.991
-17.677 6.563 -46.261
-14.251 5.2 -45.121

-14.46 6.789 -41.562
-14.765 4.819 -38.279
-15.142 6.964 -35.114
-15.663 4.659 -32.101

-18.218 6.249 -29.657
-17.862 6.903 -25.912
-18.35 3.469 -24.195
-21.794 2.549 -22.772
-20.235 2.829 -19.255
-19.534 6.58 -19.812
-22.964 7.196 -21.431
-24.623 5.531 -18.378
-22.42 7.523 -15.909

-23.028 10.919 -17.654
-26.668 10.153 -18.714
-27.851 13.482 -17.123

-25.214 15.594 -18.963
-26 13.8 -22.296
-29.631 15.147 -21.909

-29.014 18.802 -20.797
-28.522 21.656 -23.337
-27.494 23.803 -20.296
-24.374 24.206 -18.108
-26.03 23.63 -14.722
-23.195 22.587 -12.38
-23.731 19.355 -10.334

-27.219 19.392 -8.694
-26.798 20.208 -4.988
-26.578 17.032 -2.906
-29.814 16.999 -0.82
-29.276 16.946 2.956
-30.305 13.551 4.343

-32.727 13.25 7.268
-30.389 11.851 9.975
-33.077 12.019 12.787
-33.159 8.159 12.923
-29.32 8.149 13.454
-27.82 8.306 16.969

-27.52 12.074 17.913
-23.991 11.509 19.371
-22.796 10.469 15.867
-24.731 13.185 13.93
-23.402 16.008 16.22
-19.738 14.82 15.861

-19.687 14.822 11.995
-17.445 17.587 10.586

-19.106 19.692 7.763
-17.231 17.783 4.996
-18.064 14.402 6.666
-21.796 15.407 6.677
-21.562 16.318 2.947
-19.943 12.855 2.346
-22.788 11.075 4.244
-25.363 13.084 2.191
-23.555 12.165 -1.104
-23.43 8.459 -0.115
-27.196 8.491 0.728
-28.024 10.343 -2.565

-25.973 7.645 -4.472
-28.214 5.048 -2.67
-25.512 3.7 -0.27

-23.352 2.353 -3.174
-19.956 4.118 -3.237
-16.209 4.012 -2.721
-15.295 6.541 0.021

-11.694 7.195 -1.128

-11.135 10.189 1.225
-7.504 10.605 2.377

-6.50698 7.94869 -0.138922
-8.73535 5.94053 -2.47055
-12.2925 6.37399 -3.55063
-12.9975 2.99445 -1.80939

-14.5373 1.61905 1.38123
-15.3364 5.12174 2.62041
-17.0008 6.0135 -0.677652
-19.128 2.86618 -0.566312
-20.2411 3.62767 2.98672
-21.2173 7.17221 2.02441
-23.2516 5.91364 -0.928658
-25.0828 3.41543 1.27332
-25.9212 6.11868 3.80955
-27.2817 8.39015 1.08333
-29.4672 5.59891 -0.286123

-30.1402 2.12591 -1.85712

-30.6242 0.360909 1.61688
-34.1262 -0.789091 0.405877
-32.2902 -2.88809 -2.30212
-29.8662 -4.80009 0.0458773
-28.2212 -7.34509 0.805877

-25.0142 -5.38009 0.123877
-21.7912 -7.06909 -1.09512
-18.4752 -5.26009 -0.367123
-15.3722 -6.67109 -2.14112
-12.0692 -5.28909 -0.761123

-8.2902 -5.94809 -0.378123
-7.6562 -8.75209 2.20288
-6.0962 -6.23709 4.72888
-8.9292 -3.57209 4.83488

-11.9982 -5.80009 5.63888
-12.1352 -4.68509 9.31088
-11.3942 -1.03409 8.26588
-14.6052 -1.23609 6.14188
-16.6542 -2.82909 9.01088
-15.5082 -0.0120908 11.3649
-16.3492 2.54391 8.60488
-19.9622 1.17891 8.39588
-20.3222 1.20791 12.2469
-18.8362 4.76791 12.3589
-21.0632 6.26291 9.61388

-24.3612 4.25891 9.87588
-25.0912 4.01791 13.6919
-28.6282 2.85891 12.5839
-27.0042 -0.633091 12.0419
-26.2702 -3.21709 14.7529

-22.8722 -5.03609 14.4929
-24.8782 -8.25209 13.7159
-26.0202 -6.59909 10.4269

-22.3312 -6.74809 9.21188
-20.7452 -10.0561 8.12388
-16.9212 -9.97309 7.71688

-15.9422 -13.0481 5.67088
-12.5562 -14.2351 7.00788
-12.4412 -17.7691 5.44888
-13.6452 -19.7311 2.37088
-16.0092 -21.7521 4.70588
-18.0282 -18.7401 5.95288
-21.5922 -17.8491 4.79488
-21.3152 -14.9051 2.33688
-25.0562 -14.0341 2.90888
-25.1592 -14.0981 6.76288
-25.3482 -10.2641 7.17188
-27.3202 -7.39809 5.63088

-23.8282 -6.07209 4.67388
-21.3052 -8.76509 3.60088
-17.5762 -7.83009 3.43888
-15.2492 -10.2341 1.52288
-11.7692 -10.2271 -0.0731227

-10.8982 -10.6721 -3.78712
-8.9972 -13.9411 -2.98912
-12.0732 -15.4781 -1.25112
-14.5402 -14.7011 -4.14212

-13.1662 -17.6471 -6.22412
-13.5272 -20.0051 -3.18112
-17.0832 -18.6721 -2.51912
-18.2542 -18.7471 -6.22512
-20.9712 -21.3471 -5.32012
-22.4832 -18.7681 -2.85212
-22.1952 -15.8261 -5.37512
-25.3112 -17.3651 -7.08612
-27.4282 -15.3831 -4.53912
-28.3342 -12.0691 -6.31212
-26.6072 -9.16709 -4.52212
-28.4762 -6.14709 -6.00412

-25.9442 -3.60909 -4.57212
-22.1762 -4.23009 -4.93512
-19.2472 -2.07709 -3.76212
-15.7572 -3.04209 -5.00412

-12.9022 -1.16909 -3.30512
-9.5812 -0.797091 -5.21312

-11.3062 -2.28409 -8.33312
-8.0052 -2.13909 -10.3321
-7.4922 -5.67409 -8.82012
-10.0142 -6.79809 -11.5401

-7.7982 -5.36809 -14.4181
-7.1012 -8.84109 -15.9751
-10.1532 -10.9151 -17.1001
-8.2342 -14.2801 -17.0021
-7.6262 -14.0481 -13.2031

-9.7912 -16.2011 -10.8721
-10.8082 -13.0541 -8.85112
-12.0722 -11.3411 -12.0571
-13.8262 -14.5251 -13.3701
-15.7012 -14.8371 -10.0121
-16.5532 -11.0691 -9.69612
-17.7052 -10.2851 -13.2891
-20.9402 -12.4551 -13.3671
-22.2012 -10.7181 -10.1631
-21.2442 -7.20409 -11.4281
-23.1332 -7.75809 -14.7501
-26.3882 -8.85909 -12.9401

-26.3122 -6.57609 -9.82912
-28.6122 -3.47409 -10.0681

-26.0662 -1.04809 -8.46812
-22.2592 -1.27909 -8.99312
-20.0092 1.14491 -7.07412
-16.3852 0.610909 -8.18712
-13.6672 2.54691 -6.27612

-9.9792 3.13291 -7.18312
-7.2382 5.77991 -6.79112
-5.5302 4.36891 -9.90112
-8.2422 2.84591 -12.1961
-5.5032 2.04691 -14.7091
-2.0842 1.11191 -13.2411
-0.0611989 1.34091 -16.5201
-2.2002 0.882909 -19.7281

-5.7262 1.47991 -21.2481
-6.3852 -2.32809 -21.4651
-6.6422 -2.45009 -17.5871
-9.8592 -0.302091 -17.7431
-11.8682 -2.77809 -19.8921
-13.1442 -4.95809 -16.9781
-14.2212 -1.82409 -15.0071
-15.9782 -0.338091 -18.1221
-17.9992 -3.57009 -18.7401
-18.7852 -3.85809 -14.9781
-20.3442 -0.315091 -14.9601

-21.8472 -0.586091 -18.5361
-22.2322 -4.30209 -19.6211
-23.4122 -3.18309 -23.1441
-20.1752 -1.22209 -23.8721
-17.5772 -3.16809 -25.9561
-19.1402 -6.71709 -25.5931
-15.8162 -8.14909 -26.9351

-12.3412 -6.95109 -25.7931
-10.9592 -6.95409 -29.3961
-13.1062 -3.89909 -30.3941
-11.8052 -1.96309 -27.3231
-8.2052 -3.13109 -28.0321
-8.2682 -2.09409 -31.7481
-9.4782 1.43391 -30.7941
-7.6432 2.24791 -27.5061

-4.7502 -0.283091 -27.1281
-3.0912 0.199909 -30.6061
-3.7392 -3.50909 -31.2221

-1.1622 -5.15609 -33.5531
-1.4112 -8.50409 -35.3951
1.8688 -10.3471 -34.6381

2.8648 -13.8291 -36.0661
1.8148 -15.3961 -32.6791

-1.5412 -13.5031 -32.2721
-2.7052 -10.0201 -31.1781
-0.615199 -7.59509 -29.0961

-2.6262 -5.12409 -26.9021
0.304801 -3.50809 -24.9431
-0.0261989 -0.181091 -26.8361
-2.2452 2.90591 -26.4901
-4.3732 4.96591 -28.9291
-7.1282 7.66091 -29.0071

-6.6682 8.37791 -25.2321
-8.4992 11.7759 -25.3311
-11.5992 9.99991 -26.7881
-11.2742 7.28591 -24.0841
-11.0932 10.0539 -21.3911
-14.3012 11.6919 -22.7601
-16.1342 8.29691 -22.8691
-15.0222 7.47391 -19.2821
-16.0812 10.8719 -17.7951
-19.4832 10.9219 -19.6081
-20.6602 7.31291 -19.0731

-18.4292 5.31091 -16.6071

-16.2962 7.36891 -14.2231
-16.3542 10.2629 -11.7521

-12.7512 11.5049 -11.2191
-11.4442 14.5059 -9.23012
-7.8692 15.3409 -8.25612

-6.3432 16.8249 -5.02812
-5.7322 20.0289 -7.05012
-9.4872 20.2779 -7.95012
-10.9272 19.9079 -4.39012

-8.1162 20.4029 -1.76812
-6.1552 23.6379 -2.59912
-4.7412 23.4009 1.00088
-2.7362 20.1329 0.584877

1.0628 20.8269 0.569877
2.8158 20.0929 -2.75412

4.4718 16.7229 -3.49712
8.0878 17.5709 -4.47512
9.6248 14.6809 -6.47712
13.3038 14.1829 -7.42412
15.6658 11.5739 -8.82612
18.7068 10.8789 -6.58512
21.5258 9.32491 -8.64012

23.3058 7.12391 -6.04912
27.0208 6.94291 -6.85912

28.0048 3.71191 -8.78212
31.6198 4.18291 -7.45412
30.5818 1.99091 -4.43212

29.5408 -0.798091 -6.91712
32.6788 -2.97909 -6.85112

34.1848 -4.25209 -10.1491
32.8728 -7.87009 -9.60812
29.2508 -6.67209 -9.05712
29.5278 -4.34209 -12.1181
30.9568 -7.18709 -14.2701
28.0188 -9.40409 -13.0851
25.4728 -6.66909 -14.0831
27.2698 -6.27109 -17.4731
27.1828 -10.0971 -17.9041
23.4098 -10.4061 -17.1561
22.7218 -7.35409 -19.4241
24.6768 -9.03009 -22.3111
22.9028 -12.3431 -21.5201
19.4058 -10.7911 -22.1041
20.4968 -9.46009 -25.5751

21.9768 -12.7901 -26.8271
20.1468 -13.8881 -30.0321
20.2878 -17.6681 -29.4971
18.4168 -17.8291 -26.1121
14.8438 -19.0571 -25.6051

12.0478 -16.6701 -24.4511
12.3668 -18.3321 -20.9881
16.1888 -17.8731 -20.6991
15.6378 -14.1711 -21.6701
13.0488 -13.8181 -18.7951
15.4168 -15.6381 -16.3581
18.3658 -13.3461 -17.3151
16.0148 -10.3081 -16.8591
14.9998 -11.5101 -13.3351
18.7148 -12.0911 -12.5281
19.6848 -8.57009 -13.8001
16.8578 -7.03109 -11.6851
17.8128 -8.98009 -8.48712
21.5458 -8.06309 -9.05412
20.4958 -4.37309 -9.41412
18.8448 -4.56209 -5.95412
22.0048 -6.14309 -4.38512
24.3048 -3.58209 -6.11312
22.3058 -0.608091 -4.66712
22.2528 -1.80409 -0.969123
25.5398 -0.0510908 0.167877
24.6028 3.38191 -1.30412
20.9178 3.02691 -0.264123
22.2588 2.47891 3.30688
24.7308 5.42191 2.91988
21.8038 7.67291 1.83688
19.4918 6.52091 4.72688
22.2968 7.28891 7.23788
22.9508 10.7389 5.61288
19.2018 11.5359 6.08888
19.3288 10.5249 9.81388
22.6538 12.3899 10.4039

20.9958 15.4689 8.72088
18.5158 15.4539 11.6949
15.3468 14.1569 9.90388
12.6528 13.2039 12.4319
10.3998 10.8549 10.3079

10.6188 9.25991 6.82688
9.4508 6.18391 4.85588
11.8208 3.82191 2.98088
10.2348 1.75491 0.176877
11.8558 -1.40009 -1.29412

10.4738 -4.70109 -2.77112
13.3518 -7.24509 -2.71612

13.4828 -8.92909 0.736877
17.3458 -8.72709 0.794877
17.1158 -4.87009 0.552877
14.5128 -4.68509 3.39688
16.6738 -7.12009 5.48288
19.9388 -5.13809 4.92888
18.2618 -1.75909 5.77488
16.7088 -3.18809 9.01388
20.0448 -4.82109 10.0439
21.9868 -1.51809 9.62388
19.3008 0.494909 11.5319
19.5188 -2.09609 14.3969
23.3808 -1.87209 14.2819

23.0928 1.98291 14.5379
20.4248 1.55091 17.3389
17.8468 3.51091 15.2369
14.2428 2.82391 16.3059

12.2398 1.83291 13.1949
9.1548 -0.135091 12.0289
9.0768 -2.85209 9.31288
6.0748 -3.95309 7.16888

6.3408 -6.67509 4.47088
4.5078 -9.77109 3.05688
5.0858 -11.6881 6.36588
3.6518 -8.93909 8.68188
0.138801 -9.94409 9.87088
-3.0242 -7.84809 9.21488
-3.3972 -6.74009 12.9029

0.360801 -6.09809 13.4899
0.351801 -3.87309 10.3229
-2.2092 -1.54109 11.9869
-0.360199 -1.59609 15.3709
3.0758 -0.808091 13.7629
1.3348 1.96091 11.7399
0.000801139 3.44891 15.0399
3.4778 3.06591 16.6929
5.1258 5.08191 13.8249
2.2778 7.68191 13.8749
2.2038 8.24591 17.6859

5.8368 7.58291 18.8199
8.4208 10.3649 18.1339
11.2238 7.73691 18.5839
10.4128 5.73291 15.4059
12.3818 7.71391 12.7849

12.2398 5.18991 9.87188
9.4798 3.01891 8.39288
10.9418 0.156909 6.26288
8.0858 -0.753091 3.88988
7.5118 -3.28109 1.10188

6.1998 -1.38509 -1.99912
3.7708 -4.29509 -2.70812
2.7078 -5.14409 0.888877
2.2208 -1.55009 2.25588
0.498801 -0.0210908 -0.877123
-2.9622 -0.495091 0.810877
-4.9602 0.460909 3.96188
-2.1932 2.22691 5.95688
-1.7442 5.99891 6.64188
1.7088 7.54191 7.35088
0.871801 11.2769 7.79688
3.5818 11.6089 10.5499
6.3658 11.5439 7.87688
7.2498 14.3489 5.37988

9.6968 12.2719 3.23788
9.3878 9.10791 1.09588
12.5548 7.34091 -0.189123
12.1778 4.70791 -2.93312

15.3378 2.58491 -2.48912
14.1288 0.564909 -5.52012
12.1178 1.36791 -8.66812
8.9248 -0.597091 -9.46412
7.8388 -1.15109 -13.1311
4.1928 -0.179091 -12.3861

3.6528 3.59791 -11.7381
0.179801 3.04991 -10.1751
1.8808 1.18291 -7.25512
4.4998 3.97891 -6.84012
1.6628 6.60691 -6.68612
-0.217199 4.36691 -4.15112
2.9608 4.35991 -1.97112
3.4348 8.21091 -2.20312

-0.263199 8.68591 -1.18512
0.410801 6.83891 2.09888
2.0318 10.1189 3.36388
0.0998011 12.6409 1.21888
-3.2842 12.1479 3.04288
-5.8242 14.3219 4.92588
-3.9002 15.2639 8.12288
-0.592199 16.0359 6.30088
0.636801 19.6359 7.01488
4.1588 19.5669 5.40188
5.2618 19.5299 1.71588

5.8838 15.8489 0.892877
9.3738 15.0279 -0.439123
9.6358 11.9769 -2.77412
13.1968 10.7249 -3.51512
13.7008 8.04091 -6.22712
17.1208 6.34591 -5.71912
18.6538 5.32991 -9.12212

22.0428 3.82991 -10.1441
23.7438 4.34891 -13.5731
24.8498 0.983909 -15.0971
21.8268 -0.991091 -13.6791
18.1548 -1.99109 -14.3051

17.1428 1.59291 -13.2261
18.4618 2.93691 -16.6101
15.6818 0.928909 -18.4201
12.9828 1.00591 -15.6861
12.9468 4.81991 -15.2661
12.1358 5.66191 -18.9801
9.5508 2.77491 -18.9301
7.8418 4.21191 -15.7861
7.8548 7.72491 -17.4031
6.1618 6.64191 -20.6851
3.5608 4.71691 -18.5701
2.7188 7.85191 -16.4511
2.3588 9.84391 -19.7231
-0.114199 7.19891 -21.0881
-2.0362 7.46491 -17.7561
-2.0212 11.3289 -17.9201
-3.2482 11.4129 -21.5901

-6.1212 9.09091 -20.4731
-6.9212 11.6329 -17.6281
-5.8452 9.03191 -14.9841
-2.8252 10.9389 -13.5081
-1.6502 14.5539 -12.9361
1.8078 13.1149 -12.2011
4.2818 14.2509 -14.8461
7.7218 12.5789 -14.3731
9.6068 14.3849 -17.2621

10.6128 17.4739 -15.1801
12.6608 15.2849 -12.7371
15.0078 13.9679 -15.5161
15.8588 17.3649 -17.0751

17.1238 18.3239 -13.5451
19.6088 15.3509 -13.1221

End chain 1
