-13.201 -6.296 -53.957
-10.703 -3.406 -53.291
-9.54 -3.087 -49.639
-11.02 0.322 -48.639
-8.614 1.85 -46.053
-10.787 3.126 -43.162

-9.634 6.195 -41.181
-10.061 4.9 -37.589
-10.286 6.838 -34.306
-12.195 7.103 -30.979
-14.163 9.439 -28.711
-12.619 10.223 -25.263
-14.157 12.207 -22.344

-11.943 15.248 -21.466
-14.301 16.978 -18.949
-17.827 16.65 -17.399
-19.139 18.761 -20.353

-16.752 17.96 -23.312
-15.482 14.956 -25.281
-12.62 14.751 -27.824
-12.437 12.939 -31.204
-8.982 11.264 -31.393
-8.672 10.357 -35.1

-6.282 10.744 -38.079
-6.98 13.557 -40.6
-9.895 13.022 -43.051

-11.208 15.853 -45.293
-14.92 14.856 -45.011
-14.611 14.37 -41.226
-13.015 17.857 -40.827
-15.875 19.254 -42.999
-18.403 17.482 -40.669
-16.559 18.759 -37.515
-16.844 22.341 -38.957

-20.697 21.797 -39.029
-20.861 21.033 -35.24
-22.116 23.933 -33.104
-20.016 23.255 -29.939
-16.791 22.621 -31.971

-13.393 23.436 -30.391
-10.011 22.816 -32.063
-6.805 22.812 -29.99

-3.883 23.919 -32.209
-1.328 22.314 -29.773
-2.753 18.736 -29.691
-4.334 19.137 -33.217

-7.578 17.622 -31.79
-11.313 18.386 -31.995
-13.683 18.544 -28.991
-17.466 19.001 -28.65
-20.131 19.402 -25.91

-21.257 16.038 -24.476
-24.923 16.743 -25.497
-23.731 16.722 -29.178
-22.178 13.179 -28.839
-25.228 11.354 -30.322
-25.57 14.044 -33.093
-21.852 13.682 -34.021
-21.815 9.829 -34.037
-25.045 9.774 -36.128
-23.507 12.176 -38.75
-20.093 10.348 -38.803

-21.793 6.948 -39.527
-22.962 8.546 -42.834
-19.328 9.196 -43.991
-17.677 6.563 -46.261
-14.251 5.2 -45.121

-14.46 6.789 -41.562
-14.765 4.819 -38.279
-15.142 6.964 -35.114
-15.663 4.659 -32.101

-18.218 6.249 -29.657
-17.862 6.903 -25.912
-18.35 3.469 -24.195
-21.794 2.549 -22.772
-20.235 2.829 -19.255
-19.534 6.58 -19.812
-22.964 7.196 -21.431
-24.623 5.531 -18.378
-22.42 7.523 -15.909

-23.028 10.919 -17.654
-26.668 10.153 -18.714
-27.851 13.482 -17.123

-25.214 15.594 -18.963
-26 13.8 -22.296
-29.631 15.147 -21.909

-29.014 18.802 -20.797
-28.522 21.656 -23.337
-27.494 23.803 -20.296
-24.374 24.206 -18.108
-26.03 23.63 -14.722
-23.195 22.587 -12.38
-23.731 19.355 -10.334

-27.219 19.392 -8.694
-26.798 20.208 -4.988
-26.578 17.032 -2.906
-29.814 16.999 -0.82
-29.276 16.946 2.956
-30.305 13.551 4.343

-32.727 13.25 7.268
-30.389 11.851 9.975
-33.077 12.019 12.787
-33.159 8.159 12.923
-29.32 8.149 13.454
-27.82 8.306 16.969

-27.52 12.074 17.913
-23.991 11.509 19.371
-22.796 10.469 15.867
-24.731 13.185 13.93
-23.402 16.008 16.22
-19.738 14.82 15.861

-19.687 14.822 11.995
-17.445 17.587 10.586

-19.106 19.692 7.763
-17.231 17.783 4.996
-18.064 14.402 6.666
-21.796 15.407 6.677
-21.562 16.318 2.947
-19.943 12.855 2.346
-22.788 11.075 4.244
-25.363 13.084 2.191
-23.555 12.165 -1.104
-23.43 8.459 -0.115
-27.196 8.491 0.728
-28.024 10.343 -2.565

-25.973 7.645 -4.472
-28.214 5.048 -2.67
-25.512 3.7 -0.27

-23.352 2.353 -3.174
-19.956 4.118 -3.237
-16.209 4.012 -2.721
-15.295 6.541 0.021

-11.694 7.195 -1.128

-11.135 10.189 1.225
-7.504 10.605 2.377

-6.048 8.715 5.398
-7.361 9.956 8.784
-10.233 12.169 7.374
-12.706 9.981 9.408

-13.844 7.354 6.831
-15.012 5.081 9.734
-17.363 7.714 11.316
-18.876 8.506 7.854
-19.282 4.738 7.09
-21.02 4.042 10.461
-23.415 6.996 9.798
-24.247 5.855 6.195
-24.846 2.277 7.463
-26.955 3.52 10.461
-29.227 5.531 8.078

-29.9 2.058 6.507

-30.384 0.293 9.981
-33.886 -0.857 8.77
-32.05 -2.956 6.062
-29.626 -4.868 8.41
-27.981 -7.413 9.17

-24.774 -5.448 8.488
-21.551 -7.137 7.269
-18.235 -5.328 7.997
-15.132 -6.739 6.223
-11.829 -5.357 7.603

-8.05 -6.016 7.986
-7.416 -8.82 10.567
-5.856 -6.305 13.093
-8.689 -3.64 13.199

-11.758 -5.868 14.003
-11.895 -4.753 17.675
-11.154 -1.102 16.63
-14.365 -1.304 14.506
-16.414 -2.897 17.375
-15.268 -0.08 19.729
-16.109 2.476 16.969
-19.722 1.111 16.76
-20.082 1.14 20.611
-18.596 4.7 20.723
-20.823 6.195 17.978

-24.121 4.191 18.24
-24.851 3.95 22.056
-28.388 2.791 20.948
-26.764 -0.701 20.406
-26.03 -3.285 23.117

-22.632 -5.104 22.857
-24.638 -8.32 22.08
-25.78 -6.667 18.791

-22.091 -6.816 17.576
-20.505 -10.124 16.488
-16.681 -10.041 16.081

-15.702 -13.116 14.035
-12.316 -14.303 15.372
-12.201 -17.837 13.813
-13.405 -19.799 10.735
-15.769 -21.82 13.07
-17.788 -18.808 14.317
-21.352 -17.917 13.159
-21.075 -14.973 10.701
-24.816 -14.102 11.273
-24.919 -14.166 15.127
-25.108 -10.332 15.536
-27.08 -7.466 13.995

-23.588 -6.14 13.038
-21.065 -8.833 11.965
-17.336 -7.898 11.803
-15.009 -10.302 9.887
-11.529 -10.295 8.291

-10.658 -10.74 4.577
-8.757 -14.009 5.375
-11.833 -15.546 7.113
-14.3 -14.769 4.222

-13.6411 -17.62 1.79533
-14.6362 -20.2217 -0.712867
-17.5051 -22.3908 -2.1664
-18.1813 -24.8373 0.620053
-21.3728 -22.7231 1.30243
-23.5421 -23.5673 4.26074
-27.121 -23.7692 5.57236
-25.9263 -27.322 4.85571
-23.4735 -30.3412 4.91997
-23.9842 -30.7594 1.14053
-25.9161 -33.9653 1.34851
-29.1188 -32.4687 -0.050404

-32.2622 -31.6995 -2.11944
-35.425 -29.862 -3.3522
-37.485 -26.5592 -3.42553
-39.6185 -23.491 -3.5043

-36.7635 -21.618 -1.8053
-33.4425 -21.246 -3.7133

-35.1675 -22.733 -6.8333
-31.8665 -22.588 -8.8323
-31.3535 -26.123 -7.3203
-33.8755 -27.247 -10.0403

-31.6595 -25.817 -12.9183
-30.9625 -29.29 -14.4753
-34.0145 -31.364 -15.6003
-32.0955 -34.729 -15.5023
-31.4875 -34.497 -11.7033

-33.6525 -36.65 -9.3723
-34.6695 -33.503 -7.3513
-35.9335 -31.79 -10.5573
-37.6875 -34.974 -11.8703
-39.5625 -35.286 -8.5123
-40.4145 -31.518 -8.1963
-41.5665 -30.734 -11.7893
-44.8015 -32.904 -11.8673
-46.0625 -31.167 -8.6633
-45.1055 -27.653 -9.9283
-46.9945 -28.207 -13.2503
-50.2495 -29.308 -11.4403

-50.1735 -27.025 -8.3293
-52.4735 -23.923 -8.5683

-49.9275 -21.497 -6.9683
-46.1205 -21.728 -7.4933
-43.8705 -19.304 -5.5743
-40.2465 -19.838 -6.6873
-37.5285 -17.902 -4.7763

-33.8405 -17.316 -5.6833
-31.0995 -14.669 -5.2913
-29.3915 -16.08 -8.4013
-32.1035 -17.603 -10.6963
-29.3645 -18.402 -13.2093
-25.9455 -19.337 -11.7413
-23.9225 -19.108 -15.0203
-26.0615 -19.566 -18.2283

-29.5875 -18.969 -19.7483
-30.2465 -22.777 -19.9653
-30.5035 -22.899 -16.0873
-33.7205 -20.751 -16.2433
-35.7295 -23.227 -18.3923
-37.0055 -25.407 -15.4783
-38.0825 -22.273 -13.5073
-39.8395 -20.787 -16.6223
-41.8605 -24.019 -17.2403
-42.6465 -24.307 -13.4783
-44.2055 -20.764 -13.4603

-45.7085 -21.035 -17.0363
-46.0935 -24.751 -18.1213
-47.2735 -23.632 -21.6443
-44.0365 -21.671 -22.3723
-41.4385 -23.617 -24.4563
-43.0015 -27.166 -24.0933
-39.6775 -28.598 -25.4353

-36.2025 -27.4 -24.2933
-34.8205 -27.403 -27.8963
-36.9675 -24.348 -28.8943
-35.6665 -22.412 -25.8233
-32.0665 -23.58 -26.5323
-32.1295 -22.543 -30.2483
-33.3395 -19.015 -29.2943
-31.5045 -18.201 -26.0063

-28.6115 -20.732 -25.6283
-26.9525 -20.249 -29.1063
-27.6005 -23.958 -29.7223

-25.0235 -25.605 -32.0533
-25.2725 -28.953 -33.8953
-21.9925 -30.796 -33.1383

-20.9965 -34.278 -34.5663
-22.0465 -35.845 -31.1793

-25.4025 -33.952 -30.7723
-26.5665 -30.469 -29.6783
-24.4765 -28.044 -27.5963

-26.4875 -25.573 -25.4023
-23.5565 -23.957 -23.4433
-23.8875 -20.63 -25.3363
-26.1065 -17.543 -24.9903
-28.2345 -15.483 -27.4293
-30.9895 -12.788 -27.5073

-30.5295 -12.071 -23.7323
-32.3605 -8.67298 -23.8313
-35.4605 -10.449 -25.2883
-35.1355 -13.163 -22.5843
-34.9545 -10.395 -19.8913
-38.1625 -8.75698 -21.2603
-39.9955 -12.152 -21.3693
-38.8835 -12.975 -17.7823
-39.9425 -9.57698 -16.2953
-43.3445 -9.52698 -18.1083
-44.5215 -13.136 -17.5733

-42.2905 -15.138 -15.1073

-40.1575 -13.08 -12.7233
-40.2155 -10.186 -10.2523

-36.6125 -8.94398 -9.7193
-35.3055 -5.94298 -7.7303
-31.7305 -5.10798 -6.7563

-30.2045 -3.62398 -3.5283
-29.5935 -0.419984 -5.5503
-33.3485 -0.170984 -6.4503
-34.7885 -0.540984 -2.8903

-31.9775 -0.0459843 -0.268305
-30.0165 3.18902 -1.0993
-28.6025 2.95202 2.5007
-26.5975 -0.315984 2.0847

-22.7985 0.378016 2.0697
-21.0455 -0.355984 -1.2543

-19.3895 -3.72598 -1.9973
-15.7735 -2.87798 -2.9753
-14.2365 -5.76798 -4.9773
-10.5575 -6.26598 -5.9243
-8.19552 -8.87498 -7.3263
-5.15452 -9.56998 -5.0853
-2.33552 -11.124 -7.1403

-0.555522 -13.325 -4.5493
3.15948 -13.506 -5.3593

4.14348 -16.737 -7.2823
7.75848 -16.266 -5.9543
6.72048 -18.458 -2.9323

5.67948 -21.247 -5.4173
8.81748 -23.428 -5.3513

10.3235 -24.701 -8.6493
9.01148 -28.319 -8.1083
5.38948 -27.121 -7.5573
5.66648 -24.791 -10.6183
7.09548 -27.636 -12.7703
4.15748 -29.853 -11.5853
1.61148 -27.118 -12.5833
3.40848 -26.72 -15.9733
3.32148 -30.546 -16.4043
-0.451522 -30.855 -15.6563
-1.13952 -27.803 -17.9243
0.815478 -29.479 -20.8113
-0.958522 -32.792 -20.0203
-4.45552 -31.24 -20.6043
-3.36452 -29.909 -24.0753

-1.88452 -33.239 -25.3273
-3.71452 -34.337 -28.5323
-3.57352 -38.117 -27.9973
-5.44452 -38.278 -24.6123
-9.01752 -39.506 -24.1053

-11.8135 -37.119 -22.9513
-11.4945 -38.781 -19.4883
-7.67252 -38.322 -19.1993
-8.22352 -34.62 -20.1703
-10.8125 -34.267 -17.2953
-8.44452 -36.087 -14.8583
-5.49552 -33.795 -15.8153
-7.84652 -30.757 -15.3593
-8.86152 -31.959 -11.8353
-5.14652 -32.54 -11.0283
-4.17652 -29.019 -12.3003
-7.00352 -27.48 -10.1853
-6.04852 -29.429 -6.9873
-2.31552 -28.512 -7.5543
-3.36552 -24.822 -7.9143
-5.01652 -25.011 -4.4543
-1.85652 -26.592 -2.8853
0.443478 -24.031 -4.6133
-1.55552 -21.057 -3.1673
-1.60852 -22.253 0.530695
1.67848 -20.5 1.6677
0.741478 -17.067 0.195695
-2.94352 -17.422 1.2357
-1.60252 -17.97 4.8067
0.869478 -15.027 4.4197
-2.05752 -12.776 3.3367
-4.36952 -13.928 6.2267
-1.56452 -13.16 8.7377
-0.910522 -9.70998 7.1127
-4.65952 -8.91298 7.5887
-4.53252 -9.92398 11.3137
-1.20752 -8.05898 11.9037

-2.86552 -4.97998 10.2207
-5.34552 -4.99498 13.1947
-8.51452 -6.29198 11.4037
-11.2085 -7.24498 13.9317
-13.4615 -9.59398 11.8077

-13.2425 -11.189 8.3267
-14.4105 -14.265 6.3557
-12.0405 -16.627 4.4807
-13.6265 -18.694 1.6767
-12.0055 -21.849 0.205695

-13.3875 -25.15 -1.2713
-10.5095 -27.694 -1.2163

-10.3785 -29.378 2.2367
-6.51552 -29.176 2.2947
-6.74552 -25.319 2.0527
-9.34852 -25.134 4.8967
-7.18752 -27.569 6.9827
-3.92252 -25.587 6.4287
-5.59952 -22.208 7.2747
-7.15252 -23.637 10.5137
-3.81652 -25.27 11.5437
-1.87452 -21.967 11.1237
-4.56052 -19.954 13.0317
-4.34252 -22.545 15.8967
-0.480522 -22.321 15.7817

-0.768522 -18.466 16.0377
-3.43652 -18.898 18.8387
-6.01452 -16.938 16.7367
-9.61852 -17.625 17.8057

-11.6215 -18.616 14.6947
-14.7065 -20.584 13.5287
-14.7845 -23.301 10.8127
-17.7865 -24.402 8.6687

-17.5205 -27.124 5.9707
-19.3535 -30.22 4.5567
-18.7755 -32.137 7.8657
-20.2095 -29.388 10.1817
-23.7225 -30.393 11.3707
-26.8855 -28.297 10.7147
-27.2585 -27.189 14.4027

-23.5005 -26.547 14.9897
-23.5095 -24.322 11.8227
-26.0705 -21.99 13.4867
-24.2215 -22.045 16.8707
-20.7855 -21.257 15.2627
-22.5265 -18.488 13.2397
-23.8605 -17 16.5397
-20.3835 -17.383 18.1927
-18.7355 -15.367 15.3247
-21.5835 -12.767 15.3747
-21.6575 -12.203 19.1857

-18.0245 -12.866 20.3197
-15.4405 -10.084 19.6337
-12.6375 -12.712 20.0837
-13.4485 -14.716 16.9057
-11.4795 -12.735 14.2847

-11.6215 -15.259 11.3717
-14.3815 -17.43 9.8927
-12.9195 -20.292 7.7627
-15.7755 -21.202 5.3897
-16.3495 -23.73 2.6017

-17.6615 -21.834 -0.499305
-20.0905 -24.744 -1.2083
-21.1535 -25.593 2.3887
-21.6405 -21.999 3.7557
-23.3625 -20.47 0.622695
-26.8235 -20.944 2.3107
-28.8215 -19.988 5.4617
-26.0545 -18.222 7.4567
-25.6055 -14.45 8.1417
-22.1525 -12.907 8.8507
-22.9895 -9.17198 9.2967
-20.2795 -8.83998 12.0497
-17.4955 -8.90498 9.3767
-16.6115 -6.09998 6.8797

-14.1645 -8.17698 4.7377
-14.4735 -11.341 2.5957
-11.3065 -13.108 1.3107
-11.6835 -15.741 -1.4333

-8.52352 -17.864 -0.989305
-9.73252 -19.884 -4.0203
-11.7435 -19.081 -7.1683
-14.9365 -21.046 -7.9643
-16.0225 -21.6 -11.6313
-19.6685 -20.628 -10.8863

-20.2085 -16.851 -10.2383
-23.6815 -17.399 -8.6753
-21.9805 -19.266 -5.7553
-19.3615 -16.47 -5.3403
-22.1985 -13.842 -5.1863
-24.0785 -16.082 -2.6513
-20.9005 -16.089 -0.471305
-20.4265 -12.238 -0.703305

-24.1245 -11.763 0.314695
-23.4505 -13.61 3.5987
-21.8295 -10.33 4.8637
-23.7615 -7.80798 2.7187
-27.1455 -8.30098 4.5427
-29.6855 -6.12698 6.4257
-27.7615 -5.18498 9.6227
-24.4535 -4.41298 7.8007
-23.2245 -0.812984 8.5147
-19.7025 -0.881984 6.9017
-18.5995 -0.918984 3.2157

-17.9775 -4.59998 2.3927
-14.4875 -5.42098 1.0607
-14.2255 -8.47198 -1.2743
-10.6645 -9.72398 -2.0153
-10.1605 -12.408 -4.7273
-6.74052 -14.103 -4.2193
-5.20752 -15.119 -7.6223

-1.81852 -16.619 -8.6443
-0.117522 -16.1 -12.0733
0.988478 -19.465 -13.5973
-2.03452 -21.44 -12.1793
-5.70652 -22.44 -12.8053

-6.71852 -18.856 -11.7263
-5.39952 -17.512 -15.1103
-8.17952 -19.52 -16.9203
-10.8785 -19.443 -14.1863
-10.9145 -15.629 -13.7663
-11.7255 -14.787 -17.4803
-14.3105 -17.674 -17.4303
-16.0195 -16.237 -14.2863
-16.0065 -12.724 -15.9033
-17.6995 -13.807 -19.1853
-20.3005 -15.732 -17.0703
-21.1425 -12.597 -14.9513
-21.5025 -10.605 -18.2233
-23.9755 -13.25 -19.5883
-25.8975 -12.984 -16.2563
-25.8825 -9.11998 -16.4203
-27.1095 -9.03598 -20.0903

-29.9825 -11.358 -18.9733
-30.7825 -8.81598 -16.1283
-29.7065 -11.417 -13.4843
-26.6865 -9.50998 -12.0083
-25.5115 -5.89498 -11.4363
-22.0535 -7.33398 -10.7013
-19.5795 -6.19798 -13.3463
-16.1395 -7.86998 -12.8733
-14.2545 -6.06398 -15.7623

-13.2485 -2.97498 -13.6803
-11.2005 -5.16398 -11.2373
-8.85352 -6.48098 -14.0163
-8.00252 -3.08398 -15.5753

-6.73752 -2.12498 -12.0453
-4.25252 -5.09798 -11.6223

End chain 1
