-13.201 -6.296 -53.957
-10.703 -3.406 -53.291
-9.54 -3.087 -49.639
-11.02 0.322 -48.639
-8.614 1.85 -46.053
-10.787 3.126 -43.162

-9.634 6.195 -41.181
-10.061 4.9 -37.589
-10.286 6.838 -34.306
-12.195 7.103 -30.979
-14.163 9.439 -28.711
-12.619 10.223 -25.263
-14.157 12.207 -22.344

-12.0431 15.2633 -22.0854
-9.84509 18.351 -22.722
-7.44523 21.2767 -21.9658
-5.01283 24.1336 -21.6618

-4.29334 26.7836 -19.1464
-4.29777 26.3046 -15.3304
-4.96958 24.3507 -12.1208
-2.29424 23.0027 -9.87626
0.850651 25.2825 -9.61204
3.95315 27.298 -8.41613

6.34315 27.685 -11.3951
5.64515 30.498 -13.9161
2.73015 29.963 -16.3671

1.41715 32.794 -18.6091
-2.29485 31.797 -18.3271
-1.98585 31.311 -14.5421
-0.389852 34.798 -14.1431
-3.24985 36.195 -16.3151
-5.77785 34.423 -13.9851
-3.93385 35.7 -10.8311
-4.21885 39.282 -12.2731

-8.07185 38.738 -12.3451
-8.23585 37.974 -8.55613
-9.49085 40.874 -6.42013
-7.39085 40.196 -3.25513
-4.16585 39.562 -5.28713

-0.767852 40.377 -3.70713
2.61415 39.757 -5.37913
5.82015 39.753 -3.30613

8.74215 40.86 -5.52513
11.2971 39.255 -3.08913
9.87215 35.677 -3.00713
8.29115 36.078 -6.53313

5.04715 34.563 -5.10613
1.31215 35.327 -5.31113
-1.05785 35.485 -2.30713
-4.84085 35.942 -1.96613
-7.50585 36.343 0.773865

-8.63185 32.979 2.20787
-12.2979 33.684 1.18687
-11.1059 33.663 -2.49413
-9.55285 30.12 -2.15513
-12.6029 28.295 -3.63813
-12.9449 30.985 -6.40913
-9.22685 30.623 -7.33713
-9.18985 26.77 -7.35313
-12.4199 26.715 -9.44413
-10.8819 29.117 -12.0661
-7.46785 27.289 -12.1191

-9.16785 23.889 -12.8431
-10.3369 25.487 -16.1501
-6.70285 26.137 -17.3071
-5.05185 23.504 -19.5771
-1.62585 22.141 -18.4371

-1.83485 23.73 -14.8781
-2.13985 21.76 -11.5951
-2.51685 23.905 -8.43013
-3.03785 21.6 -5.41713

-5.59285 23.19 -2.97313
-5.23685 23.844 0.771865
-5.72485 20.41 2.48887
-9.16885 19.49 3.91187
-7.60985 19.77 7.42887
-6.90885 23.521 6.87187
-10.3389 24.137 5.25287
-11.9979 22.472 8.30587
-9.79485 24.464 10.7749

-10.4029 27.86 9.02987
-14.0429 27.094 7.96987
-15.2259 30.423 9.56087

-12.5889 32.535 7.72087
-13.3749 30.741 4.38787
-17.0059 32.088 4.77487

-16.3889 35.743 5.88687
-15.8969 38.597 3.34687
-14.8689 40.744 6.38787
-11.7489 41.147 8.57587
-13.4049 40.571 11.9619
-10.5699 39.528 14.3039
-11.1059 36.296 16.3499

-14.5939 36.333 17.9899
-14.1729 37.149 21.6959
-13.9529 33.973 23.7779
-17.1889 33.94 25.8639
-16.6509 33.887 29.6399
-17.6799 30.492 31.0269

-20.1019 30.191 33.9519
-17.7639 28.792 36.6589
-20.4519 28.96 39.4709
-20.5339 25.1 39.6069
-16.6949 25.09 40.1379
-15.1949 25.247 43.6529

-14.8949 29.015 44.5969
-11.3659 28.45 46.0549
-10.1709 27.41 42.5509
-12.1059 30.126 40.6139
-10.7769 32.949 42.9039
-7.11285 31.761 42.5449

-7.06185 31.763 38.6789
-4.81985 34.528 37.2699

-6.48085 36.633 34.4469
-4.60585 34.724 31.6799
-5.43885 31.343 33.3499
-9.17085 32.348 33.3609
-8.93685 33.259 29.6309
-7.31785 29.796 29.0299
-10.1629 28.016 30.9279
-12.7379 30.025 28.8749
-10.9299 29.106 25.5799
-10.8049 25.4 26.5689
-14.5709 25.432 27.4119
-15.3989 27.284 24.1189

-13.3479 24.586 22.2119
-15.5889 21.989 24.0139
-12.8869 20.641 26.4139

-10.7269 19.294 23.5099
-7.33085 21.059 23.4469
-3.58385 20.953 23.9629
-2.66985 23.482 26.7049

0.931148 24.136 25.5559

1.49015 27.13 27.9089
5.12115 27.546 29.0609

6.57715 25.656 32.0819
5.26415 26.897 35.4679
2.39215 29.11 34.0579
-0.0808522 26.922 36.0919

-1.21885 24.295 33.5149
-2.38685 22.022 36.4179
-4.73785 24.655 37.9999
-6.25085 25.447 34.5379
-6.65685 21.679 33.7739
-8.39485 20.983 37.1449
-10.7899 23.937 36.4819
-11.6219 22.796 32.8789
-12.2209 19.218 34.1469
-14.3299 20.461 37.1449
-16.6019 22.472 34.7619

-17.2749 18.999 33.1909

-17.7589 17.234 36.6649
-21.2609 16.084 35.4539
-19.4249 13.985 32.7459
-17.0009 12.073 35.0939
-15.3559 9.52798 35.8539

-12.1489 11.493 35.1719
-8.92585 9.80398 33.9529
-5.60985 11.613 34.6809
-2.50685 10.202 32.9069
0.796148 11.584 34.2869

4.57515 10.925 34.6699
5.20915 8.12098 37.2509
6.76915 10.636 39.7769
3.93615 13.301 39.8829

0.867148 11.073 40.6869
0.730148 12.188 44.3589
1.47115 15.839 43.3139
-1.73985 15.637 41.1899
-3.78885 14.044 44.0589
-2.64285 16.861 46.4129
-3.48385 19.417 43.6529
-7.09685 18.052 43.4439
-7.45685 18.081 47.2949
-5.97085 21.641 47.4069
-8.19785 23.136 44.6619

-11.4959 21.132 44.9239
-12.2259 20.891 48.7399
-15.7629 19.732 47.6319
-14.1389 16.24 47.0899
-13.4049 13.656 49.8009

-10.0069 11.837 49.5409
-12.0129 8.62098 48.7639
-13.1549 10.274 45.4749

-9.46585 10.125 44.2599
-7.87985 6.81698 43.1719
-4.05585 6.89998 42.7649

-3.07685 3.82498 40.7189
0.309148 2.63798 42.0559
0.424148 -0.89602 40.4969
-0.779852 -2.85802 37.4189
-3.14385 -4.87902 39.7539
-5.16285 -1.86702 41.0009
-8.72685 -0.97602 39.8429
-8.44985 1.96798 37.3849
-12.1909 2.83898 37.9569
-12.2939 2.77498 41.8109
-12.4829 6.60898 42.2199
-14.4549 9.47498 40.6789

-10.9629 10.801 39.7219
-8.43985 8.10798 38.6489
-4.71085 9.04298 38.4869
-2.38385 6.63898 36.5709
1.09615 6.64598 34.9749

1.96715 6.20098 31.2609
3.86815 2.93198 32.0589
0.792148 1.39498 33.7969
-1.67485 2.17198 30.9059

-0.300852 -0.77402 28.8239
-0.661852 -3.13202 31.8669
-4.21785 -1.79902 32.5289
-5.38885 -1.87402 28.8229
-8.10585 -4.47402 29.7279
-9.61785 -1.89502 32.1959
-9.32985 1.04698 29.6729
-12.4459 -0.49202 27.9619
-14.5629 1.48998 30.5089
-15.4689 4.80398 28.7359
-13.7419 7.70598 30.5259
-15.6109 10.726 29.0439

-13.0789 13.264 30.4759
-9.31085 12.643 30.1129
-6.38185 14.796 31.2859
-2.89185 13.831 30.0439

-0.0368522 15.704 31.7429
3.28415 16.076 29.8349

1.55915 14.589 26.7149
4.86015 14.734 24.7159
5.37315 11.199 26.2279
2.85115 10.075 23.5079

5.06715 11.505 20.6299
5.76415 8.03198 19.0729
2.71215 5.95798 17.9479
4.63115 2.59298 18.0459
5.23915 2.82498 21.8449

3.07415 0.67198 24.1759
2.05715 3.81898 26.1969
0.793148 5.53198 22.9909
-0.960852 2.34798 21.6779
-2.83585 2.03598 25.0359
-3.68785 5.80398 25.3519
-4.83985 6.58798 21.7589
-8.07485 4.41798 21.6809
-9.33585 6.15498 24.8849
-8.37885 9.66898 23.6199
-10.2679 9.11498 20.2979
-13.5229 8.01398 22.1079

-13.4469 10.297 25.2189
-15.7469 13.399 24.9799

-13.2009 15.825 26.5799
-9.39385 15.594 26.0549
-7.14385 18.018 27.9739
-3.51985 17.484 26.8609
-0.801852 19.42 28.7719

2.88615 20.006 27.8649
5.62715 22.653 28.2569
7.33515 21.242 25.1469
4.62315 19.719 22.8519
7.36215 18.92 20.3389
10.7811 17.985 21.8069
12.8041 18.214 18.5279
10.6651 17.756 15.3199

7.13915 18.353 13.7999
6.48015 14.545 13.5829
6.22315 14.423 17.4609
3.00615 16.571 17.3049
0.997148 14.095 15.1559
-0.278852 11.915 18.0699
-1.35585 15.049 20.0409
-3.11285 16.535 16.9259
-5.13385 13.303 16.3079
-5.91985 13.015 20.0699
-7.47885 16.558 20.0879

-8.98185 16.287 16.5119
-9.36685 12.571 15.4269
-10.5469 13.69 11.9039
-7.30985 15.651 11.1759
-4.71185 13.705 9.09187
-6.27485 10.156 9.45487
-2.95085 8.72398 8.11287

0.524148 9.92198 9.25487
1.90615 9.91898 5.65187
-0.240852 12.974 4.65387
1.06015 14.91 7.72487
4.66015 13.742 7.01587
4.59715 14.779 3.29987
3.38715 18.307 4.25387
5.22215 19.121 7.54187

8.11515 16.59 7.91987
9.77415 17.073 4.44187
9.12615 13.364 3.82587

11.7031 11.717 1.49487
11.4541 8.36898 -0.347135
14.7341 6.52598 0.409865

15.7301 3.04398 -1.01813
14.6801 1.47698 2.36887

11.3241 3.36998 2.77587
10.1601 6.85298 3.86987
12.2501 9.27798 5.95187

10.2391 11.749 8.14587
13.1701 13.365 10.1049
12.8391 16.692 8.21187
10.6201 19.779 8.55787
8.49215 21.839 6.11887
5.73715 24.534 6.04087

6.19715 25.251 9.81587
4.36615 28.649 9.71687
1.26615 26.873 8.25987
1.59115 24.159 10.9639
1.77215 26.927 13.6569
-1.43585 28.565 12.2879
-3.26885 25.17 12.1789
-2.15685 24.347 15.7659
-3.21585 27.745 17.2529
-6.61785 27.795 15.4399
-7.79485 24.186 15.9749

-5.56385 22.184 18.4409

-3.43085 24.242 20.8249
-3.48885 27.136 23.2959

0.114148 28.378 23.8289
1.42115 31.379 25.8179
4.99615 32.214 26.7919

6.52215 33.698 30.0199
7.13315 36.902 27.9979
3.37815 37.151 27.0979
1.93815 36.781 30.6579

4.74915 37.276 33.2799
6.71015 40.511 32.4489
8.12415 40.274 36.0489
10.1291 37.006 35.6329

13.9281 37.7 35.6179
15.6811 36.966 32.2939

17.3371 33.596 31.5509
20.9531 34.444 30.5729
22.4901 31.554 28.5709
26.1691 31.056 27.6239
28.5311 28.447 26.2219
31.5721 27.752 28.4629
34.3911 26.198 26.4079

36.1711 23.997 28.9989
39.8861 23.816 28.1889

40.8701 20.585 26.2659
44.4851 21.056 27.5939
43.4471 18.864 30.6159

42.4061 16.075 28.1309
45.5441 13.894 28.1969

47.0501 12.621 24.8989
45.7381 9.00298 25.4399
42.1161 10.201 25.9909
42.3931 12.531 22.9299
43.8221 9.68598 20.7779
40.8841 7.46898 21.9629
38.3381 10.204 20.9649
40.1351 10.602 17.5749
40.0481 6.77598 17.1439
36.2751 6.46698 17.8919
35.5871 9.51898 15.6239
37.5421 7.84298 12.7369
35.7681 4.52998 13.5279
32.2711 6.08198 12.9439
33.3621 7.41298 9.47287

34.8421 4.08298 8.22087
33.0121 2.98498 5.01587
33.1531 -0.79502 5.55087
31.2821 -0.95602 8.93587
27.7091 -2.18402 9.44287

24.9131 0.20298 10.5969
25.2321 -1.45902 14.0599
29.0541 -1.00002 14.3489
28.5031 2.70198 13.3779
25.9141 3.05498 16.2529
28.2821 1.23498 18.6899
31.2311 3.52698 17.7329
28.8801 6.56498 18.1889
27.8651 5.36298 21.7129
31.5801 4.78198 22.5199
32.5501 8.30298 21.2479
29.7231 9.84198 23.3629
30.6781 7.89298 26.5609
34.4111 8.80998 25.9939
33.3611 12.5 25.6339
31.7101 12.311 29.0939
34.8701 10.73 30.6629
37.1701 13.291 28.9349
35.1711 16.265 30.3809
35.1181 15.069 34.0789
38.4051 16.822 35.2159
37.4681 20.255 33.7439
33.7831 19.9 34.7839
35.1241 19.352 38.3549
37.5961 22.295 37.9679
34.6691 24.546 36.8849
32.3571 23.394 39.7749
35.1621 24.162 42.2859
35.8161 27.612 40.6609
32.0671 28.409 41.1369
32.1941 27.398 44.8619
35.5191 29.263 45.4519

33.8611 32.342 43.7689
31.3811 32.327 46.7429
28.2121 31.03 44.9519
25.5181 30.077 47.4799
23.2651 27.728 45.3559

23.4841 26.133 41.8749
22.3161 23.057 39.9039
24.6861 20.695 38.0289
23.1001 18.628 35.2249
24.7211 15.473 33.7539

23.3391 12.172 32.2769
26.2171 9.62798 32.3319

26.3481 7.94398 35.7849
30.2111 8.14598 35.8429
29.9811 12.003 35.6009
27.3781 12.188 38.4449
29.5391 9.75298 40.5309
32.8041 11.735 39.9769
31.1271 15.114 40.8229
29.5741 13.685 44.0619
32.9101 12.052 45.0919
34.8521 15.355 44.6719
32.1661 17.368 46.5799
32.3841 14.777 49.4449
36.2461 15.001 49.3299

35.9581 18.856 49.5859
33.2901 18.424 52.3869
30.7121 20.384 50.2849
27.1081 19.697 51.3539

25.1051 18.706 48.2429
22.0201 16.738 47.0769
21.9421 14.021 44.3609
18.9401 12.92 42.2169

19.2061 10.198 39.5189
17.3731 7.10198 38.1049
17.9511 5.18498 41.4139
16.5171 7.93398 43.7299
13.0041 6.92898 44.9189
9.84115 9.02498 44.2629
9.46815 10.133 47.9509

13.2261 10.775 48.5379
13.2171 13 45.3709
10.6561 15.332 47.0349
12.5051 15.277 50.4189
15.9411 16.065 48.8109
14.2001 18.834 46.7879
12.8661 20.322 50.0879
16.3431 19.939 51.7409
17.9911 21.955 48.8729
15.1431 24.555 48.9229
15.0691 25.119 52.7339

18.7021 24.456 53.8679
21.2861 27.238 53.1819
24.0891 24.61 53.6319
23.2781 22.606 50.4539
25.2471 24.587 47.8329

25.1051 22.063 44.9199
22.3451 19.892 43.4409
23.8071 17.03 41.3109
20.9511 16.12 38.9379
20.3771 13.592 36.1499

19.0651 15.488 33.0489
16.6361 12.578 32.3399
15.5731 11.729 35.9369
15.0861 15.323 37.3039
13.3641 16.852 34.1709
9.90315 16.378 35.8589
7.90515 17.334 39.0099
10.6721 19.1 41.0049
11.1211 22.872 41.6899
14.5741 24.415 42.3989
13.7371 28.15 42.8449
16.4471 28.482 45.5979
19.2311 28.417 42.9249
20.1151 31.222 40.4279

22.5621 29.145 38.2859
22.2531 25.981 36.1439
25.4201 24.214 34.8589
25.0431 21.581 32.1149

28.2031 19.458 32.5589
26.9941 17.438 29.5279
24.9831 18.241 26.3799
21.7901 16.276 25.5839
20.7041 15.722 21.9169
17.0581 16.694 22.6619

16.5181 20.471 23.3099
13.0451 19.923 24.8729
14.7461 18.056 27.7929
17.3651 20.852 28.2079
14.5281 23.48 28.3619
12.6481 21.24 30.8969
15.8261 21.233 33.0769
16.3001 25.084 32.8449

12.6021 25.559 33.8629
13.2761 23.712 37.1469
14.8971 26.992 38.4119
12.9651 29.514 36.2669
9.58115 29.021 38.0909
7.04115 31.195 39.9739
8.96515 32.137 43.1709
12.2731 32.909 41.3489
13.5021 36.509 42.0629
17.0241 36.44 40.4499
18.1271 36.403 36.7639

18.7491 32.722 35.9409
22.2391 31.901 34.6089
22.5011 28.85 32.2739
26.0621 27.598 31.5329
26.5661 24.914 28.8209
29.9861 23.219 29.3289
31.5191 22.203 25.9259

34.9081 20.703 24.9039
36.6091 21.222 21.4749
37.7151 17.857 19.9509
34.6921 15.882 21.3689
31.0201 14.882 20.7429

30.0081 18.466 21.8219
31.3271 19.81 18.4379
28.5471 17.802 16.6279
25.8481 17.879 19.3619
25.8121 21.693 19.7819
25.0011 22.535 16.0679
22.4161 19.648 16.1179
20.7071 21.085 19.2619
20.7201 24.598 17.6449
19.0271 23.515 14.3629
16.4261 21.59 16.4779
15.5841 24.725 18.5969
15.2241 26.717 15.3249
12.7511 24.072 13.9599
10.8291 24.338 17.2919
10.8441 28.202 17.1279
9.61715 28.286 13.4579

6.74415 25.964 14.5749
5.94415 28.506 17.4199
7.02015 25.905 20.0639
10.0401 27.812 21.5399
11.2151 31.427 22.1119
14.6731 29.988 22.8469
17.1471 31.124 20.2019
20.5871 29.452 20.6749
22.4721 31.258 17.7859

23.4781 34.347 19.8679
25.5261 32.158 22.3109
27.8731 30.841 19.5319
28.7241 34.238 17.9729

29.9891 35.197 21.5029
32.4741 32.224 21.9259

End chain 1
