-13.201 -6.296 -53.957
-10.703 -3.406 -53.291
-9.54 -3.087 -49.639
-11.02 0.322 -48.639
-8.614 1.85 -46.053
-10.787 3.126 -43.162

-9.634 6.195 -41.181
-10.061 4.9 -37.589
-10.286 6.838 -34.306
-12.195 7.103 -30.979
-14.163 9.439 -28.711
-12.619 10.223 -25.263
-14.157 12.207 -22.344

-11.943 15.248 -21.466
-14.301 16.978 -18.949
-17.827 16.65 -17.399
-19.139 18.761 -20.353

-16.752 17.96 -23.312
-15.482 14.956 -25.281
-12.62 14.751 -27.824
-12.437 12.939 -31.204
-8.982 11.264 -31.393
-8.672 10.357 -35.1

-6.282 10.744 -38.079
-6.98 13.557 -40.6
-9.895 13.022 -43.051

-11.208 15.853 -45.293
-14.92 14.856 -45.011
-14.611 14.37 -41.226
-13.015 17.857 -40.827
-15.875 19.254 -42.999
-18.403 17.482 -40.669
-16.559 18.759 -37.515
-16.844 22.341 -38.957

-20.697 21.797 -39.029
-20.861 21.033 -35.24
-22.116 23.933 -33.104
-20.016 23.255 -29.939
-16.791 22.621 -31.971

-13.393 23.436 -30.391
-10.011 22.816 -32.063
-6.805 22.812 -29.99

-3.883 23.919 -32.209
-1.328 22.314 -29.773
-2.753 18.736 -29.691
-4.334 19.137 -33.217

-7.578 17.622 -31.79
-11.313 18.386 -31.995
-13.683 18.544 -28.991
-17.466 19.001 -28.65
-20.131 19.402 -25.91

-21.257 16.038 -24.476
-24.923 16.743 -25.497
-23.731 16.722 -29.178
-22.178 13.179 -28.839
-25.228 11.354 -30.322
-25.57 14.044 -33.093
-21.852 13.682 -34.021
-21.815 9.829 -34.037
-25.045 9.774 -36.128
-23.507 12.176 -38.75
-20.093 10.348 -38.803

-21.793 6.948 -39.527
-22.962 8.546 -42.834
-19.328 9.196 -43.991
-17.677 6.563 -46.261
-14.251 5.2 -45.121

-14.46 6.789 -41.562
-14.765 4.819 -38.279
-15.142 6.964 -35.114
-15.663 4.659 -32.101

-18.218 6.249 -29.657
-17.862 6.903 -25.912
-18.35 3.469 -24.195
-21.794 2.549 -22.772
-20.235 2.829 -19.255
-19.534 6.58 -19.812
-22.964 7.196 -21.431
-24.623 5.531 -18.378
-22.42 7.523 -15.909

-23.028 10.919 -17.654
-26.668 10.153 -18.714
-27.851 13.482 -17.123

-25.214 15.594 -18.963
-26 13.8 -22.296
-29.631 15.147 -21.909

-29.014 18.802 -20.797
-28.522 21.656 -23.337
-27.494 23.803 -20.296
-24.374 24.206 -18.108
-26.03 23.63 -14.722
-23.195 22.587 -12.38
-23.731 19.355 -10.334

-27.219 19.392 -8.694
-26.798 20.208 -4.988
-26.578 17.032 -2.906
-29.814 16.999 -0.82
-29.276 16.946 2.956
-30.305 13.551 4.343

-32.727 13.25 7.268
-30.389 11.851 9.975
-33.077 12.019 12.787
-33.159 8.159 12.923
-29.32 8.149 13.454
-27.82 8.306 16.969

-27.52 12.074 17.913
-23.991 11.509 19.371
-22.796 10.469 15.867
-24.731 13.185 13.93
-23.402 16.008 16.22
-19.738 14.82 15.861

-19.687 14.822 11.995
-17.445 17.587 10.586

-19.106 19.692 7.763
-17.231 17.783 4.996
-18.064 14.402 6.666
-21.796 15.407 6.677
-21.562 16.318 2.947
-19.943 12.855 2.346
-22.788 11.075 4.244
-25.363 13.084 2.191
-23.555 12.165 -1.104
-23.43 8.459 -0.115
-27.196 8.491 0.728
-28.024 10.343 -2.565

-25.973 7.645 -4.472
-28.214 5.048 -2.67
-25.512 3.7 -0.27

-23.352 2.353 -3.174
-19.956 4.118 -3.237
-16.209 4.012 -2.721
-15.295 6.541 0.021

-11.694 7.195 -1.128

-11.135 10.189 1.225
-7.504 10.605 2.377

-6.048 8.715 5.398
-7.361 9.956 8.784
-10.233 12.169 7.374
-12.706 9.981 9.408

-13.844 7.354 6.831
-15.012 5.081 9.734
-17.363 7.714 11.316
-18.876 8.506 7.854
-19.282 4.738 7.09
-21.02 4.042 10.461
-23.415 6.996 9.798
-24.247 5.855 6.195
-24.846 2.277 7.463
-26.955 3.52 10.461
-29.227 5.531 8.078

-29.9 2.058 6.507

-30.384 0.293 9.981
-33.886 -0.857 8.77
-32.05 -2.956 6.062
-29.626 -4.868 8.41
-27.981 -7.413 9.17

-24.774 -5.448 8.488
-21.551 -7.137 7.269
-18.235 -5.328 7.997
-15.132 -6.739 6.223
-11.829 -5.357 7.603

-8.05 -6.016 7.986
-7.416 -8.82 10.567
-5.856 -6.305 13.093
-8.689 -3.64 13.199

-11.758 -5.868 14.003
-11.895 -4.753 17.675
-11.154 -1.102 16.63
-14.365 -1.304 14.506
-16.414 -2.897 17.375
-15.268 -0.08 19.729
-16.109 2.476 16.969
-19.722 1.111 16.76
-20.082 1.14 20.611
-18.596 4.7 20.723
-20.823 6.195 17.978

-24.121 4.191 18.24
-24.851 3.95 22.056
-28.388 2.791 20.948
-26.764 -0.701 20.406
-26.03 -3.285 23.117

-22.632 -5.104 22.857
-24.638 -8.32 22.08
-25.78 -6.667 18.791

-22.091 -6.816 17.576
-20.505 -10.124 16.488
-16.681 -10.041 16.081

-15.702 -13.116 14.035
-12.316 -14.303 15.372
-12.201 -17.837 13.813
-13.405 -19.799 10.735
-15.769 -21.82 13.07
-17.788 -18.808 14.317
-21.352 -17.917 13.159
-21.075 -14.973 10.701
-24.816 -14.102 11.273
-24.919 -14.166 15.127
-25.108 -10.332 15.536
-27.08 -7.466 13.995

-23.588 -6.14 13.038
-21.065 -8.833 11.965
-17.336 -7.898 11.803
-15.009 -10.302 9.887
-11.529 -10.295 8.291

-10.658 -10.74 4.577
-8.757 -14.009 5.375
-11.833 -15.546 7.113
-14.3 -14.769 4.222

-12.926 -17.715 2.14
-13.287 -20.073 5.183
-16.843 -18.74 5.845
-18.014 -18.815 2.139
-20.731 -21.415 3.044
-22.243 -18.836 5.512
-21.955 -15.894 2.989
-25.071 -17.433 1.278
-27.188 -15.451 3.825
-28.094 -12.137 2.052
-26.367 -9.235 3.842
-28.236 -6.215 2.36

-25.704 -3.677 3.792
-21.936 -4.298 3.429
-19.007 -2.145 4.602
-15.517 -3.11 3.36

-12.662 -1.237 5.059
-9.341 -0.865 3.151

-11.066 -2.352 0.031
-7.765 -2.207 -1.968
-7.252 -5.742 -0.456
-9.774 -6.866 -3.176

-7.558 -5.436 -6.054
-6.861 -8.909 -7.611
-9.913 -10.983 -8.736
-7.994 -14.348 -8.638
-7.386 -14.116 -4.839

-9.551 -16.269 -2.508
-10.568 -13.122 -0.487
-11.832 -11.409 -3.693
-13.586 -14.593 -5.006
-15.461 -14.905 -1.648
-16.313 -11.137 -1.332
-17.465 -10.353 -4.925
-20.7 -12.523 -5.003
-21.961 -10.786 -1.799
-21.004 -7.272 -3.064
-22.893 -7.826 -6.386
-26.148 -8.927 -4.576

-26.072 -6.644 -1.465
-28.372 -3.542 -1.704

-25.826 -1.116 -0.104
-22.019 -1.347 -0.629
-19.769 1.077 1.29
-16.145 0.543 0.177
-13.427 2.479 2.088

-9.739 3.065 1.181
-6.998 5.712 1.573
-5.29 4.301 -1.537
-8.002 2.778 -3.832
-5.263 1.979 -6.345
-1.844 1.044 -4.877
0.179 1.273 -8.156
-1.96 0.815 -11.364

-5.486 1.412 -12.884
-6.145 -2.396 -13.101
-6.402 -2.518 -9.223
-9.619 -0.37 -9.379
-11.628 -2.846 -11.528
-12.904 -5.026 -8.614
-13.981 -1.892 -6.643
-15.738 -0.406 -9.758
-17.759 -3.638 -10.376
-18.545 -3.926 -6.614
-20.104 -0.383 -6.596

-21.607 -0.654 -10.172
-21.992 -4.37 -11.257
-23.172 -3.251 -14.78
-19.935 -1.29 -15.508
-17.337 -3.236 -17.592
-18.9 -6.785 -17.229
-15.576 -8.217 -18.571

-12.101 -7.019 -17.429
-10.719 -7.022 -21.032
-12.866 -3.967 -22.03
-11.565 -2.031 -18.959
-7.965 -3.199 -19.668
-8.028 -2.162 -23.384
-9.238 1.366 -22.43
-7.403 2.18 -19.142

-4.91914 0.925142 -21.6355
-2.15329 -0.796196 -19.8759
-1.31887 -3.58962 -22.2325

-2.45357 -6.87838 -23.8335
-4.03835 -10.1511 -22.474
-5.86048 -13.0842 -20.9855

-4.86448 -16.5662 -22.4135
-5.91448 -18.1332 -19.0265

-9.27048 -16.2402 -18.6195
-10.4345 -12.7572 -17.5255
-8.34448 -10.3322 -15.4435

-10.3555 -7.86122 -13.2495
-7.42448 -6.24522 -11.2905
-7.75548 -2.91822 -13.1835
-9.97448 0.168776 -12.8375
-12.1025 2.22878 -15.2765
-14.8575 4.92378 -15.3545

-14.3975 5.64078 -11.5795
-16.2285 9.03878 -11.6785
-19.3285 7.26278 -13.1355
-19.0035 4.54878 -10.4315
-18.8225 7.31678 -7.73853
-22.0305 8.95478 -9.10753
-23.8635 5.55978 -9.21653
-22.7515 4.73678 -5.62953
-23.8105 8.13478 -4.14253
-27.2125 8.18478 -5.95553
-28.3895 4.57578 -5.42053

-26.1585 2.57378 -2.95453

-24.0255 4.63178 -0.570534
-24.0835 7.52578 1.90047

-20.4805 8.76778 2.43347
-19.1735 11.7688 4.42247
-15.5985 12.6038 5.39647

-14.0725 14.0878 8.62447
-13.4615 17.2918 6.60247
-17.2165 17.5408 5.70247
-18.6565 17.1708 9.26247

-15.8455 17.6658 11.8845
-13.8845 20.9008 11.0535
-12.4705 20.6638 14.6535
-10.4655 17.3958 14.2375

-6.66648 18.0898 14.2225
-4.91348 17.3558 10.8985

-3.25748 13.9858 10.1555
0.358516 14.8338 9.17747
1.89552 11.9438 7.17547
5.57452 11.4458 6.22847
7.93652 8.83678 4.82647
10.9775 8.14178 7.06747
13.7965 6.58778 5.01247

15.5765 4.38678 7.60347
19.2915 4.20578 6.79347

20.2755 0.974776 4.87047
23.8905 1.44578 6.19847
22.8525 -0.746224 9.22047

21.8115 -3.53522 6.73547
24.9495 -5.71622 6.80147

26.4555 -6.98922 3.50347
25.1435 -10.6072 4.04447
21.5215 -9.40922 4.59547
21.7985 -7.07922 1.53447
23.2275 -9.92422 -0.617534
20.2895 -12.1412 0.567466
17.7435 -9.40622 -0.430534
19.5405 -9.00822 -3.82053
19.4535 -12.8342 -4.25153
15.6805 -13.1432 -3.50353
14.9925 -10.0912 -5.77153
16.9475 -11.7672 -8.65853
15.1735 -15.0802 -7.86753
11.6765 -13.5282 -8.45153
12.7675 -12.1972 -11.9225

14.2475 -15.5272 -13.1745
12.4175 -16.6252 -16.3795
12.5585 -20.4052 -15.8445
10.6875 -20.5662 -12.4595
7.11452 -21.7942 -11.9525

4.31852 -19.4072 -10.7985
4.63752 -21.0692 -7.33553
8.45952 -20.6102 -7.04653
7.90852 -16.9082 -8.01753
5.31952 -16.5552 -5.14253
7.68752 -18.3752 -2.70553
10.6365 -16.0832 -3.66253
8.28552 -13.0452 -3.20653
7.27052 -14.2472 0.317466
10.9855 -14.8282 1.12447
11.9555 -11.3072 -0.147534
9.12852 -9.76822 1.96747
10.0835 -11.7172 5.16547
13.8165 -10.8002 4.59847
12.7665 -7.11022 4.23847
11.1155 -7.29922 7.69847
14.2755 -8.88022 9.26747
16.5755 -6.31922 7.53947
14.5765 -3.34522 8.98547
14.5235 -4.54122 12.6835
17.8105 -2.78822 13.8205
16.8735 0.644776 12.3485
13.1885 0.289776 13.3885
14.5295 -0.258224 16.9595
17.0015 2.68478 16.5725
14.0745 4.93578 15.4895
11.7625 3.78378 18.3795
14.5675 4.55178 20.8905
15.2215 8.00178 19.2655
11.4725 8.79878 19.7415
11.5995 7.78778 23.4665
14.9245 9.65278 24.0565

13.2665 12.7318 22.3735
10.7865 12.7168 25.3475
7.61752 11.4198 23.5565
4.92352 10.4668 26.0845
2.67052 8.11778 23.9605

2.88952 6.52278 20.4795
1.72152 3.44678 18.5085
4.09152 1.08478 16.6335
2.50552 -0.982224 13.8295
4.12652 -4.13722 12.3585

2.74452 -7.43822 10.8815
5.62252 -9.98222 10.9365

5.75352 -11.6662 14.3895
9.61652 -11.4642 14.4475
9.38652 -7.60722 14.2055
6.78352 -7.42222 17.0495
8.94452 -9.85722 19.1355
12.2095 -7.87522 18.5815
10.5325 -4.49622 19.4275
8.97952 -5.92522 22.6665
12.3155 -7.55822 23.6965
14.2575 -4.25522 23.2765
11.5715 -2.24222 25.1845
11.7895 -4.83322 28.0495
15.6515 -4.60922 27.9345

15.3635 -0.754224 28.1905
12.6955 -1.18622 30.9915
10.1175 0.773776 28.8895
6.51352 0.0867764 29.9585

4.51052 -0.904224 26.8475
1.42552 -2.87222 25.6815
1.34752 -5.58922 22.9655
-1.65448 -6.69022 20.8215

-1.38848 -9.41222 18.1235
-3.22148 -12.5082 16.7095
-2.64348 -14.4252 20.0185
-4.07748 -11.6762 22.3345
-7.59048 -12.6812 23.5235
-10.7535 -10.5852 22.8675
-11.1265 -9.47722 26.5555

-7.36848 -8.83522 27.1425
-7.37748 -6.61022 23.9755
-9.93848 -4.27822 25.6395
-8.08948 -4.33322 29.0235
-4.65348 -3.54522 27.4155
-6.39448 -0.776224 25.3925
-7.72848 0.711776 28.6925
-4.25148 0.328776 30.3455
-2.60348 2.34478 27.4775
-5.45148 4.94478 27.5275
-5.52548 5.50878 31.3385

-1.89248 4.84578 32.4725
0.691516 7.62778 31.7865
3.49452 4.99978 32.2365
2.68352 2.99578 29.0585
4.65252 4.97678 26.4375

4.51052 2.45278 23.5245
1.75052 0.281776 22.0455
3.21252 -2.58022 19.9155
0.356516 -3.49022 17.5425
-0.217484 -6.01822 14.7545

-1.52948 -4.12222 11.6535
-3.95848 -7.03222 10.9445
-5.02148 -7.88122 14.5415
-5.50848 -4.28722 15.9085
-7.23048 -2.75822 12.7755
-10.6915 -3.23222 14.4635
-12.6895 -2.27622 17.6145
-9.92248 -0.510224 19.6095
-9.47348 3.26178 20.2945
-6.02048 4.80478 21.0035
-6.85748 8.53978 21.4495
-4.14748 8.87178 24.2025
-1.36348 8.80678 21.5295
-0.479484 11.6118 19.0325

1.96752 9.53478 16.8905
1.65852 6.37078 14.7485
4.82552 4.60378 13.4635
4.44852 1.97078 10.7195

7.60852 -0.152224 11.1635
6.39952 -2.17222 8.13247
4.38852 -1.36922 4.98447
1.19552 -3.33422 4.18847
0.109516 -3.88822 0.521466
-3.53648 -2.91622 1.26647

-4.07648 0.860776 1.91447
-7.54948 0.312776 3.47747
-5.84848 -1.55422 6.39747
-3.22948 1.24178 6.81247
-6.06648 3.86978 6.96647
-7.94648 1.62978 9.50147
-4.76848 1.62278 11.6815
-4.29448 5.47378 11.4495

-7.99248 5.94878 12.4675
-7.31848 4.10178 15.7515
-5.69748 7.38178 17.0165
-7.62948 9.90378 14.8715
-11.0135 9.41078 16.6955
-13.5535 11.5848 18.5785
-11.6295 12.5268 21.7755
-8.32148 13.2988 19.9535
-7.09248 16.8988 20.6675
-3.57048 16.8298 19.0545
-2.46748 16.7928 15.3685

-1.84548 13.1118 14.5455
1.64452 12.2908 13.2135
1.90652 9.23978 10.8785
5.46752 7.98778 10.1375
5.97152 5.30378 7.42547
9.39152 3.60878 7.93347
10.9245 2.59278 4.53047

14.3135 1.09278 3.50847
16.0145 1.61178 0.0794663
17.1205 -1.75322 -1.44453
14.0975 -3.72822 -0.0265337
10.4255 -4.72822 -0.652534

9.41352 -1.14422 0.426466
10.7325 0.199776 -2.95753
7.95252 -1.80822 -4.76753
5.25352 -1.73122 -2.03353
5.21752 2.08278 -1.61353
4.40652 2.92478 -5.32753
1.82152 0.0377764 -5.27753
0.112516 1.47478 -2.13353
0.125516 4.98778 -3.75053
-1.56748 3.90478 -7.03253
-4.16848 1.97978 -4.91753
-5.01048 5.11478 -2.79853
-5.37048 7.10678 -6.07053
-7.84348 4.46178 -7.43553
-9.76548 4.72778 -4.10353
-9.75048 8.59178 -4.26753
-10.9775 8.67578 -7.93753

-13.8505 6.35378 -6.82053
-14.6505 8.89578 -3.97553
-13.5745 6.29478 -1.33153
-10.5545 8.20178 0.144466
-9.37948 11.8168 0.716466
-5.92148 10.3778 1.45147
-3.44748 11.5138 -1.19353
-0.00748404 9.84178 -0.720534
1.87752 11.6478 -3.60953

2.88352 14.7368 -1.52753
4.93152 12.5478 0.915466
7.27852 11.2308 -1.86353
8.12952 14.6278 -3.42253

9.39452 15.5868 0.107466
11.8795 12.6138 0.530466

End chain 1
