0 0 0
0 0 3.73556
1.4158 2.91948 5.83435
3.64794 2.16362 2.85028
4.20632 0.528678 -0.532358
7.95569 0.0995467 -1.1117

10.9593 0.587202 -3.32109
14.4041 -0.916393 -3.21371
17.7754 -2.52768 -2.1867
19.6009 -4.64929 -4.66277
22.1679 -6.88246 -6.4743
19.9573 -9.38721 -4.72571
21.1535 -12.3429 -6.64537

23.3675 -9.30188 -5.76737
21.0095 -7.57188 -3.25037
17.4835 -7.89988 -1.70037
16.1715 -5.78888 -4.65437

18.5585 -6.58988 -7.61337
19.8285 -9.59388 -9.58237
22.6905 -9.79888 -12.1254
22.8735 -11.6109 -15.5054
26.3285 -13.2859 -15.6944
26.6385 -14.1929 -19.4014

29.0285 -13.8059 -22.3804
28.3305 -10.9929 -24.9014
25.4155 -11.5279 -27.3524

24.1025 -8.69688 -29.5944
20.3905 -9.69388 -29.3124
20.6995 -10.1799 -25.5274
22.2955 -6.69288 -25.1284
19.4355 -5.29588 -27.3004
16.9075 -7.06788 -24.9704
18.7515 -5.79088 -21.8164
18.4665 -2.20888 -23.2584

14.6135 -2.75288 -23.3304
14.4495 -3.51688 -19.5414
13.1945 -0.616878 -17.4054
15.2945 -1.29488 -14.2404
18.5195 -1.92888 -16.2724

21.9175 -1.11388 -14.6924
25.2995 -1.73388 -16.3644
28.5055 -1.73788 -14.2914

31.4275 -0.630878 -16.5104
33.9825 -2.23588 -14.0744
32.5575 -5.81388 -13.9924
30.9765 -5.41288 -17.5184

27.7325 -6.92788 -16.0914
23.9975 -6.16388 -16.2964
21.6275 -6.00588 -13.2924
17.8445 -5.54888 -12.9514
15.1795 -5.14788 -10.2114

14.0535 -8.51188 -8.77737
10.3875 -7.80688 -9.79837
11.5795 -7.82788 -13.4794
13.1325 -11.3709 -13.1404
10.0825 -13.1959 -14.6234
9.74053 -10.5059 -17.3944
13.4585 -10.8679 -18.3224
13.4955 -14.7209 -18.3384
10.2655 -14.7759 -20.4294
11.8035 -12.3739 -23.0514
15.2175 -14.2019 -23.1044

13.5175 -17.6019 -23.8284
12.3485 -16.0039 -27.1354
15.9825 -15.3539 -28.2924
17.6335 -17.9869 -30.5624
21.0595 -19.3499 -29.4224

20.8505 -17.7609 -25.8634
20.5455 -19.7309 -22.5804
20.1685 -17.5859 -19.4154
19.6475 -19.8909 -16.4024

17.0925 -18.3009 -13.9584
17.4485 -17.6469 -10.2134
16.9605 -21.0809 -8.49637
13.5165 -22.0009 -7.07337
15.0755 -21.7209 -3.55637
15.7765 -17.9699 -4.11337
12.3465 -17.3539 -5.73237
10.6875 -19.0189 -2.67937
12.8905 -17.0269 -0.210374

12.2825 -13.6309 -1.95537
8.64253 -14.3969 -3.01537
7.45953 -11.0679 -1.42437

10.0965 -8.95588 -3.26437
9.31053 -10.7499 -6.59737
5.67953 -9.40288 -6.21037

6.29653 -5.74788 -5.09837
6.78853 -2.89388 -7.63837
7.81653 -0.746878 -4.59737
10.9365 -0.343878 -2.40937
9.28053 -0.919878 0.976626
12.1155 -1.96288 3.31863
11.5795 -5.19488 5.36463

8.09153 -5.15788 7.00463
8.51253 -4.34188 10.7106
8.73253 -7.51788 12.7926
5.49653 -7.55088 14.8786
6.03453 -7.60388 18.6546
5.00553 -10.9989 20.0416

2.58353 -11.2999 22.9666
4.92153 -12.6989 25.6736
2.23353 -12.5309 28.4856
2.15153 -16.3909 28.6216
5.99053 -16.4009 29.1526
7.49053 -16.2439 32.6676

7.79053 -12.4759 33.6116
11.3195 -13.0409 35.0696
12.5145 -14.0809 31.5656
10.5795 -11.3649 29.6286
11.9085 -8.54188 31.9186
15.5725 -9.72988 31.5596

15.6235 -9.72788 27.6936
17.8655 -6.96288 26.2846

16.2045 -4.85788 23.4616
18.0795 -6.76688 20.6946
17.2465 -10.1479 22.3646
13.5145 -9.14288 22.3756
13.7485 -8.23188 18.6456
15.3675 -11.6949 18.0446
12.5225 -13.4749 19.9426
9.94753 -11.4659 17.8896
11.7555 -12.3849 14.5946
11.8805 -16.0909 15.5836
8.11453 -16.0589 16.4266
7.28653 -14.2069 13.1336

9.33753 -16.9049 11.2266
7.09653 -19.5019 13.0286
9.79853 -20.8499 15.4286

11.9585 -22.1969 12.5246
15.3545 -20.4319 12.4616
19.1015 -20.5379 12.9776
20.0155 -18.0089 15.7196

23.6165 -17.3549 14.5706

24.1755 -14.3609 16.9236
27.8065 -13.9449 18.0756

29.2625 -15.8349 21.0966
27.9495 -14.5939 24.4826
25.0775 -12.3809 23.0726
22.6045 -14.5689 25.1066

21.4665 -17.1959 22.5296
20.2985 -19.4689 25.4326
17.9475 -16.8359 27.0146
16.4345 -16.0439 23.5526
16.0285 -19.8119 22.7886
14.2905 -20.5079 26.1596
11.8955 -17.5539 25.4966
11.0635 -18.6949 21.8936
10.4645 -22.2729 23.1616
8.35553 -21.0299 26.1596
6.08353 -19.0189 23.7766

5.41053 -22.4919 22.2056

4.92653 -24.2569 25.6796
1.42453 -25.4069 24.4686
3.26053 -27.5059 21.7606
5.68453 -29.4179 24.1086
7.32953 -31.9629 24.8686

10.5365 -29.9979 24.1866
13.7595 -31.6869 22.9676
17.0755 -29.8779 23.6956
20.1785 -31.2889 21.9216
23.4815 -29.9069 23.3016

27.2605 -30.5659 23.6846
27.8945 -33.3699 26.2656
29.4545 -30.8549 28.7916
26.6215 -28.1899 28.8976

23.5525 -30.4179 29.7016
23.4155 -29.3029 33.3736
24.1565 -25.6519 32.3286
20.9455 -25.8539 30.2046
18.8965 -27.4469 33.0736
20.0425 -24.6299 35.4276
19.2015 -22.0739 32.6676
15.5885 -23.4389 32.4586
15.2285 -23.4099 36.3096
16.7145 -19.8499 36.4216
14.4875 -18.3549 33.6766

11.1895 -20.3589 33.9386
10.4595 -20.5999 37.7546
6.92253 -21.7589 36.6466
8.54653 -25.2509 36.1046
9.28053 -27.8349 38.8156

12.6785 -29.6539 38.5556
10.6725 -32.8699 37.7786
9.53053 -31.2169 34.4896

13.2195 -31.3659 33.2746
14.8055 -34.6739 32.1866
18.6295 -34.5909 31.7796

19.6085 -37.6659 29.7336
22.9945 -38.8529 31.0706
23.1095 -42.3869 29.5116
21.9055 -44.3489 26.4336
19.5415 -46.3699 28.7686
17.5225 -43.3579 30.0156
13.9585 -42.4669 28.8576
14.2355 -39.5229 26.3996
10.4945 -38.6519 26.9716
10.3915 -38.7159 30.8256
10.2025 -34.8819 31.2346
8.23053 -32.0159 29.6936

11.7225 -30.6899 28.7366
14.2455 -33.3829 27.6636
17.9745 -32.4479 27.5016
20.3015 -34.8519 25.5856
23.7815 -34.8449 23.9896

24.6525 -35.2899 20.2756
26.5535 -38.5589 21.0736
23.4775 -40.0959 22.8116
21.0105 -39.3189 19.9206

22.3845 -42.2649 17.8386
22.0235 -44.6229 20.8816
18.4675 -43.2899 21.5436
17.2965 -43.3649 17.8376
14.5795 -45.9649 18.7426
13.0675 -43.3859 21.2106
13.3555 -40.4439 18.6876
10.2395 -41.9829 16.9766
8.12253 -40.0009 19.5236
7.21653 -36.6869 17.7506
8.94353 -33.7849 19.5406
7.07453 -30.7649 18.0586

9.60653 -28.2269 19.4906
13.3745 -28.8479 19.1276
16.3035 -26.6949 20.3006
19.7935 -27.6599 19.0586

22.6485 -25.7869 20.7576
25.9695 -25.4149 18.8496

24.2445 -26.9019 15.7296
27.5455 -26.7569 13.7306
28.0585 -30.2919 15.2426
25.5365 -31.4159 12.5226

27.7525 -29.9859 9.64463
28.4495 -33.4589 8.08763
25.3975 -35.5329 6.96263
27.3165 -38.8979 7.06063
27.9245 -38.6659 10.8596

25.7595 -40.8189 13.1906
24.7425 -37.6719 15.2116
23.4785 -35.9589 12.0056
21.7245 -39.1429 10.6926
19.8495 -39.4549 14.0506
18.9975 -35.6869 14.3666
17.8455 -34.9029 10.7736
14.6105 -37.0729 10.6956
13.3495 -35.3359 13.8996
14.3065 -31.8219 12.6346
12.4175 -32.3759 9.31263
9.16253 -33.4769 11.1226

9.23853 -31.1939 14.2336
6.93853 -28.0919 13.9946

9.48453 -25.6659 15.5946
13.2915 -25.8969 15.0696
15.5415 -23.4729 16.9886
19.1655 -24.0069 15.8756
21.8835 -22.0709 17.7866

25.5715 -21.4849 16.8796
28.3125 -18.8379 17.2716
30.0205 -20.2489 14.1616
27.3085 -21.7719 11.8666
30.0475 -22.5709 9.35363
33.4665 -23.5059 10.8216
35.4895 -23.2769 7.54263
33.3505 -23.7349 4.33463

29.8245 -23.1379 2.81463
29.1655 -26.9459 2.59763
28.9085 -27.0679 6.47563
25.6915 -24.9199 6.31963
23.6825 -27.3959 4.17063
22.4065 -29.5759 7.08463
21.3295 -26.4419 9.05563
19.5725 -24.9559 5.94063
17.5515 -28.1879 5.32263
16.7655 -28.4759 9.08463
15.2065 -24.9329 9.10263

13.7035 -25.2039 5.52663
13.3185 -28.9199 4.44163
12.1385 -27.8009 0.918626
15.3755 -25.8399 0.190626
17.9735 -27.7859 -1.89337
16.4105 -31.3349 -1.53037
19.7345 -32.7669 -2.87237

23.2095 -31.5689 -1.73037
24.5915 -31.5719 -5.33337
22.4445 -28.5169 -6.33137
23.7455 -26.5809 -3.26037
27.3455 -27.7489 -3.96937
27.2825 -26.7119 -7.68537
26.0725 -23.1839 -6.73137
27.9075 -22.3699 -3.44337

30.8005 -24.9009 -3.06537
32.4595 -24.4179 -6.54337
31.8115 -28.1269 -7.15937

34.3885 -29.7739 -9.49037
34.1395 -33.1219 -11.3324
37.4195 -34.9649 -10.5754

38.4155 -38.4469 -12.0034
37.3655 -40.0139 -8.61637

34.0095 -38.1209 -8.20937
32.8455 -34.6379 -7.11537
34.9355 -32.2129 -5.03337

32.9245 -29.7419 -2.83937
35.8555 -28.1259 -0.880374
35.5245 -24.7989 -2.77337
33.3055 -21.7119 -2.42737
31.1775 -19.6519 -4.86637
28.4225 -16.9569 -4.94437

28.8825 -16.2399 -1.16937
27.0515 -12.8419 -1.26837
23.9515 -14.6179 -2.72537
24.2765 -17.3319 -0.0213743
24.4575 -14.5639 2.67163
21.2495 -12.9259 1.30263
19.4165 -16.3209 1.19363
20.5285 -17.1439 4.78063
19.4695 -13.7459 6.26763
16.0675 -13.6959 4.45463
14.8905 -17.3049 4.98963

17.1215 -19.3069 7.45563

19.2545 -17.2489 9.83963
19.1965 -14.3549 12.3106

22.7995 -13.1129 12.8436
24.1065 -10.1119 14.8326
27.6815 -9.27688 15.8066

29.2075 -7.79288 19.0346
29.8185 -4.58888 17.0126
26.0635 -4.33988 16.1126
24.6235 -4.70988 19.6726

27.4345 -4.21488 22.2946
29.3955 -0.979878 21.4636
30.8095 -1.21688 25.0636
32.8145 -4.48488 24.6476

36.6135 -3.79088 24.6326
38.3665 -4.52488 21.3086

40.0225 -7.89488 20.5656
43.6385 -7.04688 19.5876
45.1755 -9.93688 17.5856
48.8545 -10.4349 16.6386
51.2165 -13.0439 15.2366
54.2575 -13.7389 17.4776
57.0765 -15.2929 15.4226

58.8565 -17.4939 18.0136
62.5715 -17.6749 17.2036

63.5555 -20.9059 15.2806
67.1705 -20.4349 16.6086
66.1325 -22.6269 19.6306

65.0915 -25.4159 17.1456
68.2295 -27.5969 17.2116

69.7355 -28.8699 13.9136
68.4235 -32.4879 14.4546
64.8015 -31.2899 15.0056
65.0785 -28.9599 11.9446
66.5075 -31.8049 9.79263
63.5695 -34.0219 10.9776
61.0235 -31.2869 9.97963
62.8205 -30.8889 6.58963
62.7335 -34.7149 6.15863
58.9605 -35.0239 6.90663
58.2725 -31.9719 4.63863
60.2275 -33.6479 1.75163
58.4535 -36.9609 2.54263
54.9565 -35.4089 1.95863
56.0475 -34.0779 -1.51237

57.5275 -37.4079 -2.76437
55.6975 -38.5059 -5.96937
55.8385 -42.2859 -5.43437
53.9675 -42.4469 -2.04937
50.3945 -43.6749 -1.54237

47.5985 -41.2879 -0.388374
47.9175 -42.9499 3.07463
51.7395 -42.4909 3.36363
51.1885 -38.7889 2.39263
48.5995 -38.4359 5.26763
50.9675 -40.2559 7.70463
53.9165 -37.9639 6.74763
51.5655 -34.9259 7.20363
50.5505 -36.1279 10.7276
54.2655 -36.7089 11.5346
55.2355 -33.1879 10.2626
52.4085 -31.6489 12.3776
53.3635 -33.5979 15.5756
57.0965 -32.6809 15.0086
56.0465 -28.9909 14.6486
54.3955 -29.1799 18.1086
57.5555 -30.7609 19.6776
59.8555 -28.1999 17.9496
57.8565 -25.2259 19.3956
57.8035 -26.4219 23.0936
61.0905 -24.6689 24.2306
60.1535 -21.2359 22.7586
56.4685 -21.5909 23.7986
57.8095 -22.1389 27.3696
60.2815 -19.1959 26.9826
57.3545 -16.9449 25.8996
55.0425 -18.0969 28.7896
57.8475 -17.3289 31.3006
58.5015 -13.8789 29.6756
54.7525 -13.0819 30.1516
54.8795 -14.0929 33.8766
58.2045 -12.2279 34.4666

56.5465 -9.14888 32.7836
54.0665 -9.16388 35.7576
50.8975 -10.4609 33.9666
48.2035 -11.4139 36.4946
45.9505 -13.7629 34.3706

46.1695 -15.3579 30.8896
45.0015 -18.4339 28.9186
47.3715 -20.7959 27.0436
45.7855 -22.8629 24.2396
47.4065 -26.0179 22.7686

46.0245 -29.3189 21.2916
48.9025 -31.8629 21.3466

49.0335 -33.5469 24.7996
52.8965 -33.3449 24.8576
52.6665 -29.4879 24.6156
50.0635 -29.3029 27.4596
52.2245 -31.7379 29.5456
55.4895 -29.7559 28.9916
53.8125 -26.3769 29.8376
52.2595 -27.8059 33.0766
55.5955 -29.4389 34.1066
57.5375 -26.1359 33.6866
54.8515 -24.1229 35.5946
55.0695 -26.7139 38.4596
58.9315 -26.4899 38.3446

58.6435 -22.6349 38.6006
55.9755 -23.0669 41.4016
53.3975 -21.1069 39.2996
49.7935 -21.7939 40.3686

47.7905 -22.7849 37.2576
44.7055 -24.7529 36.0916
44.6275 -27.4699 33.3756
41.6255 -28.5709 31.2316

41.8915 -31.2929 28.5336
40.0585 -34.3889 27.1196
40.6365 -36.3059 30.4286
39.2025 -33.5569 32.7446
35.6895 -34.5619 33.9336
32.5265 -32.4659 33.2776
32.1535 -31.3579 36.9656

35.9115 -30.7159 37.5526
35.9025 -28.4909 34.3856
33.3415 -26.1589 36.0496
35.1905 -26.2139 39.4336
38.6265 -25.4259 37.8256
36.8855 -22.6569 35.8026
35.5515 -21.1689 39.1026
39.0285 -21.5519 40.7556
40.6765 -19.5359 37.8876
37.8285 -16.9359 37.9376
37.7545 -16.3719 41.7486

41.3875 -17.0349 42.8826
43.9715 -14.2529 42.1966
46.7745 -16.8809 42.6466
45.9635 -18.8849 39.4686
47.9325 -16.9039 36.8476

47.7905 -19.4279 33.9346
45.0305 -21.5989 32.4556
46.4925 -24.4609 30.3256
43.6365 -25.3709 27.9526
43.0625 -27.8989 25.1646

41.7505 -26.0029 22.0636
39.3215 -28.9129 21.3546
38.2585 -29.7619 24.9516
37.7715 -26.1679 26.3186
36.0495 -24.6389 23.1856
32.5885 -25.1129 24.8736
30.5905 -24.1569 28.0246
33.3575 -22.3909 30.0196
33.8065 -18.6189 30.7046
37.2595 -17.0759 31.4136
36.4225 -13.3409 31.8596
39.1325 -13.0089 34.6126
41.9165 -13.0739 31.9396
42.8005 -10.2689 29.4426

45.2475 -12.3459 27.3006
44.9385 -15.5099 25.1586
48.1055 -17.2769 23.8736
47.7285 -19.9099 21.1296

50.8885 -22.0329 21.5736
49.6795 -24.0529 18.5426
47.6685 -23.2499 15.3946
44.4755 -25.2149 14.5986
43.3895 -25.7689 10.9316
39.7435 -24.7969 11.6766

39.2035 -21.0199 12.3246
35.7305 -21.5679 13.8876
37.4315 -23.4349 16.8076
40.0505 -20.6389 17.2226
37.2135 -18.0109 17.3766
35.3335 -20.2509 19.9116
38.5115 -20.2579 22.0916
38.9855 -16.4069 21.8596

35.2875 -15.9319 22.8776
35.9615 -17.7789 26.1616
37.5825 -14.4989 27.4266
35.6505 -11.9769 25.2816
32.2665 -12.4699 27.1056
29.7265 -10.2959 28.9886
31.6505 -9.35388 32.1856
34.9585 -8.58188 30.3636
36.1875 -4.98188 31.0776
39.7095 -5.05088 29.4646
40.8125 -5.08788 25.7786

41.4345 -8.76888 24.9556
44.9245 -9.58988 23.6236
45.1865 -12.6409 21.2886
48.7475 -13.8929 20.5476
49.2515 -16.5769 17.8356
52.6715 -18.2719 18.3436
54.2045 -19.2879 14.9406

57.5935 -20.7879 13.9186
59.2945 -20.2689 10.4896
60.4005 -23.6339 8.96563
57.3775 -25.6089 10.3836
53.7055 -26.6089 9.75763

52.6935 -23.0249 10.8366
54.0125 -21.6809 7.45263
51.2325 -23.6889 5.64263
48.5335 -23.6119 8.37663
48.4975 -19.7979 8.79663
47.6865 -18.9559 5.08263
45.1015 -21.8429 5.13263
43.3925 -20.4059 8.27663
43.4055 -16.8929 6.65963
41.7125 -17.9759 3.37763
39.1115 -19.9009 5.49263
38.2695 -16.7659 7.61163
37.9095 -14.7739 4.33963
35.4365 -17.4189 2.97463
33.5145 -17.1529 6.30663
33.5295 -13.2889 6.14263
32.3025 -13.2049 2.47263

29.4295 -15.5269 3.58963
28.6295 -12.9849 6.43463
29.7055 -15.5859 9.07863
32.7255 -13.6789 10.5546
33.9005 -10.0639 11.1266
37.3585 -11.5029 11.8616
39.8325 -10.3669 9.21663
43.2725 -12.0389 9.68963
45.1575 -10.2329 6.80063

46.1635 -7.14388 8.88263
48.2115 -9.33288 11.3256
50.5585 -10.6499 8.54663
51.4095 -7.25288 6.98763

52.6745 -6.29388 10.5176
55.1595 -9.26688 10.9406

End chain 1
