-13.201 -6.296 -53.957
-10.703 -3.406 -53.291
-9.54 -3.087 -49.639
-11.02 0.322 -48.639
-8.614 1.85 -46.053
-10.787 3.126 -43.162

-9.634 6.195 -41.181
-10.061 4.9 -37.589
-10.286 6.838 -34.306
-12.195 7.103 -30.979
-14.163 9.439 -28.711
-12.619 10.223 -25.263
-14.157 12.207 -22.344

-11.943 15.248 -21.466
-14.301 16.978 -18.949
-17.827 16.65 -17.399
-19.139 18.761 -20.353

-16.752 17.96 -23.312
-15.482 14.956 -25.281
-12.62 14.751 -27.824
-12.437 12.939 -31.204
-8.982 11.264 -31.393
-8.672 10.357 -35.1

-6.282 10.744 -38.079
-6.98 13.557 -40.6
-9.895 13.022 -43.051

-11.208 15.853 -45.293
-14.92 14.856 -45.011
-14.611 14.37 -41.226
-13.015 17.857 -40.827
-15.875 19.254 -42.999
-18.403 17.482 -40.669
-16.559 18.759 -37.515
-16.844 22.341 -38.957

-20.697 21.797 -39.029
-20.861 21.033 -35.24
-22.116 23.933 -33.104
-20.016 23.255 -29.939
-16.791 22.621 -31.971

-13.393 23.436 -30.391
-10.011 22.816 -32.063
-6.805 22.812 -29.99

-3.883 23.919 -32.209
-1.328 22.314 -29.773
-2.753 18.736 -29.691
-4.334 19.137 -33.217

-7.578 17.622 -31.79
-11.313 18.386 -31.995
-13.683 18.544 -28.991
-17.466 19.001 -28.65
-20.131 19.402 -25.91

-21.257 16.038 -24.476
-24.923 16.743 -25.497
-23.731 16.722 -29.178
-22.178 13.179 -28.839
-25.228 11.354 -30.322
-25.57 14.044 -33.093
-21.852 13.682 -34.021
-21.815 9.829 -34.037
-25.045 9.774 -36.128
-23.507 12.176 -38.75
-20.093 10.348 -38.803

-21.793 6.948 -39.527
-22.962 8.546 -42.834
-19.328 9.196 -43.991
-17.677 6.563 -46.261
-14.251 5.2 -45.121

-14.46 6.789 -41.562
-14.765 4.819 -38.279
-15.142 6.964 -35.114
-15.663 4.659 -32.101

-18.218 6.249 -29.657
-17.862 6.903 -25.912
-18.35 3.469 -24.195
-21.794 2.549 -22.772
-20.235 2.829 -19.255
-19.534 6.58 -19.812
-22.964 7.196 -21.431
-24.623 5.531 -18.378
-22.42 7.523 -15.909

-23.028 10.919 -17.654
-26.668 10.153 -18.714
-27.851 13.482 -17.123

-25.214 15.594 -18.963
-26 13.8 -22.296
-29.631 15.147 -21.909

-29.014 18.802 -20.797
-28.522 21.656 -23.337
-27.494 23.803 -20.296
-24.374 24.206 -18.108
-26.03 23.63 -14.722
-23.195 22.587 -12.38
-23.731 19.355 -10.334

-27.219 19.392 -8.694
-26.798 20.208 -4.988
-26.578 17.032 -2.906
-29.814 16.999 -0.82
-29.276 16.946 2.956
-30.305 13.551 4.343

-32.727 13.25 7.268
-30.389 11.851 9.975
-33.077 12.019 12.787
-33.159 8.159 12.923
-29.32 8.149 13.454
-27.82 8.306 16.969

-27.52 12.074 17.913
-23.991 11.509 19.371
-22.796 10.469 15.867
-24.731 13.185 13.93
-23.402 16.008 16.22
-19.738 14.82 15.861

-19.687 14.822 11.995
-17.445 17.587 10.586

-19.106 19.692 7.763
-17.231 17.783 4.996
-18.064 14.402 6.666
-21.796 15.407 6.677
-21.562 16.318 2.947
-19.943 12.855 2.346
-22.788 11.075 4.244
-25.363 13.084 2.191
-23.555 12.165 -1.104
-23.43 8.459 -0.115
-27.196 8.491 0.728
-28.024 10.343 -2.565

-25.973 7.645 -4.472
-28.214 5.048 -2.67
-25.512 3.7 -0.27

-23.352 2.353 -3.174
-19.956 4.118 -3.237
-16.209 4.012 -2.721
-15.295 6.541 0.021

-11.694 7.195 -1.128

-11.135 10.189 1.225
-7.504 10.605 2.377

-6.048 8.715 5.398
-7.361 9.956 8.784
-10.233 12.169 7.374
-12.706 9.981 9.408

-13.844 7.354 6.831
-15.012 5.081 9.734
-17.363 7.714 11.316
-18.876 8.506 7.854
-19.282 4.738 7.09
-21.02 4.042 10.461
-23.415 6.996 9.798
-24.247 5.855 6.195
-24.846 2.277 7.463
-26.955 3.52 10.461
-29.227 5.531 8.078

-29.9 2.058 6.507

-30.384 0.293 9.981
-33.886 -0.857 8.77
-32.05 -2.956 6.062
-29.626 -4.868 8.41
-27.981 -7.413 9.17

-24.774 -5.448 8.488
-21.551 -7.137 7.269
-18.235 -5.328 7.997
-15.132 -6.739 6.223
-11.829 -5.357 7.603

-8.05 -6.016 7.986
-7.416 -8.82 10.567
-5.856 -6.305 13.093
-8.689 -3.64 13.199

-11.758 -5.868 14.003
-11.895 -4.753 17.675
-11.154 -1.102 16.63
-14.365 -1.304 14.506
-16.414 -2.897 17.375
-15.268 -0.08 19.729
-16.109 2.476 16.969
-19.722 1.111 16.76
-20.082 1.14 20.611
-18.596 4.7 20.723
-20.823 6.195 17.978

-24.121 4.191 18.24
-24.851 3.95 22.056
-28.388 2.791 20.948
-26.764 -0.701 20.406
-26.03 -3.285 23.117

-22.632 -5.104 22.857
-24.638 -8.32 22.08
-25.78 -6.667 18.791

-22.091 -6.816 17.576
-20.505 -10.124 16.488
-16.681 -10.041 16.081

-15.702 -13.116 14.035
-12.316 -14.303 15.372
-12.201 -17.837 13.813
-13.405 -19.799 10.735
-15.769 -21.82 13.07
-17.788 -18.808 14.317
-21.352 -17.917 13.159
-21.075 -14.973 10.701
-24.816 -14.102 11.273
-24.919 -14.166 15.127
-25.108 -10.332 15.536
-27.08 -7.466 13.995

-23.588 -6.14 13.038
-21.065 -8.833 11.965
-17.336 -7.898 11.803
-15.009 -10.302 9.887
-11.529 -10.295 8.291

-10.658 -10.74 4.577
-8.757 -14.009 5.375
-11.833 -15.546 7.113
-14.3 -14.769 4.222

-12.926 -17.715 2.14
-13.287 -20.073 5.183
-16.843 -18.74 5.845
-18.014 -18.815 2.139
-20.731 -21.415 3.044
-22.243 -18.836 5.512
-21.955 -15.894 2.989
-25.071 -17.433 1.278
-27.188 -15.451 3.825
-28.094 -12.137 2.052
-26.367 -9.235 3.842
-28.236 -6.215 2.36

-25.704 -3.677 3.792
-21.936 -4.298 3.429
-19.007 -2.145 4.602
-15.517 -3.11 3.36

-12.662 -1.237 5.059
-9.341 -0.865 3.151

-11.066 -2.352 0.031
-7.765 -2.207 -1.968
-7.252 -5.742 -0.456
-9.774 -6.866 -3.176

-7.558 -5.436 -6.054
-6.861 -8.909 -7.611
-9.913 -10.983 -8.736
-7.994 -14.348 -8.638
-7.386 -14.116 -4.839

-9.551 -16.269 -2.508
-10.568 -13.122 -0.487
-11.832 -11.409 -3.693
-13.586 -14.593 -5.006
-15.461 -14.905 -1.648
-16.313 -11.137 -1.332
-17.465 -10.353 -4.925
-20.7 -12.523 -5.003
-21.961 -10.786 -1.799
-21.004 -7.272 -3.064
-22.893 -7.826 -6.386
-26.148 -8.927 -4.576

-26.072 -6.644 -1.465
-28.372 -3.542 -1.704

-25.826 -1.116 -0.104
-22.019 -1.347 -0.629
-19.769 1.077 1.29
-16.145 0.543 0.177
-13.427 2.479 2.088

-15.9314 4.20167 4.38584
-18.8643 6.34311 5.67091
-22.1402 6.81192 3.85825
-24.544 5.2383 6.29848
-23.6288 6.90896 9.47423
-20.6353 5.32822 11.4029
-18.5996 8.43358 10.8985
-15.1435 10.1343 10.3156

-14.4912 12.6979 13.0442
-12.0387 10.3703 14.7792
-10.1621 9.76799 11.5298
-9.90075 13.5025 10.8757
-8.54435 14.1182 14.3719
-5.92464 11.3992 13.9393
-4.80592 12.8706 10.6187
-4.46819 16.3302 12.1551
-2.37851 14.9604 15.0186
-0.0708037 13.1544 12.5988
0.414894 16.3179 10.5495

-1.08811 16.0469 6.97348
-1.47311 12.3309 5.88848
-2.65311 13.4499 2.36548
0.583894 15.4109 1.63748
3.18189 13.4649 -0.446519
1.61889 9.9159 -0.0835191
4.94289 8.4839 -1.42552

8.41789 9.6819 -0.283519
9.79989 9.6789 -3.88652
7.65289 12.7339 -4.88452
8.95389 14.6699 -1.81352
12.5539 13.5019 -2.52252
12.4909 14.5389 -6.23852
11.2809 18.0669 -5.28452
13.1159 18.8809 -1.99652

16.0089 16.3499 -1.61852
17.6679 16.8329 -5.09652
17.0199 13.1239 -5.71252

19.5969 11.4769 -8.04352
19.3479 8.1289 -9.88552
22.6279 6.2859 -9.12852

23.6239 2.8039 -10.5565
22.5739 1.2369 -7.16952

19.2179 3.1299 -6.76252
18.0539 6.6129 -5.66852
20.1439 9.0379 -3.58652

18.1329 11.5089 -1.39252
21.0639 13.1249 0.566481
20.7329 16.4519 -1.32652
18.5139 19.5389 -0.980519
16.3859 21.5989 -3.41952
13.6309 24.2939 -3.49752

14.0909 25.0109 0.277481
12.2599 28.4089 0.178481
9.15989 26.6329 -1.27852
9.48489 23.9189 1.42548
9.66589 26.6869 4.11848
6.45789 28.3249 2.74948
4.62489 24.9299 2.64048
5.73689 24.1069 6.22748
4.67789 27.5049 7.71448
1.27589 27.5549 5.90148
0.0988938 23.9459 6.43648

2.32989 21.9439 8.90248

4.46289 24.0019 11.2865
4.40489 26.8959 13.7575

8.00789 28.1379 14.2905
9.31489 31.1389 16.2795
12.8899 31.9739 17.2535

14.4159 33.4579 20.4815
15.0269 36.6619 18.4595
11.2719 36.9109 17.5595
9.83189 36.5409 21.1195

12.6429 37.0359 23.7415
14.6039 40.2709 22.9105
16.0179 40.0339 26.5105
18.0229 36.7659 26.0945

21.8219 37.4599 26.0795
23.5749 36.7259 22.7555

25.2309 33.3559 22.0125
28.8469 34.2039 21.0345
30.3839 31.3139 19.0325
34.0629 30.8159 18.0855
36.4249 28.2069 16.6835
39.4659 27.5119 18.9245
42.2849 25.9579 16.8695

44.0649 23.7569 19.4605
47.7799 23.5759 18.6505

48.7639 20.3449 16.7275
52.3789 20.8159 18.0555
51.3409 18.6239 21.0775

50.2999 15.8349 18.5925
53.4379 13.6539 18.6585

54.9439 12.3809 15.3605
53.6319 8.7629 15.9015
50.0099 9.9609 16.4525
50.2869 12.2909 13.3915
51.7159 9.4459 11.2395
48.7779 7.2289 12.4245
46.2319 9.9639 11.4265
48.0289 10.3619 8.03648
47.9419 6.5359 7.60548
44.1689 6.2269 8.35348
43.4809 9.2789 6.08548
45.4359 7.6029 3.19848
43.6619 4.2899 3.98948
40.1649 5.8419 3.40548
41.2559 7.1729 -0.0655191

42.7359 3.8429 -1.31752
40.9059 2.7449 -4.52252
41.0469 -1.0351 -3.98752
39.1759 -1.1961 -0.602519
35.6029 -2.4241 -0.0955191

32.8069 -0.0371029 1.05848
33.1259 -1.6991 4.52148
36.9479 -1.2401 4.81048
36.3969 2.4619 3.83948
33.8079 2.8149 6.71448
36.1759 0.994897 9.15148
39.1249 3.2869 8.19448
36.7739 6.3249 8.65048
35.7589 5.1229 12.1745
39.4739 4.5419 12.9815
40.4439 8.0629 11.7095
37.6169 9.6019 13.8245
38.5719 7.6529 17.0225
42.3049 8.5699 16.4555
41.2549 12.2599 16.0955
39.6039 12.0709 19.5555
42.7639 10.4899 21.1245
45.0639 13.0509 19.3965
43.0649 16.0249 20.8425
43.0119 14.8289 24.5405
46.2989 16.5819 25.6775
45.3619 20.0149 24.2055
41.6769 19.6599 25.2455
43.0179 19.1119 28.8165
45.4899 22.0549 28.4295
42.5629 24.3059 27.3465
40.2509 23.1539 30.2365
43.0559 23.9219 32.7475
43.7099 27.3719 31.1225
39.9609 28.1689 31.5985
40.0879 27.1579 35.3235
43.4129 29.0229 35.9135

41.7549 32.1019 34.2305
39.2749 32.0869 37.2045
36.1059 30.7899 35.4135
33.4119 29.8369 37.9415
31.1589 27.4879 35.8175

31.3779 25.8929 32.3365
30.2099 22.8169 30.3655
32.5799 20.4549 28.4905
30.9939 18.3879 25.6865
32.6149 15.2329 24.2155

31.2329 11.9319 22.7385
34.1109 9.3879 22.7935

34.2419 7.7039 26.2465
38.1049 7.9059 26.3045
37.8749 11.7629 26.0625
35.2719 11.9479 28.9065
37.4329 9.5129 30.9925
40.6979 11.4949 30.4385
39.0209 14.8739 31.2845
37.4679 13.4449 34.5235
40.8039 11.8119 35.5535
42.7459 15.1149 35.1335
40.0599 17.1279 37.0415
40.2779 14.5369 39.9065
44.1399 14.7609 39.7915

43.8519 18.6159 40.0475
41.1839 18.1839 42.8485
38.6059 20.1439 40.7465
35.0019 19.4569 41.8155

32.9989 18.4659 38.7045
29.9139 16.4979 37.5385
29.8359 13.7809 34.8225
26.8339 12.6799 32.6785

27.0999 9.9579 29.9805
25.2669 6.8619 28.5665
25.8449 4.9449 31.8755
24.4109 7.6939 34.1915
20.8979 6.6889 35.3805
17.7349 8.7849 34.7245
17.3619 9.8929 38.4125

21.1199 10.5349 38.9995
21.1109 12.7599 35.8325
18.5499 15.0919 37.4965
20.3989 15.0369 40.8805
23.8349 15.8249 39.2725
22.0939 18.5939 37.2495
20.7599 20.0819 40.5495
24.2369 19.6989 42.2025
25.8849 21.7149 39.3345
23.0369 24.3149 39.3845
22.9629 24.8789 43.1955

26.5959 24.2159 44.3295
29.1799 26.9979 43.6435
31.9829 24.3699 44.0935
31.1719 22.3659 40.9155
33.1409 24.3469 38.2945

32.9989 21.8229 35.3815
30.2389 19.6519 33.9025
31.7009 16.7899 31.7725
28.8449 15.8799 29.3995
28.2709 13.3519 26.6115

26.9589 15.2479 23.5105
24.5299 12.3379 22.8015
23.4669 11.4889 26.3985
22.9799 15.0829 27.7655
21.2579 16.6119 24.6325
17.7969 16.1379 26.3205
15.7989 17.0939 29.4715
18.5659 18.8599 31.4665
19.0149 22.6319 32.1515
22.4679 24.1749 32.8605
21.6309 27.9099 33.3065
24.3409 28.2419 36.0595
27.1249 28.1769 33.3865
28.0089 30.9819 30.8895

30.4559 28.9049 28.7475
30.1469 25.7409 26.6055
33.3139 23.9739 25.3205
32.9369 21.3409 22.5765

36.0969 19.2179 23.0205
34.8879 17.1979 19.9895
32.8769 18.0009 16.8415
29.6839 16.0359 16.0455
28.5979 15.4819 12.3785
24.9519 16.4539 13.1235

24.4119 20.2309 13.7715
20.9389 19.6829 15.3345
22.6399 17.8159 18.2545
25.2589 20.6119 18.6695
22.4219 23.2399 18.8235
20.5419 20.9999 21.3585
23.7199 20.9929 23.5385
24.1939 24.8439 23.3065

20.4959 25.3189 24.3245
21.1699 23.4719 27.6085
22.7909 26.7519 28.8735
20.8589 29.2739 26.7285
17.4749 28.7809 28.5525
14.9349 30.9549 30.4355
16.8589 31.8969 33.6325
20.1669 32.6689 31.8105
21.3959 36.2689 32.5245
24.9179 36.1999 30.9115
26.0209 36.1629 27.2255

26.6429 32.4819 26.4025
30.1329 31.6609 25.0705
30.3949 28.6099 22.7355
33.9559 27.3579 21.9945
34.4599 24.6739 19.2825
37.8799 22.9789 19.7905
39.4129 21.9629 16.3875

42.8019 20.4629 15.3655
44.5029 20.9819 11.9365
45.6089 17.6169 10.4125
42.5859 15.6419 11.8305
38.9139 14.6419 11.2045

37.9019 18.2259 12.2835
39.2209 19.5699 8.89948
36.4409 17.5619 7.08948
33.7419 17.6389 9.82348
33.7059 21.4529 10.2435
32.8949 22.2949 6.52948
30.3099 19.4079 6.57948
28.6009 20.8449 9.72348
28.6139 24.3579 8.10648
26.9209 23.2749 4.82448
24.3199 21.3499 6.93948
23.4779 24.4849 9.05848
23.1179 26.4769 5.78648
20.6449 23.8319 4.42148
18.7229 24.0979 7.75348
18.7379 27.9619 7.58948
17.5109 28.0459 3.91948

14.6379 25.7239 5.03648
13.8379 28.2659 7.88148
14.9139 25.6649 10.5255
17.9339 27.5719 12.0015
19.1089 31.1869 12.5735
22.5669 29.7479 13.3085
25.0409 30.8839 10.6635
28.4809 29.2119 11.1365
30.3659 31.0179 8.24748

31.3719 34.1069 10.3295
33.4199 31.9179 12.7725
35.7669 30.6009 9.99348
36.6179 33.9979 8.43448

37.8829 34.9569 11.9645
40.3679 31.9839 12.3875

End chain 1
