-13.201 -6.296 -53.957
-10.703 -3.406 -53.291
-9.54 -3.087 -49.639
-11.02 0.322 -48.639
-8.614 1.85 -46.053
-10.787 3.126 -43.162

-9.634 6.195 -41.181
-10.061 4.9 -37.589
-10.286 6.838 -34.306
-12.195 7.103 -30.979
-14.163 9.439 -28.711
-12.619 10.223 -25.263
-14.157 12.207 -22.344

-11.943 15.248 -21.466
-14.301 16.978 -18.949
-17.827 16.65 -17.399
-19.139 18.761 -20.353

-16.752 17.96 -23.312
-15.482 14.956 -25.281
-12.62 14.751 -27.824
-12.437 12.939 -31.204
-8.982 11.264 -31.393
-8.672 10.357 -35.1

-6.282 10.744 -38.079
-6.98 13.557 -40.6
-9.895 13.022 -43.051

-11.208 15.853 -45.293
-14.92 14.856 -45.011
-14.611 14.37 -41.226
-13.015 17.857 -40.827
-15.875 19.254 -42.999
-18.403 17.482 -40.669
-16.559 18.759 -37.515
-16.844 22.341 -38.957

-20.697 21.797 -39.029
-20.861 21.033 -35.24
-22.116 23.933 -33.104
-20.016 23.255 -29.939
-16.791 22.621 -31.971

-13.393 23.436 -30.391
-10.011 22.816 -32.063
-6.805 22.812 -29.99

-3.883 23.919 -32.209
-1.328 22.314 -29.773
-2.753 18.736 -29.691
-4.334 19.137 -33.217

-7.578 17.622 -31.79
-11.313 18.386 -31.995
-13.683 18.544 -28.991
-17.466 19.001 -28.65
-20.131 19.402 -25.91

-21.257 16.038 -24.476
-24.923 16.743 -25.497
-23.731 16.722 -29.178
-22.178 13.179 -28.839
-25.228 11.354 -30.322
-25.57 14.044 -33.093
-21.852 13.682 -34.021
-21.815 9.829 -34.037
-25.045 9.774 -36.128
-23.507 12.176 -38.75
-20.093 10.348 -38.803

-21.793 6.948 -39.527
-22.962 8.546 -42.834
-19.328 9.196 -43.991
-17.677 6.563 -46.261
-14.251 5.2 -45.121

-14.46 6.789 -41.562
-14.765 4.819 -38.279
-15.142 6.964 -35.114
-15.663 4.659 -32.101

-18.218 6.249 -29.657
-17.862 6.903 -25.912
-18.35 3.469 -24.195
-21.794 2.549 -22.772
-20.235 2.829 -19.255
-19.534 6.58 -19.812
-22.964 7.196 -21.431
-24.623 5.531 -18.378
-22.42 7.523 -15.909

-23.028 10.919 -17.654
-26.668 10.153 -18.714
-27.851 13.482 -17.123

-25.214 15.594 -18.963
-26 13.8 -22.296
-29.631 15.147 -21.909

-29.014 18.802 -20.797
-28.522 21.656 -23.337
-27.494 23.803 -20.296
-24.374 24.206 -18.108
-26.03 23.63 -14.722
-23.195 22.587 -12.38
-23.731 19.355 -10.334

-27.219 19.392 -8.694
-26.798 20.208 -4.988
-26.578 17.032 -2.906
-29.814 16.999 -0.82
-29.276 16.946 2.956
-30.305 13.551 4.343

-32.727 13.25 7.268
-30.389 11.851 9.975
-33.077 12.019 12.787
-33.159 8.159 12.923
-29.32 8.149 13.454
-27.82 8.306 16.969

-27.52 12.074 17.913
-23.991 11.509 19.371
-22.796 10.469 15.867
-24.731 13.185 13.93
-23.402 16.008 16.22
-19.738 14.82 15.861

-19.687 14.822 11.995
-17.445 17.587 10.586

-19.106 19.692 7.763
-17.231 17.783 4.996
-18.064 14.402 6.666
-21.796 15.407 6.677
-21.562 16.318 2.947
-19.943 12.855 2.346
-22.788 11.075 4.244
-25.363 13.084 2.191
-23.555 12.165 -1.104
-23.43 8.459 -0.115
-27.196 8.491 0.728
-28.024 10.343 -2.565

-25.973 7.645 -4.472
-28.214 5.048 -2.67
-25.512 3.7 -0.27

-23.352 2.353 -3.174
-19.956 4.118 -3.237
-16.209 4.012 -2.721
-15.295 6.541 0.021

-11.694 7.195 -1.128

-11.135 10.189 1.225
-7.504 10.605 2.377

-6.048 8.715 5.398
-7.361 9.956 8.784
-10.233 12.169 7.374
-12.706 9.981 9.408

-13.844 7.354 6.831
-15.012 5.081 9.734
-17.363 7.714 11.316
-18.876 8.506 7.854
-19.282 4.738 7.09
-21.02 4.042 10.461
-23.415 6.996 9.798
-24.247 5.855 6.195
-24.846 2.277 7.463
-26.955 3.52 10.461
-29.227 5.531 8.078

-29.9 2.058 6.507

-30.384 0.293 9.981
-33.886 -0.857 8.77
-32.05 -2.956 6.062
-29.626 -4.868 8.41
-27.981 -7.413 9.17

-24.774 -5.448 8.488
-21.551 -7.137 7.269
-18.235 -5.328 7.997
-15.132 -6.739 6.223
-11.829 -5.357 7.603

-8.05 -6.016 7.986
-7.416 -8.82 10.567
-5.856 -6.305 13.093
-8.689 -3.64 13.199

-11.758 -5.868 14.003
-11.895 -4.753 17.675
-11.154 -1.102 16.63
-14.365 -1.304 14.506
-16.414 -2.897 17.375
-15.268 -0.08 19.729
-16.109 2.476 16.969
-19.722 1.111 16.76
-20.082 1.14 20.611
-18.596 4.7 20.723
-20.823 6.195 17.978

-24.0093 4.31368 18.5356
-26.216 1.28095 18.5914
-27.2627 -1.78671 20.551
-29.2212 0.932502 22.3307
-31.0303 4.2508 22.2151

-28.6334 6.00974 24.5824
-28.1412 2.82861 26.6025
-27.3998 0.830054 23.4563

-23.7108 0.681054 22.2413
-22.1248 -2.62695 21.1533
-18.3008 -2.54395 20.7463

-17.3218 -5.61895 18.7003
-13.9358 -6.80595 20.0373
-13.8208 -10.3399 18.4783
-15.0248 -12.3019 15.4003
-17.3888 -14.3229 17.7353
-19.4078 -11.3109 18.9823
-22.9718 -10.4199 17.8243
-22.6948 -7.47595 15.3663
-26.4358 -6.60495 15.9383
-26.5388 -6.66895 19.7923
-26.7278 -2.83495 20.2013
-28.6998 0.0310538 18.6603

-25.2078 1.35705 17.7033
-22.6848 -1.33595 16.6303
-18.9558 -0.400946 16.4683
-16.6288 -2.80495 14.5523
-13.1488 -2.79795 12.9563

-12.2778 -3.24295 9.24228
-10.3768 -6.51195 10.0403
-13.4528 -8.04895 11.7783
-15.9198 -7.27195 8.88728

-14.5458 -10.2179 6.80528
-14.9068 -12.5759 9.84828
-18.4628 -11.2429 10.5103
-19.6338 -11.3179 6.80428
-22.3508 -13.9179 7.70928
-23.8628 -11.3389 10.1773
-23.5748 -8.39695 7.65428
-26.6908 -9.93595 5.94328
-28.8078 -7.95395 8.49028
-29.7138 -4.63995 6.71728
-27.9868 -1.73795 8.50728
-29.8558 1.28205 7.02528

-27.3238 3.82005 8.45728
-23.5558 3.19905 8.09428
-20.6268 5.35205 9.26728
-17.1368 4.38705 8.02528

-14.2818 6.26005 9.72428
-10.9608 6.63205 7.81628

-12.6858 5.14505 4.69628
-9.38476 5.29005 2.69728
-8.87176 1.75505 4.20928
-11.3938 0.631054 1.48928

-9.17776 2.06105 -1.38872
-8.48076 -1.41195 -2.94572
-11.5328 -3.48595 -4.07072
-9.61376 -6.85095 -3.97272
-9.00576 -6.61895 -0.173719

-11.1708 -8.77195 2.15728
-12.1878 -5.62495 4.17828
-13.4518 -3.91195 0.972281
-15.2058 -7.09595 -0.340719
-17.0808 -7.40795 3.01728
-17.9328 -3.63995 3.33328
-19.0848 -2.85595 -0.259719
-22.3198 -5.02595 -0.337719
-23.5808 -3.28895 2.86628
-22.6238 0.225054 1.60128
-24.5128 -0.328946 -1.72072
-27.7678 -1.42995 0.0892807

-27.6918 0.853054 3.20028
-29.9918 3.95505 2.96128

-27.4458 6.38105 4.56128
-23.6388 6.15005 4.03628
-21.3888 8.57405 5.95528
-17.7648 8.04005 4.84228
-15.0468 9.97605 6.75328

-11.3588 10.5621 5.84628
-8.61776 13.2091 6.23828
-6.90976 11.7981 3.12828
-9.62176 10.2751 0.833281
-6.88276 9.47605 -1.67972
-3.46376 8.54105 -0.211719
-1.44076 8.77005 -3.49072
-3.57976 8.31205 -6.69872

-7.10576 8.90905 -8.21872
-7.76476 5.10105 -8.43572
-8.02176 4.97905 -4.55772
-11.2388 7.12705 -4.71372
-13.2478 4.65105 -6.86272
-14.5238 2.47105 -3.94872
-15.6008 5.60505 -1.97772
-17.3578 7.09105 -5.09272
-19.3788 3.85905 -5.71072
-20.1648 3.57105 -1.94872
-21.7238 7.11405 -1.93072

-23.2268 6.84305 -5.50672
-23.6118 3.12705 -6.59172
-24.7918 4.24605 -10.1147
-21.5548 6.20705 -10.8427
-18.9568 4.26105 -12.9267
-20.5198 0.712054 -12.5637
-17.1958 -0.719946 -13.9057

-13.7208 0.478054 -12.7637
-12.3388 0.475054 -16.3667
-14.4858 3.53005 -17.3647
-13.1848 5.46605 -14.2937
-9.58476 4.29805 -15.0027
-9.64776 5.33505 -18.7187
-10.8578 8.86305 -17.7647
-9.02276 9.67705 -14.4767

-6.12976 7.14605 -14.0987
-4.47076 7.62905 -17.5767
-5.11876 3.92005 -18.1927

-2.54176 2.27305 -20.5237
-2.79076 -1.07495 -22.3657
0.489245 -2.91795 -21.6087

1.48524 -6.39995 -23.0367
0.435245 -7.96695 -19.6497

-2.92076 -6.07395 -19.2427
-4.08476 -2.59095 -18.1487
-1.99476 -0.165946 -16.0667

-4.00576 2.30505 -13.8727
-1.07476 3.92105 -11.9137
-1.40576 7.24805 -13.8067
-3.62476 10.3351 -13.4607
-5.75276 12.3951 -15.8997
-8.50776 15.0901 -15.9777

-8.04776 15.8071 -12.2027
-9.87876 19.2051 -12.3017
-12.9788 17.4291 -13.7587
-12.6538 14.7151 -11.0547
-12.4728 17.4831 -8.36172
-15.6808 19.1211 -9.73072
-17.5138 15.7261 -9.83972
-16.4018 14.9031 -6.25272
-17.4608 18.3011 -4.76572
-20.8628 18.3511 -6.57872
-22.0398 14.7421 -6.04372

-19.8088 12.7401 -3.57772

-17.6758 14.7981 -1.19372
-17.7338 17.6921 1.27728

-14.1308 18.9341 1.81028
-12.8238 21.9351 3.79928
-9.24876 22.7701 4.77328

-7.72276 24.2541 8.00128
-7.11176 27.4581 5.97928
-10.8668 27.7071 5.07928
-12.3068 27.3371 8.63928

-9.49576 27.8321 11.2613
-7.53476 31.0671 10.4303
-6.12076 30.8301 14.0303
-4.11576 27.5621 13.6143

-0.316755 28.2561 13.5993
1.43624 27.5221 10.2753

3.09224 24.1521 9.53228
6.70824 25.0001 8.55428
8.24524 22.1101 6.55228
11.9242 21.6121 5.60528
14.2862 19.0031 4.20328
17.3272 18.3081 6.44428
20.1462 16.7541 4.38928

21.9262 14.5531 6.98028
25.6412 14.3721 6.17028

26.6252 11.1411 4.24728
30.2402 11.6121 5.57528
29.2022 9.42005 8.59728

28.1612 6.63105 6.11228
31.2992 4.45005 6.17828

32.8052 3.17705 2.88028
31.4932 -0.440946 3.42128
27.8712 0.757054 3.97228
28.1482 3.08705 0.911281
29.5772 0.242054 -1.24072
26.6392 -1.97495 -0.0557193
24.0932 0.760054 -1.05372
25.8902 1.15805 -4.44372
25.8032 -2.66795 -4.87472
22.0302 -2.97695 -4.12672
21.3422 0.0750538 -6.39472
23.2972 -1.60095 -9.28172
21.5232 -4.91395 -8.49072
18.0262 -3.36195 -9.07472
19.1172 -2.03095 -12.5457

20.5972 -5.36095 -13.7977
18.7672 -6.45895 -17.0027
18.9082 -10.2389 -16.4677
17.0372 -10.3999 -13.0827
13.4642 -11.6279 -12.5757

10.6682 -9.24095 -11.4217
10.9872 -10.9029 -7.95872
14.8092 -10.4439 -7.66972
14.2582 -6.74195 -8.64072
11.6692 -6.38895 -5.76572
14.0372 -8.20895 -3.32872
16.9862 -5.91695 -4.28572
14.6352 -2.87895 -3.82972
13.6202 -4.08095 -0.305719
17.3352 -4.66195 0.501281
18.3052 -1.14095 -0.770719
15.4782 0.398054 1.34428
16.4332 -1.55095 4.54228
20.1662 -0.633946 3.97528
19.1162 3.05605 3.61528
17.4652 2.86705 7.07528
20.6252 1.28605 8.64428
22.9252 3.84705 6.91628
20.9262 6.82105 8.36228
20.8732 5.62505 12.0603
24.1602 7.37805 13.1973
23.2232 10.8111 11.7253
19.5382 10.4561 12.7653
20.8792 9.90805 16.3363
23.3512 12.8511 15.9493
20.4242 15.1021 14.8663
18.1122 13.9501 17.7563
20.9172 14.7181 20.2673
21.5712 18.1681 18.6423
17.8222 18.9651 19.1183
17.9492 17.9541 22.8433
21.2742 19.8191 23.4333

19.6162 22.8981 21.7503
17.1362 22.8831 24.7243
13.9672 21.5861 22.9333
11.2732 20.6331 25.4613
9.02024 18.2841 23.3373

9.23924 16.6891 19.8563
8.07124 13.6131 17.8853
10.4412 11.2511 16.0103
8.85524 9.18405 13.2063
10.4762 6.02905 11.7353

9.09424 2.72805 10.2583
11.9722 0.184054 10.3133

12.1032 -1.49995 13.7663
15.9662 -1.29795 13.8243
15.7362 2.55905 13.5823
13.1332 2.74405 16.4263
15.2942 0.309054 18.5123
18.5592 2.29105 17.9583
16.8822 5.67005 18.8043
15.3292 4.24105 22.0433
18.6652 2.60805 23.0733
20.6072 5.91105 22.6533
17.9212 7.92405 24.5613
18.1392 5.33305 27.4263
22.0012 5.55705 27.3113

21.7132 9.41205 27.5673
19.0452 8.98005 30.3683
16.4672 10.9401 28.2663
12.8632 10.2531 29.3353

10.8602 9.26205 26.2243
7.77524 7.29405 25.0583
7.69724 4.57705 22.3423
4.69524 3.47605 20.1983

4.96124 0.754054 17.5003
3.12824 -2.34195 16.0863
3.70624 -4.25895 19.3953
2.27224 -1.50995 21.7113
-1.24076 -2.51495 22.9003
-4.40376 -0.418946 22.2443
-4.77676 0.689054 25.9323

-1.01876 1.33105 26.5193
-1.02776 3.55605 23.3523
-3.58876 5.88805 25.0163
-1.73976 5.83305 28.4003
1.69624 6.62105 26.7923
-0.0447555 9.39005 24.7693
-1.37876 10.8781 28.0693
2.09824 10.4951 29.7223
3.74624 12.5111 26.8543
0.898245 15.1111 26.9043
0.824245 15.6751 30.7153

4.45724 15.0121 31.8493
7.04124 17.7941 31.1633
9.84424 15.1661 31.6133
9.03324 13.1621 28.4353
11.0022 15.1431 25.8143

10.8602 12.6191 22.9013
8.10024 10.4481 21.4223
9.56224 7.58605 19.2923
6.70624 6.67605 16.9193
6.13224 4.14805 14.1313

4.82024 6.04405 11.0303
2.39124 3.13405 10.3213
1.32824 2.28505 13.9183
0.841245 5.87905 15.2853
-0.880755 7.40805 12.1523
-4.34176 6.93405 13.8403
-6.33976 7.89005 16.9913
-3.57276 9.65605 18.9863
-3.12376 13.4281 19.6713
0.329245 14.9711 20.3803
-0.507755 18.7061 20.8263
2.20224 19.0381 23.5793
4.98624 18.9731 20.9063
5.87024 21.7781 18.4093

8.31724 19.7011 16.2673
8.00824 16.5371 14.1253
11.1752 14.7701 12.8403
10.7982 12.1371 10.0963

13.9582 10.0141 10.5403
12.7492 7.99405 7.50928
10.7382 8.79705 4.36128
7.54524 6.83205 3.56528
6.45924 6.27805 -0.101719
2.81324 7.25005 0.643281

2.27324 11.0271 1.29128
-1.19976 10.4791 2.85428
0.501245 8.61205 5.77428
3.12024 11.4081 6.18928
0.283245 14.0361 6.34328
-1.59676 11.7961 8.87828
1.58124 11.7891 11.0583
2.05524 15.6401 10.8263

-1.64276 16.1151 11.8443
-0.968755 14.2681 15.1283
0.652245 17.5481 16.3933
-1.27976 20.0701 14.2483
-4.66376 19.5771 16.0723
-7.20376 21.7511 17.9553
-5.27976 22.6931 21.1523
-1.97176 23.4651 19.3303
-0.742755 27.0651 20.0443
2.77924 26.9961 18.4313
3.88224 26.9591 14.7453

4.50424 23.2781 13.9223
7.99424 22.4571 12.5903
8.25624 19.4061 10.2553
11.8172 18.1541 9.51428
12.3212 15.4701 6.80228
15.7412 13.7751 7.31028
17.2742 12.7591 3.90728

20.6632 11.2591 2.88528
22.3642 11.7781 -0.543719
23.4702 8.41305 -2.06772
20.4472 6.43805 -0.649719
16.7752 5.43805 -1.27572

15.7632 9.02205 -0.196719
17.0822 10.3661 -3.58072
14.3022 8.35805 -5.39072
11.6032 8.43505 -2.65672
11.5672 12.2491 -2.23672
10.7562 13.0911 -5.95072
8.17124 10.2041 -5.90072
6.46224 11.6411 -2.75672
6.47524 15.1541 -4.37372
4.78224 14.0711 -7.65572
2.18124 12.1461 -5.54072
1.33924 15.2811 -3.42172
0.979245 17.2731 -6.69372
-1.49376 14.6281 -8.05872
-3.41576 14.8941 -4.72672
-3.40076 18.7581 -4.89072
-4.62776 18.8421 -8.56072

-7.50076 16.5201 -7.44372
-8.30076 19.0621 -4.59872
-7.22476 16.4611 -1.95472
-4.20476 18.3681 -0.478719
-3.02976 21.9831 0.0932807
0.428245 20.5441 0.828281
2.90224 21.6801 -1.81672
6.34224 20.0081 -1.34372
8.22724 21.8141 -4.23272

9.23324 24.9031 -2.15072
11.2812 22.7141 0.292281
13.6282 21.3971 -2.48672
14.4792 24.7941 -4.04572

15.7442 25.7531 -0.515719
18.2292 22.7801 -0.0927193

End chain 1
