-13.201 -6.296 -53.957
-10.703 -3.406 -53.291
-9.54 -3.087 -49.639
-11.02 0.322 -48.639
-8.614 1.85 -46.053
-10.787 3.126 -43.162

-9.634 6.195 -41.181
-10.061 4.9 -37.589
-10.286 6.838 -34.306
-12.195 7.103 -30.979
-14.163 9.439 -28.711
-12.619 10.223 -25.263
-14.157 12.207 -22.344

-11.943 15.248 -21.466
-14.301 16.978 -18.949
-17.827 16.65 -17.399
-19.139 18.761 -20.353

-16.752 17.96 -23.312
-15.482 14.956 -25.281
-12.62 14.751 -27.824
-12.437 12.939 -31.204
-8.982 11.264 -31.393
-8.672 10.357 -35.1

-6.282 10.744 -38.079
-6.98 13.557 -40.6
-9.895 13.022 -43.051

-11.208 15.853 -45.293
-14.92 14.856 -45.011
-14.611 14.37 -41.226
-13.015 17.857 -40.827
-15.875 19.254 -42.999
-18.403 17.482 -40.669
-16.559 18.759 -37.515
-16.844 22.341 -38.957

-20.697 21.797 -39.029
-20.861 21.033 -35.24
-22.116 23.933 -33.104
-20.016 23.255 -29.939
-16.791 22.621 -31.971

-13.393 23.436 -30.391
-10.011 22.816 -32.063
-6.805 22.812 -29.99

-3.883 23.919 -32.209
-1.328 22.314 -29.773
-2.753 18.736 -29.691
-4.334 19.137 -33.217

-7.578 17.622 -31.79
-11.313 18.386 -31.995
-13.683 18.544 -28.991
-17.466 19.001 -28.65
-20.131 19.402 -25.91

-21.257 16.038 -24.476
-24.923 16.743 -25.497
-23.731 16.722 -29.178
-22.178 13.179 -28.839
-25.228 11.354 -30.322
-25.57 14.044 -33.093
-21.852 13.682 -34.021
-21.815 9.829 -34.037
-25.045 9.774 -36.128
-23.507 12.176 -38.75
-20.093 10.348 -38.803

-21.793 6.948 -39.527
-22.962 8.546 -42.834
-19.328 9.196 -43.991
-17.677 6.563 -46.261
-14.251 5.2 -45.121

-14.46 6.789 -41.562
-14.765 4.819 -38.279
-15.142 6.964 -35.114
-15.663 4.659 -32.101

-18.218 6.249 -29.657
-17.862 6.903 -25.912
-18.35 3.469 -24.195
-21.794 2.549 -22.772
-20.235 2.829 -19.255
-19.534 6.58 -19.812
-22.964 7.196 -21.431
-24.623 5.531 -18.378
-22.42 7.523 -15.909

-23.028 10.919 -17.654
-26.668 10.153 -18.714
-27.851 13.482 -17.123

-25.214 15.594 -18.963
-26 13.8 -22.296
-29.631 15.147 -21.909

-29.014 18.802 -20.797
-28.522 21.656 -23.337
-27.494 23.803 -20.296
-24.374 24.206 -18.108
-26.03 23.63 -14.722
-23.195 22.587 -12.38
-23.731 19.355 -10.334

-27.219 19.392 -8.694
-26.798 20.208 -4.988
-26.578 17.032 -2.906
-29.814 16.999 -0.82
-29.276 16.946 2.956
-30.305 13.551 4.343

-32.727 13.25 7.268
-30.389 11.851 9.975
-33.077 12.019 12.787
-33.159 8.159 12.923
-29.32 8.149 13.454
-27.82 8.306 16.969

-27.52 12.074 17.913
-23.991 11.509 19.371
-22.796 10.469 15.867
-24.731 13.185 13.93
-23.402 16.008 16.22
-19.738 14.82 15.861

-19.687 14.822 11.995
-17.445 17.587 10.586

-19.106 19.692 7.763
-17.231 17.783 4.996
-18.064 14.402 6.666
-21.796 15.407 6.677
-21.562 16.318 2.947
-19.943 12.855 2.346
-22.788 11.075 4.244
-25.363 13.084 2.191
-23.555 12.165 -1.104
-23.43 8.459 -0.115
-27.196 8.491 0.728
-28.024 10.343 -2.565

-25.973 7.645 -4.472
-28.214 5.048 -2.67
-25.512 3.7 -0.27

-23.352 2.353 -3.174
-19.956 4.118 -3.237
-16.209 4.012 -2.721
-15.295 6.541 0.021

-11.694 7.195 -1.128

-11.135 10.189 1.225
-7.504 10.605 2.377

-6.048 8.715 5.398
-7.361 9.956 8.784
-10.233 12.169 7.374
-12.706 9.981 9.408

-13.844 7.354 6.831
-15.012 5.081 9.734
-17.363 7.714 11.316
-18.876 8.506 7.854
-19.282 4.738 7.09
-21.02 4.042 10.461
-23.415 6.996 9.798
-24.247 5.855 6.195
-24.846 2.277 7.463
-26.955 3.52 10.461
-29.227 5.531 8.078

-29.9 2.058 6.507

-30.384 0.293 9.981
-33.886 -0.857 8.77
-32.05 -2.956 6.062
-29.626 -4.868 8.41
-27.981 -7.413 9.17

-24.774 -5.448 8.488
-21.551 -7.137 7.269
-18.235 -5.328 7.997
-15.132 -6.739 6.223
-11.829 -5.357 7.603

-8.05 -6.016 7.986
-7.416 -8.82 10.567
-5.856 -6.305 13.093
-8.689 -3.64 13.199

-11.758 -5.868 14.003
-11.895 -4.753 17.675
-11.154 -1.102 16.63
-14.365 -1.304 14.506
-16.414 -2.897 17.375
-15.268 -0.08 19.729
-16.109 2.476 16.969
-19.722 1.111 16.76
-20.082 1.14 20.611
-18.596 4.7 20.723
-20.823 6.195 17.978

-24.121 4.191 18.24
-24.851 3.95 22.056
-28.388 2.791 20.948
-26.764 -0.701 20.406
-26.03 -3.285 23.117

-22.632 -5.104 22.857
-24.638 -8.32 22.08
-25.78 -6.667 18.791

-22.091 -6.816 17.576
-20.505 -10.124 16.488
-16.681 -10.041 16.081

-15.702 -13.116 14.035
-12.316 -14.303 15.372
-12.201 -17.837 13.813
-13.405 -19.799 10.735
-15.769 -21.82 13.07
-17.788 -18.808 14.317
-21.352 -17.917 13.159
-21.075 -14.973 10.701
-24.816 -14.102 11.273
-24.919 -14.166 15.127
-25.108 -10.332 15.536
-27.08 -7.466 13.995

-23.588 -6.14 13.038
-21.065 -8.833 11.965
-17.336 -7.898 11.803
-15.009 -10.302 9.887
-11.529 -10.295 8.291

-10.658 -10.74 4.577
-8.757 -14.009 5.375
-11.833 -15.546 7.113
-14.3 -14.769 4.222

-12.926 -17.715 2.14
-13.287 -20.073 5.183
-16.843 -18.74 5.845
-18.014 -18.815 2.139
-20.731 -21.415 3.044
-22.243 -18.836 5.512
-21.955 -15.894 2.989
-25.071 -17.433 1.278
-27.188 -15.451 3.825
-28.094 -12.137 2.052
-26.367 -9.235 3.842
-28.236 -6.215 2.36

-25.704 -3.677 3.792
-21.936 -4.298 3.429
-19.007 -2.145 4.602
-15.517 -3.11 3.36

-12.662 -1.237 5.059
-9.341 -0.865 3.151

-11.066 -2.352 0.031
-7.765 -2.207 -1.968
-7.252 -5.742 -0.456
-9.774 -6.866 -3.176

-7.558 -5.436 -6.054
-6.861 -8.909 -7.611
-9.913 -10.983 -8.736
-7.994 -14.348 -8.638
-7.386 -14.116 -4.839

-9.551 -16.269 -2.508
-10.568 -13.122 -0.487
-11.832 -11.409 -3.693
-13.586 -14.593 -5.006
-15.461 -14.905 -1.648
-16.313 -11.137 -1.332
-17.465 -10.353 -4.925
-20.7 -12.523 -5.003
-21.961 -10.786 -1.799
-21.004 -7.272 -3.064
-22.893 -7.826 -6.386
-26.148 -8.927 -4.576

-26.072 -6.644 -1.465
-28.372 -3.542 -1.704

-25.826 -1.116 -0.104
-22.019 -1.347 -0.629
-19.769 1.077 1.29
-16.145 0.543 0.177
-13.427 2.479 2.088

-9.739 3.065 1.181
-6.998 5.712 1.573
-5.29 4.301 -1.537
-8.002 2.778 -3.832
-5.263 1.979 -6.345
-1.844 1.044 -4.877
0.179 1.273 -8.156
-1.96 0.815 -11.364

-5.486 1.412 -12.884
-6.145 -2.396 -13.101
-6.402 -2.518 -9.223
-9.619 -0.37 -9.379
-11.628 -2.846 -11.528
-12.904 -5.026 -8.614
-13.981 -1.892 -6.643
-15.738 -0.406 -9.758
-17.759 -3.638 -10.376
-18.545 -3.926 -6.614
-20.104 -0.383 -6.596

-21.607 -0.654 -10.172
-21.992 -4.37 -11.257
-23.172 -3.251 -14.78
-19.935 -1.29 -15.508
-17.337 -3.236 -17.592
-18.9 -6.785 -17.229
-15.576 -8.217 -18.571

-12.101 -7.019 -17.429
-10.719 -7.022 -21.032
-12.866 -3.967 -22.03
-11.565 -2.031 -18.959
-7.965 -3.199 -19.668
-8.028 -2.162 -23.384
-9.238 1.366 -22.43
-7.403 2.18 -19.142

-4.35381 0.725227 -20.9383
-1.56765 -0.37407 -23.2675
0.482875 -3.45436 -22.9196

3.03099 -6.30832 -22.8167
5.4223 -8.98164 -23.8731
7.05863 -11.4762 -26.3635

8.05463 -14.9582 -27.7915
7.00463 -16.5252 -24.4045

3.64863 -14.6322 -23.9975
2.48463 -11.1492 -22.9035
4.57463 -8.72419 -20.8215

2.56363 -6.25319 -18.6275
5.49463 -4.63719 -16.6685
5.16363 -1.31019 -18.5615
2.94463 1.77681 -18.2155
0.816633 3.83681 -20.6545
-1.93837 6.53181 -20.7325

-1.47837 7.24881 -16.9575
-3.30937 10.6468 -17.0565
-6.40937 8.87081 -18.5135
-6.08437 6.15681 -15.8095
-5.90337 8.92481 -13.1165
-9.11137 10.5628 -14.4855
-10.9444 7.16781 -14.5945
-9.83237 6.34481 -11.0075
-10.8914 9.74281 -9.52045
-14.2934 9.79281 -11.3335
-15.4704 6.18381 -10.7985

-13.2394 4.18181 -8.33245

-11.1064 6.23981 -5.94845
-11.1644 9.13381 -3.47745

-7.56137 10.3758 -2.94445
-6.25437 13.3768 -0.95545
-2.67937 14.2118 0.0185499

-1.15337 15.6958 3.24655
-0.542367 18.8998 1.22455
-4.29737 19.1488 0.32455
-5.73737 18.7788 3.88455

-2.92637 19.2738 6.50655
-0.965367 22.5088 5.67555
0.448633 22.2718 9.27555
2.45363 19.0038 8.85955

6.25263 19.6978 8.84455
8.00563 18.9638 5.52055

9.66163 15.5938 4.77755
13.2776 16.4418 3.79955
14.8146 13.5518 1.79755
18.4936 13.0538 0.85055
20.8556 10.4448 -0.55145
23.8966 9.74981 1.68955
26.7156 8.19581 -0.36545

28.4956 5.99481 2.22555
32.2106 5.81381 1.41555

33.1946 2.58281 -0.50745
36.8096 3.05381 0.82055
35.7716 0.861806 3.84255

34.7306 -1.92719 1.35755
37.8686 -4.10819 1.42355

39.3746 -5.38119 -1.87445
38.0626 -8.99919 -1.33345
34.4406 -7.80119 -0.78245
34.7176 -5.47119 -3.84345
36.1466 -8.31619 -5.99545
33.2086 -10.5332 -4.81045
30.6626 -7.79819 -5.80845
32.4596 -7.40019 -9.19845
32.3726 -11.2262 -9.62945
28.5996 -11.5352 -8.88145
27.9116 -8.48319 -11.1495
29.8666 -10.1592 -14.0365
28.0926 -13.4722 -13.2455
24.5956 -11.9202 -13.8295
25.6866 -10.5892 -17.3005

27.1666 -13.9192 -18.5525
25.3366 -15.0172 -21.7575
25.4776 -18.7972 -21.2225
23.6066 -18.9582 -17.8375
20.0336 -20.1862 -17.3305

17.2376 -17.7992 -16.1765
17.5566 -19.4612 -12.7135
21.3786 -19.0022 -12.4245
20.8276 -15.3002 -13.3955
18.2386 -14.9472 -10.5205
20.6066 -16.7672 -8.08345
23.5556 -14.4752 -9.04045
21.2046 -11.4372 -8.58445
20.1896 -12.6392 -5.06045
23.9046 -13.2202 -4.25345
24.8746 -9.69919 -5.52545
22.0476 -8.16019 -3.41045
23.0026 -10.1092 -0.21245
26.7356 -9.19219 -0.77945
25.6856 -5.50219 -1.13945
24.0346 -5.69119 2.32055
27.1946 -7.27219 3.88955
29.4946 -4.71119 2.16155
27.4956 -1.73719 3.60755
27.4426 -2.93319 7.30555
30.7296 -1.18019 8.44255
29.7926 2.25281 6.97055
26.1076 1.89781 8.01055
27.4486 1.34981 11.5815
29.9206 4.29281 11.1945
26.9936 6.54381 10.1115
24.6816 5.39181 13.0015
27.4866 6.15981 15.5125
28.1406 9.60981 13.8875
24.3916 10.4068 14.3635
24.5186 9.39581 18.0885
27.8436 11.2608 18.6785

26.1856 14.3398 16.9955
23.7056 14.3248 19.9695
20.5366 13.0278 18.1785
17.8426 12.0748 20.7065
15.5896 9.72581 18.5825

15.8086 8.13081 15.1015
14.6406 5.05481 13.1305
17.0106 2.69281 11.2555
15.4246 0.625806 8.45155
17.0456 -2.52919 6.98055

15.6636 -5.83019 5.50355
18.5416 -8.37419 5.55855

18.6726 -10.0582 9.01155
22.5356 -9.85619 9.06955
22.3056 -5.99919 8.82755
19.7026 -5.81419 11.6715
21.8636 -8.24919 13.7575
25.1286 -6.26719 13.2035
23.4516 -2.88819 14.0495
21.8986 -4.31719 17.2885
25.2346 -5.95019 18.3185
27.1766 -2.64719 17.8985
24.4906 -0.634194 19.8065
24.7086 -3.22519 22.6715
28.5706 -3.00119 22.5565

28.2826 0.853806 22.8125
25.6146 0.421806 25.6135
23.0366 2.38181 23.5115
19.4326 1.69481 24.5805

17.4296 0.703806 21.4695
14.3446 -1.26419 20.3035
14.2666 -3.98119 17.5875
11.2646 -5.08219 15.4435

11.5306 -7.80419 12.7455
9.69763 -10.9002 11.3315
10.2756 -12.8172 14.6405
8.84163 -10.0682 16.9565
5.32863 -11.0732 18.1455
2.16563 -8.97719 17.4895
1.79263 -7.86919 21.1775

5.55063 -7.22719 21.7645
5.54163 -5.00219 18.5975
2.98063 -2.67019 20.2615
4.82963 -2.72519 23.6455
8.26563 -1.93719 22.0375
6.52463 0.831806 20.0145
5.19063 2.31981 23.3145
8.66763 1.93681 24.9675
10.3156 3.95281 22.0995
7.46763 6.55281 22.1495
7.39363 7.11681 25.9605

11.0266 6.45381 27.0945
13.6106 9.23581 26.4085
16.4136 6.60781 26.8585
15.6026 4.60381 23.6805
17.5716 6.58481 21.0595

17.4296 4.06081 18.1465
14.6696 1.88981 16.6675
16.1316 -0.972194 14.5375
13.2756 -1.88219 12.1645
12.7016 -4.41019 9.37655

11.3896 -2.51419 6.27555
8.96063 -5.42419 5.56655
7.89763 -6.27319 9.16355
7.41063 -2.67919 10.5305
5.68863 -1.15019 7.39755
2.22763 -1.62419 9.08555
0.229633 -0.668194 12.2365
2.99663 1.09781 14.2315
3.44563 4.86981 14.9165
6.89863 6.41281 15.6255
6.06163 10.1478 16.0715
8.77163 10.4798 18.8245
11.5556 10.4148 16.1515
12.4396 13.2198 13.6545

14.8866 11.1428 11.5125
14.5776 7.97881 9.37055
17.7446 6.21181 8.08555
17.3676 3.57881 5.34155

20.5276 1.45581 5.78555
19.3186 -0.564194 2.75455
17.3076 0.238806 -0.39345
14.1146 -1.72619 -1.18945
13.0286 -2.28019 -4.85645
9.38263 -1.30819 -4.11145

8.84263 2.46881 -3.46345
5.36963 1.92081 -1.90045
7.07063 0.0538062 1.01955
9.68963 2.84981 1.43455
6.85263 5.47781 1.58855
4.97263 3.23781 4.12355
8.15063 3.23081 6.30355
8.62463 7.08181 6.07155

4.92663 7.55681 7.08955
5.60063 5.70981 10.3735
7.22163 8.98981 11.6385
5.28963 11.5118 9.49355
1.90563 11.0188 11.3175
-0.634367 13.1928 13.2005
1.28963 14.1348 16.3975
4.59763 14.9068 14.5755
5.82663 18.5068 15.2895
9.34863 18.4378 13.6765
10.4516 18.4008 9.99055

11.0736 14.7198 9.16755
14.5636 13.8988 7.83555
14.8256 10.8478 5.50055
18.3866 9.59581 4.75955
18.8906 6.91181 2.04755
22.3106 5.21681 2.55555
23.8436 4.20081 -0.84745

27.2326 2.70081 -1.86945
28.9336 3.21981 -5.29845
30.0396 -0.145194 -6.82245
27.0166 -2.12019 -5.40445
23.3446 -3.12019 -6.03045

22.3326 0.463806 -4.95145
23.6516 1.80781 -8.33545
20.8716 -0.200194 -10.1455
18.1726 -0.123194 -7.41145
18.1366 3.69081 -6.99145
17.3256 4.53281 -10.7055
14.7406 1.64581 -10.6555
13.0316 3.08281 -7.51145
13.0446 6.59581 -9.12845
11.3516 5.51281 -12.4105
8.75063 3.58781 -10.2955
7.90863 6.72281 -8.17645
7.54863 8.71481 -11.4485
5.07563 6.06981 -12.8135
3.15363 6.33581 -9.48145
3.16863 10.1998 -9.64545
1.94163 10.2838 -13.3155

-0.931367 7.96181 -12.1985
-1.73137 10.5038 -9.35345
-0.655367 7.90281 -6.70945
2.36463 9.80981 -5.23345
3.53963 13.4248 -4.66145
6.99763 11.9858 -3.92645
9.47163 13.1218 -6.57145
12.9116 11.4498 -6.09845
14.7966 13.2558 -8.98745

15.8026 16.3448 -6.90545
17.8506 14.1558 -4.46245
20.1976 12.8388 -7.24145
21.0486 16.2358 -8.80045

22.3136 17.1948 -5.27045
24.7986 14.2218 -4.84745

End chain 1
