-13.201 -6.296 -53.957
-10.703 -3.406 -53.291
-9.54 -3.087 -49.639
-11.02 0.322 -48.639
-8.614 1.85 -46.053
-10.787 3.126 -43.162

-9.634 6.195 -41.181
-10.061 4.9 -37.589
-10.286 6.838 -34.306
-12.195 7.103 -30.979
-14.163 9.439 -28.711
-12.619 10.223 -25.263
-14.157 12.207 -22.344

-11.943 15.248 -21.466
-14.301 16.978 -18.949
-17.827 16.65 -17.399
-19.139 18.761 -20.353

-16.752 17.96 -23.312
-15.482 14.956 -25.281
-12.62 14.751 -27.824
-12.437 12.939 -31.204
-8.982 11.264 -31.393
-8.672 10.357 -35.1

-6.282 10.744 -38.079
-6.98 13.557 -40.6
-9.895 13.022 -43.051

-11.208 15.853 -45.293
-14.92 14.856 -45.011
-14.611 14.37 -41.226
-13.015 17.857 -40.827
-15.875 19.254 -42.999
-18.403 17.482 -40.669
-16.559 18.759 -37.515
-16.844 22.341 -38.957

-20.697 21.797 -39.029
-20.861 21.033 -35.24
-22.116 23.933 -33.104
-20.016 23.255 -29.939
-16.791 22.621 -31.971

-13.393 23.436 -30.391
-10.011 22.816 -32.063
-6.805 22.812 -29.99

-3.12418 23.3237 -29.7134
0.575 24.0868 -29.4889
2.48624 25.79 -26.6478
3.4937 29.2378 -27.6097

1.12494 32.0445 -26.8761
1.06542 31.3321 -23.0589
-0.640695 34.0968 -20.9439
-4.26998 32.9642 -20.4466
-6.78041 33.5085 -17.579

-7.90641 30.1445 -16.145
-11.5724 30.8495 -17.166
-10.3804 30.8285 -20.847
-8.82741 27.2855 -20.508
-11.8774 25.4605 -21.991
-12.2194 28.1505 -24.762
-8.50141 27.7885 -25.69
-8.46441 23.9355 -25.706
-11.6944 23.8805 -27.797
-10.1564 26.2825 -30.419
-6.74241 24.4545 -30.472

-8.44241 21.0545 -31.196
-9.61141 22.6525 -34.503
-5.97741 23.3025 -35.66
-4.32641 20.6695 -37.93
-0.900413 19.3065 -36.79

-1.10941 20.8955 -33.231
-1.41441 18.9255 -29.948
-1.79141 21.0705 -26.783
-2.31241 18.7655 -23.77

-4.86741 20.3555 -21.326
-4.51141 21.0095 -17.581
-4.99941 17.5755 -15.864
-8.44341 16.6555 -14.441
-6.88441 16.9355 -10.924
-6.18341 20.6865 -11.481
-9.61341 21.3025 -13.1
-11.2724 19.6375 -10.047
-9.06941 21.6295 -7.57805

-9.67741 25.0255 -9.32305
-13.3174 24.2595 -10.383
-14.5004 27.5885 -8.79205

-11.8634 29.7005 -10.632
-12.6494 27.9065 -13.965
-16.2804 29.2535 -13.578

-15.6634 32.9085 -12.466
-15.1714 35.7625 -15.006
-14.1434 37.9095 -11.965
-11.0234 38.3125 -9.77705
-12.6794 37.7365 -6.39105
-9.84441 36.6935 -4.04905
-10.3804 33.4615 -2.00305

-13.8684 33.4985 -0.363047
-13.4474 34.3145 3.34295
-13.2274 31.1385 5.42495
-16.4634 31.1055 7.51095
-15.9254 31.0525 11.287
-16.9544 27.6575 12.674

-19.3764 27.3565 15.599
-17.0384 25.9575 18.306
-19.7264 26.1255 21.118
-19.8084 22.2655 21.254
-15.9694 22.2555 21.785
-14.4694 22.4125 25.3

-14.1694 26.1805 26.244
-10.6404 25.6155 27.702
-9.44541 24.5755 24.198
-11.3804 27.2915 22.261
-10.0514 30.1145 24.551
-6.38741 28.9265 24.192

-6.33641 28.9285 20.326
-4.09441 31.6935 18.917

-5.75541 33.7985 16.094
-3.88041 31.8895 13.327
-4.71341 28.5085 14.997
-8.44541 29.5135 15.008
-8.21141 30.4245 11.278
-6.59241 26.9615 10.677
-9.43741 25.1815 12.575
-12.0124 27.1905 10.522
-10.2044 26.2715 7.22695
-10.0794 22.5655 8.21595
-13.8454 22.5975 9.05895
-14.6734 24.4495 5.76595

-12.6224 21.7515 3.85895
-14.8634 19.1545 5.66095
-12.1614 17.8065 8.06095

-10.0014 16.4595 5.15695
-6.60541 18.2245 5.09395
-2.85841 18.1185 5.60995
-1.94441 20.6475 8.35195

1.65659 21.3015 7.20295

2.21559 24.2955 9.55595
5.84659 24.7115 10.708

7.30259 22.8215 13.729
5.98959 24.0625 17.115
3.11759 26.2755 15.705
0.644587 24.0875 17.739

-0.493413 21.4605 15.162
-1.66141 19.1875 18.065
-4.01241 21.8205 19.647
-5.52541 22.6125 16.185
-5.93141 18.8445 15.421
-7.66941 18.1485 18.792
-10.0644 21.1025 18.129
-10.8964 19.9615 14.526
-11.4954 16.3835 15.794
-13.6044 17.6265 18.792
-15.8764 19.6375 16.409

-16.5494 16.1645 14.838

-17.0334 14.3995 18.312
-20.5354 13.2495 17.101
-18.6994 11.1505 14.393
-16.2754 9.23848 16.741
-14.6304 6.69348 17.501

-11.4234 8.65848 16.819
-8.20041 6.96948 15.6
-4.88441 8.77848 16.328
-1.78141 7.36748 14.554
1.52159 8.74948 15.934

5.30059 8.09048 16.317
5.93459 5.28648 18.898
7.49459 7.80148 21.424
4.66159 10.4665 21.53

1.59259 8.23848 22.334
1.45559 9.35348 26.006
2.19659 13.0045 24.961
-1.01441 12.8025 22.837
-3.06341 11.2095 25.706
-1.91741 14.0265 28.06
-2.75841 16.5825 25.3
-6.37141 15.2175 25.091
-6.73141 15.2465 28.942
-5.24541 18.8065 29.054
-7.47241 20.3015 26.309

-10.7704 18.2975 26.571
-11.5004 18.0565 30.387
-15.0374 16.8975 29.279
-13.4134 13.4055 28.737
-12.6794 10.8215 31.448

-9.28141 9.00248 31.188
-11.2874 5.78648 30.411
-12.4294 7.43948 27.122

-8.74041 7.29048 25.907
-7.15441 3.98248 24.819
-3.33041 4.06548 24.412

-2.35141 0.990476 22.366
1.03459 -0.196524 23.703
1.14959 -3.73052 22.144
-0.054413 -5.69252 19.066
-2.41841 -7.71352 21.401
-4.43741 -4.70152 22.648
-8.00141 -3.81052 21.49
-7.72441 -0.866524 19.032
-11.4654 0.00447588 19.604
-11.5684 -0.0595241 23.458
-11.7574 3.77448 23.867
-13.7294 6.64048 22.326

-10.2374 7.96648 21.369
-7.71441 5.27348 20.296
-3.98541 6.20848 20.134
-1.65841 3.80448 18.218
1.82159 3.81148 16.622

2.69259 3.36648 12.908
4.59359 0.0974759 13.706
1.51759 -1.43952 15.444
-0.949413 -0.662524 12.553

0.424587 -3.60852 10.471
0.063587 -5.96652 13.514
-3.49241 -4.63352 14.176
-4.66341 -4.70852 10.47
-7.38041 -7.30852 11.375
-8.89241 -4.72952 13.843
-8.60441 -1.78752 11.32
-11.7204 -3.32652 9.60895
-13.8374 -1.34452 12.156
-14.7434 1.96948 10.383
-13.0164 4.87148 12.173
-14.8854 7.89148 10.691

-12.3534 10.4295 12.123
-8.58541 9.80848 11.76
-5.65641 11.9615 12.933
-2.16641 10.9965 11.691

0.688587 12.8695 13.39
4.00959 13.2415 11.482

2.28459 11.7545 8.36195
5.58559 11.8995 6.36295
6.09859 8.36448 7.87495
3.57659 7.24048 5.15495

5.79259 8.67048 2.27695
6.48959 5.19748 0.719953
3.43759 3.12348 -0.405047
5.35659 -0.241524 -0.307047
5.96459 -0.00952412 3.49195

3.79959 -2.16252 5.82295
2.78259 0.984476 7.84395
1.51859 2.69748 4.63795
-0.235413 -0.486524 3.32495
-2.11041 -0.798524 6.68295
-2.96241 2.96948 6.99895
-4.11441 3.75348 3.40595
-7.34941 1.58348 3.32795
-8.61041 3.32048 6.53195
-7.65341 6.83448 5.26695
-9.54241 6.28048 1.94495
-12.7974 5.17948 3.75495

-12.7214 7.46248 6.86595
-15.0214 10.5645 6.62695

-12.4754 12.9905 8.22695
-8.66841 12.7595 7.70195
-6.41841 15.1835 9.62095
-2.79441 14.6495 8.50795
-0.076413 16.5855 10.419

3.61159 17.1715 9.51195
6.35259 19.8185 9.90395
8.06059 18.4075 6.79395
5.34859 16.8845 4.49895
8.08759 16.0855 1.98595
11.5066 15.1505 3.45395
13.5296 15.3795 0.174953
11.3906 14.9215 -3.03305

7.86459 15.5185 -4.55305
7.20559 11.7105 -4.77005
6.94859 11.5885 -0.892047
3.73159 13.7365 -1.04805
1.72259 11.2605 -3.19705
0.446587 9.08048 -0.283047
-0.630413 12.2145 1.68795
-2.38741 13.7005 -1.42705
-4.40841 10.4685 -2.04505
-5.19441 10.1805 1.71695
-6.75341 13.7235 1.73495

-8.25641 13.4525 -1.84105
-8.64141 9.73648 -2.92605
-9.82141 10.8555 -6.44905
-6.58441 12.8165 -7.17705
-3.98641 10.8705 -9.26105
-5.54941 7.32148 -8.89805
-2.22541 5.88948 -10.24

1.24959 7.08748 -9.09805
2.63159 7.08448 -12.701
0.484587 10.1395 -13.699
1.78559 12.0755 -10.628
5.38559 10.9075 -11.337
5.32259 11.9445 -15.053
4.11259 15.4725 -14.099
5.94759 16.2865 -10.811

8.84059 13.7555 -10.433
10.4996 14.2385 -13.911
9.85159 10.5295 -14.527

12.4286 8.88248 -16.858
12.1796 5.53448 -18.7
15.4596 3.69148 -17.943

16.4556 0.209476 -19.371
15.4056 -1.35752 -15.984

12.0496 0.535476 -15.577
10.8856 4.01848 -14.483
12.9756 6.44348 -12.401

10.9646 8.91448 -10.207
13.8956 10.5305 -8.24805
13.5646 13.8575 -10.141
11.3456 16.9445 -9.79505
9.21759 19.0045 -12.234
6.46259 21.6995 -12.312

6.92259 22.4165 -8.53705
5.09159 25.8145 -8.63605
1.99159 24.0385 -10.093
2.31659 21.3245 -7.38905
2.49759 24.0925 -4.69605
-0.710413 25.7305 -6.06505
-2.54341 22.3355 -6.17405
-1.43141 21.5125 -2.58705
-2.49041 24.9105 -1.10005
-5.89241 24.9605 -2.91305
-7.06941 21.3515 -2.37805

-4.83841 19.3495 0.0879534

-2.70541 21.4075 2.47195
-2.76341 24.3015 4.94295

0.839587 25.5435 5.47595
2.14659 28.5445 7.46495
5.72159 29.3795 8.43895

7.24759 30.8635 11.667
7.85859 34.0675 9.64495
4.10359 34.3165 8.74495
2.66359 33.9465 12.305

5.47459 34.4415 14.927
7.43559 37.6765 14.096
8.84959 37.4395 17.696
10.8546 34.1715 17.28

14.6536 34.8655 17.265
16.4066 34.1315 13.941

18.0626 30.7615 13.198
21.6786 31.6095 12.22
23.2156 28.7195 10.218
26.8946 28.2215 9.27095
29.2566 25.6125 7.86895
32.2976 24.9175 10.11
35.1166 23.3635 8.05495

36.8966 21.1625 10.646
40.6116 20.9815 9.83595

41.5956 17.7505 7.91295
45.2106 18.2215 9.24095
44.1726 16.0295 12.263

43.1316 13.2405 9.77795
46.2696 11.0595 9.84395

47.7756 9.78648 6.54595
46.4636 6.16848 7.08695
42.8416 7.36648 7.63795
43.1186 9.69648 4.57695
44.5476 6.85148 2.42495
41.6096 4.63448 3.60995
39.0636 7.36948 2.61195
40.8606 7.76748 -0.778047
40.7736 3.94148 -1.20905
37.0006 3.63248 -0.461047
36.3126 6.68448 -2.72905
38.2676 5.00848 -5.61605
36.4936 1.69548 -4.82505
32.9966 3.24748 -5.40905
34.0876 4.57848 -8.88005

35.5676 1.24848 -10.132
33.7376 0.150476 -13.337
33.8786 -3.62952 -12.802
32.0076 -3.79052 -9.41705
28.4346 -5.01852 -8.91005

25.6386 -2.63152 -7.75605
25.9576 -4.29352 -4.29305
29.7796 -3.83452 -4.00405
29.2286 -0.132524 -4.97505
26.6396 0.220476 -2.10005
29.0076 -1.59952 0.336953
31.9566 0.692476 -0.620047
29.6056 3.73048 -0.164047
28.5906 2.52848 3.35995
32.3056 1.94748 4.16695
33.2756 5.46848 2.89495
30.4486 7.00748 5.00995
31.4036 5.05848 8.20795
35.1366 5.97548 7.64095
34.0866 9.66548 7.28095
32.4356 9.47648 10.741
35.5956 7.89548 12.31
37.8956 10.4565 10.582
35.8966 13.4305 12.028
35.8436 12.2345 15.726
39.1306 13.9875 16.863
38.1936 17.4205 15.391
34.5086 17.0655 16.431
35.8496 16.5175 20.002
38.3216 19.4605 19.615
35.3946 21.7115 18.532
33.0826 20.5595 21.422
35.8876 21.3275 23.933
36.5416 24.7775 22.308
32.7926 25.5745 22.784
32.9196 24.5635 26.509
36.2446 26.4285 27.099

34.5866 29.5075 25.416
32.1066 29.4925 28.39
28.9376 28.1955 26.599
26.2436 27.2425 29.127
23.9906 24.8935 27.003

24.2096 23.2985 23.522
23.0416 20.2225 21.551
25.4116 17.8605 19.676
23.8256 15.7935 16.872
25.4466 12.6385 15.401

24.0646 9.33748 13.924
26.9426 6.79348 13.979

27.0736 5.10948 17.432
30.9366 5.31148 17.49
30.7066 9.16848 17.248
28.1036 9.35348 20.092
30.2646 6.91848 22.178
33.5296 8.90048 21.624
31.8526 12.2795 22.47
30.2996 10.8505 25.709
33.6356 9.21748 26.739
35.5776 12.5205 26.319
32.8916 14.5335 28.227
33.1096 11.9425 31.092
36.9716 12.1665 30.977

36.6836 16.0215 31.233
34.0156 15.5895 34.034
31.4376 17.5495 31.932
27.8336 16.8625 33.001

25.8306 15.8715 29.89
22.7456 13.9035 28.724
22.6676 11.1865 26.008
19.6656 10.0855 23.864

19.9316 7.36348 21.166
18.0986 4.26748 19.752
18.6766 2.35048 23.061
17.2426 5.09948 25.377
13.7296 4.09448 26.566
10.5666 6.19048 25.91
10.1936 7.29848 29.598

13.9516 7.94048 30.185
13.9426 10.1655 27.018
11.3816 12.4975 28.682
13.2306 12.4425 32.066
16.6666 13.2305 30.458
14.9256 15.9995 28.435
13.5916 17.4875 31.735
17.0686 17.1045 33.388
18.7166 19.1205 30.52
15.8686 21.7205 30.57
15.7946 22.2845 34.381

19.4276 21.6215 35.515
22.0116 24.4035 34.829
24.8146 21.7755 35.279
24.0036 19.7715 32.101
25.9726 21.7525 29.48

25.8306 19.2285 26.567
23.0706 17.0575 25.088
24.5326 14.1955 22.958
21.6766 13.2855 20.585
21.1026 10.7575 17.797

19.7906 12.6535 14.696
17.3616 9.74348 13.987
16.2986 8.89448 17.584
15.8116 12.4885 18.951
14.0896 14.0175 15.818
10.6286 13.5435 17.506
8.63059 14.4995 20.657
11.3976 16.2655 22.652
11.8466 20.0375 23.337
15.2996 21.5805 24.046
14.4626 25.3155 24.492
17.1726 25.6475 27.245
19.9566 25.5825 24.572
20.8406 28.3875 22.075

23.2876 26.3105 19.933
22.9786 23.1465 17.791
26.1456 21.3795 16.506
25.7686 18.7465 13.762

28.9286 16.6235 14.206
27.7196 14.6035 11.175
25.7086 15.4065 8.02695
22.5156 13.4415 7.23095
21.4296 12.8875 3.56395
17.7836 13.8595 4.30895

17.2436 17.6365 4.95695
13.7706 17.0885 6.51995
15.4716 15.2215 9.43995
18.0906 18.0175 9.85495
15.2536 20.6455 10.009
13.3736 18.4055 12.544
16.5516 18.3985 14.724
17.0256 22.2495 14.492

13.3276 22.7245 15.51
14.0016 20.8775 18.794
15.6226 24.1575 20.059
13.6906 26.6795 17.914
10.3066 26.1865 19.738
7.76659 28.3605 21.621
9.69059 29.3025 24.818
12.9986 30.0745 22.996
14.2276 33.6745 23.71
17.7496 33.6055 22.097
18.8526 33.5685 18.411

19.4746 29.8875 17.588
22.9646 29.0665 16.256
23.2266 26.0155 13.921
26.7876 24.7635 13.18
27.2916 22.0795 10.468
30.7116 20.3845 10.976
32.2446 19.3685 7.57295

35.6336 17.8685 6.55095
37.3346 18.3875 3.12195
38.4406 15.0225 1.59795
35.4176 13.0475 3.01595
31.7456 12.0475 2.38995

30.7336 15.6315 3.46895
32.0526 16.9755 0.0849534
29.2726 14.9675 -1.72505
26.5736 15.0445 1.00895
26.5376 18.8585 1.42895
25.7266 19.7005 -2.28505
23.1416 16.8135 -2.23505
21.4326 18.2505 0.908953
21.4456 21.7635 -0.708047
19.7526 20.6805 -3.99005
17.1516 18.7555 -1.87505
16.3096 21.8905 0.243953
15.9496 23.8825 -3.02805
13.4766 21.2375 -4.39305
11.5546 21.5035 -1.06105
11.5696 25.3675 -1.22505
10.3426 25.4515 -4.89505

7.46959 23.1295 -3.77805
6.66959 25.6715 -0.933047
7.74559 23.0705 1.71095
10.7656 24.9775 3.18695
11.9406 28.5925 3.75895
15.3986 27.1535 4.49395
17.8726 28.2895 1.84895
21.3126 26.6175 2.32195
23.1976 28.4235 -0.567047

24.2036 31.5125 1.51495
26.2516 29.3235 3.95795
28.5986 28.0065 1.17895
29.4496 31.4035 -0.380047

30.7146 32.3625 3.14995
33.1996 29.3895 3.57295

End chain 1
