-13.201 -6.296 -53.957
-10.703 -3.406 -53.291
-9.54 -3.087 -49.639
-11.02 0.322 -48.639
-8.614 1.85 -46.053
-10.787 3.126 -43.162

-9.634 6.195 -41.181
-10.061 4.9 -37.589
-10.286 6.838 -34.306
-12.195 7.103 -30.979
-14.163 9.439 -28.711
-12.619 10.223 -25.263
-14.157 12.207 -22.344

-11.943 15.248 -21.466
-14.301 16.978 -18.949
-17.827 16.65 -17.399
-19.139 18.761 -20.353

-16.752 17.96 -23.312
-15.482 14.956 -25.281
-12.62 14.751 -27.824
-12.437 12.939 -31.204
-8.982 11.264 -31.393
-8.672 10.357 -35.1

-6.07781 8.08245 -36.8113
-3.31108 6.85723 -39.1524
-0.67346 4.22307 -39.2267

-3.96684 2.50161 -40.0223
-5.71044 4.30471 -37.1673
-4.39054 7.66483 -38.3548
-5.60483 7.00007 -41.8941
-9.0683 6.07162 -40.635
-9.27483 9.2528 -38.5661
-8.27876 11.3771 -41.5558
-10.9261 9.73137 -43.7298

-14.7791 9.18737 -43.8018
-14.9431 8.42337 -40.0128
-16.1981 11.3234 -37.8768
-14.0981 10.6454 -34.7118
-10.8731 10.0114 -36.7438

-7.47506 10.8264 -35.1638
-4.09306 10.2064 -36.8358
-0.88706 10.2024 -34.7628

2.03494 11.3094 -36.9818
4.58994 9.70437 -34.5458
3.16494 6.12637 -34.4638
1.58394 6.52737 -37.9898

-1.66006 5.01237 -36.5628
-5.39506 5.77637 -36.7678
-7.76506 5.93437 -33.7638
-11.5481 6.39137 -33.4228
-14.2131 6.79237 -30.6828

-15.3391 3.42837 -29.2488
-19.0051 4.13337 -30.2698
-17.8131 4.11237 -33.9508
-16.2601 0.569367 -33.6118
-19.3101 -1.25563 -35.0948
-19.6521 1.43437 -37.8658
-15.9341 1.07237 -38.7938
-15.8971 -2.78063 -38.8098
-19.1271 -2.83563 -40.9008
-17.5891 -0.433633 -43.5228
-14.1751 -2.26163 -43.5758

-15.8751 -5.66163 -44.2998
-17.0441 -4.06363 -47.6068
-13.4101 -3.41363 -48.7638
-11.7591 -6.04663 -51.0338
-8.33306 -7.40963 -49.8938

-8.54206 -5.82063 -46.3348
-8.84706 -7.79063 -43.0518
-9.22406 -5.64563 -39.8868
-9.74506 -7.95063 -36.8738

-12.3001 -6.36063 -34.4298
-11.9441 -5.70663 -30.6848
-12.4321 -9.14063 -28.9678
-15.8761 -10.0606 -27.5448
-14.3171 -9.78063 -24.0278
-13.6161 -6.02963 -24.5848
-17.0461 -5.41363 -26.2038
-18.7051 -7.07863 -23.1508
-16.5021 -5.08663 -20.6818

-17.1101 -1.69063 -22.4268
-20.7501 -2.45663 -23.4868
-21.9331 0.872367 -21.8958

-19.2961 2.98437 -23.7358
-20.0821 1.19037 -27.0688
-23.7131 2.53737 -26.6818

-23.0961 6.19237 -25.5698
-22.6041 9.04637 -28.1098
-21.5761 11.1934 -25.0688
-18.4561 11.5964 -22.8808
-20.1121 11.0204 -19.4948
-17.2771 9.97737 -17.1528
-17.8131 6.74537 -15.1068

-21.3011 6.78237 -13.4668
-20.8801 7.59837 -9.76079
-20.6601 4.42237 -7.67879
-23.8961 4.38937 -5.59279
-23.3581 4.33637 -1.81679
-24.3871 0.941367 -0.429786

-26.8091 0.640367 2.49521
-24.4711 -0.758633 5.20221
-27.1591 -0.590633 8.01421
-27.2411 -4.45063 8.15021
-23.4021 -4.46063 8.68121
-21.9021 -4.30363 12.1962

-21.6021 -0.535633 13.1402
-18.0731 -1.10063 14.5982
-16.8781 -2.14063 11.0942
-18.8131 0.575367 9.15721
-17.4841 3.39837 11.4472
-13.8201 2.21037 11.0882

-13.7691 2.21237 7.22221
-11.5271 4.97737 5.81321

-13.1881 7.08237 2.99021
-11.3131 5.17337 0.223214
-12.1461 1.79237 1.89321
-15.8781 2.79737 1.90421
-15.6441 3.70837 -1.82579
-14.0251 0.245367 -2.42679
-16.8701 -1.53463 -0.528786
-19.4451 0.474367 -2.58179
-17.6371 -0.444633 -5.87679
-17.5121 -4.15063 -4.88779
-21.2781 -4.11863 -4.04479
-22.1061 -2.26663 -7.33779

-20.0551 -4.96463 -9.24479
-22.2961 -7.56163 -7.44279
-19.5941 -8.90963 -5.04279

-17.4341 -10.2566 -7.94679
-14.0381 -8.49163 -8.00979
-10.2911 -8.59763 -7.49379
-9.37706 -6.06863 -4.75179

-5.77606 -5.41463 -5.90079

-5.21706 -2.42063 -3.54779
-1.58606 -2.00463 -2.39579

-0.13006 -3.89463 0.625214
-1.44306 -2.65363 4.01121
-4.31506 -0.440633 2.60121
-6.78806 -2.62863 4.63521

-7.92606 -5.25563 2.05821
-9.09406 -7.52863 4.96121
-11.4451 -4.89563 6.54321
-12.9581 -4.10363 3.08121
-13.3641 -7.87163 2.31721
-15.1021 -8.56763 5.68821
-17.4971 -5.61363 5.02521
-18.3291 -6.75463 1.42221
-18.9281 -10.3326 2.69021
-21.0371 -9.08963 5.68821
-23.3091 -7.07863 3.30521

-23.9821 -10.5516 1.73421

-24.4661 -12.3166 5.20821
-27.9681 -13.4666 3.99721
-26.1321 -15.5656 1.28921
-23.7081 -17.4776 3.63721
-22.0631 -20.0226 4.39721

-18.8561 -18.0576 3.71521
-15.6331 -19.7466 2.49621
-12.3171 -17.9376 3.22421
-9.21406 -19.3486 1.45021
-5.91106 -17.9666 2.83021

-2.13206 -18.6256 3.21321
-1.49806 -21.4296 5.79421
0.0619403 -18.9146 8.32021
-2.77106 -16.2496 8.42621

-5.84006 -18.4776 9.23021
-5.97706 -17.3626 12.9022
-5.23606 -13.7116 11.8572
-8.44706 -13.9136 9.73321
-10.4961 -15.5066 12.6022
-9.35006 -12.6896 14.9562
-10.1911 -10.1336 12.1962
-13.8041 -11.4986 11.9872
-14.1641 -11.4696 15.8382
-12.6781 -7.90963 15.9502
-14.9051 -6.41463 13.2052

-18.2031 -8.41863 13.4672
-18.9331 -8.65963 17.2832
-22.4701 -9.81863 16.1752
-20.8461 -13.3106 15.6332
-20.1121 -15.8946 18.3442

-16.7141 -17.7136 18.0842
-18.7201 -20.9296 17.3072
-19.8621 -19.2766 14.0182

-16.1731 -19.4256 12.8032
-14.5871 -22.7336 11.7152
-10.7631 -22.6506 11.3082

-9.78406 -25.7256 9.26221
-6.39806 -26.9126 10.5992
-6.28306 -30.4466 9.04021
-7.48706 -32.4086 5.96221
-9.85106 -34.4296 8.29721
-11.8701 -31.4176 9.54421
-15.4341 -30.5266 8.38621
-15.1571 -27.5826 5.92821
-18.8981 -26.7116 6.50021
-19.0011 -26.7756 10.3542
-19.1901 -22.9416 10.7632
-21.1621 -20.0756 9.22221

-17.6701 -18.7496 8.26521
-15.1471 -21.4426 7.19221
-11.4181 -20.5076 7.03021
-9.09106 -22.9116 5.11421
-5.61106 -22.9046 3.51821

-4.74006 -23.3496 -0.195786
-2.83906 -26.6186 0.602214
-5.91506 -28.1556 2.34021
-8.38206 -27.3786 -0.550786

-7.00806 -30.3246 -2.63279
-7.36906 -32.6826 0.410214
-10.9251 -31.3496 1.07221
-12.0961 -31.4246 -2.63379
-14.8131 -34.0246 -1.72879
-16.3251 -31.4456 0.739214
-16.0371 -28.5036 -1.78379
-19.1531 -30.0426 -3.49479
-21.2701 -28.0606 -0.947786
-22.1761 -24.7466 -2.72079
-20.4491 -21.8446 -0.930786
-22.3181 -18.8246 -2.41279

-19.7861 -16.2866 -0.980786
-16.0181 -16.9076 -1.34379
-13.0891 -14.7546 -0.170786
-9.59906 -15.7196 -1.41279

-6.74406 -13.8466 0.286214
-3.42306 -13.4746 -1.62179

-5.14806 -14.9616 -4.74179
-1.84706 -14.8166 -6.74079
-1.33406 -18.3516 -5.22879
-3.85606 -19.4756 -7.94879

-1.64006 -18.0456 -10.8268
-0.94306 -21.5186 -12.3838
-3.99506 -23.5926 -13.5088
-2.07606 -26.9576 -13.4108
-1.46806 -26.7256 -9.61179

-3.63306 -28.8786 -7.28079
-4.65006 -25.7316 -5.25979
-5.91406 -24.0186 -8.46579
-7.66806 -27.2026 -9.77879
-9.54306 -27.5146 -6.42079
-10.3951 -23.7466 -6.10479
-11.5471 -22.9626 -9.69779
-14.7821 -25.1326 -9.77579
-16.0431 -23.3956 -6.57179
-15.0861 -19.8816 -7.83679
-16.9751 -20.4356 -11.1588
-20.2301 -21.5366 -9.34879

-20.1541 -19.2536 -6.23779
-22.4541 -16.1516 -6.47679

-19.9081 -13.7256 -4.87679
-16.1011 -13.9566 -5.40179
-13.8511 -11.5326 -3.48279
-10.2271 -12.0666 -4.59579
-7.50906 -10.1306 -2.68479

-3.82106 -9.54463 -3.59179
-1.08006 -6.89763 -3.19979
0.62794 -8.30863 -6.30979
-2.08406 -9.83163 -8.60479
0.65494 -10.6306 -11.1178
4.07394 -11.5656 -9.64979
6.09694 -11.3366 -12.9288
3.95794 -11.7946 -16.1368

0.43194 -11.1976 -17.6568
-0.22706 -15.0056 -17.8738
-0.48406 -15.1276 -13.9958
-3.70106 -12.9796 -14.1518
-5.71006 -15.4556 -16.3008
-6.98606 -17.6356 -13.3868
-8.06306 -14.5016 -11.4158
-9.82006 -13.0156 -14.5308
-11.8411 -16.2476 -15.1488
-12.6271 -16.5356 -11.3868
-14.1861 -12.9926 -11.3688

-15.6891 -13.2636 -14.9448
-16.0741 -16.9796 -16.0298
-17.2541 -15.8606 -19.5528
-14.0171 -13.8996 -20.2808
-11.4191 -15.8456 -22.3648
-12.9821 -19.3946 -22.0018
-9.65806 -20.8266 -23.3438

-6.18306 -19.6286 -22.2018
-4.80106 -19.6316 -25.8048
-6.94806 -16.5766 -26.8028
-5.64706 -14.6406 -23.7318
-2.04706 -15.8086 -24.4408
-2.11006 -14.7716 -28.1568
-3.32006 -11.2436 -27.2028
-1.48506 -10.4296 -23.9148

1.40794 -12.9606 -23.5368
3.06694 -12.4776 -27.0148
2.41894 -16.1866 -27.6308

4.99594 -17.8336 -29.9618
4.74694 -21.1816 -31.8038
8.02694 -23.0246 -31.0468

9.02294 -26.5066 -32.4748
7.97294 -28.0736 -29.0878

4.61694 -26.1806 -28.6808
3.45294 -22.6976 -27.5868
5.54294 -20.2726 -25.5048

3.53194 -17.8016 -23.3108
6.46294 -16.1856 -21.3518
6.13194 -12.8586 -23.2448
3.91294 -9.77163 -22.8988
1.78494 -7.71163 -25.3378
-0.97006 -5.01663 -25.4158

-0.51006 -4.29963 -21.6408
-2.34106 -0.901633 -21.7398
-5.44106 -2.67763 -23.1968
-5.11606 -5.39163 -20.4928
-4.93506 -2.62363 -17.7998
-8.14306 -0.985633 -19.1688
-9.97606 -4.38063 -19.2778
-8.86406 -5.20363 -15.6908
-9.92306 -1.80563 -14.2038
-13.3251 -1.75563 -16.0168
-14.5021 -5.36463 -15.4818

-12.2711 -7.36663 -13.0158

-10.1381 -5.30863 -10.6318
-10.1961 -2.41463 -8.16079

-6.59306 -1.17263 -7.62779
-5.28606 1.82837 -5.63879
-1.71106 2.66337 -4.66479

-0.18506 4.14737 -1.43679
0.42594 7.35137 -3.45879
-3.32906 7.60037 -4.35879
-4.76906 7.23037 -0.798786

-1.95806 7.72537 1.82321
0.00294033 10.9604 0.992214
1.41694 10.7234 4.59221
3.42194 7.45537 4.17621

7.22094 8.14937 4.16121
8.97394 7.41537 0.837214

10.6299 4.04537 0.0942135
14.2459 4.89337 -0.883786
15.7829 2.00337 -2.88579
19.4619 1.50537 -3.83279
21.8239 -1.10363 -5.23479
24.8649 -1.79863 -2.99379
27.6839 -3.35263 -5.04879

29.4639 -5.55363 -2.45779
33.1789 -5.73463 -3.26779

34.1629 -8.96563 -5.19079
37.7779 -8.49463 -3.86279
36.7399 -10.6866 -0.840786

35.6989 -13.4756 -3.32579
38.8369 -15.6566 -3.25979

40.3429 -16.9296 -6.55779
39.0309 -20.5476 -6.01679
35.4089 -19.3496 -5.46579
35.6859 -17.0196 -8.52679
37.1149 -19.8646 -10.6788
34.1769 -22.0816 -9.49379
31.6309 -19.3466 -10.4918
33.4279 -18.9486 -13.8818
33.3409 -22.7746 -14.3128
29.5679 -23.0836 -13.5648
28.8799 -20.0316 -15.8328
30.8349 -21.7076 -18.7198
29.0609 -25.0206 -17.9288
25.5639 -23.4686 -18.5128
26.6549 -22.1376 -21.9838

28.1349 -25.4676 -23.2358
26.3049 -26.5656 -26.4408
26.4459 -30.3456 -25.9058
24.5749 -30.5066 -22.5208
21.0019 -31.7346 -22.0138

18.2059 -29.3476 -20.8598
18.5249 -31.0096 -17.3968
22.3469 -30.5506 -17.1078
21.7959 -26.8486 -18.0788
19.2069 -26.4956 -15.2038
21.5749 -28.3156 -12.7668
24.5239 -26.0236 -13.7238
22.1729 -22.9856 -13.2678
21.1579 -24.1876 -9.74379
24.8729 -24.7686 -8.93679
25.8429 -21.2476 -10.2088
23.0159 -19.7086 -8.09379
23.9709 -21.6576 -4.89579
27.7039 -20.7406 -5.46279
26.6539 -17.0506 -5.82279
25.0029 -17.2396 -2.36279
28.1629 -18.8206 -0.793786
30.4629 -16.2596 -2.52179
28.4639 -13.2856 -1.07579
28.4109 -14.4816 2.62221
31.6979 -12.7286 3.75921
30.7609 -9.29563 2.28721
27.0759 -9.65063 3.32721
28.4169 -10.1986 6.89821
30.8889 -7.25563 6.51121
27.9619 -5.00463 5.42821
25.6499 -6.15663 8.31821
28.4549 -5.38863 10.8292
29.1089 -1.93863 9.20421
25.3599 -1.14163 9.68021
25.4869 -2.15263 13.4052
28.8119 -0.287633 13.9952

27.1539 2.79137 12.3122
24.6739 2.77637 15.2862
21.5049 1.47937 13.4952
18.8109 0.526367 16.0232
16.5579 -1.82263 13.8992

16.7769 -3.41763 10.4182
15.6089 -6.49363 8.44721
17.9789 -8.85563 6.57221
16.3929 -10.9226 3.76821
18.0139 -14.0776 2.29721

16.6319 -17.3786 0.820214
19.5099 -19.9226 0.875214

19.6409 -21.6066 4.32821
23.5039 -21.4046 4.38621
23.2739 -17.5476 4.14421
20.6709 -17.3626 6.98821
22.8319 -19.7976 9.07421
26.0969 -17.8156 8.52021
24.4199 -14.4366 9.36621
22.8669 -15.8656 12.6052
26.2029 -17.4986 13.6352
28.1449 -14.1956 13.2152
25.4589 -12.1826 15.1232
25.6769 -14.7736 17.9882
29.5389 -14.5496 17.8732

29.2509 -10.6946 18.1292
26.5829 -11.1266 20.9302
24.0049 -9.16663 18.8282
20.4009 -9.85363 19.8972

18.3979 -10.8446 16.7862
15.3129 -12.8126 15.6202
15.2349 -15.5296 12.9042
12.2329 -16.6306 10.7602

12.4989 -19.3526 8.06221
10.6659 -22.4486 6.64821
11.2439 -24.3656 9.95721
9.80994 -21.6166 12.2732
6.29694 -22.6216 13.4622
3.13394 -20.5256 12.8062
2.76094 -19.4176 16.4942

6.51894 -18.7756 17.0812
6.50994 -16.5506 13.9142
3.94894 -14.2186 15.5782
5.79794 -14.2736 18.9622
9.23394 -13.4856 17.3542
7.49294 -10.7166 15.3312
6.15894 -9.22863 18.6312
9.63594 -9.61163 20.2842
11.2839 -7.59563 17.4162
8.43594 -4.99563 17.4662
8.36194 -4.43163 21.2772

11.9949 -5.09463 22.4112
14.5789 -2.31263 21.7252
17.3819 -4.94063 22.1752
16.5709 -6.94463 18.9972
18.5399 -4.96363 16.3762

18.3979 -7.48763 13.4632
15.6379 -9.65863 11.9842
17.0999 -12.5206 9.85421
14.2439 -13.4306 7.48121
13.6699 -15.9586 4.69321

12.3579 -14.0626 1.59221
9.92894 -16.9726 0.883214
8.86594 -17.8216 4.48021
8.37894 -14.2276 5.84721
6.65694 -12.6986 2.71421
3.19594 -13.1726 4.40221
1.19794 -12.2166 7.55321
3.96494 -10.4506 9.54821
4.41394 -6.67863 10.2332
7.86694 -5.13563 10.9422
7.02994 -1.40063 11.3882
9.73994 -1.06863 14.1412
12.5239 -1.13363 11.4682
13.4079 1.67137 8.97121

15.8549 -0.405633 6.82921
15.5459 -3.56963 4.68721
18.7129 -5.33663 3.40221
18.3359 -7.96963 0.658214

21.4959 -10.0926 1.10221
20.2869 -12.1126 -1.92879
18.2759 -11.3096 -5.07679
15.0829 -13.2746 -5.87279
13.9969 -13.8286 -9.53979
10.3509 -12.8566 -8.79479

9.81094 -9.07963 -8.14679
6.33794 -9.62763 -6.58379
8.03894 -11.4946 -3.66379
10.6579 -8.69863 -3.24879
7.82094 -6.07063 -3.09479
5.94094 -8.31063 -0.559786
9.11894 -8.31763 1.62021
9.59294 -4.46663 1.38821

5.89494 -3.99163 2.40621
6.56894 -5.83863 5.69021
8.18994 -2.55863 6.95521
6.25794 -0.0366331 4.81021
2.87394 -0.529633 6.63421
0.33394 1.64437 8.51721
2.25794 2.58637 11.7142
5.56594 3.35837 9.89221
6.79494 6.95837 10.6062
10.3169 6.88937 8.99321
11.4199 6.85237 5.30721

12.0419 3.17137 4.48421
15.5319 2.35037 3.15221
15.7939 -0.700633 0.817214
19.3549 -1.95263 0.0762135
19.8589 -4.63663 -2.63579
23.2789 -6.33163 -2.12779
24.8119 -7.34763 -5.53079

28.2009 -8.84763 -6.55279
29.9019 -8.32863 -9.98179
31.0079 -11.6936 -11.5058
27.9849 -13.6686 -10.0878
24.3129 -14.6686 -10.7138

23.3009 -11.0846 -9.63479
24.6199 -9.74063 -13.0188
21.8399 -11.7486 -14.8288
19.1409 -11.6716 -12.0948
19.1049 -7.85763 -11.6748
18.2939 -7.01563 -15.3888
15.7089 -9.90263 -15.3388
13.9999 -8.46563 -12.1948
14.0129 -4.95263 -13.8118
12.3199 -6.03563 -17.0938
9.71894 -7.96063 -14.9788
8.87694 -4.82563 -12.8598
8.51694 -2.83363 -16.1318
6.04394 -5.47863 -17.4968
4.12194 -5.21263 -14.1648
4.13694 -1.34863 -14.3288
2.90994 -1.26463 -17.9988

0.0369403 -3.58663 -16.8818
-0.76306 -1.04463 -14.0368
0.31294 -3.64563 -11.3928
3.33294 -1.73863 -9.91679
4.50794 1.87637 -9.34479
7.96594 0.437367 -8.60979
10.4399 1.57337 -11.2548
13.8799 -0.0986331 -10.7818
15.7649 1.70737 -13.6708

16.7709 4.79637 -11.5888
18.8189 2.60737 -9.14579
21.1659 1.29037 -11.9248
22.0169 4.68737 -13.4838

23.2819 5.64637 -9.95379
25.7669 2.67337 -9.53079

End chain 1
