-13.201 -6.296 -53.957
-10.703 -3.406 -53.291
-9.54 -3.087 -49.639
-11.02 0.322 -48.639
-8.614 1.85 -46.053
-10.787 3.126 -43.162

-9.634 6.195 -41.181
-10.061 4.9 -37.589
-10.286 6.838 -34.306
-12.195 7.103 -30.979
-14.163 9.439 -28.711
-12.619 10.223 -25.263
-14.157 12.207 -22.344

-11.943 15.248 -21.466
-14.301 16.978 -18.949
-17.827 16.65 -17.399
-19.139 18.761 -20.353

-16.752 17.96 -23.312
-15.482 14.956 -25.281
-12.62 14.751 -27.824
-12.437 12.939 -31.204
-8.982 11.264 -31.393
-8.672 10.357 -35.1

-9.91987 7.60512 -37.2498
-11.3004 4.8243 -39.546
-12.657 1.94358 -41.7492

-14.6826 1.28543 -44.8967
-17.9313 2.06554 -43.0856
-16.5196 5.33518 -41.7591
-15.3823 6.36659 -45.2356
-18.8173 5.62769 -46.684
-20.5086 7.69588 -43.9812
-18.1879 10.6324 -44.6404
-18.9001 10.4827 -48.3705

-22.7531 9.93874 -48.4425
-22.9171 9.17474 -44.6535
-24.1721 12.0747 -42.5175
-22.0721 11.3967 -39.3525
-18.8471 10.7627 -41.3845

-15.4491 11.5777 -39.8045
-12.0671 10.9577 -41.4765
-8.86113 10.9537 -39.4035

-5.93913 12.0607 -41.6225
-3.38413 10.4557 -39.1865
-4.80913 6.87774 -39.1045
-6.39013 7.27874 -42.6305

-9.63413 5.76374 -41.2035
-13.3691 6.52774 -41.4085
-15.7391 6.68574 -38.4045
-19.5221 7.14274 -38.0635
-22.1871 7.54374 -35.3235

-23.3131 4.17974 -33.8895
-26.9791 4.88474 -34.9105
-25.7871 4.86374 -38.5915
-24.2341 1.32074 -38.2525
-27.2841 -0.504256 -39.7355
-27.6261 2.18574 -42.5065
-23.9081 1.82374 -43.4345
-23.8711 -2.02926 -43.4505
-27.1011 -2.08426 -45.5415
-25.5631 0.317744 -48.1635
-22.1491 -1.51026 -48.2165

-23.8491 -4.91026 -48.9405
-25.0181 -3.31226 -52.2475
-21.3841 -2.66226 -53.4045
-19.7331 -5.29526 -55.6745
-16.3071 -6.65826 -54.5345

-16.5161 -5.06926 -50.9755
-16.8211 -7.03926 -47.6925
-17.1981 -4.89426 -44.5275
-17.7191 -7.19926 -41.5145

-20.2741 -5.60926 -39.0705
-19.9181 -4.95526 -35.3255
-20.4061 -8.38926 -33.6085
-23.8501 -9.30926 -32.1855
-22.2911 -9.02926 -28.6685
-21.5901 -5.27826 -29.2255
-25.0201 -4.66226 -30.8445
-26.6791 -6.32726 -27.7915
-24.4761 -4.33526 -25.3225

-25.0841 -0.939256 -27.0675
-28.7241 -1.70526 -28.1275
-29.9071 1.62374 -26.5365

-27.2701 3.73574 -28.3765
-28.0561 1.94174 -31.7095
-31.6871 3.28874 -31.3225

-31.0701 6.94374 -30.2105
-30.5781 9.79774 -32.7505
-29.5501 11.9447 -29.7095
-26.4301 12.3477 -27.5215
-28.0861 11.7717 -24.1355
-25.2511 10.7287 -21.7935
-25.7871 7.49674 -19.7475

-29.2751 7.53374 -18.1075
-28.8541 8.34974 -14.4015
-28.6341 5.17374 -12.3195
-31.8701 5.14074 -10.2335
-31.3321 5.08774 -6.45748
-32.3611 1.69274 -5.07048

-34.7831 1.39174 -2.14548
-32.4451 -0.00725582 0.56152
-35.1331 0.160744 3.37352
-35.2151 -3.69926 3.50952
-31.3761 -3.70926 4.04052
-29.8761 -3.55226 7.55552

-29.5761 0.215744 8.49952
-26.0471 -0.349256 9.95752
-24.8521 -1.38926 6.45352
-26.7871 1.32674 4.51652
-25.4581 4.14974 6.80652
-21.7941 2.96174 6.44752

-21.7431 2.96374 2.58152
-19.5011 5.72874 1.17252

-21.1621 7.83374 -1.65048
-19.2871 5.92474 -4.41748
-20.1201 2.54374 -2.74748
-23.8521 3.54874 -2.73648
-23.6181 4.45974 -6.46648
-21.9991 0.996744 -7.06748
-24.8441 -0.783256 -5.16948
-27.4191 1.22574 -7.22248
-25.6111 0.306744 -10.5175
-25.4861 -3.39926 -9.52848
-29.2521 -3.36726 -8.68548
-30.0801 -1.51526 -11.9785

-28.0291 -4.21326 -13.8855
-30.2701 -6.81026 -12.0835
-27.5681 -8.15826 -9.68348

-25.4081 -9.50526 -12.5875
-22.0121 -7.74026 -12.6505
-18.2651 -7.84626 -12.1345
-17.3511 -5.31726 -9.39248

-13.7501 -4.66326 -10.5415

-13.1911 -1.66926 -8.18848
-9.56013 -1.25326 -7.03648

-8.10413 -3.14326 -4.01548
-9.41713 -1.90226 -0.62948
-12.2891 0.310744 -2.03948
-14.7621 -1.87726 -0.00548

-15.9001 -4.50426 -2.58248
-17.0681 -6.77726 0.32052
-19.4191 -4.14426 1.90252
-20.9321 -3.35226 -1.55948
-21.3381 -7.12026 -2.32348
-23.0761 -7.81626 1.04752
-25.4711 -4.86226 0.38452
-26.3031 -6.00326 -3.21848
-26.9021 -9.58126 -1.95048
-29.0111 -8.33826 1.04752
-31.2831 -6.32726 -1.33548

-31.9561 -9.80026 -2.90648

-32.4401 -11.5653 0.56752
-35.9421 -12.7153 -0.64348
-34.1061 -14.8143 -3.35148
-31.6821 -16.7263 -1.00348
-30.0371 -19.2713 -0.24348

-26.8301 -17.3063 -0.92548
-23.6071 -18.9953 -2.14448
-20.2911 -17.1863 -1.41648
-17.1881 -18.5973 -3.19048
-13.8851 -17.2153 -1.81048

-10.1061 -17.8743 -1.42748
-9.47213 -20.6783 1.15352
-7.91213 -18.1633 3.67952
-10.7451 -15.4983 3.78552

-13.8141 -17.7263 4.58952
-13.9511 -16.6113 8.26152
-13.2101 -12.9603 7.21652
-16.4211 -13.1623 5.09252
-18.4701 -14.7553 7.96152
-17.3241 -11.9383 10.3155
-18.1651 -9.38226 7.55552
-21.7781 -10.7473 7.34652
-22.1381 -10.7183 11.1975
-20.6521 -7.15826 11.3095
-22.8791 -5.66326 8.56452

-26.1771 -7.66726 8.82652
-26.9071 -7.90826 12.6425
-30.4441 -9.06726 11.5345
-28.8201 -12.5593 10.9925
-28.0861 -15.1433 13.7035

-24.6881 -16.9623 13.4435
-26.6941 -20.1783 12.6665
-27.8361 -18.5253 9.37752

-24.1471 -18.6743 8.16252
-22.5611 -21.9823 7.07452
-18.7371 -21.8993 6.66752

-17.7581 -24.9743 4.62152
-14.3721 -26.1613 5.95852
-14.2571 -29.6953 4.39952
-15.4611 -31.6573 1.32152
-17.8251 -33.6783 3.65652
-19.8441 -30.6663 4.90352
-23.4081 -29.7753 3.74552
-23.1311 -26.8313 1.28752
-26.8721 -25.9603 1.85952
-26.9751 -26.0243 5.71352
-27.1641 -22.1903 6.12252
-29.1361 -19.3243 4.58152

-25.6441 -17.9983 3.62452
-23.1211 -20.6913 2.55152
-19.3921 -19.7563 2.38952
-17.0651 -22.1603 0.47352
-13.5851 -22.1533 -1.12248

-12.7141 -22.5983 -4.83648
-10.8131 -25.8673 -4.03848
-13.8891 -27.4043 -2.30048
-16.3561 -26.6273 -5.19148

-14.9821 -29.5733 -7.27348
-15.3431 -31.9313 -4.23048
-18.8991 -30.5983 -3.56848
-20.0701 -30.6733 -7.27448
-22.7871 -33.2733 -6.36948
-24.2991 -30.6943 -3.90148
-24.0111 -27.7523 -6.42448
-27.1271 -29.2913 -8.13548
-29.2441 -27.3093 -5.58848
-30.1501 -23.9953 -7.36148
-28.4231 -21.0933 -5.57148
-30.2921 -18.0733 -7.05348

-27.7601 -15.5353 -5.62148
-23.9921 -16.1563 -5.98448
-21.0631 -14.0033 -4.81148
-17.5731 -14.9683 -6.05348

-14.7181 -13.0953 -4.35448
-11.3971 -12.7233 -6.26248

-13.1221 -14.2103 -9.38248
-9.82113 -14.0653 -11.3815
-9.30813 -17.6003 -9.86948
-11.8301 -18.7243 -12.5895

-9.61413 -17.2943 -15.4675
-8.91713 -20.7673 -17.0245
-11.9691 -22.8413 -18.1495
-10.0501 -26.2063 -18.0515
-9.44213 -25.9743 -14.2525

-11.6071 -28.1273 -11.9215
-12.6241 -24.9803 -9.90048
-13.8881 -23.2673 -13.1065
-15.6421 -26.4513 -14.4195
-17.5171 -26.7633 -11.0615
-18.3691 -22.9953 -10.7455
-19.5211 -22.2113 -14.3385
-22.7561 -24.3813 -14.4165
-24.0171 -22.6443 -11.2125
-23.0601 -19.1303 -12.4775
-24.9491 -19.6843 -15.7995
-28.2041 -20.7853 -13.9895

-28.1281 -18.5023 -10.8785
-30.4281 -15.4003 -11.1175

-27.8821 -12.9743 -9.51748
-24.0751 -13.2053 -10.0425
-21.8251 -10.7813 -8.12348
-18.2011 -11.3153 -9.23648
-15.4831 -9.37926 -7.32548

-11.7951 -8.79326 -8.23248
-9.05413 -6.14626 -7.84048
-7.34613 -7.55726 -10.9505
-10.0581 -9.08026 -13.2455
-7.31913 -9.87926 -15.7585
-3.90013 -10.8143 -14.2905
-1.87713 -10.5853 -17.5695
-4.01613 -11.0433 -20.7775

-7.54213 -10.4463 -22.2975
-8.20113 -14.2543 -22.5145
-8.45813 -14.3763 -18.6365
-11.6751 -12.2283 -18.7925
-13.6841 -14.7043 -20.9415
-14.9601 -16.8843 -18.0275
-16.0371 -13.7503 -16.0565
-17.7941 -12.2643 -19.1715
-19.8151 -15.4963 -19.7895
-20.6011 -15.7843 -16.0275
-22.1601 -12.2413 -16.0095

-23.6631 -12.5123 -19.5855
-24.0481 -16.2283 -20.6705
-25.2281 -15.1093 -24.1935
-21.9911 -13.1483 -24.9215
-19.3931 -15.0943 -27.0055
-20.9561 -18.6433 -26.6425
-17.6321 -20.0753 -27.9845

-14.1571 -18.8773 -26.8425
-12.7751 -18.8803 -30.4455
-14.9221 -15.8253 -31.4435
-13.6211 -13.8893 -28.3725
-10.0211 -15.0573 -29.0815
-10.0841 -14.0203 -32.7975
-11.2941 -10.4923 -31.8435
-9.45913 -9.67826 -28.5555

-6.56613 -12.2093 -28.1775
-4.90713 -11.7263 -31.6555
-5.55513 -15.4353 -32.2715

-2.97813 -17.0823 -34.6025
-3.22713 -20.4303 -36.4445
0.0528673 -22.2733 -35.6875

1.04887 -25.7553 -37.1155
-0.00113274 -27.3223 -33.7285

-3.35713 -25.4293 -33.3215
-4.52113 -21.9463 -32.2275
-2.43113 -19.5213 -30.1455

-4.44213 -17.0503 -27.9515
-1.51113 -15.4343 -25.9925
-1.84213 -12.1073 -27.8855
-4.06113 -9.02026 -27.5395
-6.18913 -6.96026 -29.9785
-8.94413 -4.26526 -30.0565

-8.48413 -3.54826 -26.2815
-10.3151 -0.150256 -26.3805
-13.4151 -1.92626 -27.8375
-13.0901 -4.64026 -25.1335
-12.9091 -1.87226 -22.4405
-16.1171 -0.234256 -23.8095
-17.9501 -3.62926 -23.9185
-16.8381 -4.45226 -20.3315
-17.8971 -1.05426 -18.8445
-21.2991 -1.00426 -20.6575
-22.4761 -4.61326 -20.1225

-20.2451 -6.61526 -17.6565

-18.1121 -4.55726 -15.2725
-18.1701 -1.66326 -12.8015

-14.5671 -0.421256 -12.2685
-13.2601 2.57974 -10.2795
-9.68513 3.41474 -9.30548

-8.15913 4.89874 -6.07748
-7.54813 8.10274 -8.09948
-11.3031 8.35174 -8.99948
-12.7431 7.98174 -5.43948

-9.93213 8.47674 -2.81748
-7.97113 11.7117 -3.64848
-6.55713 11.4747 -0.04848
-4.55213 8.20674 -0.46448

-0.753133 8.90074 -0.47948
0.999867 8.16674 -3.80348

2.65587 4.79674 -4.54648
6.27187 5.64474 -5.52448
7.80887 2.75474 -7.52648
11.4879 2.25674 -8.47348
13.8499 -0.352256 -9.87548
16.8909 -1.04726 -7.63448
19.7099 -2.60126 -9.68948

21.4899 -4.80226 -7.09848
25.2049 -4.98326 -7.90848

26.1889 -8.21426 -9.83148
29.8039 -7.74326 -8.50348
28.7659 -9.93526 -5.48148

27.7249 -12.7243 -7.96648
30.8629 -14.9053 -7.90048

32.3689 -16.1783 -11.1985
31.0569 -19.7963 -10.6575
27.4349 -18.5983 -10.1065
27.7119 -16.2683 -13.1675
29.1409 -19.1133 -15.3195
26.2029 -21.3303 -14.1345
23.6569 -18.5953 -15.1325
25.4539 -18.1973 -18.5225
25.3669 -22.0233 -18.9535
21.5939 -22.3323 -18.2055
20.9059 -19.2803 -20.4735
22.8609 -20.9563 -23.3605
21.0869 -24.2693 -22.5695
17.5899 -22.7173 -23.1535
18.6809 -21.3863 -26.6245

20.1609 -24.7163 -27.8765
18.3309 -25.8143 -31.0815
18.4719 -29.5943 -30.5465
16.6009 -29.7553 -27.1615
13.0279 -30.9833 -26.6545

10.2319 -28.5963 -25.5005
10.5509 -30.2583 -22.0375
14.3729 -29.7993 -21.7485
13.8219 -26.0973 -22.7195
11.2329 -25.7443 -19.8445
13.6009 -27.5643 -17.4075
16.5499 -25.2723 -18.3645
14.1989 -22.2343 -17.9085
13.1839 -23.4363 -14.3845
16.8989 -24.0173 -13.5775
17.8689 -20.4963 -14.8495
15.0419 -18.9573 -12.7345
15.9969 -20.9063 -9.53648
19.7299 -19.9893 -10.1035
18.6799 -16.2993 -10.4635
17.0289 -16.4883 -7.00348
20.1889 -18.0693 -5.43448
22.4889 -15.5083 -7.16248
20.4899 -12.5343 -5.71648
20.4369 -13.7303 -2.01848
23.7239 -11.9773 -0.88148
22.7869 -8.54426 -2.35348
19.1019 -8.89926 -1.31348
20.4429 -9.44726 2.25752
22.9149 -6.50426 1.87052
19.9879 -4.25326 0.78752
17.6759 -5.40526 3.67752
20.4809 -4.63726 6.18852
21.1349 -1.18726 4.56352
17.3859 -0.390256 5.03952
17.5129 -1.40126 8.76452
20.8379 0.463744 9.35452

19.1799 3.54274 7.67152
16.6999 3.52774 10.6455
13.5309 2.23074 8.85452
10.8369 1.27774 11.3825
8.58387 -1.07126 9.25852

8.80287 -2.66626 5.77752
7.63487 -5.74226 3.80652
10.0049 -8.10426 1.93152
8.41887 -10.1713 -0.87248
10.0399 -13.3263 -2.34348

8.65787 -16.6273 -3.82048
11.5359 -19.1713 -3.76548

11.6669 -20.8553 -0.31248
15.5299 -20.6533 -0.25448
15.2999 -16.7963 -0.49648
12.6969 -16.6113 2.34752
14.8579 -19.0463 4.43352
18.1229 -17.0643 3.87952
16.4459 -13.6853 4.72552
14.8929 -15.1143 7.96452
18.2289 -16.7473 8.99452
20.1709 -13.4443 8.57452
17.4849 -11.4313 10.4825
17.7029 -14.0223 13.3475
21.5649 -13.7983 13.2325

21.2769 -9.94326 13.4885
18.6089 -10.3753 16.2895
16.0309 -8.41526 14.1875
12.4269 -9.10226 15.2565

10.4239 -10.0933 12.1455
7.33887 -12.0613 10.9795
7.26087 -14.7783 8.26352
4.25887 -15.8793 6.11952

4.52487 -18.6013 3.42152
2.69187 -21.6973 2.00752
3.26987 -23.6143 5.31652
1.83587 -20.8653 7.63252
-1.67713 -21.8703 8.82152
-4.84013 -19.7743 8.16552
-5.21313 -18.6663 11.8535

-1.45513 -18.0243 12.4405
-1.46413 -15.7993 9.27352
-4.02513 -13.4673 10.9375
-2.17613 -13.5223 14.3215
1.25987 -12.7343 12.7135
-0.481133 -9.96526 10.6905
-1.81513 -8.47726 13.9905
1.66187 -8.86026 15.6435
3.30987 -6.84426 12.7755
0.461867 -4.24426 12.8255
0.387867 -3.68026 16.6365

4.02087 -4.34326 17.7705
6.60487 -1.56126 17.0845
9.40787 -4.18926 17.5345
8.59687 -6.19326 14.3565
10.5659 -4.21226 11.7355

10.4239 -6.73626 8.82252
7.66387 -8.90726 7.34352
9.12587 -11.7693 5.21352
6.26987 -12.6793 2.84052
5.69587 -15.2073 0.05252

4.38387 -13.3113 -3.04848
1.95487 -16.2213 -3.75748
0.891867 -17.0703 -0.16048
0.404867 -13.4763 1.20652
-1.31713 -11.9473 -1.92648
-4.77813 -12.4213 -0.23848
-6.77613 -11.4653 2.91252
-4.00913 -9.69926 4.90752
-3.56013 -5.92726 5.59252
-0.107133 -4.38426 6.30152
-0.944133 -0.649256 6.74752
1.76587 -0.317256 9.50052
4.54987 -0.382256 6.82752
5.43387 2.42274 4.33052

7.88087 0.345744 2.18852
7.57187 -2.81826 0.04652
10.7389 -4.58526 -1.23848
10.3619 -7.21826 -3.98248

13.5219 -9.34126 -3.53848
12.3129 -11.3613 -6.56948
10.3019 -10.5583 -9.71748
7.10887 -12.5233 -10.5135
6.02287 -13.0773 -14.1805
2.37687 -12.1053 -13.4355

1.83687 -8.32826 -12.7875
-1.63613 -8.87626 -11.2245
0.0648673 -10.7433 -8.30448
2.68387 -7.94726 -7.88948
-0.153133 -5.31926 -7.73548
-2.03313 -7.55926 -5.20048
1.14487 -7.56626 -3.02048
1.61887 -3.71526 -3.25248

-2.07913 -3.24026 -2.23448
-1.40513 -5.08726 1.04952
0.215867 -1.80726 2.31452
-1.71613 0.714744 0.16952
-5.10013 0.221744 1.99352
-7.64013 2.39574 3.87652
-5.71613 3.33774 7.07352
-2.40813 4.10974 5.25152
-1.17913 7.70974 5.96552
2.34287 7.64074 4.35252
3.44587 7.60374 0.66652

4.06787 3.92274 -0.15648
7.55787 3.10174 -1.48848
7.81987 0.0507442 -3.82348
11.3809 -1.20126 -4.56448
11.8849 -3.88526 -7.27648
15.3049 -5.58026 -6.76848
16.8379 -6.59626 -10.1715

20.2269 -8.09626 -11.1935
21.9279 -7.57726 -14.6225
23.0339 -10.9423 -16.1465
20.0109 -12.9173 -14.7285
16.3389 -13.9173 -15.3545

15.3269 -10.3333 -14.2755
16.6459 -8.98926 -17.6595
13.8659 -10.9973 -19.4695
11.1669 -10.9203 -16.7355
11.1309 -7.10626 -16.3155
10.3199 -6.26426 -20.0295
7.73487 -9.15126 -19.9795
6.02587 -7.71426 -16.8355
6.03887 -4.20126 -18.4525
4.34587 -5.28426 -21.7345
1.74487 -7.20926 -19.6195
0.902867 -4.07426 -17.5005
0.542867 -2.08226 -20.7725
-1.93013 -4.72726 -22.1375
-3.85213 -4.46126 -18.8055
-3.83713 -0.597256 -18.9695
-5.06413 -0.513256 -22.6395

-7.93713 -2.83526 -21.5225
-8.73713 -0.293256 -18.6775
-7.66113 -2.89426 -16.0335
-4.64113 -0.987256 -14.5575
-3.46613 2.62774 -13.9855
-0.00813274 1.18874 -13.2505
2.46587 2.32474 -15.8955
5.90587 0.652744 -15.4225
7.79087 2.45874 -18.3115

8.79687 5.54774 -16.2295
10.8449 3.35874 -13.7865
13.1919 2.04174 -16.5655
14.0429 5.43874 -18.1245

15.3079 6.39774 -14.5945
17.7929 3.42474 -14.1715

End chain 1
