-13.201 -6.296 -53.957
-10.703 -3.406 -53.291
-9.54 -3.087 -49.639
-11.02 0.322 -48.639
-8.614 1.85 -46.053
-10.787 3.126 -43.162

-9.634 6.195 -41.181
-10.061 4.9 -37.589
-10.286 6.838 -34.306
-12.195 7.103 -30.979
-14.163 9.439 -28.711
-12.619 10.223 -25.263
-14.157 12.207 -22.344

-11.943 15.248 -21.466
-14.301 16.978 -18.949
-17.827 16.65 -17.399
-19.139 18.761 -20.353

-16.752 17.96 -23.312
-15.482 14.956 -25.281
-12.62 14.751 -27.824
-12.437 12.939 -31.204
-8.982 11.264 -31.393
-8.672 10.357 -35.1

-6.282 10.744 -38.079
-6.98 13.557 -40.6
-9.895 13.022 -43.051

-11.208 15.853 -45.293
-14.92 14.856 -45.011
-14.611 14.37 -41.226
-13.015 17.857 -40.827
-15.875 19.254 -42.999
-18.403 17.482 -40.669
-16.559 18.759 -37.515
-16.844 22.341 -38.957

-20.697 21.797 -39.029
-20.861 21.033 -35.24
-22.116 23.933 -33.104
-20.016 23.255 -29.939
-16.791 22.621 -31.971

-13.393 23.436 -30.391
-10.011 22.816 -32.063
-6.805 22.812 -29.99

-3.883 23.919 -32.209
-1.328 22.314 -29.773
-2.753 18.736 -29.691
-4.334 19.137 -33.217

-7.578 17.622 -31.79
-11.313 18.386 -31.995
-13.683 18.544 -28.991
-17.466 19.001 -28.65
-20.131 19.402 -25.91

-21.257 16.038 -24.476
-24.923 16.743 -25.497
-23.731 16.722 -29.178
-22.178 13.179 -28.839
-25.228 11.354 -30.322
-25.57 14.044 -33.093
-21.852 13.682 -34.021
-21.815 9.829 -34.037
-25.045 9.774 -36.128
-23.507 12.176 -38.75
-20.093 10.348 -38.803

-21.793 6.948 -39.527
-22.962 8.546 -42.834
-19.328 9.196 -43.991
-17.677 6.563 -46.261
-14.251 5.2 -45.121

-14.46 6.789 -41.562
-14.765 4.819 -38.279
-15.142 6.964 -35.114
-15.663 4.659 -32.101

-18.218 6.249 -29.657
-17.862 6.903 -25.912
-18.35 3.469 -24.195
-21.794 2.549 -22.772
-20.235 2.829 -19.255
-19.534 6.58 -19.812
-22.964 7.196 -21.431
-24.623 5.531 -18.378
-22.42 7.523 -15.909

-23.028 10.919 -17.654
-26.668 10.153 -18.714
-27.851 13.482 -17.123

-25.214 15.594 -18.963
-26 13.8 -22.296
-29.631 15.147 -21.909

-29.014 18.802 -20.797
-28.522 21.656 -23.337
-27.494 23.803 -20.296
-24.374 24.206 -18.108
-26.03 23.63 -14.722
-23.195 22.587 -12.38
-23.731 19.355 -10.334

-27.219 19.392 -8.694
-26.798 20.208 -4.988
-26.578 17.032 -2.906
-29.814 16.999 -0.82
-29.276 16.946 2.956
-30.305 13.551 4.343

-32.727 13.25 7.268
-30.389 11.851 9.975
-33.077 12.019 12.787
-33.159 8.159 12.923
-29.32 8.149 13.454
-27.82 8.306 16.969

-27.52 12.074 17.913
-23.991 11.509 19.371
-22.796 10.469 15.867
-24.731 13.185 13.93
-23.402 16.008 16.22
-19.738 14.82 15.861

-19.687 14.822 11.995
-17.445 17.587 10.586

-19.106 19.692 7.763
-17.231 17.783 4.996
-18.064 14.402 6.666
-21.796 15.407 6.677
-21.562 16.318 2.947
-19.943 12.855 2.346
-22.788 11.075 4.244
-25.363 13.084 2.191
-23.555 12.165 -1.104
-23.43 8.459 -0.115
-27.196 8.491 0.728
-28.024 10.343 -2.565

-25.973 7.645 -4.472
-28.214 5.048 -2.67
-25.512 3.7 -0.27

-23.352 2.353 -3.174
-19.956 4.118 -3.237
-16.209 4.012 -2.721
-15.295 6.541 0.021

-11.694 7.195 -1.128

-11.135 10.189 1.225
-7.504 10.605 2.377

-6.048 8.715 5.398
-7.361 9.956 8.784
-10.233 12.169 7.374
-12.706 9.981 9.408

-13.844 7.354 6.831
-15.012 5.081 9.734
-17.363 7.714 11.316
-18.876 8.506 7.854
-19.282 4.738 7.09
-21.02 4.042 10.461
-23.415 6.996 9.798
-24.247 5.855 6.195
-24.846 2.277 7.463
-26.955 3.52 10.461
-29.227 5.531 8.078

-29.9 2.058 6.507

-30.384 0.293 9.981
-33.886 -0.857 8.77
-32.05 -2.956 6.062
-29.626 -4.868 8.41
-27.981 -7.413 9.17

-24.774 -5.448 8.488
-21.551 -7.137 7.269
-18.235 -5.328 7.997
-15.132 -6.739 6.223
-11.829 -5.357 7.603

-8.05 -6.016 7.986
-7.416 -8.82 10.567
-5.856 -6.305 13.093
-8.689 -3.64 13.199

-11.758 -5.868 14.003
-11.895 -4.753 17.675
-11.154 -1.102 16.63
-14.365 -1.304 14.506
-16.414 -2.897 17.375
-15.268 -0.08 19.729
-16.109 2.476 16.969
-19.722 1.111 16.76
-20.082 1.14 20.611
-18.596 4.7 20.723
-20.823 6.195 17.978

-24.121 4.191 18.24
-24.851 3.95 22.056
-28.388 2.791 20.948
-26.764 -0.701 20.406
-26.03 -3.285 23.117

-22.632 -5.104 22.857
-24.638 -8.32 22.08
-25.78 -6.667 18.791

-22.091 -6.816 17.576
-20.505 -10.124 16.488
-16.681 -10.041 16.081

-15.702 -13.116 14.035
-12.316 -14.303 15.372
-12.201 -17.837 13.813
-13.405 -19.799 10.735
-15.769 -21.82 13.07
-17.788 -18.808 14.317
-21.352 -17.917 13.159
-21.075 -14.973 10.701
-24.816 -14.102 11.273
-24.919 -14.166 15.127
-25.108 -10.332 15.536
-27.08 -7.466 13.995

-23.588 -6.14 13.038
-21.065 -8.833 11.965
-17.336 -7.898 11.803
-15.009 -10.302 9.887
-11.529 -10.295 8.291

-10.658 -10.74 4.577
-8.757 -14.009 5.375
-11.833 -15.546 7.113
-14.3 -14.769 4.222

-12.926 -17.715 2.14
-13.287 -20.073 5.183
-16.843 -18.74 5.845
-18.014 -18.815 2.139
-20.731 -21.415 3.044
-22.243 -18.836 5.512
-21.955 -15.894 2.989
-25.071 -17.433 1.278
-27.188 -15.451 3.825
-28.094 -12.137 2.052
-26.367 -9.235 3.842
-28.236 -6.215 2.36

-25.704 -3.677 3.792
-21.936 -4.298 3.429
-19.007 -2.145 4.602
-15.517 -3.11 3.36

-13.1996 -5.50544 5.01506
-14.7127 -8.99267 5.35158

-15.8868 -12.5963 5.63217
-18.268 -11.7023 8.45592
-19.7336 -8.83249 6.4413
-20.2863 -11.0951 3.43827

-18.0703 -9.66506 0.560269
-17.3733 -13.1381 -0.996731
-20.4253 -15.2121 -2.12173
-18.5063 -18.5771 -2.02373
-17.8983 -18.3451 1.77527

-20.0633 -20.4981 4.10627
-21.0803 -17.3511 6.12727
-22.3443 -15.6381 2.92127
-24.0983 -18.8221 1.60827
-25.9733 -19.1341 4.96627
-26.8253 -15.3661 5.28227
-27.9773 -14.5821 1.68927
-31.2123 -16.7521 1.61127
-32.4733 -15.0151 4.81527
-31.5163 -11.5011 3.55027
-33.4053 -12.0551 0.228269
-36.6603 -13.1561 2.03827

-36.5843 -10.8731 5.14927
-38.8843 -7.77106 4.91027

-36.3383 -5.34506 6.51027
-32.5313 -5.57606 5.98527
-30.2813 -3.15206 7.90427
-26.6573 -3.68606 6.79127
-23.9393 -1.75006 8.70227

-20.2513 -1.16406 7.79527
-17.5103 1.48294 8.18727
-15.8023 0.0719396 5.07727
-18.5143 -1.45106 2.78227
-15.7753 -2.25006 0.269269
-12.3563 -3.18506 1.73727
-10.3333 -2.95606 -1.54173
-12.4723 -3.41406 -4.74973

-15.9983 -2.81706 -6.26973
-16.6573 -6.62506 -6.48673
-16.9143 -6.74706 -2.60873
-20.1313 -4.59906 -2.76473
-22.1403 -7.07506 -4.91373
-23.4163 -9.25506 -1.99973
-24.4933 -6.12106 -0.0287313
-26.2503 -4.63506 -3.14373
-28.2713 -7.86706 -3.76173
-29.0573 -8.15506 0.000268653
-30.6163 -4.61206 0.0182687

-32.1193 -4.88306 -3.55773
-32.5043 -8.59906 -4.64273
-33.6843 -7.48006 -8.16573
-30.4473 -5.51906 -8.89373
-27.8493 -7.46506 -10.9777
-29.4123 -11.0141 -10.6147
-26.0883 -12.4461 -11.9567

-22.6133 -11.2481 -10.8147
-21.2313 -11.2511 -14.4177
-23.3783 -8.19606 -15.4157
-22.0773 -6.26006 -12.3447
-18.4773 -7.42806 -13.0537
-18.5403 -6.39106 -16.7697
-19.7503 -2.86306 -15.8157
-17.9153 -2.04906 -12.5277

-15.0223 -4.58006 -12.1497
-13.3633 -4.09706 -15.6277
-14.0113 -7.80606 -16.2437

-11.4343 -9.45306 -18.5747
-11.6833 -12.8011 -20.4167
-8.40329 -14.6441 -19.6597

-7.40729 -18.1261 -21.0877
-8.45729 -19.6931 -17.7007

-11.8133 -17.8001 -17.2937
-12.9773 -14.3171 -16.1997
-10.8873 -11.8921 -14.1177

-12.8983 -9.42106 -11.9237
-9.96729 -7.80506 -9.96473
-10.2983 -4.47806 -11.8577
-12.5173 -1.39106 -11.5117
-14.6453 0.66894 -13.9507
-17.4003 3.36394 -14.0287

-16.9403 4.08094 -10.2537
-18.7713 7.47894 -10.3527
-21.8713 5.70294 -11.8097
-21.5463 2.98894 -9.10573
-21.3653 5.75694 -6.41273
-24.5733 7.39494 -7.78173
-26.4063 3.99994 -7.89073
-25.2943 3.17694 -4.30373
-26.3533 6.57494 -2.81673
-29.7553 6.62494 -4.62973
-30.9323 3.01594 -4.09473

-28.7013 1.01394 -1.62873

-26.5683 3.07194 0.755269
-26.6263 5.96594 3.22627

-23.0233 7.20794 3.75927
-21.7163 10.2089 5.74827
-18.1413 11.0439 6.72227

-16.6153 12.5279 9.95027
-16.0043 15.7319 7.92827
-19.7593 15.9809 7.02827
-21.1993 15.6109 10.5883

-18.3883 16.1059 13.2103
-16.4273 19.3409 12.3793
-15.0133 19.1039 15.9793
-13.0083 15.8359 15.5633

-9.20929 16.5299 15.5483
-7.45629 15.7959 12.2243

-5.80029 12.4259 11.4813
-2.18429 13.2739 10.5033
-0.647292 10.3839 8.50127
3.03171 9.88594 7.55427
5.39371 7.27694 6.15227
8.43471 6.58194 8.39327
11.2537 5.02794 6.33827

13.0337 2.82694 8.92927
16.7487 2.64594 8.11927

17.7327 -0.58506 6.19627
21.3477 -0.11406 7.52427
20.3097 -2.30606 10.5463

19.2687 -5.09506 8.06127
22.4067 -7.27606 8.12727

23.9127 -8.54906 4.82927
22.6007 -12.1671 5.37027
18.9787 -10.9691 5.92127
19.2557 -8.63906 2.86027
20.6847 -11.4841 0.708269
17.7467 -13.7011 1.89327
15.2007 -10.9661 0.895269
16.9977 -10.5681 -2.49473
16.9107 -14.3941 -2.92573
13.1377 -14.7031 -2.17773
12.4497 -11.6511 -4.44573
14.4047 -13.3271 -7.33273
12.6307 -16.6401 -6.54173
9.13371 -15.0881 -7.12573
10.2247 -13.7571 -10.5967

11.7047 -17.0871 -11.8487
9.87471 -18.1851 -15.0537
10.0157 -21.9651 -14.5187
8.14471 -22.1261 -11.1337
4.57171 -23.3541 -10.6267

1.77571 -20.9671 -9.47273
2.09471 -22.6291 -6.00973
5.91671 -22.1701 -5.72073
5.36571 -18.4681 -6.69173
2.77671 -18.1151 -3.81673
5.14471 -19.9351 -1.37973
8.09371 -17.6431 -2.33673
5.74271 -14.6051 -1.88073
4.72771 -15.8071 1.64327
8.44271 -16.3881 2.45027
9.41271 -12.8671 1.17827
6.58571 -11.3281 3.29327
7.54071 -13.2771 6.49127
11.2737 -12.3601 5.92427
10.2237 -8.67006 5.56427
8.57271 -8.85906 9.02427
11.7327 -10.4401 10.5933
14.0327 -7.87906 8.86527
12.0337 -4.90506 10.3113
11.9807 -6.10106 14.0093
15.2677 -4.34806 15.1463
14.3307 -0.91506 13.6743
10.6457 -1.27006 14.7143
11.9867 -1.81806 18.2853
14.4587 1.12494 17.8983
11.5317 3.37594 16.8153
9.21971 2.22394 19.7053
12.0247 2.99194 22.2163
12.6787 6.44194 20.5913
8.92971 7.23894 21.0673
9.05671 6.22794 24.7923
12.3817 8.09294 25.3823

10.7237 11.1719 23.6993
8.24371 11.1569 26.6733
5.07471 9.85994 24.8823
2.38071 8.90694 27.4103
0.127708 6.55794 25.2863

0.346708 4.96294 21.8053
-0.821292 1.88694 19.8343
1.54871 -0.47506 17.9593
-0.0372919 -2.54206 15.1553
1.58371 -5.69706 13.6843

0.201708 -8.99806 12.2073
3.07971 -11.5421 12.2623

3.21071 -13.2261 15.7153
7.07371 -13.0241 15.7733
6.84371 -9.16706 15.5313
4.24071 -8.98206 18.3753
6.40171 -11.4171 20.4613
9.66671 -9.43506 19.9073
7.98971 -6.05606 20.7533
6.43671 -7.48506 23.9923
9.77271 -9.11806 25.0223
11.7147 -5.81506 24.6023
9.02871 -3.80206 26.5103
9.24671 -6.39306 29.3753
13.1087 -6.16906 29.2603

12.8207 -2.31406 29.5163
10.1527 -2.74606 32.3173
7.57471 -0.78606 30.2153
3.97071 -1.47306 31.2843

1.96771 -2.46406 28.1733
-1.11729 -4.43206 27.0073
-1.19529 -7.14906 24.2913
-4.19729 -8.25006 22.1473

-3.93129 -10.9721 19.4493
-5.76429 -14.0681 18.0353
-5.18629 -15.9851 21.3443
-6.62029 -13.2361 23.6603
-10.1333 -14.2411 24.8493
-13.2963 -12.1451 24.1933
-13.6693 -11.0371 27.8813

-9.91129 -10.3951 28.4683
-9.92029 -8.17006 25.3013
-12.4813 -5.83806 26.9653
-10.6323 -5.89306 30.3493
-7.19629 -5.10506 28.7413
-8.93729 -2.33606 26.7183
-10.2713 -0.84806 30.0183
-6.79429 -1.23106 31.6713
-5.14629 0.78494 28.8033
-7.99429 3.38494 28.8533
-8.06829 3.94894 32.6643

-4.43529 3.28594 33.7983
-1.85129 6.06794 33.1123
0.951708 3.43994 33.5623
0.140708 1.43594 30.3843
2.10971 3.41694 27.7633

1.96771 0.89294 24.8503
-0.792292 -1.27806 23.3713
0.669708 -4.14006 21.2413
-2.18629 -5.05006 18.8683
-2.76029 -7.57806 16.0803

-4.07229 -5.68206 12.9793
-6.50129 -8.59206 12.2703
-7.56429 -9.44106 15.8673
-8.05129 -5.84706 17.2343
-9.77329 -4.31806 14.1013
-13.2343 -4.79206 15.7893
-15.2323 -3.83606 18.9403
-12.4653 -2.07006 20.9353
-12.0163 1.70194 21.6203
-8.56329 3.24494 22.3293
-9.40029 6.97994 22.7753
-6.69029 7.31194 25.5283
-3.90629 7.24694 22.8553
-3.02229 10.0519 20.3583

-0.575292 7.97494 18.2163
-0.884292 4.81094 16.0743
2.28271 3.04394 14.7893
1.90571 0.41094 12.0453

5.06571 -1.71206 12.4893
3.85671 -3.73206 9.45827
1.84571 -2.92906 6.31027
-1.34729 -4.89406 5.51427
-2.43329 -5.44806 1.84727
-6.07929 -4.47606 2.59227

-6.61929 -0.69906 3.24027
-10.0923 -1.24706 4.80327
-8.39129 -3.11406 7.72327
-5.77229 -0.31806 8.13827
-8.60929 2.30994 8.29227
-10.4893 0.0699396 10.8273
-7.31129 0.0629396 13.0073
-6.83729 3.91394 12.7753

-10.5353 4.38894 13.7933
-9.86129 2.54194 17.0773
-8.24029 5.82194 18.3423
-10.1723 8.34394 16.1973
-13.5563 7.85094 18.0213
-16.0963 10.0249 19.9043
-14.1723 10.9669 23.1013
-10.8643 11.7389 21.2793
-9.63529 15.3389 21.9933
-6.11329 15.2699 20.3803
-5.01029 15.2329 16.6943

-4.38829 11.5519 15.8713
-0.898292 10.7309 14.5393
-0.636292 7.67994 12.2043
2.92471 6.42794 11.4633
3.42871 3.74394 8.75127
6.84871 2.04894 9.25927
8.38171 1.03294 5.85627

11.7707 -0.46706 4.83427
13.4717 0.0519396 1.40527
14.5777 -3.31306 -0.118731
11.5547 -5.28806 1.29927
7.88271 -6.28806 0.673269

6.87071 -2.70406 1.75227
8.18971 -1.36006 -1.63173
5.40971 -3.36806 -3.44173
2.71071 -3.29106 -0.707731
2.67471 0.52294 -0.287731
1.86371 1.36494 -4.00173
-0.721292 -1.52206 -3.95173
-2.43029 -0.0850604 -0.807731
-2.41729 3.42794 -2.42473
-4.11029 2.34494 -5.70673
-6.71129 0.41994 -3.59173
-7.55329 3.55494 -1.47273
-7.91329 5.54694 -4.74473
-10.3863 2.90194 -6.10973
-12.3083 3.16794 -2.77773
-12.2933 7.03194 -2.94173
-13.5203 7.11594 -6.61173

-16.3933 4.79394 -5.49473
-17.1933 7.33594 -2.64973
-16.1173 4.73494 -0.00573135
-13.0973 6.64194 1.47027
-11.9223 10.2569 2.04227
-8.46429 8.81794 2.77727
-5.99029 9.95394 0.132269
-2.55029 8.28194 0.605269
-0.665292 10.0879 -2.28373

0.340708 13.1769 -0.201731
2.38871 10.9879 2.24127
4.73571 9.67094 -0.537731
5.58671 13.0679 -2.09673

6.85171 14.0269 1.43327
9.33671 11.0539 1.85627

End chain 1
