-13.201 -6.296 -53.957
-10.703 -3.406 -53.291
-9.54 -3.087 -49.639
-11.02 0.322 -48.639
-8.614 1.85 -46.053
-10.787 3.126 -43.162

-9.634 6.195 -41.181
-10.061 4.9 -37.589
-10.286 6.838 -34.306
-12.195 7.103 -30.979
-14.163 9.439 -28.711
-12.619 10.223 -25.263
-14.157 12.207 -22.344

-11.943 15.248 -21.466
-14.301 16.978 -18.949
-17.827 16.65 -17.399
-19.139 18.761 -20.353

-16.752 17.96 -23.312
-15.482 14.956 -25.281
-12.62 14.751 -27.824
-12.437 12.939 -31.204
-8.982 11.264 -31.393
-8.672 10.357 -35.1

-6.282 10.744 -38.079
-6.98 13.557 -40.6
-9.895 13.022 -43.051

-11.208 15.853 -45.293
-14.92 14.856 -45.011
-14.611 14.37 -41.226
-13.015 17.857 -40.827
-15.875 19.254 -42.999
-18.403 17.482 -40.669
-16.559 18.759 -37.515
-16.844 22.341 -38.957

-20.5395 21.7981 -39.5194
-22.9182 18.8535 -39.6879
-23.1866 15.1698 -40.6401
-19.8709 14.283 -38.881
-16.1271 14.1945 -38.4038

-15.5215 14.776 -34.7234
-13.333 17.9395 -34.9971
-10.2088 19.6076 -33.4759

-7.28683 20.7146 -35.6949
-4.73183 19.1096 -33.2589
-6.15683 15.5316 -33.1769
-7.73783 15.9326 -36.7029

-10.9818 14.4176 -35.2759
-14.7168 15.1816 -35.4809
-17.0868 15.3396 -32.4769
-20.8698 15.7966 -32.1359
-23.5348 16.1976 -29.3959

-24.6608 12.8336 -27.9619
-28.3268 13.5386 -28.9829
-27.1348 13.5176 -32.6639
-25.5818 9.97458 -32.3249
-28.6318 8.14958 -33.8079
-28.9738 10.8396 -36.5789
-25.2558 10.4776 -37.5069
-25.2188 6.62458 -37.5229
-28.4488 6.56958 -39.6139
-26.9108 8.97158 -42.2359
-23.4968 7.14358 -42.2889

-25.1968 3.74358 -43.0129
-26.3658 5.34158 -46.3199
-22.7318 5.99158 -47.4769
-21.0808 3.35858 -49.7469
-17.6548 1.99558 -48.6069

-17.8638 3.58458 -45.0479
-18.1688 1.61458 -41.7649
-18.5458 3.75958 -38.5999
-19.0668 1.45458 -35.5869

-21.6218 3.04458 -33.1429
-21.2658 3.69858 -29.3979
-21.7538 0.264584 -27.6809
-25.1978 -0.655416 -26.2579
-23.6388 -0.375416 -22.7409
-22.9378 3.37558 -23.2979
-26.3678 3.99158 -24.9169
-28.0268 2.32658 -21.8639
-25.8238 4.31858 -19.3949

-26.4318 7.71458 -21.1399
-30.0718 6.94858 -22.1999
-31.2548 10.2776 -20.6089

-28.6178 12.3896 -22.4489
-29.4038 10.5956 -25.7819
-33.0348 11.9426 -25.3949

-32.4178 15.5976 -24.2829
-31.9258 18.4516 -26.8229
-30.8978 20.5986 -23.7819
-27.7778 21.0016 -21.5939
-29.4338 20.4256 -18.2079
-26.5988 19.3826 -15.8659
-27.1348 16.1506 -13.8199

-30.6228 16.1876 -12.1799
-30.2018 17.0036 -8.47391
-29.9818 13.8276 -6.39191
-33.2178 13.7946 -4.30591
-32.6798 13.7416 -0.52991
-33.7088 10.3466 0.85709

-36.1308 10.0456 3.78209
-33.7928 8.64658 6.48909
-36.4808 8.81458 9.30109
-36.5628 4.95458 9.43709
-32.7238 4.94458 9.96809
-31.2238 5.10158 13.4831

-30.9238 8.86958 14.4271
-27.3948 8.30458 15.8851
-26.1998 7.26458 12.3811
-28.1348 9.98058 10.4441
-26.8058 12.8036 12.7341
-23.1418 11.6156 12.3751

-23.0908 11.6176 8.50909
-20.8488 14.3826 7.10009

-22.5098 16.4876 4.27709
-20.6348 14.5786 1.51009
-21.4678 11.1976 3.18009
-25.1998 12.2026 3.19109
-24.9658 13.1136 -0.53891
-23.3468 9.65058 -1.13991
-26.1918 7.87058 0.75809
-28.7668 9.87958 -1.29491
-26.9588 8.96058 -4.58991
-26.8338 5.25458 -3.60091
-30.5998 5.28658 -2.75791
-31.4278 7.13858 -6.05091

-29.3768 4.44058 -7.95791
-31.6178 1.84358 -6.15591
-28.9158 0.495584 -3.75591

-26.7558 -0.851416 -6.65991
-23.3598 0.913584 -6.72291
-19.6128 0.807584 -6.20691
-18.6988 3.33658 -3.46491

-15.0978 3.99058 -4.61391

-14.5388 6.98458 -2.26091
-10.9078 7.40058 -1.10891

-9.45183 5.51058 1.91209
-10.7648 6.75158 5.29809
-13.6368 8.96458 3.88809
-16.1098 6.77658 5.92209

-17.2478 4.14958 3.34509
-18.4158 1.87658 6.24809
-20.7668 4.50958 7.83009
-22.2798 5.30158 4.36809
-22.6858 1.53358 3.60409
-24.4238 0.837584 6.97509
-26.8188 3.79158 6.31209
-27.6508 2.65058 2.70909
-28.2498 -0.927416 3.97709
-30.3588 0.315584 6.97509
-32.6308 2.32658 4.59209

-33.3038 -1.14642 3.02109

-33.7878 -2.91142 6.49509
-37.2898 -4.06142 5.28409
-35.4538 -6.16042 2.57609
-33.0298 -8.07242 4.92409
-31.3848 -10.6174 5.68409

-28.1778 -8.65242 5.00209
-24.9548 -10.3414 3.78309
-21.6388 -8.53242 4.51109
-18.5358 -9.94342 2.73709
-15.2328 -8.56142 4.11709

-11.4538 -9.22042 4.50009
-10.8198 -12.0244 7.08109
-9.25983 -9.50942 9.60709
-12.0928 -6.84442 9.71309

-15.1618 -9.07242 10.5171
-15.2988 -7.95742 14.1891
-14.5578 -4.30642 13.1441
-17.7688 -4.50842 11.0201
-19.8178 -6.10142 13.8891
-18.6718 -3.28442 16.2431
-19.5128 -0.728416 13.4831
-23.1258 -2.09342 13.2741
-23.4858 -2.06442 17.1251
-21.9998 1.49558 17.2371
-24.2268 2.99058 14.4921

-27.5248 0.986584 14.7541
-28.2548 0.745584 18.5701
-31.7918 -0.413416 17.4621
-30.1678 -3.90542 16.9201
-29.4338 -6.48942 19.6311

-26.0358 -8.30842 19.3711
-28.0418 -11.5244 18.5941
-29.1838 -9.87142 15.3051

-25.4948 -10.0204 14.0901
-23.9088 -13.3284 13.0021
-20.0848 -13.2454 12.5951

-19.1058 -16.3204 10.5491
-15.7198 -17.5074 11.8861
-15.6048 -21.0414 10.3271
-16.8088 -23.0034 7.24909
-19.1728 -25.0244 9.58409
-21.1918 -22.0124 10.8311
-24.7558 -21.1214 9.67309
-24.4788 -18.1774 7.21509
-28.2198 -17.3064 7.78709
-28.3228 -17.3704 11.6411
-28.5118 -13.5364 12.0501
-30.4838 -10.6704 10.5091

-26.9918 -9.34442 9.55209
-24.4688 -12.0374 8.47909
-20.7398 -11.1024 8.31709
-18.4128 -13.5064 6.40109
-14.9328 -13.4994 4.80509

-14.0618 -13.9444 1.09109
-12.1608 -17.2134 1.88909
-15.2368 -18.7504 3.62709
-17.7038 -17.9734 0.73609

-16.3298 -20.9194 -1.34591
-16.6908 -23.2774 1.69709
-20.2468 -21.9444 2.35909
-21.4178 -22.0194 -1.34691
-24.1348 -24.6194 -0.44191
-25.6468 -22.0404 2.02609
-25.3588 -19.0984 -0.49691
-28.4748 -20.6374 -2.20791
-30.5918 -18.6554 0.33909
-31.4978 -15.3414 -1.43391
-29.7708 -12.4394 0.35609
-31.6398 -9.41942 -1.12591

-29.1078 -6.88142 0.30609
-25.3398 -7.50242 -0.0569096
-22.4108 -5.34942 1.11609
-18.9208 -6.31442 -0.12591

-16.0658 -4.44142 1.57309
-12.7448 -4.06942 -0.33491

-14.4698 -5.55642 -3.45491
-11.1688 -5.41142 -5.45391
-10.6558 -8.94642 -3.94191
-13.1778 -10.0704 -6.66191

-10.9618 -8.64042 -9.53991
-10.2648 -12.1134 -11.0969
-13.3168 -14.1874 -12.2219
-11.3978 -17.5524 -12.1239
-10.7898 -17.3204 -8.32491

-12.9548 -19.4734 -5.99391
-13.9718 -16.3264 -3.97291
-15.2358 -14.6134 -7.17891
-16.9898 -17.7974 -8.49191
-18.8648 -18.1094 -5.13391
-19.7168 -14.3414 -4.81791
-20.8688 -13.5574 -8.41091
-24.1038 -15.7274 -8.48891
-25.3648 -13.9904 -5.28491
-24.4078 -10.4764 -6.54991
-26.2968 -11.0304 -9.87191
-29.5518 -12.1314 -8.06191

-29.4758 -9.84842 -4.95091
-31.7758 -6.74642 -5.18991

-29.2298 -4.32042 -3.58991
-25.4228 -4.55142 -4.11491
-23.1728 -2.12742 -2.19591
-19.5488 -2.66142 -3.30891
-16.8308 -0.725416 -1.39791

-13.1428 -0.139416 -2.30491
-10.4018 2.50758 -1.91291
-8.69383 1.09658 -5.02291
-11.4058 -0.426416 -7.31791
-8.66683 -1.22542 -9.83091
-5.24783 -2.16042 -8.36291
-3.22483 -1.93142 -11.6419
-5.36383 -2.38942 -14.8499

-8.88983 -1.79242 -16.3699
-9.54883 -5.60042 -16.5869
-9.80583 -5.72242 -12.7089
-13.0228 -3.57442 -12.8649
-15.0318 -6.05042 -15.0139
-16.3078 -8.23042 -12.0999
-17.3848 -5.09642 -10.1289
-19.1418 -3.61042 -13.2439
-21.1628 -6.84242 -13.8619
-21.9488 -7.13042 -10.0999
-23.5078 -3.58742 -10.0819

-25.0108 -3.85842 -13.6579
-25.3958 -7.57442 -14.7429
-26.5758 -6.45542 -18.2659
-23.3388 -4.49442 -18.9939
-20.7408 -6.44042 -21.0779
-22.3038 -9.98942 -20.7149
-18.9798 -11.4214 -22.0569

-15.5048 -10.2234 -20.9149
-14.1228 -10.2264 -24.5179
-16.2698 -7.17142 -25.5159
-14.9688 -5.23542 -22.4449
-11.3688 -6.40342 -23.1539
-11.4318 -5.36642 -26.8699
-12.6418 -1.83842 -25.9159
-10.8068 -1.02442 -22.6279

-7.91383 -3.55542 -22.2499
-6.25483 -3.07242 -25.7279
-6.90283 -6.78142 -26.3439

-4.32583 -8.42842 -28.6749
-4.57483 -11.7764 -30.5169
-1.29483 -13.6194 -29.7599

-0.298826 -17.1014 -31.1879
-1.34883 -18.6684 -27.8009

-4.70483 -16.7754 -27.3939
-5.86883 -13.2924 -26.2999
-3.77883 -10.8674 -24.2179

-5.78983 -8.39642 -22.0239
-2.85883 -6.78042 -20.0649
-3.18983 -3.45342 -21.9579
-5.40883 -0.366416 -21.6119
-7.53683 1.69358 -24.0509
-10.2918 4.38858 -24.1289

-9.83183 5.10558 -20.3539
-11.6628 8.50358 -20.4529
-14.7628 6.72758 -21.9099
-14.4378 4.01358 -19.2059
-14.2568 6.78158 -16.5129
-17.4648 8.41958 -17.8819
-19.2978 5.02458 -17.9909
-18.1858 4.20158 -14.4039
-19.2448 7.59958 -12.9169
-22.6468 7.64958 -14.7299
-23.8238 4.04058 -14.1949

-21.5928 2.03858 -11.7289

-19.4598 4.09658 -9.34491
-19.5178 6.99058 -6.87391

-15.9148 8.23258 -6.34091
-14.6078 11.2336 -4.35191
-11.0328 12.0686 -3.37791

-9.50683 13.5526 -0.14991
-8.89583 16.7566 -2.17191
-12.6508 17.0056 -3.07191
-14.0908 16.6356 0.48809

-11.2798 17.1306 3.11009
-9.31883 20.3656 2.27909
-7.90483 20.1286 5.87909
-5.89983 16.8606 5.46309

-2.10083 17.5546 5.44809
-0.347826 16.8206 2.12409

1.30817 13.4506 1.38109
4.92417 14.2986 0.40309
6.46117 11.4086 -1.59891
10.1402 10.9106 -2.54591
12.5022 8.30158 -3.94791
15.5432 7.60658 -1.70691
18.3622 6.05258 -3.76191

20.1422 3.85158 -1.17091
23.8572 3.67058 -1.98091

24.8412 0.439584 -3.90391
28.4562 0.910584 -2.57591
27.4182 -1.28142 0.44609

26.3772 -4.07042 -2.03891
29.5152 -6.25142 -1.97291

31.0212 -7.52442 -5.27091
29.7092 -11.1424 -4.72991
26.0872 -9.94442 -4.17891
26.3642 -7.61442 -7.23991
27.7932 -10.4594 -9.39191
24.8552 -12.6764 -8.20691
22.3092 -9.94142 -9.20491
24.1062 -9.54342 -12.5949
24.0192 -13.3694 -13.0259
20.2462 -13.6784 -12.2779
19.5582 -10.6264 -14.5459
21.5132 -12.3024 -17.4329
19.7392 -15.6154 -16.6419
16.2422 -14.0634 -17.2259
17.3332 -12.7324 -20.6969

18.8132 -16.0624 -21.9489
16.9832 -17.1604 -25.1539
17.1242 -20.9404 -24.6189
15.2532 -21.1014 -21.2339
11.6802 -22.3294 -20.7269

8.88417 -19.9424 -19.5729
9.20317 -21.6044 -16.1099
13.0252 -21.1454 -15.8209
12.4742 -17.4434 -16.7919
9.88517 -17.0904 -13.9169
12.2532 -18.9104 -11.4799
15.2022 -16.6184 -12.4369
12.8512 -13.5804 -11.9809
11.8362 -14.7824 -8.45691
15.5512 -15.3634 -7.64991
16.5212 -11.8424 -8.92191
13.6942 -10.3034 -6.80691
14.6492 -12.2524 -3.60891
18.3822 -11.3354 -4.17591
17.3322 -7.64542 -4.53591
15.6812 -7.83442 -1.07591
18.8412 -9.41542 0.49309
21.1412 -6.85442 -1.23491
19.1422 -3.88042 0.21109
19.0892 -5.07642 3.90909
22.3762 -3.32342 5.04609
21.4392 0.109584 3.57409
17.7542 -0.245416 4.61409
19.0952 -0.793416 8.18509
21.5672 2.14958 7.79809
18.6402 4.40058 6.71509
16.3282 3.24858 9.60509
19.1332 4.01658 12.1161
19.7872 7.46658 10.4911
16.0382 8.26358 10.9671
16.1652 7.25258 14.6921
19.4902 9.11758 15.2821

17.8322 12.1966 13.5991
15.3522 12.1816 16.5731
12.1832 10.8846 14.7821
9.48917 9.93158 17.3101
7.23617 7.58258 15.1861

7.45517 5.98758 11.7051
6.28717 2.91158 9.73409
8.65717 0.549584 7.85909
7.07117 -1.51742 5.05509
8.69217 -4.67242 3.58409

7.31017 -7.97342 2.10709
10.1882 -10.5174 2.16209

10.3192 -12.2014 5.61509
14.1822 -11.9994 5.67309
13.9522 -8.14242 5.43109
11.3492 -7.95742 8.27509
13.5102 -10.3924 10.3611
16.7752 -8.41042 9.80709
15.0982 -5.03142 10.6531
13.5452 -6.46042 13.8921
16.8812 -8.09342 14.9221
18.8232 -4.79042 14.5021
16.1372 -2.77742 16.4101
16.3552 -5.36842 19.2751
20.2172 -5.14442 19.1601

19.9292 -1.28942 19.4161
17.2612 -1.72142 22.2171
14.6832 0.238584 20.1151
11.0792 -0.448416 21.1841

9.07617 -1.43942 18.0731
5.99117 -3.40742 16.9071
5.91317 -6.12442 14.1911
2.91117 -7.22542 12.0471

3.17717 -9.94742 9.34909
1.34417 -13.0434 7.93509
1.92217 -14.9604 11.2441
0.488174 -12.2114 13.5601
-3.02483 -13.2164 14.7491
-6.18783 -11.1204 14.0931
-6.56083 -10.0124 17.7811

-2.80283 -9.37042 18.3681
-2.81183 -7.14542 15.2011
-5.37283 -4.81342 16.8651
-3.52383 -4.86842 20.2491
-0.0878265 -4.08042 18.6411
-1.82883 -1.31142 16.6181
-3.16283 0.176584 19.9181
0.314174 -0.206416 21.5711
1.96217 1.80958 18.7031
-0.885826 4.40958 18.7531
-0.959826 4.97358 22.5641

2.67317 4.31058 23.6981
5.25717 7.09258 23.0121
8.06017 4.46458 23.4621
7.24917 2.46058 20.2841
9.21817 4.44158 17.6631

9.07617 1.91758 14.7501
6.31617 -0.253416 13.2711
7.77817 -3.11542 11.1411
4.92217 -4.02542 8.76809
4.34817 -6.55342 5.98009

3.03617 -4.65742 2.87909
0.607174 -7.56742 2.17009
-0.455826 -8.41642 5.76709
-0.942826 -4.82242 7.13409
-2.66483 -3.29342 4.00109
-6.12583 -3.76742 5.68909
-8.12383 -2.81142 8.84009
-5.35683 -1.04542 10.8351
-4.90783 2.72658 11.5201
-1.45483 4.26958 12.2291
-2.29183 8.00458 12.6751
0.418174 8.33658 15.4281
3.20217 8.27158 12.7551
4.08617 11.0766 10.2581

6.53317 8.99958 8.11609
6.22417 5.83558 5.97409
9.39117 4.06858 4.68909
9.01417 1.43558 1.94509

12.1742 -0.687416 2.38909
10.9652 -2.70742 -0.64191
8.95417 -1.90442 -3.78991
5.76117 -3.86942 -4.58591
4.67517 -4.42342 -8.25291
1.02917 -3.45142 -7.50791

0.489174 0.325584 -6.85991
-2.98383 -0.222416 -5.29691
-1.28283 -2.08942 -2.37691
1.33617 0.706584 -1.96191
-1.50083 3.33458 -1.80791
-3.38083 1.09458 0.72709
-0.202826 1.08758 2.90709
0.271174 4.93858 2.67509

-3.42683 5.41358 3.69309
-2.75283 3.56658 6.97709
-1.13183 6.84658 8.24209
-3.06383 9.36858 6.09709
-6.44783 8.87558 7.92109
-8.98783 11.0496 9.80409
-7.06383 11.9916 13.0011
-3.75583 12.7636 11.1791
-2.52683 16.3636 11.8931
0.995174 16.2946 10.2801
2.09817 16.2576 6.59409

2.72017 12.5766 5.77109
6.21017 11.7556 4.43909
6.47217 8.70458 2.10409
10.0332 7.45258 1.36309
10.5372 4.76858 -1.34891
13.9572 3.07358 -0.84091
15.4902 2.05758 -4.24391

18.8792 0.557584 -5.26591
20.5802 1.07658 -8.69491
21.6862 -2.28842 -10.2189
18.6632 -4.26342 -8.80091
14.9912 -5.26342 -9.42691

13.9792 -1.67942 -8.34791
15.2982 -0.335416 -11.7319
12.5182 -2.34342 -13.5419
9.81917 -2.26642 -10.8079
9.78317 1.54758 -10.3879
8.97217 2.38958 -14.1019
6.38717 -0.497416 -14.0519
4.67817 0.939584 -10.9079
4.69117 4.45258 -12.5249
2.99817 3.36958 -15.8069
0.397174 1.44458 -13.6919
-0.444826 4.57958 -11.5729
-0.804826 6.57158 -14.8449
-3.27783 3.92658 -16.2099
-5.19983 4.19258 -12.8779
-5.18483 8.05658 -13.0419
-6.41183 8.14058 -16.7119

-9.28483 5.81858 -15.5949
-10.0848 8.36058 -12.7499
-9.00883 5.75958 -10.1059
-5.98883 7.66658 -8.62991
-4.81383 11.2816 -8.05791
-1.35583 9.84258 -7.32291
1.11817 10.9786 -9.96791
4.55817 9.30658 -9.49491
6.44317 11.1126 -12.3839

7.44917 14.2016 -10.3019
9.49717 12.0126 -7.85891
11.8442 10.6956 -10.6379
12.6952 14.0926 -12.1969

13.9602 15.0516 -8.66691
16.4452 12.0786 -8.24391

End chain 1
