-13.201 -6.296 -53.957
-10.703 -3.406 -53.291
-9.54 -3.087 -49.639
-11.02 0.322 -48.639
-8.614 1.85 -46.053
-10.787 3.126 -43.162

-9.634 6.195 -41.181
-10.061 4.9 -37.589
-10.286 6.838 -34.306
-12.195 7.103 -30.979
-14.163 9.439 -28.711
-12.619 10.223 -25.263
-14.157 12.207 -22.344

-11.943 15.248 -21.466
-14.301 16.978 -18.949
-17.827 16.65 -17.399
-19.139 18.761 -20.353

-16.752 17.96 -23.312
-15.482 14.956 -25.281
-12.62 14.751 -27.824
-12.437 12.939 -31.204
-8.982 11.264 -31.393
-8.672 10.357 -35.1

-6.282 10.744 -38.079
-6.98 13.557 -40.6
-9.895 13.022 -43.051

-11.208 15.853 -45.293
-14.92 14.856 -45.011
-14.611 14.37 -41.226
-13.015 17.857 -40.827
-15.875 19.254 -42.999
-18.403 17.482 -40.669
-16.559 18.759 -37.515
-16.844 22.341 -38.957

-20.697 21.797 -39.029
-20.861 21.033 -35.24
-22.116 23.933 -33.104
-20.016 23.255 -29.939
-16.791 22.621 -31.971

-13.393 23.436 -30.391
-10.011 22.816 -32.063
-6.805 22.812 -29.99

-3.883 23.919 -32.209
-1.328 22.314 -29.773
-2.753 18.736 -29.691
-4.334 19.137 -33.217

-7.578 17.622 -31.79
-11.313 18.386 -31.995
-13.683 18.544 -28.991
-17.466 19.001 -28.65
-20.131 19.402 -25.91

-21.257 16.038 -24.476
-24.923 16.743 -25.497
-23.731 16.722 -29.178
-22.178 13.179 -28.839
-25.228 11.354 -30.322
-25.57 14.044 -33.093
-21.852 13.682 -34.021
-21.815 9.829 -34.037
-25.045 9.774 -36.128
-23.507 12.176 -38.75
-20.093 10.348 -38.803

-21.793 6.948 -39.527
-22.962 8.546 -42.834
-19.328 9.196 -43.991
-17.677 6.563 -46.261
-14.251 5.2 -45.121

-14.46 6.789 -41.562
-14.765 4.819 -38.279
-15.142 6.964 -35.114
-15.663 4.659 -32.101

-18.218 6.249 -29.657
-17.862 6.903 -25.912
-18.35 3.469 -24.195
-21.794 2.549 -22.772
-20.235 2.829 -19.255
-19.534 6.58 -19.812
-22.964 7.196 -21.431
-24.623 5.531 -18.378
-22.42 7.523 -15.909

-23.028 10.919 -17.654
-26.668 10.153 -18.714
-27.851 13.482 -17.123

-25.214 15.594 -18.963
-26 13.8 -22.296
-29.631 15.147 -21.909

-29.014 18.802 -20.797
-28.522 21.656 -23.337
-27.494 23.803 -20.296
-24.374 24.206 -18.108
-26.03 23.63 -14.722
-23.195 22.587 -12.38
-23.731 19.355 -10.334

-27.219 19.392 -8.694
-26.798 20.208 -4.988
-26.578 17.032 -2.906
-29.814 16.999 -0.82
-29.276 16.946 2.956
-30.305 13.551 4.343

-32.727 13.25 7.268
-30.389 11.851 9.975
-33.077 12.019 12.787
-33.159 8.159 12.923
-29.32 8.149 13.454
-27.82 8.306 16.969

-27.52 12.074 17.913
-23.991 11.509 19.371
-22.796 10.469 15.867
-24.731 13.185 13.93
-23.402 16.008 16.22
-19.738 14.82 15.861

-19.687 14.822 11.995
-17.445 17.587 10.586

-19.106 19.692 7.763
-17.231 17.783 4.996
-18.064 14.402 6.666
-21.796 15.407 6.677
-21.562 16.318 2.947
-19.943 12.855 2.346
-22.788 11.075 4.244
-25.363 13.084 2.191
-23.555 12.165 -1.104
-23.43 8.459 -0.115
-27.196 8.491 0.728
-28.024 10.343 -2.565

-25.973 7.645 -4.472
-28.214 5.048 -2.67
-25.512 3.7 -0.27

-23.352 2.353 -3.174
-19.956 4.118 -3.237
-16.209 4.012 -2.721
-15.295 6.541 0.021

-11.694 7.195 -1.128

-11.135 10.189 1.225
-7.504 10.605 2.377

-6.048 8.715 5.398
-7.361 9.956 8.784
-10.233 12.169 7.374
-12.706 9.981 9.408

-13.844 7.354 6.831
-15.012 5.081 9.734
-17.363 7.714 11.316
-18.876 8.506 7.854
-19.282 4.738 7.09
-21.02 4.042 10.461
-23.415 6.996 9.798
-24.247 5.855 6.195
-24.846 2.277 7.463
-26.955 3.52 10.461
-29.227 5.531 8.078

-29.9 2.058 6.507

-30.384 0.293 9.981
-33.886 -0.857 8.77
-32.05 -2.956 6.062
-29.626 -4.868 8.41
-27.981 -7.413 9.17

-24.774 -5.448 8.488
-21.551 -7.137 7.269
-18.235 -5.328 7.997
-15.132 -6.739 6.223
-11.829 -5.357 7.603

-8.05 -6.016 7.986
-7.416 -8.82 10.567
-5.856 -6.305 13.093
-8.689 -3.64 13.199

-11.758 -5.868 14.003
-11.895 -4.753 17.675
-11.154 -1.102 16.63
-14.365 -1.304 14.506
-16.414 -2.897 17.375
-15.268 -0.08 19.729
-16.109 2.476 16.969
-19.722 1.111 16.76
-20.082 1.14 20.611
-18.596 4.7 20.723
-20.823 6.195 17.978

-24.121 4.191 18.24
-24.851 3.95 22.056
-28.388 2.791 20.948
-26.764 -0.701 20.406
-26.03 -3.285 23.117

-22.632 -5.104 22.857
-24.638 -8.32 22.08
-25.78 -6.667 18.791

-22.091 -6.816 17.576
-20.505 -10.124 16.488
-16.681 -10.041 16.081

-15.702 -13.116 14.035
-12.316 -14.303 15.372
-12.201 -17.837 13.813
-13.405 -19.799 10.735
-15.769 -21.82 13.07
-17.788 -18.808 14.317
-21.352 -17.917 13.159
-21.075 -14.973 10.701
-24.816 -14.102 11.273
-24.919 -14.166 15.127
-25.108 -10.332 15.536
-27.08 -7.466 13.995

-23.588 -6.14 13.038
-21.065 -8.833 11.965
-17.336 -7.898 11.803
-15.009 -10.302 9.887
-11.529 -10.295 8.291

-10.658 -10.74 4.577
-8.757 -14.009 5.375
-11.833 -15.546 7.113
-14.3 -14.769 4.222

-12.926 -17.715 2.14
-13.287 -20.073 5.183
-16.843 -18.74 5.845
-18.014 -18.815 2.139
-20.731 -21.415 3.044
-22.243 -18.836 5.512
-21.955 -15.894 2.989
-25.071 -17.433 1.278
-27.188 -15.451 3.825
-28.094 -12.137 2.052
-26.367 -9.235 3.842
-28.236 -6.215 2.36

-25.704 -3.677 3.792
-21.936 -4.298 3.429
-19.007 -2.145 4.602
-15.517 -3.11 3.36

-12.662 -1.237 5.059
-9.341 -0.865 3.151

-11.066 -2.352 0.031
-7.765 -2.207 -1.968
-7.252 -5.742 -0.456
-9.774 -6.866 -3.176

-7.558 -5.436 -6.054
-6.861 -8.909 -7.611
-9.913 -10.983 -8.736
-7.994 -14.348 -8.638
-7.386 -14.116 -4.839

-9.551 -16.269 -2.508
-10.568 -13.122 -0.487
-11.832 -11.409 -3.693
-13.586 -14.593 -5.006
-15.461 -14.905 -1.648
-16.313 -11.137 -1.332
-17.465 -10.353 -4.925
-20.7 -12.523 -5.003
-21.961 -10.786 -1.799
-21.004 -7.272 -3.064
-22.893 -7.826 -6.386
-26.148 -8.927 -4.576

-26.072 -6.644 -1.465
-28.372 -3.542 -1.704

-25.826 -1.116 -0.104
-22.019 -1.347 -0.629
-19.769 1.077 1.29
-16.145 0.543 0.177
-13.427 2.479 2.088

-9.739 3.065 1.181
-6.998 5.712 1.573
-5.29 4.301 -1.537
-8.002 2.778 -3.832
-5.263 1.979 -6.345
-1.844 1.044 -4.877
0.179 1.273 -8.156
-1.96 0.815 -11.364

-5.486 1.412 -12.884
-6.145 -2.396 -13.101
-6.402 -2.518 -9.223
-9.619 -0.37 -9.379
-11.628 -2.846 -11.528
-12.904 -5.026 -8.614
-13.981 -1.892 -6.643
-15.738 -0.406 -9.758
-17.759 -3.638 -10.376
-18.545 -3.926 -6.614
-20.104 -0.383 -6.596

-21.607 -0.654 -10.172
-21.992 -4.37 -11.257
-23.172 -3.251 -14.78
-19.935 -1.29 -15.508
-17.337 -3.236 -17.592
-18.9 -6.785 -17.229
-15.576 -8.217 -18.571

-12.101 -7.019 -17.429
-10.719 -7.022 -21.032
-12.866 -3.967 -22.03
-11.565 -2.031 -18.959
-7.965 -3.199 -19.668
-8.028 -2.162 -23.384
-9.238 1.366 -22.43
-7.403 2.18 -19.142

-4.51 -0.351 -18.764
-2.851 0.132 -22.242
-3.499 -3.577 -22.858

-0.922 -5.224 -25.189
-1.171 -8.572 -27.031
2.109 -10.415 -26.274

3.105 -13.897 -27.702
2.055 -15.464 -24.315

-1.301 -13.571 -23.908
-2.465 -10.088 -22.814
-0.375 -7.663 -20.732

-2.386 -5.192 -18.538
0.545 -3.576 -16.579
0.214 -0.249 -18.472
-2.005 2.838 -18.126
-4.133 4.898 -20.565
-6.888 7.593 -20.643

-6.428 8.31 -16.868
-8.259 11.708 -16.967
-11.359 9.932 -18.424
-11.034 7.218 -15.72
-10.853 9.986 -13.027
-14.061 11.624 -14.396
-15.894 8.229 -14.505
-14.782 7.406 -10.918
-15.841 10.804 -9.431
-19.243 10.854 -11.244
-20.42 7.245 -10.709

-18.189 5.243 -8.243

-16.056 7.301 -5.859
-16.114 10.195 -3.388

-12.511 11.437 -2.855
-11.204 14.438 -0.866
-7.629 15.273 0.108

-6.103 16.757 3.336
-5.492 19.961 1.314
-9.247 20.21 0.414
-10.687 19.84 3.974

-7.876 20.335 6.596
-5.915 23.57 5.765
-4.501 23.333 9.365
-2.496 20.065 8.949

1.303 20.759 8.934
3.056 20.025 5.61

4.712 16.655 4.867
8.328 17.503 3.889
9.865 14.613 1.887
13.544 14.115 0.94
15.906 11.506 -0.462
18.947 10.811 1.779
21.766 9.257 -0.276

23.546 7.056 2.315
27.261 6.875 1.505

28.245 3.644 -0.418
31.86 4.115 0.91
30.822 1.923 3.932

29.781 -0.866 1.447
32.919 -3.047 1.513

34.425 -4.32 -1.785
33.113 -7.938 -1.244
29.491 -6.74 -0.693
29.768 -4.41 -3.754
31.197 -7.255 -5.906
28.259 -9.472 -4.721
25.713 -6.737 -5.719
27.51 -6.339 -9.109
27.423 -10.165 -9.54
23.65 -10.474 -8.792
22.962 -7.422 -11.06
24.917 -9.098 -13.947
23.143 -12.411 -13.156
19.646 -10.859 -13.74
20.737 -9.528 -17.211

21.2207 -13.2731 -18.0646
24.9994 -12.8085 -18.1217
25.678 -16.0012 -20.2137
27.5565 -18.5541 -18.134
31.4428 -18.5955 -18.4142

32.8363 -21.7692 -19.9729
31.2737 -23.9088 -17.2483
27.8909 -22.2519 -17.7525
28.0491 -22.8489 -21.5024
28.8896 -26.5182 -20.9806
25.97 -26.9464 -18.5857
23.5762 -25.3437 -21.0645
24.7736 -27.6348 -23.8501
24.2912 -30.7055 -21.6636
20.7574 -29.6319 -20.7679
19.8839 -29.1104 -24.4296
21.207 -32.5558 -25.336
19.1639 -34.1744 -22.5704
16.0059 -32.4132 -23.74
16.5724 -33.5648 -27.3171
17.0569 -37.1602 -26.1854
13.8433 -37.0575 -24.1593
11.9 -35.6993 -27.1294
13.2466 -38.4427 -29.3885
12.2658 -41.1236 -26.8798
8.7429 -39.723 -26.6142
8.36433 -39.6964 -30.3956
9.51742 -43.3098 -30.6334
7.03404 -44.3795 -27.963
4.18752 -42.6266 -29.7706
5.09417 -44.3244 -33.0476
5.15792 -47.736 -31.3743
1.73936 -47.1462 -29.8224
0.282685 -46.1283 -33.1817
1.6779 -49.2494 -34.8415
0.194823 -51.4686 -32.1362
-3.21525 -49.8386 -32.533

-4.87325 -46.7596 -34.216
-7.35325 -46.7746 -31.242
-10.5223 -48.0716 -33.033
-13.2163 -49.0246 -30.505
-15.4693 -51.3736 -32.629

-15.2503 -52.9686 -36.11
-16.4183 -56.0446 -38.081
-14.0483 -58.4066 -39.956
-15.6343 -60.4736 -42.76
-14.0133 -63.6286 -44.231

-15.3953 -66.9296 -45.708
-12.5173 -69.4736 -45.653

-12.3863 -71.1576 -42.2
-8.52325 -70.9556 -42.142
-8.75325 -67.0986 -42.384
-11.3563 -66.9136 -39.54
-9.19525 -69.3486 -37.454
-5.93025 -67.3666 -38.008
-7.60725 -63.9876 -37.162
-9.16025 -65.4166 -33.923
-5.82425 -67.0496 -32.893
-3.88225 -63.7466 -33.313
-6.56825 -61.7336 -31.405
-6.35025 -64.3246 -28.54
-2.48825 -64.1006 -28.655

-2.77625 -60.2456 -28.399
-5.44425 -60.6776 -25.598
-8.02225 -58.7176 -27.7
-11.6263 -59.4046 -26.631

-13.6293 -60.3956 -29.742
-16.7143 -62.3636 -30.908
-16.7923 -65.0806 -33.624
-19.7943 -66.1816 -35.768

-19.5283 -68.9036 -38.466
-21.3613 -71.9996 -39.88
-20.7833 -73.9166 -36.571
-22.2173 -71.1676 -34.255
-25.7303 -72.1726 -33.066
-28.8933 -70.0766 -33.722
-29.2663 -68.9686 -30.034

-25.5083 -68.3266 -29.447
-25.5173 -66.1016 -32.614
-28.0783 -63.7696 -30.95
-26.2293 -63.8246 -27.566
-22.7933 -63.0366 -29.174
-24.5343 -60.2676 -31.197
-25.8683 -58.7796 -27.897
-22.3913 -59.1626 -26.244
-20.7433 -57.1466 -29.112
-23.5913 -54.5466 -29.062
-23.6653 -53.9826 -25.251

-20.0323 -54.6456 -24.117
-17.4483 -51.8636 -24.803
-14.6453 -54.4916 -24.353
-15.4563 -56.4956 -27.531
-13.4873 -54.5146 -30.152

-13.6293 -57.0386 -33.065
-16.3893 -59.2096 -34.544
-14.9273 -62.0716 -36.674
-17.7833 -62.9816 -39.047
-18.3573 -65.5096 -41.835

-19.6693 -63.6136 -44.936
-22.0983 -66.5236 -45.645
-23.1613 -67.3726 -42.048
-23.6483 -63.7786 -40.681
-25.3703 -62.2496 -43.814
-28.8313 -62.7236 -42.126
-30.8293 -61.7676 -38.975
-28.0623 -60.0016 -36.98
-27.6133 -56.2296 -36.295
-24.1603 -54.6866 -35.586
-24.9973 -50.9516 -35.14
-22.2873 -50.6196 -32.387
-19.5033 -50.6846 -35.06
-18.6193 -47.8796 -37.557

-16.1723 -49.9566 -39.699
-16.4813 -53.1206 -41.841
-13.3143 -54.8876 -43.126
-13.6913 -57.5206 -45.87

-10.5313 -59.6436 -45.426
-11.7403 -61.6636 -48.457
-13.7513 -60.8606 -51.605
-16.9443 -62.8256 -52.401
-18.0303 -63.3796 -56.068
-21.6763 -62.4076 -55.323

-22.2163 -58.6306 -54.675
-25.6893 -59.1786 -53.112
-23.9883 -61.0456 -50.192
-21.3693 -58.2496 -49.777
-24.2063 -55.6216 -49.623
-26.0863 -57.8616 -47.088
-22.9083 -57.8686 -44.908
-22.4343 -54.0176 -45.14

-26.1323 -53.5426 -44.122
-25.4583 -55.3896 -40.838
-23.8373 -52.1096 -39.573
-25.7693 -49.5876 -41.718
-29.1533 -50.0806 -39.894
-31.6933 -47.9066 -38.011
-29.7693 -46.9646 -34.814
-26.4613 -46.1926 -36.636
-25.2323 -42.5926 -35.922
-21.7103 -42.6616 -37.535
-20.6073 -42.6986 -41.221

-19.9853 -46.3796 -42.044
-16.4953 -47.2006 -43.376
-16.2333 -50.2516 -45.711
-12.6723 -51.5036 -46.452
-12.1683 -54.1876 -49.164
-8.74825 -55.8826 -48.656
-7.21525 -56.8986 -52.059

-3.82625 -58.3986 -53.081
-2.12525 -57.8796 -56.51
-1.01925 -61.2446 -58.034
-4.04225 -63.2196 -56.616
-7.71425 -64.2196 -57.242

-8.72625 -60.6356 -56.163
-7.40725 -59.2916 -59.547
-10.1873 -61.2996 -61.357
-12.8863 -61.2226 -58.623
-12.9223 -57.4086 -58.203
-13.7333 -56.5666 -61.917
-16.3183 -59.4536 -61.867
-18.0273 -58.0166 -58.723
-18.0143 -54.5036 -60.34
-19.7073 -55.5866 -63.622
-22.3083 -57.5116 -61.507
-23.1503 -54.3766 -59.388
-23.5103 -52.3846 -62.66
-25.9833 -55.0296 -64.025
-27.9053 -54.7636 -60.693
-27.8903 -50.8996 -60.857
-29.1173 -50.8156 -64.527

-31.9903 -53.1376 -63.41
-32.7903 -50.5956 -60.565
-31.7143 -53.1966 -57.921
-28.6943 -51.2896 -56.445
-27.5193 -47.6746 -55.873
-24.0613 -49.1136 -55.138
-21.5873 -47.9776 -57.783
-18.1473 -49.6496 -57.31
-16.2623 -47.8436 -60.199

-15.2563 -44.7546 -58.117
-13.2083 -46.9436 -55.674
-10.8613 -48.2606 -58.453
-10.0103 -44.8636 -60.012

-8.74525 -43.9046 -56.482
-6.26025 -46.8776 -56.059

End chain 1
