-13.201 -6.296 -53.957
-10.703 -3.406 -53.291
-9.54 -3.087 -49.639
-11.02 0.322 -48.639
-8.614 1.85 -46.053
-10.787 3.126 -43.162

-9.634 6.195 -41.181
-10.061 4.9 -37.589
-10.286 6.838 -34.306
-12.195 7.103 -30.979
-14.163 9.439 -28.711
-12.619 10.223 -25.263
-14.157 12.207 -22.344

-11.943 15.248 -21.466
-14.301 16.978 -18.949
-17.827 16.65 -17.399
-19.139 18.761 -20.353

-16.752 17.96 -23.312
-15.482 14.956 -25.281
-12.62 14.751 -27.824
-12.437 12.939 -31.204
-8.982 11.264 -31.393
-8.672 10.357 -35.1

-6.282 10.744 -38.079
-6.98 13.557 -40.6
-9.895 13.022 -43.051

-11.208 15.853 -45.293
-14.92 14.856 -45.011
-14.611 14.37 -41.226
-13.015 17.857 -40.827
-15.875 19.254 -42.999
-18.403 17.482 -40.669
-16.559 18.759 -37.515
-16.844 22.341 -38.957

-20.697 21.797 -39.029
-20.861 21.033 -35.24
-22.116 23.933 -33.104
-20.016 23.255 -29.939
-16.791 22.621 -31.971

-13.393 23.436 -30.391
-10.011 22.816 -32.063
-6.805 22.812 -29.99

-3.883 23.919 -32.209
-1.328 22.314 -29.773
-2.753 18.736 -29.691
-4.334 19.137 -33.217

-7.578 17.622 -31.79
-11.313 18.386 -31.995
-13.683 18.544 -28.991
-17.466 19.001 -28.65
-20.131 19.402 -25.91

-21.257 16.038 -24.476
-24.923 16.743 -25.497
-23.731 16.722 -29.178
-22.178 13.179 -28.839
-25.228 11.354 -30.322
-25.57 14.044 -33.093
-21.852 13.682 -34.021
-21.815 9.829 -34.037
-25.045 9.774 -36.128
-23.507 12.176 -38.75
-20.093 10.348 -38.803

-21.793 6.948 -39.527
-22.962 8.546 -42.834
-19.328 9.196 -43.991
-17.677 6.563 -46.261
-14.251 5.2 -45.121

-14.46 6.789 -41.562
-14.765 4.819 -38.279
-15.142 6.964 -35.114
-15.663 4.659 -32.101

-18.218 6.249 -29.657
-17.862 6.903 -25.912
-18.35 3.469 -24.195
-21.794 2.549 -22.772
-20.235 2.829 -19.255
-19.534 6.58 -19.812
-22.964 7.196 -21.431
-24.623 5.531 -18.378
-22.42 7.523 -15.909

-23.028 10.919 -17.654
-26.668 10.153 -18.714
-27.851 13.482 -17.123

-25.214 15.594 -18.963
-26 13.8 -22.296
-29.631 15.147 -21.909

-29.014 18.802 -20.797
-28.522 21.656 -23.337
-27.494 23.803 -20.296
-24.374 24.206 -18.108
-26.03 23.63 -14.722
-23.195 22.587 -12.38
-23.731 19.355 -10.334

-27.219 19.392 -8.694
-26.798 20.208 -4.988
-26.578 17.032 -2.906
-29.814 16.999 -0.82
-29.276 16.946 2.956
-30.305 13.551 4.343

-32.727 13.25 7.268
-30.389 11.851 9.975
-33.077 12.019 12.787
-33.159 8.159 12.923
-29.32 8.149 13.454
-27.82 8.306 16.969

-27.52 12.074 17.913
-23.991 11.509 19.371
-22.796 10.469 15.867
-24.731 13.185 13.93
-23.402 16.008 16.22
-19.738 14.82 15.861

-19.687 14.822 11.995
-17.445 17.587 10.586

-19.106 19.692 7.763
-17.231 17.783 4.996
-18.064 14.402 6.666
-21.796 15.407 6.677
-21.562 16.318 2.947
-19.943 12.855 2.346
-22.788 11.075 4.244
-25.363 13.084 2.191
-23.555 12.165 -1.104
-23.43 8.459 -0.115
-27.196 8.491 0.728
-28.024 10.343 -2.565

-25.973 7.645 -4.472
-28.214 5.048 -2.67
-25.512 3.7 -0.27

-23.352 2.353 -3.174
-19.956 4.118 -3.237
-16.209 4.012 -2.721
-15.295 6.541 0.021

-11.694 7.195 -1.128

-11.135 10.189 1.225
-7.504 10.605 2.377

-6.048 8.715 5.398
-7.361 9.956 8.784
-10.233 12.169 7.374
-12.706 9.981 9.408

-13.844 7.354 6.831
-15.012 5.081 9.734
-17.363 7.714 11.316
-18.876 8.506 7.854
-19.282 4.738 7.09
-21.02 4.042 10.461
-23.415 6.996 9.798
-24.247 5.855 6.195
-24.846 2.277 7.463
-26.955 3.52 10.461
-29.227 5.531 8.078

-29.7179 2.97708 5.40757

-29.1722 -0.248647 7.34142
-32.1102 0.511979 9.62885
-34.3749 1.1932 6.6539
-33.3721 -2.08642 5.01636
-34.0927 -4.01387 8.21144

-30.8857 -2.04887 7.52944
-27.6627 -3.73787 6.31044
-24.3467 -1.92887 7.03844
-21.2437 -3.33987 5.26444
-17.9407 -1.95787 6.64444

-14.1617 -2.61687 7.02744
-13.5277 -5.42087 9.60844
-11.9677 -2.90587 12.1344
-14.8007 -0.240872 12.2404

-17.8697 -2.46887 13.0444
-18.0067 -1.35387 16.7164
-17.2657 2.29713 15.6714
-20.4767 2.09513 13.5474
-22.5257 0.502128 16.4164
-21.3797 3.31913 18.7704
-22.2207 5.87513 16.0104
-25.8337 4.51013 15.8014
-26.1937 4.53913 19.6524
-24.7077 8.09913 19.7644
-26.9347 9.59413 17.0194

-30.2327 7.59013 17.2814
-30.9627 7.34913 21.0974
-34.4997 6.19013 19.9894
-32.8757 2.69813 19.4474
-32.1417 0.114128 22.1584

-28.7437 -1.70487 21.8984
-30.7497 -4.92087 21.1214
-31.8917 -3.26787 17.8324

-28.2027 -3.41687 16.6174
-26.6167 -6.72487 15.5294
-22.7927 -6.64187 15.1224

-21.8137 -9.71687 13.0764
-18.4277 -10.9039 14.4134
-18.3127 -14.4379 12.8544
-19.5167 -16.3999 9.77644
-21.8807 -18.4209 12.1114
-23.8997 -15.4089 13.3584
-27.4637 -14.5179 12.2004
-27.1867 -11.5739 9.74244
-30.9277 -10.7029 10.3144
-31.0307 -10.7669 14.1684
-31.2197 -6.93287 14.5774
-33.1917 -4.06687 13.0364

-29.6997 -2.74087 12.0794
-27.1767 -5.43387 11.0064
-23.4477 -4.49887 10.8444
-21.1207 -6.90287 8.92844
-17.6407 -6.89587 7.33244

-16.7697 -7.34087 3.61844
-14.8687 -10.6099 4.41644
-17.9447 -12.1469 6.15444
-20.4117 -11.3699 3.26344

-19.0377 -14.3159 1.18144
-19.3987 -16.6739 4.22444
-22.9547 -15.3409 4.88644
-24.1257 -15.4159 1.18044
-26.8427 -18.0159 2.08544
-28.3547 -15.4369 4.55344
-28.0667 -12.4949 2.03044
-31.1827 -14.0339 0.319441
-33.2997 -12.0519 2.86644
-34.2057 -8.73787 1.09344
-32.4787 -5.83587 2.88344
-34.3477 -2.81587 1.40144

-31.8157 -0.277872 2.83344
-28.0477 -0.898872 2.47044
-25.1187 1.25413 3.64344
-21.6287 0.289128 2.40144

-18.7737 2.16213 4.10044
-15.4527 2.53413 2.19244

-17.1777 1.04713 -0.927559
-13.8767 1.19213 -2.92656
-13.3637 -2.34287 -1.41456
-15.8857 -3.46687 -4.13456

-13.6697 -2.03687 -7.01256
-12.9727 -5.50987 -8.56956
-16.0247 -7.58387 -9.69456
-14.1057 -10.9489 -9.59656
-13.4977 -10.7169 -5.79756

-15.6627 -12.8699 -3.46656
-16.6797 -9.72287 -1.44556
-17.9437 -8.00987 -4.65156
-19.6977 -11.1939 -5.96456
-21.5727 -11.5059 -2.60656
-22.4247 -7.73787 -2.29056
-23.5767 -6.95387 -5.88356
-26.8117 -9.12387 -5.96156
-28.0727 -7.38687 -2.75756
-27.1157 -3.87287 -4.02256
-29.0047 -4.42687 -7.34456
-32.2597 -5.52787 -5.53456

-32.1837 -3.24487 -2.42356
-34.4837 -0.142872 -2.66256

-31.9377 2.28313 -1.06256
-28.1307 2.05213 -1.58756
-25.8807 4.47613 0.331441
-22.2567 3.94213 -0.781559
-19.5387 5.87813 1.12944

-15.8507 6.46413 0.222441
-13.1097 9.11113 0.614441
-11.4017 7.70013 -2.49556
-14.1137 6.17713 -4.79056
-11.3747 5.37813 -7.30356
-7.95573 4.44313 -5.83556
-5.93273 4.67213 -9.11456
-8.07173 4.21413 -12.3226

-11.5977 4.81113 -13.8426
-12.2567 1.00313 -14.0596
-12.5137 0.881128 -10.1816
-15.7307 3.02913 -10.3376
-17.7397 0.553128 -12.4866
-19.0157 -1.62687 -9.57256
-20.0927 1.50713 -7.60156
-21.8497 2.99313 -10.7166
-23.8707 -0.238872 -11.3346
-24.6567 -0.526872 -7.57256
-26.2157 3.01613 -7.55456

-27.7187 2.74513 -11.1306
-28.1037 -0.970872 -12.2156
-29.2837 0.148128 -15.7386
-26.0467 2.10913 -16.4666
-23.4487 0.163128 -18.5506
-25.0117 -3.38587 -18.1876
-21.6877 -4.81787 -19.5296

-18.2127 -3.61987 -18.3876
-16.8307 -3.62287 -21.9906
-18.9777 -0.567872 -22.9886
-17.6767 1.36813 -19.9176
-14.0767 0.200128 -20.6266
-14.1397 1.23713 -24.3426
-15.3497 4.76513 -23.3886
-13.5147 5.57913 -20.1006

-10.6217 3.04813 -19.7226
-8.96273 3.53113 -23.2006
-9.61073 -0.177872 -23.8166

-7.03373 -1.82487 -26.1476
-7.28273 -5.17287 -27.9896
-4.00273 -7.01587 -27.2326

-3.00673 -10.4979 -28.6606
-4.05673 -12.0649 -25.2736

-7.41273 -10.1719 -24.8666
-8.57673 -6.68887 -23.7726
-6.48673 -4.26387 -21.6906

-8.49773 -1.79287 -19.4966
-5.56673 -0.176872 -17.5376
-5.89773 3.15013 -19.4306
-8.11673 6.23713 -19.0846
-10.2447 8.29713 -21.5236
-12.9997 10.9921 -21.6016

-12.5397 11.7091 -17.8266
-14.3707 15.1071 -17.9256
-17.4707 13.3311 -19.3826
-17.1457 10.6171 -16.6786
-16.9647 13.3851 -13.9856
-20.1727 15.0231 -15.3546
-22.0057 11.6281 -15.4636
-20.8937 10.8051 -11.8766
-21.9527 14.2031 -10.3896
-25.3547 14.2531 -12.2026
-26.5317 10.6441 -11.6676

-24.3007 8.64213 -9.20156

-22.1677 10.7001 -6.81756
-22.2257 13.5941 -4.34656

-18.6227 14.8361 -3.81356
-17.3157 17.8371 -1.82456
-13.7407 18.6721 -0.850559

-12.2147 20.1561 2.37744
-11.6037 23.3601 0.355441
-15.3587 23.6091 -0.544559
-16.7987 23.2391 3.01544

-13.9877 23.7341 5.63744
-12.0267 26.9691 4.80644
-10.6127 26.7321 8.40644
-8.60773 23.4641 7.99044

-4.80873 24.1581 7.97544
-3.05573 23.4241 4.65144

-1.39973 20.0541 3.90844
2.21627 20.9021 2.93044
3.75327 18.0121 0.928441
7.43227 17.5141 -0.0185585
9.79427 14.9051 -1.42056
12.8353 14.2101 0.820441
15.6543 12.6561 -1.23456

17.4343 10.4551 1.35644
21.1493 10.2741 0.546441

22.1333 7.04313 -1.37656
25.7483 7.51413 -0.0485585
24.7103 5.32213 2.97344

23.6693 2.53313 0.488441
26.8073 0.352128 0.554441

28.3133 -0.920872 -2.74356
27.0013 -4.53887 -2.20256
23.3793 -3.34087 -1.65156
23.6563 -1.01087 -4.71256
25.0853 -3.85587 -6.86456
22.1473 -6.07287 -5.67956
19.6013 -3.33787 -6.67756
21.3983 -2.93987 -10.0676
21.3113 -6.76587 -10.4986
17.5383 -7.07487 -9.75056
16.8503 -4.02287 -12.0186
18.8053 -5.69887 -14.9056
17.0313 -9.01187 -14.1146
13.5343 -7.45987 -14.6986
14.6253 -6.12887 -18.1696

16.1053 -9.45887 -19.4216
14.2753 -10.5569 -22.6266
14.4163 -14.3369 -22.0916
12.5453 -14.4979 -18.7066
8.97227 -15.7259 -18.1996

6.17627 -13.3389 -17.0456
6.49527 -15.0009 -13.5826
10.3173 -14.5419 -13.2936
9.76627 -10.8399 -14.2646
7.17727 -10.4869 -11.3896
9.54527 -12.3069 -8.95256
12.4943 -10.0149 -9.90956
10.1433 -6.97687 -9.45356
9.12827 -8.17887 -5.92956
12.8433 -8.75987 -5.12256
13.8133 -5.23887 -6.39456
10.9863 -3.69987 -4.27956
11.9413 -5.64887 -1.08156
15.6743 -4.73187 -1.64856
14.6243 -1.04187 -2.00856
12.9733 -1.23087 1.45144
16.1333 -2.81187 3.02044
18.4333 -0.250872 1.29244
16.4343 2.72313 2.73844
16.3813 1.52713 6.43644
19.6683 3.28013 7.57344
18.7313 6.71313 6.10144
15.0463 6.35813 7.14144
16.3873 5.81013 10.7124
18.8593 8.75313 10.3254
15.9323 11.0041 9.24244
13.6203 9.85213 12.1324
16.4253 10.6201 14.6434
17.0793 14.0701 13.0184
13.3303 14.8671 13.4944
13.4573 13.8561 17.2194
16.7823 15.7211 17.8094

15.1243 18.8001 16.1264
12.6443 18.7851 19.1004
9.47527 17.4881 17.3094
6.78127 16.5351 19.8374
4.52827 14.1861 17.7134

4.74727 12.5911 14.2324
3.57927 9.51513 12.2614
5.94927 7.15313 10.3864
4.36327 5.08613 7.58244
5.98427 1.93113 6.11144

4.60227 -1.36987 4.63444
7.48027 -3.91387 4.68944

7.61127 -5.59787 8.14244
11.4743 -5.39587 8.20044
11.2443 -1.53887 7.95844
8.64127 -1.35387 10.8024
10.8023 -3.78887 12.8884
14.0673 -1.80687 12.3344
12.3903 1.57213 13.1804
10.8373 0.143128 16.4194
14.1733 -1.48987 17.4494
16.1153 1.81313 17.0294
13.4293 3.82613 18.9374
13.6473 1.23513 21.8024
17.5093 1.45913 21.6874

17.2213 5.31413 21.9434
14.5533 4.88213 24.7444
11.9753 6.84213 22.6424
8.37127 6.15513 23.7114

6.36827 5.16413 20.6004
3.28327 3.19613 19.4344
3.20527 0.479128 16.7184
0.203273 -0.621872 14.5744

0.469273 -3.34387 11.8764
-1.36373 -6.43987 10.4624
-0.785727 -8.35687 13.7714
-2.21973 -5.60787 16.0874
-5.73273 -6.61287 17.2764
-8.89573 -4.51687 16.6204
-9.26873 -3.40887 20.3084

-5.51073 -2.76687 20.8954
-5.51973 -0.541872 17.7284
-8.08073 1.79013 19.3924
-6.23173 1.73513 22.7764
-2.79573 2.52313 21.1684
-4.53673 5.29213 19.1454
-5.87073 6.78013 22.4454
-2.39373 6.39713 24.0984
-0.745727 8.41313 21.2304
-3.59373 11.0131 21.2804
-3.66773 11.5771 25.0914

-0.0347267 10.9141 26.2254
2.54927 13.6961 25.5394
5.35227 11.0681 25.9894
4.54127 9.06413 22.8114
6.51027 11.0451 20.1904

6.36827 8.52113 17.2774
3.60827 6.35013 15.7984
5.07027 3.48813 13.6684
2.21427 2.57813 11.2954
1.64027 0.0501284 8.50744

0.328273 1.94613 5.40644
-2.10073 -0.963872 4.69744
-3.16373 -1.81287 8.29444
-3.65073 1.78113 9.66144
-5.37273 3.31013 6.52844
-8.83373 2.83613 8.21644
-10.8317 3.79213 11.3674
-8.06473 5.55813 13.3624
-7.61573 9.33013 14.0474
-4.16273 10.8731 14.7564
-4.99973 14.6081 15.2024
-2.28973 14.9401 17.9554
0.494273 14.8751 15.2824
1.37827 17.6801 12.7854

3.82527 15.6031 10.6434
3.51627 12.4391 8.50144
6.68327 10.6721 7.21644
6.30627 8.03913 4.47244

9.46627 5.91613 4.91644
8.25727 3.89613 1.88544
6.24627 4.69913 -1.26256
3.05327 2.73413 -2.05856
1.96727 2.18013 -5.72556
-1.67873 3.15213 -4.98056

-2.21873 6.92913 -4.33256
-5.69173 6.38113 -2.76956
-3.99073 4.51413 0.150441
-1.37173 7.31013 0.565441
-4.20873 9.93813 0.719441
-6.08873 7.69813 3.25444
-2.91073 7.69113 5.43444
-2.43673 11.5421 5.20244

-6.13473 12.0171 6.22044
-5.46073 10.1701 9.50444
-3.83973 13.4501 10.7694
-5.77173 15.9721 8.62444
-9.15573 15.4791 10.4484
-11.6957 17.6531 12.3314
-9.77173 18.5951 15.5284
-6.46373 19.3671 13.7064
-5.23473 22.9671 14.4204
-1.71273 22.8981 12.8074
-0.609727 22.8611 9.12144

0.0122733 19.1801 8.29844
3.50227 18.3591 6.96644
3.76427 15.3081 4.63144
7.32527 14.0561 3.89044
7.82927 11.3721 1.17844
11.2493 9.67713 1.68644
12.7823 8.66113 -1.71656

16.1713 7.16113 -2.73856
17.8723 7.68013 -6.16756
18.9783 4.31513 -7.69156
15.9553 2.34013 -6.27356
12.2833 1.34013 -6.89956

11.2713 4.92413 -5.82056
12.5903 6.26813 -9.20456
9.81027 4.26013 -11.0146
7.11127 4.33713 -8.28056
7.07527 8.15113 -7.86056
6.26427 8.99313 -11.5746
3.67927 6.10613 -11.5246
1.97027 7.54313 -8.38056
1.98327 11.0561 -9.99756
0.290273 9.97313 -13.2796
-2.31073 8.04813 -11.1646
-3.15273 11.1831 -9.04556
-3.51273 13.1751 -12.3176
-5.98573 10.5301 -13.6826
-7.90773 10.7961 -10.3506
-7.89273 14.6601 -10.5146
-9.11973 14.7441 -14.1846

-11.9927 12.4221 -13.0676
-12.7927 14.9641 -10.2226
-11.7167 12.3631 -7.57856
-8.69673 14.2701 -6.10256
-7.52173 17.8851 -5.53056
-4.06373 16.4461 -4.79556
-1.58973 17.5821 -7.44056
1.85027 15.9101 -6.96756
3.73527 17.7161 -9.85656

4.74127 20.8051 -7.77456
6.78927 18.6161 -5.33156
9.13627 17.2991 -8.11056
9.98727 20.6961 -9.66956

11.2523 21.6551 -6.13956
13.7373 18.6821 -5.71656

End chain 1
