-13.201 -6.296 -53.957
-10.703 -3.406 -53.291
-9.54 -3.087 -49.639
-11.02 0.322 -48.639
-8.614 1.85 -46.053
-10.787 3.126 -43.162

-9.634 6.195 -41.181
-10.061 4.9 -37.589
-10.286 6.838 -34.306
-12.195 7.103 -30.979
-14.163 9.439 -28.711
-12.619 10.223 -25.263
-14.157 12.207 -22.344

-11.943 15.248 -21.466
-14.301 16.978 -18.949
-17.827 16.65 -17.399
-19.139 18.761 -20.353

-16.752 17.96 -23.312
-15.482 14.956 -25.281
-12.62 14.751 -27.824
-12.437 12.939 -31.204
-8.982 11.264 -31.393
-8.672 10.357 -35.1

-6.282 10.744 -38.079
-6.98 13.557 -40.6
-9.895 13.022 -43.051

-11.208 15.853 -45.293
-14.92 14.856 -45.011
-14.611 14.37 -41.226
-13.015 17.857 -40.827
-15.875 19.254 -42.999
-18.403 17.482 -40.669
-16.559 18.759 -37.515
-16.844 22.341 -38.957

-20.697 21.797 -39.029
-20.861 21.033 -35.24
-22.116 23.933 -33.104
-20.016 23.255 -29.939
-16.791 22.621 -31.971

-13.393 23.436 -30.391
-10.011 22.816 -32.063
-6.805 22.812 -29.99

-3.883 23.919 -32.209
-1.328 22.314 -29.773
-2.753 18.736 -29.691
-4.334 19.137 -33.217

-7.578 17.622 -31.79
-11.313 18.386 -31.995
-13.683 18.544 -28.991
-17.466 19.001 -28.65
-20.131 19.402 -25.91

-21.257 16.038 -24.476
-24.923 16.743 -25.497
-23.731 16.722 -29.178
-22.178 13.179 -28.839
-25.228 11.354 -30.322
-25.57 14.044 -33.093
-21.852 13.682 -34.021
-21.815 9.829 -34.037
-25.045 9.774 -36.128
-23.507 12.176 -38.75
-20.093 10.348 -38.803

-21.793 6.948 -39.527
-22.962 8.546 -42.834
-19.328 9.196 -43.991
-17.677 6.563 -46.261
-14.251 5.2 -45.121

-14.46 6.789 -41.562
-14.765 4.819 -38.279
-15.142 6.964 -35.114
-15.663 4.659 -32.101

-18.218 6.249 -29.657
-17.862 6.903 -25.912
-18.35 3.469 -24.195
-21.794 2.549 -22.772
-20.235 2.829 -19.255
-19.534 6.58 -19.812
-22.964 7.196 -21.431
-24.623 5.531 -18.378
-22.42 7.523 -15.909

-23.028 10.919 -17.654
-26.668 10.153 -18.714
-27.851 13.482 -17.123

-25.214 15.594 -18.963
-26 13.8 -22.296
-29.631 15.147 -21.909

-29.014 18.802 -20.797
-28.522 21.656 -23.337
-27.494 23.803 -20.296
-24.374 24.206 -18.108
-26.03 23.63 -14.722
-23.195 22.587 -12.38
-23.731 19.355 -10.334

-27.219 19.392 -8.694
-26.798 20.208 -4.988
-26.578 17.032 -2.906
-29.814 16.999 -0.82
-29.276 16.946 2.956
-30.305 13.551 4.343

-32.727 13.25 7.268
-30.389 11.851 9.975
-33.077 12.019 12.787
-33.159 8.159 12.923
-29.32 8.149 13.454
-27.82 8.306 16.969

-27.52 12.074 17.913
-23.991 11.509 19.371
-22.796 10.469 15.867
-24.731 13.185 13.93
-23.402 16.008 16.22
-19.738 14.82 15.861

-19.687 14.822 11.995
-17.445 17.587 10.586

-19.106 19.692 7.763
-17.231 17.783 4.996
-18.064 14.402 6.666
-21.796 15.407 6.677
-21.562 16.318 2.947
-19.943 12.855 2.346
-22.788 11.075 4.244
-25.363 13.084 2.191
-23.555 12.165 -1.104
-23.43 8.459 -0.115
-27.196 8.491 0.728
-28.024 10.343 -2.565

-25.973 7.645 -4.472
-28.214 5.048 -2.67
-25.512 3.7 -0.27

-23.352 2.353 -3.174
-19.956 4.118 -3.237
-16.209 4.012 -2.721
-15.295 6.541 0.021

-11.694 7.195 -1.128

-11.135 10.189 1.225
-7.504 10.605 2.377

-6.048 8.715 5.398
-7.361 9.956 8.784
-10.233 12.169 7.374
-12.706 9.981 9.408

-13.844 7.354 6.831
-15.012 5.081 9.734
-17.363 7.714 11.316
-18.876 8.506 7.854
-19.282 4.738 7.09
-21.02 4.042 10.461
-23.415 6.996 9.798
-24.247 5.855 6.195
-24.846 2.277 7.463
-26.955 3.52 10.461
-29.227 5.531 8.078

-29.9 2.058 6.507

-30.384 0.293 9.981
-33.886 -0.857 8.77
-32.05 -2.956 6.062
-29.626 -4.868 8.41
-27.981 -7.413 9.17

-24.774 -5.448 8.488
-21.551 -7.137 7.269
-18.235 -5.328 7.997
-15.132 -6.739 6.223
-11.829 -5.357 7.603

-8.05 -6.016 7.986
-7.416 -8.82 10.567
-5.856 -6.305 13.093
-8.689 -3.64 13.199

-11.758 -5.868 14.003
-11.895 -4.753 17.675
-11.154 -1.102 16.63
-14.365 -1.304 14.506
-16.414 -2.897 17.375
-15.268 -0.08 19.729
-16.109 2.476 16.969
-19.722 1.111 16.76
-20.082 1.14 20.611
-18.596 4.7 20.723
-20.823 6.195 17.978

-24.121 4.191 18.24
-24.851 3.95 22.056
-28.388 2.791 20.948
-26.764 -0.701 20.406
-26.03 -3.285 23.117

-22.632 -5.104 22.857
-24.638 -8.32 22.08
-25.78 -6.667 18.791

-22.091 -6.816 17.576
-20.505 -10.124 16.488
-16.681 -10.041 16.081

-14.7901 -10.5073 12.8402
-14 -10.6124 9.20576
-12.1644 -11.1673 5.834
-12.3991 -7.32533 6.33803
-12.4744 -4.08392 8.21745
-15.7448 -1.97273 8.173
-15.9005 -5.17058 10.1539
-14.7831 -5.72118 13.7963
-18.4548 -5.35882 14.4766
-20.3235 -7.28452 11.7333
-22.5965 -4.49967 10.2657
-20.9552 -6.37518 7.40154

-18.4838 -8.13145 5.23649
-16.3264 -9.99877 2.72364
-13.9544 -11.7992 0.297161
-14.4593 -11.8939 -3.52308
-17.0131 -14.6461 -3.87152

-16.1421 -15.0911 -7.58552
-14.2411 -18.3601 -6.78752
-17.3171 -19.8971 -5.04952
-19.7841 -19.1201 -7.94052

-18.4101 -22.0661 -10.0225
-18.7711 -24.4241 -6.97952
-22.3271 -23.0911 -6.31752
-23.4981 -23.1661 -10.0235
-26.2151 -25.7661 -9.11852
-27.7271 -23.1871 -6.65052
-27.4391 -20.2451 -9.17352
-30.5551 -21.7841 -10.8845
-32.6721 -19.8021 -8.33752
-33.5781 -16.4881 -10.1105
-31.8511 -13.5861 -8.32052
-33.7201 -10.5661 -9.80252

-31.1881 -8.02815 -8.37052
-27.4201 -8.64915 -8.73352
-24.4911 -6.49615 -7.56052
-21.0011 -7.46115 -8.80252

-18.1461 -5.58815 -7.10352
-14.8251 -5.21615 -9.01152

-16.5501 -6.70315 -12.1315
-13.2491 -6.55815 -14.1305
-12.7361 -10.0931 -12.6185
-15.2581 -11.2171 -15.3385

-13.0421 -9.78715 -18.2165
-12.3451 -13.2601 -19.7735
-15.3971 -15.3341 -20.8985
-13.4781 -18.6991 -20.8005
-12.8701 -18.4671 -17.0015

-15.0351 -20.6201 -14.6705
-16.0521 -17.4731 -12.6495
-17.3161 -15.7601 -15.8555
-19.0701 -18.9441 -17.1685
-20.9451 -19.2561 -13.8105
-21.7971 -15.4881 -13.4945
-22.9491 -14.7041 -17.0875
-26.1841 -16.8741 -17.1655
-27.4451 -15.1371 -13.9615
-26.4881 -11.6231 -15.2265
-28.3771 -12.1771 -18.5485
-31.6321 -13.2781 -16.7385

-31.5561 -10.9951 -13.6275
-33.8561 -7.89315 -13.8665

-31.3101 -5.46715 -12.2665
-27.5031 -5.69815 -12.7915
-25.2531 -3.27415 -10.8725
-21.6291 -3.80815 -11.9855
-18.9111 -1.87215 -10.0745

-15.2231 -1.28615 -10.9815
-12.4821 1.36085 -10.5895
-10.7741 -0.0501464 -13.6995
-13.4861 -1.57315 -15.9945
-10.7471 -2.37215 -18.5075
-7.32809 -3.30715 -17.0395
-5.30509 -3.07815 -20.3185
-7.44409 -3.53615 -23.5265

-10.9701 -2.93915 -25.0465
-11.6291 -6.74715 -25.2635
-11.8861 -6.86915 -21.3855
-15.1031 -4.72115 -21.5415
-17.1121 -7.19715 -23.6905
-18.3881 -9.37715 -20.7765
-19.4651 -6.24315 -18.8055
-21.2221 -4.75715 -21.9205
-23.2431 -7.98915 -22.5385
-24.0291 -8.27715 -18.7765
-25.5881 -4.73415 -18.7585

-27.0911 -5.00515 -22.3345
-27.4761 -8.72115 -23.4195
-28.6561 -7.60215 -26.9425
-25.4191 -5.64115 -27.6705
-22.8211 -7.58715 -29.7545
-24.3841 -11.1361 -29.3915
-21.0601 -12.5681 -30.7335

-17.5851 -11.3701 -29.5915
-16.2031 -11.3731 -33.1945
-18.3501 -8.31815 -34.1925
-17.0491 -6.38215 -31.1215
-13.4491 -7.55015 -31.8305
-13.5121 -6.51315 -35.5465
-14.7221 -2.98515 -34.5925
-12.8871 -2.17115 -31.3045

-9.99409 -4.70215 -30.9265
-8.33509 -4.21915 -34.4045
-8.98309 -7.92815 -35.0205

-6.40609 -9.57515 -37.3515
-6.65509 -12.9231 -39.1935
-3.37509 -14.7661 -38.4365

-2.37909 -18.2481 -39.8645
-3.42909 -19.8151 -36.4775

-6.78509 -17.9221 -36.0705
-7.94909 -14.4391 -34.9765
-5.85909 -12.0141 -32.8945

-7.87009 -9.54315 -30.7005
-4.93909 -7.92715 -28.7415
-5.27009 -4.60015 -30.6345
-7.48909 -1.51315 -30.2885
-9.61709 0.546854 -32.7275
-12.3721 3.24185 -32.8055

-11.9121 3.95885 -29.0305
-13.7431 7.35685 -29.1295
-16.8431 5.58085 -30.5865
-16.5181 2.86685 -27.8825
-16.3371 5.63485 -25.1895
-19.5451 7.27285 -26.5585
-21.3781 3.87785 -26.6675
-20.2661 3.05485 -23.0805
-21.3251 6.45285 -21.5935
-24.7271 6.50285 -23.4065
-25.9041 2.89385 -22.8715

-23.6731 0.891854 -20.4055

-21.5401 2.94985 -18.0215
-21.5981 5.84385 -15.5505

-17.9951 7.08585 -15.0175
-16.6881 10.0869 -13.0285
-13.1131 10.9219 -12.0545

-11.5871 12.4059 -8.82652
-10.9761 15.6099 -10.8485
-14.7311 15.8589 -11.7485
-16.1711 15.4889 -8.18852

-13.3601 15.9839 -5.56652
-11.3991 19.2189 -6.39752
-9.98509 18.9819 -2.79752
-7.98009 15.7139 -3.21352

-4.18109 16.4079 -3.22852
-2.42809 15.6739 -6.55252

-0.772088 12.3039 -7.29552
2.84391 13.1519 -8.27352
4.38091 10.2619 -10.2755
8.05991 9.76385 -11.2225
10.4219 7.15485 -12.6245
13.4629 6.45985 -10.3835
16.2819 4.90585 -12.4385

18.0619 2.70485 -9.84752
21.7769 2.52385 -10.6575

22.7609 -0.707146 -12.5805
26.3759 -0.236146 -11.2525
25.3379 -2.42815 -8.23052

24.2969 -5.21715 -10.7155
27.4349 -7.39815 -10.6495

28.9409 -8.67115 -13.9475
27.6289 -12.2891 -13.4065
24.0069 -11.0911 -12.8555
24.2839 -8.76115 -15.9165
25.7129 -11.6061 -18.0685
22.7749 -13.8231 -16.8835
20.2289 -11.0881 -17.8815
22.0259 -10.6901 -21.2715
21.9389 -14.5161 -21.7025
18.1659 -14.8251 -20.9545
17.4779 -11.7731 -23.2225
19.4329 -13.4491 -26.1095
17.6589 -16.7621 -25.3185
14.1619 -15.2101 -25.9025
15.2529 -13.8791 -29.3735

16.7329 -17.2091 -30.6255
14.9029 -18.3071 -33.8305
15.0439 -22.0871 -33.2955
13.1729 -22.2481 -29.9105
9.59991 -23.4761 -29.4035

6.80391 -21.0891 -28.2495
7.12291 -22.7511 -24.7865
10.9449 -22.2921 -24.4975
10.3939 -18.5901 -25.4685
7.80491 -18.2371 -22.5935
10.1729 -20.0571 -20.1565
13.1219 -17.7651 -21.1135
10.7709 -14.7271 -20.6575
9.75591 -15.9291 -17.1335
13.4709 -16.5101 -16.3265
14.4409 -12.9891 -17.5985
11.6139 -11.4501 -15.4835
12.5689 -13.3991 -12.2855
16.3019 -12.4821 -12.8525
15.2519 -8.79215 -13.2125
13.6009 -8.98115 -9.75252
16.7609 -10.5621 -8.18352
19.0609 -8.00115 -9.91152
17.0619 -5.02715 -8.46552
17.0089 -6.22315 -4.76752
20.2959 -4.47015 -3.63052
19.3589 -1.03715 -5.10252
15.6739 -1.39215 -4.06252
17.0149 -1.94015 -0.491519
19.4869 1.00285 -0.878519
16.5599 3.25385 -1.96152
14.2479 2.10185 0.928481
17.0529 2.86985 3.43948
17.7069 6.31985 1.81448
13.9579 7.11685 2.29048
14.0849 6.10585 6.01548
17.4099 7.97085 6.60548

15.7519 11.0499 4.92248
13.2719 11.0349 7.89648
10.1029 9.73785 6.10548
7.40891 8.78485 8.63348
5.15591 6.43585 6.50948

5.37491 4.84085 3.02848
4.20691 1.76485 1.05748
6.57691 -0.597146 -0.817519
4.99091 -2.66415 -3.62152
6.61191 -5.81915 -5.09252

5.22991 -9.12015 -6.56952
8.10791 -11.6641 -6.51452

8.23891 -13.3481 -3.06152
12.1019 -13.1461 -3.00352
11.8719 -9.28915 -3.24552
9.26891 -9.10415 -0.401519
11.4299 -11.5391 1.68448
14.6949 -9.55715 1.13048
13.0179 -6.17815 1.97648
11.4649 -7.60715 5.21548
14.8009 -9.24015 6.24548
16.7429 -5.93715 5.82548
14.0569 -3.92415 7.73348
14.2749 -6.51515 10.5985
18.1369 -6.29115 10.4835

17.8489 -2.43615 10.7395
15.1809 -2.86815 13.5405
12.6029 -0.908146 11.4385
8.99891 -1.59515 12.5075

6.99591 -2.58615 9.39648
3.91091 -4.55415 8.23048
3.83291 -7.27115 5.51448
0.830912 -8.37215 3.37048

1.09691 -11.0941 0.672481
-0.736088 -14.1901 -0.741519
-0.158088 -16.1071 2.56748
-1.59209 -13.3581 4.88348
-5.10509 -14.3631 6.07248
-8.26809 -12.2671 5.41648
-8.64109 -11.1591 9.10448

-4.88309 -10.5171 9.69148
-4.89209 -8.29215 6.52448
-7.45309 -5.96015 8.18848
-5.60409 -6.01515 11.5725
-2.16809 -5.22715 9.96448
-3.90909 -2.45815 7.94148
-5.24309 -0.970146 11.2415
-1.76609 -1.35315 12.8945
-0.118088 0.662854 10.0265
-2.96609 3.26285 10.0765
-3.04009 3.82685 13.8875

0.592912 3.16385 15.0215
3.17691 5.94585 14.3355
5.97991 3.31785 14.7855
5.16891 1.31385 11.6075
7.13791 3.29485 8.98648

6.99591 0.770854 6.07348
4.23591 -1.40015 4.59448
5.69791 -4.26215 2.46448
2.84191 -5.17215 0.0914808
2.26791 -7.70015 -2.69652

0.955912 -5.80415 -5.79752
-1.47309 -8.71415 -6.50652
-2.53609 -9.56315 -2.90952
-3.02309 -5.96915 -1.54252
-4.74509 -4.44015 -4.67552
-8.20609 -4.91415 -2.98752
-10.2041 -3.95815 0.163481
-7.43709 -2.19215 2.15848
-6.98809 1.57985 2.84348
-3.53509 3.12285 3.55248
-4.37209 6.85785 3.99848
-1.66209 7.18985 6.75148
1.12191 7.12485 4.07848
2.00591 9.92985 1.58148

4.45291 7.85285 -0.560519
4.14391 4.68885 -2.70252
7.31091 2.92185 -3.98752
6.93391 0.288854 -6.73152

10.0939 -1.83415 -6.28752
8.88491 -3.85415 -9.31852
6.87391 -3.05115 -12.4665
3.68091 -5.01615 -13.2625
2.59491 -5.57015 -16.9295
-1.05109 -4.59815 -16.1845

-1.59109 -0.821146 -15.5365
-5.06409 -1.36915 -13.9735
-3.36309 -3.23615 -11.0535
-0.744088 -0.440146 -10.6385
-3.58109 2.18785 -10.4845
-5.46109 -0.0521464 -7.94952
-2.28309 -0.0591464 -5.76952
-1.80909 3.79185 -6.00152

-5.50709 4.26685 -4.98352
-4.83309 2.41985 -1.69952
-3.21209 5.69985 -0.434519
-5.14409 8.22185 -2.57952
-8.52809 7.72885 -0.755519
-11.0681 9.90285 1.12748
-9.14409 10.8449 4.32448
-5.83609 11.6169 2.50248
-4.60709 15.2169 3.21648
-1.08509 15.1479 1.60348
0.0179123 15.1109 -2.08252

0.639912 11.4299 -2.90552
4.12991 10.6089 -4.23752
4.39191 7.55785 -6.57252
7.95291 6.30585 -7.31352
8.45691 3.62185 -10.0255
11.8769 1.92685 -9.51752
13.4099 0.910854 -12.9205

16.7989 -0.589146 -13.9425
18.4999 -0.0701464 -17.3715
19.6059 -3.43515 -18.8955
16.5829 -5.41015 -17.4775
12.9109 -6.41015 -18.1035

11.8989 -2.82615 -17.0245
13.2179 -1.48215 -20.4085
10.4379 -3.49015 -22.2185
7.73891 -3.41315 -19.4845
7.70291 0.400854 -19.0645
6.89191 1.24285 -22.7785
4.30691 -1.64415 -22.7285
2.59791 -0.207146 -19.5845
2.61091 3.30585 -21.2015
0.917912 2.22285 -24.4835
-1.68309 0.297854 -22.3685
-2.52509 3.43285 -20.2495
-2.88509 5.42485 -23.5215
-5.35809 2.77985 -24.8865
-7.28009 3.04585 -21.5545
-7.26509 6.90985 -21.7185
-8.49209 6.99385 -25.3885

-11.3651 4.67185 -24.2715
-12.1651 7.21385 -21.4265
-11.0891 4.61285 -18.7825
-8.06909 6.51985 -17.3065
-6.89409 10.1349 -16.7345
-3.43609 8.69585 -15.9995
-0.962088 9.83185 -18.6445
2.47791 8.15985 -18.1715
4.36291 9.96585 -21.0605

5.36891 13.0549 -18.9785
7.41691 10.8659 -16.5355
9.76391 9.54885 -19.3145
10.6149 12.9459 -20.8735

11.8799 13.9049 -17.3435
14.3649 10.9319 -16.9205

End chain 1
