-13.201 -6.296 -53.957
-10.703 -3.406 -53.291
-9.54 -3.087 -49.639
-11.02 0.322 -48.639
-8.614 1.85 -46.053
-10.787 3.126 -43.162

-9.634 6.195 -41.181
-10.061 4.9 -37.589
-10.286 6.838 -34.306
-12.195 7.103 -30.979
-14.163 9.439 -28.711
-12.619 10.223 -25.263
-14.157 12.207 -22.344

-11.943 15.248 -21.466
-14.301 16.978 -18.949
-17.827 16.65 -17.399
-19.139 18.761 -20.353

-16.752 17.96 -23.312
-15.482 14.956 -25.281
-12.62 14.751 -27.824
-12.437 12.939 -31.204
-8.982 11.264 -31.393
-8.672 10.357 -35.1

-6.282 10.744 -38.079
-6.98 13.557 -40.6
-9.895 13.022 -43.051

-11.208 15.853 -45.293
-14.92 14.856 -45.011
-14.611 14.37 -41.226
-13.015 17.857 -40.827
-15.875 19.254 -42.999
-18.403 17.482 -40.669
-16.559 18.759 -37.515
-16.844 22.341 -38.957

-20.697 21.797 -39.029
-20.861 21.033 -35.24
-22.116 23.933 -33.104
-20.016 23.255 -29.939
-16.791 22.621 -31.971

-13.393 23.436 -30.391
-10.011 22.816 -32.063
-6.805 22.812 -29.99

-3.883 23.919 -32.209
-1.328 22.314 -29.773
-2.753 18.736 -29.691
-4.334 19.137 -33.217

-7.578 17.622 -31.79
-11.313 18.386 -31.995
-13.683 18.544 -28.991
-17.466 19.001 -28.65
-20.131 19.402 -25.91

-21.257 16.038 -24.476
-24.923 16.743 -25.497
-23.731 16.722 -29.178
-22.178 13.179 -28.839
-25.228 11.354 -30.322
-25.57 14.044 -33.093
-21.852 13.682 -34.021
-21.815 9.829 -34.037
-25.045 9.774 -36.128
-23.507 12.176 -38.75
-20.093 10.348 -38.803

-21.793 6.948 -39.527
-22.962 8.546 -42.834
-19.328 9.196 -43.991
-17.677 6.563 -46.261
-14.251 5.2 -45.121

-14.46 6.789 -41.562
-14.765 4.819 -38.279
-15.142 6.964 -35.114
-15.663 4.659 -32.101

-18.218 6.249 -29.657
-17.862 6.903 -25.912
-18.35 3.469 -24.195
-21.794 2.549 -22.772
-20.235 2.829 -19.255
-19.534 6.58 -19.812
-22.964 7.196 -21.431
-24.623 5.531 -18.378
-22.42 7.523 -15.909

-23.028 10.919 -17.654
-26.668 10.153 -18.714
-27.851 13.482 -17.123

-25.214 15.594 -18.963
-26 13.8 -22.296
-29.631 15.147 -21.909

-29.014 18.802 -20.797
-28.522 21.656 -23.337
-27.494 23.803 -20.296
-24.374 24.206 -18.108
-26.03 23.63 -14.722
-23.195 22.587 -12.38
-23.731 19.355 -10.334

-27.219 19.392 -8.694
-26.798 20.208 -4.988
-26.578 17.032 -2.906
-29.814 16.999 -0.82
-29.276 16.946 2.956
-30.305 13.551 4.343

-32.727 13.25 7.268
-30.389 11.851 9.975
-33.077 12.019 12.787
-33.159 8.159 12.923
-29.32 8.149 13.454
-27.82 8.306 16.969

-27.52 12.074 17.913
-23.991 11.509 19.371
-22.796 10.469 15.867
-24.731 13.185 13.93
-23.402 16.008 16.22
-19.738 14.82 15.861

-19.687 14.822 11.995
-17.445 17.587 10.586

-19.106 19.692 7.763
-17.231 17.783 4.996
-18.064 14.402 6.666
-21.796 15.407 6.677
-21.562 16.318 2.947
-19.943 12.855 2.346
-22.788 11.075 4.244
-25.363 13.084 2.191
-23.555 12.165 -1.104
-23.43 8.459 -0.115
-27.196 8.491 0.728
-28.024 10.343 -2.565

-25.973 7.645 -4.472
-28.214 5.048 -2.67
-25.512 3.7 -0.27

-23.352 2.353 -3.174
-19.956 4.118 -3.237
-16.209 4.012 -2.721
-15.295 6.541 0.021

-11.694 7.195 -1.128

-11.135 10.189 1.225
-7.504 10.605 2.377

-6.048 8.715 5.398
-7.361 9.956 8.784
-10.233 12.169 7.374
-12.706 9.981 9.408

-13.844 7.354 6.831
-15.012 5.081 9.734
-17.363 7.714 11.316
-18.876 8.506 7.854
-19.282 4.738 7.09
-21.02 4.042 10.461
-23.415 6.996 9.798
-24.247 5.855 6.195
-24.846 2.277 7.463
-26.955 3.52 10.461
-29.227 5.531 8.078

-29.9 2.058 6.507

-30.384 0.293 9.981
-33.886 -0.857 8.77
-32.05 -2.956 6.062
-29.626 -4.868 8.41
-27.981 -7.413 9.17

-24.774 -5.448 8.488
-21.551 -7.137 7.269
-18.235 -5.328 7.997
-15.132 -6.739 6.223
-11.829 -5.357 7.603

-8.05 -6.016 7.986
-7.416 -8.82 10.567
-5.856 -6.305 13.093
-8.689 -3.64 13.199

-11.758 -5.868 14.003
-11.895 -4.753 17.675
-11.154 -1.102 16.63
-14.365 -1.304 14.506
-16.414 -2.897 17.375
-15.268 -0.08 19.729
-16.109 2.476 16.969
-19.722 1.111 16.76
-20.082 1.14 20.611
-18.596 4.7 20.723
-20.823 6.195 17.978

-23.8368 4.90837 20.0115
-26.8355 5.60328 22.3319
-29.7667 6.10539 24.5966
-33.1507 6.58309 22.8985
-36.6453 7.92193 22.028

-38.4301 4.91424 23.515
-40.262 7.11485 26.0138
-41.3891 9.47453 23.2562

-37.7001 9.32553 22.0412
-36.1141 6.01753 20.9532
-32.2901 6.10053 20.5462

-31.3111 3.02553 18.5002
-27.9251 1.83853 19.8372
-27.8101 -1.69547 18.2782
-29.0141 -3.65747 15.2002
-31.3781 -5.67847 17.5352
-33.3971 -2.66647 18.7822
-36.9611 -1.77547 17.6242
-36.6841 1.16853 15.1662
-40.4251 2.03953 15.7382
-40.5281 1.97553 19.5922
-40.7171 5.80953 20.0012
-42.6891 8.67553 18.4602

-39.1971 10.0015 17.5032
-36.6741 7.30853 16.4302
-32.9451 8.24353 16.2682
-30.6181 5.83953 14.3522
-27.1381 5.84653 12.7562

-26.2671 5.40153 9.0422
-24.3661 2.13253 9.8402
-27.4421 0.59553 11.5782
-29.9091 1.37253 8.6872

-28.5351 -1.57347 6.6052
-28.8961 -3.93147 9.6482
-32.4521 -2.59847 10.3102
-33.6231 -2.67347 6.6042
-36.3401 -5.27347 7.5092
-37.8521 -2.69447 9.9772
-37.5641 0.24753 7.4542
-40.6801 -1.29147 5.7432
-42.7971 0.69053 8.2902
-43.7031 4.00453 6.5172
-41.9761 6.90653 8.3072
-43.8451 9.92653 6.8252

-41.3131 12.4645 8.2572
-37.5451 11.8435 7.8942
-34.6161 13.9965 9.0672
-31.1261 13.0315 7.8252

-28.2711 14.9045 9.5242
-24.9501 15.2765 7.6162

-26.6751 13.7895 4.4962
-23.3741 13.9345 2.4972
-22.8611 10.3995 4.0092
-25.3831 9.27553 1.2892

-23.1671 10.7055 -1.5888
-22.4701 7.23253 -3.1458
-25.5221 5.15853 -4.2708
-23.6031 1.79353 -4.1728
-22.9951 2.02553 -0.373798

-25.1601 -0.12747 1.9572
-26.1771 3.01953 3.9782
-27.4411 4.73253 0.772202
-29.1951 1.54853 -0.540798
-31.0701 1.23653 2.8172
-31.9221 5.00453 3.1332
-33.0741 5.78853 -0.459798
-36.3091 3.61853 -0.537798
-37.5701 5.35553 2.6662
-36.6131 8.86953 1.4012
-38.5021 8.31553 -1.9208
-41.7571 7.21453 -0.110798

-41.6811 9.49753 3.0002
-43.9811 12.5995 2.7612

-41.4351 15.0255 4.3612
-37.6281 14.7945 3.8362
-35.3781 17.2185 5.7552
-31.7541 16.6845 4.6422
-29.0361 18.6205 6.5532

-25.3481 19.2065 5.6462
-22.6071 21.8535 6.0382
-20.8991 20.4425 2.9282
-23.6111 18.9195 0.633202
-20.8721 18.1205 -1.8798
-17.4531 17.1855 -0.411798
-15.4301 17.4145 -3.6908
-17.5691 16.9565 -6.8988

-21.0951 17.5535 -8.4188
-21.7541 13.7455 -8.6358
-22.0111 13.6235 -4.7578
-25.2281 15.7715 -4.9138
-27.2371 13.2955 -7.0628
-28.5131 11.1155 -4.1488
-29.5901 14.2495 -2.1778
-31.3471 15.7355 -5.2928
-33.3681 12.5035 -5.9108
-34.1541 12.2155 -2.1488
-35.7131 15.7585 -2.1308

-37.2161 15.4875 -5.7068
-37.6011 11.7715 -6.7918
-38.7811 12.8905 -10.3148
-35.5441 14.8515 -11.0428
-32.9461 12.9055 -13.1268
-34.5091 9.35653 -12.7638
-31.1851 7.92453 -14.1058

-27.7101 9.12253 -12.9638
-26.3281 9.11953 -16.5668
-28.4751 12.1745 -17.5648
-27.1741 14.1105 -14.4938
-23.5741 12.9425 -15.2028
-23.6371 13.9795 -18.9188
-24.8471 17.5075 -17.9648
-23.0121 18.3215 -14.6768

-20.1191 15.7905 -14.2988
-18.4601 16.2735 -17.7768
-19.1081 12.5645 -18.3928

-16.5311 10.9175 -20.7238
-16.7801 7.56953 -22.5658
-13.5001 5.72653 -21.8088

-12.5041 2.24453 -23.2368
-13.5541 0.67753 -19.8498

-16.9101 2.57053 -19.4428
-18.0741 6.05353 -18.3488
-15.9841 8.47853 -16.2668

-17.9951 10.9495 -14.0728
-15.0641 12.5655 -12.1138
-15.3951 15.8925 -14.0068
-17.6141 18.9795 -13.6608
-19.7421 21.0395 -16.0998
-22.4971 23.7345 -16.1778

-22.0371 24.4515 -12.4028
-23.8681 27.8495 -12.5018
-26.9681 26.0735 -13.9588
-26.6431 23.3595 -11.2548
-26.4621 26.1275 -8.5618
-29.6701 27.7655 -9.9308
-31.5031 24.3705 -10.0398
-30.3911 23.5475 -6.4528
-31.4501 26.9455 -4.9658
-34.8521 26.9955 -6.7788
-36.0291 23.3865 -6.2438

-33.7981 21.3845 -3.7778

-31.6651 23.4425 -1.3938
-31.7231 26.3365 1.0772

-28.1201 27.5785 1.6102
-26.8131 30.5795 3.5992
-23.2381 31.4145 4.5732

-21.7121 32.8985 7.8012
-21.1011 36.1025 5.7792
-24.8561 36.3515 4.8792
-26.2961 35.9815 8.4392

-23.4851 36.4765 11.0612
-21.5241 39.7115 10.2302
-20.1101 39.4745 13.8302
-18.1051 36.2065 13.4142

-14.3061 36.9005 13.3992
-12.5531 36.1665 10.0752

-10.8971 32.7965 9.3322
-7.2811 33.6445 8.3542
-5.7441 30.7545 6.3522
-2.0651 30.2565 5.4052
0.296904 27.6475 4.0032
3.3379 26.9525 6.2442
6.1569 25.3985 4.1892

7.9369 23.1975 6.7802
11.6519 23.0165 5.9702

12.6359 19.7855 4.0472
16.2509 20.2565 5.3752
15.2129 18.0645 8.3972

14.1719 15.2755 5.9122
17.3099 13.0945 5.9782

18.8159 11.8215 2.6802
17.5039 8.20353 3.2212
13.8819 9.40153 3.7722
14.1589 11.7315 0.711202
15.5879 8.88653 -1.4408
12.6499 6.66953 -0.255798
10.1039 9.40453 -1.2538
11.9009 9.80253 -4.6438
11.8139 5.97653 -5.0748
8.0409 5.66753 -4.3268
7.3529 8.71953 -6.5948
9.3079 7.04353 -9.4818
7.5339 3.73053 -8.6908
4.0369 5.28253 -9.2748
5.1279 6.61353 -12.7458

6.6079 3.28353 -13.9978
4.7779 2.18553 -17.2028
4.9189 -1.59447 -16.6678
3.0479 -1.75547 -13.2828
-0.525096 -2.98347 -12.7758

-3.3211 -0.59647 -11.6218
-3.0021 -2.25847 -8.1588
0.819904 -1.79947 -7.8698
0.268904 1.90253 -8.8408
-2.3201 2.25553 -5.9658
0.0479045 0.43553 -3.5288
2.9969 2.72753 -4.4858
0.645904 5.76553 -4.0298
-0.369096 4.56353 -0.505798
3.3459 3.98253 0.301202
4.3159 7.50353 -0.970798
1.4889 9.04253 1.1442
2.4439 7.09353 4.3422
6.1769 8.01053 3.7752
5.1269 11.7005 3.4152
3.4759 11.5115 6.8752
6.6359 9.93053 8.4442
8.9359 12.4915 6.7162
6.9369 15.4655 8.1622
6.8839 14.2695 11.8602
10.1709 16.0225 12.9972
9.2339 19.4555 11.5252
5.5489 19.1005 12.5652
6.8899 18.5525 16.1362
9.3619 21.4955 15.7492
6.4349 23.7465 14.6662
4.1229 22.5945 17.5562
6.9279 23.3625 20.0672
7.5819 26.8125 18.4422
3.8329 27.6095 18.9182
3.9599 26.5985 22.6432
7.2849 28.4635 23.2332

5.6269 31.5425 21.5502
3.1469 31.5275 24.5242
-0.0220955 30.2305 22.7332
-2.7161 29.2775 25.2612
-4.9691 26.9285 23.1372

-4.7501 25.3335 19.6562
-5.9181 22.2575 17.6852
-3.5481 19.8955 15.8102
-5.1341 17.8285 13.0062
-3.5131 14.6735 11.5352

-4.8951 11.3725 10.0582
-2.0171 8.82853 10.1132

-1.8861 7.14453 13.5662
1.9769 7.34653 13.6242
1.7469 11.2035 13.3822
-0.856096 11.3885 16.2262
1.3049 8.95353 18.3122
4.5699 10.9355 17.7582
2.8929 14.3145 18.6042
1.3399 12.8855 21.8432
4.6759 11.2525 22.8732
6.6179 14.5555 22.4532
3.9319 16.5685 24.3612
4.1499 13.9775 27.2262
8.0119 14.2015 27.1112

7.7239 18.0565 27.3672
5.0559 17.6245 30.1682
2.4779 19.5845 28.0662
-1.1261 18.8975 29.1352

-3.1291 17.9065 26.0242
-6.2141 15.9385 24.8582
-6.2921 13.2215 22.1422
-9.2941 12.1205 19.9982

-9.0281 9.39853 17.3002
-10.8611 6.30253 15.8862
-10.2831 4.38553 19.1952
-11.7171 7.13453 21.5112
-15.2301 6.12953 22.7002
-18.3931 8.22553 22.0442
-18.7661 9.33353 25.7322

-15.0081 9.97553 26.3192
-15.0171 12.2005 23.1522
-17.5781 14.5325 24.8162
-15.7291 14.4775 28.2002
-12.2931 15.2655 26.5922
-14.0341 18.0345 24.5692
-15.3681 19.5225 27.8692
-11.8911 19.1395 29.5222
-10.2431 21.1555 26.6542
-13.0911 23.7555 26.7042
-13.1651 24.3195 30.5152

-9.5321 23.6565 31.6492
-6.9481 26.4385 30.9632
-4.1451 23.8105 31.4132
-4.9561 21.8065 28.2352
-2.9871 23.7875 25.6142

-3.1291 21.2635 22.7012
-5.8891 19.0925 21.2222
-4.4271 16.2305 19.0922
-7.2831 15.3205 16.7192
-7.8571 12.7925 13.9312

-9.1691 14.6885 10.8302
-11.5981 11.7785 10.1212
-12.6611 10.9295 13.7182
-13.1481 14.5235 15.0852
-14.8701 16.0525 11.9522
-18.3311 15.5785 13.6402
-20.3291 16.5345 16.7912
-17.5621 18.3005 18.7862
-17.1131 22.0725 19.4712
-13.6601 23.6155 20.1802
-14.4971 27.3505 20.6262
-11.7871 27.6825 23.3792
-9.0031 27.6175 20.7062
-8.1191 30.4225 18.2092

-5.6721 28.3455 16.0672
-5.9811 25.1815 13.9252
-2.8141 23.4145 12.6402
-3.1911 20.7815 9.8962

-0.0310955 18.6585 10.3402
-1.2401 16.6385 7.3092
-3.2511 17.4415 4.1612
-6.4441 15.4765 3.3652
-7.5301 14.9225 -0.301798
-11.1761 15.8945 0.443202

-11.7161 19.6715 1.0912
-15.1891 19.1235 2.6542
-13.4881 17.2565 5.5742
-10.8691 20.0525 5.9892
-13.7061 22.6805 6.1432
-15.5861 20.4405 8.6782
-12.4081 20.4335 10.8582
-11.9341 24.2845 10.6262

-15.6321 24.7595 11.6442
-14.9581 22.9125 14.9282
-13.3371 26.1925 16.1932
-15.2691 28.7145 14.0482
-18.6531 28.2215 15.8722
-21.1931 30.3955 17.7552
-19.2691 31.3375 20.9522
-15.9611 32.1095 19.1302
-14.7321 35.7095 19.8442
-11.2101 35.6405 18.2312
-10.1071 35.6035 14.5452

-9.4851 31.9225 13.7222
-5.9951 31.1015 12.3902
-5.7331 28.0505 10.0552
-2.1721 26.7985 9.3142
-1.6681 24.1145 6.6022
1.7519 22.4195 7.1102
3.2849 21.4035 3.7072

6.6739 19.9035 2.6852
8.3749 20.4225 -0.743798
9.4809 17.0575 -2.2678
6.4579 15.0825 -0.849798
2.7859 14.0825 -1.4758

1.7739 17.6665 -0.396798
3.0929 19.0105 -3.7808
0.312904 17.0025 -5.5908
-2.3861 17.0795 -2.8568
-2.4221 20.8935 -2.4368
-3.2331 21.7355 -6.1508
-5.8181 18.8485 -6.1008
-7.5271 20.2855 -2.9568
-7.5141 23.7985 -4.5738
-9.2071 22.7155 -7.8558
-11.8081 20.7905 -5.7408
-12.6501 23.9255 -3.6218
-13.0101 25.9175 -6.8938
-15.4831 23.2725 -8.2588
-17.4051 23.5385 -4.9268
-17.3901 27.4025 -5.0908
-18.6171 27.4865 -8.7608

-21.4901 25.1645 -7.6438
-22.2901 27.7065 -4.7988
-21.2141 25.1055 -2.1548
-18.1941 27.0125 -0.678798
-17.0191 30.6275 -0.106798
-13.5611 29.1885 0.628202
-11.0871 30.3245 -2.0168
-7.6471 28.6525 -1.5438
-5.7621 30.4585 -4.4328

-4.7561 33.5475 -2.3508
-2.7081 31.3585 0.0922018
-0.361096 30.0415 -2.6868
0.489904 33.4385 -4.2458

1.7549 34.3975 -0.715798
4.2399 31.4245 -0.292798

End chain 1
