-13.201 -6.296 -53.957
-10.703 -3.406 -53.291
-9.54 -3.087 -49.639
-11.02 0.322 -48.639
-8.614 1.85 -46.053
-10.787 3.126 -43.162

-9.634 6.195 -41.181
-10.061 4.9 -37.589
-10.286 6.838 -34.306
-12.195 7.103 -30.979
-14.163 9.439 -28.711
-12.619 10.223 -25.263
-14.157 12.207 -22.344

-11.943 15.248 -21.466
-14.301 16.978 -18.949
-17.827 16.65 -17.399
-19.139 18.761 -20.353

-16.752 17.96 -23.312
-15.482 14.956 -25.281
-12.62 14.751 -27.824
-12.437 12.939 -31.204
-8.982 11.264 -31.393
-8.672 10.357 -35.1

-6.282 10.744 -38.079
-6.98 13.557 -40.6
-9.895 13.022 -43.051

-11.208 15.853 -45.293
-14.92 14.856 -45.011
-14.611 14.37 -41.226
-13.015 17.857 -40.827
-15.875 19.254 -42.999
-18.403 17.482 -40.669
-16.559 18.759 -37.515
-16.844 22.341 -38.957

-20.697 21.797 -39.029
-20.861 21.033 -35.24
-22.116 23.933 -33.104
-20.016 23.255 -29.939
-16.791 22.621 -31.971

-13.393 23.436 -30.391
-10.011 22.816 -32.063
-6.805 22.812 -29.99

-3.883 23.919 -32.209
-1.328 22.314 -29.773
-2.753 18.736 -29.691
-4.334 19.137 -33.217

-7.578 17.622 -31.79
-11.313 18.386 -31.995
-13.683 18.544 -28.991
-17.466 19.001 -28.65
-20.131 19.402 -25.91

-21.257 16.038 -24.476
-24.923 16.743 -25.497
-23.731 16.722 -29.178
-22.178 13.179 -28.839
-25.228 11.354 -30.322
-25.57 14.044 -33.093
-21.852 13.682 -34.021
-21.815 9.829 -34.037
-25.045 9.774 -36.128
-23.507 12.176 -38.75
-20.093 10.348 -38.803

-21.793 6.948 -39.527
-22.962 8.546 -42.834
-19.328 9.196 -43.991
-17.677 6.563 -46.261
-14.251 5.2 -45.121

-14.46 6.789 -41.562
-14.765 4.819 -38.279
-15.142 6.964 -35.114
-15.663 4.659 -32.101

-18.218 6.249 -29.657
-17.862 6.903 -25.912
-18.35 3.469 -24.195
-21.794 2.549 -22.772
-20.235 2.829 -19.255
-19.534 6.58 -19.812
-22.964 7.196 -21.431
-24.623 5.531 -18.378
-22.42 7.523 -15.909

-23.028 10.919 -17.654
-26.668 10.153 -18.714
-27.851 13.482 -17.123

-25.214 15.594 -18.963
-26 13.8 -22.296
-29.631 15.147 -21.909

-29.014 18.802 -20.797
-28.522 21.656 -23.337
-27.494 23.803 -20.296
-24.374 24.206 -18.108
-26.03 23.63 -14.722
-23.195 22.587 -12.38
-23.731 19.355 -10.334

-27.219 19.392 -8.694
-26.798 20.208 -4.988
-26.578 17.032 -2.906
-29.814 16.999 -0.82
-29.276 16.946 2.956
-30.305 13.551 4.343

-32.727 13.25 7.268
-30.389 11.851 9.975
-33.077 12.019 12.787
-33.159 8.159 12.923
-29.32 8.149 13.454
-27.82 8.306 16.969

-27.52 12.074 17.913
-23.991 11.509 19.371
-22.796 10.469 15.867
-24.731 13.185 13.93
-23.402 16.008 16.22
-19.738 14.82 15.861

-19.687 14.822 11.995
-17.445 17.587 10.586

-19.106 19.692 7.763
-17.231 17.783 4.996
-18.064 14.402 6.666
-21.796 15.407 6.677
-21.562 16.318 2.947
-19.943 12.855 2.346
-22.788 11.075 4.244
-25.363 13.084 2.191
-23.555 12.165 -1.104
-23.43 8.459 -0.115
-27.196 8.491 0.728
-28.024 10.343 -2.565

-25.973 7.645 -4.472
-28.214 5.048 -2.67
-25.512 3.7 -0.27

-23.352 2.353 -3.174
-19.956 4.118 -3.237
-16.209 4.012 -2.721
-15.295 6.541 0.021

-11.694 7.195 -1.128

-11.135 10.189 1.225
-7.504 10.605 2.377

-6.048 8.715 5.398
-7.361 9.956 8.784
-10.233 12.169 7.374
-12.706 9.981 9.408

-13.844 7.354 6.831
-15.012 5.081 9.734
-17.363 7.714 11.316
-18.876 8.506 7.854
-19.282 4.738 7.09
-21.02 4.042 10.461
-23.415 6.996 9.798
-24.247 5.855 6.195
-24.846 2.277 7.463
-26.955 3.52 10.461
-29.227 5.531 8.078

-29.9 2.058 6.507

-30.384 0.293 9.981
-33.886 -0.857 8.77
-32.05 -2.956 6.062
-29.626 -4.868 8.41
-27.981 -7.413 9.17

-24.774 -5.448 8.488
-21.551 -7.137 7.269
-18.235 -5.328 7.997
-15.132 -6.739 6.223
-11.829 -5.357 7.603

-8.05 -6.016 7.986
-7.416 -8.82 10.567
-5.856 -6.305 13.093
-8.689 -3.64 13.199

-11.758 -5.868 14.003
-11.895 -4.753 17.675
-11.154 -1.102 16.63
-14.365 -1.304 14.506
-16.414 -2.897 17.375
-15.268 -0.08 19.729
-16.109 2.476 16.969
-19.722 1.111 16.76
-20.082 1.14 20.611
-18.596 4.7 20.723
-20.823 6.195 17.978

-24.121 4.191 18.24
-24.851 3.95 22.056
-28.388 2.791 20.948
-26.764 -0.701 20.406
-26.03 -3.285 23.117

-22.632 -5.104 22.857
-24.638 -8.32 22.08
-25.78 -6.667 18.791

-22.091 -6.816 17.576
-20.505 -10.124 16.488
-16.681 -10.041 16.081

-15.702 -13.116 14.035
-12.316 -14.303 15.372
-12.201 -17.837 13.813
-13.405 -19.799 10.735
-15.769 -21.82 13.07
-17.788 -18.808 14.317
-21.352 -17.917 13.159
-21.075 -14.973 10.701
-24.816 -14.102 11.273
-24.919 -14.166 15.127
-25.108 -10.332 15.536
-27.08 -7.466 13.995

-23.588 -6.14 13.038
-21.065 -8.833 11.965
-17.336 -7.898 11.803
-15.009 -10.302 9.887
-11.529 -10.295 8.291

-10.658 -10.74 4.577
-8.757 -14.009 5.375
-11.833 -15.546 7.113
-14.3 -14.769 4.222

-12.926 -17.715 2.14
-13.287 -20.073 5.183
-16.843 -18.74 5.845
-18.014 -18.815 2.139
-20.731 -21.415 3.044
-22.243 -18.836 5.512
-21.955 -15.894 2.989
-25.071 -17.433 1.278
-27.188 -15.451 3.825
-28.094 -12.137 2.052
-26.367 -9.235 3.842
-28.236 -6.215 2.36

-25.704 -3.677 3.792
-21.936 -4.298 3.429
-19.007 -2.145 4.602
-15.517 -3.11 3.36

-12.662 -1.237 5.059
-9.341 -0.865 3.151

-11.066 -2.352 0.031
-7.765 -2.207 -1.968
-7.252 -5.742 -0.456
-9.774 -6.866 -3.176

-7.558 -5.436 -6.054
-6.861 -8.909 -7.611
-9.913 -10.983 -8.736
-7.994 -14.348 -8.638
-7.386 -14.116 -4.839

-9.551 -16.269 -2.508
-10.568 -13.122 -0.487
-11.832 -11.409 -3.693
-13.586 -14.593 -5.006
-15.461 -14.905 -1.648
-16.313 -11.137 -1.332
-17.465 -10.353 -4.925
-20.7 -12.523 -5.003
-21.961 -10.786 -1.799
-21.004 -7.272 -3.064
-22.893 -7.826 -6.386
-26.148 -8.927 -4.576

-26.072 -6.644 -1.465
-28.372 -3.542 -1.704

-25.826 -1.116 -0.104
-22.019 -1.347 -0.629
-19.769 1.077 1.29
-16.145 0.543 0.177
-13.427 2.479 2.088

-9.739 3.065 1.181
-6.998 5.712 1.573
-5.29 4.301 -1.537
-8.002 2.778 -3.832
-5.263 1.979 -6.345
-1.844 1.044 -4.877
0.179 1.273 -8.156
-1.96 0.815 -11.364

-5.486 1.412 -12.884
-6.145 -2.396 -13.101
-6.402 -2.518 -9.223
-9.619 -0.37 -9.379
-11.628 -2.846 -11.528
-12.904 -5.026 -8.614
-13.981 -1.892 -6.643
-15.738 -0.406 -9.758
-17.759 -3.638 -10.376
-18.545 -3.926 -6.614
-20.104 -0.383 -6.596

-22.2596 -0.924482 -9.62536
-22.1447 -1.49995 -13.2788
-20.2785 -1.5152 -16.6223
-21.1314 -4.69309 -18.4009
-21.041 -8.30736 -19.4087
-21.2672 -9.31981 -23.0925
-19.4851 -6.01864 -23.1266

-16.5306 -5.67479 -20.7612
-17.6749 -8.68268 -18.7397
-18.0207 -10.787 -21.8854
-14.5244 -9.82995 -23.0266
-13.061 -10.7602 -19.6449
-14.7867 -14.1454 -19.7209
-13.4545 -14.8544 -23.2088
-9.91601 -13.9684 -22.1426

-7.02301 -16.4994 -21.7646
-5.36401 -16.0164 -25.2426
-6.01201 -19.7254 -25.8586

-3.43501 -21.3724 -28.1896
-3.68401 -24.7204 -30.0316
-0.404014 -26.5634 -29.2746

0.591986 -30.0454 -30.7026
-0.458014 -31.6124 -27.3156

-3.81401 -29.7194 -26.9086
-4.97801 -26.2364 -25.8146
-2.88801 -23.8114 -23.7326

-4.89901 -21.3404 -21.5386
-1.96801 -19.7244 -19.5796
-2.29901 -16.3974 -21.4726
-4.51801 -13.3104 -21.1266
-6.64601 -11.2504 -23.5656
-9.40101 -8.5554 -23.6436

-8.94101 -7.8384 -19.8686
-10.772 -4.4404 -19.9676
-13.872 -6.2164 -21.4246
-13.547 -8.9304 -18.7206
-13.366 -6.1624 -16.0276
-16.574 -4.5244 -17.3966
-18.407 -7.9194 -17.5056
-17.295 -8.7424 -13.9186
-18.354 -5.3444 -12.4316
-21.756 -5.2944 -14.2446
-22.933 -8.9034 -13.7096

-20.702 -10.9054 -11.2436

-18.569 -8.8474 -8.85962
-18.627 -5.9534 -6.38862

-15.024 -4.7114 -5.85562
-13.717 -1.7104 -3.86662
-10.142 -0.875395 -2.89262

-8.61601 0.608605 0.335384
-8.00501 3.8126 -1.68662
-11.76 4.0616 -2.58662
-13.2 3.6916 0.973384

-10.389 4.1866 3.59538
-8.42801 7.4216 2.76438
-7.01401 7.1846 6.36438
-5.00901 3.9166 5.94838

-1.21001 4.6106 5.93338
0.542986 3.8766 2.60938

2.19899 0.506605 1.86638
5.81499 1.3546 0.888384
7.35199 -1.5354 -1.11362
11.031 -2.0334 -2.06062
13.393 -4.6424 -3.46262
16.434 -5.3374 -1.22162
19.253 -6.8914 -3.27662

21.033 -9.0924 -0.685616
24.748 -9.2734 -1.49562

25.732 -12.5044 -3.41862
29.347 -12.0334 -2.09062
28.309 -14.2254 0.931384

27.268 -17.0144 -1.55362
30.406 -19.1954 -1.48762

31.912 -20.4684 -4.78562
30.6 -24.0864 -4.24462
26.978 -22.8884 -3.69362
27.255 -20.5584 -6.75462
28.684 -23.4034 -8.90662
25.746 -25.6204 -7.72162
23.2 -22.8854 -8.71962
24.997 -22.4874 -12.1096
24.91 -26.3134 -12.5406
21.137 -26.6224 -11.7926
20.449 -23.5704 -14.0606
22.404 -25.2464 -16.9476
20.63 -28.5594 -16.1566
17.133 -27.0074 -16.7406
18.224 -25.6764 -20.2116

19.704 -29.0064 -21.4636
17.874 -30.1044 -24.6686
18.015 -33.8844 -24.1336
16.144 -34.0454 -20.7486
12.571 -35.2734 -20.2416

9.77499 -32.8864 -19.0876
10.094 -34.5484 -15.6246
13.916 -34.0894 -15.3356
13.365 -30.3874 -16.3066
10.776 -30.0344 -13.4316
13.144 -31.8544 -10.9946
16.093 -29.5624 -11.9516
13.742 -26.5244 -11.4956
12.727 -27.7264 -7.97162
16.442 -28.3074 -7.16462
17.412 -24.7864 -8.43662
14.585 -23.2474 -6.32162
15.54 -25.1964 -3.12362
19.273 -24.2794 -3.69062
18.223 -20.5894 -4.05062
16.572 -20.7784 -0.590616
19.732 -22.3594 0.978384
22.032 -19.7984 -0.749616
20.033 -16.8244 0.696384
19.98 -18.0204 4.39438
23.267 -16.2674 5.53138
22.33 -12.8344 4.05938
18.645 -13.1894 5.09938
19.986 -13.7374 8.67038
22.458 -10.7944 8.28338
19.531 -8.5434 7.20038
17.219 -9.6954 10.0904
20.024 -8.9274 12.6014
20.678 -5.4774 10.9764
16.929 -4.6804 11.4524
17.056 -5.6914 15.1774
20.381 -3.8264 15.7674

18.723 -0.747395 14.0844
16.243 -0.762395 17.0584
13.074 -2.0594 15.2674
10.38 -3.0124 17.7954
8.12699 -5.3614 15.6714

8.34599 -6.9564 12.1904
7.17799 -10.0324 10.2194
9.54799 -12.3944 8.34438
7.96199 -14.4614 5.54038
9.58299 -17.6164 4.06938

8.20099 -20.9174 2.59238
11.079 -23.4614 2.64738

11.21 -25.1454 6.10038
15.073 -24.9434 6.15838
14.843 -21.0864 5.91638
12.24 -20.9014 8.76038
14.401 -23.3364 10.8464
17.666 -21.3544 10.2924
15.989 -17.9754 11.1384
14.436 -19.4044 14.3774
17.772 -21.0374 15.4074
19.714 -17.7344 14.9874
17.028 -15.7214 16.8954
17.246 -18.3124 19.7604
21.108 -18.0884 19.6454

20.82 -14.2334 19.9014
18.152 -14.6654 22.7024
15.574 -12.7054 20.6004
11.97 -13.3924 21.6694

9.96699 -14.3834 18.5584
6.88199 -16.3514 17.3924
6.80399 -19.0684 14.6764
3.80199 -20.1694 12.5324

4.06799 -22.8914 9.83438
2.23499 -25.9874 8.42038
2.81299 -27.9044 11.7294
1.37899 -25.1554 14.0454
-2.13401 -26.1604 15.2344
-5.29701 -24.0644 14.5784
-5.67001 -22.9564 18.2664

-1.91201 -22.3144 18.8534
-1.92101 -20.0894 15.6864
-4.48201 -17.7574 17.3504
-2.63301 -17.8124 20.7344
0.802986 -17.0244 19.1264
-0.938014 -14.2554 17.1034
-2.27201 -12.7674 20.4034
1.20499 -13.1504 22.0564
2.85299 -11.1344 19.1884
0.00498595 -8.5344 19.2384
-0.0690141 -7.9704 23.0494

3.56399 -8.6334 24.1834
6.14799 -5.8514 23.4974
8.95099 -8.4794 23.9474
8.13999 -10.4834 20.7694
10.109 -8.5024 18.1484

9.96699 -11.0264 15.2354
7.20699 -13.1974 13.7564
8.66899 -16.0594 11.6264
5.81299 -16.9694 9.25338
5.23899 -19.4974 6.46538

3.92699 -17.6014 3.36438
1.49799 -20.5114 2.65538
0.434986 -21.3604 6.25238
-0.0520141 -17.7664 7.61938
-1.77401 -16.2374 4.48638
-5.23501 -16.7114 6.17438
-7.23301 -15.7554 9.32538
-4.46601 -13.9894 11.3204
-4.01701 -10.2174 12.0054
-0.564014 -8.6744 12.7144
-1.40101 -4.9394 13.1604
1.30899 -4.6074 15.9134
4.09299 -4.6724 13.2404
4.97699 -1.8674 10.7434

7.42399 -3.9444 8.60138
7.11499 -7.1084 6.45938
10.282 -8.8754 5.17438
9.90499 -11.5084 2.43038

13.065 -13.6314 2.87438
11.856 -15.6514 -0.156616
9.84499 -14.8484 -3.30462
6.65199 -16.8134 -4.10062
5.56599 -17.3674 -7.76762
1.91999 -16.3954 -7.02262

1.37999 -12.6184 -6.37462
-2.09301 -13.1664 -4.81162
-0.392014 -15.0334 -1.89162
2.22699 -12.2374 -1.47662
-0.610014 -9.6094 -1.32262
-2.49001 -11.8494 1.21238
0.687986 -11.8564 3.39238
1.16199 -8.0054 3.16038

-2.53601 -7.5304 4.17838
-1.86201 -9.3774 7.46238
-0.241014 -6.0974 8.72738
-2.17301 -3.5754 6.58238
-5.55701 -4.0684 8.40638
-8.09701 -1.8944 10.2894
-6.17301 -0.952395 13.4864
-2.86501 -0.180395 11.6644
-1.63601 3.4196 12.3784
1.88599 3.3506 10.7654
2.98899 3.3136 7.07938

3.61099 -0.367395 6.25638
7.10099 -1.1884 4.92438
7.36299 -4.2394 2.58938
10.924 -5.4914 1.84838
11.428 -8.1754 -0.863616
14.848 -9.8704 -0.355616
16.381 -10.8864 -3.75862

19.77 -12.3864 -4.78062
21.471 -11.8674 -8.20962
22.577 -15.2324 -9.73362
19.554 -17.2074 -8.31562
15.882 -18.2074 -8.94162

14.87 -14.6234 -7.86262
16.189 -13.2794 -11.2466
13.409 -15.2874 -13.0566
10.71 -15.2104 -10.3226
10.674 -11.3964 -9.90262
9.86299 -10.5544 -13.6166
7.27799 -13.4414 -13.5666
5.56899 -12.0044 -10.4226
5.58199 -8.4914 -12.0396
3.88899 -9.5744 -15.3216
1.28799 -11.4994 -13.2066
0.445986 -8.3644 -11.0876
0.0859859 -6.3724 -14.3596
-2.38701 -9.0174 -15.7246
-4.30901 -8.7514 -12.3926
-4.29401 -4.8874 -12.5566
-5.52101 -4.8034 -16.2266

-8.39401 -7.1254 -15.1096
-9.19401 -4.5834 -12.2646
-8.11801 -7.1844 -9.62062
-5.09801 -5.2774 -8.14462
-3.92301 -1.6624 -7.57262
-0.465014 -3.1014 -6.83762
2.00899 -1.9654 -9.48262
5.44899 -3.6374 -9.00962
7.33399 -1.8314 -11.8986

8.33999 1.2576 -9.81662
10.388 -0.931395 -7.37362
12.735 -2.2484 -10.1526
13.586 1.1486 -11.7116

14.851 2.1076 -8.18162
17.336 -0.865395 -7.75862

End chain 1
