-13.201 -6.296 -53.957
-10.703 -3.406 -53.291
-9.54 -3.087 -49.639
-11.02 0.322 -48.639
-8.614 1.85 -46.053
-10.787 3.126 -43.162

-9.634 6.195 -41.181
-10.061 4.9 -37.589
-10.286 6.838 -34.306
-12.195 7.103 -30.979
-14.163 9.439 -28.711
-12.619 10.223 -25.263
-14.157 12.207 -22.344

-11.943 15.248 -21.466
-14.301 16.978 -18.949
-17.827 16.65 -17.399
-19.139 18.761 -20.353

-16.752 17.96 -23.312
-15.482 14.956 -25.281
-12.62 14.751 -27.824
-12.437 12.939 -31.204
-8.982 11.264 -31.393
-8.672 10.357 -35.1

-6.282 10.744 -38.079
-6.98 13.557 -40.6
-9.895 13.022 -43.051

-11.208 15.853 -45.293
-14.92 14.856 -45.011
-14.611 14.37 -41.226
-13.015 17.857 -40.827
-15.875 19.254 -42.999
-18.403 17.482 -40.669
-16.559 18.759 -37.515
-16.844 22.341 -38.957

-20.697 21.797 -39.029
-20.861 21.033 -35.24
-22.116 23.933 -33.104
-20.016 23.255 -29.939
-16.791 22.621 -31.971

-13.393 23.436 -30.391
-10.011 22.816 -32.063
-6.805 22.812 -29.99

-3.883 23.919 -32.209
-1.328 22.314 -29.773
-2.753 18.736 -29.691
-4.334 19.137 -33.217

-7.578 17.622 -31.79
-11.313 18.386 -31.995
-13.683 18.544 -28.991
-17.466 19.001 -28.65
-20.131 19.402 -25.91

-21.257 16.038 -24.476
-24.923 16.743 -25.497
-23.731 16.722 -29.178
-22.178 13.179 -28.839
-25.228 11.354 -30.322
-25.57 14.044 -33.093
-21.852 13.682 -34.021
-21.815 9.829 -34.037
-25.045 9.774 -36.128
-23.507 12.176 -38.75
-20.093 10.348 -38.803

-21.793 6.948 -39.527
-22.962 8.546 -42.834
-19.328 9.196 -43.991
-17.677 6.563 -46.261
-14.251 5.2 -45.121

-14.46 6.789 -41.562
-14.765 4.819 -38.279
-15.142 6.964 -35.114
-15.663 4.659 -32.101

-18.218 6.249 -29.657
-17.862 6.903 -25.912
-18.35 3.469 -24.195
-21.794 2.549 -22.772
-20.235 2.829 -19.255
-19.534 6.58 -19.812
-22.964 7.196 -21.431
-24.623 5.531 -18.378
-22.42 7.523 -15.909

-23.028 10.919 -17.654
-26.668 10.153 -18.714
-27.851 13.482 -17.123

-25.214 15.594 -18.963
-26 13.8 -22.296
-29.631 15.147 -21.909

-29.014 18.802 -20.797
-28.522 21.656 -23.337
-27.494 23.803 -20.296
-24.374 24.206 -18.108
-26.03 23.63 -14.722
-23.195 22.587 -12.38
-23.731 19.355 -10.334

-27.219 19.392 -8.694
-26.798 20.208 -4.988
-26.578 17.032 -2.906
-29.814 16.999 -0.82
-29.276 16.946 2.956
-30.305 13.551 4.343

-32.727 13.25 7.268
-30.389 11.851 9.975
-33.077 12.019 12.787
-33.159 8.159 12.923
-29.32 8.149 13.454
-27.82 8.306 16.969

-27.52 12.074 17.913
-23.991 11.509 19.371
-22.796 10.469 15.867
-24.731 13.185 13.93
-23.402 16.008 16.22
-19.738 14.82 15.861

-19.687 14.822 11.995
-17.445 17.587 10.586

-19.106 19.692 7.763
-17.231 17.783 4.996
-18.064 14.402 6.666
-21.796 15.407 6.677
-21.562 16.318 2.947
-19.943 12.855 2.346
-22.788 11.075 4.244
-25.363 13.084 2.191
-23.555 12.165 -1.104
-23.43 8.459 -0.115
-27.196 8.491 0.728
-28.024 10.343 -2.565

-25.973 7.645 -4.472
-28.214 5.048 -2.67
-25.512 3.7 -0.27

-23.352 2.353 -3.174
-19.956 4.118 -3.237
-16.209 4.012 -2.721
-15.295 6.541 0.021

-11.694 7.195 -1.128

-11.135 10.189 1.225
-7.504 10.605 2.377

-6.048 8.715 5.398
-7.361 9.956 8.784
-10.233 12.169 7.374
-12.706 9.981 9.408

-13.844 7.354 6.831
-15.012 5.081 9.734
-17.363 7.714 11.316
-18.876 8.506 7.854
-19.282 4.738 7.09
-21.02 4.042 10.461
-23.415 6.996 9.798
-24.247 5.855 6.195
-24.846 2.277 7.463
-26.955 3.52 10.461
-29.227 5.531 8.078

-29.9 2.058 6.507

-30.384 0.293 9.981
-33.886 -0.857 8.77
-32.05 -2.956 6.062
-29.626 -4.868 8.41
-27.981 -7.413 9.17

-24.774 -5.448 8.488
-21.551 -7.137 7.269
-18.235 -5.328 7.997
-15.132 -6.739 6.223
-11.829 -5.357 7.603

-8.05 -6.016 7.986
-7.416 -8.82 10.567
-5.856 -6.305 13.093
-8.689 -3.64 13.199

-11.758 -5.868 14.003
-11.895 -4.753 17.675
-11.154 -1.102 16.63
-14.365 -1.304 14.506
-16.414 -2.897 17.375
-15.268 -0.08 19.729
-16.109 2.476 16.969
-19.722 1.111 16.76
-20.082 1.14 20.611
-18.596 4.7 20.723
-20.823 6.195 17.978

-24.121 4.191 18.24
-24.851 3.95 22.056
-28.388 2.791 20.948
-26.764 -0.701 20.406
-26.03 -3.285 23.117

-22.632 -5.104 22.857
-24.638 -8.32 22.08
-25.78 -6.667 18.791

-22.091 -6.816 17.576
-20.505 -10.124 16.488
-16.681 -10.041 16.081

-15.702 -13.116 14.035
-12.316 -14.303 15.372
-12.201 -17.837 13.813
-13.405 -19.799 10.735
-15.769 -21.82 13.07
-17.788 -18.808 14.317
-21.352 -17.917 13.159
-21.075 -14.973 10.701
-24.816 -14.102 11.273
-24.919 -14.166 15.127
-25.108 -10.332 15.536
-27.08 -7.466 13.995

-23.588 -6.14 13.038
-21.065 -8.833 11.965
-17.336 -7.898 11.803
-15.009 -10.302 9.887
-11.529 -10.295 8.291

-10.658 -10.74 4.577
-8.757 -14.009 5.375
-11.833 -15.546 7.113
-14.3 -14.769 4.222

-12.926 -17.715 2.14
-13.287 -20.073 5.183
-16.843 -18.74 5.845
-18.014 -18.815 2.139
-20.731 -21.415 3.044
-22.243 -18.836 5.512
-21.955 -15.894 2.989
-25.071 -17.433 1.278
-27.188 -15.451 3.825
-28.094 -12.137 2.052
-26.367 -9.235 3.842
-28.236 -6.215 2.36

-25.704 -3.677 3.792
-21.936 -4.298 3.429
-19.007 -2.145 4.602
-15.517 -3.11 3.36

-12.662 -1.237 5.059
-9.341 -0.865 3.151

-11.066 -2.352 0.031
-7.765 -2.207 -1.968
-7.252 -5.742 -0.456
-9.774 -6.866 -3.176

-8.26082 -4.75616 -6.05894
-6.27148 -1.82419 -7.59672
-2.81693 -1.77136 -9.30238
-0.123677 0.00671119 -7.25461
0.774761 3.35355 -8.97209

-1.10918 2.40281 -12.1327
-4.44812 2.66069 -10.3361
-3.56776 6.10397 -8.99015
-2.58821 7.31506 -12.4566
-5.85984 6.05802 -13.9261
-7.86459 7.82627 -11.2248
-6.02527 11.0905 -11.8607
-6.68805 10.8488 -15.595
-10.3909 10.2376 -14.9965
-10.6148 13.2512 -12.6919
-8.91647 15.4694 -15.2684
-11.3148 14.3184 -17.9824

-11.2388 16.6014 -14.8714
-13.5388 19.7034 -15.1104

-10.9928 22.1294 -13.5104
-7.18584 21.8984 -14.0354
-4.93584 24.3224 -12.1164
-1.31184 23.7884 -13.2294
1.40616 25.7244 -11.3184

5.09416 26.3104 -12.2254
7.83516 28.9574 -11.8334
9.54316 27.5464 -14.9434
6.83116 26.0234 -17.2384
9.57016 25.2244 -19.7514
12.9892 24.2894 -18.2834
15.0122 24.5184 -21.5624
12.8732 24.0604 -24.7704

9.34716 24.6574 -26.2904
8.68816 20.8494 -26.5074
8.43116 20.7274 -22.6294
5.21416 22.8754 -22.7854
3.20516 20.3994 -24.9344
1.92916 18.2194 -22.0204
0.852164 21.3534 -20.0494
-0.904836 22.8394 -23.1644
-2.92584 19.6074 -23.7824
-3.71184 19.3194 -20.0204
-5.27084 22.8624 -20.0024

-6.77384 22.5914 -23.5784
-7.15884 18.8754 -24.6634
-8.33884 19.9944 -28.1864
-5.10184 21.9554 -28.9144
-2.50384 20.0094 -30.9984
-4.06684 16.4604 -30.6354
-0.742836 15.0284 -31.9774

2.73216 16.2264 -30.8354
4.11416 16.2234 -34.4384
1.96716 19.2784 -35.4364
3.26816 21.2144 -32.3654
6.86816 20.0464 -33.0744
6.80516 21.0834 -36.7904
5.59516 24.6114 -35.8364
7.43016 25.4254 -32.5484

10.3232 22.8944 -32.1704
11.9822 23.3774 -35.6484
11.3342 19.6684 -36.2644

13.9112 18.0214 -38.5954
13.6622 14.6734 -40.4374
16.9422 12.8304 -39.6804

17.9382 9.34842 -41.1084
16.8882 7.78142 -37.7214

13.5322 9.67442 -37.3144
12.3682 13.1574 -36.2204
14.4582 15.5824 -34.1384

12.4472 18.0534 -31.9444
15.3782 19.6694 -29.9854
15.0472 22.9964 -31.8784
12.8282 26.0834 -31.5324
10.7002 28.1434 -33.9714
7.94516 30.8384 -34.0494

8.40516 31.5554 -30.2744
6.57416 34.9534 -30.3734
3.47416 33.1774 -31.8304
3.79916 30.4634 -29.1264
3.98016 33.2314 -26.4334
0.772164 34.8694 -27.8024
-1.06084 31.4744 -27.9114
0.0511637 30.6514 -24.3244
-1.00784 34.0494 -22.8374
-4.40984 34.0994 -24.6504
-5.58684 30.4904 -24.1154

-3.35584 28.4884 -21.6494

-1.22284 30.5464 -19.2654
-1.28084 33.4404 -16.7944

2.32216 34.6824 -16.2614
3.62916 37.6834 -14.2724
7.20416 38.5184 -13.2984

8.73016 40.0024 -10.0704
9.34116 43.2064 -12.0924
5.58616 43.4554 -12.9924
4.14616 43.0854 -9.43241

6.95716 43.5804 -6.81041
8.91816 46.8154 -7.64141
10.3322 46.5784 -4.04141
12.3372 43.3104 -4.45741

16.1362 44.0044 -4.47241
17.8892 43.2704 -7.79641

19.5452 39.9004 -8.53941
23.1612 40.7484 -9.51741
24.6982 37.8584 -11.5194
28.3772 37.3604 -12.4664
30.7392 34.7514 -13.8684
33.7802 34.0564 -11.6274
36.5992 32.5024 -13.6824

38.3792 30.3014 -11.0914
42.0942 30.1204 -11.9014

43.0782 26.8894 -13.8244
46.6932 27.3604 -12.4964
45.6552 25.1684 -9.47441

44.6142 22.3794 -11.9594
47.7522 20.1984 -11.8934

49.2582 18.9254 -15.1914
47.9462 15.3074 -14.6504
44.3242 16.5054 -14.0994
44.6012 18.8354 -17.1604
46.0302 15.9904 -19.3124
43.0922 13.7734 -18.1274
40.5462 16.5084 -19.1254
42.3432 16.9064 -22.5154
42.2562 13.0804 -22.9464
38.4832 12.7714 -22.1984
37.7952 15.8234 -24.4664
39.7502 14.1474 -27.3534
37.9762 10.8344 -26.5624
34.4792 12.3864 -27.1464
35.5702 13.7174 -30.6174

37.0502 10.3874 -31.8694
35.2202 9.28942 -35.0744
35.3612 5.50942 -34.5394
33.4902 5.34842 -31.1544
29.9172 4.12042 -30.6474

27.1212 6.50742 -29.4934
27.4402 4.84542 -26.0304
31.2622 5.30442 -25.7414
30.7112 9.00642 -26.7124
28.1222 9.35942 -23.8374
30.4902 7.53942 -21.4004
33.4392 9.83142 -22.3574
31.0882 12.8694 -21.9014
30.0732 11.6674 -18.3774
33.7882 11.0864 -17.5704
34.7582 14.6074 -18.8424
31.9312 16.1464 -16.7274
32.8862 14.1974 -13.5294
36.6192 15.1144 -14.0964
35.5692 18.8044 -14.4564
33.9182 18.6154 -10.9964
37.0782 17.0344 -9.42741
39.3782 19.5954 -11.1554
37.3792 22.5694 -9.70941
37.3262 21.3734 -6.01141
40.6132 23.1264 -4.87441
39.6762 26.5594 -6.34641
35.9912 26.2044 -5.30641
37.3322 25.6564 -1.73541
39.8042 28.5994 -2.12241
36.8772 30.8504 -3.20541
34.5652 29.6984 -0.315411
37.3702 30.4664 2.19559
38.0242 33.9164 0.570589
34.2752 34.7134 1.04659
34.4022 33.7024 4.77159
37.7272 35.5674 5.36159

36.0692 38.6464 3.67859
33.5892 38.6314 6.65259
30.4202 37.3344 4.86159
27.7262 36.3814 7.38959
25.4732 34.0324 5.26559

25.6922 32.4374 1.78459
24.5242 29.3614 -0.186411
26.8942 26.9994 -2.06141
25.3082 24.9324 -4.86541
26.9292 21.7774 -6.33641

25.5472 18.4764 -7.81341
28.4252 15.9324 -7.75841

28.5562 14.2484 -4.30541
32.4192 14.4504 -4.24741
32.1892 18.3074 -4.48941
29.5862 18.4924 -1.64541
31.7472 16.0574 0.440589
35.0122 18.0394 -0.113411
33.3352 21.4184 0.732589
31.7822 19.9894 3.97159
35.1182 18.3564 5.00159
37.0602 21.6594 4.58159
34.3742 23.6724 6.48959
34.5922 21.0814 9.35459
38.4542 21.3054 9.23959

38.1662 25.1604 9.49559
35.4982 24.7284 12.2966
32.9202 26.6884 10.1946
29.3162 26.0014 11.2636

27.3132 25.0104 8.15259
24.2282 23.0424 6.98659
24.1502 20.3254 4.27059
21.1482 19.2244 2.12659

21.4142 16.5024 -0.571411
19.5812 13.4064 -1.98541
20.1592 11.4894 1.32359
18.7252 14.2384 3.63959
15.2122 13.2334 4.82859
12.0492 15.3294 4.17259
11.6762 16.4374 7.86059

15.4342 17.0794 8.44759
15.4252 19.3044 5.28059
12.8642 21.6364 6.94459
14.7132 21.5814 10.3286
18.1492 22.3694 8.72059
16.4082 25.1384 6.69759
15.0742 26.6264 9.99759
18.5512 26.2434 11.6506
20.1992 28.2594 8.78259
17.3512 30.8594 8.83259
17.2772 31.4234 12.6436

20.9102 30.7604 13.7776
23.4942 33.5424 13.0916
26.2972 30.9144 13.5416
25.4862 28.9104 10.3636
27.4552 30.8914 7.74259

27.3132 28.3674 4.82959
24.5532 26.1964 3.35059
26.0152 23.3344 1.22059
23.1592 22.4244 -1.15241
22.5852 19.8964 -3.94041

21.2732 21.7924 -7.04141
18.8442 18.8824 -7.75041
17.7812 18.0334 -4.15341
17.2942 21.6274 -2.78641
15.5722 23.1564 -5.91941
12.1112 22.6824 -4.23141
10.1132 23.6384 -1.08041
12.8802 25.4044 0.914589
13.3292 29.1764 1.59959
16.7822 30.7194 2.30859
15.9452 34.4544 2.75459
18.6552 34.7864 5.50759
21.4392 34.7214 2.83459
22.3232 37.5264 0.337589

24.7702 35.4494 -1.80441
24.4612 32.2854 -3.94641
27.6282 30.5184 -5.23141
27.2512 27.8854 -7.97541

30.4112 25.7624 -7.53141
29.2022 23.7424 -10.5624
27.1912 24.5454 -13.7104
23.9982 22.5804 -14.5064
22.9122 22.0264 -18.1734
19.2662 22.9984 -17.4284

18.7262 26.7754 -16.7804
15.2532 26.2274 -15.2174
16.9542 24.3604 -12.2974
19.5732 27.1564 -11.8824
16.7362 29.7844 -11.7284
14.8562 27.5444 -9.19341
18.0342 27.5374 -7.01341
18.5082 31.3884 -7.24541

14.8102 31.8634 -6.22741
15.4842 30.0164 -2.94341
17.1052 33.2964 -1.67841
15.1732 35.8184 -3.82341
11.7892 35.3254 -1.99941
9.24916 37.4994 -0.116411
11.1732 38.4414 3.08059
14.4812 39.2134 1.25859
15.7102 42.8134 1.97259
19.2322 42.7444 0.359589
20.3352 42.7074 -3.32641

20.9572 39.0264 -4.14941
24.4472 38.2054 -5.48141
24.7092 35.1544 -7.81641
28.2702 33.9024 -8.55741
28.7742 31.2184 -11.2694
32.1942 29.5234 -10.7614
33.7272 28.5074 -14.1644

37.1162 27.0074 -15.1864
38.8172 27.5264 -18.6154
39.9232 24.1614 -20.1394
36.9002 22.1864 -18.7214
33.2282 21.1864 -19.3474

32.2162 24.7704 -18.2684
33.5352 26.1144 -21.6524
30.7552 24.1064 -23.4624
28.0562 24.1834 -20.7284
28.0202 27.9974 -20.3084
27.2092 28.8394 -24.0224
24.6242 25.9524 -23.9724
22.9152 27.3894 -20.8284
22.9282 30.9024 -22.4454
21.2352 29.8194 -25.7274
18.6342 27.8944 -23.6124
17.7922 31.0294 -21.4934
17.4322 33.0214 -24.7654
14.9592 30.3764 -26.1304
13.0372 30.6424 -22.7984
13.0522 34.5064 -22.9624
11.8252 34.5904 -26.6324

8.95216 32.2684 -25.5154
8.15216 34.8104 -22.6704
9.22816 32.2094 -20.0264
12.2482 34.1164 -18.5504
13.4232 37.7314 -17.9784
16.8812 36.2924 -17.2434
19.3552 37.4284 -19.8884
22.7952 35.7564 -19.4154
24.6802 37.5624 -22.3044

25.6862 40.6514 -20.2224
27.7342 38.4624 -17.7794
30.0812 37.1454 -20.5584
30.9322 40.5424 -22.1174

32.1972 41.5014 -18.5874
34.6822 38.5284 -18.1644

End chain 1
