-13.201 -6.296 -53.957
-10.703 -3.406 -53.291
-9.54 -3.087 -49.639
-11.02 0.322 -48.639
-8.614 1.85 -46.053
-10.787 3.126 -43.162

-9.634 6.195 -41.181
-10.061 4.9 -37.589
-10.286 6.838 -34.306
-12.195 7.103 -30.979
-14.163 9.439 -28.711
-12.619 10.223 -25.263
-14.157 12.207 -22.344

-11.943 15.248 -21.466
-14.301 16.978 -18.949
-17.827 16.65 -17.399
-19.139 18.761 -20.353

-16.752 17.96 -23.312
-15.482 14.956 -25.281
-12.62 14.751 -27.824
-12.437 12.939 -31.204
-8.982 11.264 -31.393
-8.672 10.357 -35.1

-6.282 10.744 -38.079
-6.98 13.557 -40.6
-9.895 13.022 -43.051

-11.208 15.853 -45.293
-14.92 14.856 -45.011
-14.611 14.37 -41.226
-13.015 17.857 -40.827
-15.875 19.254 -42.999
-18.403 17.482 -40.669
-16.559 18.759 -37.515
-16.844 22.341 -38.957

-20.697 21.797 -39.029
-20.861 21.033 -35.24
-22.116 23.933 -33.104
-20.016 23.255 -29.939
-16.791 22.621 -31.971

-13.393 23.436 -30.391
-10.011 22.816 -32.063
-6.805 22.812 -29.99

-3.883 23.919 -32.209
-1.328 22.314 -29.773
-2.753 18.736 -29.691
-4.334 19.137 -33.217

-7.578 17.622 -31.79
-11.313 18.386 -31.995
-13.683 18.544 -28.991
-17.466 19.001 -28.65
-20.131 19.402 -25.91

-21.257 16.038 -24.476
-24.923 16.743 -25.497
-23.731 16.722 -29.178
-22.178 13.179 -28.839
-25.228 11.354 -30.322
-25.57 14.044 -33.093
-21.852 13.682 -34.021
-21.815 9.829 -34.037
-25.045 9.774 -36.128
-23.507 12.176 -38.75
-20.093 10.348 -38.803

-21.793 6.948 -39.527
-22.962 8.546 -42.834
-19.328 9.196 -43.991
-17.677 6.563 -46.261
-14.251 5.2 -45.121

-14.46 6.789 -41.562
-14.765 4.819 -38.279
-15.142 6.964 -35.114
-15.663 4.659 -32.101

-18.218 6.249 -29.657
-17.862 6.903 -25.912
-18.35 3.469 -24.195
-21.794 2.549 -22.772
-20.235 2.829 -19.255
-19.534 6.58 -19.812
-22.964 7.196 -21.431
-24.623 5.531 -18.378
-22.42 7.523 -15.909

-23.028 10.919 -17.654
-26.668 10.153 -18.714
-27.851 13.482 -17.123

-25.214 15.594 -18.963
-26 13.8 -22.296
-29.631 15.147 -21.909

-29.0111 18.4642 -20.0601
-28.7775 21.0666 -17.4251
-26.8427 23.0642 -14.947
-28.2099 25.0699 -11.9337
-30.7767 22.5808 -10.7593
-34.4956 23.5621 -11.3336
-38.2218 24.01 -11.9382

-40.2115 26.052 -9.42537
-37.0541 26.9536 -7.51211
-35.3224 28.0714 -10.705
-38.2796 30.2601 -11.6575
-38.3044 31.8885 -8.22381
-34.5825 32.626 -8.43993

-37.0045 32.325 -5.51493
-34.6665 30.926 -2.80793
-37.3545 31.094 0.00407096
-37.4365 27.234 0.140071
-33.5975 27.224 0.671071
-32.0975 27.381 4.18607

-31.7975 31.149 5.13007
-28.2685 30.584 6.58807
-27.0735 29.544 3.08407
-29.0085 32.26 1.14707
-27.6795 35.083 3.43707
-24.0155 33.895 3.07807

-23.9645 33.897 -0.787929
-21.7225 36.662 -2.19693

-23.3835 38.767 -5.01993
-21.5085 36.858 -7.78693
-22.3415 33.477 -6.11693
-26.0735 34.482 -6.10593
-25.8395 35.393 -9.83593
-24.2205 31.93 -10.4369
-27.0655 30.15 -8.53893
-29.6405 32.159 -10.5919
-27.8325 31.24 -13.8869
-27.7075 27.534 -12.8979
-31.4735 27.566 -12.0549
-32.3015 29.418 -15.3479

-30.2505 26.72 -17.2549
-32.4915 24.123 -15.4529
-29.7895 22.775 -13.0529

-27.6295 21.428 -15.9569
-24.2335 23.193 -16.0199
-20.4865 23.087 -15.5039
-19.5725 25.616 -12.7619

-15.9715 26.27 -13.9109

-15.4125 29.264 -11.5579
-11.7815 29.68 -10.4059

-10.3255 27.79 -7.38493
-11.6385 29.031 -3.99893
-14.5105 31.244 -5.40893
-16.9835 29.056 -3.37493

-18.1215 26.429 -5.95193
-19.2895 24.156 -3.04893
-21.6405 26.789 -1.46693
-23.1535 27.581 -4.92893
-23.5595 23.813 -5.69293
-25.2975 23.117 -2.32193
-27.6925 26.071 -2.98493
-28.5245 24.93 -6.58793
-29.1235 21.352 -5.31993
-31.2325 22.595 -2.32193
-33.5045 24.606 -4.70493

-34.1775 21.133 -6.27593

-34.6615 19.368 -2.80193
-38.1635 18.218 -4.01293
-36.3275 16.119 -6.72093
-33.9035 14.207 -4.37293
-32.2585 11.662 -3.61293

-29.0515 13.627 -4.29493
-25.8285 11.938 -5.51393
-22.5125 13.747 -4.78593
-19.4095 12.336 -6.55993
-16.1065 13.718 -5.17993

-12.3275 13.059 -4.79693
-11.6935 10.255 -2.21593
-10.1335 12.77 0.310071
-12.9665 15.435 0.416071

-16.0355 13.207 1.22007
-16.1725 14.322 4.89207
-15.4315 17.973 3.84707
-18.6425 17.771 1.72307
-20.6915 16.178 4.59207
-19.5455 18.995 6.94607
-20.3865 21.551 4.18607
-23.9995 20.186 3.97707
-24.3595 20.215 7.82807
-22.8735 23.775 7.94007
-25.1005 25.27 5.19507

-28.3985 23.266 5.45707
-29.1285 23.025 9.27307
-32.6655 21.866 8.16507
-31.0415 18.374 7.62307
-30.3075 15.79 10.3341

-26.9095 13.971 10.0741
-28.9155 10.755 9.29707
-30.0575 12.408 6.00807

-26.3685 12.259 4.79307
-24.7825 8.95103 3.70507
-20.9585 9.03403 3.29807

-19.9795 5.95903 1.25207
-16.5935 4.77203 2.58907
-16.4785 1.23803 1.03007
-17.6825 -0.723971 -2.04793
-20.0465 -2.74497 0.287071
-22.0655 0.267029 1.53407
-25.6295 1.15803 0.376071
-25.3525 4.10203 -2.08193
-29.0935 4.97303 -1.50993
-29.1965 4.90903 2.34407
-29.3855 8.74303 2.75307
-31.3575 11.609 1.21207

-27.8655 12.935 0.255071
-25.3425 10.242 -0.817929
-21.6135 11.177 -0.979929
-19.2865 8.77303 -2.89593
-15.8065 8.78003 -4.49193

-14.9355 8.33503 -8.20593
-13.0345 5.06603 -7.40793
-16.1105 3.52903 -5.66993
-18.5775 4.30603 -8.56093

-17.2035 1.36003 -10.6429
-17.5645 -0.997971 -7.59993
-21.1205 0.335029 -6.93793
-22.2915 0.260029 -10.6439
-25.0085 -2.33997 -9.73893
-26.5205 0.239029 -7.27093
-26.2325 3.18103 -9.79393
-29.3485 1.64203 -11.5049
-31.4655 3.62403 -8.95793
-32.3715 6.93803 -10.7309
-30.6445 9.84003 -8.94093
-32.5135 12.86 -10.4229

-29.9815 15.398 -8.99093
-26.2135 14.777 -9.35393
-23.2845 16.93 -8.18093
-19.7945 15.965 -9.42293

-16.9395 17.838 -7.72393
-13.6185 18.21 -9.63193

-15.3435 16.723 -12.7519
-12.0425 16.868 -14.7509
-11.5295 13.333 -13.2389
-14.0515 12.209 -15.9589

-11.8355 13.639 -18.8369
-11.1385 10.166 -20.3939
-14.1905 8.09203 -21.5189
-12.2715 4.72703 -21.4209
-11.6635 4.95903 -17.6219

-13.8285 2.80603 -15.2909
-14.8455 5.95303 -13.2699
-16.1095 7.66603 -16.4759
-17.8635 4.48203 -17.7889
-19.7385 4.17003 -14.4309
-20.5905 7.93803 -14.1149
-21.7425 8.72203 -17.7079
-24.9775 6.55203 -17.7859
-26.2385 8.28903 -14.5819
-25.2815 11.803 -15.8469
-27.1705 11.249 -19.1689
-30.4255 10.148 -17.3589

-30.3495 12.431 -14.2479
-32.6495 15.533 -14.4869

-30.1035 17.959 -12.8869
-26.2965 17.728 -13.4119
-24.0465 20.152 -11.4929
-20.4225 19.618 -12.6059
-17.7045 21.554 -10.6949

-14.0165 22.14 -11.6019
-11.2755 24.787 -11.2099
-9.56753 23.376 -14.3199
-12.2795 21.853 -16.6149
-9.54053 21.054 -19.1279
-6.12153 20.119 -17.6599
-4.09853 20.348 -20.9389
-6.23753 19.89 -24.1469

-9.76353 20.487 -25.6669
-10.4225 16.679 -25.8839
-10.6795 16.557 -22.0059
-13.8965 18.705 -22.1619
-15.9055 16.229 -24.3109
-17.1815 14.049 -21.3969
-18.2585 17.183 -19.4259
-20.0155 18.669 -22.5409
-22.0365 15.437 -23.1589
-22.8225 15.149 -19.3969
-24.3815 18.692 -19.3789

-25.8845 18.421 -22.9549
-26.2695 14.705 -24.0399
-27.4495 15.824 -27.5629
-24.2125 17.785 -28.2909
-21.6145 15.839 -30.3749
-23.1775 12.29 -30.0119
-19.8535 10.858 -31.3539

-16.3785 12.056 -30.2119
-14.9965 12.053 -33.8149
-17.1435 15.108 -34.8129
-15.8425 17.044 -31.7419
-12.2425 15.876 -32.4509
-12.3055 16.913 -36.1669
-13.5155 20.441 -35.2129
-11.6805 21.255 -31.9249

-8.78753 18.724 -31.5469
-7.12853 19.207 -35.0249
-7.77653 15.498 -35.6409

-5.19953 13.851 -37.9719
-5.44853 10.503 -39.8139
-2.16853 8.66003 -39.0569

-1.17253 5.17803 -40.4849
-2.22253 3.61103 -37.0979

-5.57853 5.50403 -36.6909
-6.74253 8.98703 -35.5969
-4.65253 11.412 -33.5149

-6.66353 13.883 -31.3209
-3.73253 15.499 -29.3619
-4.06353 18.826 -31.2549
-6.28253 21.913 -30.9089
-8.41053 23.973 -33.3479
-11.1655 26.668 -33.4259

-10.7055 27.385 -29.6509
-12.5365 30.783 -29.7499
-15.6365 29.007 -31.2069
-15.3115 26.293 -28.5029
-15.1305 29.061 -25.8099
-18.3385 30.699 -27.1789
-20.1715 27.304 -27.2879
-19.0595 26.481 -23.7009
-20.1185 29.879 -22.2139
-23.5205 29.929 -24.0269
-24.6975 26.32 -23.4919

-22.4665 24.318 -21.0259

-20.3335 26.376 -18.6419
-20.3915 29.27 -16.1709

-16.7885 30.512 -15.6379
-15.4815 33.513 -13.6489
-11.9065 34.348 -12.6749

-10.3805 35.832 -9.44693
-9.76953 39.036 -11.4689
-13.5245 39.285 -12.3689
-14.9645 38.915 -8.80893

-12.1535 39.41 -6.18693
-10.1925 42.645 -7.01793
-8.77853 42.408 -3.41793
-6.77353 39.14 -3.83393

-2.97453 39.834 -3.84893
-1.22153 39.1 -7.17293

0.434471 35.73 -7.91593
4.05047 36.578 -8.89393
5.58747 33.688 -10.8959
9.26647 33.19 -11.8429
11.6285 30.581 -13.2449
14.6695 29.886 -11.0039
17.4885 28.332 -13.0589

19.2685 26.131 -10.4679
22.9835 25.95 -11.2779

23.9675 22.719 -13.2009
27.5825 23.19 -11.8729
26.5445 20.998 -8.85093

25.5035 18.209 -11.3359
28.6415 16.028 -11.2699

30.1475 14.755 -14.5679
28.8355 11.137 -14.0269
25.2135 12.335 -13.4759
25.4905 14.665 -16.5369
26.9195 11.82 -18.6889
23.9815 9.60303 -17.5039
21.4355 12.338 -18.5019
23.2325 12.736 -21.8919
23.1455 8.91003 -22.3229
19.3725 8.60103 -21.5749
18.6845 11.653 -23.8429
20.6395 9.97703 -26.7299
18.8655 6.66403 -25.9389
15.3685 8.21603 -26.5229
16.4595 9.54703 -29.9939

17.9395 6.21703 -31.2459
16.1095 5.11903 -34.4509
16.2505 1.33903 -33.9159
14.3795 1.17803 -30.5309
10.8065 -0.0499715 -30.0239

8.01047 2.33703 -28.8699
8.32947 0.675029 -25.4069
12.1515 1.13403 -25.1179
11.6005 4.83603 -26.0889
9.01147 5.18903 -23.2139
11.3795 3.36903 -20.7769
14.3285 5.66103 -21.7339
11.9775 8.69903 -21.2779
10.9625 7.49703 -17.7539
14.6775 6.91603 -16.9469
15.6475 10.437 -18.2189
12.8205 11.976 -16.1039
13.7755 10.027 -12.9059
17.5085 10.944 -13.4729
16.4585 14.634 -13.8329
14.8075 14.445 -10.3729
17.9675 12.864 -8.80393
20.2675 15.425 -10.5319
18.2685 18.399 -9.08593
18.2155 17.203 -5.38793
21.5025 18.956 -4.25093
20.5655 22.389 -5.72293
16.8805 22.034 -4.68293
18.2215 21.486 -1.11193
20.6935 24.429 -1.49893
17.7665 26.68 -2.58193
15.4545 25.528 0.308071
18.2595 26.296 2.81907
18.9135 29.746 1.19407
15.1645 30.543 1.67007
15.2915 29.532 5.39507
18.6165 31.397 5.98507

16.9585 34.476 4.30207
14.4785 34.461 7.27607
11.3095 33.164 5.48507
8.61547 32.211 8.01307
6.36247 29.862 5.88907

6.58147 28.267 2.40807
5.41347 25.191 0.437071
7.78347 22.829 -1.43793
6.19747 20.762 -4.24193
7.81847 17.607 -5.71293

6.43647 14.306 -7.18993
9.31447 11.762 -7.13493

9.44547 10.078 -3.68193
13.3085 10.28 -3.62393
13.0785 14.137 -3.86593
10.4755 14.322 -1.02193
12.6365 11.887 1.06407
15.9015 13.869 0.510071
14.2245 17.248 1.35607
12.6715 15.819 4.59507
16.0075 14.186 5.62507
17.9495 17.489 5.20507
15.2635 19.502 7.11307
15.4815 16.911 9.97807
19.3435 17.135 9.86307

19.0555 20.99 10.1191
16.3875 20.558 12.9201
13.8095 22.518 10.8181
10.2055 21.831 11.8871

8.20247 20.84 8.77607
5.11747 18.872 7.61007
5.03947 16.155 4.89407
2.03747 15.054 2.75007

2.30347 12.332 0.052071
0.470471 9.23603 -1.36193
1.04847 7.31903 1.94707
-0.385529 10.068 4.26307
-3.89853 9.06303 5.45207
-7.06153 11.159 4.79607
-7.43453 12.267 8.48407

-3.67653 12.909 9.07107
-3.68553 15.134 5.90407
-6.24653 17.466 7.56807
-4.39753 17.411 10.9521
-0.961529 18.199 9.34407
-2.70253 20.968 7.32107
-4.03653 22.456 10.6211
-0.559529 22.073 12.2741
1.08847 24.089 9.40607
-1.75953 26.689 9.45607
-1.83353 27.253 13.2671

1.79947 26.59 14.4011
4.38347 29.372 13.7151
7.18647 26.744 14.1651
6.37547 24.74 10.9871
8.34447 26.721 8.36607

8.20247 24.197 5.45307
5.44247 22.026 3.97407
6.90447 19.164 1.84407
4.04847 18.254 -0.528929
3.47447 15.726 -3.31693

2.16247 17.622 -6.41793
-0.266529 14.712 -7.12693
-1.32953 13.863 -3.52993
-1.81653 17.457 -2.16293
-3.53853 18.986 -5.29593
-6.99953 18.512 -3.60793
-8.99753 19.468 -0.456929
-6.23053 21.234 1.53807
-5.78153 25.006 2.22307
-2.32853 26.549 2.93207
-3.16553 30.284 3.37807
-0.455529 30.616 6.13107
2.32847 30.551 3.45807
3.21247 33.356 0.961071

5.65947 31.279 -1.18093
5.35047 28.115 -3.32293
8.51747 26.348 -4.60793
8.14047 23.715 -7.35193

11.3005 21.592 -6.90793
10.0915 19.572 -9.93893
8.08047 20.375 -13.0869
4.88747 18.41 -13.8829
3.80147 17.856 -17.5499
0.155471 18.828 -16.8049

-0.384529 22.605 -16.1569
-3.85753 22.057 -14.5939
-2.15653 20.19 -11.6739
0.462471 22.986 -11.2589
-2.37453 25.614 -11.1049
-4.25453 23.374 -8.56993
-1.07653 23.367 -6.38993
-0.602529 27.218 -6.62193

-4.30053 27.693 -5.60393
-3.62653 25.846 -2.31993
-2.00553 29.126 -1.05493
-3.93753 31.648 -3.19993
-7.32153 31.155 -1.37593
-9.86153 33.329 0.507071
-7.93753 34.271 3.70407
-4.62953 35.043 1.88207
-3.40053 38.643 2.59607
0.121471 38.574 0.983071
1.22447 38.537 -2.70293

1.84647 34.856 -3.52593
5.33647 34.035 -4.85793
5.59847 30.984 -7.19293
9.15947 29.732 -7.93393
9.66347 27.048 -10.6459
13.0835 25.353 -10.1379
14.6165 24.337 -13.5409

18.0055 22.837 -14.5629
19.7065 23.356 -17.9919
20.8125 19.991 -19.5159
17.7895 18.016 -18.0979
14.1175 17.016 -18.7239

13.1055 20.6 -17.6449
14.4245 21.944 -21.0289
11.6445 19.936 -22.8389
8.94547 20.013 -20.1049
8.90947 23.827 -19.6849
8.09847 24.669 -23.3989
5.51347 21.782 -23.3489
3.80447 23.219 -20.2049
3.81747 26.732 -21.8219
2.12447 25.649 -25.1039
-0.476529 23.724 -22.9889
-1.31853 26.859 -20.8699
-1.67853 28.851 -24.1419
-4.15153 26.206 -25.5069
-6.07353 26.472 -22.1749
-6.05853 30.336 -22.3389
-7.28553 30.42 -26.0089

-10.1585 28.098 -24.8919
-10.9585 30.64 -22.0469
-9.88253 28.039 -19.4029
-6.86253 29.946 -17.9269
-5.68753 33.561 -17.3549
-2.22953 32.122 -16.6199
0.244471 33.258 -19.2649
3.68447 31.586 -18.7919
5.56947 33.392 -21.6809

6.57547 36.481 -19.5989
8.62347 34.292 -17.1559
10.9705 32.975 -19.9349
11.8215 36.372 -21.4939

13.0865 37.331 -17.9639
15.5715 34.358 -17.5409

End chain 1
