-13.201 -6.296 -53.957
-10.703 -3.406 -53.291
-9.54 -3.087 -49.639
-11.02 0.322 -48.639
-8.614 1.85 -46.053
-10.787 3.126 -43.162

-9.634 6.195 -41.181
-10.061 4.9 -37.589
-10.286 6.838 -34.306
-12.195 7.103 -30.979
-14.163 9.439 -28.711
-12.619 10.223 -25.263
-14.157 12.207 -22.344

-11.943 15.248 -21.466
-14.301 16.978 -18.949
-17.827 16.65 -17.399
-19.139 18.761 -20.353

-16.752 17.96 -23.312
-15.482 14.956 -25.281
-12.62 14.751 -27.824
-12.437 12.939 -31.204
-8.982 11.264 -31.393
-8.672 10.357 -35.1

-6.282 10.744 -38.079
-6.98 13.557 -40.6
-9.895 13.022 -43.051

-11.208 15.853 -45.293
-14.92 14.856 -45.011
-14.611 14.37 -41.226
-13.015 17.857 -40.827
-15.875 19.254 -42.999
-18.403 17.482 -40.669
-16.559 18.759 -37.515
-16.844 22.341 -38.957

-20.697 21.797 -39.029
-20.861 21.033 -35.24
-22.116 23.933 -33.104
-20.016 23.255 -29.939
-16.791 22.621 -31.971

-13.393 23.436 -30.391
-10.011 22.816 -32.063
-6.805 22.812 -29.99

-3.883 23.919 -32.209
-1.328 22.314 -29.773
-2.753 18.736 -29.691
-4.334 19.137 -33.217

-7.578 17.622 -31.79
-11.313 18.386 -31.995
-13.683 18.544 -28.991
-17.466 19.001 -28.65
-20.131 19.402 -25.91

-21.257 16.038 -24.476
-24.923 16.743 -25.497
-23.731 16.722 -29.178
-22.178 13.179 -28.839
-25.228 11.354 -30.322
-25.57 14.044 -33.093
-21.852 13.682 -34.021
-21.815 9.829 -34.037
-25.045 9.774 -36.128
-23.507 12.176 -38.75
-20.093 10.348 -38.803

-21.793 6.948 -39.527
-22.962 8.546 -42.834
-19.328 9.196 -43.991
-17.677 6.563 -46.261
-14.251 5.2 -45.121

-14.46 6.789 -41.562
-14.765 4.819 -38.279
-15.142 6.964 -35.114
-15.663 4.659 -32.101

-18.218 6.249 -29.657
-17.862 6.903 -25.912
-18.35 3.469 -24.195
-21.794 2.549 -22.772
-20.235 2.829 -19.255
-19.534 6.58 -19.812
-22.964 7.196 -21.431
-24.623 5.531 -18.378
-22.42 7.523 -15.909

-23.028 10.919 -17.654
-26.668 10.153 -18.714
-27.851 13.482 -17.123

-25.214 15.594 -18.963
-26 13.8 -22.296
-29.631 15.147 -21.909

-29.014 18.802 -20.797
-28.522 21.656 -23.337
-27.494 23.803 -20.296
-24.374 24.206 -18.108
-26.03 23.63 -14.722
-23.195 22.587 -12.38
-23.731 19.355 -10.334

-27.219 19.392 -8.694
-26.798 20.208 -4.988
-26.578 17.032 -2.906
-29.814 16.999 -0.82
-29.276 16.946 2.956
-30.305 13.551 4.343

-32.727 13.25 7.268
-30.389 11.851 9.975
-33.077 12.019 12.787
-33.159 8.159 12.923
-29.32 8.149 13.454
-27.82 8.306 16.969

-27.52 12.074 17.913
-23.991 11.509 19.371
-22.796 10.469 15.867
-24.731 13.185 13.93
-23.402 16.008 16.22
-19.738 14.82 15.861

-19.687 14.822 11.995
-17.445 17.587 10.586

-19.106 19.692 7.763
-17.231 17.783 4.996
-18.064 14.402 6.666
-21.796 15.407 6.677
-21.562 16.318 2.947
-19.943 12.855 2.346
-22.788 11.075 4.244
-25.363 13.084 2.191
-23.555 12.165 -1.104
-23.43 8.459 -0.115
-27.196 8.491 0.728
-28.024 10.343 -2.565

-25.973 7.645 -4.472
-28.214 5.048 -2.67
-25.512 3.7 -0.27

-23.352 2.353 -3.174
-19.956 4.118 -3.237
-16.209 4.012 -2.721
-15.295 6.541 0.021

-11.694 7.195 -1.128

-11.135 10.189 1.225
-7.504 10.605 2.377

-6.048 8.715 5.398
-7.361 9.956 8.784
-10.233 12.169 7.374
-12.706 9.981 9.408

-13.844 7.354 6.831
-15.012 5.081 9.734
-17.363 7.714 11.316
-18.876 8.506 7.854
-19.282 4.738 7.09
-21.02 4.042 10.461
-23.415 6.996 9.798
-24.247 5.855 6.195
-24.846 2.277 7.463
-26.955 3.52 10.461
-29.227 5.531 8.078

-29.9 2.058 6.507

-30.384 0.293 9.981
-33.886 -0.857 8.77
-32.05 -2.956 6.062
-29.626 -4.868 8.41
-27.981 -7.413 9.17

-24.774 -5.448 8.488
-21.551 -7.137 7.269
-18.235 -5.328 7.997
-15.132 -6.739 6.223
-11.829 -5.357 7.603

-8.05 -6.016 7.986
-7.416 -8.82 10.567
-5.856 -6.305 13.093
-8.689 -3.64 13.199

-11.758 -5.868 14.003
-11.895 -4.753 17.675
-11.154 -1.102 16.63
-14.365 -1.304 14.506
-16.414 -2.897 17.375
-15.268 -0.08 19.729
-16.109 2.476 16.969
-19.722 1.111 16.76
-20.082 1.14 20.611
-18.596 4.7 20.723
-20.823 6.195 17.978

-24.121 4.191 18.24
-24.851 3.95 22.056
-28.388 2.791 20.948
-26.764 -0.701 20.406
-26.03 -3.285 23.117

-22.632 -5.104 22.857
-24.638 -8.32 22.08
-25.78 -6.667 18.791

-22.091 -6.816 17.576
-20.505 -10.124 16.488
-16.681 -10.041 16.081

-15.702 -13.116 14.035
-12.316 -14.303 15.372
-12.201 -17.837 13.813
-13.405 -19.799 10.735
-15.769 -21.82 13.07
-17.788 -18.808 14.317
-21.352 -17.917 13.159
-21.075 -14.973 10.701
-24.816 -14.102 11.273
-24.919 -14.166 15.127
-25.108 -10.332 15.536
-27.08 -7.466 13.995

-23.588 -6.14 13.038
-21.065 -8.833 11.965
-17.336 -7.898 11.803
-15.009 -10.302 9.887
-11.529 -10.295 8.291

-10.658 -10.74 4.577
-8.757 -14.009 5.375
-11.833 -15.546 7.113
-14.3 -14.769 4.222

-12.926 -17.715 2.14
-13.287 -20.073 5.183
-16.843 -18.74 5.845
-18.014 -18.815 2.139
-20.731 -21.415 3.044
-22.243 -18.836 5.512
-21.955 -15.894 2.989
-25.071 -17.433 1.278
-27.188 -15.451 3.825
-28.094 -12.137 2.052
-26.367 -9.235 3.842
-28.236 -6.215 2.36

-25.704 -3.677 3.792
-21.936 -4.298 3.429
-19.007 -2.145 4.602
-15.517 -3.11 3.36

-12.662 -1.237 5.059
-9.341 -0.865 3.151

-11.066 -2.352 0.031
-7.765 -2.207 -1.968
-7.252 -5.742 -0.456
-9.774 -6.866 -3.176

-7.558 -5.436 -6.054
-6.861 -8.909 -7.611
-9.913 -10.983 -8.736
-7.994 -14.348 -8.638
-7.386 -14.116 -4.839

-9.551 -16.269 -2.508
-10.568 -13.122 -0.487
-11.832 -11.409 -3.693
-13.586 -14.593 -5.006
-15.461 -14.905 -1.648
-16.313 -11.137 -1.332
-17.465 -10.353 -4.925
-20.7 -12.523 -5.003
-21.961 -10.786 -1.799
-21.004 -7.272 -3.064
-22.893 -7.826 -6.386
-26.148 -8.927 -4.576

-26.072 -6.644 -1.465
-28.372 -3.542 -1.704

-25.826 -1.116 -0.104
-22.019 -1.347 -0.629
-19.769 1.077 1.29
-16.145 0.543 0.177
-13.427 2.479 2.088

-9.739 3.065 1.181
-6.998 5.712 1.573
-5.29 4.301 -1.537
-8.002 2.778 -3.832
-5.263 1.979 -6.345
-1.844 1.044 -4.877
0.179 1.273 -8.156
-1.96 0.815 -11.364

-5.486 1.412 -12.884
-6.145 -2.396 -13.101
-6.402 -2.518 -9.223
-9.619 -0.37 -9.379
-11.628 -2.846 -11.528
-12.904 -5.026 -8.614
-13.981 -1.892 -6.643
-15.738 -0.406 -9.758
-17.759 -3.638 -10.376
-18.545 -3.926 -6.614
-20.104 -0.383 -6.596

-21.607 -0.654 -10.172
-21.992 -4.37 -11.257
-23.172 -3.251 -14.78
-19.935 -1.29 -15.508
-17.337 -3.236 -17.592
-18.9 -6.785 -17.229
-15.576 -8.217 -18.571

-12.101 -7.019 -17.429
-10.719 -7.022 -21.032
-12.866 -3.967 -22.03
-11.565 -2.031 -18.959
-7.965 -3.199 -19.668
-8.028 -2.162 -23.384
-9.238 1.366 -22.43
-7.403 2.18 -19.142

-4.51 -0.351 -18.764
-2.851 0.132 -22.242
-3.499 -3.577 -22.858

-0.922 -5.224 -25.189
-1.171 -8.572 -27.031
2.109 -10.415 -26.274

3.105 -13.897 -27.702
2.055 -15.464 -24.315

-1.301 -13.571 -23.908
-2.465 -10.088 -22.814
-0.375 -7.663 -20.732

0.677774 -4.42316 -19.1879
1.13732 -3.62356 -15.5732
0.936019 -4.08588 -11.8419
1.70665 -7.7535 -12.6913
3.85768 -10.6926 -13.9512
6.28801 -9.17318 -11.5199

9.10786 -11.714 -11.7088
7.62315 -13.7192 -8.8421
4.21085 -13.7664 -10.5145
5.72252 -14.9783 -13.7839
7.57952 -17.774 -12.0011
4.4016 -18.896 -10.2447
2.49624 -18.9721 -13.5321
5.21688 -21.058 -15.1722
5.17846 -23.5439 -12.298
1.40063 -23.8916 -12.5216
1.58346 -24.5262 -16.2641

3.81446 -26.5282 -13.7981

5.94746 -24.4702 -11.4141
5.88946 -21.5762 -8.9431

9.49246 -20.3342 -8.4101
10.7995 -17.3332 -6.4211
14.3745 -16.4982 -5.4471

15.9005 -15.0142 -2.2191
16.5115 -11.8102 -4.2411
12.7565 -11.5612 -5.1411
11.3165 -11.9312 -1.5811

14.1275 -11.4362 1.0409
16.0885 -8.2012 0.209897
17.5025 -8.4382 3.8099
19.5075 -11.7062 3.3939

23.3065 -11.0122 3.3789
25.0595 -11.7462 0.0548972

26.7155 -15.1162 -0.688103
30.3315 -14.2682 -1.6661
31.8685 -17.1582 -3.6681
35.5475 -17.6562 -4.6151
37.9095 -20.2652 -6.0171
40.9505 -20.9602 -3.7761
43.7695 -22.5142 -5.8311

45.5495 -24.7152 -3.2401
49.2645 -24.8962 -4.0501

50.2485 -28.1272 -5.9731
53.8635 -27.6562 -4.6451
52.8255 -29.8482 -1.6231

51.7845 -32.6372 -4.1081
54.9225 -34.8182 -4.0421

56.4285 -36.0912 -7.3401
55.1165 -39.7092 -6.7991
51.4945 -38.5112 -6.2481
51.7715 -36.1812 -9.3091
53.2005 -39.0262 -11.4611
50.2625 -41.2432 -10.2761
47.7165 -38.5082 -11.2741
49.5135 -38.1102 -14.6641
49.4265 -41.9362 -15.0951
45.6535 -42.2452 -14.3471
44.9655 -39.1932 -16.6151
46.9205 -40.8692 -19.5021
45.1465 -44.1822 -18.7111
41.6495 -42.6302 -19.2951
42.7405 -41.2992 -22.7661

44.2205 -44.6292 -24.0181
42.3905 -45.7272 -27.2231
42.5315 -49.5072 -26.6881
40.6605 -49.6682 -23.3031
37.0875 -50.8962 -22.7961

34.2915 -48.5092 -21.6421
34.6105 -50.1712 -18.1791
38.4325 -49.7122 -17.8901
37.8815 -46.0102 -18.8611
35.2925 -45.6572 -15.9861
37.6605 -47.4772 -13.5491
40.6095 -45.1852 -14.5061
38.2585 -42.1472 -14.0501
37.2435 -43.3492 -10.5261
40.9585 -43.9302 -9.7191
41.9285 -40.4092 -10.9911
39.1015 -38.8702 -8.8761
40.0565 -40.8192 -5.6781
43.7895 -39.9022 -6.2451
42.7395 -36.2122 -6.6051
41.0885 -36.4012 -3.1451
44.2485 -37.9822 -1.5761
46.5485 -35.4212 -3.3041
44.5495 -32.4472 -1.8581
44.4965 -33.6432 1.8399
47.7835 -31.8902 2.9769
46.8465 -28.4572 1.5049
43.1615 -28.8122 2.5449
44.5025 -29.3602 6.1159
46.9745 -26.4172 5.7289
44.0475 -24.1662 4.6459
41.7355 -25.3182 7.5359
44.5405 -24.5502 10.0469
45.1945 -21.1002 8.4219
41.4455 -20.3032 8.8979
41.5725 -21.3142 12.6229
44.8975 -19.4492 13.2129

43.2395 -16.3702 11.5299
40.7595 -16.3852 14.5039
37.5905 -17.6822 12.7129
34.8965 -18.6352 15.2409
32.6435 -20.9842 13.1169

32.8625 -22.5792 9.6359
31.6945 -25.6552 7.6649
34.0645 -28.0172 5.7899
32.4785 -30.0842 2.9859
34.0995 -33.2392 1.5149

32.7175 -36.5402 0.0378972
35.5955 -39.0842 0.0928972

35.7265 -40.7682 3.5459
39.5895 -40.5662 3.6039
39.3595 -36.7092 3.3619
36.7565 -36.5242 6.2059
38.9175 -38.9592 8.2919
42.1825 -36.9772 7.7379
40.5055 -33.5982 8.5839
38.9525 -35.0272 11.8229
42.2885 -36.6602 12.8529
44.2305 -33.3572 12.4329
41.5445 -31.3442 14.3409
41.7625 -33.9352 17.2059
45.6245 -33.7112 17.0909

45.3365 -29.8562 17.3469
42.6685 -30.2882 20.1479
40.0905 -28.3282 18.0459
36.4865 -29.0152 19.1149

34.4835 -30.0062 16.0039
31.3985 -31.9742 14.8379
31.3205 -34.6912 12.1219
28.3185 -35.7922 9.9779

28.5845 -38.5142 7.2799
26.7515 -41.6102 5.8659
27.3295 -43.5272 9.1749
25.8955 -40.7782 11.4909
22.3825 -41.7832 12.6799
19.2195 -39.6872 12.0239
18.8465 -38.5792 15.7119

22.6045 -37.9372 16.2989
22.5955 -35.7122 13.1319
20.0345 -33.3802 14.7959
21.8835 -33.4352 18.1799
25.3195 -32.6472 16.5719
23.5785 -29.8782 14.5489
22.2445 -28.3902 17.8489
25.7215 -28.7732 19.5019
27.3695 -26.7572 16.6339
24.5215 -24.1572 16.6839
24.4475 -23.5932 20.4949

28.0805 -24.2562 21.6289
30.6645 -21.4742 20.9429
33.4675 -24.1022 21.3929
32.6565 -26.1062 18.2149
34.6255 -24.1252 15.5939

34.4835 -26.6492 12.6809
31.7235 -28.8202 11.2019
33.1855 -31.6822 9.0719
30.3295 -32.5922 6.6989
29.7555 -35.1202 3.9109

28.4435 -33.2242 0.809897
26.0145 -36.1342 0.100897
24.9515 -36.9832 3.6979
24.4645 -33.3892 5.0649
22.7425 -31.8602 1.9319
19.2815 -32.3342 3.6199
17.2835 -31.3782 6.7709
20.0505 -29.6122 8.7659
20.4995 -25.8402 9.4509
23.9525 -24.2972 10.1599
23.1155 -20.5622 10.6059
25.8255 -20.2302 13.3589
28.6095 -20.2952 10.6859
29.4935 -17.4902 8.1889

31.9405 -19.5672 6.0469
31.6315 -22.7312 3.9049
34.7985 -24.4982 2.6199
34.4215 -27.1312 -0.124103

37.5815 -29.2542 0.319897
36.3725 -31.2742 -2.7111
34.3615 -30.4712 -5.8591
31.1685 -32.4362 -6.6551
30.0825 -32.9902 -10.3221
26.4365 -32.0182 -9.5771

25.8965 -28.2412 -8.9291
22.4235 -28.7892 -7.3661
24.1245 -30.6562 -4.4461
26.7435 -27.8602 -4.0311
23.9065 -25.2322 -3.8771
22.0265 -27.4722 -1.3421
25.2045 -27.4792 0.837897
25.6785 -23.6282 0.605897

21.9805 -23.1532 1.6239
22.6545 -25.0002 4.9079
24.2755 -21.7202 6.1729
22.3435 -19.1982 4.0279
18.9595 -19.6912 5.8519
16.4195 -17.5172 7.7349
18.3435 -16.5752 10.9319
21.6515 -15.8032 9.1099
22.8805 -12.2032 9.8239
26.4025 -12.2722 8.2109
27.5055 -12.3092 4.5249

28.1275 -15.9902 3.7019
31.6175 -16.8112 2.3699
31.8795 -19.8622 0.0348972
35.4405 -21.1142 -0.706103
35.9445 -23.7982 -3.4181
39.3645 -25.4932 -2.9101
40.8975 -26.5092 -6.3131

44.2865 -28.0092 -7.3351
45.9875 -27.4902 -10.7641
47.0935 -30.8552 -12.2881
44.0705 -32.8302 -10.8701
40.3985 -33.8302 -11.4961

39.3865 -30.2462 -10.4171
40.7055 -28.9022 -13.8011
37.9255 -30.9102 -15.6111
35.2265 -30.8332 -12.8771
35.1905 -27.0192 -12.4571
34.3795 -26.1772 -16.1711
31.7945 -29.0642 -16.1211
30.0855 -27.6272 -12.9771
30.0985 -24.1142 -14.5941
28.4055 -25.1972 -17.8761
25.8045 -27.1222 -15.7611
24.9625 -23.9872 -13.6421
24.6025 -21.9952 -16.9141
22.1295 -24.6402 -18.2791
20.2075 -24.3742 -14.9471
20.2225 -20.5102 -15.1111
18.9955 -20.4262 -18.7811

16.1225 -22.7482 -17.6641
15.3225 -20.2062 -14.8191
16.3985 -22.8072 -12.1751
19.4185 -20.9002 -10.6991
20.5935 -17.2852 -10.1271
24.0515 -18.7242 -9.3921
26.5255 -17.5882 -12.0371
29.9655 -19.2602 -11.5641
31.8505 -17.4542 -14.4531

32.8565 -14.3652 -12.3711
34.9045 -16.5542 -9.9281
37.2515 -17.8712 -12.7071
38.1025 -14.4742 -14.2661

39.3675 -13.5152 -10.7361
41.8525 -16.4882 -10.3131

End chain 1
