-13.201 -6.296 -53.957
-10.703 -3.406 -53.291
-9.54 -3.087 -49.639
-11.02 0.322 -48.639
-8.614 1.85 -46.053
-10.787 3.126 -43.162

-9.634 6.195 -41.181
-10.061 4.9 -37.589
-10.286 6.838 -34.306
-12.195 7.103 -30.979
-14.163 9.439 -28.711
-12.619 10.223 -25.263
-14.157 12.207 -22.344

-11.943 15.248 -21.466
-14.301 16.978 -18.949
-17.827 16.65 -17.399
-19.139 18.761 -20.353

-16.752 17.96 -23.312
-15.482 14.956 -25.281
-12.62 14.751 -27.824
-12.437 12.939 -31.204
-8.982 11.264 -31.393
-8.672 10.357 -35.1

-9.34524 7.55082 -37.4829
-11.0315 5.44507 -40.111
-12.6126 4.67359 -43.3953

-16.245 4.31696 -42.3362
-15.837 7.00861 -39.6845
-14.2758 9.38882 -42.2025
-17.1256 8.82084 -44.6518
-19.7111 9.51164 -41.9535
-17.9707 12.7462 -40.978
-17.8845 13.9045 -44.5965
-21.5927 13.1863 -45.0161

-25.4457 12.6423 -45.0881
-25.6097 11.8783 -41.2991
-26.8647 14.7783 -39.1631
-24.7647 14.1003 -35.9981
-21.5397 13.4663 -38.0301

-18.1417 14.2813 -36.4501
-14.7597 13.6613 -38.1221
-11.5537 13.6573 -36.0491

-8.63174 14.7643 -38.2681
-6.07674 13.1593 -35.8321
-7.50174 9.58127 -35.7501
-9.08274 9.98227 -39.2761

-12.3267 8.46727 -37.8491
-16.0617 9.23127 -38.0541
-18.4317 9.38927 -35.0501
-22.2147 9.84627 -34.7091
-24.8797 10.2473 -31.9691

-26.0057 6.88327 -30.5351
-29.6717 7.58827 -31.5561
-28.4797 7.56727 -35.2371
-26.9267 4.02427 -34.8981
-29.9767 2.19927 -36.3811
-30.3187 4.88927 -39.1521
-26.6007 4.52727 -40.0801
-26.5637 0.674275 -40.0961
-29.7937 0.619275 -42.1871
-28.2557 3.02127 -44.8091
-24.8417 1.19327 -44.8621

-26.5417 -2.20673 -45.5861
-27.7107 -0.608725 -48.8931
-24.0767 0.0412747 -50.0501
-22.4257 -2.59173 -52.3201
-18.9997 -3.95473 -51.1801

-19.2087 -2.36573 -47.6211
-19.5137 -4.33573 -44.3381
-19.8907 -2.19073 -41.1731
-20.4117 -4.49573 -38.1601

-22.9667 -2.90573 -35.7161
-22.6107 -2.25173 -31.9711
-23.0987 -5.68573 -30.2541
-26.5427 -6.60573 -28.8311
-24.9837 -6.32573 -25.3141
-24.2827 -2.57473 -25.8711
-27.7127 -1.95873 -27.4901
-29.3717 -3.62373 -24.4371
-27.1687 -1.63173 -21.9681

-27.7767 1.76427 -23.7131
-31.4167 0.998275 -24.7731
-32.5997 4.32727 -23.1821

-29.9627 6.43927 -25.0221
-30.7487 4.64527 -28.3551
-34.3797 5.99227 -27.9681

-33.7627 9.64727 -26.8561
-33.2707 12.5013 -29.3961
-32.2427 14.6483 -26.3551
-29.1227 15.0513 -24.1671
-30.7787 14.4753 -20.7811
-27.9437 13.4323 -18.4391
-28.4797 10.2003 -16.3931

-31.9677 10.2373 -14.7531
-31.5467 11.0533 -11.0471
-31.3267 7.87727 -8.96507
-34.5627 7.84427 -6.87907
-34.0247 7.79127 -3.10307
-35.0537 4.39627 -1.71607

-37.4757 4.09527 1.20893
-35.1377 2.69627 3.91593
-37.8257 2.86427 6.72793
-37.9077 -0.995725 6.86393
-34.0687 -1.00573 7.39493
-32.5687 -0.848725 10.9099

-32.2687 2.91927 11.8539
-28.7397 2.35427 13.3119
-27.5447 1.31427 9.80793
-29.4797 4.03027 7.87093
-28.1507 6.85327 10.1609
-24.4867 5.66527 9.80193

-24.4357 5.66727 5.93593
-22.1937 8.43227 4.52693

-23.8547 10.5373 1.70393
-21.9797 8.62827 -1.06307
-22.8127 5.24727 0.606929
-26.5447 6.25227 0.617929
-26.3107 7.16327 -3.11207
-24.6917 3.70027 -3.71307
-27.5367 1.92027 -1.81507
-30.1117 3.92927 -3.86807
-28.3037 3.01027 -7.16307
-28.1787 -0.695725 -6.17407
-31.9447 -0.663725 -5.33107
-32.7727 1.18827 -8.62407

-30.7217 -1.50973 -10.5311
-32.9627 -4.10673 -8.72907
-30.2607 -5.45473 -6.32907

-28.1007 -6.80173 -9.23307
-24.7047 -5.03673 -9.29607
-20.9577 -5.14273 -8.78007
-20.0437 -2.61373 -6.03807

-16.4427 -1.95973 -7.18707

-15.8837 1.03427 -4.83407
-12.2527 1.45027 -3.68207

-10.7967 -0.439725 -0.661071
-12.1097 0.801275 2.72493
-14.9817 3.01427 1.31493
-17.4547 0.826275 3.34893

-18.5927 -1.80073 0.771929
-19.7607 -4.07373 3.67493
-22.1117 -1.44073 5.25693
-23.6247 -0.648725 1.79493
-24.0307 -4.41673 1.03093
-25.7687 -5.11273 4.40193
-28.1637 -2.15873 3.73893
-28.9957 -3.29973 0.135929
-29.5947 -6.87773 1.40393
-31.7037 -5.63473 4.40193
-33.9757 -3.62373 2.01893

-34.6487 -7.09673 0.447929

-35.1327 -8.86173 3.92193
-38.6347 -10.0117 2.71093
-36.7987 -12.1107 0.00292854
-34.3747 -14.0227 2.35093
-32.7297 -16.5677 3.11093

-29.5227 -14.6027 2.42893
-26.2997 -16.2917 1.20993
-22.9837 -14.4827 1.93793
-19.8807 -15.8937 0.163929
-16.5777 -14.5117 1.54393

-12.7987 -15.1707 1.92693
-12.1647 -17.9747 4.50793
-10.6047 -15.4597 7.03393
-13.4377 -12.7947 7.13993

-16.5067 -15.0227 7.94393
-16.6437 -13.9077 11.6159
-15.9027 -10.2567 10.5709
-19.1137 -10.4587 8.44693
-21.1627 -12.0517 11.3159
-20.0167 -9.23473 13.6699
-20.8577 -6.67873 10.9099
-24.4707 -8.04373 10.7009
-24.8307 -8.01473 14.5519
-23.3447 -4.45473 14.6639
-25.5717 -2.95973 11.9189

-28.8697 -4.96373 12.1809
-29.5997 -5.20473 15.9969
-33.1367 -6.36373 14.8889
-31.5127 -9.85573 14.3469
-30.7787 -12.4397 17.0579

-27.3807 -14.2587 16.7979
-29.3867 -17.4747 16.0209
-30.5287 -15.8217 12.7319

-26.8397 -15.9707 11.5169
-25.2537 -19.2787 10.4289
-21.4297 -19.1957 10.0219

-20.4507 -22.2707 7.97593
-17.0647 -23.4577 9.31293
-16.9497 -26.9917 7.75393
-18.1537 -28.9537 4.67593
-20.5177 -30.9747 7.01093
-22.5367 -27.9627 8.25793
-26.1007 -27.0717 7.09993
-25.8237 -24.1277 4.64193
-29.5647 -23.2567 5.21393
-29.6677 -23.3207 9.06793
-29.8567 -19.4867 9.47693
-31.8287 -16.6207 7.93593

-28.3367 -15.2947 6.97893
-25.8137 -17.9877 5.90593
-22.0847 -17.0527 5.74393
-19.7577 -19.4567 3.82793
-16.2777 -19.4497 2.23193

-15.4067 -19.8947 -1.48207
-13.5057 -23.1637 -0.684071
-16.5817 -24.7007 1.05393
-19.0487 -23.9237 -1.83707

-17.6747 -26.8697 -3.91907
-18.0357 -29.2277 -0.876071
-21.5917 -27.8947 -0.214071
-22.7627 -27.9697 -3.92007
-25.4797 -30.5697 -3.01507
-26.9917 -27.9907 -0.547071
-26.7037 -25.0487 -3.07007
-29.8197 -26.5877 -4.78107
-31.9367 -24.6057 -2.23407
-32.8427 -21.2917 -4.00707
-31.1157 -18.3897 -2.21707
-32.9847 -15.3697 -3.69907

-30.4527 -12.8317 -2.26707
-26.6847 -13.4527 -2.63007
-23.7557 -11.2997 -1.45707
-20.2657 -12.2647 -2.69907

-17.4107 -10.3917 -1.00007
-14.0897 -10.0197 -2.90807

-15.8147 -11.5067 -6.02807
-12.5137 -11.3617 -8.02707
-12.0007 -14.8967 -6.51507
-14.5227 -16.0207 -9.23507

-12.3067 -14.5907 -12.1131
-11.6097 -18.0637 -13.6701
-14.6617 -20.1377 -14.7951
-12.7427 -23.5027 -14.6971
-12.1347 -23.2707 -10.8981

-14.2997 -25.4237 -8.56707
-15.3167 -22.2767 -6.54607
-16.5807 -20.5637 -9.75207
-18.3347 -23.7477 -11.0651
-20.2097 -24.0597 -7.70707
-21.0617 -20.2917 -7.39107
-22.2137 -19.5077 -10.9841
-25.4487 -21.6777 -11.0621
-26.7097 -19.9407 -7.85807
-25.7527 -16.4267 -9.12307
-27.6417 -16.9807 -12.4451
-30.8967 -18.0817 -10.6351

-30.8207 -15.7987 -7.52407
-33.1207 -12.6967 -7.76307

-30.5747 -10.2707 -6.16307
-26.7677 -10.5017 -6.68807
-24.5177 -8.07773 -4.76907
-20.8937 -8.61173 -5.88207
-18.1757 -6.67573 -3.97107

-14.4877 -6.08973 -4.87807
-11.7467 -3.44273 -4.48607
-10.0387 -4.85373 -7.59607
-12.7507 -6.37673 -9.89107
-10.0117 -7.17573 -12.4041
-6.59274 -8.11073 -10.9361
-4.56974 -7.88173 -14.2151
-6.70874 -8.33973 -17.4231

-10.2347 -7.74273 -18.9431
-10.8937 -11.5507 -19.1601
-11.1507 -11.6727 -15.2821
-14.3677 -9.52473 -15.4381
-16.3767 -12.0007 -17.5871
-17.6527 -14.1807 -14.6731
-18.7297 -11.0467 -12.7021
-20.4867 -9.56073 -15.8171
-22.5077 -12.7927 -16.4351
-23.2937 -13.0807 -12.6731
-24.8527 -9.53773 -12.6551

-26.3557 -9.80873 -16.2311
-26.7407 -13.5247 -17.3161
-27.9207 -12.4057 -20.8391
-24.6837 -10.4447 -21.5671
-22.0857 -12.3907 -23.6511
-23.6487 -15.9397 -23.2881
-20.3247 -17.3717 -24.6301

-16.8497 -16.1737 -23.4881
-15.4677 -16.1767 -27.0911
-17.6147 -13.1217 -28.0891
-16.3137 -11.1857 -25.0181
-12.7137 -12.3537 -25.7271
-12.7767 -11.3167 -29.4431
-13.9867 -7.78873 -28.4891
-12.1517 -6.97473 -25.2011

-9.25874 -9.50573 -24.8231
-7.59974 -9.02273 -28.3011
-8.24774 -12.7317 -28.9171

-5.67074 -14.3787 -31.2481
-5.91974 -17.7267 -33.0901
-2.63974 -19.5697 -32.3331

-1.64374 -23.0517 -33.7611
-2.69374 -24.6187 -30.3741

-6.04974 -22.7257 -29.9671
-7.21374 -19.2427 -28.8731
-5.12374 -16.8177 -26.7911

-7.13474 -14.3467 -24.5971
-4.20374 -12.7307 -22.6381
-4.53474 -9.40373 -24.5311
-6.75374 -6.31673 -24.1851
-8.88174 -4.25673 -26.6241
-11.6367 -1.56173 -26.7021

-11.1767 -0.844725 -22.9271
-13.0077 2.55327 -23.0261
-16.1077 0.777275 -24.4831
-15.7827 -1.93673 -21.7791
-15.6017 0.831275 -19.0861
-18.8097 2.46927 -20.4551
-20.6427 -0.925725 -20.5641
-19.5307 -1.74873 -16.9771
-20.5897 1.64927 -15.4901
-23.9917 1.69927 -17.3031
-25.1687 -1.90973 -16.7681

-22.9377 -3.91173 -14.3021

-20.8047 -1.85373 -11.9181
-20.8627 1.04027 -9.44707

-17.2597 2.28227 -8.91407
-15.9527 5.28327 -6.92507
-12.3777 6.11827 -5.95107

-10.8517 7.60227 -2.72307
-10.2407 10.8063 -4.74507
-13.9957 11.0553 -5.64507
-15.4357 10.6853 -2.08507

-12.6247 11.1803 0.536929
-10.6637 14.4153 -0.294071
-9.24974 14.1783 3.30593
-7.24474 10.9103 2.88993

-3.44574 11.6043 2.87493
-1.69274 10.8703 -0.449071

-0.0367371 7.50027 -1.19207
3.57926 8.34827 -2.17007
5.11626 5.45827 -4.17207
8.79526 4.96027 -5.11907
11.1573 2.35127 -6.52107
14.1983 1.65627 -4.28007
17.0173 0.102275 -6.33507

18.7973 -2.09873 -3.74407
22.5123 -2.27973 -4.55407

23.4963 -5.51073 -6.47707
27.1113 -5.03973 -5.14907
26.0733 -7.23173 -2.12707

25.0323 -10.0207 -4.61207
28.1703 -12.2017 -4.54607

29.6763 -13.4747 -7.84407
28.3643 -17.0927 -7.30307
24.7423 -15.8947 -6.75207
25.0193 -13.5647 -9.81307
26.4483 -16.4097 -11.9651
23.5103 -18.6267 -10.7801
20.9643 -15.8917 -11.7781
22.7613 -15.4937 -15.1681
22.6743 -19.3197 -15.5991
18.9013 -19.6287 -14.8511
18.2133 -16.5767 -17.1191
20.1683 -18.2527 -20.0061
18.3943 -21.5657 -19.2151
14.8973 -20.0137 -19.7991
15.9883 -18.6827 -23.2701

17.4683 -22.0127 -24.5221
15.6383 -23.1107 -27.7271
15.7793 -26.8907 -27.1921
13.9083 -27.0517 -23.8071
10.3353 -28.2797 -23.3001

7.53926 -25.8927 -22.1461
7.85826 -27.5547 -18.6831
11.6803 -27.0957 -18.3941
11.1293 -23.3937 -19.3651
8.54026 -23.0407 -16.4901
10.9083 -24.8607 -14.0531
13.8573 -22.5687 -15.0101
11.5063 -19.5307 -14.5541
10.4913 -20.7327 -11.0301
14.2063 -21.3137 -10.2231
15.1763 -17.7927 -11.4951
12.3493 -16.2537 -9.38007
13.3043 -18.2027 -6.18207
17.0373 -17.2857 -6.74907
15.9873 -13.5957 -7.10907
14.3363 -13.7847 -3.64907
17.4963 -15.3657 -2.08007
19.7963 -12.8047 -3.80807
17.7973 -9.83073 -2.36207
17.7443 -11.0267 1.33593
21.0313 -9.27373 2.47293
20.0943 -5.84073 1.00093
16.4093 -6.19573 2.04093
17.7503 -6.74373 5.61193
20.2223 -3.80073 5.22493
17.2953 -1.54973 4.14193
14.9833 -2.70173 7.03193
17.7883 -1.93373 9.54293
18.4423 1.51627 7.91793
14.6933 2.31327 8.39393
14.8203 1.30227 12.1189
18.1453 3.16727 12.7089

16.4873 6.24627 11.0259
14.0073 6.23127 13.9999
10.8383 4.93427 12.2089
8.14426 3.98127 14.7369
5.89126 1.63227 12.6129

6.11026 0.0372747 9.13193
4.94226 -3.03873 7.16093
7.31226 -5.40073 5.28593
5.72626 -7.46773 2.48193
7.34726 -10.6227 1.01093

5.96526 -13.9237 -0.466071
8.84326 -16.4677 -0.411071

8.97426 -18.1517 3.04193
12.8373 -17.9497 3.09993
12.6073 -14.0927 2.85793
10.0043 -13.9077 5.70193
12.1653 -16.3427 7.78793
15.4303 -14.3607 7.23393
13.7533 -10.9817 8.07993
12.2003 -12.4107 11.3189
15.5363 -14.0437 12.3489
17.4783 -10.7407 11.9289
14.7923 -8.72773 13.8369
15.0103 -11.3187 16.7019
18.8723 -11.0947 16.5869

18.5843 -7.23973 16.8429
15.9163 -7.67173 19.6439
13.3383 -5.71173 17.5419
9.73426 -6.39873 18.6109

7.73126 -7.38973 15.4999
4.64626 -9.35773 14.3339
4.56826 -12.0747 11.6179
1.56626 -13.1757 9.47393

1.83226 -15.8977 6.77593
-0.000737059 -18.9937 5.36193
0.577263 -20.9107 8.67093
-0.856737 -18.1617 10.9869
-4.36974 -19.1667 12.1759
-7.53274 -17.0707 11.5199
-7.90574 -15.9627 15.2079

-4.14774 -15.3207 15.7949
-4.15674 -13.0957 12.6279
-6.71774 -10.7637 14.2919
-4.86874 -10.8187 17.6759
-1.43274 -10.0307 16.0679
-3.17374 -7.26173 14.0449
-4.50774 -5.77373 17.3449
-1.03074 -6.15673 18.9979
0.617263 -4.14073 16.1299
-2.23074 -1.54073 16.1799
-2.30474 -0.976725 19.9909

1.32826 -1.63973 21.1249
3.91226 1.14227 20.4389
6.71526 -1.48573 20.8889
5.90426 -3.48973 17.7109
7.87326 -1.50873 15.0899

7.73126 -4.03273 12.1769
4.97126 -6.20373 10.6979
6.43326 -9.06573 8.56793
3.57726 -9.97573 6.19493
3.00326 -12.5037 3.40693

1.69126 -10.6077 0.305929
-0.737737 -13.5177 -0.403071
-1.80074 -14.3667 3.19393
-2.28774 -10.7727 4.56093
-4.00974 -9.24373 1.42793
-7.47074 -9.71773 3.11593
-9.46874 -8.76173 6.26693
-6.70174 -6.99573 8.26193
-6.25274 -3.22373 8.94693
-2.79974 -1.68073 9.65593
-3.63674 2.05427 10.1019
-0.926737 2.38627 12.8549
1.85726 2.32127 10.1819
2.74126 5.12627 7.68493

5.18826 3.04927 5.54293
4.87926 -0.114725 3.40093
8.04626 -1.88173 2.11593
7.66926 -4.51473 -0.628071

10.8293 -6.63773 -0.184071
9.62026 -8.65773 -3.21507
7.60926 -7.85473 -6.36307
4.41626 -9.81973 -7.15907
3.33026 -10.3737 -10.8261
-0.315737 -9.40173 -10.0811

-0.855737 -5.62473 -9.43307
-4.32874 -6.17273 -7.87007
-2.62774 -8.03973 -4.95007
-0.00873706 -5.24373 -4.53507
-2.84574 -2.61573 -4.38107
-4.72574 -4.85573 -1.84607
-1.54774 -4.86273 0.333929
-1.07374 -1.01173 0.101929

-4.77174 -0.536725 1.11993
-4.09774 -2.38373 4.40393
-2.47674 0.896275 5.66893
-4.40874 3.41827 3.52393
-7.79274 2.92527 5.34793
-10.3327 5.09927 7.23093
-8.40874 6.04127 10.4279
-5.10074 6.81327 8.60593
-3.87174 10.4133 9.31993
-0.349737 10.3443 7.70693
0.753263 10.3073 4.02093

1.37526 6.62627 3.19793
4.86526 5.80527 1.86593
5.12726 2.75427 -0.469071
8.68826 1.50227 -1.21007
9.19226 -1.18173 -3.92207
12.6123 -2.87673 -3.41407
14.1453 -3.89273 -6.81707

17.5343 -5.39273 -7.83907
19.2353 -4.87373 -11.2681
20.3413 -8.23873 -12.7921
17.3183 -10.2137 -11.3741
13.6463 -11.2137 -12.0001

12.6343 -7.62973 -10.9211
13.9533 -6.28573 -14.3051
11.1733 -8.29373 -16.1151
8.47426 -8.21673 -13.3811
8.43826 -4.40273 -12.9611
7.62726 -3.56073 -16.6751
5.04226 -6.44773 -16.6251
3.33326 -5.01073 -13.4811
3.34626 -1.49773 -15.0981
1.65326 -2.58073 -18.3801
-0.947737 -4.50573 -16.2651
-1.78974 -1.37073 -14.1461
-2.14974 0.621275 -17.4181
-4.62274 -2.02373 -18.7831
-6.54474 -1.75773 -15.4511
-6.52974 2.10627 -15.6151
-7.75674 2.19027 -19.2851

-10.6297 -0.131725 -18.1681
-11.4297 2.41027 -15.3231
-10.3537 -0.190725 -12.6791
-7.33374 1.71627 -11.2031
-6.15874 5.33127 -10.6311
-2.70074 3.89227 -9.89607
-0.226737 5.02827 -12.5411
3.21326 3.35627 -12.0681
5.09826 5.16227 -14.9571

6.10426 8.25127 -12.8751
8.15226 6.06227 -10.4321
10.4993 4.74527 -13.2111
11.3503 8.14227 -14.7701

12.6153 9.10127 -11.2401
15.1003 6.12827 -10.8171

End chain 1
