-13.201 -6.296 -53.957
-10.703 -3.406 -53.291
-9.54 -3.087 -49.639
-11.02 0.322 -48.639
-8.614 1.85 -46.053
-10.787 3.126 -43.162

-9.634 6.195 -41.181
-10.061 4.9 -37.589
-10.286 6.838 -34.306
-12.195 7.103 -30.979
-14.163 9.439 -28.711
-12.619 10.223 -25.263
-14.157 12.207 -22.344

-11.943 15.248 -21.466
-14.301 16.978 -18.949
-17.827 16.65 -17.399
-19.139 18.761 -20.353

-16.752 17.96 -23.312
-15.482 14.956 -25.281
-12.62 14.751 -27.824
-12.437 12.939 -31.204
-8.982 11.264 -31.393
-8.672 10.357 -35.1

-6.282 10.744 -38.079
-6.98 13.557 -40.6
-9.895 13.022 -43.051

-11.208 15.853 -45.293
-14.92 14.856 -45.011
-14.611 14.37 -41.226
-13.015 17.857 -40.827
-15.875 19.254 -42.999
-18.403 17.482 -40.669
-16.559 18.759 -37.515
-16.844 22.341 -38.957

-20.697 21.797 -39.029
-20.861 21.033 -35.24
-22.116 23.933 -33.104
-20.016 23.255 -29.939
-16.791 22.621 -31.971

-13.393 23.436 -30.391
-10.011 22.816 -32.063
-6.805 22.812 -29.99

-3.883 23.919 -32.209
-1.328 22.314 -29.773
-2.753 18.736 -29.691
-4.334 19.137 -33.217

-7.578 17.622 -31.79
-11.313 18.386 -31.995
-13.683 18.544 -28.991
-17.466 19.001 -28.65
-20.131 19.402 -25.91

-21.257 16.038 -24.476
-24.923 16.743 -25.497
-23.731 16.722 -29.178
-22.178 13.179 -28.839
-25.228 11.354 -30.322
-25.57 14.044 -33.093
-21.852 13.682 -34.021
-21.815 9.829 -34.037
-25.045 9.774 -36.128
-23.507 12.176 -38.75
-20.093 10.348 -38.803

-21.8955 7.05082 -39.0167
-22.9598 3.37514 -39.1712
-25.8934 2.82752 -36.8333
-26.9172 6.40004 -35.8704
-29.5142 8.99962 -35.3265

-27.6618 11.2933 -37.8733
-24.1028 11.7152 -36.3638
-20.3567 12.5218 -36.1109
-18.0354 9.6116 -35.6464

-20.5904 11.2016 -33.2024
-20.2344 11.8556 -29.4574
-20.7224 8.4216 -27.7404
-24.1664 7.5016 -26.3174
-22.6074 7.7816 -22.8004
-21.9064 11.5326 -23.3574
-25.3364 12.1486 -24.9764
-26.9954 10.4836 -21.9234
-24.7924 12.4756 -19.4544

-25.4004 15.8716 -21.1994
-29.0404 15.1056 -22.2594
-30.2234 18.4346 -20.6684

-27.5864 20.5466 -22.5084
-28.3724 18.7526 -25.8414
-32.0034 20.0996 -25.4544

-31.3864 23.7546 -24.3424
-30.8944 26.6086 -26.8824
-29.8664 28.7556 -23.8414
-26.7464 29.1586 -21.6534
-28.4024 28.5826 -18.2674
-25.5674 27.5396 -15.9254
-26.1034 24.3076 -13.8794

-29.5914 24.3446 -12.2394
-29.1704 25.1606 -8.53342
-28.9504 21.9846 -6.45142
-32.1864 21.9516 -4.36542
-31.6484 21.8986 -0.589418
-32.6774 18.5036 0.797582

-35.0994 18.2026 3.72258
-32.7614 16.8036 6.42958
-35.4494 16.9716 9.24158
-35.5314 13.1116 9.37758
-31.6924 13.1016 9.90858
-30.1924 13.2586 13.4236

-29.8924 17.0266 14.3676
-26.3634 16.4616 15.8256
-25.1684 15.4216 12.3216
-27.1034 18.1376 10.3846
-25.7744 20.9606 12.6746
-22.1104 19.7726 12.3156

-22.0594 19.7746 8.44958
-19.8174 22.5396 7.04058

-21.4784 24.6446 4.21758
-19.6034 22.7356 1.45058
-20.4364 19.3546 3.12058
-24.1684 20.3596 3.13158
-23.9344 21.2706 -0.598418
-22.3154 17.8076 -1.19942
-25.1604 16.0276 0.698582
-27.7354 18.0366 -1.35442
-25.9274 17.1176 -4.64942
-25.8024 13.4116 -3.66042
-29.5684 13.4436 -2.81742
-30.3964 15.2956 -6.11042

-28.3454 12.5976 -8.01742
-30.5864 10.0006 -6.21542
-27.8844 8.6526 -3.81542

-25.7244 7.3056 -6.71942
-22.3284 9.0706 -6.78242
-18.5814 8.9646 -6.26642
-17.6674 11.4936 -3.52442

-14.0664 12.1476 -4.67342

-13.5074 15.1416 -2.32042
-9.87635 15.5576 -1.16842

-8.42035 13.6676 1.85258
-9.73335 14.9086 5.23858
-12.6054 17.1216 3.82858
-15.0784 14.9336 5.86258

-16.2164 12.3066 3.28558
-17.3844 10.0336 6.18858
-19.7354 12.6666 7.77058
-21.2484 13.4586 4.30858
-21.6544 9.6906 3.54458
-23.3924 8.9946 6.91558
-25.7874 11.9486 6.25258
-26.6194 10.8076 2.64958
-27.2184 7.2296 3.91758
-29.3274 8.4726 6.91558
-31.5994 10.4836 4.53258

-32.2724 7.0106 2.96158

-32.7564 5.2456 6.43558
-36.2584 4.0956 5.22458
-34.4224 1.9966 2.51658
-31.9984 0.084597 4.86458
-30.3534 -2.4604 5.62458

-27.1464 -0.495403 4.94258
-23.9234 -2.1844 3.72358
-20.6074 -0.375403 4.45158
-17.5044 -1.7864 2.67758
-14.2014 -0.404403 4.05758

-10.4224 -1.0634 4.44058
-9.78835 -3.8674 7.02158
-8.22835 -1.3524 9.54758
-11.0614 1.3126 9.65358

-14.1304 -0.915403 10.4576
-14.2674 0.199597 14.1296
-13.5264 3.8506 13.0846
-16.7374 3.6486 10.9606
-18.7864 2.0556 13.8296
-17.6404 4.8726 16.1836
-18.4814 7.4286 13.4236
-22.0944 6.0636 13.2146
-22.4544 6.0926 17.0656
-20.9684 9.6526 17.1776
-23.1954 11.1476 14.4326

-26.4934 9.1436 14.6946
-27.2234 8.9026 18.5106
-30.7604 7.7436 17.4026
-29.1364 4.2516 16.8606
-28.4024 1.6676 19.5716

-25.0044 -0.151403 19.3116
-27.0104 -3.3674 18.5346
-28.1524 -1.7144 15.2456

-24.4634 -1.8634 14.0306
-22.8774 -5.1714 12.9426
-19.0534 -5.0884 12.5356

-18.0744 -8.1634 10.4896
-14.6884 -9.3504 11.8266
-14.5734 -12.8844 10.2676
-15.7774 -14.8464 7.18958
-18.1414 -16.8674 9.52458
-20.1604 -13.8554 10.7716
-23.7244 -12.9644 9.61358
-23.4474 -10.0204 7.15558
-27.1884 -9.1494 7.72758
-27.2914 -9.2134 11.5816
-27.4804 -5.3794 11.9906
-29.4524 -2.5134 10.4496

-25.9604 -1.1874 9.49258
-23.4374 -3.8804 8.41958
-19.7084 -2.9454 8.25758
-17.3814 -5.3494 6.34158
-13.9014 -5.3424 4.74558

-13.0304 -5.7874 1.03158
-11.1294 -9.0564 1.82958
-14.2054 -10.5934 3.56758
-16.6724 -9.8164 0.676582

-15.2984 -12.7624 -1.40542
-15.6594 -15.1204 1.63758
-19.2154 -13.7874 2.29958
-20.3864 -13.8624 -1.40642
-23.1034 -16.4624 -0.501418
-24.6154 -13.8834 1.96658
-24.3274 -10.9414 -0.556418
-27.4434 -12.4804 -2.26742
-29.5604 -10.4984 0.279582
-30.4664 -7.1844 -1.49342
-28.7394 -4.2824 0.296582
-30.6084 -1.2624 -1.18542

-28.0764 1.2756 0.246582
-24.3084 0.654597 -0.116418
-21.3794 2.8076 1.05658
-17.8894 1.8426 -0.185418

-15.0344 3.7156 1.51358
-11.7134 4.0876 -0.394418

-13.4384 2.6006 -3.51442
-10.1374 2.7456 -5.51342
-9.62435 -0.789403 -4.00142
-12.1464 -1.9134 -6.72142

-9.93035 -0.483403 -9.59942
-9.23335 -3.9564 -11.1564
-12.2854 -6.0304 -12.2814
-10.3664 -9.3954 -12.1834
-9.75835 -9.1634 -8.38442

-11.9234 -11.3164 -6.05342
-12.9404 -8.1694 -4.03242
-14.2044 -6.4564 -7.23842
-15.9584 -9.6404 -8.55142
-17.8334 -9.9524 -5.19342
-18.6854 -6.1844 -4.87742
-19.8374 -5.4004 -8.47042
-23.0724 -7.5704 -8.54842
-24.3334 -5.8334 -5.34442
-23.3764 -2.3194 -6.60942
-25.2654 -2.8734 -9.93142
-28.5204 -3.9744 -8.12142

-28.4444 -1.6914 -5.01042
-30.7444 1.4106 -5.24942

-28.1984 3.8366 -3.64942
-24.3914 3.6056 -4.17442
-22.1414 6.0296 -2.25542
-18.5174 5.4956 -3.36842
-15.7994 7.4316 -1.45742

-12.1114 8.0176 -2.36442
-9.37035 10.6646 -1.97242
-7.66235 9.2536 -5.08242
-10.3744 7.7306 -7.37742
-7.63535 6.9316 -9.89042
-4.21635 5.9966 -8.42242
-2.19335 6.2256 -11.7014
-4.33235 5.7676 -14.9094

-7.85835 6.3646 -16.4294
-8.51735 2.5566 -16.6464
-8.77435 2.4346 -12.7684
-11.9914 4.5826 -12.9244
-14.0004 2.1066 -15.0734
-15.2764 -0.073403 -12.1594
-16.3534 3.0606 -10.1884
-18.1104 4.5466 -13.3034
-20.1314 1.3146 -13.9214
-20.9174 1.0266 -10.1594
-22.4764 4.5696 -10.1414

-23.9794 4.2986 -13.7174
-24.3644 0.582597 -14.8024
-25.5444 1.7016 -18.3254
-22.3074 3.6626 -19.0534
-19.7094 1.7166 -21.1374
-21.2724 -1.8324 -20.7744
-17.9484 -3.2644 -22.1164

-14.4734 -2.0664 -20.9744
-13.0914 -2.0694 -24.5774
-15.2384 0.985597 -25.5754
-13.9374 2.9216 -22.5044
-10.3374 1.7536 -23.2134
-10.4004 2.7906 -26.9294
-11.6104 6.3186 -25.9754
-9.77535 7.1326 -22.6874

-6.88235 4.6016 -22.3094
-5.22335 5.0846 -25.7874
-5.87135 1.3756 -26.4034

-3.29435 -0.271403 -28.7344
-3.54335 -3.6194 -30.5764
-0.263355 -5.4624 -29.8194

0.732645 -8.9444 -31.2474
-0.317355 -10.5114 -27.8604

-3.67335 -8.6184 -27.4534
-4.83735 -5.1354 -26.3594
-2.74735 -2.7104 -24.2774

-4.75835 -0.239403 -22.0834
-1.82735 1.3766 -20.1244
-2.15835 4.7036 -22.0174
-4.37735 7.7906 -21.6714
-6.50535 9.8506 -24.1104
-9.26035 12.5456 -24.1884

-8.80035 13.2626 -20.4134
-10.6314 16.6606 -20.5124
-13.7314 14.8846 -21.9694
-13.4064 12.1706 -19.2654
-13.2254 14.9386 -16.5724
-16.4334 16.5766 -17.9414
-18.2664 13.1816 -18.0504
-17.1544 12.3586 -14.4634
-18.2134 15.7566 -12.9764
-21.6154 15.8066 -14.7894
-22.7924 12.1976 -14.2544

-20.5614 10.1956 -11.7884

-18.4284 12.2536 -9.40442
-18.4864 15.1476 -6.93342

-14.8834 16.3896 -6.40042
-13.5764 19.3906 -4.41142
-10.0014 20.2256 -3.43742

-8.47535 21.7096 -0.209418
-7.86435 24.9136 -2.23142
-11.6194 25.1626 -3.13142
-13.0594 24.7926 0.428582

-10.2484 25.2876 3.05058
-8.28735 28.5226 2.21958
-6.87335 28.2856 5.81958
-4.86835 25.0176 5.40358

-1.06935 25.7116 5.38858
0.683645 24.9776 2.06458

2.33965 21.6076 1.32158
5.95565 22.4556 0.343582
7.49265 19.5656 -1.65842
11.1716 19.0676 -2.60542
13.5336 16.4586 -4.00742
16.5746 15.7636 -1.76642
19.3936 14.2096 -3.82142

21.1736 12.0086 -1.23042
24.8886 11.8276 -2.04042

25.8726 8.5966 -3.96342
29.4876 9.0676 -2.63542
28.4496 6.8756 0.386582

27.4086 4.0866 -2.09842
30.5466 1.9056 -2.03242

32.0526 0.632597 -5.33042
30.7406 -2.9854 -4.78942
27.1186 -1.7874 -4.23842
27.3956 0.542597 -7.29942
28.8246 -2.3024 -9.45142
25.8866 -4.5194 -8.26642
23.3406 -1.7844 -9.26442
25.1376 -1.3864 -12.6544
25.0506 -5.2124 -13.0854
21.2776 -5.5214 -12.3374
20.5896 -2.4694 -14.6054
22.5446 -4.1454 -17.4924
20.7706 -7.4584 -16.7014
17.2736 -5.9064 -17.2854
18.3646 -4.5754 -20.7564

19.8446 -7.9054 -22.0084
18.0146 -9.0034 -25.2134
18.1556 -12.7834 -24.6784
16.2846 -12.9444 -21.2934
12.7116 -14.1724 -20.7864

9.91565 -11.7854 -19.6324
10.2346 -13.4474 -16.1694
14.0566 -12.9884 -15.8804
13.5056 -9.2864 -16.8514
10.9166 -8.9334 -13.9764
13.2846 -10.7534 -11.5394
16.2336 -8.4614 -12.4964
13.8826 -5.4234 -12.0404
12.8676 -6.6254 -8.51642
16.5826 -7.2064 -7.70942
17.5526 -3.6854 -8.98142
14.7256 -2.1464 -6.86642
15.6806 -4.0954 -3.66842
19.4136 -3.1784 -4.23542
18.3636 0.511597 -4.59542
16.7126 0.322597 -1.13542
19.8726 -1.2584 0.433582
22.1726 1.3026 -1.29442
20.1736 4.2766 0.151582
20.1206 3.0806 3.84958
23.4076 4.8336 4.98658
22.4706 8.2666 3.51458
18.7856 7.9116 4.55458
20.1266 7.3636 8.12558
22.5986 10.3066 7.73858
19.6716 12.5576 6.65558
17.3596 11.4056 9.54558
20.1646 12.1736 12.0566
20.8186 15.6236 10.4316
17.0696 16.4206 10.9076
17.1966 15.4096 14.6326
20.5216 17.2746 15.2226

18.8636 20.3536 13.5396
16.3836 20.3386 16.5136
13.2146 19.0416 14.7226
10.5206 18.0886 17.2506
8.26765 15.7396 15.1266

8.48665 14.1446 11.6456
7.31865 11.0686 9.67458
9.68865 8.7066 7.79958
8.10265 6.6396 4.99558
9.72365 3.4846 3.52458

8.34165 0.183597 2.04758
11.2196 -2.3604 2.10258

11.3506 -4.0444 5.55558
15.2136 -3.8424 5.61358
14.9836 0.014597 5.37158
12.3806 0.199597 8.21558
14.5416 -2.2354 10.3016
17.8066 -0.253403 9.74758
16.1296 3.1256 10.5936
14.5766 1.6966 13.8326
17.9126 0.063597 14.8626
19.8546 3.3666 14.4426
17.1686 5.3796 16.3506
17.3866 2.7886 19.2156
21.2486 3.0126 19.1006

20.9606 6.8676 19.3566
18.2926 6.4356 22.1576
15.7146 8.3956 20.0556
12.1106 7.7086 21.1246

10.1076 6.7176 18.0136
7.02265 4.7496 16.8476
6.94465 2.0326 14.1316
3.94265 0.931597 11.9876

4.20865 -1.7904 9.28958
2.37565 -4.8864 7.87558
2.95365 -6.8034 11.1846
1.51965 -4.0544 13.5006
-1.99335 -5.0594 14.6896
-5.15635 -2.9634 14.0336
-5.52935 -1.8554 17.7216

-1.77135 -1.2134 18.3086
-1.78035 1.0116 15.1416
-4.34135 3.3436 16.8056
-2.49235 3.2886 20.1896
0.943645 4.0766 18.5816
-0.797355 6.8456 16.5586
-2.13135 8.3336 19.8586
1.34565 7.9506 21.5116
2.99365 9.9666 18.6436
0.145645 12.5666 18.6936
0.0716454 13.1306 22.5046

3.70465 12.4676 23.6386
6.28865 15.2496 22.9526
9.09165 12.6216 23.4026
8.28065 10.6176 20.2246
10.2496 12.5986 17.6036

10.1076 10.0746 14.6906
7.34765 7.9036 13.2116
8.80965 5.0416 11.0816
5.95365 4.1316 8.70858
5.37965 1.6036 5.92058

4.06765 3.4996 2.81958
1.63865 0.589597 2.11058
0.575645 -0.259403 5.70758
0.0886454 3.3346 7.07458
-1.63335 4.8636 3.94158
-5.09435 4.3896 5.62958
-7.09235 5.3456 8.78058
-4.32535 7.1116 10.7756
-3.87635 10.8836 11.4606
-0.423355 12.4266 12.1696
-1.26035 16.1616 12.6156
1.44965 16.4936 15.3686
4.23365 16.4286 12.6956
5.11765 19.2336 10.1986

7.56465 17.1566 8.05658
7.25565 13.9926 5.91458
10.4226 12.2256 4.62958
10.0456 9.5926 1.88558

13.2056 7.4696 2.32958
11.9966 5.4496 -0.701418
9.98565 6.2526 -3.84942
6.79265 4.2876 -4.64542
5.70665 3.7336 -8.31242
2.06065 4.7056 -7.56742

1.52065 8.4826 -6.91942
-1.95235 7.9346 -5.35642
-0.251355 6.0676 -2.43642
2.36765 8.8636 -2.02142
-0.469355 11.4916 -1.86742
-2.34935 9.2516 0.667582
0.828645 9.2446 2.84758
1.30265 13.0956 2.61558

-2.39535 13.5706 3.63358
-1.72135 11.7236 6.91758
-0.100355 15.0036 8.18258
-2.03235 17.5256 6.03758
-5.41635 17.0326 7.86158
-7.95635 19.2066 9.74458
-6.03235 20.1486 12.9416
-2.72435 20.9206 11.1196
-1.49535 24.5206 11.8336
2.02665 24.4516 10.2206
3.12965 24.4146 6.53458

3.75165 20.7336 5.71158
7.24165 19.9126 4.37958
7.50365 16.8616 2.04458
11.0646 15.6096 1.30358
11.5686 12.9256 -1.40842
14.9886 11.2306 -0.900418
16.5216 10.2146 -4.30342

19.9106 8.7146 -5.32542
21.6116 9.2336 -8.75442
22.7176 5.8686 -10.2784
19.6946 3.8936 -8.86042
16.0226 2.8936 -9.48642

15.0106 6.4776 -8.40742
16.3296 7.8216 -11.7914
13.5496 5.8136 -13.6014
10.8506 5.8906 -10.8674
10.8146 9.7046 -10.4474
10.0036 10.5466 -14.1614
7.41865 7.6596 -14.1114
5.70965 9.0966 -10.9674
5.72265 12.6096 -12.5844
4.02965 11.5266 -15.8664
1.42865 9.6016 -13.7514
0.586645 12.7366 -11.6324
0.226645 14.7286 -14.9044
-2.24635 12.0836 -16.2694
-4.16835 12.3496 -12.9374
-4.15335 16.2136 -13.1014
-5.38035 16.2976 -16.7714

-8.25335 13.9756 -15.6544
-9.05335 16.5176 -12.8094
-7.97735 13.9166 -10.1654
-4.95735 15.8236 -8.68942
-3.78235 19.4386 -8.11742
-0.324355 17.9996 -7.38242
2.14965 19.1356 -10.0274
5.58965 17.4636 -9.55442
7.47465 19.2696 -12.4434

8.48065 22.3586 -10.3614
10.5286 20.1696 -7.91842
12.8756 18.8526 -10.6974
13.7266 22.2496 -12.2564

14.9916 23.2086 -8.72642
17.4766 20.2356 -8.30342

End chain 1
