-13.201 -6.296 -53.957
-10.703 -3.406 -53.291
-9.54 -3.087 -49.639
-11.02 0.322 -48.639
-8.614 1.85 -46.053
-10.787 3.126 -43.162

-9.634 6.195 -41.181
-10.061 4.9 -37.589
-10.286 6.838 -34.306
-12.195 7.103 -30.979
-14.163 9.439 -28.711
-12.619 10.223 -25.263
-14.157 12.207 -22.344

-11.943 15.248 -21.466
-14.301 16.978 -18.949
-17.827 16.65 -17.399
-19.139 18.761 -20.353

-16.752 17.96 -23.312
-15.482 14.956 -25.281
-12.62 14.751 -27.824
-12.437 12.939 -31.204
-8.982 11.264 -31.393
-8.672 10.357 -35.1

-6.282 10.744 -38.079
-6.98 13.557 -40.6
-9.895 13.022 -43.051

-11.208 15.853 -45.293
-14.92 14.856 -45.011
-14.611 14.37 -41.226
-13.015 17.857 -40.827
-15.875 19.254 -42.999
-18.403 17.482 -40.669
-16.559 18.759 -37.515
-16.844 22.341 -38.957

-20.697 21.797 -39.029
-20.861 21.033 -35.24
-22.116 23.933 -33.104
-20.016 23.255 -29.939
-16.791 22.621 -31.971

-13.393 23.436 -30.391
-10.011 22.816 -32.063
-6.805 22.812 -29.99

-3.883 23.919 -32.209
-1.328 22.314 -29.773
-2.753 18.736 -29.691
-4.334 19.137 -33.217

-7.578 17.622 -31.79
-11.313 18.386 -31.995
-13.683 18.544 -28.991
-17.466 19.001 -28.65
-20.131 19.402 -25.91

-21.257 16.038 -24.476
-24.923 16.743 -25.497
-23.731 16.722 -29.178
-22.178 13.179 -28.839
-25.228 11.354 -30.322
-25.57 14.044 -33.093
-21.852 13.682 -34.021
-21.815 9.829 -34.037
-25.045 9.774 -36.128
-23.507 12.176 -38.75
-20.093 10.348 -38.803

-21.793 6.948 -39.527
-22.962 8.546 -42.834
-19.328 9.196 -43.991
-17.677 6.563 -46.261
-14.251 5.2 -45.121

-14.46 6.789 -41.562
-14.765 4.819 -38.279
-15.142 6.964 -35.114
-15.663 4.659 -32.101

-18.218 6.249 -29.657
-17.862 6.903 -25.912
-18.35 3.469 -24.195
-21.794 2.549 -22.772
-20.235 2.829 -19.255
-19.534 6.58 -19.812
-22.964 7.196 -21.431
-24.623 5.531 -18.378
-22.42 7.523 -15.909

-23.028 10.919 -17.654
-26.668 10.153 -18.714
-27.851 13.482 -17.123

-25.214 15.594 -18.963
-26 13.8 -22.296
-29.631 15.147 -21.909

-29.014 18.802 -20.797
-28.522 21.656 -23.337
-27.494 23.803 -20.296
-24.374 24.206 -18.108
-26.03 23.63 -14.722
-23.195 22.587 -12.38
-23.731 19.355 -10.334

-27.219 19.392 -8.694
-26.798 20.208 -4.988
-26.578 17.032 -2.906
-29.814 16.999 -0.82
-29.276 16.946 2.956
-30.305 13.551 4.343

-32.727 13.25 7.268
-30.389 11.851 9.975
-33.077 12.019 12.787
-33.159 8.159 12.923
-29.32 8.149 13.454
-27.82 8.306 16.969

-27.52 12.074 17.913
-23.991 11.509 19.371
-22.796 10.469 15.867
-24.731 13.185 13.93
-23.402 16.008 16.22
-19.738 14.82 15.861

-19.687 14.822 11.995
-17.445 17.587 10.586

-19.106 19.692 7.763
-17.231 17.783 4.996
-18.064 14.402 6.666
-21.796 15.407 6.677
-21.562 16.318 2.947
-19.943 12.855 2.346
-22.788 11.075 4.244
-25.363 13.084 2.191
-23.555 12.165 -1.104
-23.43 8.459 -0.115
-27.196 8.491 0.728
-28.024 10.343 -2.565

-25.973 7.645 -4.472
-28.214 5.048 -2.67
-25.512 3.7 -0.27

-23.352 2.353 -3.174
-19.956 4.118 -3.237
-16.209 4.012 -2.721
-15.295 6.541 0.021

-11.694 7.195 -1.128

-11.135 10.189 1.225
-7.504 10.605 2.377

-6.048 8.715 5.398
-7.361 9.956 8.784
-10.233 12.169 7.374
-12.706 9.981 9.408

-13.844 7.354 6.831
-15.012 5.081 9.734
-17.363 7.714 11.316
-18.876 8.506 7.854
-19.282 4.738 7.09
-21.02 4.042 10.461
-23.415 6.996 9.798
-24.247 5.855 6.195
-24.846 2.277 7.463
-26.955 3.52 10.461
-29.227 5.531 8.078

-31.971 3.24939 6.91192

-30.8297 4.10189 3.38863
-27.4252 5.21678 4.65714
-26.9948 1.99355 6.62398
-27.8719 -0.0980762 3.57462
-25.3548 1.78479 1.43881

-22.1478 3.74979 0.756809
-18.9248 2.06079 -0.462191
-15.6088 3.86979 0.265809
-12.5058 2.45879 -1.50819
-9.2028 3.84079 -0.128191

-5.4238 3.18179 0.254809
-4.7898 0.377789 2.83581
-3.2298 2.89279 5.36181
-6.0628 5.55779 5.46781

-9.1318 3.32979 6.27181
-9.2688 4.44479 9.94381
-8.5278 8.09579 8.89881
-11.7388 7.89379 6.77481
-13.7878 6.30079 9.64381
-12.6418 9.11779 11.9978
-13.4828 11.6738 9.23781
-17.0958 10.3088 9.02881
-17.4558 10.3378 12.8798
-15.9698 13.8978 12.9918
-18.1968 15.3928 10.2468

-21.4948 13.3888 10.5088
-22.2248 13.1478 14.3248
-25.7618 11.9888 13.2168
-24.1378 8.49679 12.6748
-23.4038 5.91279 15.3858

-20.0058 4.09379 15.1258
-22.0118 0.877789 14.3488
-23.1538 2.53079 11.0598

-19.4648 2.38179 9.84481
-17.8788 -0.926211 8.75681
-14.0548 -0.843211 8.34981

-13.0758 -3.91821 6.30381
-9.6898 -5.10521 7.64081
-9.5748 -8.63921 6.08181
-10.7788 -10.6012 3.00381
-13.1428 -12.6222 5.33881
-15.1618 -9.61021 6.58581
-18.7258 -8.71921 5.42781
-18.4488 -5.77521 2.96981
-22.1898 -4.90421 3.54181
-22.2928 -4.96821 7.39581
-22.4818 -1.13421 7.80481
-24.4538 1.73179 6.26381

-20.9618 3.05779 5.30681
-18.4388 0.364789 4.23381
-14.7098 1.29979 4.07181
-12.3828 -1.10421 2.15581
-8.9028 -1.09721 0.559809

-8.0318 -1.54221 -3.15419
-6.1308 -4.81121 -2.35619
-9.2068 -6.34821 -0.618191
-11.6738 -5.57121 -3.50919

-10.2998 -8.51721 -5.59119
-10.6608 -10.8752 -2.54819
-14.2168 -9.54221 -1.88619
-15.3878 -9.61721 -5.59219
-18.1048 -12.2172 -4.68719
-19.6168 -9.63821 -2.21919
-19.3288 -6.69621 -4.74219
-22.4448 -8.23521 -6.45319
-24.5618 -6.25321 -3.90619
-25.4678 -2.93921 -5.67919
-23.7408 -0.0372114 -3.88919
-25.6098 2.98279 -5.37119

-23.0778 5.52079 -3.93919
-19.3098 4.89979 -4.30219
-16.3808 7.05279 -3.12919
-12.8908 6.08779 -4.37119

-10.0358 7.96079 -2.67219
-6.7148 8.33279 -4.58019

-8.4398 6.84579 -7.70019
-5.1388 6.99079 -9.69919
-4.6258 3.45579 -8.18719
-7.1478 2.33179 -10.9072

-4.9318 3.76179 -13.7852
-4.2348 0.288789 -15.3422
-7.2868 -1.78521 -16.4672
-5.3678 -5.15021 -16.3692
-4.7598 -4.91821 -12.5702

-6.9248 -7.07121 -10.2392
-7.9418 -3.92421 -8.21819
-9.2058 -2.21121 -11.4242
-10.9598 -5.39521 -12.7372
-12.8348 -5.70721 -9.37919
-13.6868 -1.93921 -9.06319
-14.8388 -1.15521 -12.6562
-18.0738 -3.32521 -12.7342
-19.3348 -1.58821 -9.53019
-18.3778 1.92579 -10.7952
-20.2668 1.37179 -14.1172
-23.5218 0.270789 -12.3072

-23.4458 2.55379 -9.19619
-25.7458 5.65579 -9.43519

-23.1998 8.08179 -7.83519
-19.3928 7.85079 -8.36019
-17.1428 10.2748 -6.44119
-13.5188 9.74079 -7.55419
-10.8008 11.6768 -5.64319

-7.1128 12.2628 -6.55019
-4.3718 14.9098 -6.15819
-2.6638 13.4988 -9.26819
-5.3758 11.9758 -11.5632
-2.6368 11.1768 -14.0762
0.782204 10.2418 -12.6082
2.8052 10.4708 -15.8872
0.666204 10.0128 -19.0952

-2.8598 10.6098 -20.6152
-3.5188 6.80179 -20.8322
-3.7758 6.67979 -16.9542
-6.9928 8.82779 -17.1102
-9.0018 6.35179 -19.2592
-10.2778 4.17179 -16.3452
-11.3548 7.30579 -14.3742
-13.1118 8.79179 -17.4892
-15.1328 5.55979 -18.1072
-15.9188 5.27179 -14.3452
-17.4778 8.81479 -14.3272

-18.9808 8.54379 -17.9032
-19.3658 4.82779 -18.9882
-20.5458 5.94679 -22.5112
-17.3088 7.90779 -23.2392
-14.7108 5.96179 -25.3232
-16.2738 2.41279 -24.9602
-12.9498 0.980789 -26.3022

-9.4748 2.17879 -25.1602
-8.0928 2.17579 -28.7632
-10.2398 5.23079 -29.7612
-8.9388 7.16679 -26.6902
-5.3388 5.99879 -27.3992
-5.4018 7.03579 -31.1152
-6.6118 10.5638 -30.1612
-4.7768 11.3778 -26.8732

-1.8838 8.84679 -26.4952
-0.224796 9.32979 -29.9732
-0.872796 5.62079 -30.5892

1.7042 3.97379 -32.9202
1.4552 0.625789 -34.7622
4.7352 -1.21721 -34.0052

5.7312 -4.69921 -35.4332
4.6812 -6.26621 -32.0462

1.3252 -4.37321 -31.6392
0.161204 -0.890211 -30.5452
2.2512 1.53479 -28.4632

0.240204 4.00579 -26.2692
3.1712 5.62179 -24.3102
2.8402 8.94879 -26.2032
0.621204 12.0358 -25.8572
-1.5068 14.0958 -28.2962
-4.2618 16.7908 -28.3742

-3.8018 17.5078 -24.5992
-5.6328 20.9058 -24.6982
-8.7328 19.1298 -26.1552
-8.4078 16.4158 -23.4512
-8.2268 19.1838 -20.7582
-11.4348 20.8218 -22.1272
-13.2678 17.4268 -22.2362
-12.1558 16.6038 -18.6492
-13.2148 20.0018 -17.1622
-16.6168 20.0518 -18.9752
-17.7938 16.4428 -18.4402

-15.5628 14.4408 -15.9742

-13.4298 16.4988 -13.5902
-13.4878 19.3928 -11.1192

-9.8848 20.6348 -10.5862
-8.5778 23.6358 -8.59719
-5.0028 24.4708 -7.62319

-3.4768 25.9548 -4.39519
-2.8658 29.1588 -6.41719
-6.6208 29.4078 -7.31719
-8.0608 29.0378 -3.75719

-5.2498 29.5328 -1.13519
-3.2888 32.7678 -1.96619
-1.8748 32.5308 1.63381
0.130204 29.2628 1.21781

3.9292 29.9568 1.20281
5.6822 29.2228 -2.12119

7.3382 25.8528 -2.86419
10.9542 26.7008 -3.84219
12.4912 23.8108 -5.84419
16.1702 23.3128 -6.79119
18.5322 20.7038 -8.19319
21.5732 20.0088 -5.95219
24.3922 18.4548 -8.00719

26.1722 16.2538 -5.41619
29.8872 16.0728 -6.22619

30.8712 12.8418 -8.14919
34.4862 13.3128 -6.82119
33.4482 11.1208 -3.79919

32.4072 8.33179 -6.28419
35.5452 6.15079 -6.21819

37.0512 4.87779 -9.51619
35.7392 1.25979 -8.97519
32.1172 2.45779 -8.42419
32.3942 4.78779 -11.4852
33.8232 1.94279 -13.6372
30.8852 -0.274211 -12.4522
28.3392 2.46079 -13.4502
30.1362 2.85879 -16.8402
30.0492 -0.967211 -17.2712
26.2762 -1.27621 -16.5232
25.5882 1.77579 -18.7912
27.5432 0.0997886 -21.6782
25.7692 -3.21321 -20.8872
22.2722 -1.66121 -21.4712
23.3632 -0.330211 -24.9422

24.8432 -3.66021 -26.1942
23.0132 -4.75821 -29.3992
23.1542 -8.53821 -28.8642
21.2832 -8.69921 -25.4792
17.7102 -9.92721 -24.9722

14.9142 -7.54021 -23.8182
15.2332 -9.20221 -20.3552
19.0552 -8.74321 -20.0662
18.5042 -5.04121 -21.0372
15.9152 -4.68821 -18.1622
18.2832 -6.50821 -15.7252
21.2322 -4.21621 -16.6822
18.8812 -1.17821 -16.2262
17.8662 -2.38021 -12.7022
21.5812 -2.96121 -11.8952
22.5512 0.559789 -13.1672
19.7242 2.09879 -11.0522
20.6792 0.149789 -7.85419
24.4122 1.06679 -8.42119
23.3622 4.75679 -8.78119
21.7112 4.56779 -5.32119
24.8712 2.98679 -3.75219
27.1712 5.54779 -5.48019
25.1722 8.52179 -4.03419
25.1192 7.32579 -0.336191
28.4062 9.07879 0.800809
27.4692 12.5118 -0.671191
23.7842 12.1568 0.368809
25.1252 11.6088 3.93981
27.5972 14.5518 3.55281
24.6702 16.8028 2.46981
22.3582 15.6508 5.35981
25.1632 16.4188 7.87081
25.8172 19.8688 6.24581
22.0682 20.6658 6.72181
22.1952 19.6548 10.4468
25.5202 21.5198 11.0368

23.8622 24.5988 9.35381
21.3822 24.5838 12.3278
18.2132 23.2868 10.5368
15.5192 22.3338 13.0648
13.2662 19.9848 10.9408

13.4852 18.3898 7.45981
12.3172 15.3138 5.48881
14.6872 12.9518 3.61381
13.1012 10.8848 0.809809
14.7222 7.72979 -0.661191

13.3402 4.42879 -2.13819
16.2182 1.88479 -2.08319

16.3492 0.200789 1.36981
20.2122 0.402789 1.42781
19.9822 4.25979 1.18581
17.3792 4.44479 4.02981
19.5402 2.00979 6.11581
22.8052 3.99179 5.56181
21.1282 7.37079 6.40781
19.5752 5.94179 9.64681
22.9112 4.30879 10.6768
24.8532 7.61179 10.2568
22.1672 9.62479 12.1648
22.3852 7.03379 15.0298
26.2472 7.25779 14.9148

25.9592 11.1128 15.1708
23.2912 10.6808 17.9718
20.7132 12.6408 15.8698
17.1092 11.9538 16.9388

15.1062 10.9628 13.8278
12.0212 8.99479 12.6618
11.9432 6.27779 9.94581
8.9412 5.17679 7.80181

9.2072 2.45479 5.10381
7.3742 -0.641211 3.68981
7.9522 -2.55821 6.99881
6.5182 0.190789 9.31481
3.0052 -0.814211 10.5038
-0.157796 1.28179 9.84781
-0.530796 2.38979 13.5358

3.2272 3.03179 14.1228
3.2182 5.25679 10.9558
0.657204 7.58879 12.6198
2.5062 7.53379 16.0038
5.9422 8.32179 14.3958
4.2012 11.0908 12.3728
2.8672 12.5788 15.6728
6.3442 12.1958 17.3258
7.9922 14.2118 14.4578
5.1442 16.8118 14.5078
5.0702 17.3758 18.3188

8.7032 16.7128 19.4528
11.2872 19.4948 18.7668
14.0902 16.8668 19.2168
13.2792 14.8628 16.0388
15.2482 16.8438 13.4178

15.1062 14.3198 10.5048
12.3462 12.1488 9.02581
13.8082 9.28679 6.89581
10.9522 8.37679 4.52281
10.3782 5.84879 1.73481

9.0662 7.74479 -1.36619
6.6372 4.83479 -2.07519
5.5742 3.98579 1.52181
5.0872 7.57979 2.88881
3.3652 9.10879 -0.244191
-0.0957962 8.63479 1.44381
-2.0938 9.59079 4.59481
0.673204 11.3568 6.58981
1.1222 15.1288 7.27481
4.5752 16.6718 7.98381
3.7382 20.4068 8.42981
6.4482 20.7388 11.1828
9.2322 20.6738 8.50981
10.1162 23.4788 6.01281

12.5632 21.4018 3.87081
12.2542 18.2378 1.72881
15.4212 16.4708 0.443809
15.0442 13.8378 -2.30019

18.2042 11.7148 -1.85619
16.9952 9.69479 -4.88719
14.9842 10.4978 -8.03519
11.7912 8.53279 -8.83119
10.7052 7.97879 -12.4982
7.0592 8.95079 -11.7532

6.5192 12.7278 -11.1052
3.0462 12.1798 -9.54219
4.7472 10.3128 -6.62219
7.3662 13.1088 -6.20719
4.5292 15.7368 -6.05319
2.6492 13.4968 -3.51819
5.8272 13.4898 -1.33819
6.3012 17.3408 -1.57019

2.6032 17.8158 -0.552191
3.2772 15.9688 2.73181
4.8982 19.2488 3.99681
2.9662 21.7708 1.85181
-0.417796 21.2778 3.67581
-2.9578 23.4518 5.55881
-1.0338 24.3938 8.75581
2.2742 25.1658 6.93381
3.5032 28.7658 7.64781
7.0252 28.6968 6.03481
8.1282 28.6598 2.34881

8.7502 24.9788 1.52581
12.2402 24.1578 0.193809
12.5022 21.1068 -2.14119
16.0632 19.8548 -2.88219
16.5672 17.1708 -5.59419
19.9872 15.4758 -5.08619
21.5202 14.4598 -8.48919

24.9092 12.9598 -9.51119
26.6102 13.4788 -12.9402
27.7162 10.1138 -14.4642
24.6932 8.13879 -13.0462
21.0212 7.13879 -13.6722

20.0092 10.7228 -12.5932
21.3282 12.0668 -15.9772
18.5482 10.0588 -17.7872
15.8492 10.1358 -15.0532
15.8132 13.9498 -14.6332
15.0022 14.7918 -18.3472
12.4172 11.9048 -18.2972
10.7082 13.3418 -15.1532
10.7212 16.8548 -16.7702
9.0282 15.7718 -20.0522
6.4272 13.8468 -17.9372
5.5852 16.9818 -15.8182
5.2252 18.9738 -19.0902
2.7522 16.3288 -20.4552
0.830204 16.5948 -17.1232
0.845204 20.4588 -17.2872
-0.381796 20.5428 -20.9572

-3.2548 18.2208 -19.8402
-4.0548 20.7628 -16.9952
-2.9788 18.1618 -14.3512
0.0412038 20.0688 -12.8752
1.2162 23.6838 -12.3032
4.6742 22.2448 -11.5682
7.1482 23.3808 -14.2132
10.5882 21.7088 -13.7402
12.4732 23.5148 -16.6292

13.4792 26.6038 -14.5472
15.5272 24.4148 -12.1042
17.8742 23.0978 -14.8832
18.7252 26.4948 -16.4422

19.9902 27.4538 -12.9122
22.4752 24.4808 -12.4892

End chain 1
