-13.201 -6.296 -53.957
-10.703 -3.406 -53.291
-9.54 -3.087 -49.639
-11.02 0.322 -48.639
-8.614 1.85 -46.053
-10.787 3.126 -43.162

-9.634 6.195 -41.181
-10.061 4.9 -37.589
-10.286 6.838 -34.306
-12.195 7.103 -30.979
-14.163 9.439 -28.711
-12.619 10.223 -25.263
-14.157 12.207 -22.344

-11.943 15.248 -21.466
-14.301 16.978 -18.949
-17.827 16.65 -17.399
-19.139 18.761 -20.353

-16.752 17.96 -23.312
-15.482 14.956 -25.281
-12.62 14.751 -27.824
-12.437 12.939 -31.204
-8.982 11.264 -31.393
-8.672 10.357 -35.1

-6.282 10.744 -38.079
-6.98 13.557 -40.6
-9.895 13.022 -43.051

-11.208 15.853 -45.293
-14.92 14.856 -45.011
-14.611 14.37 -41.226
-13.015 17.857 -40.827
-15.875 19.254 -42.999
-18.403 17.482 -40.669
-16.559 18.759 -37.515
-16.844 22.341 -38.957

-20.697 21.797 -39.029
-20.861 21.033 -35.24
-22.116 23.933 -33.104
-20.016 23.255 -29.939
-16.791 22.621 -31.971

-13.393 23.436 -30.391
-10.011 22.816 -32.063
-6.805 22.812 -29.99

-3.883 23.919 -32.209
-1.328 22.314 -29.773
-2.753 18.736 -29.691
-4.334 19.137 -33.217

-7.578 17.622 -31.79
-11.313 18.386 -31.995
-13.683 18.544 -28.991
-17.466 19.001 -28.65
-20.131 19.402 -25.91

-21.257 16.038 -24.476
-24.923 16.743 -25.497
-23.731 16.722 -29.178
-22.178 13.179 -28.839
-25.228 11.354 -30.322
-25.57 14.044 -33.093
-21.852 13.682 -34.021
-21.815 9.829 -34.037
-25.045 9.774 -36.128
-23.507 12.176 -38.75
-20.093 10.348 -38.803

-21.793 6.948 -39.527
-22.962 8.546 -42.834
-19.328 9.196 -43.991
-17.677 6.563 -46.261
-14.251 5.2 -45.121

-14.46 6.789 -41.562
-14.765 4.819 -38.279
-15.142 6.964 -35.114
-15.663 4.659 -32.101

-18.218 6.249 -29.657
-17.862 6.903 -25.912
-18.35 3.469 -24.195
-21.794 2.549 -22.772
-20.235 2.829 -19.255
-19.534 6.58 -19.812
-22.964 7.196 -21.431
-24.623 5.531 -18.378
-22.42 7.523 -15.909

-23.028 10.919 -17.654
-26.668 10.153 -18.714
-27.851 13.482 -17.123

-25.214 15.594 -18.963
-26 13.8 -22.296
-29.631 15.147 -21.909

-29.014 18.802 -20.797
-28.522 21.656 -23.337
-27.494 23.803 -20.296
-24.374 24.206 -18.108
-26.03 23.63 -14.722
-23.195 22.587 -12.38
-23.731 19.355 -10.334

-27.219 19.392 -8.694
-26.798 20.208 -4.988
-26.578 17.032 -2.906
-29.814 16.999 -0.82
-29.276 16.946 2.956
-30.305 13.551 4.343

-32.727 13.25 7.268
-30.389 11.851 9.975
-33.077 12.019 12.787
-33.159 8.159 12.923
-29.32 8.149 13.454
-27.82 8.306 16.969

-27.52 12.074 17.913
-23.991 11.509 19.371
-22.796 10.469 15.867
-24.731 13.185 13.93
-23.402 16.008 16.22
-19.738 14.82 15.861

-19.687 14.822 11.995
-17.445 17.587 10.586

-19.106 19.692 7.763
-17.231 17.783 4.996
-18.064 14.402 6.666
-21.796 15.407 6.677
-21.562 16.318 2.947
-19.943 12.855 2.346
-22.788 11.075 4.244
-25.363 13.084 2.191
-23.555 12.165 -1.104
-23.43 8.459 -0.115
-27.196 8.491 0.728
-28.024 10.343 -2.565

-25.973 7.645 -4.472
-28.214 5.048 -2.67
-25.512 3.7 -0.27

-23.352 2.353 -3.174
-19.956 4.118 -3.237
-16.209 4.012 -2.721
-15.295 6.541 0.021

-11.694 7.195 -1.128

-11.135 10.189 1.225
-7.504 10.605 2.377

-6.048 8.715 5.398
-7.361 9.956 8.784
-10.233 12.169 7.374
-12.706 9.981 9.408

-13.844 7.354 6.831
-15.012 5.081 9.734
-17.363 7.714 11.316
-18.876 8.506 7.854
-19.282 4.738 7.09
-21.02 4.042 10.461
-23.415 6.996 9.798
-24.247 5.855 6.195
-24.846 2.277 7.463
-26.955 3.52 10.461
-29.227 5.531 8.078

-29.9 2.058 6.507

-30.384 0.293 9.981
-33.886 -0.857 8.77
-32.05 -2.956 6.062
-29.626 -4.868 8.41
-27.981 -7.413 9.17

-24.774 -5.448 8.488
-21.551 -7.137 7.269
-18.235 -5.328 7.997
-15.132 -6.739 6.223
-11.829 -5.357 7.603

-8.05 -6.016 7.986
-7.416 -8.82 10.567
-5.856 -6.305 13.093
-8.689 -3.64 13.199

-11.758 -5.868 14.003
-11.895 -4.753 17.675
-11.154 -1.102 16.63
-14.365 -1.304 14.506
-16.414 -2.897 17.375
-15.268 -0.08 19.729
-16.109 2.476 16.969
-19.722 1.111 16.76
-20.082 1.14 20.611
-18.596 4.7 20.723
-20.823 6.195 17.978

-24.121 4.191 18.24
-24.851 3.95 22.056
-28.388 2.791 20.948
-26.764 -0.701 20.406
-26.03 -3.285 23.117

-22.632 -5.104 22.857
-24.638 -8.32 22.08
-25.78 -6.667 18.791

-22.091 -6.816 17.576
-20.505 -10.124 16.488
-16.681 -10.041 16.081

-15.702 -13.116 14.035
-12.316 -14.303 15.372
-12.201 -17.837 13.813
-13.405 -19.799 10.735
-15.769 -21.82 13.07
-17.788 -18.808 14.317
-21.352 -17.917 13.159
-21.075 -14.973 10.701
-24.816 -14.102 11.273
-24.919 -14.166 15.127
-25.108 -10.332 15.536
-27.08 -7.466 13.995

-23.588 -6.14 13.038
-21.065 -8.833 11.965
-17.336 -7.898 11.803
-15.009 -10.302 9.887
-11.529 -10.295 8.291

-10.658 -10.74 4.577
-8.757 -14.009 5.375
-11.833 -15.546 7.113
-14.3 -14.769 4.222

-12.926 -17.715 2.14
-13.287 -20.073 5.183
-16.843 -18.74 5.845
-18.014 -18.815 2.139
-20.731 -21.415 3.044
-22.243 -18.836 5.512
-21.955 -15.894 2.989
-25.071 -17.433 1.278
-27.188 -15.451 3.825
-28.094 -12.137 2.052
-26.367 -9.235 3.842
-28.236 -6.215 2.36

-25.704 -3.677 3.792
-21.936 -4.298 3.429
-19.007 -2.145 4.602
-15.517 -3.11 3.36

-12.662 -1.237 5.059
-9.341 -0.865 3.151

-11.066 -2.352 0.031
-7.765 -2.207 -1.968
-7.252 -5.742 -0.456
-9.774 -6.866 -3.176

-7.558 -5.436 -6.054
-6.861 -8.909 -7.611
-9.913 -10.983 -8.736
-7.994 -14.348 -8.638
-7.386 -14.116 -4.839

-9.551 -16.269 -2.508
-10.568 -13.122 -0.487
-11.832 -11.409 -3.693
-13.586 -14.593 -5.006
-15.461 -14.905 -1.648
-16.313 -11.137 -1.332
-17.465 -10.353 -4.925
-20.7 -12.523 -5.003
-21.961 -10.786 -1.799
-21.004 -7.272 -3.064
-22.893 -7.826 -6.386
-26.148 -8.927 -4.576

-26.072 -6.644 -1.465
-28.372 -3.542 -1.704

-25.826 -1.116 -0.104
-22.019 -1.347 -0.629
-19.769 1.077 1.29
-16.145 0.543 0.177
-13.427 2.479 2.088

-9.739 3.065 1.181
-6.998 5.712 1.573
-5.29 4.301 -1.537
-8.002 2.778 -3.832
-5.263 1.979 -6.345
-1.844 1.044 -4.877
0.179 1.273 -8.156
-1.96 0.815 -11.364

-5.486 1.412 -12.884
-6.145 -2.396 -13.101
-6.402 -2.518 -9.223
-9.619 -0.37 -9.379
-11.628 -2.846 -11.528
-12.904 -5.026 -8.614
-13.981 -1.892 -6.643
-15.738 -0.406 -9.758
-17.759 -3.638 -10.376
-18.545 -3.926 -6.614
-20.104 -0.383 -6.596

-21.607 -0.654 -10.172
-21.992 -4.37 -11.257
-23.172 -3.251 -14.78
-19.935 -1.29 -15.508
-17.337 -3.236 -17.592
-18.9 -6.785 -17.229
-15.576 -8.217 -18.571

-12.101 -7.019 -17.429
-10.719 -7.022 -21.032
-12.866 -3.967 -22.03
-11.565 -2.031 -18.959
-7.965 -3.199 -19.668
-8.028 -2.162 -23.384
-9.238 1.366 -22.43
-7.403 2.18 -19.142

-4.51 -0.351 -18.764
-2.851 0.132 -22.242
-3.499 -3.577 -22.858

-0.922 -5.224 -25.189
-1.171 -8.572 -27.031
2.109 -10.415 -26.274

3.105 -13.897 -27.702
2.055 -15.464 -24.315

-1.301 -13.571 -23.908
-2.465 -10.088 -22.814
-0.375 -7.663 -20.732

-2.386 -5.192 -18.538
0.545 -3.576 -16.579
0.214 -0.249 -18.472
-2.005 2.838 -18.126
-4.133 4.898 -20.565
-6.888 7.593 -20.643

-6.428 8.31 -16.868
-8.259 11.708 -16.967
-11.359 9.932 -18.424
-11.034 7.218 -15.72
-10.853 9.986 -13.027
-14.061 11.624 -14.396
-15.894 8.229 -14.505
-14.782 7.406 -10.918
-15.841 10.804 -9.431
-19.243 10.854 -11.244
-20.42 7.245 -10.709

-18.189 5.243 -8.243

-16.056 7.301 -5.859
-16.114 10.195 -3.388

-12.511 11.437 -2.855
-11.204 14.438 -0.866
-7.629 15.273 0.108

-6.103 16.757 3.336
-5.492 19.961 1.314
-9.247 20.21 0.414
-10.687 19.84 3.974

-8.20365 22.615 4.31229
-7.42237 25.328 1.67216
-6.70037 28.4069 -0.366237
-9.91962 27.4798 -2.17341

-12.5634 25.9726 0.102867
-12.7196 29.1479 2.18509

-11.0636 25.7779 1.44209
-7.44761 26.6259 0.464092
-5.91061 23.7359 -1.53791
-2.23161 23.2379 -2.48491
0.130387 20.6289 -3.88691
3.17139 19.9339 -1.64591
5.99039 18.3799 -3.70091

7.77039 16.1789 -1.10991
11.4854 15.9979 -1.91991

12.4694 12.7669 -3.84291
16.0844 13.2379 -2.51491
15.0464 11.0459 0.507092

14.0054 8.2569 -1.97791
17.1434 6.0759 -1.91191

18.6494 4.8029 -5.20991
17.3374 1.1849 -4.66891
13.7154 2.3829 -4.11791
13.9924 4.7129 -7.17891
15.4214 1.8679 -9.33091
12.4834 -0.349099 -8.14591
9.93739 2.3859 -9.14391
11.7344 2.7839 -12.5339
11.6474 -1.0421 -12.9649
7.87439 -1.3511 -12.2169
7.18639 1.7009 -14.4849
9.14139 0.0249008 -17.3719
7.36739 -3.2881 -16.5809
3.87039 -1.7361 -17.1649
4.96139 -0.405099 -20.6359

6.44139 -3.7351 -21.8879
4.61139 -4.8331 -25.0929
4.75239 -8.6131 -24.5579
2.88139 -8.7741 -21.1729
-0.691613 -10.0021 -20.6659

-3.48761 -7.6151 -19.5119
-3.16861 -9.2771 -16.0489
0.653387 -8.8181 -15.7599
0.102387 -5.1161 -16.7309
-2.48661 -4.7631 -13.8559
-0.118613 -6.5831 -11.4189
2.83039 -4.2911 -12.3759
0.479387 -1.2531 -11.9199
-0.535613 -2.4551 -8.39591
3.17939 -3.0361 -7.58891
4.14939 0.484901 -8.86091
1.32239 2.0239 -6.74591
2.27739 0.0749008 -3.54791
6.01039 0.991901 -4.11491
4.96039 4.6819 -4.47491
3.30939 4.4929 -1.01491
6.46939 2.9119 0.554092
8.76939 5.4729 -1.17391
6.77039 8.4469 0.272092
6.71739 7.2509 3.97009
10.0044 9.0039 5.10709
9.06739 12.4369 3.63509
5.38239 12.0819 4.67509
6.72339 11.5339 8.24609
9.19539 14.4769 7.85909
6.26839 16.7279 6.77609
3.95639 15.5759 9.66609
6.76139 16.3439 12.1771
7.41539 19.7939 10.5521
3.66639 20.5909 11.0281
3.79339 19.5799 14.7531
7.11839 21.4449 15.3431

5.46039 24.5239 13.6601
2.98039 24.5089 16.6341
-0.188613 23.2119 14.8431
-2.88261 22.2589 17.3711
-5.13561 19.9099 15.2471

-4.91661 18.3149 11.7661
-6.08461 15.2389 9.79509
-3.71461 12.8769 7.92009
-5.30061 10.8099 5.11609
-3.67961 7.6549 3.64509

-5.06161 4.3539 2.16809
-2.18361 1.8099 2.22309

-2.05261 0.125901 5.67609
1.81039 0.327901 5.73409
1.58039 4.1849 5.49209
-1.02261 4.3699 8.33609
1.13839 1.9349 10.4221
4.40339 3.9169 9.86809
2.72639 7.2959 10.7141
1.17339 5.8669 13.9531
4.50939 4.2339 14.9831
6.45139 7.5369 14.5631
3.76539 9.5499 16.4711
3.98339 6.9589 19.3361
7.84539 7.1829 19.2211

7.55739 11.0379 19.4771
4.88939 10.6059 22.2781
2.31139 12.5659 20.1761
-1.29261 11.8789 21.2451

-3.29561 10.8879 18.1341
-6.38061 8.9199 16.9681
-6.45861 6.2029 14.2521
-9.46061 5.1019 12.1081

-9.19461 2.3799 9.41009
-11.0276 -0.716099 7.99609
-10.4496 -2.6331 11.3051
-11.8836 0.115901 13.6211
-15.3966 -0.889099 14.8101
-18.5596 1.2069 14.1541
-18.9326 2.3149 17.8421

-15.1746 2.9569 18.4291
-15.1836 5.1819 15.2621
-17.7446 7.5139 16.9261
-15.8956 7.4589 20.3101
-12.4596 8.2469 18.7021
-14.2006 11.0159 16.6791
-15.5346 12.5039 19.9791
-12.0576 12.1209 21.6321
-10.4096 14.1369 18.7641
-13.2576 16.7369 18.8141
-13.3316 17.3009 22.6251

-9.69861 16.6379 23.7591
-7.11461 19.4199 23.0731
-4.31161 16.7919 23.5231
-5.12261 14.7879 20.3451
-3.15361 16.7689 17.7241

-3.29561 14.2449 14.8111
-6.05561 12.0739 13.3321
-4.59361 9.2119 11.2021
-7.44961 8.3019 8.82909
-8.02361 5.7739 6.04109

-9.33561 7.6699 2.94009
-11.7646 4.7599 2.23109
-12.8276 3.9109 5.82809
-13.3146 7.5049 7.19509
-15.0366 9.0339 4.06209
-18.4976 8.5599 5.75009
-20.4956 9.5159 8.90109
-17.7286 11.2819 10.8961
-17.2796 15.0539 11.5811
-13.8266 16.5969 12.2901
-14.6636 20.3319 12.7361
-11.9536 20.6639 15.4891
-9.16961 20.5989 12.8161
-8.28561 23.4039 10.3191

-5.83861 21.3269 8.17709
-6.14761 18.1629 6.03509
-2.98061 16.3959 4.75009
-3.35761 13.7629 2.00609

-0.197613 11.6399 2.45009
-1.40661 9.6199 -0.580908
-3.41761 10.4229 -3.72891
-6.61061 8.4579 -4.52491
-7.69661 7.9039 -8.19191
-11.3426 8.8759 -7.44691

-11.8826 12.6529 -6.79891
-15.3556 12.1049 -5.23591
-13.6546 10.2379 -2.31591
-11.0356 13.0339 -1.90091
-13.8726 15.6619 -1.74691
-15.7526 13.4219 0.788092
-12.5746 13.4149 2.96809
-12.1006 17.2659 2.73609

-15.7986 17.7409 3.75409
-15.1246 15.8939 7.03809
-13.5036 19.1739 8.30309
-15.4356 21.6959 6.15809
-18.8196 21.2029 7.98209
-21.3596 23.3769 9.86509
-19.4356 24.3189 13.0621
-16.1276 25.0909 11.2401
-14.8986 28.6909 11.9541
-11.3766 28.6219 10.3411
-10.2736 28.5849 6.65509

-9.65161 24.9039 5.83209
-6.16161 24.0829 4.50009
-5.89961 21.0319 2.16509
-2.33861 19.7799 1.42409
-1.83461 17.0959 -1.28791
1.58539 15.4009 -0.779908
3.11839 14.3849 -4.18291

6.50739 12.8849 -5.20491
8.20839 13.4039 -8.63391
9.31439 10.0389 -10.1579
6.29139 8.0639 -8.73991
2.61939 7.0639 -9.36591

1.60739 10.6479 -8.28691
2.92639 11.9919 -11.6709
0.146387 9.9839 -13.4809
-2.55261 10.0609 -10.7469
-2.58861 13.8749 -10.3269
-3.39961 14.7169 -14.0409
-5.98461 11.8299 -13.9909
-7.69361 13.2669 -10.8469
-7.68061 16.7799 -12.4639
-9.37361 15.6969 -15.7459
-11.9746 13.7719 -13.6309
-12.8166 16.9069 -11.5119
-13.1766 18.8989 -14.7839
-15.6496 16.2539 -16.1489
-17.5716 16.5199 -12.8169
-17.5566 20.3839 -12.9809
-18.7836 20.4679 -16.6509

-21.6566 18.1459 -15.5339
-22.4566 20.6879 -12.6889
-21.3806 18.0869 -10.0449
-18.3606 19.9939 -8.56891
-17.1856 23.6089 -7.99691
-13.7276 22.1699 -7.26191
-11.2536 23.3059 -9.90691
-7.81361 21.6339 -9.43391
-5.92861 23.4399 -12.3229

-4.92261 26.5289 -10.2409
-2.87461 24.3399 -7.79791
-0.527613 23.0229 -10.5769
0.323387 26.4199 -12.1359

1.58839 27.3789 -8.60591
4.07339 24.4059 -8.18291

End chain 1
