-13.201 -6.296 -53.957
-10.703 -3.406 -53.291
-9.54 -3.087 -49.639
-11.02 0.322 -48.639
-8.614 1.85 -46.053
-10.787 3.126 -43.162

-9.634 6.195 -41.181
-10.061 4.9 -37.589
-10.286 6.838 -34.306
-12.195 7.103 -30.979
-14.163 9.439 -28.711
-12.619 10.223 -25.263
-14.157 12.207 -22.344

-11.943 15.248 -21.466
-14.301 16.978 -18.949
-17.827 16.65 -17.399
-19.139 18.761 -20.353

-16.752 17.96 -23.312
-15.482 14.956 -25.281
-12.62 14.751 -27.824
-12.437 12.939 -31.204
-8.982 11.264 -31.393
-8.672 10.357 -35.1

-6.282 10.744 -38.079
-6.98 13.557 -40.6
-9.895 13.022 -43.051

-11.208 15.853 -45.293
-14.92 14.856 -45.011
-14.611 14.37 -41.226
-13.015 17.857 -40.827
-15.875 19.254 -42.999
-18.403 17.482 -40.669
-16.559 18.759 -37.515
-16.844 22.341 -38.957

-20.697 21.797 -39.029
-20.861 21.033 -35.24
-22.116 23.933 -33.104
-20.016 23.255 -29.939
-16.791 22.621 -31.971

-13.393 23.436 -30.391
-10.011 22.816 -32.063
-6.805 22.812 -29.99

-3.883 23.919 -32.209
-1.328 22.314 -29.773
-2.753 18.736 -29.691
-4.334 19.137 -33.217

-7.578 17.622 -31.79
-11.313 18.386 -31.995
-13.683 18.544 -28.991
-17.466 19.001 -28.65
-20.131 19.402 -25.91

-21.257 16.038 -24.476
-24.923 16.743 -25.497
-23.731 16.722 -29.178
-22.178 13.179 -28.839
-25.228 11.354 -30.322
-25.57 14.044 -33.093
-21.852 13.682 -34.021
-21.815 9.829 -34.037
-25.045 9.774 -36.128
-23.507 12.176 -38.75
-20.093 10.348 -38.803

-21.793 6.948 -39.527
-22.962 8.546 -42.834
-19.328 9.196 -43.991
-17.677 6.563 -46.261
-14.251 5.2 -45.121

-14.46 6.789 -41.562
-14.765 4.819 -38.279
-15.142 6.964 -35.114
-15.663 4.659 -32.101

-18.218 6.249 -29.657
-17.862 6.903 -25.912
-18.35 3.469 -24.195
-21.794 2.549 -22.772
-20.235 2.829 -19.255
-19.534 6.58 -19.812
-22.964 7.196 -21.431
-24.623 5.531 -18.378
-22.42 7.523 -15.909

-23.737 10.8125 -17.4631
-23.8067 11.8069 -21.1794
-22.5294 13.8986 -24.1573

-23.3161 17.4176 -25.3576
-21.2502 18.9398 -22.5545
-18.2919 16.7056 -23.3906

-17.6749 20.3606 -22.2786
-17.1829 23.2146 -24.8186
-16.1549 25.3616 -21.7776
-13.0349 25.7646 -19.5896
-14.6909 25.1886 -16.2036
-11.8559 24.1456 -13.8616
-12.3919 20.9136 -11.8156

-15.8799 20.9506 -10.1756
-15.4589 21.7666 -6.46958
-15.2389 18.5906 -4.38758
-18.4749 18.5576 -2.30158
-17.9369 18.5046 1.47442
-18.9659 15.1096 2.86142

-21.3879 14.8086 5.78642
-19.0499 13.4096 8.49342
-21.7379 13.5776 11.3054
-21.8199 9.71755 11.4414
-17.9809 9.70755 11.9724
-16.4809 9.86455 15.4874

-16.1809 13.6326 16.4314
-12.6519 13.0676 17.8894
-11.4569 12.0276 14.3854
-13.3919 14.7436 12.4484
-12.0629 17.5666 14.7384
-8.39891 16.3786 14.3794

-8.34791 16.3806 10.5134
-6.10591 19.1456 9.10442

-7.76691 21.2506 6.28142
-5.89191 19.3416 3.51442
-6.72491 15.9606 5.18442
-10.4569 16.9656 5.19542
-10.2229 17.8766 1.46542
-8.60391 14.4136 0.864417
-11.4489 12.6336 2.76242
-14.0239 14.6426 0.709417
-12.2159 13.7236 -2.58558
-12.0909 10.0176 -1.59658
-15.8569 10.0496 -0.753583
-16.6849 11.9016 -4.04658

-14.6339 9.20355 -5.95358
-16.8749 6.60655 -4.15158
-14.1729 5.25855 -1.75158

-12.0129 3.91155 -4.65558
-8.61691 5.67655 -4.71858
-4.86991 5.57055 -4.20258
-3.95591 8.09955 -1.46058

-0.354914 8.75355 -2.60958

0.204086 11.7476 -0.256583
3.83509 12.1636 0.895417

5.29109 10.2736 3.91642
3.97809 11.5146 7.30242
1.10609 13.7276 5.89242
-1.36691 11.5396 7.92642

-2.50491 8.91255 5.34942
-3.67291 6.63955 8.25242
-6.02391 9.27255 9.83442
-7.53691 10.0646 6.37242
-7.94291 6.29655 5.60842
-9.68091 5.60055 8.97942
-12.0759 8.55455 8.31642
-12.9079 7.41355 4.71342
-13.5069 3.83555 5.98142
-15.6159 5.07855 8.97942
-17.8879 7.08955 6.59642

-18.5609 3.61655 5.02542

-19.0449 1.85155 8.49942
-22.5469 0.70155 7.28842
-20.7109 -1.39745 4.58042
-18.2869 -3.30945 6.92842
-16.6419 -5.85445 7.68842

-13.4349 -3.88945 7.00642
-10.2119 -5.57845 5.78742
-6.89591 -3.76945 6.51542
-3.79291 -5.18045 4.74142
-0.489914 -3.79845 6.12142

3.28909 -4.45745 6.50442
3.92309 -7.26145 9.08542
5.48309 -4.74645 11.6114
2.65009 -2.08145 11.7174

-0.418914 -4.30945 12.5214
-0.555914 -3.19445 16.1934
0.185086 0.45655 15.1484
-3.02591 0.25455 13.0244
-5.07491 -1.33845 15.8934
-3.92891 1.47855 18.2474
-4.76991 4.03455 15.4874
-8.38291 2.66955 15.2784
-8.74291 2.69855 19.1294
-7.25691 6.25855 19.2414
-9.48391 7.75355 16.4964

-12.7819 5.74955 16.7584
-13.5119 5.50855 20.5744
-17.0489 4.34955 19.4664
-15.4249 0.85755 18.9244
-14.6909 -1.72645 21.6354

-11.2929 -3.54545 21.3754
-13.2989 -6.76145 20.5984
-14.4409 -5.10845 17.3094

-10.7519 -5.25745 16.0944
-9.16591 -8.56545 15.0064
-5.34191 -8.48245 14.5994

-4.36291 -11.5574 12.5534
-0.976914 -12.7444 13.8904
-0.861914 -16.2784 12.3314
-2.06591 -18.2404 9.25342
-4.42991 -20.2614 11.5884
-6.44891 -17.2494 12.8354
-10.0129 -16.3584 11.6774
-9.73591 -13.4144 9.21942
-13.4769 -12.5434 9.79142
-13.5799 -12.6074 13.6454
-13.7689 -8.77345 14.0544
-15.7409 -5.90745 12.5134

-12.2489 -4.58145 11.5564
-9.72591 -7.27445 10.4834
-5.99691 -6.33945 10.3214
-3.66991 -8.74345 8.40542
-0.189914 -8.73645 6.80942

0.681086 -9.18145 3.09542
2.58209 -12.4504 3.89342
-0.493914 -13.9874 5.63142
-2.96091 -13.2104 2.74042

-1.58691 -16.1564 0.658417
-1.94791 -18.5144 3.70142
-5.50391 -17.1814 4.36342
-6.67491 -17.2564 0.657417
-9.39191 -19.8564 1.56242
-10.9039 -17.2774 4.03042
-10.6159 -14.3354 1.50742
-13.7319 -15.8744 -0.203583
-15.8489 -13.8924 2.34342
-16.7549 -10.5784 0.570417
-15.0279 -7.67645 2.36042
-16.8969 -4.65645 0.878417

-14.3649 -2.11845 2.31042
-10.5969 -2.73945 1.94742
-7.66791 -0.58645 3.12042
-4.17791 -1.55145 1.87842

-1.32291 0.32155 3.57742
1.99809 0.69355 1.66942

0.273086 -0.79345 -1.45058
3.57409 -0.64845 -3.44958
4.08709 -4.18345 -1.93758
1.56509 -5.30745 -4.65758

3.78109 -3.87745 -7.53558
4.47809 -7.35045 -9.09258
1.42609 -9.42445 -10.2176
3.34509 -12.7894 -10.1196
3.95309 -12.5574 -6.32058

1.78809 -14.7104 -3.98958
0.771086 -11.5634 -1.96858
-0.492914 -9.85045 -5.17458
-2.24691 -13.0344 -6.48758
-4.12191 -13.3464 -3.12958
-4.97391 -9.57845 -2.81358
-6.12591 -8.79445 -6.40658
-9.36091 -10.9644 -6.48458
-10.6219 -9.22745 -3.28058
-9.66491 -5.71345 -4.54558
-11.5539 -6.26745 -7.86758
-14.8089 -7.36845 -6.05758

-14.7329 -5.08545 -2.94658
-17.0329 -1.98345 -3.18558

-14.4869 0.44255 -1.58558
-10.6799 0.21155 -2.11058
-8.42991 2.63555 -0.191583
-4.80591 2.10155 -1.30458
-2.08791 4.03755 0.606417

1.60009 4.62355 -0.300583
4.34109 7.27055 0.091417
6.04909 5.85955 -3.01858
3.33709 4.33655 -5.31358
6.07609 3.53755 -7.82658
9.49509 2.60255 -6.35858
11.5181 2.83155 -9.63758
9.37909 2.37355 -12.8456

5.85309 2.97055 -14.3656
5.19409 -0.83745 -14.5826
4.93709 -0.95945 -10.7046
1.72009 1.18855 -10.8606
-0.288914 -1.28745 -13.0096
-1.56491 -3.46745 -10.0956
-2.64191 -0.33345 -8.12458
-4.39891 1.15255 -11.2396
-6.41991 -2.07945 -11.8576
-7.20591 -2.36745 -8.09558
-8.76491 1.17555 -8.07758

-10.2679 0.90455 -11.6536
-10.6529 -2.81145 -12.7386
-11.8329 -1.69245 -16.2616
-8.59591 0.26855 -16.9896
-5.99791 -1.67745 -19.0736
-7.56091 -5.22645 -18.7106
-4.23691 -6.65845 -20.0526

-0.761914 -5.46045 -18.9106
0.620086 -5.46345 -22.5136
-1.52691 -2.40845 -23.5116
-0.225914 -0.47245 -20.4406
3.37409 -1.64045 -21.1496
3.31109 -0.60345 -24.8656
2.10109 2.92455 -23.9116
3.93609 3.73855 -20.6236

6.82909 1.20755 -20.2456
8.48809 1.69055 -23.7236
7.84009 -2.01845 -24.3396

10.4171 -3.66545 -26.6706
10.1681 -7.01345 -28.5126
13.4481 -8.85645 -27.7556

14.4441 -12.3384 -29.1836
13.3941 -13.9054 -25.7966

10.0381 -12.0124 -25.3896
8.87409 -8.52945 -24.2956
10.9641 -6.10445 -22.2136

8.95309 -3.63345 -20.0196
11.8841 -2.01745 -18.0606
11.5531 1.30955 -19.9536
9.33409 4.39655 -19.6076
7.20609 6.45655 -22.0466
4.45109 9.15155 -22.1246

4.91109 9.86855 -18.3496
3.08009 13.2666 -18.4486
-0.0199141 11.4906 -19.9056
0.305086 8.77655 -17.2016
0.486086 11.5446 -14.5086
-2.72191 13.1826 -15.8776
-4.55491 9.78755 -15.9866
-3.44291 8.96455 -12.3996
-4.50191 12.3626 -10.9126
-7.90391 12.4126 -12.7256
-9.08091 8.80355 -12.1906

-6.84991 6.80155 -9.72458

-4.71691 8.85955 -7.34058
-4.77491 11.7536 -4.86958

-1.17191 12.9956 -4.33658
0.135086 15.9966 -2.34758
3.71009 16.8316 -1.37358

5.23609 18.3156 1.85442
5.84709 21.5196 -0.167583
2.09209 21.7686 -1.06758
0.652086 21.3986 2.49242

3.46309 21.8936 5.11442
5.42409 25.1286 4.28342
6.83809 24.8916 7.88342
8.84309 21.6236 7.46742

12.6421 22.3176 7.45242
14.3951 21.5836 4.12842

16.0511 18.2136 3.38542
19.6671 19.0616 2.40742
21.2041 16.1716 0.405417
24.8831 15.6736 -0.541583
27.2451 13.0646 -1.94358
30.2861 12.3696 0.297417
33.1051 10.8156 -1.75758

34.8851 8.61455 0.833417
38.6001 8.43355 0.023417

39.5841 5.20255 -1.89958
43.1991 5.67355 -0.571583
42.1611 3.48155 2.45042

41.1201 0.69255 -0.034583
44.2581 -1.48845 0.031417

45.7641 -2.76145 -3.26658
44.4521 -6.37945 -2.72558
40.8301 -5.18145 -2.17458
41.1071 -2.85145 -5.23558
42.5361 -5.69645 -7.38758
39.5981 -7.91345 -6.20258
37.0521 -5.17845 -7.20058
38.8491 -4.78045 -10.5906
38.7621 -8.60645 -11.0216
34.9891 -8.91545 -10.2736
34.3011 -5.86345 -12.5416
36.2561 -7.53945 -15.4286
34.4821 -10.8524 -14.6376
30.9851 -9.30045 -15.2216
32.0761 -7.96945 -18.6926

33.5561 -11.2994 -19.9446
31.7261 -12.3974 -23.1496
31.8671 -16.1774 -22.6146
29.9961 -16.3384 -19.2296
26.4231 -17.5664 -18.7226

23.6271 -15.1794 -17.5686
23.9461 -16.8414 -14.1056
27.7681 -16.3824 -13.8166
27.2171 -12.6804 -14.7876
24.6281 -12.3274 -11.9126
26.9961 -14.1474 -9.47558
29.9451 -11.8554 -10.4326
27.5941 -8.81745 -9.97658
26.5791 -10.0194 -6.45258
30.2941 -10.6004 -5.64558
31.2641 -7.07945 -6.91758
28.4371 -5.54045 -4.80258
29.3921 -7.48945 -1.60458
33.1251 -6.57245 -2.17158
32.0751 -2.88245 -2.53158
30.4241 -3.07145 0.928417
33.5841 -4.65245 2.49742
35.8841 -2.09145 0.769417
33.8851 0.88255 2.21542
33.8321 -0.31345 5.91342
37.1191 1.43955 7.05042
36.1821 4.87255 5.57842
32.4971 4.51755 6.61842
33.8381 3.96955 10.1894
36.3101 6.91255 9.80242
33.3831 9.16355 8.71942
31.0711 8.01155 11.6094
33.8761 8.77955 14.1204
34.5301 12.2296 12.4954
30.7811 13.0266 12.9714
30.9081 12.0156 16.6964
34.2331 13.8806 17.2864

32.5751 16.9596 15.6034
30.0951 16.9446 18.5774
26.9261 15.6476 16.7864
24.2321 14.6946 19.3144
21.9791 12.3456 17.1904

22.1981 10.7506 13.7094
21.0301 7.67455 11.7384
23.4001 5.31255 9.86342
21.8141 3.24555 7.05942
23.4351 0.0905504 5.58842

22.0531 -3.21045 4.11142
24.9311 -5.75445 4.16642

25.0621 -7.43845 7.61942
28.9251 -7.23645 7.67742
28.6951 -3.37945 7.43542
26.0921 -3.19445 10.2794
28.2531 -5.62945 12.3654
31.5181 -3.64745 11.8114
29.8411 -0.26845 12.6574
28.2881 -1.69745 15.8964
31.6241 -3.33045 16.9264
33.5661 -0.0274496 16.5064
30.8801 1.98555 18.4144
31.0981 -0.60545 21.2794
34.9601 -0.38145 21.1644

34.6721 3.47355 21.4204
32.0041 3.04155 24.2214
29.4261 5.00155 22.1194
25.8221 4.31455 23.1884

23.8191 3.32355 20.0774
20.7341 1.35555 18.9114
20.6561 -1.36145 16.1954
17.6541 -2.46245 14.0514

17.9201 -5.18445 11.3534
16.0871 -8.28045 9.93942
16.6651 -10.1974 13.2484
15.2311 -7.44845 15.5644
11.7181 -8.45345 16.7534
8.55509 -6.35745 16.0974
8.18209 -5.24945 19.7854

11.9401 -4.60745 20.3724
11.9311 -2.38245 17.2054
9.37009 -0.0504496 18.8694
11.2191 -0.10545 22.2534
14.6551 0.68255 20.6454
12.9141 3.45155 18.6224
11.5801 4.93955 21.9224
15.0571 4.55655 23.5754
16.7051 6.57255 20.7074
13.8571 9.17255 20.7574
13.7831 9.73655 24.5684

17.4161 9.07355 25.7024
20.0001 11.8556 25.0164
22.8031 9.22755 25.4664
21.9921 7.22355 22.2884
23.9611 9.20455 19.6674

23.8191 6.68055 16.7544
21.0591 4.50955 15.2754
22.5211 1.64755 13.1454
19.6651 0.73755 10.7724
19.0911 -1.79045 7.98442

17.7791 0.10555 4.88342
15.3501 -2.80445 4.17442
14.2871 -3.65345 7.77142
13.8001 -0.0594496 9.13842
12.0781 1.46955 6.00542
8.61709 0.99555 7.69342
6.61909 1.95155 10.8444
9.38609 3.71755 12.8394
9.83509 7.48955 13.5244
13.2881 9.03255 14.2334
12.4511 12.7676 14.6794
15.1611 13.0996 17.4324
17.9451 13.0346 14.7594
18.8291 15.8396 12.2624

21.2761 13.7626 10.1204
20.9671 10.5986 7.97842
24.1341 8.83155 6.69342
23.7571 6.19855 3.94942

26.9171 4.07555 4.39342
25.7081 2.05555 1.36242
23.6971 2.85855 -1.78558
20.5041 0.89355 -2.58158
19.4181 0.33955 -6.24858
15.7721 1.31155 -5.50358

15.2321 5.08855 -4.85558
11.7591 4.54055 -3.29258
13.4601 2.67355 -0.372583
16.0791 5.46955 0.042417
13.2421 8.09755 0.196417
11.3621 5.85755 2.73142
14.5401 5.85055 4.91142
15.0141 9.70155 4.67942

11.3161 10.1766 5.69742
11.9901 8.32955 8.98142
13.6111 11.6096 10.2464
11.6791 14.1316 8.10142
8.29509 13.6386 9.92542
5.75509 15.8126 11.8084
7.67909 16.7546 15.0054
10.9871 17.5266 13.1834
12.2161 21.1266 13.8974
15.7381 21.0576 12.2844
16.8411 21.0206 8.59842

17.4631 17.3396 7.77542
20.9531 16.5186 6.44342
21.2151 13.4676 4.10842
24.7761 12.2156 3.36742
25.2801 9.53155 0.655417
28.7001 7.83655 1.16342
30.2331 6.82055 -2.23958

33.6221 5.32055 -3.26158
35.3231 5.83955 -6.69058
36.4291 2.47455 -8.21458
33.4061 0.49955 -6.79658
29.7341 -0.50045 -7.42258

28.7221 3.08355 -6.34358
30.0411 4.42755 -9.72758
27.2611 2.41955 -11.5376
24.5621 2.49655 -8.80358
24.5261 6.31055 -8.38358
23.7151 7.15255 -12.0976
21.1301 4.26555 -12.0476
19.4211 5.70255 -8.90358
19.4341 9.21555 -10.5206
17.7411 8.13255 -13.8026
15.1401 6.20755 -11.6876
14.2981 9.34255 -9.56858
13.9381 11.3346 -12.8406
11.4651 8.68955 -14.2056
9.54309 8.95555 -10.8736
9.55809 12.8196 -11.0376
8.33109 12.9036 -14.7076

5.45809 10.5816 -13.5906
4.65809 13.1236 -10.7456
5.73409 10.5226 -8.10158
8.75409 12.4296 -6.62558
9.92909 16.0446 -6.05358
13.3871 14.6056 -5.31858
15.8611 15.7416 -7.96358
19.3011 14.0696 -7.49058
21.1861 15.8756 -10.3796

22.1921 18.9646 -8.29758
24.2401 16.7756 -5.85458
26.5871 15.4586 -8.63358
27.4381 18.8556 -10.1926

28.7031 19.8146 -6.66258
31.1881 16.8416 -6.23958

End chain 1
