-13.201 -6.296 -53.957
-10.703 -3.406 -53.291
-9.54 -3.087 -49.639
-11.02 0.322 -48.639
-8.614 1.85 -46.053
-10.787 3.126 -43.162

-9.634 6.195 -41.181
-10.061 4.9 -37.589
-10.286 6.838 -34.306
-12.195 7.103 -30.979
-14.163 9.439 -28.711
-12.619 10.223 -25.263
-14.157 12.207 -22.344

-11.943 15.248 -21.466
-14.301 16.978 -18.949
-17.827 16.65 -17.399
-19.139 18.761 -20.353

-16.752 17.96 -23.312
-15.482 14.956 -25.281
-12.62 14.751 -27.824
-12.437 12.939 -31.204
-8.982 11.264 -31.393
-8.672 10.357 -35.1

-6.282 10.744 -38.079
-6.98 13.557 -40.6
-9.895 13.022 -43.051

-11.208 15.853 -45.293
-14.92 14.856 -45.011
-14.611 14.37 -41.226
-13.015 17.857 -40.827
-15.875 19.254 -42.999
-18.403 17.482 -40.669
-16.559 18.759 -37.515
-16.844 22.341 -38.957

-20.697 21.797 -39.029
-20.861 21.033 -35.24
-22.116 23.933 -33.104
-20.016 23.255 -29.939
-16.791 22.621 -31.971

-13.393 23.436 -30.391
-10.011 22.816 -32.063
-6.805 22.812 -29.99

-3.883 23.919 -32.209
-1.328 22.314 -29.773
-2.753 18.736 -29.691
-4.334 19.137 -33.217

-7.578 17.622 -31.79
-11.313 18.386 -31.995
-13.683 18.544 -28.991
-17.466 19.001 -28.65
-20.131 19.402 -25.91

-21.257 16.038 -24.476
-24.923 16.743 -25.497
-23.731 16.722 -29.178
-22.178 13.179 -28.839
-25.228 11.354 -30.322
-25.57 14.044 -33.093
-21.852 13.682 -34.021
-21.815 9.829 -34.037
-25.045 9.774 -36.128
-23.507 12.176 -38.75
-20.093 10.348 -38.803

-21.793 6.948 -39.527
-22.962 8.546 -42.834
-19.328 9.196 -43.991
-17.677 6.563 -46.261
-14.251 5.2 -45.121

-14.46 6.789 -41.562
-14.765 4.819 -38.279
-15.142 6.964 -35.114
-15.663 4.659 -32.101

-18.218 6.249 -29.657
-17.862 6.903 -25.912
-18.35 3.469 -24.195
-21.794 2.549 -22.772
-20.235 2.829 -19.255
-19.534 6.58 -19.812
-22.964 7.196 -21.431
-24.623 5.531 -18.378
-22.42 7.523 -15.909

-23.028 10.919 -17.654
-26.668 10.153 -18.714
-27.851 13.482 -17.123

-25.214 15.594 -18.963
-26 13.8 -22.296
-29.631 15.147 -21.909

-29.014 18.802 -20.797
-28.522 21.656 -23.337
-27.494 23.803 -20.296
-24.374 24.206 -18.108
-26.03 23.63 -14.722
-23.195 22.587 -12.38
-23.731 19.355 -10.334

-27.219 19.392 -8.694
-26.798 20.208 -4.988
-26.578 17.032 -2.906
-29.814 16.999 -0.82
-29.276 16.946 2.956
-30.305 13.551 4.343

-32.727 13.25 7.268
-30.389 11.851 9.975
-33.077 12.019 12.787
-33.159 8.159 12.923
-29.32 8.149 13.454
-27.82 8.306 16.969

-27.52 12.074 17.913
-23.991 11.509 19.371
-22.796 10.469 15.867
-24.731 13.185 13.93
-23.402 16.008 16.22
-19.738 14.82 15.861

-19.687 14.822 11.995
-17.445 17.587 10.586

-19.106 19.692 7.763
-17.231 17.783 4.996
-18.064 14.402 6.666
-21.796 15.407 6.677
-21.562 16.318 2.947
-19.943 12.855 2.346
-22.788 11.075 4.244
-25.363 13.084 2.191
-23.555 12.165 -1.104
-23.43 8.459 -0.115
-27.196 8.491 0.728
-28.024 10.343 -2.565

-25.973 7.645 -4.472
-28.214 5.048 -2.67
-25.512 3.7 -0.27

-23.352 2.353 -3.174
-19.956 4.118 -3.237
-16.209 4.012 -2.721
-15.295 6.541 0.021

-11.694 7.195 -1.128

-11.135 10.189 1.225
-7.504 10.605 2.377

-6.048 8.715 5.398
-7.361 9.956 8.784
-10.233 12.169 7.374
-12.706 9.981 9.408

-13.844 7.354 6.831
-15.012 5.081 9.734
-17.363 7.714 11.316
-18.876 8.506 7.854
-19.282 4.738 7.09
-21.02 4.042 10.461
-23.415 6.996 9.798
-24.247 5.855 6.195
-24.846 2.277 7.463
-26.955 3.52 10.461
-29.227 5.531 8.078

-29.9 2.058 6.507

-30.384 0.293 9.981
-33.886 -0.857 8.77
-32.05 -2.956 6.062
-29.626 -4.868 8.41
-27.981 -7.413 9.17

-24.774 -5.448 8.488
-21.551 -7.137 7.269
-18.235 -5.328 7.997
-15.132 -6.739 6.223
-11.829 -5.357 7.603

-8.05 -6.016 7.986
-7.416 -8.82 10.567
-5.856 -6.305 13.093
-8.689 -3.64 13.199

-11.758 -5.868 14.003
-11.895 -4.753 17.675
-11.154 -1.102 16.63
-14.365 -1.304 14.506
-16.414 -2.897 17.375
-15.268 -0.08 19.729
-16.109 2.476 16.969
-19.722 1.111 16.76
-20.082 1.14 20.611
-18.596 4.7 20.723
-20.823 6.195 17.978

-24.121 4.191 18.24
-24.851 3.95 22.056
-28.388 2.791 20.948
-26.764 -0.701 20.406
-26.03 -3.285 23.117

-22.632 -5.104 22.857
-24.638 -8.32 22.08
-25.78 -6.667 18.791

-22.091 -6.816 17.576
-20.505 -10.124 16.488
-16.681 -10.041 16.081

-15.702 -13.116 14.035
-12.316 -14.303 15.372
-12.201 -17.837 13.813
-13.405 -19.799 10.735
-15.769 -21.82 13.07
-17.788 -18.808 14.317
-21.352 -17.917 13.159
-21.075 -14.973 10.701
-24.816 -14.102 11.273
-24.919 -14.166 15.127
-25.108 -10.332 15.536
-27.08 -7.466 13.995

-23.588 -6.14 13.038
-21.065 -8.833 11.965
-17.336 -7.898 11.803
-15.009 -10.302 9.887
-11.529 -10.295 8.291

-10.658 -10.74 4.577
-8.757 -14.009 5.375
-11.833 -15.546 7.113
-14.3 -14.769 4.222

-12.926 -17.715 2.14
-13.287 -20.073 5.183
-16.843 -18.74 5.845
-18.014 -18.815 2.139
-20.731 -21.415 3.044
-22.243 -18.836 5.512
-21.955 -15.894 2.989
-25.071 -17.433 1.278
-27.188 -15.451 3.825
-28.094 -12.137 2.052
-26.367 -9.235 3.842
-28.236 -6.215 2.36

-25.704 -3.677 3.792
-21.936 -4.298 3.429
-19.007 -2.145 4.602
-15.517 -3.11 3.36

-12.5111 -5.23638 3.75323
-9.46565 -3.93384 5.77413

-6.87146 -4.18153 3.00796
-4.64198 -6.37879 5.16303
-7.54306 -8.69698 5.97086
-8.43081 -9.02674 2.29036

-6.21481 -7.59674 -0.587636
-5.51781 -11.0697 -2.14464
-8.56981 -13.1437 -3.26964
-6.65081 -16.5087 -3.17164
-6.04281 -16.2767 0.627364

-8.20781 -18.4297 2.95836
-9.22481 -15.2827 4.97936
-10.4888 -13.5697 1.77336
-12.2428 -16.7537 0.460364
-14.1178 -17.0657 3.81836
-14.9698 -13.2977 4.13436
-16.1218 -12.5137 0.541364
-19.3568 -14.6837 0.463364
-20.6178 -12.9467 3.66736
-19.6608 -9.43274 2.40236
-21.5498 -9.98674 -0.919636
-24.8048 -11.0877 0.890364

-24.7288 -8.80474 4.00136
-27.0288 -5.70274 3.76236

-24.4828 -3.27674 5.36236
-20.6758 -3.50774 4.83736
-18.4258 -1.08374 6.75636
-14.8018 -1.61774 5.64336
-12.0838 0.318257 7.55436

-8.39581 0.904257 6.64736
-5.65481 3.55126 7.03936
-3.94681 2.14026 3.92936
-6.65881 0.617257 1.63436
-3.91981 -0.181743 -0.878636
-0.500808 -1.11674 0.589364
1.52219 -0.887743 -2.68964
-0.616808 -1.34574 -5.89764

-4.14281 -0.748743 -7.41764
-4.80181 -4.55674 -7.63464
-5.05881 -4.67874 -3.75664
-8.27581 -2.53074 -3.91264
-10.2848 -5.00674 -6.06164
-11.5608 -7.18674 -3.14764
-12.6378 -4.05274 -1.17664
-14.3948 -2.56674 -4.29164
-16.4158 -5.79874 -4.90964
-17.2018 -6.08674 -1.14764
-18.7608 -2.54374 -1.12964

-20.2638 -2.81474 -4.70564
-20.6488 -6.53074 -5.79064
-21.8288 -5.41174 -9.31364
-18.5918 -3.45074 -10.0416
-15.9938 -5.39674 -12.1256
-17.5568 -8.94574 -11.7626
-14.2328 -10.3777 -13.1046

-10.7578 -9.17974 -11.9626
-9.37581 -9.18274 -15.5656
-11.5228 -6.12774 -16.5636
-10.2218 -4.19174 -13.4926
-6.62181 -5.35974 -14.2016
-6.68481 -4.32274 -17.9176
-7.89481 -0.794743 -16.9636
-6.05981 0.0192575 -13.6756

-3.16681 -2.51174 -13.2976
-1.50781 -2.02874 -16.7756
-2.15581 -5.73774 -17.3916

0.421192 -7.38474 -19.7226
0.172192 -10.7327 -21.5646
3.45219 -12.5757 -20.8076

4.44819 -16.0577 -22.2356
3.39819 -17.6247 -18.8486

0.0421922 -15.7317 -18.4416
-1.12181 -12.2487 -17.3476
0.968192 -9.82374 -15.2656

-1.04281 -7.35274 -13.0716
1.88819 -5.73674 -11.1126
1.55719 -2.40974 -13.0056
-0.661808 0.677257 -12.6596
-2.78981 2.73726 -15.0986
-5.54481 5.43226 -15.1766

-5.08481 6.14926 -11.4016
-6.91581 9.54726 -11.5006
-10.0158 7.77126 -12.9576
-9.69081 5.05726 -10.2536
-9.50981 7.82526 -7.56064
-12.7178 9.46326 -8.92964
-14.5508 6.06826 -9.03864
-13.4388 5.24526 -5.45164
-14.4978 8.64326 -3.96464
-17.8998 8.69326 -5.77764
-19.0768 5.08426 -5.24264

-16.8458 3.08226 -2.77664

-14.7128 5.14026 -0.392636
-14.7708 8.03426 2.07836

-11.1678 9.27626 2.61136
-9.86081 12.2773 4.60036
-6.28581 13.1123 5.57436

-4.75981 14.5963 8.80236
-4.14881 17.8003 6.78036
-7.90381 18.0493 5.88036
-9.34381 17.6793 9.44036

-6.53281 18.1743 12.0624
-4.57181 21.4093 11.2314
-3.15781 21.1723 14.8314
-1.15281 17.9043 14.4154

2.64619 18.5983 14.4004
4.39919 17.8643 11.0764

6.05519 14.4943 10.3334
9.67119 15.3423 9.35536
11.2082 12.4523 7.35336
14.8872 11.9543 6.40636
17.2492 9.34526 5.00436
20.2902 8.65026 7.24536
23.1092 7.09626 5.19036

24.8892 4.89526 7.78136
28.6042 4.71426 6.97136

29.5882 1.48326 5.04836
33.2032 1.95426 6.37636
32.1652 -0.237743 9.39836

31.1242 -3.02674 6.91336
34.2622 -5.20774 6.97936

35.7682 -6.48074 3.68136
34.4562 -10.0987 4.22236
30.8342 -8.90074 4.77336
31.1112 -6.57074 1.71236
32.5402 -9.41574 -0.439636
29.6022 -11.6327 0.745364
27.0562 -8.89774 -0.252636
28.8532 -8.49974 -3.64264
28.7662 -12.3257 -4.07364
24.9932 -12.6347 -3.32564
24.3052 -9.58274 -5.59364
26.2602 -11.2587 -8.48064
24.4862 -14.5717 -7.68964
20.9892 -13.0197 -8.27364
22.0802 -11.6887 -11.7446

23.5602 -15.0187 -12.9966
21.7302 -16.1167 -16.2016
21.8712 -19.8967 -15.6666
20.0002 -20.0577 -12.2816
16.4272 -21.2857 -11.7746

13.6312 -18.8987 -10.6206
13.9502 -20.5607 -7.15764
17.7722 -20.1017 -6.86864
17.2212 -16.3997 -7.83964
14.6322 -16.0467 -4.96464
17.0002 -17.8667 -2.52764
19.9492 -15.5747 -3.48464
17.5982 -12.5367 -3.02864
16.5832 -13.7387 0.495364
20.2982 -14.3197 1.30236
21.2682 -10.7987 0.0303642
18.4412 -9.25974 2.14536
19.3962 -11.2087 5.34336
23.1292 -10.2917 4.77636
22.0792 -6.60174 4.41636
20.4282 -6.79074 7.87636
23.5882 -8.37174 9.44536
25.8882 -5.81074 7.71736
23.8892 -2.83674 9.16336
23.8362 -4.03274 12.8614
27.1232 -2.27974 13.9984
26.1862 1.15326 12.5264
22.5012 0.798257 13.5664
23.8422 0.250257 17.1374
26.3142 3.19326 16.7504
23.3872 5.44426 15.6674
21.0752 4.29226 18.5574
23.8802 5.06026 21.0684
24.5342 8.51026 19.4434
20.7852 9.30726 19.9194
20.9122 8.29626 23.6444
24.2372 10.1613 24.2344

22.5792 13.2403 22.5514
20.0992 13.2253 25.5254
16.9302 11.9283 23.7344
14.2362 10.9753 26.2624
11.9832 8.62626 24.1384

12.2022 7.03126 20.6574
11.0342 3.95526 18.6864
13.4042 1.59326 16.8114
11.8182 -0.473743 14.0074
13.4392 -3.62874 12.5364

12.0572 -6.92974 11.0594
14.9352 -9.47374 11.1144

15.0662 -11.1577 14.5674
18.9292 -10.9557 14.6254
18.6992 -7.09874 14.3834
16.0962 -6.91374 17.2274
18.2572 -9.34874 19.3134
21.5222 -7.36674 18.7594
19.8452 -3.98774 19.6054
18.2922 -5.41674 22.8444
21.6282 -7.04974 23.8744
23.5702 -3.74674 23.4544
20.8842 -1.73374 25.3624
21.1022 -4.32474 28.2274
24.9642 -4.10074 28.1124

24.6762 -0.245743 28.3684
22.0082 -0.677743 31.1694
19.4302 1.28226 29.0674
15.8262 0.595257 30.1364

13.8232 -0.395743 27.0254
10.7382 -2.36374 25.8594
10.6602 -5.08074 23.1434
7.65819 -6.18174 20.9994

7.92419 -8.90374 18.3014
6.09119 -11.9997 16.8874
6.66919 -13.9167 20.1964
5.23519 -11.1677 22.5124
1.72219 -12.1727 23.7014
-1.44081 -10.0767 23.0454
-1.81381 -8.96874 26.7334

1.94419 -8.32674 27.3204
1.93519 -6.10174 24.1534
-0.625808 -3.76974 25.8174
1.22319 -3.82474 29.2014
4.65919 -3.03674 27.5934
2.91819 -0.267743 25.5704
1.58419 1.22026 28.8704
5.06119 0.837257 30.5234
6.70919 2.85326 27.6554
3.86119 5.45326 27.7054
3.78719 6.01726 31.5164

7.42019 5.35426 32.6504
10.0042 8.13626 31.9644
12.8072 5.50826 32.4144
11.9962 3.50426 29.2364
13.9652 5.48526 26.6154

13.8232 2.96126 23.7024
11.0632 0.790257 22.2234
12.5252 -2.07174 20.0934
9.66919 -2.98174 17.7204
9.09519 -5.50974 14.9324

7.78319 -3.61374 11.8314
5.35419 -6.52374 11.1224
4.29119 -7.37274 14.7194
3.80419 -3.77874 16.0864
2.08219 -2.24974 12.9534
-1.37881 -2.72374 14.6414
-3.37681 -1.76774 17.7924
-0.609808 -0.00174251 19.7874
-0.160808 3.77026 20.4724
3.29219 5.31326 21.1814
2.45519 9.04826 21.6274
5.16519 9.38026 24.3804
7.94919 9.31526 21.7074
8.83319 12.1203 19.2104

11.2802 10.0433 17.0684
10.9712 6.87926 14.9264
14.1382 5.11226 13.6414
13.7612 2.47926 10.8974

16.9212 0.356257 11.3414
15.7122 -1.66374 8.31036
13.7012 -0.860743 5.16236
10.5082 -2.82574 4.36636
9.42219 -3.37974 0.699364
5.77619 -2.40774 1.44436

5.23619 1.36926 2.09236
1.76319 0.821257 3.65536
3.46419 -1.04574 6.57536
6.08319 1.75026 6.99036
3.24619 4.37826 7.14436
1.36619 2.13826 9.67936
4.54419 2.13126 11.8594
5.01819 5.98226 11.6274

1.32019 6.45726 12.6454
1.99419 4.61026 15.9294
3.61519 7.89026 17.1944
1.68319 10.4123 15.0494
-1.70081 9.91926 16.8734
-4.24081 12.0933 18.7564
-2.31681 13.0353 21.9534
0.991192 13.8073 20.1314
2.22019 17.4073 20.8454
5.74219 17.3383 19.2324
6.84519 17.3013 15.5464

7.46719 13.6203 14.7234
10.9572 12.7993 13.3914
11.2192 9.74826 11.0564
14.7802 8.49626 10.3154
15.2842 5.81226 7.60336
18.7042 4.11726 8.11136
20.2372 3.10126 4.70836

23.6262 1.60126 3.68636
25.3272 2.12026 0.257364
26.4332 -1.24474 -1.26664
23.4102 -3.21974 0.151364
19.7382 -4.21974 -0.474636

18.7262 -0.635743 0.604364
20.0452 0.708257 -2.77964
17.2652 -1.29974 -4.58964
14.5662 -1.22274 -1.85564
14.5302 2.59126 -1.43564
13.7192 3.43326 -5.14964
11.1342 0.546257 -5.09964
9.42519 1.98326 -1.95564
9.43819 5.49626 -3.57264
7.74519 4.41326 -6.85464
5.14419 2.48826 -4.73964
4.30219 5.62326 -2.62064
3.94219 7.61526 -5.89264
1.46919 4.97026 -7.25764
-0.452808 5.23626 -3.92564
-0.437808 9.10026 -4.08964
-1.66481 9.18426 -7.75964

-4.53781 6.86226 -6.64264
-5.33781 9.40426 -3.79764
-4.26181 6.80326 -1.15364
-1.24181 8.71026 0.322364
-0.0668078 12.3253 0.894364
3.39119 10.8863 1.62936
5.86519 12.0223 -1.01564
9.30519 10.3503 -0.542636
11.1902 12.1563 -3.43164

12.1962 15.2453 -1.34964
14.2442 13.0563 1.09336
16.5912 11.7393 -1.68564
17.4422 15.1363 -3.24464

18.7072 16.0953 0.285364
21.1922 13.1223 0.708364

End chain 1
