-13.201 -6.296 -53.957
-10.703 -3.406 -53.291
-9.54 -3.087 -49.639
-11.02 0.322 -48.639
-8.614 1.85 -46.053
-10.787 3.126 -43.162

-9.634 6.195 -41.181
-10.061 4.9 -37.589
-10.286 6.838 -34.306
-12.195 7.103 -30.979
-14.163 9.439 -28.711
-12.619 10.223 -25.263
-14.157 12.207 -22.344

-11.943 15.248 -21.466
-14.301 16.978 -18.949
-17.827 16.65 -17.399
-19.139 18.761 -20.353

-16.752 17.96 -23.312
-15.482 14.956 -25.281
-12.62 14.751 -27.824
-12.437 12.939 -31.204
-8.982 11.264 -31.393
-8.672 10.357 -35.1

-6.282 10.744 -38.079
-6.98 13.557 -40.6
-9.895 13.022 -43.051

-11.208 15.853 -45.293
-14.92 14.856 -45.011
-14.611 14.37 -41.226
-13.015 17.857 -40.827
-15.875 19.254 -42.999
-18.403 17.482 -40.669
-16.559 18.759 -37.515
-16.844 22.341 -38.957

-20.697 21.797 -39.029
-20.861 21.033 -35.24
-22.116 23.933 -33.104
-20.016 23.255 -29.939
-16.791 22.621 -31.971

-13.393 23.436 -30.391
-10.011 22.816 -32.063
-6.805 22.812 -29.99

-3.883 23.919 -32.209
-1.328 22.314 -29.773
-2.753 18.736 -29.691
-4.334 19.137 -33.217

-7.578 17.622 -31.79
-11.313 18.386 -31.995
-13.683 18.544 -28.991
-17.466 19.001 -28.65
-20.131 19.402 -25.91

-21.257 16.038 -24.476
-24.923 16.743 -25.497
-23.731 16.722 -29.178
-22.178 13.179 -28.839
-25.228 11.354 -30.322
-25.57 14.044 -33.093
-21.852 13.682 -34.021
-21.815 9.829 -34.037
-25.045 9.774 -36.128
-23.507 12.176 -38.75
-20.093 10.348 -38.803

-21.793 6.948 -39.527
-22.962 8.546 -42.834
-19.328 9.196 -43.991
-17.677 6.563 -46.261
-14.251 5.2 -45.121

-14.46 6.789 -41.562
-14.765 4.819 -38.279
-15.142 6.964 -35.114
-15.663 4.659 -32.101

-18.218 6.249 -29.657
-17.862 6.903 -25.912
-18.35 3.469 -24.195
-21.794 2.549 -22.772
-20.235 2.829 -19.255
-19.534 6.58 -19.812
-22.964 7.196 -21.431
-24.623 5.531 -18.378
-22.42 7.523 -15.909

-23.028 10.919 -17.654
-26.668 10.153 -18.714
-27.851 13.482 -17.123

-25.214 15.594 -18.963
-26 13.8 -22.296
-29.631 15.147 -21.909

-29.014 18.802 -20.797
-28.522 21.656 -23.337
-27.494 23.803 -20.296
-24.374 24.206 -18.108
-26.03 23.63 -14.722
-23.195 22.587 -12.38
-23.731 19.355 -10.334

-27.219 19.392 -8.694
-26.798 20.208 -4.988
-26.578 17.032 -2.906
-29.814 16.999 -0.82
-29.276 16.946 2.956
-30.305 13.551 4.343

-32.727 13.25 7.268
-30.389 11.851 9.975
-33.077 12.019 12.787
-33.159 8.159 12.923
-29.32 8.149 13.454
-27.82 8.306 16.969

-27.52 12.074 17.913
-23.991 11.509 19.371
-22.796 10.469 15.867
-24.731 13.185 13.93
-23.402 16.008 16.22
-19.738 14.82 15.861

-19.687 14.822 11.995
-17.445 17.587 10.586

-19.106 19.692 7.763
-17.231 17.783 4.996
-18.064 14.402 6.666
-21.796 15.407 6.677
-21.562 16.318 2.947
-19.943 12.855 2.346
-22.788 11.075 4.244
-25.363 13.084 2.191
-23.555 12.165 -1.104
-23.43 8.459 -0.115
-27.196 8.491 0.728
-28.024 10.343 -2.565

-25.973 7.645 -4.472
-28.214 5.048 -2.67
-25.512 3.7 -0.27

-23.352 2.353 -3.174
-19.956 4.118 -3.237
-16.209 4.012 -2.721
-15.295 6.541 0.021

-12.5424 8.45267 1.75744

-11.2457 6.79876 -1.40896
-10.8349 3.47172 0.381284

-9.37893 1.58172 3.40228
-10.6919 2.82272 6.78828
-13.5639 5.03572 5.37828
-16.0369 2.84772 7.41228

-17.1749 0.220719 4.83528
-18.3429 -2.05228 7.73828
-20.6939 0.580719 9.32028
-22.2069 1.37272 5.85828
-22.6129 -2.39528 5.09428
-24.3509 -3.09128 8.46528
-26.7459 -0.137281 7.80228
-27.5779 -1.27828 4.19928
-28.1769 -4.85628 5.46728
-30.2859 -3.61328 8.46528
-32.5579 -1.60228 6.08228

-33.2309 -5.07528 4.51128

-33.7149 -6.84028 7.98528
-37.2169 -7.99028 6.77428
-35.3809 -10.0893 4.06628
-32.9569 -12.0013 6.41428
-31.3119 -14.5463 7.17428

-28.1049 -12.5813 6.49228
-24.8819 -14.2703 5.27328
-21.5659 -12.4613 6.00128
-18.4629 -13.8723 4.22728
-15.1599 -12.4903 5.60728

-11.3809 -13.1493 5.99028
-10.7469 -15.9533 8.57128
-9.18693 -13.4383 11.0973
-12.0199 -10.7733 11.2033

-15.0889 -13.0013 12.0073
-15.2259 -11.8863 15.6793
-14.4849 -8.23528 14.6343
-17.6959 -8.43728 12.5103
-19.7449 -10.0303 15.3793
-18.5989 -7.21328 17.7333
-19.4399 -4.65728 14.9733
-23.0529 -6.02228 14.7643
-23.4129 -5.99328 18.6153
-21.9269 -2.43328 18.7273
-24.1539 -0.938281 15.9823

-27.4519 -2.94228 16.2443
-28.1819 -3.18328 20.0603
-31.7189 -4.34228 18.9523
-30.0949 -7.83428 18.4103
-29.3609 -10.4183 21.1213

-25.9629 -12.2373 20.8613
-27.9689 -15.4533 20.0843
-29.1109 -13.8003 16.7953

-25.4219 -13.9493 15.5803
-23.8359 -17.2573 14.4923
-20.0119 -17.1743 14.0853

-19.0329 -20.2493 12.0393
-15.6469 -21.4363 13.3763
-15.5319 -24.9703 11.8173
-16.7359 -26.9323 8.73928
-19.0999 -28.9533 11.0743
-21.1189 -25.9413 12.3213
-24.6829 -25.0503 11.1633
-24.4059 -22.1063 8.70528
-28.1469 -21.2353 9.27728
-28.2499 -21.2993 13.1313
-28.4389 -17.4653 13.5403
-30.4109 -14.5993 11.9993

-26.9189 -13.2733 11.0423
-24.3959 -15.9663 9.96928
-20.6669 -15.0313 9.80728
-18.3399 -17.4353 7.89128
-14.8599 -17.4283 6.29528

-13.9889 -17.8733 2.58128
-12.0879 -21.1423 3.37928
-15.1639 -22.6793 5.11728
-17.6309 -21.9023 2.22628

-16.2569 -24.8483 0.144284
-16.6179 -27.2063 3.18728
-20.1739 -25.8733 3.84928
-21.3449 -25.9483 0.143284
-24.0619 -28.5483 1.04828
-25.5739 -25.9693 3.51628
-25.2859 -23.0273 0.993284
-28.4019 -24.5663 -0.717716
-30.5189 -22.5843 1.82928
-31.4249 -19.2703 0.0562841
-29.6979 -16.3683 1.84628
-31.5669 -13.3483 0.364284

-29.0349 -10.8103 1.79628
-25.2669 -11.4313 1.43328
-22.3379 -9.27828 2.60628
-18.8479 -10.2433 1.36428

-15.9929 -8.37028 3.06328
-12.6719 -7.99828 1.15528

-14.3969 -9.48528 -1.96472
-11.0959 -9.34028 -3.96372
-10.5829 -12.8753 -2.45172
-13.1049 -13.9993 -5.17172

-10.8889 -12.5693 -8.04972
-10.1919 -16.0423 -9.60672
-13.2439 -18.1163 -10.7317
-11.3249 -21.4813 -10.6337
-10.7169 -21.2493 -6.83472

-12.8819 -23.4023 -4.50372
-13.8989 -20.2553 -2.48272
-15.1629 -18.5423 -5.68872
-16.9169 -21.7263 -7.00172
-18.7919 -22.0383 -3.64372
-19.6439 -18.2703 -3.32772
-20.7959 -17.4863 -6.92072
-24.0309 -19.6563 -6.99872
-25.2919 -17.9193 -3.79472
-24.3349 -14.4053 -5.05972
-26.2239 -14.9593 -8.38172
-29.4789 -16.0603 -6.57172

-29.4029 -13.7773 -3.46072
-31.7029 -10.6753 -3.69972

-29.1569 -8.24928 -2.09972
-25.3499 -8.48028 -2.62472
-23.0999 -6.05628 -0.705716
-19.4759 -6.59028 -1.81872
-16.7579 -4.65428 0.0922841

-13.0699 -4.06828 -0.814716
-10.3289 -1.42128 -0.422716
-8.62093 -2.83228 -3.53272
-11.3329 -4.35528 -5.82772
-8.59393 -5.15428 -8.34072
-5.17493 -6.08928 -6.87272
-3.15193 -5.86028 -10.1517
-5.29093 -6.31828 -13.3597

-8.81693 -5.72128 -14.8797
-9.47593 -9.52928 -15.0967
-9.73293 -9.65128 -11.2187
-12.9499 -7.50328 -11.3747
-14.9589 -9.97928 -13.5237
-16.2349 -12.1593 -10.6097
-17.3119 -9.02528 -8.63872
-19.0689 -7.53928 -11.7537
-21.0899 -10.7713 -12.3717
-21.8759 -11.0593 -8.60972
-23.4349 -7.51628 -8.59172

-24.9379 -7.78728 -12.1677
-25.3229 -11.5033 -13.2527
-26.5029 -10.3843 -16.7757
-23.2659 -8.42328 -17.5037
-20.6679 -10.3693 -19.5877
-22.2309 -13.9183 -19.2247
-18.9069 -15.3503 -20.5667

-15.4319 -14.1523 -19.4247
-14.0499 -14.1553 -23.0277
-16.1969 -11.1003 -24.0257
-14.8959 -9.16428 -20.9547
-11.2959 -10.3323 -21.6637
-11.3589 -9.29528 -25.3797
-12.5689 -5.76728 -24.4257
-10.7339 -4.95328 -21.1377

-7.84093 -7.48428 -20.7597
-6.18193 -7.00128 -24.2377
-6.82993 -10.7103 -24.8537

-4.25293 -12.3573 -27.1847
-4.50193 -15.7053 -29.0267
-1.22193 -17.5483 -28.2697

-0.225932 -21.0303 -29.6977
-1.27593 -22.5973 -26.3107

-4.63193 -20.7043 -25.9037
-5.79593 -17.2213 -24.8097
-3.70593 -14.7963 -22.7277

-5.71693 -12.3253 -20.5337
-2.78593 -10.7093 -18.5747
-3.11693 -7.38228 -20.4677
-5.33593 -4.29528 -20.1217
-7.46393 -2.23528 -22.5607
-10.2189 0.459719 -22.6387

-9.75893 1.17672 -18.8637
-11.5899 4.57472 -18.9627
-14.6899 2.79872 -20.4197
-14.3649 0.0847186 -17.7157
-14.1839 2.85272 -15.0227
-17.3919 4.49072 -16.3917
-19.2249 1.09572 -16.5007
-18.1129 0.272719 -12.9137
-19.1719 3.67072 -11.4267
-22.5739 3.72072 -13.2397
-23.7509 0.111719 -12.7047

-21.5199 -1.89028 -10.2387

-19.3869 0.167719 -7.85472
-19.4449 3.06172 -5.38372

-15.8419 4.30372 -4.85072
-14.5349 7.30472 -2.86172
-10.9599 8.13972 -1.88772

-9.43393 9.62372 1.34028
-8.82293 12.8277 -0.681716
-12.5779 13.0767 -1.58172
-14.0179 12.7067 1.97828

-11.2069 13.2017 4.60028
-9.24593 16.4367 3.76928
-7.83193 16.1997 7.36928
-5.82693 12.9317 6.95328

-2.02793 13.6257 6.93828
-0.274932 12.8917 3.61428

1.38107 9.52172 2.87128
4.99707 10.3697 1.89328
6.53407 7.47972 -0.108716
10.2131 6.98172 -1.05572
12.5751 4.37272 -2.45772
15.6161 3.67772 -0.216716
18.4351 2.12372 -2.27172

20.2151 -0.0772814 0.319284
23.9301 -0.258281 -0.490716

24.9141 -3.48928 -2.41372
28.5291 -3.01828 -1.08572
27.4911 -5.21028 1.93628

26.4501 -7.99928 -0.548716
29.5881 -10.1803 -0.482716

31.0941 -11.4533 -3.78072
29.7821 -15.0713 -3.23972
26.1601 -13.8733 -2.68872
26.4371 -11.5433 -5.74972
27.8661 -14.3883 -7.90172
24.9281 -16.6053 -6.71672
22.3821 -13.8703 -7.71472
24.1791 -13.4723 -11.1047
24.0921 -17.2983 -11.5357
20.3191 -17.6073 -10.7877
19.6311 -14.5553 -13.0557
21.5861 -16.2313 -15.9427
19.8121 -19.5443 -15.1517
16.3151 -17.9923 -15.7357
17.4061 -16.6613 -19.2067

18.8861 -19.9913 -20.4587
17.0561 -21.0893 -23.6637
17.1971 -24.8693 -23.1287
15.3261 -25.0303 -19.7437
11.7531 -26.2583 -19.2367

8.95707 -23.8713 -18.0827
9.27607 -25.5333 -14.6197
13.0981 -25.0743 -14.3307
12.5471 -21.3723 -15.3017
9.95807 -21.0193 -12.4267
12.3261 -22.8393 -9.98972
15.2751 -20.5473 -10.9467
12.9241 -17.5093 -10.4907
11.9091 -18.7113 -6.96672
15.6241 -19.2923 -6.15972
16.5941 -15.7713 -7.43172
13.7671 -14.2323 -5.31672
14.7221 -16.1813 -2.11872
18.4551 -15.2643 -2.68572
17.4051 -11.5743 -3.04572
15.7541 -11.7633 0.414284
18.9141 -13.3443 1.98328
21.2141 -10.7833 0.255284
19.2151 -7.80928 1.70128
19.1621 -9.00528 5.39928
22.4491 -7.25228 6.53628
21.5121 -3.81928 5.06428
17.8271 -4.17428 6.10428
19.1681 -4.72228 9.67528
21.6401 -1.77928 9.28828
18.7131 0.471719 8.20528
16.4011 -0.680281 11.0953
19.2061 0.0877186 13.6063
19.8601 3.53772 11.9813
16.1111 4.33472 12.4573
16.2381 3.32372 16.1823
19.5631 5.18872 16.7723

17.9051 8.26772 15.0893
15.4251 8.25272 18.0633
12.2561 6.95572 16.2723
9.56207 6.00272 18.8003
7.30907 3.65372 16.6763

7.52807 2.05872 13.1953
6.36007 -1.01728 11.2243
8.73007 -3.37928 9.34928
7.14407 -5.44628 6.54528
8.76507 -8.60128 5.07428

7.38307 -11.9023 3.59728
10.2611 -14.4463 3.65228

10.3921 -16.1303 7.10528
14.2551 -15.9283 7.16328
14.0251 -12.0713 6.92128
11.4221 -11.8863 9.76528
13.5831 -14.3213 11.8513
16.8481 -12.3393 11.2973
15.1711 -8.96028 12.1433
13.6181 -10.3893 15.3823
16.9541 -12.0223 16.4123
18.8961 -8.71928 15.9923
16.2101 -6.70628 17.9003
16.4281 -9.29728 20.7653
20.2901 -9.07328 20.6503

20.0021 -5.21828 20.9063
17.3341 -5.65028 23.7073
14.7561 -3.69028 21.6053
11.1521 -4.37728 22.6743

9.14907 -5.36828 19.5633
6.06407 -7.33628 18.3973
5.98607 -10.0533 15.6813
2.98407 -11.1543 13.5373

3.25007 -13.8763 10.8393
1.41707 -16.9723 9.42528
1.99507 -18.8893 12.7343
0.561068 -16.1403 15.0503
-2.95193 -17.1453 16.2393
-6.11493 -15.0493 15.5833
-6.48793 -13.9413 19.2713

-2.72993 -13.2993 19.8583
-2.73893 -11.0743 16.6913
-5.29993 -8.74228 18.3553
-3.45093 -8.79728 21.7393
-0.014932 -8.00928 20.1313
-1.75593 -5.24028 18.1083
-3.08993 -3.75228 21.4083
0.387068 -4.13528 23.0613
2.03507 -2.11928 20.1933
-0.812932 0.480719 20.2433
-0.886932 1.04472 24.0543

2.74607 0.381719 25.1883
5.33007 3.16372 24.5023
8.13307 0.535719 24.9523
7.32207 -1.46828 21.7743
9.29107 0.512719 19.1533

9.14907 -2.01128 16.2403
6.38907 -4.18228 14.7613
7.85107 -7.04428 12.6313
4.99507 -7.95428 10.2583
4.42107 -10.4823 7.47028

3.10907 -8.58628 4.36928
0.680068 -11.4963 3.66028
-0.382932 -12.3453 7.25728
-0.869932 -8.75128 8.62428
-2.59193 -7.22228 5.49128
-6.05293 -7.69628 7.17928
-8.05093 -6.74028 10.3303
-5.28393 -4.97428 12.3253
-4.83493 -1.20228 13.0103
-1.38193 0.340719 13.7193
-2.21893 4.07572 14.1653
0.491068 4.40772 16.9183
3.27507 4.34272 14.2453
4.15907 7.14772 11.7483

6.60607 5.07072 9.60628
6.29707 1.90672 7.46428
9.46407 0.139719 6.17928
9.08707 -2.49328 3.43528

12.2471 -4.61628 3.87928
11.0381 -6.63628 0.848284
9.02707 -5.83328 -2.29972
5.83407 -7.79828 -3.09572
4.74807 -8.35228 -6.76272
1.10207 -7.38028 -6.01772

0.562068 -3.60328 -5.36972
-2.91093 -4.15128 -3.80672
-1.20993 -6.01828 -0.886716
1.40907 -3.22228 -0.471716
-1.42793 -0.594281 -0.317716
-3.30793 -2.83428 2.21728
-0.129932 -2.84128 4.39728
0.344068 1.00972 4.16528

-3.35393 1.48472 5.18328
-2.67993 -0.362281 8.46728
-1.05893 2.91772 9.73228
-2.99093 5.43972 7.58728
-6.37493 4.94672 9.41128
-8.91493 7.12072 11.2943
-6.99093 8.06272 14.4913
-3.68293 8.83472 12.6693
-2.45393 12.4347 13.3833
1.06807 12.3657 11.7703
2.17107 12.3287 8.08428

2.79307 8.64772 7.26128
6.28307 7.82672 5.92928
6.54507 4.77572 3.59428
10.1061 3.52372 2.85328
10.6101 0.839719 0.141284
14.0301 -0.855281 0.649284
15.5631 -1.87128 -2.75372

18.9521 -3.37128 -3.77572
20.6531 -2.85228 -7.20472
21.7591 -6.21728 -8.72872
18.7361 -8.19228 -7.31072
15.0641 -9.19228 -7.93672

14.0521 -5.60828 -6.85772
15.3711 -4.26428 -10.2417
12.5911 -6.27228 -12.0517
9.89207 -6.19528 -9.31772
9.85607 -2.38128 -8.89772
9.04507 -1.53928 -12.6117
6.46007 -4.42628 -12.5617
4.75107 -2.98928 -9.41772
4.76407 0.523719 -11.0347
3.07107 -0.559281 -14.3167
0.470068 -2.48428 -12.2017
-0.371932 0.650719 -10.0827
-0.731932 2.64272 -13.3547
-3.20493 -0.00228144 -14.7197
-5.12693 0.263719 -11.3877
-5.11193 4.12772 -11.5517
-6.33893 4.21172 -15.2217

-9.21193 1.88972 -14.1047
-10.0119 4.43172 -11.2597
-8.93593 1.83072 -8.61572
-5.91593 3.73772 -7.13972
-4.74093 7.35272 -6.56772
-1.28293 5.91372 -5.83272
1.19107 7.04972 -8.47772
4.63107 5.37772 -8.00472
6.51607 7.18372 -10.8937

7.52207 10.2727 -8.81172
9.57007 8.08372 -6.36872
11.9171 6.76672 -9.14772
12.7681 10.1637 -10.7067

14.0331 11.1227 -7.17672
16.5181 8.14972 -6.75372

End chain 1
