-13.201 -6.296 -53.957
-10.703 -3.406 -53.291
-9.54 -3.087 -49.639
-11.02 0.322 -48.639
-8.614 1.85 -46.053
-10.787 3.126 -43.162

-9.634 6.195 -41.181
-10.061 4.9 -37.589
-10.286 6.838 -34.306
-12.195 7.103 -30.979
-14.163 9.439 -28.711
-12.619 10.223 -25.263
-14.157 12.207 -22.344

-11.943 15.248 -21.466
-14.301 16.978 -18.949
-17.827 16.65 -17.399
-19.139 18.761 -20.353

-16.752 17.96 -23.312
-15.482 14.956 -25.281
-12.62 14.751 -27.824
-12.437 12.939 -31.204
-8.982 11.264 -31.393
-8.672 10.357 -35.1

-6.282 10.744 -38.079
-6.98 13.557 -40.6
-9.895 13.022 -43.051

-11.208 15.853 -45.293
-14.92 14.856 -45.011
-14.611 14.37 -41.226
-13.015 17.857 -40.827
-15.875 19.254 -42.999
-18.403 17.482 -40.669
-16.559 18.759 -37.515
-16.844 22.341 -38.957

-20.697 21.797 -39.029
-20.861 21.033 -35.24
-22.116 23.933 -33.104
-20.016 23.255 -29.939
-16.791 22.621 -31.971

-13.393 23.436 -30.391
-10.011 22.816 -32.063
-6.805 22.812 -29.99

-3.883 23.919 -32.209
-1.328 22.314 -29.773
-2.753 18.736 -29.691
-4.334 19.137 -33.217

-7.578 17.622 -31.79
-11.313 18.386 -31.995
-13.683 18.544 -28.991
-17.466 19.001 -28.65
-20.131 19.402 -25.91

-21.257 16.038 -24.476
-24.923 16.743 -25.497
-23.731 16.722 -29.178
-22.178 13.179 -28.839
-25.228 11.354 -30.322
-25.57 14.044 -33.093
-21.852 13.682 -34.021
-21.815 9.829 -34.037
-25.045 9.774 -36.128
-23.507 12.176 -38.75
-20.093 10.348 -38.803

-21.793 6.948 -39.527
-22.962 8.546 -42.834
-19.328 9.196 -43.991
-17.677 6.563 -46.261
-14.251 5.2 -45.121

-14.46 6.789 -41.562
-14.765 4.819 -38.279
-15.142 6.964 -35.114
-15.663 4.659 -32.101

-18.218 6.249 -29.657
-17.862 6.903 -25.912
-18.35 3.469 -24.195
-21.794 2.549 -22.772
-20.235 2.829 -19.255
-19.534 6.58 -19.812
-22.964 7.196 -21.431
-24.623 5.531 -18.378
-22.42 7.523 -15.909

-23.028 10.919 -17.654
-26.668 10.153 -18.714
-27.851 13.482 -17.123

-25.214 15.594 -18.963
-26 13.8 -22.296
-29.631 15.147 -21.909

-29.014 18.802 -20.797
-28.522 21.656 -23.337
-27.494 23.803 -20.296
-24.374 24.206 -18.108
-26.03 23.63 -14.722
-23.195 22.587 -12.38
-23.731 19.355 -10.334

-27.219 19.392 -8.694
-26.798 20.208 -4.988
-26.578 17.032 -2.906
-29.814 16.999 -0.82
-29.276 16.946 2.956
-30.305 13.551 4.343

-32.727 13.25 7.268
-30.389 11.851 9.975
-33.077 12.019 12.787
-33.159 8.159 12.923
-29.32 8.149 13.454
-27.82 8.306 16.969

-27.52 12.074 17.913
-23.991 11.509 19.371
-22.796 10.469 15.867
-24.731 13.185 13.93
-23.402 16.008 16.22
-19.738 14.82 15.861

-19.687 14.822 11.995
-17.445 17.587 10.586

-19.106 19.692 7.763
-17.231 17.783 4.996
-18.064 14.402 6.666
-21.796 15.407 6.677
-21.562 16.318 2.947
-19.943 12.855 2.346
-22.788 11.075 4.244
-25.363 13.084 2.191
-23.555 12.165 -1.104
-23.43 8.459 -0.115
-27.196 8.491 0.728
-28.024 10.343 -2.565

-25.973 7.645 -4.472
-28.214 5.048 -2.67
-25.512 3.7 -0.27

-23.352 2.353 -3.174
-19.956 4.118 -3.237
-16.209 4.012 -2.721
-15.295 6.541 0.021

-11.694 7.195 -1.128

-11.135 10.189 1.225
-7.504 10.605 2.377

-6.048 8.715 5.398
-7.361 9.956 8.784
-10.233 12.169 7.374
-12.706 9.981 9.408

-13.844 7.354 6.831
-15.012 5.081 9.734
-17.363 7.714 11.316
-18.876 8.506 7.854
-19.282 4.738 7.09
-21.02 4.042 10.461
-23.415 6.996 9.798
-24.247 5.855 6.195
-24.846 2.277 7.463
-26.955 3.52 10.461
-29.227 5.531 8.078

-29.9 2.058 6.507

-30.384 0.293 9.981
-33.886 -0.857 8.77
-32.05 -2.956 6.062
-29.626 -4.868 8.41
-27.981 -7.413 9.17

-24.774 -5.448 8.488
-21.551 -7.137 7.269
-18.235 -5.328 7.997
-15.132 -6.739 6.223
-11.829 -5.357 7.603

-8.05 -6.016 7.986
-7.416 -8.82 10.567
-5.856 -6.305 13.093
-8.689 -3.64 13.199

-11.758 -5.868 14.003
-11.895 -4.753 17.675
-11.154 -1.102 16.63
-14.365 -1.304 14.506
-16.414 -2.897 17.375
-15.268 -0.08 19.729
-16.109 2.476 16.969
-19.722 1.111 16.76
-20.082 1.14 20.611
-18.596 4.7 20.723
-20.823 6.195 17.978

-24.121 4.191 18.24
-24.851 3.95 22.056
-28.388 2.791 20.948
-26.764 -0.701 20.406
-26.03 -3.285 23.117

-22.632 -5.104 22.857
-24.638 -8.32 22.08
-25.78 -6.667 18.791

-22.091 -6.816 17.576
-20.505 -10.124 16.488
-16.681 -10.041 16.081

-15.702 -13.116 14.035
-12.316 -14.303 15.372
-12.201 -17.837 13.813
-13.405 -19.799 10.735
-15.769 -21.82 13.07
-17.788 -18.808 14.317
-21.352 -17.917 13.159
-21.075 -14.973 10.701
-24.816 -14.102 11.273
-24.919 -14.166 15.127
-25.108 -10.332 15.536
-27.08 -7.466 13.995

-23.588 -6.14 13.038
-21.065 -8.833 11.965
-17.336 -7.898 11.803
-15.009 -10.302 9.887
-11.529 -10.295 8.291

-10.658 -10.74 4.577
-8.757 -14.009 5.375
-11.833 -15.546 7.113
-14.3 -14.769 4.222

-12.926 -17.715 2.14
-13.287 -20.073 5.183
-16.843 -18.74 5.845
-18.014 -18.815 2.139
-20.731 -21.415 3.044
-22.243 -18.836 5.512
-21.955 -15.894 2.989
-25.071 -17.433 1.278
-27.188 -15.451 3.825
-28.094 -12.137 2.052
-26.367 -9.235 3.842
-28.236 -6.215 2.36

-25.704 -3.677 3.792
-21.936 -4.298 3.429
-19.007 -2.145 4.602
-15.517 -3.11 3.36

-12.662 -1.237 5.059
-9.341 -0.865 3.151

-11.066 -2.352 0.031
-7.765 -2.207 -1.968
-7.252 -5.742 -0.456
-9.774 -6.866 -3.176

-7.558 -5.436 -6.054
-6.861 -8.909 -7.611
-9.913 -10.983 -8.736
-7.994 -14.348 -8.638
-7.386 -14.116 -4.839

-9.551 -16.269 -2.508
-10.568 -13.122 -0.487
-11.832 -11.409 -3.693
-13.586 -14.593 -5.006
-15.461 -14.905 -1.648
-16.313 -11.137 -1.332
-17.465 -10.353 -4.925
-20.7 -12.523 -5.003
-21.961 -10.786 -1.799
-21.004 -7.272 -3.064
-22.893 -7.826 -6.386
-26.148 -8.927 -4.576

-26.072 -6.644 -1.465
-28.372 -3.542 -1.704

-25.826 -1.116 -0.104
-22.019 -1.347 -0.629
-19.769 1.077 1.29
-16.145 0.543 0.177
-13.427 2.479 2.088

-9.739 3.065 1.181
-6.998 5.712 1.573
-5.29 4.301 -1.537
-8.002 2.778 -3.832
-5.263 1.979 -6.345
-1.844 1.044 -4.877
0.179 1.273 -8.156
-1.96 0.815 -11.364

-5.486 1.412 -12.884
-6.145 -2.396 -13.101
-6.402 -2.518 -9.223
-9.619 -0.37 -9.379
-11.628 -2.846 -11.528
-12.904 -5.026 -8.614
-13.981 -1.892 -6.643
-15.738 -0.406 -9.758
-17.759 -3.638 -10.376
-18.545 -3.926 -6.614
-20.104 -0.383 -6.596

-21.607 -0.654 -10.172
-21.992 -4.37 -11.257
-23.172 -3.251 -14.78
-19.935 -1.29 -15.508
-17.337 -3.236 -17.592
-18.9 -6.785 -17.229
-15.576 -8.217 -18.571

-12.101 -7.019 -17.429
-10.719 -7.022 -21.032
-12.866 -3.967 -22.03
-11.565 -2.031 -18.959
-7.965 -3.199 -19.668
-8.028 -2.162 -23.384
-9.238 1.366 -22.43
-7.403 2.18 -19.142

-4.51 -0.351 -18.764
-2.851 0.132 -22.242
-3.499 -3.577 -22.858

-0.922 -5.224 -25.189
-1.171 -8.572 -27.031
2.109 -10.415 -26.274

3.105 -13.897 -27.702
2.055 -15.464 -24.315

-1.301 -13.571 -23.908
-2.465 -10.088 -22.814
-0.375 -7.663 -20.732

-2.386 -5.192 -18.538
0.545 -3.576 -16.579
0.214 -0.249 -18.472
-2.005 2.838 -18.126
-4.133 4.898 -20.565
-6.888 7.593 -20.643

-6.428 8.31 -16.868
-8.259 11.708 -16.967
-11.359 9.932 -18.424
-11.034 7.218 -15.72
-10.853 9.986 -13.027
-14.061 11.624 -14.396
-15.894 8.229 -14.505
-14.782 7.406 -10.918
-15.841 10.804 -9.431
-19.243 10.854 -11.244
-20.42 7.245 -10.709

-18.189 5.243 -8.243

-16.056 7.301 -5.859
-16.114 10.195 -3.388

-12.511 11.437 -2.855
-11.204 14.438 -0.866
-7.629 15.273 0.108

-6.103 16.757 3.336
-5.492 19.961 1.314
-9.247 20.21 0.414
-10.687 19.84 3.974

-7.876 20.335 6.596
-5.915 23.57 5.765
-4.501 23.333 9.365
-2.496 20.065 8.949

1.303 20.759 8.934
3.056 20.025 5.61

4.712 16.655 4.867
8.328 17.503 3.889
9.865 14.613 1.887
13.544 14.115 0.94
15.906 11.506 -0.462
18.947 10.811 1.779
21.766 9.257 -0.276

24.4977 7.32191 -2.09338
23.1858 5.67268 -5.14265

21.2337 8.91322 -5.50467
23.1507 10.502 -2.63352
26.4778 9.49944 -4.17254

25.4368 6.71044 -6.65754
28.5748 4.52944 -6.59154

30.0808 3.25644 -9.88954
28.7688 -0.361563 -9.34854
25.1468 0.836437 -8.79754
25.4238 3.16644 -11.8585
26.8528 0.321437 -14.0105
23.9148 -1.89556 -12.8255
21.3688 0.839437 -13.8235
23.1658 1.23744 -17.2135
23.0788 -2.58856 -17.6445
19.3058 -2.89756 -16.8965
18.6178 0.154437 -19.1645
20.5728 -1.52156 -22.0515
18.7988 -4.83456 -21.2605
15.3018 -3.28256 -21.8445
16.3928 -1.95156 -25.3155

17.8728 -5.28156 -26.5675
16.0428 -6.37956 -29.7725
16.1838 -10.1596 -29.2375
14.3128 -10.3206 -25.8525
10.7398 -11.5486 -25.3455

7.94379 -9.16156 -24.1915
8.26279 -10.8236 -20.7285
12.0848 -10.3646 -20.4395
11.5338 -6.66256 -21.4105
8.94479 -6.30956 -18.5355
11.3128 -8.12956 -16.0985
14.2618 -5.83756 -17.0555
11.9108 -2.79956 -16.5995
10.8958 -4.00156 -13.0755
14.6108 -4.58256 -12.2685
15.5808 -1.06156 -13.5405
12.7538 0.477437 -11.4255
13.7088 -1.47156 -8.22754
17.4418 -0.554563 -8.79454
16.3918 3.13544 -9.15454
14.7408 2.94644 -5.69454
17.9008 1.36544 -4.12554
20.2008 3.92644 -5.85354
18.2018 6.90044 -4.40754
18.1488 5.70444 -0.709544
21.4358 7.45744 0.427456
20.4988 10.8904 -1.04454
16.8138 10.5354 -0.00454362
18.1548 9.98744 3.56646
20.6268 12.9304 3.17946
17.6998 15.1814 2.09646
15.3878 14.0294 4.98646
18.1928 14.7974 7.49746
18.8468 18.2474 5.87246
15.0978 19.0444 6.34846
15.2248 18.0334 10.0735
18.5498 19.8984 10.6635

16.8918 22.9774 8.98046
14.4118 22.9624 11.9545
11.2428 21.6654 10.1635
8.54879 20.7124 12.6915
6.29579 18.3634 10.5675

6.51479 16.7684 7.08646
5.34679 13.6924 5.11546
7.71679 11.3304 3.24046
6.13079 9.26344 0.436456
7.75179 6.10844 -1.03454

6.36979 2.80744 -2.51154
9.24779 0.263437 -2.45654

9.37879 -1.42056 0.996456
13.2418 -1.21856 1.05446
13.0118 2.63844 0.812456
10.4088 2.82344 3.65646
12.5698 0.388437 5.74246
15.8348 2.37044 5.18846
14.1578 5.74944 6.03446
12.6048 4.32044 9.27346
15.9408 2.68744 10.3035
17.8828 5.99044 9.88346
15.1968 8.00344 11.7915
15.4148 5.41244 14.6565
19.2768 5.63644 14.5415

18.9888 9.49144 14.7975
16.3208 9.05944 17.5985
13.7428 11.0194 15.4965
10.1388 10.3324 16.5655

8.13579 9.34144 13.4545
5.05079 7.37344 12.2885
4.97279 4.65644 9.57246
1.97079 3.55544 7.42846

2.23679 0.833437 4.73046
0.40379 -2.26256 3.31646
0.98179 -4.17956 6.62546
-0.45221 -1.43056 8.94146
-3.96521 -2.43556 10.1305
-7.12821 -0.339563 9.47446
-7.50121 0.768437 13.1625

-3.74321 1.41044 13.7495
-3.75221 3.63544 10.5825
-6.31321 5.96744 12.2465
-4.46421 5.91244 15.6305
-1.02821 6.70044 14.0225
-2.76921 9.46944 11.9995
-4.10321 10.9574 15.2995
-0.62621 10.5744 16.9525
1.02179 12.5904 14.0845
-1.82621 15.1904 14.1345
-1.90021 15.7544 17.9455

1.73279 15.0914 19.0795
4.31679 17.8734 18.3935
7.11979 15.2454 18.8435
6.30879 13.2414 15.6655
8.27779 15.2224 13.0445

8.13579 12.6984 10.1315
5.37579 10.5274 8.65246
6.83779 7.66544 6.52246
3.98179 6.75544 4.14946
3.40779 4.22744 1.36146

2.09579 6.12344 -1.73954
-0.33321 3.21344 -2.44854
-1.39621 2.36444 1.14846
-1.88321 5.95844 2.51546
-3.60521 7.48744 -0.617544
-7.06621 7.01344 1.07046
-9.06421 7.96944 4.22146
-6.29721 9.73544 6.21646
-5.84821 13.5074 6.90146
-2.39521 15.0504 7.61046
-3.23221 18.7854 8.05646
-0.52221 19.1174 10.8095
2.26179 19.0524 8.13646
3.14579 21.8574 5.63946

5.59279 19.7804 3.49746
5.28379 16.6164 1.35546
8.45079 14.8494 0.0704564
8.07379 12.2164 -2.67354

11.2338 10.0934 -2.22954
10.0248 8.07344 -5.26054
8.01379 8.87644 -8.40854
4.82079 6.91144 -9.20454
3.73479 6.35744 -12.8715
0.0887898 7.32944 -12.1265

-0.45121 11.1064 -11.4785
-3.92421 10.5584 -9.91554
-2.22321 8.69144 -6.99554
0.39579 11.4874 -6.58054
-2.44121 14.1154 -6.42654
-4.32121 11.8754 -3.89154
-1.14321 11.8684 -1.71154
-0.66921 15.7194 -1.94354

-4.36721 16.1944 -0.925544
-3.69321 14.3474 2.35846
-2.07221 17.6274 3.62346
-4.00421 20.1494 1.47846
-7.38821 19.6564 3.30246
-9.92821 21.8304 5.18546
-8.00421 22.7724 8.38246
-4.69621 23.5444 6.56046
-3.46721 27.1444 7.27446
0.0547898 27.0754 5.66146
1.15779 27.0384 1.97546

1.77979 23.3574 1.15246
5.26979 22.5364 -0.179544
5.53179 19.4854 -2.51454
9.09279 18.2334 -3.25554
9.59679 15.5494 -5.96754
13.0168 13.8544 -5.45954
14.5498 12.8384 -8.86254

17.9388 11.3384 -9.88454
19.6398 11.8574 -13.3135
20.7458 8.49244 -14.8375
17.7228 6.51744 -13.4195
14.0508 5.51744 -14.0455

13.0388 9.10144 -12.9665
14.3578 10.4454 -16.3505
11.5778 8.43744 -18.1605
8.87879 8.51444 -15.4265
8.84279 12.3284 -15.0065
8.03179 13.1704 -18.7205
5.44679 10.2834 -18.6705
3.73779 11.7204 -15.5265
3.75079 15.2334 -17.1435
2.05779 14.1504 -20.4255
-0.54321 12.2254 -18.3105
-1.38521 15.3604 -16.1915
-1.74521 17.3524 -19.4635
-4.21821 14.7074 -20.8285
-6.14021 14.9734 -17.4965
-6.12521 18.8374 -17.6605
-7.35221 18.9214 -21.3305

-10.2252 16.5994 -20.2135
-11.0252 19.1414 -17.3685
-9.94921 16.5404 -14.7245
-6.92921 18.4474 -13.2485
-5.75421 22.0624 -12.6765
-2.29621 20.6234 -11.9415
0.17779 21.7594 -14.5865
3.61779 20.0874 -14.1135
5.50279 21.8934 -17.0025

6.50879 24.9824 -14.9205
8.55679 22.7934 -12.4775
10.9038 21.4764 -15.2565
11.7548 24.8734 -16.8155

13.0198 25.8324 -13.2855
15.5048 22.8594 -12.8625

End chain 1
