-13.201 -6.296 -53.957
-10.703 -3.406 -53.291
-9.54 -3.087 -49.639
-11.02 0.322 -48.639
-8.614 1.85 -46.053
-10.787 3.126 -43.162

-9.634 6.195 -41.181
-10.061 4.9 -37.589
-10.286 6.838 -34.306
-12.195 7.103 -30.979
-14.163 9.439 -28.711
-12.619 10.223 -25.263
-14.157 12.207 -22.344

-11.943 15.248 -21.466
-14.301 16.978 -18.949
-17.827 16.65 -17.399
-19.139 18.761 -20.353

-16.752 17.96 -23.312
-15.482 14.956 -25.281
-12.62 14.751 -27.824
-12.437 12.939 -31.204
-8.982 11.264 -31.393
-8.672 10.357 -35.1

-6.282 10.744 -38.079
-6.98 13.557 -40.6
-9.895 13.022 -43.051

-11.208 15.853 -45.293
-14.92 14.856 -45.011
-14.611 14.37 -41.226
-13.015 17.857 -40.827
-15.875 19.254 -42.999
-18.403 17.482 -40.669
-16.559 18.759 -37.515
-16.844 22.341 -38.957

-20.697 21.797 -39.029
-20.861 21.033 -35.24
-22.116 23.933 -33.104
-20.016 23.255 -29.939
-16.791 22.621 -31.971

-13.393 23.436 -30.391
-10.011 22.816 -32.063
-6.805 22.812 -29.99

-3.883 23.919 -32.209
-1.328 22.314 -29.773
-2.753 18.736 -29.691
-4.334 19.137 -33.217

-7.578 17.622 -31.79
-11.313 18.386 -31.995
-13.683 18.544 -28.991
-17.466 19.001 -28.65
-20.131 19.402 -25.91

-21.257 16.038 -24.476
-24.923 16.743 -25.497
-23.731 16.722 -29.178
-22.178 13.179 -28.839
-25.228 11.354 -30.322
-25.57 14.044 -33.093
-21.852 13.682 -34.021
-21.815 9.829 -34.037
-25.045 9.774 -36.128
-23.507 12.176 -38.75
-20.093 10.348 -38.803

-21.793 6.948 -39.527
-22.962 8.546 -42.834
-19.328 9.196 -43.991
-17.677 6.563 -46.261
-14.251 5.2 -45.121

-14.46 6.789 -41.562
-14.765 4.819 -38.279
-15.142 6.964 -35.114
-15.663 4.659 -32.101

-18.218 6.249 -29.657
-17.862 6.903 -25.912
-18.35 3.469 -24.195
-21.794 2.549 -22.772
-20.235 2.829 -19.255
-19.534 6.58 -19.812
-22.964 7.196 -21.431
-24.623 5.531 -18.378
-22.42 7.523 -15.909

-23.028 10.919 -17.654
-26.668 10.153 -18.714
-27.851 13.482 -17.123

-25.214 15.594 -18.963
-26 13.8 -22.296
-29.631 15.147 -21.909

-29.014 18.802 -20.797
-28.522 21.656 -23.337
-27.494 23.803 -20.296
-24.374 24.206 -18.108
-26.03 23.63 -14.722
-23.195 22.587 -12.38
-23.731 19.355 -10.334

-27.219 19.392 -8.694
-26.798 20.208 -4.988
-26.578 17.032 -2.906
-29.814 16.999 -0.82
-29.276 16.946 2.956
-30.305 13.551 4.343

-32.727 13.25 7.268
-30.389 11.851 9.975
-33.077 12.019 12.787
-33.159 8.159 12.923
-29.32 8.149 13.454
-27.82 8.306 16.969

-27.52 12.074 17.913
-23.991 11.509 19.371
-22.796 10.469 15.867
-24.731 13.185 13.93
-23.402 16.008 16.22
-19.738 14.82 15.861

-19.687 14.822 11.995
-17.445 17.587 10.586

-19.106 19.692 7.763
-17.231 17.783 4.996
-18.064 14.402 6.666
-21.796 15.407 6.677
-21.562 16.318 2.947
-19.943 12.855 2.346
-22.788 11.075 4.244
-25.363 13.084 2.191
-23.555 12.165 -1.104
-23.43 8.459 -0.115
-27.196 8.491 0.728
-28.024 10.343 -2.565

-25.973 7.645 -4.472
-28.214 5.048 -2.67
-25.512 3.7 -0.27

-23.352 2.353 -3.174
-19.956 4.118 -3.237
-16.209 4.012 -2.721
-15.295 6.541 0.021

-11.694 7.195 -1.128

-11.135 10.189 1.225
-7.504 10.605 2.377

-6.048 8.715 5.398
-7.361 9.956 8.784
-10.233 12.169 7.374
-12.706 9.981 9.408

-13.844 7.354 6.831
-15.012 5.081 9.734
-17.363 7.714 11.316
-18.876 8.506 7.854
-19.282 4.738 7.09
-21.02 4.042 10.461
-23.415 6.996 9.798
-24.247 5.855 6.195
-24.846 2.277 7.463
-26.955 3.52 10.461
-29.227 5.531 8.078

-29.9 2.058 6.507

-30.384 0.293 9.981
-33.886 -0.857 8.77
-32.05 -2.956 6.062
-29.626 -4.868 8.41
-27.981 -7.413 9.17

-24.774 -5.448 8.488
-21.551 -7.137 7.269
-18.235 -5.328 7.997
-15.132 -6.739 6.223
-11.829 -5.357 7.603

-8.05 -6.016 7.986
-7.416 -8.82 10.567
-5.856 -6.305 13.093
-8.689 -3.64 13.199

-11.758 -5.868 14.003
-11.895 -4.753 17.675
-11.154 -1.102 16.63
-14.365 -1.304 14.506
-16.414 -2.897 17.375
-15.268 -0.08 19.729
-16.109 2.476 16.969
-19.722 1.111 16.76
-20.082 1.14 20.611
-18.596 4.7 20.723
-20.823 6.195 17.978

-24.121 4.191 18.24
-24.851 3.95 22.056
-28.388 2.791 20.948
-26.764 -0.701 20.406
-26.03 -3.285 23.117

-22.632 -5.104 22.857
-24.638 -8.32 22.08
-25.78 -6.667 18.791

-22.091 -6.816 17.576
-20.505 -10.124 16.488
-16.681 -10.041 16.081

-15.702 -13.116 14.035
-12.316 -14.303 15.372
-12.201 -17.837 13.813
-13.405 -19.799 10.735
-15.769 -21.82 13.07
-17.788 -18.808 14.317
-21.352 -17.917 13.159
-21.075 -14.973 10.701
-24.816 -14.102 11.273
-24.919 -14.166 15.127
-25.108 -10.332 15.536
-27.08 -7.466 13.995

-23.588 -6.14 13.038
-21.065 -8.833 11.965
-17.336 -7.898 11.803
-15.009 -10.302 9.887
-11.529 -10.295 8.291

-10.658 -10.74 4.577
-8.757 -14.009 5.375
-11.833 -15.546 7.113
-14.3 -14.769 4.222

-12.926 -17.715 2.14
-13.287 -20.073 5.183
-16.843 -18.74 5.845
-18.014 -18.815 2.139
-20.731 -21.415 3.044
-22.243 -18.836 5.512
-21.955 -15.894 2.989
-25.071 -17.433 1.278
-27.188 -15.451 3.825
-28.094 -12.137 2.052
-26.367 -9.235 3.842
-28.236 -6.215 2.36

-25.704 -3.677 3.792
-21.936 -4.298 3.429
-19.007 -2.145 4.602
-15.517 -3.11 3.36

-12.662 -1.237 5.059
-9.341 -0.865 3.151

-11.066 -2.352 0.031
-7.765 -2.207 -1.968
-7.252 -5.742 -0.456
-9.774 -6.866 -3.176

-7.558 -5.436 -6.054
-6.861 -8.909 -7.611
-9.913 -10.983 -8.736
-7.994 -14.348 -8.638
-7.386 -14.116 -4.839

-9.551 -16.269 -2.508
-10.568 -13.122 -0.487
-11.832 -11.409 -3.693
-13.586 -14.593 -5.006
-15.461 -14.905 -1.648
-16.313 -11.137 -1.332
-17.465 -10.353 -4.925
-20.7 -12.523 -5.003
-21.961 -10.786 -1.799
-21.004 -7.272 -3.064
-22.893 -7.826 -6.386
-26.148 -8.927 -4.576

-26.072 -6.644 -1.465
-28.372 -3.542 -1.704

-25.826 -1.116 -0.104
-22.019 -1.347 -0.629
-19.769 1.077 1.29
-16.145 0.543 0.177
-13.427 2.479 2.088

-9.739 3.065 1.181
-6.998 5.712 1.573
-5.29 4.301 -1.537
-8.002 2.778 -3.832
-5.263 1.979 -6.345
-1.844 1.044 -4.877
0.179 1.273 -8.156
-1.96 0.815 -11.364

-5.486 1.412 -12.884
-6.145 -2.396 -13.101
-6.402 -2.518 -9.223
-9.619 -0.37 -9.379
-11.628 -2.846 -11.528
-12.904 -5.026 -8.614
-13.981 -1.892 -6.643
-15.738 -0.406 -9.758
-17.759 -3.638 -10.376
-18.545 -3.926 -6.614
-20.104 -0.383 -6.596

-21.607 -0.654 -10.172
-21.992 -4.37 -11.257
-23.172 -3.251 -14.78
-19.935 -1.29 -15.508
-17.337 -3.236 -17.592
-18.9 -6.785 -17.229
-15.576 -8.217 -18.571

-12.101 -7.019 -17.429
-10.719 -7.022 -21.032
-12.866 -3.967 -22.03
-11.565 -2.031 -18.959
-7.965 -3.199 -19.668
-8.028 -2.162 -23.384
-9.238 1.366 -22.43
-7.403 2.18 -19.142

-4.72924 1.31695 -21.6093
-3.30292 -1.8897 -22.8328
-0.870578 -4.84201 -23.5148

-3.05745 -7.66007 -22.2945
-6.56762 -7.64405 -20.9414
-9.96337 -8.80349 -19.4798

-8.96737 -12.2855 -20.9078
-10.0174 -13.8525 -17.5208

-13.3734 -11.9595 -17.1138
-14.5374 -8.47649 -16.0198
-12.4474 -6.05149 -13.9378

-14.4584 -3.58049 -11.7438
-11.5274 -1.96449 -9.78476
-11.8584 1.36251 -11.6778
-14.0774 4.44951 -11.3318
-16.2054 6.50951 -13.7708
-18.9604 9.20451 -13.8488

-18.5004 9.92151 -10.0738
-20.3314 13.3195 -10.1728
-23.4314 11.5435 -11.6298
-23.1064 8.82951 -8.92576
-22.9254 11.5975 -6.23276
-26.1334 13.2355 -7.60176
-27.9664 9.84051 -7.71076
-26.8544 9.01751 -4.12376
-27.9134 12.4155 -2.63676
-31.3154 12.4655 -4.44976
-32.4924 8.85651 -3.91476

-30.2614 6.85451 -1.44876

-28.1284 8.91251 0.93524
-28.1864 11.8065 3.40624

-24.5834 13.0485 3.93924
-23.2764 16.0495 5.92824
-19.7014 16.8845 6.90224

-18.1754 18.3685 10.1302
-17.5644 21.5725 8.10824
-21.3194 21.8215 7.20824
-22.7594 21.4515 10.7682

-19.9484 21.9465 13.3902
-17.9874 25.1815 12.5592
-16.5734 24.9445 16.1592
-14.5684 21.6765 15.7432

-10.7694 22.3705 15.7282
-9.01637 21.6365 12.4042

-7.36037 18.2665 11.6612
-3.74437 19.1145 10.6832
-2.20737 16.2245 8.68124
1.47163 15.7265 7.73424
3.83363 13.1175 6.33224
6.87463 12.4225 8.57324
9.69363 10.8685 6.51824

11.4736 8.66751 9.10924
15.1886 8.48651 8.29924

16.1726 5.25551 6.37624
19.7876 5.72651 7.70424
18.7496 3.53451 10.7262

17.7086 0.745512 8.24124
20.8466 -1.43549 8.30724

22.3526 -2.70849 5.00924
21.0406 -6.32649 5.55024
17.4186 -5.12849 6.10124
17.6956 -2.79849 3.04024
19.1246 -5.64349 0.88824
16.1866 -7.86049 2.07324
13.6406 -5.12549 1.07524
15.4376 -4.72749 -2.31476
15.3506 -8.55349 -2.74576
11.5776 -8.86249 -1.99776
10.8896 -5.81049 -4.26576
12.8446 -7.48649 -7.15276
11.0706 -10.7995 -6.36176
7.57363 -9.24749 -6.94576
8.66463 -7.91649 -10.4168

10.1446 -11.2465 -11.6688
8.31463 -12.3445 -14.8738
8.45563 -16.1245 -14.3388
6.58463 -16.2855 -10.9538
3.01163 -17.5135 -10.4468

0.21563 -15.1265 -9.29276
0.53463 -16.7885 -5.82976
4.35663 -16.3295 -5.54076
3.80563 -12.6275 -6.51176
1.21663 -12.2745 -3.63676
3.58463 -14.0945 -1.19976
6.53363 -11.8025 -2.15676
4.18263 -8.76449 -1.70076
3.16763 -9.96649 1.82324
6.88263 -10.5475 2.63024
7.85263 -7.02649 1.35824
5.02563 -5.48749 3.47324
5.98063 -7.43649 6.67124
9.71363 -6.51949 6.10424
8.66363 -2.82949 5.74424
7.01263 -3.01849 9.20424
10.1726 -4.59949 10.7732
12.4726 -2.03849 9.04524
10.4736 0.935512 10.4912
10.4206 -0.260488 14.1892
13.7076 1.49251 15.3262
12.7706 4.92551 13.8542
9.08563 4.57051 14.8942
10.4266 4.02251 18.4652
12.8986 6.96551 18.0782
9.97163 9.21651 16.9952
7.65963 8.06451 19.8852
10.4646 8.83251 22.3962
11.1186 12.2825 20.7712
7.36963 13.0795 21.2472
7.49663 12.0685 24.9722
10.8216 13.9335 25.5622

9.16363 17.0125 23.8792
6.68363 16.9975 26.8532
3.51463 15.7005 25.0622
0.82063 14.7475 27.5902
-1.43237 12.3985 25.4662

-1.21337 10.8035 21.9852
-2.38137 7.72751 20.0142
-0.0113704 5.36551 18.1392
-1.59737 3.29851 15.3352
0.0236296 0.143512 13.8642

-1.35837 -3.15749 12.3872
1.51963 -5.70149 12.4422

1.65063 -7.38549 15.8952
5.51363 -7.18349 15.9532
5.28363 -3.32649 15.7112
2.68063 -3.14149 18.5552
4.84163 -5.57649 20.6412
8.10663 -3.59449 20.0872
6.42963 -0.215488 20.9332
4.87663 -1.64449 24.1722
8.21263 -3.27749 25.2022
10.1546 0.0255122 24.7822
7.46863 2.03851 26.6902
7.68663 -0.552488 29.5552
11.5486 -0.328488 29.4402

11.2606 3.52651 29.6962
8.59263 3.09451 32.4972
6.01463 5.05451 30.3952
2.41063 4.36751 31.4642

0.40763 3.37651 28.3532
-2.67737 1.40851 27.1872
-2.75537 -1.30849 24.4712
-5.75737 -2.40949 22.3272

-5.49137 -5.13149 19.6292
-7.32437 -8.22749 18.2152
-6.74637 -10.1445 21.5242
-8.18037 -7.39549 23.8402
-11.6934 -8.40049 25.0292
-14.8564 -6.30449 24.3732
-15.2294 -5.19649 28.0612

-11.4714 -4.55449 28.6482
-11.4804 -2.32949 25.4812
-14.0414 0.00251223 27.1452
-12.1924 -0.0524878 30.5292
-8.75637 0.735512 28.9212
-10.4974 3.50451 26.8982
-11.8314 4.99251 30.1982
-8.35437 4.60951 31.8512
-6.70637 6.62551 28.9832
-9.55437 9.22551 29.0332
-9.62837 9.78951 32.8442

-5.99537 9.12651 33.9782
-3.41137 11.9085 33.2922
-0.60837 9.28051 33.7422
-1.41937 7.27651 30.5642
0.54963 9.25751 27.9432

0.40763 6.73351 25.0302
-2.35237 4.56251 23.5512
-0.89037 1.70051 21.4212
-3.74637 0.790512 19.0482
-4.32037 -1.73749 16.2602

-5.63237 0.158512 13.1592
-8.06137 -2.75149 12.4502
-9.12437 -3.60049 16.0472
-9.61137 -0.00648777 17.4142
-11.3334 1.52251 14.2812
-14.7944 1.04851 15.9692
-16.7924 2.00451 19.1202
-14.0254 3.77051 21.1152
-13.5764 7.54251 21.8002
-10.1234 9.08551 22.5092
-10.9604 12.8205 22.9552
-8.25037 13.1525 25.7082
-5.46637 13.0875 23.0352
-4.58237 15.8925 20.5382

-2.13537 13.8155 18.3962
-2.44437 10.6515 16.2542
0.72263 8.88451 14.9692
0.34563 6.25151 12.2252

3.50563 4.12851 12.6692
2.29663 2.10851 9.63824
0.28563 2.91151 6.49024
-2.90737 0.946512 5.69424
-3.99337 0.392512 2.02724
-7.63937 1.36451 2.77224

-8.17937 5.14151 3.42024
-11.6524 4.59351 4.98324
-9.95137 2.72651 7.90324
-7.33237 5.52251 8.31824
-10.1694 8.15051 8.47224
-12.0494 5.91051 11.0072
-8.87137 5.90351 13.1872
-8.39737 9.75451 12.9552

-12.0954 10.2295 13.9732
-11.4214 8.38251 17.2572
-9.80037 11.6625 18.5222
-11.7324 14.1845 16.3772
-15.1164 13.6915 18.2012
-17.6564 15.8655 20.0842
-15.7324 16.8075 23.2812
-12.4244 17.5795 21.4592
-11.1954 21.1795 22.1732
-7.67337 21.1105 20.5602
-6.57037 21.0735 16.8742

-5.94837 17.3925 16.0512
-2.45837 16.5715 14.7192
-2.19637 13.5205 12.3842
1.36463 12.2685 11.6432
1.86863 9.58451 8.93124
5.28863 7.88951 9.43924
6.82163 6.87351 6.03624

10.2106 5.37351 5.01424
11.9116 5.89251 1.58524
13.0176 2.52751 0.0612404
9.99463 0.552512 1.47924
6.32263 -0.447488 0.85324

5.31063 3.13651 1.93224
6.62963 4.48051 -1.45176
3.84963 2.47251 -3.26176
1.15063 2.54951 -0.52776
1.11463 6.36351 -0.10776
0.30363 7.20551 -3.82176
-2.28137 4.31851 -3.77176
-3.99037 5.75551 -0.62776
-3.97737 9.26851 -2.24476
-5.67037 8.18551 -5.52676
-8.27137 6.26051 -3.41176
-9.11337 9.39551 -1.29276
-9.47337 11.3875 -4.56476
-11.9464 8.74251 -5.92976
-13.8684 9.00851 -2.59776
-13.8534 12.8725 -2.76176
-15.0804 12.9565 -6.43176

-17.9534 10.6345 -5.31476
-18.7534 13.1765 -2.46976
-17.6774 10.5755 0.17424
-14.6574 12.4825 1.65024
-13.4824 16.0975 2.22224
-10.0244 14.6585 2.95724
-7.55037 15.7945 0.31224
-4.11037 14.1225 0.78524
-2.22537 15.9285 -2.10376

-1.21937 19.0175 -0.0217596
0.82863 16.8285 2.42124
3.17563 15.5115 -0.35776
4.02663 18.9085 -1.91676

5.29163 19.8675 1.61324
7.77663 16.8945 2.03624

End chain 1
