-13.201 -6.296 -53.957
-10.703 -3.406 -53.291
-9.54 -3.087 -49.639
-11.02 0.322 -48.639
-8.614 1.85 -46.053
-10.787 3.126 -43.162

-9.634 6.195 -41.181
-10.061 4.9 -37.589
-10.286 6.838 -34.306
-12.195 7.103 -30.979
-14.163 9.439 -28.711
-12.619 10.223 -25.263
-14.157 12.207 -22.344

-11.943 15.248 -21.466
-14.301 16.978 -18.949
-17.827 16.65 -17.399
-19.139 18.761 -20.353

-16.752 17.96 -23.312
-15.482 14.956 -25.281
-12.62 14.751 -27.824
-12.437 12.939 -31.204
-8.982 11.264 -31.393
-8.672 10.357 -35.1

-6.282 10.744 -38.079
-6.98 13.557 -40.6
-9.895 13.022 -43.051

-11.208 15.853 -45.293
-14.92 14.856 -45.011
-14.611 14.37 -41.226
-13.015 17.857 -40.827
-15.875 19.254 -42.999
-18.403 17.482 -40.669
-16.559 18.759 -37.515
-16.844 22.341 -38.957

-20.697 21.797 -39.029
-20.861 21.033 -35.24
-22.116 23.933 -33.104
-20.016 23.255 -29.939
-16.791 22.621 -31.971

-13.393 23.436 -30.391
-10.011 22.816 -32.063
-6.805 22.812 -29.99

-3.883 23.919 -32.209
-1.328 22.314 -29.773
-2.753 18.736 -29.691
-4.334 19.137 -33.217

-7.578 17.622 -31.79
-11.313 18.386 -31.995
-13.683 18.544 -28.991
-17.466 19.001 -28.65
-20.131 19.402 -25.91

-21.257 16.038 -24.476
-24.923 16.743 -25.497
-23.731 16.722 -29.178
-22.178 13.179 -28.839
-25.228 11.354 -30.322
-25.57 14.044 -33.093
-21.852 13.682 -34.021
-21.815 9.829 -34.037
-25.045 9.774 -36.128
-23.507 12.176 -38.75
-20.093 10.348 -38.803

-21.793 6.948 -39.527
-22.962 8.546 -42.834
-19.328 9.196 -43.991
-17.677 6.563 -46.261
-14.251 5.2 -45.121

-14.46 6.789 -41.562
-14.765 4.819 -38.279
-15.142 6.964 -35.114
-15.663 4.659 -32.101

-18.218 6.249 -29.657
-17.862 6.903 -25.912
-18.35 3.469 -24.195
-21.794 2.549 -22.772
-20.235 2.829 -19.255
-19.534 6.58 -19.812
-22.964 7.196 -21.431
-24.623 5.531 -18.378
-22.42 7.523 -15.909

-23.028 10.919 -17.654
-26.668 10.153 -18.714
-27.851 13.482 -17.123

-25.214 15.594 -18.963
-26 13.8 -22.296
-29.631 15.147 -21.909

-29.014 18.802 -20.797
-28.522 21.656 -23.337
-27.494 23.803 -20.296
-24.374 24.206 -18.108
-26.03 23.63 -14.722
-23.195 22.587 -12.38
-23.731 19.355 -10.334

-27.219 19.392 -8.694
-26.798 20.208 -4.988
-26.578 17.032 -2.906
-29.814 16.999 -0.82
-29.276 16.946 2.956
-30.305 13.551 4.343

-32.727 13.25 7.268
-30.389 11.851 9.975
-33.077 12.019 12.787
-33.159 8.159 12.923
-29.32 8.149 13.454
-27.82 8.306 16.969

-27.52 12.074 17.913
-23.991 11.509 19.371
-22.796 10.469 15.867
-24.731 13.185 13.93
-23.402 16.008 16.22
-19.738 14.82 15.861

-19.687 14.822 11.995
-17.445 17.587 10.586

-19.106 19.692 7.763
-17.231 17.783 4.996
-18.064 14.402 6.666
-21.796 15.407 6.677
-21.562 16.318 2.947
-19.943 12.855 2.346
-22.788 11.075 4.244
-25.363 13.084 2.191
-23.555 12.165 -1.104
-23.43 8.459 -0.115
-27.196 8.491 0.728
-28.024 10.343 -2.565

-25.973 7.645 -4.472
-28.214 5.048 -2.67
-25.512 3.7 -0.27

-23.352 2.353 -3.174
-19.956 4.118 -3.237
-16.209 4.012 -2.721
-15.295 6.541 0.021

-11.694 7.195 -1.128

-11.135 10.189 1.225
-7.504 10.605 2.377

-6.048 8.715 5.398
-7.361 9.956 8.784
-10.233 12.169 7.374
-12.706 9.981 9.408

-13.844 7.354 6.831
-15.012 5.081 9.734
-17.363 7.714 11.316
-18.876 8.506 7.854
-19.282 4.738 7.09
-21.02 4.042 10.461
-23.415 6.996 9.798
-24.247 5.855 6.195
-24.846 2.277 7.463
-26.955 3.52 10.461
-29.227 5.531 8.078

-29.9 2.058 6.507

-30.384 0.293 9.981
-33.886 -0.857 8.77
-32.05 -2.956 6.062
-29.626 -4.868 8.41
-27.981 -7.413 9.17

-24.774 -5.448 8.488
-21.551 -7.137 7.269
-18.235 -5.328 7.997
-15.132 -6.739 6.223
-11.829 -5.357 7.603

-8.05 -6.016 7.986
-7.416 -8.82 10.567
-5.856 -6.305 13.093
-8.689 -3.64 13.199

-11.758 -5.868 14.003
-11.895 -4.753 17.675
-11.154 -1.102 16.63
-14.365 -1.304 14.506
-16.414 -2.897 17.375
-15.268 -0.08 19.729
-16.109 2.476 16.969
-19.722 1.111 16.76
-20.082 1.14 20.611
-18.596 4.7 20.723
-20.823 6.195 17.978

-24.121 4.191 18.24
-24.851 3.95 22.056
-28.388 2.791 20.948
-26.764 -0.701 20.406
-26.03 -3.285 23.117

-22.632 -5.104 22.857
-24.638 -8.32 22.08
-25.78 -6.667 18.791

-22.091 -6.816 17.576
-20.505 -10.124 16.488
-16.681 -10.041 16.081

-15.702 -13.116 14.035
-12.316 -14.303 15.372
-12.201 -17.837 13.813
-13.405 -19.799 10.735
-15.769 -21.82 13.07
-17.788 -18.808 14.317
-21.352 -17.917 13.159
-21.075 -14.973 10.701
-24.816 -14.102 11.273
-24.919 -14.166 15.127
-25.108 -10.332 15.536
-27.08 -7.466 13.995

-23.588 -6.14 13.038
-21.065 -8.833 11.965
-17.336 -7.898 11.803
-15.009 -10.302 9.887
-11.529 -10.295 8.291

-10.658 -10.74 4.577
-8.757 -14.009 5.375
-11.833 -15.546 7.113
-14.3 -14.769 4.222

-12.926 -17.715 2.14
-13.287 -20.073 5.183
-16.843 -18.74 5.845
-18.014 -18.815 2.139
-20.731 -21.415 3.044
-22.243 -18.836 5.512
-21.955 -15.894 2.989
-25.071 -17.433 1.278
-27.188 -15.451 3.825
-28.094 -12.137 2.052
-26.367 -9.235 3.842
-28.236 -6.215 2.36

-25.704 -3.677 3.792
-21.936 -4.298 3.429
-19.007 -2.145 4.602
-15.517 -3.11 3.36

-12.662 -1.237 5.059
-9.341 -0.865 3.151

-11.066 -2.352 0.031
-7.765 -2.207 -1.968
-7.252 -5.742 -0.456
-9.774 -6.866 -3.176

-7.558 -5.436 -6.054
-6.861 -8.909 -7.611
-9.913 -10.983 -8.736
-7.994 -14.348 -8.638
-7.386 -14.116 -4.839

-9.551 -16.269 -2.508
-10.568 -13.122 -0.487
-11.832 -11.409 -3.693
-13.586 -14.593 -5.006
-15.461 -14.905 -1.648
-16.313 -11.137 -1.332
-17.465 -10.353 -4.925
-20.7 -12.523 -5.003
-21.961 -10.786 -1.799
-21.004 -7.272 -3.064
-22.893 -7.826 -6.386
-26.148 -8.927 -4.576

-26.072 -6.644 -1.465
-28.372 -3.542 -1.704

-25.826 -1.116 -0.104
-22.019 -1.347 -0.629
-19.769 1.077 1.29
-16.145 0.543 0.177
-13.427 2.479 2.088

-9.739 3.065 1.181
-6.998 5.712 1.573
-5.29 4.301 -1.537
-8.002 2.778 -3.832
-5.263 1.979 -6.345
-1.844 1.044 -4.877
0.179 1.273 -8.156
-1.96 0.815 -11.364

-5.486 1.412 -12.884
-6.145 -2.396 -13.101
-6.402 -2.518 -9.223
-9.619 -0.37 -9.379
-11.628 -2.846 -11.528
-12.904 -5.026 -8.614
-13.981 -1.892 -6.643
-15.738 -0.406 -9.758
-17.759 -3.638 -10.376
-18.545 -3.926 -6.614
-20.104 -0.383 -6.596

-22.3517 -1.9284 -9.38116
-23.0916 -3.68688 -12.6495
-23.4184 -6.37243 -15.4315
-27.0499 -6.24482 -14.5304
-28.8166 -3.50407 -12.5645
-26.3041 -1.94611 -15.0616
-23.3385 -1.08192 -17.3333

-24.1238 -4.4448 -18.9199
-26.658 -5.2439 -16.2028
-28.3733 -1.88639 -16.6803
-28.6028 -2.42832 -20.4348
-30.1287 -5.87383 -19.9419
-32.7238 -4.48688 -17.5367
-33.6789 -1.7492 -19.9934
-34.0918 -4.27801 -22.8001

-31.1988 -6.80901 -22.4221
-29.5398 -6.32601 -25.9001
-30.1878 -10.035 -26.5161

-27.6108 -11.682 -28.8471
-27.8598 -15.03 -30.6891
-24.5798 -16.873 -29.9321

-23.5838 -20.355 -31.3601
-24.6338 -21.922 -27.9731

-27.9898 -20.029 -27.5661
-29.1538 -16.546 -26.4721
-27.0638 -14.121 -24.3901

-29.0748 -11.65 -22.1961
-26.1438 -10.034 -20.2371
-26.4748 -6.70701 -22.1301
-28.6938 -3.62001 -21.7841
-30.8218 -1.56001 -24.2231
-33.5768 1.13499 -24.3011

-33.1168 1.85199 -20.5261
-34.9478 5.24999 -20.6251
-38.0478 3.47399 -22.0821
-37.7228 0.759989 -19.3781
-37.5418 3.52799 -16.6851
-40.7498 5.16599 -18.0541
-42.5828 1.77099 -18.1631
-41.4708 0.947989 -14.5761
-42.5298 4.34599 -13.0891
-45.9318 4.39599 -14.9021
-47.1088 0.786989 -14.3671

-44.8778 -1.21501 -11.9011

-42.7448 0.842989 -9.51711
-42.8028 3.73699 -7.04611

-39.1998 4.97899 -6.51311
-37.8928 7.97999 -4.52411
-34.3178 8.81499 -3.55011

-32.7918 10.299 -0.322111
-32.1808 13.503 -2.34411
-35.9358 13.752 -3.24411
-37.3758 13.382 0.315889

-34.5648 13.877 2.93789
-32.6038 17.112 2.10689
-31.1898 16.875 5.70689
-29.1848 13.607 5.29089

-25.3858 14.301 5.27589
-23.6328 13.567 1.95189

-21.9768 10.197 1.20889
-18.3608 11.045 0.230889
-16.8238 8.15499 -1.77111
-13.1448 7.65699 -2.71811
-10.7828 5.04799 -4.12011
-7.74184 4.35299 -1.87911
-4.92284 2.79899 -3.93411

-3.14284 0.597989 -1.34311
0.572158 0.416989 -2.15311

1.55616 -2.81401 -4.07611
5.17116 -2.34301 -2.74811
4.13316 -4.53501 0.273889

3.09216 -7.32401 -2.21111
6.23016 -9.50501 -2.14511

7.73616 -10.778 -5.44311
6.42416 -14.396 -4.90211
2.80216 -13.198 -4.35111
3.07916 -10.868 -7.41211
4.50816 -13.713 -9.56411
1.57016 -15.93 -8.37911
-0.975842 -13.195 -9.37711
0.821158 -12.797 -12.7671
0.734158 -16.623 -13.1981
-3.03884 -16.932 -12.4501
-3.72684 -13.88 -14.7181
-1.77184 -15.556 -17.6051
-3.54584 -18.869 -16.8141
-7.04284 -17.317 -17.3981
-5.95184 -15.986 -20.8691

-4.47184 -19.316 -22.1211
-6.30184 -20.414 -25.3261
-6.16084 -24.194 -24.7911
-8.03184 -24.355 -21.4061
-11.6048 -25.583 -20.8991

-14.4008 -23.196 -19.7451
-14.0818 -24.858 -16.2821
-10.2598 -24.399 -15.9931
-10.8108 -20.697 -16.9641
-13.3998 -20.344 -14.0891
-11.0318 -22.164 -11.6521
-8.08284 -19.872 -12.6091
-10.4338 -16.834 -12.1531
-11.4488 -18.036 -8.62911
-7.73384 -18.617 -7.82211
-6.76384 -15.096 -9.09411
-9.59084 -13.557 -6.97911
-8.63584 -15.506 -3.78111
-4.90284 -14.589 -4.34811
-5.95284 -10.899 -4.70811
-7.60384 -11.088 -1.24811
-4.44384 -12.669 0.320889
-2.14384 -10.108 -1.40711
-4.14284 -7.13401 0.0388893
-4.19584 -8.33001 3.73689
-0.908842 -6.57701 4.87389
-1.84584 -3.14401 3.40189
-5.53084 -3.49901 4.44189
-4.18984 -4.04701 8.01289
-1.71784 -1.10401 7.62589
-4.64484 1.14699 6.54289
-6.95684 -0.00501084 9.43289
-4.15184 0.762989 11.9439
-3.49784 4.21299 10.3189
-7.24684 5.00999 10.7949
-7.11984 3.99899 14.5199
-3.79484 5.86399 15.1099

-5.45284 8.94299 13.4269
-7.93284 8.92799 16.4009
-11.1018 7.63099 14.6099
-13.7958 6.67799 17.1379
-16.0488 4.32899 15.0139

-15.8298 2.73399 11.5329
-16.9978 -0.342011 9.56189
-14.6278 -2.70401 7.68689
-16.2138 -4.77101 4.88289
-14.5928 -7.92601 3.41189

-15.9748 -11.227 1.93489
-13.0968 -13.771 1.98989

-12.9658 -15.455 5.44289
-9.10284 -15.253 5.50089
-9.33284 -11.396 5.25889
-11.9358 -11.211 8.10289
-9.77484 -13.646 10.1889
-6.50984 -11.664 9.63489
-8.18684 -8.28501 10.4809
-9.73984 -9.71401 13.7199
-6.40384 -11.347 14.7499
-4.46184 -8.04401 14.3299
-7.14784 -6.03101 16.2379
-6.92984 -8.62201 19.1029
-3.06784 -8.39801 18.9879

-3.35584 -4.54301 19.2439
-6.02384 -4.97501 22.0449
-8.60184 -3.01501 19.9429
-12.2058 -3.70201 21.0119

-14.2088 -4.69301 17.9009
-17.2938 -6.66101 16.7349
-17.3718 -9.37801 14.0189
-20.3738 -10.479 11.8749

-20.1078 -13.201 9.17689
-21.9408 -16.297 7.76289
-21.3628 -18.214 11.0719
-22.7968 -15.465 13.3879
-26.3098 -16.47 14.5769
-29.4728 -14.374 13.9209
-29.8458 -13.266 17.6089

-26.0878 -12.624 18.1959
-26.0968 -10.399 15.0289
-28.6578 -8.06701 16.6929
-26.8088 -8.12201 20.0769
-23.3728 -7.33401 18.4689
-25.1138 -4.56501 16.4459
-26.4478 -3.07701 19.7459
-22.9708 -3.46001 21.3989
-21.3228 -1.44401 18.5309
-24.1708 1.15599 18.5809
-24.2448 1.71999 22.3919

-20.6118 1.05699 23.5259
-18.0278 3.83899 22.8399
-15.2248 1.21099 23.2899
-16.0358 -0.793011 20.1119
-14.0668 1.18799 17.4909

-14.2088 -1.33601 14.5779
-16.9688 -3.50701 13.0989
-15.5068 -6.36901 10.9689
-18.3628 -7.27901 8.59589
-18.9368 -9.80701 5.80789

-20.2488 -7.91101 2.70689
-22.6778 -10.821 1.99789
-23.7408 -11.67 5.59489
-24.2278 -8.07601 6.96189
-25.9498 -6.54701 3.82889
-29.4108 -7.02101 5.51689
-31.4088 -6.06501 8.66789
-28.6418 -4.29901 10.6629
-28.1928 -0.527011 11.3479
-24.7398 1.01599 12.0569
-25.5768 4.75099 12.5029
-22.8668 5.08299 15.2559
-20.0828 5.01799 12.5829
-19.1988 7.82299 10.0859

-16.7518 5.74599 7.94389
-17.0608 2.58199 5.80189
-13.8938 0.814989 4.51689
-14.2708 -1.81801 1.77289

-11.1108 -3.94101 2.21689
-12.3198 -5.96101 -0.814111
-14.3308 -5.15801 -3.96211
-17.5238 -7.12301 -4.75811
-18.6098 -7.67701 -8.42511
-22.2558 -6.70501 -7.68011

-22.7958 -2.92801 -7.03211
-26.2688 -3.47601 -5.46911
-24.5678 -5.34301 -2.54911
-21.9488 -2.54701 -2.13411
-24.7858 0.0809892 -1.98011
-26.6658 -2.15901 0.554889
-23.4878 -2.16601 2.73489
-23.0138 1.68499 2.50289

-26.7118 2.15999 3.52089
-26.0378 0.312989 6.80489
-24.4168 3.59299 8.06989
-26.3488 6.11499 5.92489
-29.7328 5.62199 7.74889
-32.2728 7.79599 9.63189
-30.3488 8.73799 12.8289
-27.0408 9.50999 11.0069
-25.8118 13.11 11.7209
-22.2898 13.041 10.1079
-21.1868 13.004 6.42189

-20.5648 9.32299 5.59889
-17.0748 8.50199 4.26689
-16.8128 5.45099 1.93189
-13.2518 4.19899 1.19089
-12.7478 1.51499 -1.52111
-9.32784 -0.180011 -1.01311
-7.79484 -1.19601 -4.41611

-4.40584 -2.69601 -5.43811
-2.70484 -2.17701 -8.86711
-1.59884 -5.54201 -10.3911
-4.62184 -7.51701 -8.97311
-8.29384 -8.51701 -9.59911

-9.30584 -4.93301 -8.52011
-7.98684 -3.58901 -11.9041
-10.7668 -5.59701 -13.7141
-13.4658 -5.52001 -10.9801
-13.5018 -1.70601 -10.5601
-14.3128 -0.864011 -14.2741
-16.8978 -3.75101 -14.2241
-18.6068 -2.31401 -11.0801
-18.5938 1.19899 -12.6971
-20.2868 0.115989 -15.9791
-22.8878 -1.80901 -13.8641
-23.7298 1.32599 -11.7451
-24.0898 3.31799 -15.0171
-26.5628 0.672989 -16.3821
-28.4848 0.938989 -13.0501
-28.4698 4.80299 -13.2141
-29.6968 4.88699 -16.8841

-32.5698 2.56499 -15.7671
-33.3698 5.10699 -12.9221
-32.2938 2.50599 -10.2781
-29.2738 4.41299 -8.80211
-28.0988 8.02799 -8.23011
-24.6408 6.58899 -7.49511
-22.1668 7.72499 -10.1401
-18.7268 6.05299 -9.66711
-16.8418 7.85899 -12.5561

-15.8358 10.948 -10.4741
-13.7878 8.75899 -8.03111
-11.4408 7.44199 -10.8101
-10.5898 10.839 -12.3691

-9.32484 11.798 -8.83911
-6.83984 8.82499 -8.41611

End chain 1
