-13.201 -6.296 -53.957
-10.703 -3.406 -53.291
-9.54 -3.087 -49.639
-11.02 0.322 -48.639
-8.614 1.85 -46.053
-10.787 3.126 -43.162

-9.634 6.195 -41.181
-10.061 4.9 -37.589
-10.286 6.838 -34.306
-12.195 7.103 -30.979
-14.163 9.439 -28.711
-12.619 10.223 -25.263
-14.157 12.207 -22.344

-11.943 15.248 -21.466
-14.301 16.978 -18.949
-17.827 16.65 -17.399
-19.139 18.761 -20.353

-16.752 17.96 -23.312
-15.482 14.956 -25.281
-12.62 14.751 -27.824
-12.437 12.939 -31.204
-8.982 11.264 -31.393
-8.672 10.357 -35.1

-6.282 10.744 -38.079
-6.98 13.557 -40.6
-9.895 13.022 -43.051

-11.208 15.853 -45.293
-14.92 14.856 -45.011
-14.611 14.37 -41.226
-13.015 17.857 -40.827
-15.875 19.254 -42.999
-18.403 17.482 -40.669
-16.559 18.759 -37.515
-16.844 22.341 -38.957

-20.697 21.797 -39.029
-20.861 21.033 -35.24
-22.116 23.933 -33.104
-20.016 23.255 -29.939
-16.791 22.621 -31.971

-13.393 23.436 -30.391
-10.011 22.816 -32.063
-6.805 22.812 -29.99

-3.883 23.919 -32.209
-1.328 22.314 -29.773
-2.753 18.736 -29.691
-4.334 19.137 -33.217

-7.578 17.622 -31.79
-11.313 18.386 -31.995
-13.683 18.544 -28.991
-17.466 19.001 -28.65
-20.131 19.402 -25.91

-21.257 16.038 -24.476
-24.923 16.743 -25.497
-23.731 16.722 -29.178
-22.178 13.179 -28.839
-25.228 11.354 -30.322
-25.57 14.044 -33.093
-21.852 13.682 -34.021
-21.815 9.829 -34.037
-25.045 9.774 -36.128
-23.507 12.176 -38.75
-20.093 10.348 -38.803

-21.793 6.948 -39.527
-22.962 8.546 -42.834
-19.328 9.196 -43.991
-17.677 6.563 -46.261
-14.251 5.2 -45.121

-14.46 6.789 -41.562
-14.765 4.819 -38.279
-15.142 6.964 -35.114
-15.663 4.659 -32.101

-18.218 6.249 -29.657
-17.862 6.903 -25.912
-18.35 3.469 -24.195
-21.794 2.549 -22.772
-20.235 2.829 -19.255
-19.534 6.58 -19.812
-22.964 7.196 -21.431
-24.623 5.531 -18.378
-22.42 7.523 -15.909

-23.028 10.919 -17.654
-26.668 10.153 -18.714
-27.851 13.482 -17.123

-25.214 15.594 -18.963
-26 13.8 -22.296
-29.631 15.147 -21.909

-29.014 18.802 -20.797
-28.522 21.656 -23.337
-27.494 23.803 -20.296
-24.374 24.206 -18.108
-26.03 23.63 -14.722
-23.195 22.587 -12.38
-23.731 19.355 -10.334

-27.219 19.392 -8.694
-26.798 20.208 -4.988
-26.578 17.032 -2.906
-29.814 16.999 -0.82
-29.276 16.946 2.956
-30.305 13.551 4.343

-32.727 13.25 7.268
-30.389 11.851 9.975
-33.077 12.019 12.787
-33.159 8.159 12.923
-29.32 8.149 13.454
-27.82 8.306 16.969

-27.52 12.074 17.913
-23.991 11.509 19.371
-22.796 10.469 15.867
-24.731 13.185 13.93
-23.402 16.008 16.22
-19.738 14.82 15.861

-19.687 14.822 11.995
-17.445 17.587 10.586

-19.106 19.692 7.763
-17.231 17.783 4.996
-18.064 14.402 6.666
-21.796 15.407 6.677
-21.562 16.318 2.947
-19.943 12.855 2.346
-22.788 11.075 4.244
-25.363 13.084 2.191
-23.555 12.165 -1.104
-23.43 8.459 -0.115
-27.196 8.491 0.728
-28.024 10.343 -2.565

-25.973 7.645 -4.472
-28.214 5.048 -2.67
-25.512 3.7 -0.27

-23.352 2.353 -3.174
-19.956 4.118 -3.237
-16.209 4.012 -2.721
-15.295 6.541 0.021

-11.694 7.195 -1.128

-11.135 10.189 1.225
-7.504 10.605 2.377

-7.36778 9.27947 -1.15841
-3.73163 9.86178 -2.06681
-2.89663 13.1892 -3.56949
-1.79587 11.8827 -7.03884

-1.94206 13.4881 -10.4804
-0.88521 16.852 -9.06259
2.06149 15.2734 -7.25492
3.19787 13.5245 -10.4318
3.02612 16.7728 -12.3969
5.08504 18.5856 -9.76683
7.7353 15.8625 -9.82517
7.96486 16.0324 -13.6148
8.38095 19.8087 -13.517
11.1578 19.533 -10.9371
12.9895 16.953 -13.0422

12.3165 13.48 -14.6132

11.8325 11.715 -11.1392
8.33052 10.565 -12.3502
10.1665 8.46604 -15.0582
12.5905 6.55404 -12.7102
14.2355 4.00904 -11.9502

17.4425 5.97404 -12.6322
20.6655 4.28504 -13.8512
23.9815 6.09404 -13.1232
27.0845 4.68304 -14.8972
30.3875 6.06504 -13.5172

34.1665 5.40604 -13.1342
34.8005 2.60204 -10.5532
36.3605 5.11704 -8.02717
33.5275 7.78204 -7.92117

30.4585 5.55404 -7.11717
30.3215 6.66904 -3.44517
31.0625 10.32 -4.49017
27.8515 10.118 -6.61417
25.8025 8.52504 -3.74517
26.9485 11.342 -1.39117
26.1075 13.898 -4.15117
22.4945 12.533 -4.36017
22.1345 12.562 -0.509171
23.6205 16.122 -0.397171
21.3935 17.617 -3.14217

18.0955 15.613 -2.88017
17.3655 15.372 0.935829
13.8285 14.213 -0.172171
15.4525 10.721 -0.714171
16.1865 8.13704 1.99683

19.5845 6.31804 1.73683
17.5785 3.10204 0.959829
16.4365 4.75504 -2.32917

20.1255 4.60604 -3.54417
21.7115 1.29804 -4.63217
25.5355 1.38104 -5.03917

26.5145 -1.69396 -7.08517
29.9005 -2.88096 -5.74817
30.0155 -6.41496 -7.30717
28.8115 -8.37696 -10.3852
26.4475 -10.398 -8.05017
24.4285 -7.38596 -6.80317
20.8645 -6.49496 -7.96117
21.1415 -3.55096 -10.4192
17.4005 -2.67996 -9.84717
17.2975 -2.74396 -5.99317
17.1085 1.09004 -5.58417
15.1365 3.95604 -7.12517

18.6285 5.28204 -8.08217
21.1515 2.58904 -9.15517
24.8805 3.52404 -9.31717
27.2075 1.12004 -11.2332
30.6875 1.12704 -12.8292

31.5585 0.682041 -16.5432
33.4595 -2.58696 -15.7452
30.3835 -4.12396 -14.0072
27.9165 -3.34696 -16.8982

29.2905 -6.29296 -18.9802
28.9295 -8.65096 -15.9372
25.3735 -7.31796 -15.2752
24.2025 -7.39296 -18.9812
21.4855 -9.99296 -18.0762
19.9735 -7.41396 -15.6082
20.2615 -4.47196 -18.1312
17.1455 -6.01096 -19.8422
15.0285 -4.02896 -17.2952
14.1225 -0.714959 -19.0682
15.8495 2.18704 -17.2782
13.9805 5.20704 -18.7602

16.5125 7.74504 -17.3282
20.2805 7.12404 -17.6912
23.2095 9.27704 -16.5182
26.6995 8.31204 -17.7602

29.5545 10.185 -16.0612
32.8755 10.557 -17.9692

31.1505 9.07004 -21.0892
34.4515 9.21504 -23.0882
34.9645 5.68004 -21.5762
32.4425 4.55604 -24.2962

34.6585 5.98604 -27.1742
35.3555 2.51304 -28.7312
32.3035 0.439041 -29.8562
34.2225 -2.92596 -29.7582
34.8305 -2.69396 -25.9592

32.6655 -4.84696 -23.6282
31.6485 -1.69996 -21.6072
30.3845 0.0130412 -24.8132
28.6305 -3.17096 -26.1262
26.7555 -3.48296 -22.7682
25.9035 0.285041 -22.4522
24.7515 1.06904 -26.0452
21.5165 -1.10096 -26.1232
20.2555 0.636041 -22.9192
21.2125 4.15004 -24.1842
19.3235 3.59604 -27.5062
16.0685 2.49504 -25.6962

16.1445 4.77804 -22.5852
13.8445 7.88004 -22.8242

16.3905 10.306 -21.2242
20.1975 10.075 -21.7492
22.4475 12.499 -19.8302
26.0715 11.965 -20.9432
28.7895 13.901 -19.0322

32.4775 14.487 -19.9392
35.2185 17.134 -19.5472
36.9265 15.723 -22.6572
34.2145 14.2 -24.9522
36.9535 13.401 -27.4652
40.3725 12.466 -25.9972
42.3955 12.695 -29.2762
40.2565 12.237 -32.4842

36.7305 12.834 -34.0042
36.0715 9.02604 -34.2212
35.8145 8.90404 -30.3432
32.5975 11.052 -30.4992
30.5885 8.57604 -32.6482
29.3125 6.39604 -29.7342
28.2355 9.53004 -27.7632
26.4785 11.016 -30.8782
24.4575 7.78404 -31.4962
23.6715 7.49604 -27.7342
22.1125 11.039 -27.7162

20.6095 10.768 -31.2922
20.2245 7.05204 -32.3772
19.0445 8.17104 -35.9002
22.2815 10.132 -36.6282
24.8795 8.18604 -38.7122
23.3165 4.63704 -38.3492
26.6405 3.20504 -39.6912

30.1155 4.40304 -38.5492
31.4975 4.40004 -42.1522
29.3505 7.45504 -43.1502
30.6515 9.39104 -40.0792
34.2515 8.22304 -40.7882
34.1885 9.26004 -44.5042
32.9785 12.788 -43.5502
34.8135 13.602 -40.2622

37.7065 11.071 -39.8842
39.3655 11.554 -43.3622
38.7175 7.84504 -43.9782

41.2945 6.19804 -46.3092
41.0455 2.85004 -48.1512
44.3255 1.00704 -47.3942

45.3215 -2.47496 -48.8222
44.2715 -4.04196 -45.4352

40.9155 -2.14896 -45.0282
39.7515 1.33404 -43.9342
41.8415 3.75904 -41.8522

39.8305 6.23004 -39.6582
42.7615 7.84604 -37.6992
42.4305 11.173 -39.5922
40.2115 14.26 -39.2462
38.0835 16.32 -41.6852
35.3285 19.015 -41.7632

35.7885 19.732 -37.9882
33.9575 23.13 -38.0872
30.8575 21.354 -39.5442
31.1825 18.64 -36.8402
31.3635 21.408 -34.1472
28.1555 23.046 -35.5162
26.3225 19.651 -35.6252
27.4345 18.828 -32.0382
26.3755 22.226 -30.5512
22.9735 22.276 -32.3642
21.7965 18.667 -31.8292

24.0275 16.665 -29.3632

26.1605 18.723 -26.9792
26.1025 21.617 -24.5082

29.7055 22.859 -23.9752
31.0125 25.86 -21.9862
34.5875 26.695 -21.0122

36.1135 28.179 -17.7842
36.7245 31.383 -19.8062
32.9695 31.632 -20.7062
31.5295 31.262 -17.1462

34.3405 31.757 -14.5242
36.3015 34.992 -15.3552
37.7155 34.755 -11.7552
39.7205 31.487 -12.1712

43.5195 32.181 -12.1862
45.2725 31.447 -15.5102

46.9285 28.077 -16.2532
50.5445 28.925 -17.2312
52.0815 26.035 -19.2332
55.7605 25.537 -20.1802
58.1225 22.928 -21.5822
61.1635 22.233 -19.3412
63.9825 20.679 -21.3962

65.7625 18.478 -18.8052
69.4775 18.297 -19.6152

70.4615 15.066 -21.5382
74.0765 15.537 -20.2102
73.0385 13.345 -17.1882

71.9975 10.556 -19.6732
75.1355 8.37504 -19.6072

76.6415 7.10204 -22.9052
75.3295 3.48404 -22.3642
71.7075 4.68204 -21.8132
71.9845 7.01204 -24.8742
73.4135 4.16704 -27.0262
70.4755 1.95004 -25.8412
67.9295 4.68504 -26.8392
69.7265 5.08304 -30.2292
69.6395 1.25704 -30.6602
65.8665 0.948041 -29.9122
65.1785 4.00004 -32.1802
67.1335 2.32404 -35.0672
65.3595 -0.988959 -34.2762
61.8625 0.563041 -34.8602
62.9535 1.89404 -38.3312

64.4335 -1.43596 -39.5832
62.6035 -2.53396 -42.7882
62.7445 -6.31396 -42.2532
60.8735 -6.47496 -38.8682
57.3005 -7.70296 -38.3612

54.5045 -5.31596 -37.2072
54.8235 -6.97796 -33.7442
58.6455 -6.51896 -33.4552
58.0945 -2.81696 -34.4262
55.5055 -2.46396 -31.5512
57.8735 -4.28396 -29.1142
60.8225 -1.99196 -30.0712
58.4715 1.04604 -29.6152
57.4565 -0.155959 -26.0912
61.1715 -0.736959 -25.2842
62.1415 2.78404 -26.5562
59.3145 4.32304 -24.4412
60.2695 2.37404 -21.2432
64.0025 3.29104 -21.8102
62.9525 6.98104 -22.1702
61.3015 6.79204 -18.7102
64.4615 5.21104 -17.1412
66.7615 7.77204 -18.8692
64.7625 10.746 -17.4232
64.7095 9.55004 -13.7252
67.9965 11.303 -12.5882
67.0595 14.736 -14.0602
63.3745 14.381 -13.0202
64.7155 13.833 -9.44917
67.1875 16.776 -9.83617
64.2605 19.027 -10.9192
61.9485 17.875 -8.02917
64.7535 18.643 -5.51817
65.4075 22.093 -7.14317
61.6585 22.89 -6.66717
61.7855 21.879 -2.94217
65.1105 23.744 -2.35217

63.4525 26.823 -4.03517
60.9725 26.808 -1.06117
57.8035 25.511 -2.85217
55.1095 24.558 -0.324171
52.8565 22.209 -2.44817

53.0755 20.614 -5.92917
51.9075 17.538 -7.90017
54.2775 15.176 -9.77517
52.6915 13.109 -12.5792
54.3125 9.95404 -14.0502

52.9305 6.65304 -15.5272
55.8085 4.10904 -15.4722

55.9395 2.42504 -12.0192
59.8025 2.62704 -11.9612
59.5725 6.48404 -12.2032
56.9695 6.66904 -9.35917
59.1305 4.23404 -7.27317
62.3955 6.21604 -7.82717
60.7185 9.59504 -6.98117
59.1655 8.16604 -3.74217
62.5015 6.53304 -2.71217
64.4435 9.83604 -3.13217
61.7575 11.849 -1.22417
61.9755 9.25804 1.64083
65.8375 9.48204 1.52583

65.5495 13.337 1.78183
62.8815 12.905 4.58283
60.3035 14.865 2.48083
56.6995 14.178 3.54983

54.6965 13.187 0.438829
51.6115 11.219 -0.727171
51.5335 8.50204 -3.44317
48.5315 7.40104 -5.58717

48.7975 4.67904 -8.28517
46.9645 1.58304 -9.69917
47.5425 -0.333959 -6.39017
46.1085 2.41504 -4.07417
42.5955 1.41004 -2.88517
39.4325 3.50604 -3.54117
39.0595 4.61404 0.146829

42.8175 5.25604 0.733829
42.8085 7.48104 -2.43317
40.2475 9.81304 -0.769171
42.0965 9.75804 2.61483
45.5325 10.546 1.00683
43.7915 13.315 -1.01617
42.4575 14.803 2.28383
45.9345 14.42 3.93683
47.5825 16.436 1.06883
44.7345 19.036 1.11883
44.6605 19.6 4.92983

48.2935 18.937 6.06383
50.8775 21.719 5.37783
53.6805 19.091 5.82783
52.8695 17.087 2.64983
54.8385 19.068 0.0288288

54.6965 16.544 -2.88417
51.9365 14.373 -4.36317
53.3985 11.511 -6.49317
50.5425 10.601 -8.86617
49.9685 8.07304 -11.6542

48.6565 9.96904 -14.7552
46.2275 7.05904 -15.4642
45.1645 6.21004 -11.8672
44.6775 9.80404 -10.5002
42.9555 11.333 -13.6332
39.4945 10.859 -11.9452
37.4965 11.815 -8.79417
40.2635 13.581 -6.79917
40.7125 17.353 -6.11417
44.1655 18.896 -5.40517
43.3285 22.631 -4.95917
46.0385 22.963 -2.20617
48.8225 22.898 -4.87917
49.7065 25.703 -7.37617

52.1535 23.626 -9.51817
51.8445 20.462 -11.6602
55.0115 18.695 -12.9452
54.6345 16.062 -15.6892

57.7945 13.939 -15.2452
56.5855 11.919 -18.2762
54.5745 12.722 -21.4242
51.3815 10.757 -22.2202
50.2955 10.203 -25.8872
46.6495 11.175 -25.1422

46.1095 14.952 -24.4942
42.6365 14.404 -22.9312
44.3375 12.537 -20.0112
46.9565 15.333 -19.5962
44.1195 17.961 -19.4422
42.2395 15.721 -16.9072
45.4175 15.714 -14.7272
45.8915 19.565 -14.9592

42.1935 20.04 -13.9412
42.8675 18.193 -10.6572
44.4885 21.473 -9.39217
42.5565 23.995 -11.5372
39.1725 23.502 -9.71317
36.6325 25.676 -7.83017
38.5565 26.618 -4.63317
41.8645 27.39 -6.45517
43.0935 30.99 -5.74117
46.6155 30.921 -7.35417
47.7185 30.884 -11.0402

48.3405 27.203 -11.8632
51.8305 26.382 -13.1952
52.0925 23.331 -15.5302
55.6535 22.079 -16.2712
56.1575 19.395 -18.9832
59.5775 17.7 -18.4752
61.1105 16.684 -21.8782

64.4995 15.184 -22.9002
66.2005 15.703 -26.3292
67.3065 12.338 -27.8532
64.2835 10.363 -26.4352
60.6115 9.36304 -27.0612

59.5995 12.947 -25.9822
60.9185 14.291 -29.3662
58.1385 12.283 -31.1762
55.4395 12.36 -28.4422
55.4035 16.174 -28.0222
54.5925 17.016 -31.7362
52.0075 14.129 -31.6862
50.2985 15.566 -28.5422
50.3115 19.079 -30.1592
48.6185 17.996 -33.4412
46.0175 16.071 -31.3262
45.1755 19.206 -29.2072
44.8155 21.198 -32.4792
42.3425 18.553 -33.8442
40.4205 18.819 -30.5122
40.4355 22.683 -30.6762
39.2085 22.767 -34.3462

36.3355 20.445 -33.2292
35.5355 22.987 -30.3842
36.6115 20.386 -27.7402
39.6315 22.293 -26.2642
40.8065 25.908 -25.6922
44.2645 24.469 -24.9572
46.7385 25.605 -27.6022
50.1785 23.933 -27.1292
52.0635 25.739 -30.0182

53.0695 28.828 -27.9362
55.1175 26.639 -25.4932
57.4645 25.322 -28.2722
58.3155 28.719 -29.8312

59.5805 29.678 -26.3012
62.0655 26.705 -25.8782

End chain 1
