-13.201 -6.296 -53.957
-10.703 -3.406 -53.291
-9.54 -3.087 -49.639
-11.02 0.322 -48.639
-8.614 1.85 -46.053
-10.787 3.126 -43.162

-9.634 6.195 -41.181
-10.061 4.9 -37.589
-10.286 6.838 -34.306
-12.195 7.103 -30.979
-14.163 9.439 -28.711
-12.619 10.223 -25.263
-14.157 12.207 -22.344

-11.943 15.248 -21.466
-14.301 16.978 -18.949
-17.827 16.65 -17.399
-19.139 18.761 -20.353

-16.752 17.96 -23.312
-15.482 14.956 -25.281
-12.62 14.751 -27.824
-12.437 12.939 -31.204
-8.982 11.264 -31.393
-8.672 10.357 -35.1

-6.282 10.744 -38.079
-6.98 13.557 -40.6
-9.895 13.022 -43.051

-11.208 15.853 -45.293
-14.92 14.856 -45.011
-14.611 14.37 -41.226
-13.015 17.857 -40.827
-15.875 19.254 -42.999
-18.403 17.482 -40.669
-16.559 18.759 -37.515
-16.844 22.341 -38.957

-20.697 21.797 -39.029
-20.861 21.033 -35.24
-22.116 23.933 -33.104
-20.016 23.255 -29.939
-16.791 22.621 -31.971

-13.393 23.436 -30.391
-10.011 22.816 -32.063
-6.805 22.812 -29.99

-3.883 23.919 -32.209
-1.328 22.314 -29.773
-2.753 18.736 -29.691
-4.334 19.137 -33.217

-7.578 17.622 -31.79
-11.313 18.386 -31.995
-13.683 18.544 -28.991
-17.466 19.001 -28.65
-20.131 19.402 -25.91

-21.257 16.038 -24.476
-24.923 16.743 -25.497
-23.731 16.722 -29.178
-22.178 13.179 -28.839
-25.228 11.354 -30.322
-25.57 14.044 -33.093
-21.852 13.682 -34.021
-21.815 9.829 -34.037
-25.045 9.774 -36.128
-23.507 12.176 -38.75
-20.093 10.348 -38.803

-21.793 6.948 -39.527
-22.962 8.546 -42.834
-19.328 9.196 -43.991
-17.677 6.563 -46.261
-14.251 5.2 -45.121

-14.46 6.789 -41.562
-14.765 4.819 -38.279
-15.142 6.964 -35.114
-15.663 4.659 -32.101

-18.218 6.249 -29.657
-17.862 6.903 -25.912
-18.35 3.469 -24.195
-21.794 2.549 -22.772
-20.235 2.829 -19.255
-19.534 6.58 -19.812
-22.964 7.196 -21.431
-24.623 5.531 -18.378
-22.42 7.523 -15.909

-23.028 10.919 -17.654
-26.668 10.153 -18.714
-27.851 13.482 -17.123

-25.214 15.594 -18.963
-26 13.8 -22.296
-29.631 15.147 -21.909

-29.014 18.802 -20.797
-28.522 21.656 -23.337
-27.494 23.803 -20.296
-24.374 24.206 -18.108
-26.03 23.63 -14.722
-23.195 22.587 -12.38
-23.731 19.355 -10.334

-27.219 19.392 -8.694
-26.798 20.208 -4.988
-26.578 17.032 -2.906
-29.814 16.999 -0.82
-29.276 16.946 2.956
-30.305 13.551 4.343

-32.727 13.25 7.268
-30.389 11.851 9.975
-33.077 12.019 12.787
-33.159 8.159 12.923
-29.32 8.149 13.454
-27.82 8.306 16.969

-27.52 12.074 17.913
-23.991 11.509 19.371
-22.796 10.469 15.867
-24.731 13.185 13.93
-23.402 16.008 16.22
-19.738 14.82 15.861

-19.687 14.822 11.995
-17.445 17.587 10.586

-19.106 19.692 7.763
-17.231 17.783 4.996
-18.064 14.402 6.666
-21.796 15.407 6.677
-21.562 16.318 2.947
-19.943 12.855 2.346
-22.788 11.075 4.244
-25.363 13.084 2.191
-23.555 12.165 -1.104
-23.43 8.459 -0.115
-27.196 8.491 0.728
-28.024 10.343 -2.565

-25.973 7.645 -4.472
-28.214 5.048 -2.67
-25.512 3.7 -0.27

-23.352 2.353 -3.174
-19.956 4.118 -3.237
-16.209 4.012 -2.721
-15.295 6.541 0.021

-11.694 7.195 -1.128

-11.135 10.189 1.225
-7.504 10.605 2.377

-6.048 8.715 5.398
-7.361 9.956 8.784
-10.233 12.169 7.374
-12.706 9.981 9.408

-13.844 7.354 6.831
-15.012 5.081 9.734
-17.363 7.714 11.316
-18.876 8.506 7.854
-19.282 4.738 7.09
-21.02 4.042 10.461
-23.415 6.996 9.798
-24.247 5.855 6.195
-24.846 2.277 7.463
-26.955 3.52 10.461
-29.227 5.531 8.078

-29.9 2.058 6.507

-30.384 0.293 9.981
-33.886 -0.857 8.77
-32.05 -2.956 6.062
-29.626 -4.868 8.41
-27.981 -7.413 9.17

-24.774 -5.448 8.488
-21.551 -7.137 7.269
-18.235 -5.328 7.997
-15.132 -6.739 6.223
-11.829 -5.357 7.603

-8.05 -6.016 7.986
-7.416 -8.82 10.567
-5.856 -6.305 13.093
-8.689 -3.64 13.199

-11.758 -5.868 14.003
-11.895 -4.753 17.675
-11.154 -1.102 16.63
-14.365 -1.304 14.506
-16.414 -2.897 17.375
-15.268 -0.08 19.729
-16.109 2.476 16.969
-19.722 1.111 16.76
-20.082 1.14 20.611
-18.596 4.7 20.723
-20.823 6.195 17.978

-24.121 4.191 18.24
-24.851 3.95 22.056
-28.388 2.791 20.948
-26.764 -0.701 20.406
-26.03 -3.285 23.117

-22.632 -5.104 22.857
-24.638 -8.32 22.08
-25.78 -6.667 18.791

-22.091 -6.816 17.576
-20.505 -10.124 16.488
-16.681 -10.041 16.081

-17.7749 -8.45033 19.2496
-21.5502 -8.54532 20.0449
-23.3979 -6.25277 17.7595
-20.9485 -7.84969 15.221
-20.1835 -11.3774 16.0568
-24.0708 -11.4191 16.2392
-24.4739 -10.228 12.745
-22.8882 -13.418 11.2713
-25.0338 -15.7437 13.4857
-28.3522 -14.0899 13.9818
-28.0438 -13.9906 10.2399
-26.8406 -17.315 9.05813

-26.3489 -20.4807 7.105
-26.1014 -21.8184 3.6051
-24.7195 -22.9643 0.217701
-24.4717 -26.8146 0.569117
-26.9921 -26.4364 -2.32148

-26.1211 -26.8814 -6.03548
-24.2201 -30.1504 -5.23748
-27.2961 -31.6874 -3.49948
-29.7631 -30.9104 -6.39048

-28.3891 -33.8564 -8.47248
-28.7501 -36.2144 -5.42948
-32.3061 -34.8814 -4.76748
-33.4771 -34.9564 -8.47348
-36.1941 -37.5564 -7.56848
-37.7061 -34.9774 -5.10048
-37.4181 -32.0354 -7.62348
-40.5341 -33.5744 -9.33448
-42.6511 -31.5924 -6.78748
-43.5571 -28.2784 -8.56048
-41.8301 -25.3764 -6.77048
-43.6991 -22.3564 -8.25248

-41.1671 -19.8184 -6.82048
-37.3991 -20.4394 -7.18348
-34.4701 -18.2864 -6.01048
-30.9801 -19.2514 -7.25248

-28.1251 -17.3784 -5.55348
-24.8041 -17.0064 -7.46148

-26.5291 -18.4934 -10.5815
-23.2281 -18.3484 -12.5805
-22.7151 -21.8834 -11.0685
-25.2371 -23.0074 -13.7885

-23.0211 -21.5774 -16.6665
-22.3241 -25.0504 -18.2235
-25.3761 -27.1244 -19.3485
-23.4571 -30.4894 -19.2505
-22.8491 -30.2574 -15.4515

-25.0141 -32.4104 -13.1205
-26.0311 -29.2634 -11.0995
-27.2951 -27.5504 -14.3055
-29.0491 -30.7344 -15.6185
-30.9241 -31.0464 -12.2605
-31.7761 -27.2784 -11.9445
-32.9281 -26.4944 -15.5375
-36.1631 -28.6644 -15.6155
-37.4241 -26.9274 -12.4115
-36.4671 -23.4134 -13.6765
-38.3561 -23.9674 -16.9985
-41.6111 -25.0684 -15.1885

-41.5351 -22.7854 -12.0775
-43.8351 -19.6834 -12.3165

-41.2891 -17.2574 -10.7165
-37.4821 -17.4884 -11.2415
-35.2321 -15.0644 -9.32248
-31.6081 -15.5984 -10.4355
-28.8901 -13.6624 -8.52448

-25.2021 -13.0764 -9.43148
-22.4611 -10.4294 -9.03948
-20.7531 -11.8404 -12.1495
-23.4651 -13.3634 -14.4445
-20.7261 -14.1624 -16.9575
-17.3071 -15.0974 -15.4895
-15.2841 -14.8684 -18.7685
-17.4231 -15.3264 -21.9765

-20.9491 -14.7294 -23.4965
-21.6081 -18.5374 -23.7135
-21.8651 -18.6594 -19.8355
-25.0821 -16.5114 -19.9915
-27.0911 -18.9874 -22.1405
-28.3671 -21.1674 -19.2265
-29.4441 -18.0334 -17.2555
-31.2011 -16.5474 -20.3705
-33.2221 -19.7794 -20.9885
-34.0081 -20.0674 -17.2265
-35.5671 -16.5244 -17.2085

-37.0701 -16.7954 -20.7845
-37.4551 -20.5114 -21.8695
-38.6351 -19.3924 -25.3925
-35.3981 -17.4314 -26.1205
-32.8001 -19.3774 -28.2045
-34.3631 -22.9264 -27.8415
-31.0391 -24.3584 -29.1835

-27.5641 -23.1604 -28.0415
-26.1821 -23.1634 -31.6445
-28.3291 -20.1084 -32.6425
-27.0281 -18.1724 -29.5715
-23.4281 -19.3404 -30.2805
-23.4911 -18.3034 -33.9965
-24.7011 -14.7754 -33.0425
-22.8661 -13.9614 -29.7545

-19.9731 -16.4924 -29.3765
-18.3141 -16.0094 -32.8545
-18.9621 -19.7184 -33.4705

-16.3851 -21.3654 -35.8015
-16.6341 -24.7134 -37.6435
-13.3541 -26.5564 -36.8865

-12.3581 -30.0384 -38.3145
-13.4081 -31.6054 -34.9275

-16.7641 -29.7124 -34.5205
-17.9281 -26.2294 -33.4265
-15.8381 -23.8044 -31.3445

-17.8491 -21.3334 -29.1505
-14.9181 -19.7174 -27.1915
-15.2491 -16.3904 -29.0845
-17.4681 -13.3034 -28.7385
-19.5961 -11.2434 -31.1775
-22.3511 -8.54844 -31.2555

-21.8911 -7.83144 -27.4805
-23.7221 -4.43344 -27.5795
-26.8221 -6.20944 -29.0365
-26.4971 -8.92344 -26.3325
-26.3161 -6.15544 -23.6395
-29.5241 -4.51744 -25.0085
-31.3571 -7.91244 -25.1175
-30.2451 -8.73544 -21.5305
-31.3041 -5.33744 -20.0435
-34.7061 -5.28744 -21.8565
-35.8831 -8.89644 -21.3215

-33.6521 -10.8984 -18.8555

-31.5191 -8.84044 -16.4715
-31.5771 -5.94644 -14.0005

-27.9741 -4.70444 -13.4675
-26.6671 -1.70344 -11.4785
-23.0921 -0.868438 -10.5045

-21.5661 0.615562 -7.27648
-20.9551 3.81956 -9.29848
-24.7101 4.06856 -10.1985
-26.1501 3.69856 -6.63848

-23.3391 4.19356 -4.01648
-21.3781 7.42856 -4.84748
-19.9641 7.19156 -1.24748
-17.9591 3.92356 -1.66348

-14.1601 4.61756 -1.67848
-12.4071 3.88356 -5.00248

-10.7511 0.513562 -5.74548
-7.13508 1.36156 -6.72348
-5.59808 -1.52844 -8.72548
-1.91908 -2.02644 -9.67248
0.442924 -4.63544 -11.0745
3.48392 -5.33044 -8.83348
6.30292 -6.88444 -10.8885

8.08292 -9.08544 -8.29748
11.7979 -9.26644 -9.10748

12.7819 -12.4974 -11.0305
16.3969 -12.0264 -9.70248
15.3589 -14.2184 -6.68048

14.3179 -17.0074 -9.16548
17.4559 -19.1884 -9.09948

18.9619 -20.4614 -12.3975
17.6499 -24.0794 -11.8565
14.0279 -22.8814 -11.3055
14.3049 -20.5514 -14.3665
15.7339 -23.3964 -16.5185
12.7959 -25.6134 -15.3335
10.2499 -22.8784 -16.3315
12.0469 -22.4804 -19.7215
11.9599 -26.3064 -20.1525
8.18692 -26.6154 -19.4045
7.49892 -23.5634 -21.6725
9.45392 -25.2394 -24.5595
7.67992 -28.5524 -23.7685
4.18292 -27.0004 -24.3525
5.27392 -25.6694 -27.8235

6.75392 -28.9994 -29.0755
4.92392 -30.0974 -32.2805
5.06492 -33.8774 -31.7455
3.19392 -34.0384 -28.3605
-0.379076 -35.2664 -27.8535

-3.17508 -32.8794 -26.6995
-2.85608 -34.5414 -23.2365
0.965924 -34.0824 -22.9475
0.414924 -30.3804 -23.9185
-2.17408 -30.0274 -21.0435
0.193924 -31.8474 -18.6065
3.14292 -29.5554 -19.5635
0.791924 -26.5174 -19.1075
-0.223076 -27.7194 -15.5835
3.49192 -28.3004 -14.7765
4.46192 -24.7794 -16.0485
1.63492 -23.2404 -13.9335
2.58992 -25.1894 -10.7355
6.32292 -24.2724 -11.3025
5.27292 -20.5824 -11.6625
3.62192 -20.7714 -8.20248
6.78192 -22.3524 -6.63348
9.08192 -19.7914 -8.36148
7.08292 -16.8174 -6.91548
7.02992 -18.0134 -3.21748
10.3169 -16.2604 -2.08048
9.37992 -12.8274 -3.55248
5.69492 -13.1824 -2.51248
7.03592 -13.7304 1.05852
9.50792 -10.7874 0.67152
6.58092 -8.53644 -0.41148
4.26892 -9.68844 2.47852
7.07392 -8.92044 4.98952
7.72792 -5.47044 3.36452
3.97892 -4.67344 3.84052
4.10592 -5.68444 7.56552
7.43092 -3.81944 8.15552

5.77292 -0.740438 6.47252
3.29292 -0.755438 9.44652
0.123924 -2.05244 7.65552
-2.57008 -3.00544 10.1835
-4.82308 -5.35444 8.05952

-4.60408 -6.94944 4.57852
-5.77208 -10.0254 2.60752
-3.40208 -12.3874 0.73252
-4.98808 -14.4544 -2.07148
-3.36708 -17.6094 -3.54248

-4.74908 -20.9104 -5.01948
-1.87108 -23.4544 -4.96448

-1.74008 -25.1384 -1.51148
2.12292 -24.9364 -1.45348
1.89292 -21.0794 -1.69548
-0.710076 -20.8944 1.14852
1.45092 -23.3294 3.23452
4.71592 -21.3474 2.68052
3.03892 -17.9684 3.52652
1.48592 -19.3974 6.76552
4.82192 -21.0304 7.79552
6.76392 -17.7274 7.37552
4.07792 -15.7144 9.28352
4.29592 -18.3054 12.1485
8.15792 -18.0814 12.0335

7.86992 -14.2264 12.2895
5.20192 -14.6584 15.0905
2.62392 -12.6984 12.9885
-0.980076 -13.3854 14.0575

-2.98308 -14.3764 10.9465
-6.06808 -16.3444 9.78052
-6.14608 -19.0614 7.06452
-9.14808 -20.1624 4.92052

-8.88208 -22.8844 2.22252
-10.7151 -25.9804 0.80852
-10.1371 -27.8974 4.11752
-11.5711 -25.1484 6.43352
-15.0841 -26.1534 7.62252
-18.2471 -24.0574 6.96652
-18.6201 -22.9494 10.6545

-14.8621 -22.3074 11.2415
-14.8711 -20.0824 8.07452
-17.4321 -17.7504 9.73852
-15.5831 -17.8054 13.1225
-12.1471 -17.0174 11.5145
-13.8881 -14.2484 9.49152
-15.2221 -12.7604 12.7915
-11.7451 -13.1434 14.4445
-10.0971 -11.1274 11.5765
-12.9451 -8.52744 11.6265
-13.0191 -7.96344 15.4375

-9.38608 -8.62644 16.5715
-6.80208 -5.84444 15.8855
-3.99908 -8.47244 16.3355
-4.81008 -10.4764 13.1575
-2.84108 -8.49544 10.5365

-2.98308 -11.0194 7.62352
-5.74308 -13.1904 6.14452
-4.28108 -16.0524 4.01452
-7.13708 -16.9624 1.64152
-7.71108 -19.4904 -1.14648

-9.02308 -17.5944 -4.24748
-11.4521 -20.5044 -4.95648
-12.5151 -21.3534 -1.35948
-13.0021 -17.7594 0.00752044
-14.7241 -16.2304 -3.12548
-18.1851 -16.7044 -1.43748
-20.1831 -15.7484 1.71352
-17.4161 -13.9824 3.70852
-16.9671 -10.2104 4.39352
-13.5141 -8.66744 5.10252
-14.3511 -4.93244 5.54852
-11.6411 -4.60044 8.30152
-8.85708 -4.66544 5.62852
-7.97308 -1.86044 3.13152

-5.52608 -3.93744 0.98952
-5.83508 -7.10144 -1.15248
-2.66808 -8.86844 -2.43748
-3.04508 -11.5014 -5.18148

0.114924 -13.6244 -4.73748
-1.09408 -15.6444 -7.76848
-3.10508 -14.8414 -10.9165
-6.29808 -16.8064 -11.7125
-7.38408 -17.3604 -15.3795
-11.0301 -16.3884 -14.6345

-11.5701 -12.6114 -13.9865
-15.0431 -13.1594 -12.4235
-13.3421 -15.0264 -9.50348
-10.7231 -12.2304 -9.08848
-13.5601 -9.60244 -8.93448
-15.4401 -11.8424 -6.39948
-12.2621 -11.8494 -4.21948
-11.7881 -7.99844 -4.45148

-15.4861 -7.52344 -3.43348
-14.8121 -9.37044 -0.14948
-13.1911 -6.09044 1.11552
-15.1231 -3.56844 -1.02948
-18.5071 -4.06144 0.79452
-21.0471 -1.88744 2.67752
-19.1231 -0.945438 5.87452
-15.8151 -0.173438 4.05252
-14.5861 3.42656 4.76652
-11.0641 3.35756 3.15352
-9.96108 3.32056 -0.53248

-9.33908 -0.360438 -1.35548
-5.84908 -1.18144 -2.68748
-5.58708 -4.23244 -5.02248
-2.02608 -5.48444 -5.76348
-1.52208 -8.16844 -8.47548
1.89792 -9.86344 -7.96748
3.43092 -10.8794 -11.3705

6.81992 -12.3794 -12.3925
8.52092 -11.8604 -15.8215
9.62692 -15.2254 -17.3455
6.60392 -17.2004 -15.9275
2.93192 -18.2004 -16.5535

1.91992 -14.6164 -15.4745
3.23892 -13.2724 -18.8585
0.458924 -15.2804 -20.6685
-2.24008 -15.2034 -17.9345
-2.27608 -11.3894 -17.5145
-3.08708 -10.5474 -21.2285
-5.67208 -13.4344 -21.1785
-7.38108 -11.9974 -18.0345
-7.36808 -8.48444 -19.6515
-9.06108 -9.56744 -22.9335
-11.6621 -11.4924 -20.8185
-12.5041 -8.35744 -18.6995
-12.8641 -6.36544 -21.9715
-15.3371 -9.01044 -23.3365
-17.2591 -8.74444 -20.0045
-17.2441 -4.88044 -20.1685
-18.4711 -4.79644 -23.8385

-21.3441 -7.11844 -22.7215
-22.1441 -4.57644 -19.8765
-21.0681 -7.17744 -17.2325
-18.0481 -5.27044 -15.7565
-16.8731 -1.65544 -15.1845
-13.4151 -3.09444 -14.4495
-10.9411 -1.95844 -17.0945
-7.50108 -3.63044 -16.6215
-5.61608 -1.82444 -19.5105

-4.61008 1.26456 -17.4285
-2.56208 -0.924438 -14.9855
-0.215076 -2.24144 -17.7645
0.635924 1.15556 -19.3235

1.90092 2.11456 -15.7935
4.38592 -0.858438 -15.3705

End chain 1
