-13.201 -6.296 -53.957
-10.703 -3.406 -53.291
-9.54 -3.087 -49.639
-11.02 0.322 -48.639
-8.614 1.85 -46.053
-10.787 3.126 -43.162

-9.634 6.195 -41.181
-10.061 4.9 -37.589
-10.286 6.838 -34.306
-12.195 7.103 -30.979
-14.163 9.439 -28.711
-12.619 10.223 -25.263
-14.157 12.207 -22.344

-11.943 15.248 -21.466
-14.301 16.978 -18.949
-17.827 16.65 -17.399
-19.139 18.761 -20.353

-16.752 17.96 -23.312
-15.482 14.956 -25.281
-12.62 14.751 -27.824
-12.437 12.939 -31.204
-8.982 11.264 -31.393
-8.672 10.357 -35.1

-6.282 10.744 -38.079
-6.98 13.557 -40.6
-9.895 13.022 -43.051

-11.208 15.853 -45.293
-14.92 14.856 -45.011
-14.611 14.37 -41.226
-13.015 17.857 -40.827
-15.875 19.254 -42.999
-18.403 17.482 -40.669
-16.559 18.759 -37.515
-16.844 22.341 -38.957

-20.697 21.797 -39.029
-20.861 21.033 -35.24
-22.116 23.933 -33.104
-20.016 23.255 -29.939
-16.791 22.621 -31.971

-13.393 23.436 -30.391
-10.011 22.816 -32.063
-6.805 22.812 -29.99

-3.883 23.919 -32.209
-1.328 22.314 -29.773
-2.753 18.736 -29.691
-4.334 19.137 -33.217

-7.578 17.622 -31.79
-11.313 18.386 -31.995
-13.683 18.544 -28.991
-17.466 19.001 -28.65
-20.131 19.402 -25.91

-21.257 16.038 -24.476
-24.923 16.743 -25.497
-23.731 16.722 -29.178
-22.178 13.179 -28.839
-25.228 11.354 -30.322
-25.57 14.044 -33.093
-21.852 13.682 -34.021
-21.815 9.829 -34.037
-25.045 9.774 -36.128
-23.507 12.176 -38.75
-20.093 10.348 -38.803

-21.793 6.948 -39.527
-22.962 8.546 -42.834
-19.328 9.196 -43.991
-17.677 6.563 -46.261
-14.251 5.2 -45.121

-14.46 6.789 -41.562
-14.765 4.819 -38.279
-15.142 6.964 -35.114
-15.663 4.659 -32.101

-18.218 6.249 -29.657
-17.862 6.903 -25.912
-18.35 3.469 -24.195
-21.794 2.549 -22.772
-20.235 2.829 -19.255
-19.534 6.58 -19.812
-22.964 7.196 -21.431
-24.623 5.531 -18.378
-22.42 7.523 -15.909

-23.028 10.919 -17.654
-26.668 10.153 -18.714
-27.851 13.482 -17.123

-25.214 15.594 -18.963
-26 13.8 -22.296
-29.631 15.147 -21.909

-29.014 18.802 -20.797
-28.522 21.656 -23.337
-27.494 23.803 -20.296
-24.374 24.206 -18.108
-26.03 23.63 -14.722
-23.195 22.587 -12.38
-23.731 19.355 -10.334

-27.219 19.392 -8.694
-26.798 20.208 -4.988
-26.578 17.032 -2.906
-29.814 16.999 -0.82
-29.276 16.946 2.956
-30.305 13.551 4.343

-32.727 13.25 7.268
-30.389 11.851 9.975
-33.077 12.019 12.787
-33.159 8.159 12.923
-29.32 8.149 13.454
-27.82 8.306 16.969

-27.52 12.074 17.913
-23.991 11.509 19.371
-22.796 10.469 15.867
-24.731 13.185 13.93
-23.402 16.008 16.22
-19.738 14.82 15.861

-19.687 14.822 11.995
-17.445 17.587 10.586

-19.106 19.692 7.763
-17.231 17.783 4.996
-18.064 14.402 6.666
-21.796 15.407 6.677
-21.562 16.318 2.947
-19.943 12.855 2.346
-22.788 11.075 4.244
-25.363 13.084 2.191
-23.555 12.165 -1.104
-23.43 8.459 -0.115
-27.196 8.491 0.728
-28.024 10.343 -2.565

-25.973 7.645 -4.472
-28.214 5.048 -2.67
-25.512 3.7 -0.27

-23.352 2.353 -3.174
-19.956 4.118 -3.237
-16.209 4.012 -2.721
-15.295 6.541 0.021

-11.694 7.195 -1.128

-11.135 10.189 1.225
-7.504 10.605 2.377

-6.048 8.715 5.398
-7.361 9.956 8.784
-10.233 12.169 7.374
-12.706 9.981 9.408

-13.844 7.354 6.831
-15.012 5.081 9.734
-17.363 7.714 11.316
-18.876 8.506 7.854
-19.282 4.738 7.09
-21.02 4.042 10.461
-23.415 6.996 9.798
-24.247 5.855 6.195
-24.846 2.277 7.463
-26.955 3.52 10.461
-29.227 5.531 8.078

-29.9 2.058 6.507

-30.384 0.293 9.981
-33.886 -0.857 8.77
-32.05 -2.956 6.062
-29.626 -4.868 8.41
-27.981 -7.413 9.17

-24.774 -5.448 8.488
-21.551 -7.137 7.269
-18.235 -5.328 7.997
-15.132 -6.739 6.223
-11.829 -5.357 7.603

-9.34323 -2.58127 6.49854
-5.7173 -3.47759 7.33854
-2.84841 -1.52473 8.99567
0.140111 -0.405681 10.8955

-0.0183832 -3.60406 12.9419
-2.74059 -2.16044 15.1665
-4.79495 -1.12113 12.1428
-4.50019 -4.59389 10.6276
-5.62814 -6.21246 13.8758
-8.64804 -3.91477 14.085
-9.63728 -4.7297 10.5072
-9.3871 -8.4607 11.1854
-11.5658 -8.14204 14.2829
-14.2035 -6.20861 12.347
-14.2648 -8.84373 9.6093

-17.5628 -10.8477 9.8713
-18.2928 -11.0887 13.6873
-21.8298 -12.2477 12.5793
-20.2058 -15.7397 12.0373
-19.4718 -18.3237 14.7483

-16.0738 -20.1427 14.4883
-18.0798 -23.3587 13.7113
-19.2218 -21.7057 10.4223

-15.5328 -21.8547 9.2073
-13.9468 -25.1627 8.1193
-10.1228 -25.0797 7.7123

-9.14378 -28.1547 5.6663
-5.75778 -29.3417 7.0033
-5.64278 -32.8757 5.4443
-6.84678 -34.8377 2.3663
-9.21078 -36.8587 4.7013
-11.2298 -33.8467 5.9483
-14.7938 -32.9557 4.7903
-14.5168 -30.0117 2.3323
-18.2578 -29.1407 2.9043
-18.3608 -29.2047 6.7583
-18.5498 -25.3707 7.1673
-20.5218 -22.5047 5.6263

-17.0298 -21.1787 4.6693
-14.5068 -23.8717 3.5963
-10.7778 -22.9367 3.4343
-8.45078 -25.3407 1.5183
-4.97078 -25.3337 -0.0777025

-4.09978 -25.7787 -3.7917
-2.19878 -29.0477 -2.9937
-5.27478 -30.5847 -1.2557
-7.74178 -29.8077 -4.1467

-6.36778 -32.7537 -6.2287
-6.72878 -35.1117 -3.1857
-10.2848 -33.7787 -2.5237
-11.4558 -33.8537 -6.2297
-14.1728 -36.4537 -5.3247
-15.6848 -33.8747 -2.8567
-15.3968 -30.9327 -5.3797
-18.5128 -32.4717 -7.0907
-20.6298 -30.4897 -4.5437
-21.5358 -27.1757 -6.3167
-19.8088 -24.2737 -4.5267
-21.6778 -21.2537 -6.0087

-19.1458 -18.7157 -4.5767
-15.3778 -19.3367 -4.9397
-12.4488 -17.1837 -3.7667
-8.95878 -18.1487 -5.0087

-6.10378 -16.2757 -3.3097
-2.78278 -15.9037 -5.2177

-4.50778 -17.3907 -8.3377
-1.20678 -17.2457 -10.3367
-0.69378 -20.7807 -8.8247
-3.21578 -21.9047 -11.5447

-0.99978 -20.4747 -14.4227
-0.30278 -23.9477 -15.9797
-3.35478 -26.0217 -17.1047
-1.43578 -29.3867 -17.0067
-0.82778 -29.1547 -13.2077

-2.99278 -31.3077 -10.8767
-4.00978 -28.1607 -8.8557
-5.27378 -26.4477 -12.0617
-7.02778 -29.6317 -13.3747
-8.90278 -29.9437 -10.0167
-9.75478 -26.1757 -9.7007
-10.9068 -25.3917 -13.2937
-14.1418 -27.5617 -13.3717
-15.4028 -25.8247 -10.1677
-14.4458 -22.3107 -11.4327
-16.3348 -22.8647 -14.7547
-19.5898 -23.9657 -12.9447

-19.5138 -21.6827 -9.8337
-21.8138 -18.5807 -10.0727

-19.2678 -16.1547 -8.4727
-15.4608 -16.3857 -8.9977
-13.2108 -13.9617 -7.0787
-9.58678 -14.4957 -8.1917
-6.86878 -12.5597 -6.2807

-3.18078 -11.9737 -7.1877
-0.43978 -9.32673 -6.7957
1.26822 -10.7377 -9.9057
-1.44378 -12.2607 -12.2007
1.29522 -13.0597 -14.7137
4.71422 -13.9947 -13.2457
6.73722 -13.7657 -16.5247
4.59822 -14.2237 -19.7327

1.07222 -13.6267 -21.2527
0.41322 -17.4347 -21.4697
0.15622 -17.5567 -17.5917
-3.06078 -15.4087 -17.7477
-5.06978 -17.8847 -19.8967
-6.34578 -20.0647 -16.9827
-7.42278 -16.9307 -15.0117
-9.17978 -15.4447 -18.1267
-11.2008 -18.6767 -18.7447
-11.9868 -18.9647 -14.9827
-13.5458 -15.4217 -14.9647

-15.0488 -15.6927 -18.5407
-15.4338 -19.4087 -19.6257
-16.6138 -18.2897 -23.1487
-13.3768 -16.3287 -23.8767
-10.7788 -18.2747 -25.9607
-12.3418 -21.8237 -25.5977
-9.01778 -23.2557 -26.9397

-5.54278 -22.0577 -25.7977
-4.16078 -22.0607 -29.4007
-6.30778 -19.0057 -30.3987
-5.00678 -17.0697 -27.3277
-1.40678 -18.2377 -28.0367
-1.46978 -17.2007 -31.7527
-2.67978 -13.6727 -30.7987
-0.84478 -12.8587 -27.5107

2.04822 -15.3897 -27.1327
3.70722 -14.9067 -30.6107
3.05922 -18.6157 -31.2267

5.63622 -20.2627 -33.5577
5.38722 -23.6107 -35.3997
8.66722 -25.4537 -34.6427

9.66322 -28.9357 -36.0707
8.61322 -30.5027 -32.6837

5.25722 -28.6097 -32.2767
4.09322 -25.1267 -31.1827
6.18322 -22.7017 -29.1007

4.17222 -20.2307 -26.9067
7.10322 -18.6147 -24.9477
6.77222 -15.2877 -26.8407
4.55322 -12.2007 -26.4947
2.42522 -10.1407 -28.9337
-0.32978 -7.44573 -29.0117

0.13022 -6.72873 -25.2367
-1.70078 -3.33073 -25.3357
-4.80078 -5.10673 -26.7927
-4.47578 -7.82073 -24.0887
-4.29478 -5.05273 -21.3957
-7.50278 -3.41473 -22.7647
-9.33578 -6.80973 -22.8737
-8.22378 -7.63273 -19.2867
-9.28278 -4.23473 -17.7997
-12.6848 -4.18473 -19.6127
-13.8618 -7.79373 -19.0777

-11.6308 -9.79573 -16.6117

-9.49778 -7.73773 -14.2277
-9.55578 -4.84373 -11.7567

-5.95278 -3.60173 -11.2237
-4.64578 -0.600732 -9.2347
-1.07078 0.234268 -8.2607

0.45522 1.71827 -5.0327
1.06622 4.92227 -7.0547
-2.68878 5.17127 -7.9547
-4.12878 4.80127 -4.3947

-1.31778 5.29627 -1.7727
0.64322 8.53127 -2.6037
2.05722 8.29427 0.996298
4.06222 5.02627 0.580298

7.86122 5.72027 0.565298
9.61422 4.98627 -2.7587

11.2702 1.61627 -3.5017
14.8862 2.46427 -4.4797
16.4232 -0.425732 -6.4817
20.1022 -0.923732 -7.4287
22.4642 -3.53273 -8.8307
25.5052 -4.22773 -6.5897
28.3242 -5.78173 -8.6447

30.1042 -7.98273 -6.0537
33.8192 -8.16373 -6.8637

34.8032 -11.3947 -8.7867
38.4182 -10.9237 -7.4587
37.3802 -13.1157 -4.4367

36.3392 -15.9047 -6.9217
39.4772 -18.0857 -6.8557

40.9832 -19.3587 -10.1537
39.6712 -22.9767 -9.6127
36.0492 -21.7787 -9.0617
36.3262 -19.4487 -12.1227
37.7552 -22.2937 -14.2747
34.8172 -24.5107 -13.0897
32.2712 -21.7757 -14.0877
34.0682 -21.3777 -17.4777
33.9812 -25.2037 -17.9087
30.2082 -25.5127 -17.1607
29.5202 -22.4607 -19.4287
31.4752 -24.1367 -22.3157
29.7012 -27.4497 -21.5247
26.2042 -25.8977 -22.1087
27.2952 -24.5667 -25.5797

28.7752 -27.8967 -26.8317
26.9452 -28.9947 -30.0367
27.0862 -32.7747 -29.5017
25.2152 -32.9357 -26.1167
21.6422 -34.1637 -25.6097

18.8462 -31.7767 -24.4557
19.1652 -33.4387 -20.9927
22.9872 -32.9797 -20.7037
22.4362 -29.2777 -21.6747
19.8472 -28.9247 -18.7997
22.2152 -30.7447 -16.3627
25.1642 -28.4527 -17.3197
22.8132 -25.4147 -16.8637
21.7982 -26.6167 -13.3397
25.5132 -27.1977 -12.5327
26.4832 -23.6767 -13.8047
23.6562 -22.1377 -11.6897
24.6112 -24.0867 -8.4917
28.3442 -23.1697 -9.0587
27.2942 -19.4797 -9.4187
25.6432 -19.6687 -5.9587
28.8032 -21.2497 -4.3897
31.1032 -18.6887 -6.1177
29.1042 -15.7147 -4.6717
29.0512 -16.9107 -0.973702
32.3382 -15.1577 0.163298
31.4012 -11.7247 -1.3087
27.7162 -12.0797 -0.268702
29.0572 -12.6277 3.3023
31.5292 -9.68473 2.9153
28.6022 -7.43373 1.8323
26.2902 -8.58573 4.7223
29.0952 -7.81773 7.2333
29.7492 -4.36773 5.6083
26.0002 -3.57073 6.0843
26.1272 -4.58173 9.8093
29.4522 -2.71673 10.3993

27.7942 0.362268 8.7163
25.3142 0.347268 11.6903
22.1452 -0.949732 9.8993
19.4512 -1.90273 12.4273
17.1982 -4.25173 10.3033

17.4172 -5.84673 6.8223
16.2492 -8.92273 4.8513
18.6192 -11.2847 2.9763
17.0332 -13.3517 0.172298
18.6542 -16.5067 -1.2987

17.2722 -19.8077 -2.7757
20.1502 -22.3517 -2.7207

20.2812 -24.0357 0.732298
24.1442 -23.8337 0.790298
23.9142 -19.9767 0.548298
21.3112 -19.7917 3.3923
23.4722 -22.2267 5.4783
26.7372 -20.2447 4.9243
25.0602 -16.8657 5.7703
23.5072 -18.2947 9.0093
26.8432 -19.9277 10.0393
28.7852 -16.6247 9.6193
26.0992 -14.6117 11.5273
26.3172 -17.2027 14.3923
30.1792 -16.9787 14.2773

29.8912 -13.1237 14.5333
27.2232 -13.5557 17.3343
24.6452 -11.5957 15.2323
21.0412 -12.2827 16.3013

19.0382 -13.2737 13.1903
15.9532 -15.2417 12.0243
15.8752 -17.9587 9.3083
12.8732 -19.0597 7.1643

13.1392 -21.7817 4.4663
11.3062 -24.8777 3.0523
11.8842 -26.7947 6.3613
10.4502 -24.0457 8.6773
6.93722 -25.0507 9.8663
3.77422 -22.9547 9.2103
3.40122 -21.8467 12.8983

7.15922 -21.2047 13.4853
7.15022 -18.9797 10.3183
4.58922 -16.6477 11.9823
6.43822 -16.7027 15.3663
9.87422 -15.9147 13.7583
8.13322 -13.1457 11.7353
6.79922 -11.6577 15.0353
10.2762 -12.0407 16.6883
11.9242 -10.0247 13.8203
9.07622 -7.42473 13.8703
9.00222 -6.86073 17.6813

12.6352 -7.52373 18.8153
15.2192 -4.74173 18.1293
18.0222 -7.36973 18.5793
17.2112 -9.37373 15.4013
19.1802 -7.39273 12.7803

19.0382 -9.91673 9.8673
16.2782 -12.0877 8.3883
17.7402 -14.9497 6.2583
14.8842 -15.8597 3.8853
14.3102 -18.3877 1.0973

12.9982 -16.4917 -2.0037
10.5692 -19.4017 -2.7127
9.50622 -20.2507 0.884298
9.01922 -16.6567 2.2513
7.29722 -15.1277 -0.881702
3.83622 -15.6017 0.806298
1.83822 -14.6457 3.9573
4.60522 -12.8797 5.9523
5.05422 -9.10773 6.6373
8.50722 -7.56473 7.3463
7.67022 -3.82973 7.7923
10.3802 -3.49773 10.5453
13.1642 -3.56273 7.8723
14.0482 -0.757732 5.3753

16.4952 -2.83473 3.2333
16.1862 -5.99873 1.0913
19.3532 -7.76573 -0.193702
18.9762 -10.3987 -2.9377

22.1362 -12.5217 -2.4937
20.9272 -14.5417 -5.5247
18.9162 -13.7387 -8.6727
15.7232 -15.7037 -9.4687
14.6372 -16.2577 -13.1357
10.9912 -15.2857 -12.3907

10.4512 -11.5087 -11.7427
6.97822 -12.0567 -10.1797
8.67922 -13.9237 -7.2597
11.2982 -11.1277 -6.8447
8.46122 -8.49973 -6.6907
6.58122 -10.7397 -4.1557
9.75922 -10.7467 -1.9757
10.2332 -6.89573 -2.2077

6.53522 -6.42073 -1.1897
7.20922 -8.26773 2.0943
8.83022 -4.98773 3.3593
6.89822 -2.46573 1.2143
3.51422 -2.95873 3.0383
0.97422 -0.784732 4.9213
2.89822 0.157268 8.1183
6.20622 0.929268 6.2963
7.43522 4.52927 7.0103
10.9572 4.46027 5.3973
12.0602 4.42327 1.7113

12.6822 0.742268 0.888298
16.1722 -0.078732 -0.443702
16.4342 -3.12973 -2.7787
19.9952 -4.38173 -3.5197
20.4992 -7.06573 -6.2317
23.9192 -8.76073 -5.7237
25.4522 -9.77673 -9.1267

28.8412 -11.2767 -10.1487
30.5422 -10.7577 -13.5777
31.6482 -14.1227 -15.1017
28.6252 -16.0977 -13.6837
24.9532 -17.0977 -14.3097

23.9412 -13.5137 -13.2307
25.2602 -12.1697 -16.6147
22.4802 -14.1777 -18.4247
19.7812 -14.1007 -15.6907
19.7452 -10.2867 -15.2707
18.9342 -9.44473 -18.9847
16.3492 -12.3317 -18.9347
14.6402 -10.8947 -15.7907
14.6532 -7.38173 -17.4077
12.9602 -8.46473 -20.6897
10.3592 -10.3897 -18.5747
9.51722 -7.25473 -16.4557
9.15722 -5.26273 -19.7277
6.68422 -7.90773 -21.0927
4.76222 -7.64173 -17.7607
4.77722 -3.77773 -17.9247
3.55022 -3.69373 -21.5947

0.67722 -6.01573 -20.4777
-0.12278 -3.47373 -17.6327
0.95322 -6.07473 -14.9887
3.97322 -4.16773 -13.5127
5.14822 -0.552732 -12.9407
8.60622 -1.99173 -12.2057
11.0802 -0.855732 -14.8507
14.5202 -2.52773 -14.3777
16.4052 -0.721732 -17.2667

17.4112 2.36727 -15.1847
19.4592 0.178268 -12.7417
21.8062 -1.13873 -15.5207
22.6572 2.25827 -17.0797

23.9222 3.21727 -13.5497
26.4072 0.244268 -13.1267

End chain 1
