-13.201 -6.296 -53.957
-10.703 -3.406 -53.291
-9.54 -3.087 -49.639
-11.02 0.322 -48.639
-8.614 1.85 -46.053
-10.787 3.126 -43.162

-9.634 6.195 -41.181
-10.061 4.9 -37.589
-10.286 6.838 -34.306
-12.195 7.103 -30.979
-14.163 9.439 -28.711
-12.619 10.223 -25.263
-14.157 12.207 -22.344

-11.943 15.248 -21.466
-14.301 16.978 -18.949
-17.827 16.65 -17.399
-19.139 18.761 -20.353

-16.752 17.96 -23.312
-15.482 14.956 -25.281
-12.62 14.751 -27.824
-12.437 12.939 -31.204
-8.982 11.264 -31.393
-8.672 10.357 -35.1

-6.282 10.744 -38.079
-6.98 13.557 -40.6
-9.895 13.022 -43.051

-11.208 15.853 -45.293
-14.92 14.856 -45.011
-14.611 14.37 -41.226
-13.015 17.857 -40.827
-15.875 19.254 -42.999
-18.403 17.482 -40.669
-16.559 18.759 -37.515
-16.844 22.341 -38.957

-20.697 21.797 -39.029
-20.861 21.033 -35.24
-22.116 23.933 -33.104
-20.016 23.255 -29.939
-16.791 22.621 -31.971

-13.393 23.436 -30.391
-10.011 22.816 -32.063
-6.805 22.812 -29.99

-3.883 23.919 -32.209
-1.328 22.314 -29.773
-2.753 18.736 -29.691
-4.334 19.137 -33.217

-7.578 17.622 -31.79
-11.313 18.386 -31.995
-13.683 18.544 -28.991
-17.466 19.001 -28.65
-20.131 19.402 -25.91

-21.257 16.038 -24.476
-24.923 16.743 -25.497
-23.731 16.722 -29.178
-22.178 13.179 -28.839
-25.228 11.354 -30.322
-25.57 14.044 -33.093
-21.852 13.682 -34.021
-21.815 9.829 -34.037
-25.045 9.774 -36.128
-23.507 12.176 -38.75
-20.093 10.348 -38.803

-21.793 6.948 -39.527
-22.962 8.546 -42.834
-19.328 9.196 -43.991
-17.677 6.563 -46.261
-14.251 5.2 -45.121

-14.46 6.789 -41.562
-14.765 4.819 -38.279
-15.142 6.964 -35.114
-15.663 4.659 -32.101

-18.218 6.249 -29.657
-17.862 6.903 -25.912
-18.35 3.469 -24.195
-21.794 2.549 -22.772
-20.235 2.829 -19.255
-19.534 6.58 -19.812
-22.964 7.196 -21.431
-24.623 5.531 -18.378
-22.42 7.523 -15.909

-23.028 10.919 -17.654
-26.668 10.153 -18.714
-27.851 13.482 -17.123

-25.214 15.594 -18.963
-26 13.8 -22.296
-29.631 15.147 -21.909

-29.014 18.802 -20.797
-28.522 21.656 -23.337
-27.494 23.803 -20.296
-24.374 24.206 -18.108
-26.03 23.63 -14.722
-23.195 22.587 -12.38
-23.731 19.355 -10.334

-27.219 19.392 -8.694
-26.798 20.208 -4.988
-26.578 17.032 -2.906
-29.814 16.999 -0.82
-29.276 16.946 2.956
-30.305 13.551 4.343

-32.727 13.25 7.268
-30.389 11.851 9.975
-33.077 12.019 12.787
-33.159 8.159 12.923
-29.32 8.149 13.454
-27.82 8.306 16.969

-27.52 12.074 17.913
-23.991 11.509 19.371
-22.796 10.469 15.867
-24.731 13.185 13.93
-23.402 16.008 16.22
-19.738 14.82 15.861

-19.687 14.822 11.995
-17.445 17.587 10.586

-19.106 19.692 7.763
-17.231 17.783 4.996
-18.064 14.402 6.666
-21.796 15.407 6.677
-21.562 16.318 2.947
-19.943 12.855 2.346
-22.788 11.075 4.244
-25.363 13.084 2.191
-23.555 12.165 -1.104
-23.43 8.459 -0.115
-27.196 8.491 0.728
-28.024 10.343 -2.565

-25.973 7.645 -4.472
-28.214 5.048 -2.67
-25.512 3.7 -0.27

-23.352 2.353 -3.174
-19.956 4.118 -3.237
-16.209 4.012 -2.721
-15.295 6.541 0.021

-11.694 7.195 -1.128

-11.135 10.189 1.225
-7.504 10.605 2.377

-6.048 8.715 5.398
-7.361 9.956 8.784
-10.233 12.169 7.374
-12.706 9.981 9.408

-13.844 7.354 6.831
-15.012 5.081 9.734
-17.363 7.714 11.316
-18.876 8.506 7.854
-19.282 4.738 7.09
-21.02 4.042 10.461
-23.415 6.996 9.798
-24.247 5.855 6.195
-24.846 2.277 7.463
-26.955 3.52 10.461
-29.227 5.531 8.078

-29.9 2.058 6.507

-30.384 0.293 9.981
-33.886 -0.857 8.77
-32.05 -2.956 6.062
-29.626 -4.868 8.41
-27.981 -7.413 9.17

-24.774 -5.448 8.488
-21.551 -7.137 7.269
-18.235 -5.328 7.997
-15.132 -6.739 6.223
-11.829 -5.357 7.603

-8.05 -6.016 7.986
-7.416 -8.82 10.567
-5.856 -6.305 13.093
-8.689 -3.64 13.199

-11.758 -5.868 14.003
-11.895 -4.753 17.675
-11.154 -1.102 16.63
-14.365 -1.304 14.506
-16.414 -2.897 17.375
-15.268 -0.08 19.729
-16.109 2.476 16.969
-19.722 1.111 16.76
-20.082 1.14 20.611
-18.596 4.7 20.723
-20.823 6.195 17.978

-24.121 4.191 18.24
-24.851 3.95 22.056
-28.388 2.791 20.948
-26.764 -0.701 20.406
-26.03 -3.285 23.117

-22.632 -5.104 22.857
-24.638 -8.32 22.08
-25.78 -6.667 18.791

-22.091 -6.816 17.576
-20.505 -10.124 16.488
-16.681 -10.041 16.081

-15.702 -13.116 14.035
-12.316 -14.303 15.372
-12.201 -17.837 13.813
-13.405 -19.799 10.735
-15.769 -21.82 13.07
-17.788 -18.808 14.317
-21.352 -17.917 13.159
-21.075 -14.973 10.701
-24.816 -14.102 11.273
-24.919 -14.166 15.127
-25.108 -10.332 15.536
-27.08 -7.466 13.995

-23.588 -6.14 13.038
-21.065 -8.833 11.965
-17.336 -7.898 11.803
-15.009 -10.302 9.887
-11.529 -10.295 8.291

-10.658 -10.74 4.577
-8.757 -14.009 5.375
-11.833 -15.546 7.113
-14.3 -14.769 4.222

-12.926 -17.715 2.14
-13.287 -20.073 5.183
-16.843 -18.74 5.845
-18.014 -18.815 2.139
-20.731 -21.415 3.044
-22.243 -18.836 5.512
-21.955 -15.894 2.989
-25.071 -17.433 1.278
-27.188 -15.451 3.825
-28.094 -12.137 2.052
-26.367 -9.235 3.842
-28.236 -6.215 2.36

-25.704 -3.677 3.792
-21.936 -4.298 3.429
-19.007 -2.145 4.602
-15.517 -3.11 3.36

-12.662 -1.237 5.059
-9.341 -0.865 3.151

-11.066 -2.352 0.031
-7.765 -2.207 -1.968
-7.252 -5.742 -0.456
-9.774 -6.866 -3.176

-7.558 -5.436 -6.054
-6.861 -8.909 -7.611
-9.913 -10.983 -8.736
-7.994 -14.348 -8.638
-7.386 -14.116 -4.839

-9.551 -16.269 -2.508
-10.568 -13.122 -0.487
-11.832 -11.409 -3.693
-13.586 -14.593 -5.006
-15.461 -14.905 -1.648
-16.313 -11.137 -1.332
-17.465 -10.353 -4.925
-20.7 -12.523 -5.003
-21.961 -10.786 -1.799
-21.004 -7.272 -3.064
-22.893 -7.826 -6.386
-26.148 -8.927 -4.576

-26.072 -6.644 -1.465
-28.372 -3.542 -1.704

-25.826 -1.116 -0.104
-22.019 -1.347 -0.629
-19.769 1.077 1.29
-16.145 0.543 0.177
-13.427 2.479 2.088

-9.739 3.065 1.181
-6.998 5.712 1.573
-5.29 4.301 -1.537
-8.002 2.778 -3.832
-5.263 1.979 -6.345
-1.844 1.044 -4.877
0.179 1.273 -8.156
-1.96 0.815 -11.364

-5.486 1.412 -12.884
-6.145 -2.396 -13.101
-6.402 -2.518 -9.223
-9.619 -0.37 -9.379
-11.628 -2.846 -11.528
-12.904 -5.026 -8.614
-13.981 -1.892 -6.643
-15.738 -0.406 -9.758
-17.759 -3.638 -10.376
-18.545 -3.926 -6.614
-20.104 -0.383 -6.596

-21.607 -0.654 -10.172
-21.992 -4.37 -11.257
-23.172 -3.251 -14.78
-19.935 -1.29 -15.508
-17.337 -3.236 -17.592
-18.9 -6.785 -17.229
-15.576 -8.217 -18.571

-12.101 -7.019 -17.429
-10.719 -7.022 -21.032
-12.866 -3.967 -22.03
-11.565 -2.031 -18.959
-7.965 -3.199 -19.668
-8.028 -2.162 -23.384
-9.238 1.366 -22.43
-7.403 2.18 -19.142

-4.51 -0.351 -18.764
-2.851 0.132 -22.242
-3.499 -3.577 -22.858

-0.922 -5.224 -25.189
-1.171 -8.572 -27.031
2.109 -10.415 -26.274

3.105 -13.897 -27.702
2.055 -15.464 -24.315

-1.301 -13.571 -23.908
-2.465 -10.088 -22.814
-0.375 -7.663 -20.732

-2.386 -5.192 -18.538
0.545 -3.576 -16.579
0.214 -0.249 -18.472
-2.005 2.838 -18.126
-4.133 4.898 -20.565
-6.888 7.593 -20.643

-6.428 8.31 -16.868
-8.259 11.708 -16.967
-11.359 9.932 -18.424
-11.034 7.218 -15.72
-10.853 9.986 -13.027
-14.061 11.624 -14.396
-15.894 8.229 -14.505
-14.782 7.406 -10.918
-15.841 10.804 -9.431
-19.243 10.854 -11.244
-20.42 7.245 -10.709

-18.189 5.243 -8.243

-16.056 7.301 -5.859
-16.114 10.195 -3.388

-13.3446 12.6496 -3.31036
-10.6187 15.1954 -3.43624
-8.33745 13.2659 -5.91984

-9.07523 9.64017 -6.78727
-11.576 9.36641 -3.9387
-13.3527 12.5312 -5.06564
-13.5992 11.2391 -8.63111

-10.7882 11.7341 -6.00911
-8.82721 14.9691 -6.84011
-7.41321 14.7321 -3.24011
-5.40821 11.4641 -3.65611

-1.60921 12.1581 -3.67111
0.143791 11.4241 -6.99511

1.79979 8.05408 -7.73811
5.41579 8.90208 -8.71611
6.95279 6.01208 -10.7181
10.6318 5.51408 -11.6651
12.9938 2.90508 -13.0671
16.0348 2.21008 -10.8261
18.8538 0.656075 -12.8811

20.6338 -1.54492 -10.2901
24.3488 -1.72592 -11.1001

25.3328 -4.95692 -13.0231
28.9478 -4.48592 -11.6951
27.9098 -6.67792 -8.67311

26.8688 -9.46692 -11.1581
30.0068 -11.6479 -11.0921

31.5128 -12.9209 -14.3901
30.2008 -16.5389 -13.8491
26.5788 -15.3409 -13.2981
26.8558 -13.0109 -16.3591
28.2848 -15.8559 -18.5111
25.3468 -18.0729 -17.3261
22.8008 -15.3379 -18.3241
24.5978 -14.9399 -21.7141
24.5108 -18.7659 -22.1451
20.7378 -19.0749 -21.3971
20.0498 -16.0229 -23.6651
22.0048 -17.6989 -26.5521
20.2308 -21.0119 -25.7611
16.7338 -19.4599 -26.3451
17.8248 -18.1289 -29.8161

19.3048 -21.4589 -31.0681
17.4748 -22.5569 -34.2731
17.6158 -26.3369 -33.7381
15.7448 -26.4979 -30.3531
12.1718 -27.7259 -29.8461

9.37579 -25.3389 -28.6921
9.69479 -27.0009 -25.2291
13.5168 -26.5419 -24.9401
12.9658 -22.8399 -25.9111
10.3768 -22.4869 -23.0361
12.7448 -24.3069 -20.5991
15.6938 -22.0149 -21.5561
13.3428 -18.9769 -21.1001
12.3278 -20.1789 -17.5761
16.0428 -20.7599 -16.7691
17.0128 -17.2389 -18.0411
14.1858 -15.6999 -15.9261
15.1408 -17.6489 -12.7281
18.8738 -16.7319 -13.2951
17.8238 -13.0419 -13.6551
16.1728 -13.2309 -10.1951
19.3328 -14.8119 -8.62611
21.6328 -12.2509 -10.3541
19.6338 -9.27692 -8.90811
19.5808 -10.4729 -5.21011
22.8678 -8.71992 -4.07311
21.9308 -5.28692 -5.54511
18.2458 -5.64192 -4.50511
19.5868 -6.18992 -0.934106
22.0588 -3.24692 -1.32111
19.1318 -0.995925 -2.40411
16.8198 -2.14792 0.485894
19.6248 -1.37992 2.99689
20.2788 2.07008 1.37189
16.5298 2.86708 1.84789
16.6568 1.85608 5.57289
19.9818 3.72108 6.16289

18.3238 6.80008 4.47989
15.8438 6.78508 7.45389
12.6748 5.48808 5.66289
9.98079 4.53508 8.19089
7.72779 2.18608 6.06689

7.94679 0.591075 2.58589
6.77879 -2.48492 0.614894
9.14879 -4.84692 -1.26011
7.56279 -6.91392 -4.06411
9.18379 -10.0689 -5.53511

7.80179 -13.3699 -7.01211
10.6798 -15.9139 -6.95711

10.8108 -17.5979 -3.50411
14.6738 -17.3959 -3.44611
14.4438 -13.5389 -3.68811
11.8408 -13.3539 -0.844106
14.0018 -15.7889 1.24189
17.2668 -13.8069 0.687894
15.5898 -10.4279 1.53389
14.0368 -11.8569 4.77289
17.3728 -13.4899 5.80289
19.3148 -10.1869 5.38289
16.6288 -8.17392 7.29089
16.8468 -10.7649 10.1559
20.7088 -10.5409 10.0409

20.4208 -6.68592 10.2969
17.7528 -7.11792 13.0979
15.1748 -5.15792 10.9959
11.5708 -5.84492 12.0649

9.56779 -6.83592 8.95389
6.48279 -8.80392 7.78789
6.40479 -11.5209 5.07189
3.40279 -12.6219 2.92789

3.66879 -15.3439 0.229894
1.83579 -18.4399 -1.18411
2.41379 -20.3569 2.12489
0.979791 -17.6079 4.44089
-2.53321 -18.6129 5.62989
-5.69621 -16.5169 4.97389
-6.06921 -15.4089 8.66189

-2.31121 -14.7669 9.24889
-2.32021 -12.5419 6.08189
-4.88121 -10.2099 7.74589
-3.03221 -10.2649 11.1299
0.403791 -9.47692 9.52189
-1.33721 -6.70792 7.49889
-2.67121 -5.21992 10.7989
0.805791 -5.60292 12.4519
2.45379 -3.58692 9.58389
-0.394209 -0.986925 9.63389
-0.468209 -0.422925 13.4449

3.16479 -1.08592 14.5789
5.74879 1.69608 13.8929
8.55179 -0.931925 14.3429
7.74079 -2.93592 11.1649
9.70979 -0.954925 8.54389

9.56779 -3.47892 5.63089
6.80779 -5.64992 4.15189
8.26979 -8.51192 2.02189
5.41379 -9.42192 -0.351106
4.83979 -11.9499 -3.13911

3.52779 -10.0539 -6.24011
1.09879 -12.9639 -6.94911
0.0357914 -13.8129 -3.35211
-0.451209 -10.2189 -1.98511
-2.17321 -8.68992 -5.11811
-5.63421 -9.16392 -3.43011
-7.63221 -8.20792 -0.279106
-4.86521 -6.44192 1.71589
-4.41621 -2.66992 2.40089
-0.963209 -1.12692 3.10989
-1.80021 2.60808 3.55589
0.909791 2.94008 6.30889
3.69379 2.87508 3.63589
4.57779 5.68008 1.13889

7.02479 3.60308 -1.00311
6.71579 0.439075 -3.14511
9.88279 -1.32792 -4.43011
9.50579 -3.96092 -7.17411

12.6658 -6.08392 -6.73011
11.4568 -8.10392 -9.76111
9.44579 -7.30092 -12.9091
6.25279 -9.26592 -13.7051
5.16679 -9.81992 -17.3721
1.52079 -8.84792 -16.6271

0.980791 -5.07092 -15.9791
-2.49221 -5.61892 -14.4161
-0.791209 -7.48592 -11.4961
1.82779 -4.68992 -11.0811
-1.00921 -2.06192 -10.9271
-2.88921 -4.30192 -8.39211
0.288791 -4.30892 -6.21211
0.762791 -0.457925 -6.44411

-2.93521 0.0170753 -5.42611
-2.26121 -1.82992 -2.14211
-0.640209 1.45008 -0.877106
-2.57221 3.97208 -3.02211
-5.95621 3.47908 -1.19811
-8.49621 5.65308 0.684894
-6.57221 6.59508 3.88189
-3.26421 7.36708 2.05989
-2.03521 10.9671 2.77389
1.48679 10.8981 1.16089
2.58979 10.8611 -2.52511

3.21179 7.18008 -3.34811
6.70179 6.35908 -4.68011
6.96379 3.30808 -7.01511
10.5248 2.05608 -7.75611
11.0288 -0.627925 -10.4681
14.4488 -2.32292 -9.96011
15.9818 -3.33892 -13.3631

19.3708 -4.83892 -14.3851
21.0718 -4.31992 -17.8141
22.1778 -7.68492 -19.3381
19.1548 -9.65992 -17.9201
15.4828 -10.6599 -18.5461

14.4708 -7.07592 -17.4671
15.7898 -5.73192 -20.8511
13.0098 -7.73992 -22.6611
10.3108 -7.66292 -19.9271
10.2748 -3.84892 -19.5071
9.46379 -3.00692 -23.2211
6.87879 -5.89392 -23.1711
5.16979 -4.45692 -20.0271
5.18279 -0.943925 -21.6441
3.48979 -2.02692 -24.9261
0.888791 -3.95192 -22.8111
0.0467914 -0.816925 -20.6921
-0.313209 1.17508 -23.9641
-2.78621 -1.46992 -25.3291
-4.70821 -1.20392 -21.9971
-4.69321 2.66008 -22.1611
-5.92021 2.74408 -25.8311

-8.79321 0.422075 -24.7141
-9.59321 2.96408 -21.8691
-8.51721 0.363075 -19.2251
-5.49721 2.27008 -17.7491
-4.32221 5.88508 -17.1771
-0.864209 4.44608 -16.4421
1.60979 5.58208 -19.0871
5.04979 3.91008 -18.6141
6.93479 5.71608 -21.5031

7.94079 8.80508 -19.4211
9.98879 6.61608 -16.9781
12.3358 5.29908 -19.7571
13.1868 8.69608 -21.3161

14.4518 9.65508 -17.7861
16.9368 6.68208 -17.3631

End chain 1
