-13.201 -6.296 -53.957
-10.703 -3.406 -53.291
-9.54 -3.087 -49.639
-11.02 0.322 -48.639
-8.614 1.85 -46.053
-10.787 3.126 -43.162

-9.634 6.195 -41.181
-10.061 4.9 -37.589
-10.286 6.838 -34.306
-12.195 7.103 -30.979
-14.163 9.439 -28.711
-12.619 10.223 -25.263
-14.157 12.207 -22.344

-11.943 15.248 -21.466
-14.301 16.978 -18.949
-17.827 16.65 -17.399
-19.139 18.761 -20.353

-16.752 17.96 -23.312
-15.482 14.956 -25.281
-12.62 14.751 -27.824
-12.437 12.939 -31.204
-8.982 11.264 -31.393
-8.672 10.357 -35.1

-6.282 10.744 -38.079
-6.98 13.557 -40.6
-9.895 13.022 -43.051

-11.208 15.853 -45.293
-14.92 14.856 -45.011
-14.611 14.37 -41.226
-13.015 17.857 -40.827
-15.875 19.254 -42.999
-18.403 17.482 -40.669
-16.559 18.759 -37.515
-16.844 22.341 -38.957

-20.697 21.797 -39.029
-20.861 21.033 -35.24
-22.116 23.933 -33.104
-20.016 23.255 -29.939
-16.791 22.621 -31.971

-13.393 23.436 -30.391
-10.011 22.816 -32.063
-6.805 22.812 -29.99

-3.883 23.919 -32.209
-1.328 22.314 -29.773
-2.753 18.736 -29.691
-4.334 19.137 -33.217

-7.578 17.622 -31.79
-11.313 18.386 -31.995
-13.683 18.544 -28.991
-17.466 19.001 -28.65
-20.131 19.402 -25.91

-21.257 16.038 -24.476
-24.923 16.743 -25.497
-23.731 16.722 -29.178
-22.178 13.179 -28.839
-25.228 11.354 -30.322
-25.57 14.044 -33.093
-21.852 13.682 -34.021
-21.815 9.829 -34.037
-25.045 9.774 -36.128
-23.507 12.176 -38.75
-20.093 10.348 -38.803

-21.793 6.948 -39.527
-22.962 8.546 -42.834
-19.328 9.196 -43.991
-17.677 6.563 -46.261
-14.251 5.2 -45.121

-14.46 6.789 -41.562
-14.765 4.819 -38.279
-15.142 6.964 -35.114
-15.663 4.659 -32.101

-18.218 6.249 -29.657
-17.862 6.903 -25.912
-18.35 3.469 -24.195
-21.794 2.549 -22.772
-20.235 2.829 -19.255
-19.534 6.58 -19.812
-22.964 7.196 -21.431
-24.623 5.531 -18.378
-22.42 7.523 -15.909

-23.028 10.919 -17.654
-26.668 10.153 -18.714
-27.851 13.482 -17.123

-25.214 15.594 -18.963
-26 13.8 -22.296
-29.631 15.147 -21.909

-28.1901 18.626 -21.5582
-26.5009 21.8606 -20.7279
-25.1766 25.346 -21.6418
-27.834 24.4325 -24.3173
-27.6613 23.3118 -27.9071
-29.3249 23.0656 -31.2141
-28.1747 26.3587 -32.6848

-24.6629 27.5662 -33.4923
-23.201 25.5266 -30.6382
-25.0127 22.4003 -31.8158
-23.7225 22.8702 -35.3595
-20.1555 23.2714 -34.1111
-20.4219 20.0983 -32.0366

-22.8439 19.7973 -29.1116
-20.5059 18.3983 -26.4046
-23.1939 18.5663 -23.5926
-23.2759 14.7063 -23.4566
-19.4369 14.6963 -22.9256
-17.9369 14.8533 -19.4106

-17.6369 18.6213 -18.4666
-14.1079 18.0563 -17.0086
-12.9129 17.0163 -20.5126
-14.8479 19.7323 -22.4496
-13.5189 22.5553 -20.1596
-9.85494 21.3673 -20.5186

-9.80394 21.3693 -24.3846
-7.56194 24.1343 -25.7936

-9.22294 26.2393 -28.6166
-7.34794 24.3303 -31.3836
-8.18094 20.9493 -29.7136
-11.9129 21.9543 -29.7026
-11.6789 22.8653 -33.4326
-10.0599 19.4023 -34.0336
-12.9049 17.6223 -32.1356
-15.4799 19.6313 -34.1886
-13.6719 18.7123 -37.4836
-13.5469 15.0063 -36.4946
-17.3129 15.0383 -35.6516
-18.1409 16.8903 -38.9446

-16.0899 14.1923 -40.8516
-18.3309 11.5953 -39.0496
-15.6289 10.2473 -36.6496

-13.4689 8.9003 -39.5536
-10.0729 10.6653 -39.6166
-6.32594 10.5593 -39.1006
-5.41194 13.0883 -36.3586

-1.81094 13.7423 -37.5076

-1.25194 16.7363 -35.1546
2.37906 17.1523 -34.0026

3.83506 15.2623 -30.9816
2.52206 16.5033 -27.5956
-0.349938 18.7163 -29.0056
-2.82294 16.5283 -26.9716

-3.96094 13.9013 -29.5486
-5.12894 11.6283 -26.6456
-7.47994 14.2613 -25.0636
-8.99294 15.0533 -28.5256
-9.39894 11.2853 -29.2896
-11.1369 10.5893 -25.9186
-13.5319 13.5433 -26.5816
-14.3639 12.4023 -30.1846
-14.9629 8.8243 -28.9166
-17.0719 10.0673 -25.9186
-19.3439 12.0783 -28.3016

-20.0169 8.6053 -29.8726

-20.5009 6.8403 -26.3986
-24.0029 5.6903 -27.6096
-22.1669 3.5913 -30.3176
-19.7429 1.6793 -27.9696
-18.0979 -0.865699 -27.2096

-14.8909 1.0993 -27.8916
-11.6679 -0.589699 -29.1106
-8.35194 1.2193 -28.3826
-5.24894 -0.191699 -30.1566
-1.94594 1.1903 -28.7766

1.83306 0.531301 -28.3936
2.46706 -2.2727 -25.8126
4.02706 0.242301 -23.2866
1.19406 2.9073 -23.1806

-1.87494 0.679301 -22.3766
-2.01194 1.7943 -18.7046
-1.27094 5.4453 -19.7496
-4.48194 5.2433 -21.8736
-6.53094 3.6503 -19.0046
-5.38494 6.4673 -16.6506
-6.22594 9.0233 -19.4106
-9.83894 7.6583 -19.6196
-10.1989 7.6873 -15.7686
-8.71294 11.2473 -15.6566
-10.9399 12.7423 -18.4016

-14.2379 10.7383 -18.1396
-14.9679 10.4973 -14.3236
-18.5049 9.3383 -15.4316
-16.8809 5.8463 -15.9736
-16.1469 3.2623 -13.2626

-12.7489 1.4433 -13.5226
-14.7549 -1.7727 -14.2996
-15.8969 -0.119699 -17.5886

-12.2079 -0.268699 -18.8036
-10.6219 -3.5767 -19.8916
-6.79794 -3.4937 -20.2986

-5.81894 -6.5687 -22.3446
-2.43294 -7.7557 -21.0076
-2.31794 -11.2897 -22.5666
-3.52194 -13.2517 -25.6446
-5.88594 -15.2727 -23.3096
-7.90494 -12.2607 -22.0626
-11.4689 -11.3697 -23.2206
-11.1919 -8.4257 -25.6786
-14.9329 -7.5547 -25.1066
-15.0359 -7.6187 -21.2526
-15.2249 -3.7847 -20.8436
-17.1969 -0.918699 -22.3846

-13.7049 0.407301 -23.3416
-11.1819 -2.2857 -24.4146
-7.45294 -1.3507 -24.5766
-5.12594 -3.7547 -26.4926
-1.64594 -3.7477 -28.0886

-0.774938 -4.1927 -31.8026
1.12606 -7.4617 -31.0046
-1.94994 -8.9987 -29.2666
-4.41694 -8.2217 -32.1576

-3.04294 -11.1677 -34.2396
-3.40394 -13.5257 -31.1966
-6.95994 -12.1927 -30.5346
-8.13094 -12.2677 -34.2406
-10.8479 -14.8677 -33.3356
-12.3599 -12.2887 -30.8676
-12.0719 -9.3467 -33.3906
-15.1879 -10.8857 -35.1016
-17.3049 -8.9037 -32.5546
-18.2109 -5.5897 -34.3276
-16.4839 -2.6877 -32.5376
-18.3529 0.332301 -34.0196

-15.8209 2.8703 -32.5876
-12.0529 2.2493 -32.9506
-9.12394 4.4023 -31.7776
-5.63394 3.4373 -33.0196

-2.77894 5.3103 -31.3206
0.542062 5.6823 -33.2286

-1.18294 4.1953 -36.3486
2.11806 4.3403 -38.3476
2.63106 0.805301 -36.8356
0.109062 -0.318699 -39.5556

2.32506 1.1113 -42.4336
3.02206 -2.3617 -43.9906
-0.029938 -4.4357 -45.1156
1.88906 -7.8007 -45.0176
2.49706 -7.5687 -41.2186

0.332062 -9.7217 -38.8876
-0.684938 -6.5747 -36.8666
-1.94894 -4.8617 -40.0726
-3.70294 -8.0457 -41.3856
-5.57794 -8.3577 -38.0276
-6.42994 -4.5897 -37.7116
-7.58194 -3.8057 -41.3046
-10.8169 -5.9757 -41.3826
-12.0779 -4.2387 -38.1786
-11.1209 -0.724699 -39.4436
-13.0099 -1.2787 -42.7656
-16.2649 -2.3797 -40.9556

-16.1889 -0.096699 -37.8446
-18.4889 3.0053 -38.0836

-15.9429 5.4313 -36.4836
-12.1359 5.2003 -37.0086
-9.88594 7.6243 -35.0896
-6.26194 7.0903 -36.2026
-3.54394 9.0263 -34.2916

0.144062 9.6123 -35.1986
2.88506 12.2593 -34.8066
4.59306 10.8483 -37.9166
1.88106 9.3253 -40.2116
4.62006 8.5263 -42.7246
8.03906 7.5913 -41.2566
10.0621 7.8203 -44.5356
7.92306 7.3623 -47.7436

4.39706 7.9593 -49.2636
3.73806 4.1513 -49.4806
3.48106 4.0293 -45.6026
0.264062 6.1773 -45.7586
-1.74494 3.7013 -47.9076
-3.02094 1.5213 -44.9936
-4.09794 4.6553 -43.0226
-5.85494 6.1413 -46.1376
-7.87594 2.9093 -46.7556
-8.66194 2.6213 -42.9936
-10.2209 6.1643 -42.9756

-11.7239 5.8933 -46.5516
-12.1089 2.1773 -47.6366
-13.2889 3.2963 -51.1596
-10.0519 5.2573 -51.8876
-7.45394 3.3113 -53.9716
-9.01694 -0.237699 -53.6086
-5.69294 -1.6697 -54.9506

-2.21794 -0.471699 -53.8086
-0.835938 -0.474699 -57.4116
-2.98294 2.5803 -58.4096
-1.68194 4.5163 -55.3386
1.91806 3.3483 -56.0476
1.85506 4.3853 -59.7636
0.645062 7.9133 -58.8096
2.48006 8.7273 -55.5216

5.37306 6.1963 -55.1436
7.03206 6.6793 -58.6216
6.38406 2.9703 -59.2376

8.96106 1.3233 -61.5686
8.71206 -2.0247 -63.4106
11.9921 -3.8677 -62.6536

12.9881 -7.3497 -64.0816
11.9381 -8.9167 -60.6946

8.58206 -7.0237 -60.2876
7.41806 -3.5407 -59.1936
9.50806 -1.1157 -57.1116

7.49706 1.3553 -54.9176
10.4281 2.9713 -52.9586
10.0971 6.2983 -54.8516
7.87806 9.3853 -54.5056
5.75006 11.4453 -56.9446
2.99506 14.1403 -57.0226

3.45506 14.8573 -53.2476
1.62406 18.2553 -53.3466
-1.47594 16.4793 -54.8036
-1.15094 13.7653 -52.0996
-0.969938 16.5333 -49.4066
-4.17794 18.1713 -50.7756
-6.01094 14.7763 -50.8846
-4.89894 13.9533 -47.2976
-5.95794 17.3513 -45.8106
-9.35994 17.4013 -47.6236
-10.5369 13.7923 -47.0886

-8.30594 11.7903 -44.6226

-6.17294 13.8483 -42.2386
-6.23094 16.7423 -39.7676

-2.62794 17.9843 -39.2346
-1.32094 20.9853 -37.2456
2.25406 21.8203 -36.2716

3.78006 23.3043 -33.0436
4.39106 26.5083 -35.0656
0.636062 26.7573 -35.9656
-0.803938 26.3873 -32.4056

2.00706 26.8823 -29.7836
3.96806 30.1173 -30.6146
5.38206 29.8803 -27.0146
7.38706 26.6123 -27.4306

11.1861 27.3063 -27.4456
12.9391 26.5723 -30.7696

14.5951 23.2023 -31.5126
18.2111 24.0503 -32.4906
19.7481 21.1603 -34.4926
23.4271 20.6623 -35.4396
25.7891 18.0533 -36.8416
28.8301 17.3583 -34.6006
31.6491 15.8043 -36.6556

33.4291 13.6033 -34.0646
37.1441 13.4223 -34.8746

38.1281 10.1913 -36.7976
41.7431 10.6623 -35.4696
40.7051 8.4703 -32.4476

39.6641 5.6813 -34.9326
42.8021 3.5003 -34.8666

44.3081 2.2273 -38.1646
42.9961 -1.3907 -37.6236
39.3741 -0.192699 -37.0726
39.6511 2.1373 -40.1336
41.0801 -0.707699 -42.2856
38.1421 -2.9247 -41.1006
35.5961 -0.189699 -42.0986
37.3931 0.208301 -45.4886
37.3061 -3.6177 -45.9196
33.5331 -3.9267 -45.1716
32.8451 -0.874699 -47.4396
34.8001 -2.5507 -50.3266
33.0261 -5.8637 -49.5356
29.5291 -4.3117 -50.1196
30.6201 -2.9807 -53.5906

32.1001 -6.3107 -54.8426
30.2701 -7.4087 -58.0476
30.4111 -11.1887 -57.5126
28.5401 -11.3497 -54.1276
24.9671 -12.5777 -53.6206

22.1711 -10.1907 -52.4666
22.4901 -11.8527 -49.0036
26.3121 -11.3937 -48.7146
25.7611 -7.6917 -49.6856
23.1721 -7.3387 -46.8106
25.5401 -9.1587 -44.3736
28.4891 -6.8667 -45.3306
26.1381 -3.8287 -44.8746
25.1231 -5.0307 -41.3506
28.8381 -5.6117 -40.5436
29.8081 -2.0907 -41.8156
26.9811 -0.551699 -39.7006
27.9361 -2.5007 -36.5026
31.6691 -1.5837 -37.0696
30.6191 2.1063 -37.4296
28.9681 1.9173 -33.9696
32.1281 0.336301 -32.4006
34.4281 2.8973 -34.1286
32.4291 5.8713 -32.6826
32.3761 4.6753 -28.9846
35.6631 6.4283 -27.8476
34.7261 9.8613 -29.3196
31.0411 9.5063 -28.2796
32.3821 8.9583 -24.7086
34.8541 11.9013 -25.0956
31.9271 14.1523 -26.1786
29.6151 13.0003 -23.2886
32.4201 13.7683 -20.7776
33.0741 17.2183 -22.4026
29.3251 18.0153 -21.9266
29.4521 17.0043 -18.2016
32.7771 18.8693 -17.6116

31.1191 21.9483 -19.2946
28.6391 21.9333 -16.3206
25.4701 20.6363 -18.1116
22.7761 19.6833 -15.5836
20.5231 17.3343 -17.7076

20.7421 15.7393 -21.1886
19.5741 12.6633 -23.1596
21.9441 10.3013 -25.0346
20.3581 8.2343 -27.8386
21.9791 5.0793 -29.3096

20.5971 1.7783 -30.7866
23.4751 -0.765699 -30.7316

23.6061 -2.4497 -27.2786
27.4691 -2.2477 -27.2206
27.2391 1.6093 -27.4626
24.6361 1.7943 -24.6186
26.7971 -0.640699 -22.5326
30.0621 1.3413 -23.0866
28.3851 4.7203 -22.2406
26.8321 3.2913 -19.0016
30.1681 1.6583 -17.9716
32.1101 4.9613 -18.3916
29.4241 6.9743 -16.4836
29.6421 4.3833 -13.6186
33.5041 4.6073 -13.7336

33.2161 8.4623 -13.4776
30.5481 8.0303 -10.6766
27.9701 9.9903 -12.7786
24.3661 9.3033 -11.7096

22.3631 8.3123 -14.8206
19.2781 6.3443 -15.9866
19.2001 3.6273 -18.7026
16.1981 2.5263 -20.8466

16.4641 -0.195699 -23.5446
14.6311 -3.2917 -24.9586
15.2091 -5.2087 -21.6496
13.7751 -2.4597 -19.3336
10.2621 -3.4647 -18.1446
7.09906 -1.3687 -18.8006
6.72606 -0.260699 -15.1126

10.4841 0.381301 -14.5256
10.4751 2.6063 -17.6926
7.91406 4.9383 -16.0286
9.76306 4.8833 -12.6446
13.1991 5.6713 -14.2526
11.4581 8.4403 -16.2756
10.1241 9.9283 -12.9756
13.6011 9.5453 -11.3226
15.2491 11.5613 -14.1906
12.4011 14.1613 -14.1406
12.3271 14.7253 -10.3296

15.9601 14.0623 -9.19557
18.5441 16.8443 -9.88157
21.3471 14.2163 -9.43157
20.5361 12.2123 -12.6096
22.5051 14.1933 -15.2306

22.3631 11.6693 -18.1436
19.6031 9.4983 -19.6226
21.0651 6.6363 -21.7526
18.2091 5.7263 -24.1256
17.6351 3.1983 -26.9136

16.3231 5.0943 -30.0146
13.8941 2.1843 -30.7236
12.8311 1.3353 -27.1266
12.3441 4.9293 -25.7596
10.6221 6.4583 -28.8926
7.16106 5.9843 -27.2046
5.16306 6.9403 -24.0536
7.93006 8.7063 -22.0586
8.37906 12.4783 -21.3736
11.8321 14.0213 -20.6646
10.9951 17.7563 -20.2186
13.7051 18.0883 -17.4656
16.4891 18.0233 -20.1386
17.3731 20.8283 -22.6356

19.8201 18.7513 -24.7776
19.5111 15.5873 -26.9196
22.6781 13.8203 -28.2046
22.3011 11.1873 -30.9486

25.4611 9.0643 -30.5046
24.2521 7.0443 -33.5356
22.2411 7.8473 -36.6836
19.0481 5.8823 -37.4796
17.9621 5.3283 -41.1466
14.3161 6.3003 -40.4016

13.7761 10.0773 -39.7536
10.3031 9.5293 -38.1906
12.0041 7.6623 -35.2706
14.6231 10.4583 -34.8556
11.7861 13.0863 -34.7016
9.90606 10.8463 -32.1666
13.0841 10.8393 -29.9866
13.5581 14.6903 -30.2186

9.86006 15.1653 -29.2006
10.5341 13.3183 -25.9166
12.1551 16.5983 -24.6516
10.2231 19.1203 -26.7966
6.83906 18.6273 -24.9726
4.29906 20.8013 -23.0896
6.22306 21.7433 -19.8926
9.53106 22.5153 -21.7146
10.7601 26.1153 -21.0006
14.2821 26.0463 -22.6136
15.3851 26.0093 -26.2996

16.0071 22.3283 -27.1226
19.4971 21.5073 -28.4546
19.7591 18.4563 -30.7896
23.3201 17.2043 -31.5306
23.8241 14.5203 -34.2426
27.2441 12.8253 -33.7346
28.7771 11.8093 -37.1376

32.1661 10.3093 -38.1596
33.8671 10.8283 -41.5886
34.9731 7.4633 -43.1126
31.9501 5.4883 -41.6946
28.2781 4.4883 -42.3206

27.2661 8.0723 -41.2416
28.5851 9.4163 -44.6256
25.8051 7.4083 -46.4356
23.1061 7.4853 -43.7016
23.0701 11.2993 -43.2816
22.2591 12.1413 -46.9956
19.6741 9.2543 -46.9456
17.9651 10.6913 -43.8016
17.9781 14.2043 -45.4186
16.2851 13.1213 -48.7006
13.6841 11.1963 -46.5856
12.8421 14.3313 -44.4666
12.4821 16.3233 -47.7386
10.0091 13.6783 -49.1036
8.08706 13.9443 -45.7716
8.10206 17.8083 -45.9356
6.87506 17.8923 -49.6056

4.00206 15.5703 -48.4886
3.20206 18.1123 -45.6436
4.27806 15.5113 -42.9996
7.29806 17.4183 -41.5236
8.47306 21.0333 -40.9516
11.9311 19.5943 -40.2166
14.4051 20.7303 -42.8616
17.8451 19.0583 -42.3886
19.7301 20.8643 -45.2776

20.7361 23.9533 -43.1956
22.7841 21.7643 -40.7526
25.1311 20.4473 -43.5316
25.9821 23.8443 -45.0906

27.2471 24.8033 -41.5606
29.7321 21.8303 -41.1376

End chain 1
