-13.201 -6.296 -53.957
-10.703 -3.406 -53.291
-9.54 -3.087 -49.639
-11.02 0.322 -48.639
-8.614 1.85 -46.053
-10.787 3.126 -43.162

-9.634 6.195 -41.181
-10.061 4.9 -37.589
-10.286 6.838 -34.306
-12.195 7.103 -30.979
-14.163 9.439 -28.711
-12.619 10.223 -25.263
-14.157 12.207 -22.344

-11.943 15.248 -21.466
-14.301 16.978 -18.949
-17.827 16.65 -17.399
-19.139 18.761 -20.353

-16.752 17.96 -23.312
-15.482 14.956 -25.281
-12.62 14.751 -27.824
-12.437 12.939 -31.204
-8.982 11.264 -31.393
-8.672 10.357 -35.1

-6.282 10.744 -38.079
-6.98 13.557 -40.6
-9.895 13.022 -43.051

-11.208 15.853 -45.293
-14.92 14.856 -45.011
-14.611 14.37 -41.226
-13.015 17.857 -40.827
-15.875 19.254 -42.999
-18.403 17.482 -40.669
-16.559 18.759 -37.515
-16.844 22.341 -38.957

-20.697 21.797 -39.029
-20.861 21.033 -35.24
-22.116 23.933 -33.104
-20.016 23.255 -29.939
-16.791 22.621 -31.971

-13.393 23.436 -30.391
-10.011 22.816 -32.063
-6.805 22.812 -29.99

-3.883 23.919 -32.209
-1.328 22.314 -29.773
-2.753 18.736 -29.691
-4.334 19.137 -33.217

-7.578 17.622 -31.79
-11.313 18.386 -31.995
-13.683 18.544 -28.991
-17.466 19.001 -28.65
-20.131 19.402 -25.91

-21.257 16.038 -24.476
-24.923 16.743 -25.497
-23.731 16.722 -29.178
-22.178 13.179 -28.839
-25.228 11.354 -30.322
-25.57 14.044 -33.093
-21.852 13.682 -34.021
-21.815 9.829 -34.037
-25.045 9.774 -36.128
-23.507 12.176 -38.75
-20.093 10.348 -38.803

-21.793 6.948 -39.527
-22.962 8.546 -42.834
-19.328 9.196 -43.991
-17.677 6.563 -46.261
-14.251 5.2 -45.121

-14.46 6.789 -41.562
-14.765 4.819 -38.279
-15.142 6.964 -35.114
-15.663 4.659 -32.101

-18.218 6.249 -29.657
-17.862 6.903 -25.912
-18.35 3.469 -24.195
-21.794 2.549 -22.772
-20.235 2.829 -19.255
-19.534 6.58 -19.812
-22.964 7.196 -21.431
-24.623 5.531 -18.378
-22.42 7.523 -15.909

-23.028 10.919 -17.654
-26.668 10.153 -18.714
-27.851 13.482 -17.123

-25.214 15.594 -18.963
-26 13.8 -22.296
-29.631 15.147 -21.909

-30.2569 17.8642 -19.4326
-32.227 19.7918 -16.8027
-33.6932 22.0452 -14.2377
-34.1564 20.1083 -10.9841
-30.3611 19.6946 -10.594
-28.9574 16.9919 -8.19793
-27.2925 18.4615 -5.17396

-29.7264 17.6959 -2.35741
-29.0156 21.0427 -0.703162
-29.6041 22.8922 -3.97053
-32.9198 21.1104 -4.49411
-34.0598 21.9928 -0.977746
-33.1717 25.6504 -1.50335

-35.5937 25.3494 1.42165
-33.2557 23.9504 4.12865
-35.9437 24.1184 6.94065
-36.0257 20.2584 7.07665
-32.1867 20.2484 7.60765
-30.6867 20.4054 11.1227

-30.3867 24.1734 12.0667
-26.8577 23.6084 13.5247
-25.6627 22.5684 10.0207
-27.5977 25.2844 8.08365
-26.2687 28.1074 10.3737
-22.6047 26.9194 10.0147

-22.5537 26.9214 6.14865
-20.3117 29.6864 4.73965

-21.9727 31.7914 1.91665
-20.0977 29.8824 -0.850346
-20.9307 26.5014 0.819654
-24.6627 27.5064 0.830654
-24.4287 28.4174 -2.89935
-22.8097 24.9544 -3.50035
-25.6547 23.1744 -1.60235
-28.2297 25.1834 -3.65535
-26.4217 24.2644 -6.95035
-26.2967 20.5584 -5.96135
-30.0627 20.5904 -5.11835
-30.8907 22.4424 -8.41135

-28.8397 19.7444 -10.3183
-31.0807 17.1474 -8.51635
-28.3787 15.7994 -6.11635

-26.2187 14.4524 -9.02035
-22.8227 16.2174 -9.08335
-19.0757 16.1114 -8.56735
-18.1617 18.6404 -5.82535

-14.5607 19.2944 -6.97435

-14.0017 22.2884 -4.62135
-10.3707 22.7044 -3.46935

-8.91475 20.8144 -0.448346
-10.2277 22.0554 2.93765
-13.0997 24.2684 1.52765
-15.5727 22.0804 3.56165

-16.7107 19.4534 0.984654
-17.8787 17.1804 3.88765
-20.2297 19.8134 5.46965
-21.7427 20.6054 2.00765
-22.1487 16.8374 1.24365
-23.8867 16.1414 4.61465
-26.2817 19.0954 3.95165
-27.1137 17.9544 0.348654
-27.7127 14.3764 1.61665
-29.8217 15.6194 4.61465
-32.0937 17.6304 2.23165

-32.7667 14.1574 0.660654

-33.2507 12.3924 4.13465
-36.7527 11.2424 2.92365
-34.9167 9.14337 0.215654
-32.4927 7.23137 2.56365
-30.8477 4.68637 3.32365

-27.6407 6.65137 2.64165
-24.4177 4.96237 1.42265
-21.1017 6.77137 2.15065
-17.9987 5.36037 0.376654
-14.6957 6.74237 1.75665

-10.9167 6.08337 2.13965
-10.2827 3.27937 4.72065
-8.72275 5.79437 7.24665
-11.5557 8.45937 7.35265

-14.6247 6.23137 8.15665
-14.7617 7.34637 11.8287
-14.0207 10.9974 10.7837
-17.2317 10.7954 8.65965
-19.2807 9.20237 11.5287
-18.1347 12.0194 13.8827
-18.9757 14.5754 11.1227
-22.5887 13.2104 10.9137
-22.9487 13.2394 14.7647
-21.4627 16.7994 14.8767
-23.6897 18.2944 12.1317

-26.9877 16.2904 12.3937
-27.7177 16.0494 16.2097
-31.2547 14.8904 15.1017
-29.6307 11.3984 14.5597
-28.8967 8.81437 17.2707

-25.4987 6.99537 17.0107
-27.5047 3.77937 16.2337
-28.6467 5.43237 12.9447

-24.9577 5.28337 11.7297
-23.3717 1.97537 10.6417
-19.5477 2.05837 10.2347

-18.5687 -1.01663 8.18865
-15.1827 -2.20363 9.52565
-15.0677 -5.73763 7.96665
-16.2717 -7.69963 4.88865
-18.6357 -9.72063 7.22365
-20.6547 -6.70863 8.47065
-24.2187 -5.81763 7.31265
-23.9417 -2.87363 4.85465
-27.6827 -2.00263 5.42665
-27.7857 -2.06663 9.28065
-27.9747 1.76737 9.68965
-29.9467 4.63337 8.14865

-26.4547 5.95937 7.19165
-23.9317 3.26637 6.11865
-20.2027 4.20137 5.95665
-17.8757 1.79737 4.04065
-14.3957 1.80437 2.44465

-13.5247 1.35937 -1.26935
-11.6237 -1.90963 -0.471346
-14.6997 -3.44663 1.26665
-17.1667 -2.66963 -1.62435

-15.7927 -5.61563 -3.70635
-16.1537 -7.97363 -0.663346
-19.7097 -6.64063 -0.00134636
-20.8807 -6.71563 -3.70735
-23.5977 -9.31563 -2.80235
-25.1097 -6.73663 -0.334346
-24.8217 -3.79463 -2.85735
-27.9377 -5.33363 -4.56835
-30.0547 -3.35163 -2.02135
-30.9607 -0.0376254 -3.79435
-29.2337 2.86437 -2.00435
-31.1027 5.88437 -3.48635

-28.5707 8.42237 -2.05435
-24.8027 7.80137 -2.41735
-21.8737 9.95437 -1.24435
-18.3837 8.98937 -2.48635

-15.5287 10.8624 -0.787346
-12.2077 11.2344 -2.69535

-13.9327 9.74737 -5.81535
-10.6317 9.89237 -7.81435
-10.1187 6.35737 -6.30235
-12.6407 5.23337 -9.02235

-10.4247 6.66337 -11.9003
-9.72775 3.19037 -13.4573
-12.7797 1.11637 -14.5823
-10.8607 -2.24863 -14.4843
-10.2527 -2.01663 -10.6853

-12.4177 -4.16963 -8.35435
-13.4347 -1.02263 -6.33335
-14.6987 0.690375 -9.53935
-16.4527 -2.49363 -10.8523
-18.3277 -2.80563 -7.49435
-19.1797 0.962375 -7.17835
-20.3317 1.74637 -10.7713
-23.5667 -0.423625 -10.8493
-24.8277 1.31337 -7.64535
-23.8707 4.82737 -8.91035
-25.7597 4.27337 -12.2323
-29.0147 3.17237 -10.4223

-28.9387 5.45537 -7.31135
-31.2387 8.55737 -7.55035

-28.6927 10.9834 -5.95035
-24.8857 10.7524 -6.47535
-22.6357 13.1764 -4.55635
-19.0117 12.6424 -5.66935
-16.2937 14.5784 -3.75835

-12.6057 15.1644 -4.66535
-9.86475 17.8114 -4.27335
-8.15675 16.4004 -7.38335
-10.8687 14.8774 -9.67835
-8.12975 14.0784 -12.1913
-4.71075 13.1434 -10.7233
-2.68775 13.3724 -14.0023
-4.82675 12.9144 -17.2103

-8.35275 13.5114 -18.7303
-9.01175 9.70337 -18.9473
-9.26875 9.58137 -15.0693
-12.4857 11.7294 -15.2253
-14.4947 9.25337 -17.3743
-15.7707 7.07337 -14.4603
-16.8477 10.2074 -12.4893
-18.6047 11.6934 -15.6043
-20.6257 8.46137 -16.2223
-21.4117 8.17337 -12.4603
-22.9707 11.7164 -12.4423

-24.4737 11.4454 -16.0183
-24.8587 7.72937 -17.1033
-26.0387 8.84837 -20.6263
-22.8017 10.8094 -21.3543
-20.2037 8.86337 -23.4383
-21.7667 5.31437 -23.0753
-18.4427 3.88237 -24.4173

-14.9677 5.08037 -23.2753
-13.5857 5.07737 -26.8783
-15.7327 8.13237 -27.8763
-14.4317 10.0684 -24.8053
-10.8317 8.90037 -25.5143
-10.8947 9.93737 -29.2303
-12.1047 13.4654 -28.2763
-10.2697 14.2794 -24.9883

-7.37675 11.7484 -24.6103
-5.71775 12.2314 -28.0883
-6.36575 8.52237 -28.7043

-3.78875 6.87537 -31.0353
-4.03775 3.52737 -32.8773
-0.757749 1.68437 -32.1203

0.238251 -1.79763 -33.5483
-0.811749 -3.36463 -30.1613

-4.16775 -1.47163 -29.7543
-5.33175 2.01137 -28.6603
-3.24175 4.43637 -26.5783

-5.25275 6.90737 -24.3843
-2.32175 8.52337 -22.4253
-2.65275 11.8504 -24.3183
-4.87175 14.9374 -23.9723
-6.99975 16.9974 -26.4113
-9.75475 19.6924 -26.4893

-9.29475 20.4094 -22.7143
-11.1257 23.8074 -22.8133
-14.2257 22.0314 -24.2703
-13.9007 19.3174 -21.5663
-13.7197 22.0854 -18.8733
-16.9277 23.7234 -20.2423
-18.7607 20.3284 -20.3513
-17.6487 19.5054 -16.7643
-18.7077 22.9034 -15.2773
-22.1097 22.9534 -17.0903
-23.2867 19.3444 -16.5553

-21.0557 17.3424 -14.0893

-18.9227 19.4004 -11.7053
-18.9807 22.2944 -9.23435

-15.3777 23.5364 -8.70135
-14.0707 26.5374 -6.71235
-10.4957 27.3724 -5.73835

-8.96975 28.8564 -2.51035
-8.35875 32.0604 -4.53235
-12.1137 32.3094 -5.43235
-13.5537 31.9394 -1.87235

-10.7427 32.4344 0.749654
-8.78175 35.6694 -0.0813464
-7.36775 35.4324 3.51865
-5.36275 32.1644 3.10265

-1.56375 32.8584 3.08765
0.189251 32.1244 -0.236346

1.84525 28.7544 -0.979346
5.46125 29.6024 -1.95735
6.99825 26.7124 -3.95935
10.6773 26.2144 -4.90635
13.0393 23.6054 -6.30835
16.0803 22.9104 -4.06735
18.8993 21.3564 -6.12235

20.6793 19.1554 -3.53135
24.3943 18.9744 -4.34135

25.3783 15.7434 -6.26435
28.9933 16.2144 -4.93635
27.9553 14.0224 -1.91435

26.9143 11.2334 -4.39935
30.0523 9.05237 -4.33335

31.5583 7.77937 -7.63135
30.2463 4.16137 -7.09035
26.6243 5.35937 -6.53935
26.9013 7.68937 -9.60035
28.3303 4.84437 -11.7523
25.3923 2.62737 -10.5673
22.8463 5.36237 -11.5653
24.6433 5.76037 -14.9553
24.5563 1.93437 -15.3863
20.7833 1.62537 -14.6383
20.0953 4.67737 -16.9063
22.0503 3.00137 -19.7933
20.2763 -0.311625 -19.0023
16.7793 1.24037 -19.5863
17.8703 2.57137 -23.0573

19.3503 -0.758625 -24.3093
17.5203 -1.85663 -27.5143
17.6613 -5.63663 -26.9793
15.7903 -5.79763 -23.5943
12.2173 -7.02563 -23.0873

9.42125 -4.63863 -21.9333
9.74025 -6.30063 -18.4703
13.5623 -5.84163 -18.1813
13.0113 -2.13963 -19.1523
10.4223 -1.78663 -16.2773
12.7903 -3.60663 -13.8403
15.7393 -1.31463 -14.7973
13.3883 1.72337 -14.3413
12.3733 0.521375 -10.8173
16.0883 -0.0596254 -10.0103
17.0583 3.46137 -11.2823
14.2313 5.00037 -9.16735
15.1863 3.05137 -5.96935
18.9193 3.96837 -6.53635
17.8693 7.65837 -6.89635
16.2183 7.46937 -3.43635
19.3783 5.88837 -1.86735
21.6783 8.44937 -3.59535
19.6793 11.4234 -2.14935
19.6263 10.2274 1.54865
22.9133 11.9804 2.68565
21.9763 15.4134 1.21365
18.2913 15.0584 2.25365
19.6323 14.5104 5.82465
22.1043 17.4534 5.43765
19.1773 19.7044 4.35465
16.8653 18.5524 7.24465
19.6703 19.3204 9.75565
20.3243 22.7704 8.13065
16.5753 23.5674 8.60665
16.7023 22.5564 12.3317
20.0273 24.4214 12.9217

18.3693 27.5004 11.2387
15.8893 27.4854 14.2127
12.7203 26.1884 12.4217
10.0263 25.2354 14.9497
7.77325 22.8864 12.8257

7.99225 21.2914 9.34465
6.82425 18.2154 7.37365
9.19425 15.8534 5.49865
7.60825 13.7864 2.69465
9.22925 10.6314 1.22365

7.84725 7.33037 -0.253346
10.7253 4.78637 -0.198346

10.8563 3.10237 3.25465
14.7193 3.30437 3.31265
14.4893 7.16137 3.07065
11.8863 7.34637 5.91465
14.0473 4.91137 8.00065
17.3123 6.89337 7.44665
15.6353 10.2724 8.29265
14.0823 8.84337 11.5317
17.4183 7.21037 12.5617
19.3603 10.5134 12.1417
16.6743 12.5264 14.0497
16.8923 9.93537 16.9147
20.7543 10.1594 16.7997

20.4663 14.0144 17.0557
17.7983 13.5824 19.8567
15.2203 15.5424 17.7547
11.6163 14.8554 18.8237

9.61325 13.8644 15.7127
6.52825 11.8964 14.5467
6.45025 9.17937 11.8307
3.44825 8.07837 9.68665

3.71425 5.35637 6.98865
1.88125 2.26037 5.57465
2.45925 0.343375 8.88365
1.02525 3.09237 11.1997
-2.48775 2.08737 12.3887
-5.65075 4.18337 11.7327
-6.02375 5.29137 15.4207

-2.26575 5.93337 16.0077
-2.27475 8.15837 12.8407
-4.83575 10.4904 14.5047
-2.98675 10.4354 17.8887
0.449251 11.2234 16.2807
-1.29175 13.9924 14.2577
-2.62575 15.4804 17.5577
0.851251 15.0974 19.2107
2.49925 17.1134 16.3427
-0.348749 19.7134 16.3927
-0.422749 20.2774 20.2037

3.21025 19.6144 21.3377
5.79425 22.3964 20.6517
8.59725 19.7684 21.1017
7.78625 17.7644 17.9237
9.75525 19.7454 15.3027

9.61325 17.2214 12.3897
6.85325 15.0504 10.9107
8.31525 12.1884 8.78065
5.45925 11.2784 6.40765
4.88525 8.75037 3.61965

3.57325 10.6464 0.518654
1.14425 7.73637 -0.190346
0.0812509 6.88737 3.40665
-0.405749 10.4814 4.77365
-2.12775 12.0104 1.64065
-5.58875 11.5364 3.32865
-7.58675 12.4924 6.47965
-4.81975 14.2584 8.47465
-4.37075 18.0304 9.15965
-0.917749 19.5734 9.86865
-1.75475 23.3084 10.3147
0.955251 23.6404 13.0677
3.73925 23.5754 10.3947
4.62325 26.3804 7.89765

7.07025 24.3034 5.75565
6.76125 21.1394 3.61365
9.92825 19.3724 2.32865
9.55125 16.7394 -0.415346

12.7113 14.6164 0.0286536
11.5023 12.5964 -3.00235
9.49125 13.3994 -6.15035
6.29825 11.4344 -6.94635
5.21225 10.8804 -10.6133
1.56625 11.8524 -9.86835

1.02625 15.6294 -9.22035
-2.44675 15.0814 -7.65735
-0.745749 13.2144 -4.73735
1.87325 16.0104 -4.32235
-0.963749 18.6384 -4.16835
-2.84375 16.3984 -1.63335
0.334251 16.3914 0.546654
0.808251 20.2424 0.314654

-2.88975 20.7174 1.33265
-2.21575 18.8704 4.61665
-0.594749 22.1504 5.88165
-2.52675 24.6724 3.73665
-5.91075 24.1794 5.56065
-8.45075 26.3534 7.44365
-6.52675 27.2954 10.6407
-3.21875 28.0674 8.81865
-1.98975 31.6674 9.53265
1.53225 31.5984 7.91965
2.63525 31.5614 4.23365

3.25725 27.8804 3.41065
6.74725 27.0594 2.07865
7.00925 24.0084 -0.256346
10.5703 22.7564 -0.997346
11.0743 20.0724 -3.70935
14.4943 18.3774 -3.20135
16.0273 17.3614 -6.60435

19.4163 15.8614 -7.62635
21.1173 16.3804 -11.0553
22.2233 13.0154 -12.5793
19.2003 11.0404 -11.1613
15.5283 10.0404 -11.7873

14.5163 13.6244 -10.7083
15.8353 14.9684 -14.0923
13.0553 12.9604 -15.9023
10.3563 13.0374 -13.1683
10.3203 16.8514 -12.7483
9.50925 17.6934 -16.4623
6.92425 14.8064 -16.4123
5.21525 16.2434 -13.2683
5.22825 19.7564 -14.8853
3.53525 18.6734 -18.1673
0.934251 16.7484 -16.0523
0.0922509 19.8834 -13.9333
-0.267749 21.8754 -17.2053
-2.74075 19.2304 -18.5703
-4.66275 19.4964 -15.2383
-4.64775 23.3604 -15.4023
-5.87475 23.4444 -19.0723

-8.74775 21.1224 -17.9553
-9.54775 23.6644 -15.1103
-8.47175 21.0634 -12.4663
-5.45175 22.9704 -10.9903
-4.27675 26.5854 -10.4183
-0.818749 25.1464 -9.68335
1.65525 26.2824 -12.3283
5.09525 24.6104 -11.8553
6.98025 26.4164 -14.7443

7.98625 29.5054 -12.6623
10.0343 27.3164 -10.2193
12.3813 25.9994 -12.9983
13.2323 29.3964 -14.5573

14.4973 30.3554 -11.0273
16.9823 27.3824 -10.6043

End chain 1
