-13.201 -6.296 -53.957
-10.703 -3.406 -53.291
-9.54 -3.087 -49.639
-11.02 0.322 -48.639
-8.614 1.85 -46.053
-10.787 3.126 -43.162

-9.634 6.195 -41.181
-10.061 4.9 -37.589
-10.286 6.838 -34.306
-12.195 7.103 -30.979
-14.163 9.439 -28.711
-12.619 10.223 -25.263
-14.157 12.207 -22.344

-11.943 15.248 -21.466
-14.301 16.978 -18.949
-17.827 16.65 -17.399
-19.139 18.761 -20.353

-16.752 17.96 -23.312
-15.482 14.956 -25.281
-12.62 14.751 -27.824
-12.437 12.939 -31.204
-8.982 11.264 -31.393
-8.672 10.357 -35.1

-6.282 10.744 -38.079
-6.98 13.557 -40.6
-9.895 13.022 -43.051

-11.208 15.853 -45.293
-14.92 14.856 -45.011
-14.611 14.37 -41.226
-13.015 17.857 -40.827
-15.875 19.254 -42.999
-18.403 17.482 -40.669
-16.559 18.759 -37.515
-16.844 22.341 -38.957

-20.697 21.797 -39.029
-20.861 21.033 -35.24
-22.116 23.933 -33.104
-20.016 23.255 -29.939
-16.791 22.621 -31.971

-13.393 23.436 -30.391
-10.011 22.816 -32.063
-6.805 22.812 -29.99

-3.883 23.919 -32.209
-1.328 22.314 -29.773
-2.753 18.736 -29.691
-4.334 19.137 -33.217

-7.578 17.622 -31.79
-11.313 18.386 -31.995
-13.683 18.544 -28.991
-17.466 19.001 -28.65
-20.131 19.402 -25.91

-21.257 16.038 -24.476
-24.923 16.743 -25.497
-23.731 16.722 -29.178
-22.178 13.179 -28.839
-25.228 11.354 -30.322
-25.57 14.044 -33.093
-21.852 13.682 -34.021
-21.815 9.829 -34.037
-25.045 9.774 -36.128
-23.507 12.176 -38.75
-20.093 10.348 -38.803

-21.793 6.948 -39.527
-22.962 8.546 -42.834
-19.328 9.196 -43.991
-17.677 6.563 -46.261
-14.251 5.2 -45.121

-14.46 6.789 -41.562
-14.765 4.819 -38.279
-15.142 6.964 -35.114
-15.663 4.659 -32.101

-18.218 6.249 -29.657
-17.862 6.903 -25.912
-18.35 3.469 -24.195
-21.794 2.549 -22.772
-20.235 2.829 -19.255
-19.534 6.58 -19.812
-22.964 7.196 -21.431
-24.623 5.531 -18.378
-22.42 7.523 -15.909

-23.028 10.919 -17.654
-26.668 10.153 -18.714
-27.851 13.482 -17.123

-25.214 15.594 -18.963
-26 13.8 -22.296
-29.631 15.147 -21.909

-29.014 18.802 -20.797
-28.522 21.656 -23.337
-27.494 23.803 -20.296
-24.374 24.206 -18.108
-26.03 23.63 -14.722
-23.195 22.587 -12.38
-23.731 19.355 -10.334

-27.219 19.392 -8.694
-26.798 20.208 -4.988
-26.578 17.032 -2.906
-29.814 16.999 -0.82
-29.276 16.946 2.956
-30.305 13.551 4.343

-32.727 13.25 7.268
-30.389 11.851 9.975
-33.077 12.019 12.787
-33.159 8.159 12.923
-29.32 8.149 13.454
-27.82 8.306 16.969

-27.52 12.074 17.913
-23.991 11.509 19.371
-22.796 10.469 15.867
-24.731 13.185 13.93
-23.402 16.008 16.22
-19.738 14.82 15.861

-20.3189 14.8794 12.0881
-20.0886 13.8629 8.411

-19.9417 16.6539 5.83586
-17.777 18.7814 8.12287
-15.3748 15.8929 8.69655
-15.0668 15.2798 4.95863
-14.3233 18.9515 4.31951
-11.6256 18.971 6.99624
-9.99131 15.8792 5.50867
-9.9695 17.4394 2.04339
-8.36612 20.6161 3.37791
-5.65848 18.6213 5.1478
-4.88727 16.6719 1.97798
-4.59806 19.8793 -0.0398939

-2.54706 17.1813 -1.94689
-4.78806 14.5843 -0.144894
-2.08606 13.2363 2.25511

0.0739412 11.8893 -0.648894
3.46994 13.6543 -0.711894
7.21694 13.5483 -0.195894
8.13094 16.0773 2.54611

11.7319 16.7313 1.39711

12.2909 19.7253 3.75011
15.9219 20.1413 4.90211

17.3779 18.2513 7.92311
16.0649 19.4923 11.3091
13.1929 21.7053 9.89911
10.7199 19.5173 11.9331

9.58194 16.8903 9.35611
8.41394 14.6173 12.2591
6.06294 17.2503 13.8411
4.54994 18.0423 10.3791
4.14394 14.2743 9.61511
2.40594 13.5783 12.9861
0.0109412 16.5323 12.3231
-0.821059 15.3913 8.72011
-1.42006 11.8133 9.98811
-3.52906 13.0563 12.9861
-5.80106 15.0673 10.6031

-6.47406 11.5943 9.03211

-6.95806 9.82927 12.5061
-10.4601 8.67927 11.2951
-8.62406 6.58027 8.58711
-6.20006 4.66827 10.9351
-4.55506 2.12327 11.6951

-1.34806 4.08827 11.0131
1.87494 2.39927 9.79411
5.19094 4.20827 10.5221
8.29394 2.79727 8.74811
11.5969 4.17927 10.1281

15.3759 3.52027 10.5111
16.0099 0.716274 13.0921
17.5699 3.23127 15.6181
14.7369 5.89627 15.7241

11.6679 3.66827 16.5281
11.5309 4.78327 20.2001
12.2719 8.43427 19.1551
9.06094 8.23227 17.0311
7.01194 6.63927 19.9001
8.15794 9.45627 22.2541
7.31694 12.0123 19.4941
3.70394 10.6473 19.2851
3.34394 10.6763 23.1361
4.82994 14.2363 23.2481
2.60294 15.7313 20.5031

-0.695059 13.7273 20.7651
-1.42506 13.4863 24.5811
-4.96206 12.3273 23.4731
-3.33806 8.83527 22.9311
-2.60406 6.25127 25.6421

0.793941 4.43227 25.3821
-1.21206 1.21627 24.6051
-2.35406 2.86927 21.3161

1.33494 2.72027 20.1011
2.92094 -0.587726 19.0131
6.74494 -0.504726 18.6061

7.72394 -3.57973 16.5601
11.1099 -4.76673 17.8971
11.2249 -8.30073 16.3381
10.0209 -10.2627 13.2601
7.65694 -12.2837 15.5951
5.63794 -9.27173 16.8421
2.07394 -8.38073 15.6841
2.35094 -5.43673 13.2261
-1.39006 -4.56573 13.7981
-1.49306 -4.62973 17.6521
-1.68206 -0.795726 18.0611
-3.65406 2.07027 16.5201

-0.162059 3.39627 15.5631
2.36094 0.703274 14.4901
6.08994 1.63827 14.3281
8.41694 -0.765726 12.4121
11.8969 -0.758726 10.8161

12.7679 -1.20373 7.10211
14.6689 -4.47273 7.90011
11.5929 -6.00973 9.63811
9.12594 -5.23273 6.74711

10.4999 -8.17873 4.66511
10.1389 -10.5367 7.70811
6.58294 -9.20373 8.37011
5.41194 -9.27873 4.66411
2.69494 -11.8787 5.56911
1.18294 -9.29973 8.03711
1.47094 -6.35773 5.51411
-1.64506 -7.89673 3.80311
-3.76206 -5.91473 6.35011
-4.66806 -2.60073 4.57711
-2.94106 0.301274 6.36711
-4.81006 3.32127 4.88511

-2.27806 5.85927 6.31711
1.48994 5.23827 5.95411
4.41894 7.39127 7.12711
7.90894 6.42627 5.88511

10.7639 8.29927 7.58411
14.0849 8.67127 5.67611

12.3599 7.18427 2.55611
15.6609 7.32927 0.557106
16.1739 3.79427 2.06911
13.6519 2.67027 -0.650894

15.8679 4.10027 -3.52889
16.5649 0.627274 -5.08589
13.5129 -1.44673 -6.21089
15.4319 -4.81173 -6.11289
16.0399 -4.57973 -2.31389

13.8749 -6.73273 0.0171061
12.8579 -3.58573 2.03811
11.5939 -1.87273 -1.16789
9.83994 -5.05673 -2.48089
7.96494 -5.36873 0.877106
7.11294 -1.60073 1.19311
5.96094 -0.816726 -2.39989
2.72594 -2.98673 -2.47789
1.46494 -1.24973 0.726106
2.42194 2.26427 -0.538894
0.532941 1.71027 -3.86089
-2.72206 0.609274 -2.05089

-2.64606 2.89227 1.06011
-4.94606 5.99427 0.821106

-2.40006 8.42027 2.42111
1.40694 8.18927 1.89611
3.65694 10.6133 3.81511
7.28094 10.0793 2.70211
9.99894 12.0153 4.61311

13.6869 12.6013 3.70611
16.4279 15.2483 4.09811
18.1359 13.8373 0.988106
15.4239 12.3143 -1.30689
18.1629 11.5153 -3.81989
21.5819 10.5803 -2.35189
23.6049 10.8093 -5.63089
21.4659 10.3513 -8.83889

17.9399 10.9483 -10.3589
17.2809 7.14027 -10.5759
17.0239 7.01827 -6.69789
13.8069 9.16627 -6.85389
11.7979 6.69027 -9.00289
10.5219 4.51027 -6.08889
9.44494 7.64427 -4.11789
7.68794 9.13027 -7.23289
5.66694 5.89827 -7.85089
4.88094 5.61027 -4.08889
3.32194 9.15327 -4.07089

1.81894 8.88227 -7.64689
1.43394 5.16627 -8.73189
0.253941 6.28527 -12.2549
3.49094 8.24627 -12.9829
6.08894 6.30027 -15.0669
4.52594 2.75127 -14.7039
7.84994 1.31927 -16.0459

11.3249 2.51727 -14.9039
12.7069 2.51427 -18.5069
10.5599 5.56927 -19.5049
11.8609 7.50527 -16.4339
15.4609 6.33727 -17.1429
15.3979 7.37427 -20.8589
14.1879 10.9023 -19.9049
16.0229 11.7163 -16.6169

18.9159 9.18527 -16.2389
20.5749 9.66827 -19.7169
19.9269 5.95927 -20.3329

22.5039 4.31227 -22.6639
22.2549 0.964274 -24.5059
25.5349 -0.878726 -23.7489

26.5309 -4.36073 -25.1769
25.4809 -5.92773 -21.7899

22.1249 -4.03473 -21.3829
20.9609 -0.551726 -20.2889
23.0509 1.87327 -18.2069

21.0399 4.34427 -16.0129
23.9709 5.96027 -14.0539
23.6399 9.28727 -15.9469
21.4209 12.3743 -15.6009
19.2929 14.4343 -18.0399
16.5379 17.1293 -18.1179

16.9979 17.8463 -14.3429
15.1669 21.2443 -14.4419
12.0669 19.4683 -15.8989
12.3919 16.7543 -13.1949
12.5729 19.5223 -10.5019
9.36494 21.1603 -11.8709
7.53194 17.7653 -11.9799
8.64394 16.9423 -8.39289
7.58494 20.3403 -6.90589
4.18294 20.3903 -8.71889
3.00594 16.7813 -8.18389

5.23694 14.7793 -5.71789

7.36994 16.8373 -3.33389
7.31194 19.7313 -0.862894

10.9149 20.9733 -0.329894
12.2219 23.9743 1.65911
15.7969 24.8093 2.63311

17.3229 26.2933 5.86111
17.9339 29.4973 3.83911
14.1789 29.7463 2.93911
12.7389 29.3763 6.49911

15.5499 29.8713 9.12111
17.5109 33.1063 8.29011
18.9249 32.8693 11.8901
20.9299 29.6013 11.4741

24.7289 30.2953 11.4591
26.4819 29.5613 8.13511

28.1379 26.1913 7.39211
31.7539 27.0393 6.41411
33.2909 24.1493 4.41211
36.9699 23.6513 3.46511
39.3319 21.0423 2.06311
42.3729 20.3473 4.30411
45.1919 18.7933 2.24911

46.9719 16.5923 4.84011
50.6869 16.4113 4.03011

51.6709 13.1803 2.10711
55.2859 13.6513 3.43511
54.2479 11.4593 6.45711

53.2069 8.67027 3.97211
56.3449 6.48927 4.03811

57.8509 5.21627 0.740106
56.5389 1.59827 1.28111
52.9169 2.79627 1.83211
53.1939 5.12627 -1.22889
54.6229 2.28127 -3.38089
51.6849 0.0642735 -2.19589
49.1389 2.79927 -3.19389
50.9359 3.19727 -6.58389
50.8489 -0.628726 -7.01489
47.0759 -0.937726 -6.26689
46.3879 2.11427 -8.53489
48.3429 0.438274 -11.4219
46.5689 -2.87473 -10.6309
43.0719 -1.32273 -11.2149
44.1629 0.00827351 -14.6859

45.6429 -3.32173 -15.9379
43.8129 -4.41973 -19.1429
43.9539 -8.19973 -18.6079
42.0829 -8.36073 -15.2229
38.5099 -9.58873 -14.7159

35.7139 -7.20173 -13.5619
36.0329 -8.86373 -10.0989
39.8549 -8.40473 -9.80989
39.3039 -4.70273 -10.7809
36.7149 -4.34973 -7.90589
39.0829 -6.16973 -5.46889
42.0319 -3.87773 -6.42589
39.6809 -0.839726 -5.96989
38.6659 -2.04173 -2.44589
42.3809 -2.62273 -1.63889
43.3509 0.898274 -2.91089
40.5239 2.43727 -0.795894
41.4789 0.488274 2.40211
45.2119 1.40527 1.83511
44.1619 5.09527 1.47511
42.5109 4.90627 4.93511
45.6709 3.32527 6.50411
47.9709 5.88627 4.77611
45.9719 8.86027 6.22211
45.9189 7.66427 9.92011
49.2059 9.41727 11.0571
48.2689 12.8503 9.58511
44.5839 12.4953 10.6251
45.9249 11.9473 14.1961
48.3969 14.8903 13.8091
45.4699 17.1413 12.7261
43.1579 15.9893 15.6161
45.9629 16.7573 18.1271
46.6169 20.2073 16.5021
42.8679 21.0043 16.9781
42.9949 19.9933 20.7031
46.3199 21.8583 21.2931

44.6619 24.9373 19.6101
42.1819 24.9223 22.5841
39.0129 23.6253 20.7931
36.3189 22.6723 23.3211
34.0659 20.3233 21.1971

34.2849 18.7283 17.7161
33.1169 15.6523 15.7451
35.4869 13.2903 13.8701
33.9009 11.2233 11.0661
35.5219 8.06827 9.59511

34.1399 4.76727 8.11811
37.0179 2.22327 8.17311

37.1489 0.539274 11.6261
41.0119 0.741274 11.6841
40.7819 4.59827 11.4421
38.1789 4.78327 14.2861
40.3399 2.34827 16.3721
43.6049 4.33027 15.8181
41.9279 7.70927 16.6641
40.3749 6.28027 19.9031
43.7109 4.64727 20.9331
45.6529 7.95027 20.5131
42.9669 9.96327 22.4211
43.1849 7.37227 25.2861
47.0469 7.59627 25.1711

46.7589 11.4513 25.4271
44.0909 11.0193 28.2281
41.5129 12.9793 26.1261
37.9089 12.2923 27.1951

35.9059 11.3013 24.0841
32.8209 9.33327 22.9181
32.7429 6.61627 20.2021
29.7409 5.51527 18.0581

30.0069 2.79327 15.3601
28.1739 -0.302726 13.9461
28.7519 -2.21973 17.2551
27.3179 0.529274 19.5711
23.8049 -0.475726 20.7601
20.6419 1.62027 20.1041
20.2689 2.72827 23.7921

24.0269 3.37027 24.3791
24.0179 5.59527 21.2121
21.4569 7.92727 22.8761
23.3059 7.87227 26.2601
26.7419 8.66027 24.6521
25.0009 11.4293 22.6291
23.6669 12.9173 25.9291
27.1439 12.5343 27.5821
28.7919 14.5503 24.7141
25.9439 17.1503 24.7641
25.8699 17.7143 28.5751

29.5029 17.0513 29.7091
32.0869 19.8333 29.0231
34.8899 17.2053 29.4731
34.0789 15.2013 26.2951
36.0479 17.1823 23.6741

35.9059 14.6583 20.7611
33.1459 12.4873 19.2821
34.6079 9.62527 17.1521
31.7519 8.71527 14.7791
31.1779 6.18727 11.9911

29.8659 8.08327 8.89011
27.4369 5.17327 8.18111
26.3739 4.32427 11.7781
25.8869 7.91827 13.1451
24.1649 9.44727 10.0121
20.7039 8.97327 11.7001
18.7059 9.92927 14.8511
21.4729 11.6953 16.8461
21.9219 15.4673 17.5311
25.3749 17.0103 18.2401
24.5379 20.7453 18.6861
27.2479 21.0773 21.4391
30.0319 21.0123 18.7661
30.9159 23.8173 16.2691

33.3629 21.7403 14.1271
33.0539 18.5763 11.9851
36.2209 16.8093 10.7001
35.8439 14.1763 7.95611

39.0039 12.0533 8.40011
37.7949 10.0333 5.36911
35.7839 10.8363 2.22111
32.5909 8.87127 1.42511
31.5049 8.31727 -2.24189
27.8589 9.28927 -1.49689

27.3189 13.0663 -0.848894
23.8459 12.5183 0.714106
25.5469 10.6513 3.63411
28.1659 13.4473 4.04911
25.3289 16.0753 4.20311
23.4489 13.8353 6.73811
26.6269 13.8283 8.91811
27.1009 17.6793 8.68611

23.4029 18.1543 9.70411
24.0769 16.3073 12.9881
25.6979 19.5873 14.2531
23.7659 22.1093 12.1081
20.3819 21.6163 13.9321
17.8419 23.7903 15.8151
19.7659 24.7323 19.0121
23.0739 25.5043 17.1901
24.3029 29.1043 17.9041
27.8249 29.0353 16.2911
28.9279 28.9983 12.6051

29.5499 25.3173 11.7821
33.0399 24.4963 10.4501
33.3019 21.4453 8.11511
36.8629 20.1933 7.37411
37.3669 17.5093 4.66211
40.7869 15.8143 5.17011
42.3199 14.7983 1.76711

45.7089 13.2983 0.745106
47.4099 13.8173 -2.68389
48.5159 10.4523 -4.20789
45.4929 8.47727 -2.78989
41.8209 7.47727 -3.41589

40.8089 11.0613 -2.33689
42.1279 12.4053 -5.72089
39.3479 10.3973 -7.53089
36.6489 10.4743 -4.79689
36.6129 14.2883 -4.37689
35.8019 15.1303 -8.09089
33.2169 12.2433 -8.04089
31.5079 13.6803 -4.89689
31.5209 17.1933 -6.51389
29.8279 16.1103 -9.79589
27.2269 14.1853 -7.68089
26.3849 17.3203 -5.56189
26.0249 19.3123 -8.83389
23.5519 16.6673 -10.1989
21.6299 16.9333 -6.86689
21.6449 20.7973 -7.03089
20.4179 20.8813 -10.7009

17.5449 18.5593 -9.58389
16.7449 21.1013 -6.73889
17.8209 18.5003 -4.09489
20.8409 20.4073 -2.61889
22.0159 24.0223 -2.04689
25.4739 22.5833 -1.31189
27.9479 23.7193 -3.95689
31.3879 22.0473 -3.48389
33.2729 23.8533 -6.37289

34.2789 26.9423 -4.29089
36.3269 24.7533 -1.84789
38.6739 23.4363 -4.62689
39.5249 26.8333 -6.18589

40.7899 27.7923 -2.65589
43.2749 24.8193 -2.23289

End chain 1
