-13.201 -6.296 -53.957
-10.703 -3.406 -53.291
-9.54 -3.087 -49.639
-11.02 0.322 -48.639
-8.614 1.85 -46.053
-10.787 3.126 -43.162

-9.634 6.195 -41.181
-10.061 4.9 -37.589
-10.286 6.838 -34.306
-12.195 7.103 -30.979
-14.163 9.439 -28.711
-12.619 10.223 -25.263
-14.157 12.207 -22.344

-11.943 15.248 -21.466
-14.301 16.978 -18.949
-17.827 16.65 -17.399
-19.139 18.761 -20.353

-16.752 17.96 -23.312
-15.482 14.956 -25.281
-12.62 14.751 -27.824
-12.437 12.939 -31.204
-8.982 11.264 -31.393
-8.672 10.357 -35.1

-6.282 10.744 -38.079
-6.98 13.557 -40.6
-9.895 13.022 -43.051

-11.208 15.853 -45.293
-14.92 14.856 -45.011
-14.611 14.37 -41.226
-13.015 17.857 -40.827
-15.875 19.254 -42.999
-18.403 17.482 -40.669
-16.559 18.759 -37.515
-16.844 22.341 -38.957

-20.697 21.797 -39.029
-20.861 21.033 -35.24
-22.116 23.933 -33.104
-20.016 23.255 -29.939
-16.791 22.621 -31.971

-13.393 23.436 -30.391
-10.011 22.816 -32.063
-6.805 22.812 -29.99

-3.883 23.919 -32.209
-1.328 22.314 -29.773
-2.753 18.736 -29.691
-4.334 19.137 -33.217

-7.578 17.622 -31.79
-11.313 18.386 -31.995
-13.683 18.544 -28.991
-17.466 19.001 -28.65
-20.131 19.402 -25.91

-21.257 16.038 -24.476
-24.923 16.743 -25.497
-23.731 16.722 -29.178
-22.178 13.179 -28.839
-25.228 11.354 -30.322
-25.57 14.044 -33.093
-21.852 13.682 -34.021
-21.815 9.829 -34.037
-25.045 9.774 -36.128
-23.507 12.176 -38.75
-20.093 10.348 -38.803

-21.793 6.948 -39.527
-22.962 8.546 -42.834
-19.328 9.196 -43.991
-17.677 6.563 -46.261
-14.251 5.2 -45.121

-14.46 6.789 -41.562
-14.765 4.819 -38.279
-15.142 6.964 -35.114
-15.663 4.659 -32.101

-18.218 6.249 -29.657
-17.862 6.903 -25.912
-18.35 3.469 -24.195
-21.794 2.549 -22.772
-20.235 2.829 -19.255
-19.534 6.58 -19.812
-22.964 7.196 -21.431
-24.623 5.531 -18.378
-22.42 7.523 -15.909

-23.028 10.919 -17.654
-26.668 10.153 -18.714
-27.851 13.482 -17.123

-25.214 15.594 -18.963
-26 13.8 -22.296
-29.631 15.147 -21.909

-29.014 18.802 -20.797
-28.522 21.656 -23.337
-27.494 23.803 -20.296
-24.374 24.206 -18.108
-26.03 23.63 -14.722
-23.195 22.587 -12.38
-23.731 19.355 -10.334

-27.219 19.392 -8.694
-26.798 20.208 -4.988
-26.578 17.032 -2.906
-29.814 16.999 -0.82
-29.276 16.946 2.956
-30.305 13.551 4.343

-32.727 13.25 7.268
-30.389 11.851 9.975
-33.077 12.019 12.787
-33.159 8.159 12.923
-29.32 8.149 13.454
-27.82 8.306 16.969

-27.52 12.074 17.913
-23.991 11.509 19.371
-22.796 10.469 15.867
-24.731 13.185 13.93
-23.402 16.008 16.22
-19.738 14.82 15.861

-19.687 14.822 11.995
-17.445 17.587 10.586

-19.106 19.692 7.763
-17.231 17.783 4.996
-18.064 14.402 6.666
-21.796 15.407 6.677
-21.562 16.318 2.947
-19.943 12.855 2.346
-22.788 11.075 4.244
-25.363 13.084 2.191
-23.555 12.165 -1.104
-23.43 8.459 -0.115
-27.196 8.491 0.728
-28.024 10.343 -2.565

-25.973 7.645 -4.472
-28.214 5.048 -2.67
-25.512 3.7 -0.27

-23.352 2.353 -3.174
-19.956 4.118 -3.237
-16.209 4.012 -2.721
-15.295 6.541 0.021

-13.1827 9.30468 1.73937

-9.70073 8.15205 0.744243
-9.62318 5.62133 3.57837

-8.16718 3.73133 6.59937
-9.48018 4.97233 9.98537
-12.3522 7.18533 8.57537
-14.8252 4.99733 10.6094

-15.9632 2.37033 8.03237
-17.1312 0.0973252 10.9354
-19.4822 2.73033 12.5174
-20.9952 3.52233 9.05537
-21.4012 -0.245675 8.29137
-23.1392 -0.941675 11.6624
-25.5342 2.01233 10.9994
-26.3662 0.871325 7.39637
-26.9652 -2.70667 8.66437
-29.0742 -1.46367 11.6624
-31.3462 0.547325 9.27937

-32.0192 -2.92567 7.70837

-32.5032 -4.69067 11.1824
-36.0052 -5.84067 9.97137
-34.1692 -7.93967 7.26337
-31.7452 -9.85167 9.61137
-30.1002 -12.3967 10.3714

-26.8932 -10.4317 9.68937
-23.6702 -12.1207 8.47037
-20.3542 -10.3117 9.19837
-17.2512 -11.7227 7.42437
-13.9482 -10.3407 8.80437

-10.1692 -10.9997 9.18737
-9.53518 -13.8037 11.7684
-7.97518 -11.2887 14.2944
-10.8082 -8.62367 14.4004

-13.8772 -10.8517 15.2044
-14.0142 -9.73667 18.8764
-13.2732 -6.08567 17.8314
-16.4842 -6.28767 15.7074
-18.5332 -7.88067 18.5764
-17.3872 -5.06367 20.9304
-18.2282 -2.50767 18.1704
-21.8412 -3.87267 17.9614
-22.2012 -3.84367 21.8124
-20.7152 -0.283675 21.9244
-22.9422 1.21133 19.1794

-26.2402 -0.792675 19.4414
-26.9702 -1.03367 23.2574
-30.5072 -2.19267 22.1494
-28.8832 -5.68467 21.6074
-28.1492 -8.26867 24.3184

-24.7512 -10.0877 24.0584
-26.7572 -13.3037 23.2814
-27.8992 -11.6507 19.9924

-24.2102 -11.7997 18.7774
-22.6242 -15.1077 17.6894
-18.8002 -15.0247 17.2824

-17.8212 -18.0997 15.2364
-14.4352 -19.2867 16.5734
-14.3202 -22.8207 15.0144
-15.5242 -24.7827 11.9364
-17.8882 -26.8037 14.2714
-19.9072 -23.7917 15.5184
-23.4712 -22.9007 14.3604
-23.1942 -19.9567 11.9024
-26.9352 -19.0857 12.4744
-27.0382 -19.1497 16.3284
-27.2272 -15.3157 16.7374
-29.1992 -12.4497 15.1964

-25.7072 -11.1237 14.2394
-23.1842 -13.8167 13.1664
-19.4552 -12.8817 13.0044
-17.1282 -15.2857 11.0884
-13.6482 -15.2787 9.49237

-12.7772 -15.7237 5.77837
-10.8762 -18.9927 6.57637
-13.9522 -20.5297 8.31437
-16.4192 -19.7527 5.42337

-15.0452 -22.6987 3.34137
-15.4062 -25.0567 6.38437
-18.9622 -23.7237 7.04637
-20.1332 -23.7987 3.34037
-22.8502 -26.3987 4.24537
-24.3622 -23.8197 6.71337
-24.0742 -20.8777 4.19037
-27.1902 -22.4167 2.47937
-29.3072 -20.4347 5.02637
-30.2132 -17.1207 3.25337
-28.4862 -14.2187 5.04337
-30.3552 -11.1987 3.56137

-27.8232 -8.66067 4.99337
-24.0552 -9.28167 4.63037
-21.1262 -7.12867 5.80337
-17.6362 -8.09367 4.56137

-14.7812 -6.22067 6.26037
-11.4602 -5.84867 4.35237

-13.1852 -7.33567 1.23237
-9.88418 -7.19067 -0.766626
-9.37118 -10.7257 0.745374
-11.8932 -11.8497 -1.97463

-9.67718 -10.4197 -4.85263
-8.98018 -13.8927 -6.40963
-12.0322 -15.9667 -7.53463
-10.1132 -19.3317 -7.43663
-9.50518 -19.0997 -3.63763

-11.6702 -21.2527 -1.30663
-12.6872 -18.1057 0.714374
-13.9512 -16.3927 -2.49163
-15.7052 -19.5767 -3.80463
-17.5802 -19.8887 -0.446626
-18.4322 -16.1207 -0.130626
-19.5842 -15.3367 -3.72363
-22.8192 -17.5067 -3.80163
-24.0802 -15.7697 -0.597626
-23.1232 -12.2557 -1.86263
-25.0122 -12.8097 -5.18463
-28.2672 -13.9107 -3.37463

-28.1912 -11.6277 -0.263626
-30.4912 -8.52567 -0.502626

-27.9452 -6.09967 1.09737
-24.1382 -6.33067 0.572374
-21.8882 -3.90667 2.49137
-18.2642 -4.44067 1.37837
-15.5462 -2.50467 3.28937

-11.8582 -1.91867 2.38237
-9.11718 0.728325 2.77437
-7.40918 -0.682675 -0.335626
-10.1212 -2.20567 -2.63063
-7.38218 -3.00467 -5.14363
-3.96318 -3.93967 -3.67563
-1.94018 -3.71067 -6.95463
-4.07918 -4.16867 -10.1626

-7.60518 -3.57167 -11.6826
-8.26418 -7.37967 -11.8996
-8.52118 -7.50167 -8.02163
-11.7382 -5.35367 -8.17763
-13.7472 -7.82967 -10.3266
-15.0232 -10.0097 -7.41263
-16.1002 -6.87567 -5.44163
-17.8572 -5.38967 -8.55663
-19.8782 -8.62167 -9.17463
-20.6642 -8.90967 -5.41263
-22.2232 -5.36667 -5.39463

-23.7262 -5.63767 -8.97063
-24.1112 -9.35367 -10.0556
-25.2912 -8.23467 -13.5786
-22.0542 -6.27367 -14.3066
-19.4562 -8.21967 -16.3906
-21.0192 -11.7687 -16.0276
-17.6952 -13.2007 -17.3696

-14.2202 -12.0027 -16.2276
-12.8382 -12.0057 -19.8306
-14.9852 -8.95067 -20.8286
-13.6842 -7.01467 -17.7576
-10.0842 -8.18267 -18.4666
-10.1472 -7.14567 -22.1826
-11.3572 -3.61767 -21.2286
-9.52218 -2.80367 -17.9406

-6.62918 -5.33467 -17.5626
-4.97018 -4.85167 -21.0406
-5.61818 -8.56067 -21.6566

-3.04118 -10.2077 -23.9876
-3.29018 -13.5557 -25.8296
-0.0101832 -15.3987 -25.0726

0.985817 -18.8807 -26.5006
-0.0641832 -20.4477 -23.1136

-3.42018 -18.5547 -22.7066
-4.58418 -15.0717 -21.6126
-2.49418 -12.6467 -19.5306

-4.50518 -10.1757 -17.3366
-1.57418 -8.55967 -15.3776
-1.90518 -5.23267 -17.2706
-4.12418 -2.14567 -16.9246
-6.25218 -0.0856748 -19.3636
-9.00718 2.60933 -19.4416

-8.54718 3.32633 -15.6666
-10.3782 6.72433 -15.7656
-13.4782 4.94833 -17.2226
-13.1532 2.23433 -14.5186
-12.9722 5.00233 -11.8256
-16.1802 6.64033 -13.1946
-18.0132 3.24533 -13.3036
-16.9012 2.42233 -9.71663
-17.9602 5.82033 -8.22963
-21.3622 5.87033 -10.0426
-22.5392 2.26133 -9.50763

-20.3082 0.259325 -7.04163

-18.1752 2.31733 -4.65763
-18.2332 5.21133 -2.18663

-14.6302 6.45333 -1.65363
-13.3232 9.45433 0.335374
-9.74818 10.2893 1.30937

-8.22218 11.7733 4.53737
-7.61118 14.9773 2.51537
-11.3662 15.2263 1.61537
-12.8062 14.8563 5.17537

-9.99518 15.3513 7.79737
-8.03418 18.5863 6.96637
-6.62018 18.3493 10.5664
-4.61518 15.0813 10.1504

-0.816183 15.7753 10.1354
0.936817 15.0413 6.81137

2.59282 11.6713 6.06837
6.20882 12.5193 5.09037
7.74582 9.62933 3.08837
11.4248 9.13133 2.14137
13.7868 6.52233 0.739374
16.8278 5.82733 2.98037
19.6468 4.27333 0.925374

21.4268 2.07233 3.51637
25.1418 1.89133 2.70637

26.1258 -1.33967 0.783374
29.7408 -0.868675 2.11137
28.7028 -3.06067 5.13337

27.6618 -5.84967 2.64837
30.7998 -8.03067 2.71437

32.3058 -9.30367 -0.583626
30.9938 -12.9217 -0.0426259
27.3718 -11.7237 0.508374
27.6488 -9.39367 -2.55263
29.0778 -12.2387 -4.70463
26.1398 -14.4557 -3.51963
23.5938 -11.7207 -4.51763
25.3908 -11.3227 -7.90763
25.3038 -15.1487 -8.33863
21.5308 -15.4577 -7.59063
20.8428 -12.4057 -9.85863
22.7978 -14.0817 -12.7456
21.0238 -17.3947 -11.9546
17.5268 -15.8427 -12.5386
18.6178 -14.5117 -16.0096

20.0978 -17.8417 -17.2616
18.2678 -18.9397 -20.4666
18.4088 -22.7197 -19.9316
16.5378 -22.8807 -16.5466
12.9648 -24.1087 -16.0396

10.1688 -21.7217 -14.8856
10.4878 -23.3837 -11.4226
14.3098 -22.9247 -11.1336
13.7588 -19.2227 -12.1046
11.1698 -18.8697 -9.22963
13.5378 -20.6897 -6.79263
16.4868 -18.3977 -7.74963
14.1358 -15.3597 -7.29363
13.1208 -16.5617 -3.76963
16.8358 -17.1427 -2.96263
17.8058 -13.6217 -4.23463
14.9788 -12.0827 -2.11963
15.9338 -14.0317 1.07837
19.6668 -13.1147 0.511374
18.6168 -9.42467 0.151374
16.9658 -9.61367 3.61137
20.1258 -11.1947 5.18037
22.4258 -8.63367 3.45237
20.4268 -5.65967 4.89837
20.3738 -6.85567 8.59637
23.6608 -5.10267 9.73337
22.7238 -1.66967 8.26137
19.0388 -2.02467 9.30137
20.3798 -2.57267 12.8724
22.8518 0.370325 12.4854
19.9248 2.62133 11.4024
17.6128 1.46933 14.2924
20.4178 2.23733 16.8034
21.0718 5.68733 15.1784
17.3228 6.48433 15.6544
17.4498 5.47333 19.3794
20.7748 7.33833 19.9694

19.1168 10.4173 18.2864
16.6368 10.4023 21.2604
13.4678 9.10533 19.4694
10.7738 8.15233 21.9974
8.52082 5.80333 19.8734

8.73982 4.20833 16.3924
7.57182 1.13233 14.4214
9.94182 -1.22967 12.5464
8.35582 -3.29667 9.74237
9.97682 -6.45167 8.27137

8.59482 -9.75267 6.79437
11.4728 -12.2967 6.84937

11.6038 -13.9807 10.3024
15.4668 -13.7787 10.3604
15.2368 -9.92167 10.1184
12.6338 -9.73667 12.9624
14.7948 -12.1717 15.0484
18.0598 -10.1897 14.4944
16.3828 -6.81067 15.3404
14.8298 -8.23967 18.5794
18.1658 -9.87267 19.6094
20.1078 -6.56967 19.1894
17.4218 -4.55667 21.0974
17.6398 -7.14767 23.9624
21.5018 -6.92367 23.8474

21.2138 -3.06867 24.1034
18.5458 -3.50067 26.9044
15.9678 -1.54067 24.8024
12.3638 -2.22767 25.8714

10.3608 -3.21867 22.7604
7.27582 -5.18667 21.5944
7.19782 -7.90367 18.8784
4.19582 -9.00467 16.7344

4.46182 -11.7267 14.0364
2.62882 -14.8227 12.6224
3.20682 -16.7397 15.9314
1.77282 -13.9907 18.2474
-1.74018 -14.9957 19.4364
-4.90318 -12.8997 18.7804
-5.27618 -11.7917 22.4684

-1.51818 -11.1497 23.0554
-1.52718 -8.92467 19.8884
-4.08818 -6.59267 21.5524
-2.23918 -6.64767 24.9364
1.19682 -5.85967 23.3284
-0.544183 -3.09067 21.3054
-1.87818 -1.60267 24.6054
1.59882 -1.98567 26.2584
3.24682 0.0303252 23.3904
0.398817 2.63033 23.4404
0.324817 3.19433 27.2514

3.95782 2.53133 28.3854
6.54182 5.31333 27.6994
9.34482 2.68533 28.1494
8.53382 0.681325 24.9714
10.5028 2.66233 22.3504

10.3608 0.138325 19.4374
7.60082 -2.03267 17.9584
9.06282 -4.89467 15.8284
6.20682 -5.80467 13.4554
5.63282 -8.33267 10.6674

4.32082 -6.43667 7.56637
1.89182 -9.34667 6.85737
0.828817 -10.1957 10.4544
0.341817 -6.60167 11.8214
-1.38018 -5.07267 8.68837
-4.84118 -5.54667 10.3764
-6.83918 -4.59067 13.5274
-4.07218 -2.82467 15.5224
-3.62318 0.947325 16.2074
-0.170183 2.49033 16.9164
-1.00718 6.22533 17.3624
1.70282 6.55733 20.1154
4.48682 6.49233 17.4424
5.37082 9.29733 14.9454

7.81782 7.22033 12.8034
7.50882 4.05633 10.6614
10.6758 2.28933 9.37637
10.2988 -0.343675 6.63237

13.4588 -2.46667 7.07637
12.2498 -4.48667 4.04537
10.2388 -3.68367 0.897374
7.04582 -5.64867 0.101374
5.95982 -6.20267 -3.56563
2.31382 -5.23067 -2.82063

1.77382 -1.45367 -2.17263
-1.69918 -2.00167 -0.609626
0.00181685 -3.86867 2.31037
2.62082 -1.07267 2.72537
-0.216183 1.55533 2.87937
-2.09618 -0.684675 5.41437
1.08182 -0.691675 7.59437
1.55582 3.15933 7.36237

-2.14218 3.63433 8.38037
-1.46818 1.78733 11.6644
0.152817 5.06733 12.9294
-1.77918 7.58933 10.7844
-5.16318 7.09633 12.6084
-7.70318 9.27033 14.4914
-5.77918 10.2123 17.6884
-2.47118 10.9843 15.8664
-1.24218 14.5843 16.5804
2.27982 14.5153 14.9674
3.38282 14.4783 11.2814

4.00482 10.7973 10.4584
7.49482 9.97633 9.12637
7.75682 6.92533 6.79137
11.3178 5.67333 6.05037
11.8218 2.98933 3.33837
15.2418 1.29433 3.84637
16.7748 0.278325 0.443374

20.1638 -1.22167 -0.578626
21.8648 -0.702675 -4.00763
22.9708 -4.06767 -5.53163
19.9478 -6.04267 -4.11363
16.2758 -7.04267 -4.73963

15.2638 -3.45867 -3.66063
16.5828 -2.11467 -7.04463
13.8028 -4.12267 -8.85463
11.1038 -4.04567 -6.12063
11.0678 -0.231675 -5.70063
10.2568 0.610325 -9.41463
7.67182 -2.27667 -9.36463
5.96282 -0.839675 -6.22063
5.97582 2.67333 -7.83763
4.28282 1.59033 -11.1196
1.68182 -0.334675 -9.00463
0.839817 2.80033 -6.88563
0.479817 4.79233 -10.1576
-1.99318 2.14733 -11.5226
-3.91518 2.41333 -8.19063
-3.90018 6.27733 -8.35463
-5.12718 6.36133 -12.0246

-8.00018 4.03933 -10.9076
-8.80018 6.58133 -8.06263
-7.72418 3.98033 -5.41863
-4.70418 5.88733 -3.94263
-3.52918 9.50233 -3.37063
-0.0711832 8.06333 -2.63563
2.40282 9.19933 -5.28063
5.84282 7.52733 -4.80763
7.72782 9.33333 -7.69663

8.73382 12.4223 -5.61463
10.7818 10.2333 -3.17163
13.1288 8.91633 -5.95063
13.9798 12.3133 -7.50963

15.2448 13.2723 -3.97963
17.7298 10.2993 -3.55663

End chain 1
