-13.201 -6.296 -53.957
-10.703 -3.406 -53.291
-9.54 -3.087 -49.639
-11.02 0.322 -48.639
-8.614 1.85 -46.053
-10.787 3.126 -43.162

-9.634 6.195 -41.181
-10.061 4.9 -37.589
-10.286 6.838 -34.306
-12.195 7.103 -30.979
-14.163 9.439 -28.711
-12.619 10.223 -25.263
-14.157 12.207 -22.344

-11.943 15.248 -21.466
-14.301 16.978 -18.949
-17.827 16.65 -17.399
-19.139 18.761 -20.353

-16.752 17.96 -23.312
-15.482 14.956 -25.281
-12.62 14.751 -27.824
-12.437 12.939 -31.204
-8.982 11.264 -31.393
-8.672 10.357 -35.1

-6.282 10.744 -38.079
-6.98 13.557 -40.6
-9.895 13.022 -43.051

-11.208 15.853 -45.293
-14.92 14.856 -45.011
-14.611 14.37 -41.226
-13.015 17.857 -40.827
-15.875 19.254 -42.999
-18.403 17.482 -40.669
-16.559 18.759 -37.515
-16.844 22.341 -38.957

-20.697 21.797 -39.029
-20.861 21.033 -35.24
-22.116 23.933 -33.104
-20.016 23.255 -29.939
-16.791 22.621 -31.971

-13.393 23.436 -30.391
-10.011 22.816 -32.063
-6.805 22.812 -29.99

-3.883 23.919 -32.209
-1.328 22.314 -29.773
-2.753 18.736 -29.691
-4.334 19.137 -33.217

-7.578 17.622 -31.79
-11.313 18.386 -31.995
-13.683 18.544 -28.991
-17.466 19.001 -28.65
-20.131 19.402 -25.91

-21.257 16.038 -24.476
-24.923 16.743 -25.497
-23.731 16.722 -29.178
-22.178 13.179 -28.839
-25.228 11.354 -30.322
-25.57 14.044 -33.093
-21.852 13.682 -34.021
-21.815 9.829 -34.037
-25.045 9.774 -36.128
-23.507 12.176 -38.75
-20.093 10.348 -38.803

-21.793 6.948 -39.527
-22.962 8.546 -42.834
-19.328 9.196 -43.991
-17.677 6.563 -46.261
-14.251 5.2 -45.121

-14.46 6.789 -41.562
-14.765 4.819 -38.279
-15.142 6.964 -35.114
-15.663 4.659 -32.101

-18.218 6.249 -29.657
-17.862 6.903 -25.912
-18.35 3.469 -24.195
-21.794 2.549 -22.772
-20.235 2.829 -19.255
-19.534 6.58 -19.812
-22.964 7.196 -21.431
-24.623 5.531 -18.378
-22.42 7.523 -15.909

-23.028 10.919 -17.654
-26.668 10.153 -18.714
-27.851 13.482 -17.123

-25.214 15.594 -18.963
-26 13.8 -22.296
-29.631 15.147 -21.909

-29.014 18.802 -20.797
-28.522 21.656 -23.337
-27.494 23.803 -20.296
-24.374 24.206 -18.108
-26.03 23.63 -14.722
-23.195 22.587 -12.38
-23.731 19.355 -10.334

-27.219 19.392 -8.694
-26.798 20.208 -4.988
-26.578 17.032 -2.906
-29.814 16.999 -0.82
-29.276 16.946 2.956
-30.305 13.551 4.343

-32.727 13.25 7.268
-30.389 11.851 9.975
-33.077 12.019 12.787
-33.159 8.159 12.923
-29.32 8.149 13.454
-27.82 8.306 16.969

-27.52 12.074 17.913
-23.991 11.509 19.371
-22.796 10.469 15.867
-24.731 13.185 13.93
-23.402 16.008 16.22
-19.738 14.82 15.861

-19.687 14.822 11.995
-17.445 17.587 10.586

-19.106 19.692 7.763
-17.231 17.783 4.996
-18.064 14.402 6.666
-21.796 15.407 6.677
-21.562 16.318 2.947
-19.943 12.855 2.346
-22.788 11.075 4.244
-25.363 13.084 2.191
-23.555 12.165 -1.104
-23.43 8.459 -0.115
-27.196 8.491 0.728
-28.024 10.343 -2.565

-25.973 7.645 -4.472
-28.214 5.048 -2.67
-25.512 3.7 -0.27

-23.352 2.353 -3.174
-19.956 4.118 -3.237
-16.209 4.012 -2.721
-15.295 6.541 0.021

-11.694 7.195 -1.128

-11.135 10.189 1.225
-7.504 10.605 2.377

-6.048 8.715 5.398
-7.361 9.956 8.784
-10.233 12.169 7.374
-12.706 9.981 9.408

-13.844 7.354 6.831
-15.012 5.081 9.734
-17.363 7.714 11.316
-18.876 8.506 7.854
-19.282 4.738 7.09
-21.02 4.042 10.461
-23.415 6.996 9.798
-24.247 5.855 6.195
-24.846 2.277 7.463
-26.955 3.52 10.461
-29.227 5.531 8.078

-29.9 2.058 6.507

-30.384 0.293 9.981
-33.886 -0.857 8.77
-32.05 -2.956 6.062
-29.626 -4.868 8.41
-27.981 -7.413 9.17

-24.774 -5.448 8.488
-21.551 -7.137 7.269
-18.235 -5.328 7.997
-15.132 -6.739 6.223
-11.829 -5.357 7.603

-8.05 -6.016 7.986
-7.416 -8.82 10.567
-5.856 -6.305 13.093
-8.689 -3.64 13.199

-11.758 -5.868 14.003
-11.895 -4.753 17.675
-11.154 -1.102 16.63
-14.365 -1.304 14.506
-16.414 -2.897 17.375
-15.268 -0.08 19.729
-16.109 2.476 16.969
-19.722 1.111 16.76
-20.082 1.14 20.611
-18.596 4.7 20.723
-20.823 6.195 17.978

-24.121 4.191 18.24
-24.851 3.95 22.056
-28.388 2.791 20.948
-26.764 -0.701 20.406
-26.03 -3.285 23.117

-22.632 -5.104 22.857
-24.638 -8.32 22.08
-25.78 -6.667 18.791

-22.091 -6.816 17.576
-20.505 -10.124 16.488
-16.681 -10.041 16.081

-15.702 -13.116 14.035
-12.316 -14.303 15.372
-12.201 -17.837 13.813
-13.405 -19.799 10.735
-15.769 -21.82 13.07
-17.788 -18.808 14.317
-21.352 -17.917 13.159
-21.075 -14.973 10.701
-24.816 -14.102 11.273
-24.919 -14.166 15.127
-25.108 -10.332 15.536
-27.08 -7.466 13.995

-23.588 -6.14 13.038
-21.065 -8.833 11.965
-17.336 -7.898 11.803
-15.009 -10.302 9.887
-11.529 -10.295 8.291

-10.658 -10.74 4.577
-8.757 -14.009 5.375
-11.833 -15.546 7.113
-14.3 -14.769 4.222

-12.926 -17.715 2.14
-13.287 -20.073 5.183
-16.843 -18.74 5.845
-18.014 -18.815 2.139
-20.731 -21.415 3.044
-22.243 -18.836 5.512
-21.955 -15.894 2.989
-25.071 -17.433 1.278
-27.188 -15.451 3.825
-28.094 -12.137 2.052
-26.367 -9.235 3.842
-28.236 -6.215 2.36

-25.704 -3.677 3.792
-21.936 -4.298 3.429
-19.007 -2.145 4.602
-15.517 -3.11 3.36

-12.662 -1.237 5.059
-9.341 -0.865 3.151

-11.066 -2.352 0.031
-7.765 -2.207 -1.968
-7.252 -5.742 -0.456
-9.774 -6.866 -3.176

-7.558 -5.436 -6.054
-6.861 -8.909 -7.611
-9.913 -10.983 -8.736
-7.994 -14.348 -8.638
-7.386 -14.116 -4.839

-9.551 -16.269 -2.508
-10.568 -13.122 -0.487
-11.832 -11.409 -3.693
-13.586 -14.593 -5.006
-15.461 -14.905 -1.648
-16.313 -11.137 -1.332
-17.465 -10.353 -4.925
-20.7 -12.523 -5.003
-21.961 -10.786 -1.799
-21.004 -7.272 -3.064
-22.893 -7.826 -6.386
-26.148 -8.927 -4.576

-26.072 -6.644 -1.465
-28.372 -3.542 -1.704

-25.826 -1.116 -0.104
-22.019 -1.347 -0.629
-19.769 1.077 1.29
-16.145 0.543 0.177
-13.427 2.479 2.088

-9.739 3.065 1.181
-6.998 5.712 1.573
-5.29 4.301 -1.537
-8.002 2.778 -3.832
-5.263 1.979 -6.345
-1.844 1.044 -4.877
0.179 1.273 -8.156
-1.96 0.815 -11.364

-5.486 1.412 -12.884
-6.145 -2.396 -13.101
-6.402 -2.518 -9.223
-9.619 -0.37 -9.379
-11.628 -2.846 -11.528
-12.904 -5.026 -8.614
-13.981 -1.892 -6.643
-15.738 -0.406 -9.758
-17.759 -3.638 -10.376
-18.545 -3.926 -6.614
-20.104 -0.383 -6.596

-22.7133 -1.7038 -9.04798
-24.7253 -4.29668 -7.22971
-27.9609 -5.16614 -8.91148
-25.2092 -4.99979 -11.3868
-21.8336 -6.78237 -10.7489
-24.5083 -8.64311 -8.87067
-27.7854 -9.90694 -10.4573

-28.1905 -9.25038 -14.1786
-30.7106 -6.48434 -13.5147
-28.3813 -4.83109 -11.008
-25.4952 -4.92974 -13.4785
-27.6375 -3.35265 -16.1926
-28.7208 -0.562142 -13.8511
-25.1159 0.16272 -12.8906
-24.0766 0.337925 -16.5419

-21.1836 -2.19307 -16.1639
-19.5246 -1.71007 -19.6419
-20.1726 -5.41907 -20.2579

-17.5956 -7.06607 -22.5889
-17.8446 -10.4141 -24.4309
-14.5646 -12.2571 -23.6739

-13.5686 -15.7391 -25.1019
-14.6186 -17.3061 -21.7149

-17.9746 -15.4131 -21.3079
-19.1386 -11.9301 -20.2139
-17.0486 -9.50507 -18.1319

-19.0596 -7.03407 -15.9379
-16.1286 -5.41807 -13.9789
-16.4596 -2.09107 -15.8719
-18.6786 0.995925 -15.5259
-20.8066 3.05593 -17.9649
-23.5616 5.75093 -18.0429

-23.1016 6.46793 -14.2679
-24.9326 9.86593 -14.3669
-28.0326 8.08993 -15.8239
-27.7076 5.37593 -13.1199
-27.5266 8.14393 -10.4269
-30.7346 9.78193 -11.7959
-32.5676 6.38693 -11.9049
-31.4556 5.56393 -8.31793
-32.5146 8.96193 -6.83093
-35.9166 9.01193 -8.64393
-37.0936 5.40293 -8.10893

-34.8626 3.40093 -5.64293

-32.7296 5.45893 -3.25893
-32.7876 8.35293 -0.787925

-29.1846 9.59493 -0.254925
-27.8776 12.5959 1.73407
-24.3026 13.4309 2.70807

-22.7766 14.9149 5.93607
-22.1656 18.1189 3.91407
-25.9206 18.3679 3.01407
-27.3606 17.9979 6.57407

-24.5496 18.4929 9.19607
-22.5886 21.7279 8.36507
-21.1746 21.4909 11.9651
-19.1696 18.2229 11.5491

-15.3706 18.9169 11.5341
-13.6176 18.1829 8.21007

-11.9616 14.8129 7.46707
-8.34558 15.6609 6.48907
-6.80858 12.7709 4.48707
-3.12958 12.2729 3.54007
-0.767581 9.66393 2.13807
2.27342 8.96893 4.37907
5.09242 7.41493 2.32407

6.87242 5.21393 4.91507
10.5874 5.03293 4.10507

11.5714 1.80193 2.18207
15.1864 2.27293 3.51007
14.1484 0.0809254 6.53207

13.1074 -2.70807 4.04707
16.2454 -4.88907 4.11307

17.7514 -6.16207 0.815075
16.4394 -9.78007 1.35607
12.8174 -8.58207 1.90707
13.0944 -6.25207 -1.15393
14.5234 -9.09707 -3.30593
11.5854 -11.3141 -2.12093
9.03942 -8.57907 -3.11893
10.8364 -8.18107 -6.50893
10.7494 -12.0071 -6.93993
6.97642 -12.3161 -6.19193
6.28842 -9.26407 -8.45993
8.24342 -10.9401 -11.3469
6.46942 -14.2531 -10.5559
2.97242 -12.7011 -11.1399
4.06342 -11.3701 -14.6109

5.54342 -14.7001 -15.8629
3.71342 -15.7981 -19.0679
3.85442 -19.5781 -18.5329
1.98342 -19.7391 -15.1479
-1.58958 -20.9671 -14.6409

-4.38558 -18.5801 -13.4869
-4.06658 -20.2421 -10.0239
-0.244581 -19.7831 -9.73493
-0.795581 -16.0811 -10.7059
-3.38458 -15.7281 -7.83093
-1.01658 -17.5481 -5.39393
1.93242 -15.2561 -6.35093
-0.418581 -12.2181 -5.89493
-1.43358 -13.4201 -2.37093
2.28142 -14.0011 -1.56393
3.25142 -10.4801 -2.83593
0.424419 -8.94107 -0.720925
1.37942 -10.8901 2.47707
5.11242 -9.97307 1.91007
4.06242 -6.28307 1.55007
2.41142 -6.47207 5.01007
5.57142 -8.05307 6.57907
7.87142 -5.49207 4.85107
5.87242 -2.51807 6.29707
5.81942 -3.71407 9.99507
9.10642 -1.96107 11.1321
8.16942 1.47193 9.66007
4.48442 1.11693 10.7001
5.82542 0.568925 14.2711
8.29742 3.51193 13.8841
5.37042 5.76293 12.8011
3.05842 4.61093 15.6911
5.86342 5.37893 18.2021
6.51742 8.82893 16.5771
2.76842 9.62593 17.0531
2.89542 8.61493 20.7781
6.22042 10.4799 21.3681

4.56242 13.5589 19.6851
2.08242 13.5439 22.6591
-1.08658 12.2469 20.8681
-3.78058 11.2939 23.3961
-6.03358 8.94493 21.2721

-5.81458 7.34993 17.7911
-6.98258 4.27393 15.8201
-4.61258 1.91193 13.9451
-6.19858 -0.155075 11.1411
-4.57758 -3.31007 9.67007

-5.95958 -6.61107 8.19307
-3.08158 -9.15507 8.24807

-2.95058 -10.8391 11.7011
0.912419 -10.6371 11.7591
0.682419 -6.78007 11.5171
-1.92058 -6.59507 14.3611
0.240419 -9.03007 16.4471
3.50542 -7.04807 15.8931
1.82842 -3.66907 16.7391
0.275419 -5.09807 19.9781
3.61142 -6.73107 21.0081
5.55342 -3.42807 20.5881
2.86742 -1.41507 22.4961
3.08542 -4.00607 25.3611
6.94742 -3.78207 25.2461

6.65942 0.0729254 25.5021
3.99142 -0.359075 28.3031
1.41342 1.60093 26.2011
-2.19058 0.913925 27.2701

-4.19358 -0.0770746 24.1591
-7.27858 -2.04507 22.9931
-7.35658 -4.76207 20.2771
-10.3586 -5.86307 18.1331

-10.0926 -8.58507 15.4351
-11.9256 -11.6811 14.0211
-11.3476 -13.5981 17.3301
-12.7816 -10.8491 19.6461
-16.2946 -11.8541 20.8351
-19.4576 -9.75807 20.1791
-19.8306 -8.65007 23.8671

-16.0726 -8.00807 24.4541
-16.0816 -5.78307 21.2871
-18.6426 -3.45107 22.9511
-16.7936 -3.50607 26.3351
-13.3576 -2.71807 24.7271
-15.0986 0.0509254 22.7041
-16.4326 1.53893 26.0041
-12.9556 1.15593 27.6571
-11.3076 3.17193 24.7891
-14.1556 5.77193 24.8391
-14.2296 6.33593 28.6501

-10.5966 5.67293 29.7841
-8.01258 8.45493 29.0981
-5.20958 5.82693 29.5481
-6.02058 3.82293 26.3701
-4.05158 5.80393 23.7491

-4.19358 3.27993 20.8361
-6.95358 1.10893 19.3571
-5.49158 -1.75307 17.2271
-8.34758 -2.66307 14.8541
-8.92158 -5.19107 12.0661

-10.2336 -3.29507 8.96507
-12.6626 -6.20507 8.25607
-13.7256 -7.05407 11.8531
-14.2126 -3.46007 13.2201
-15.9346 -1.93107 10.0871
-19.3956 -2.40507 11.7751
-21.3936 -1.44907 14.9261
-18.6266 0.316925 16.9211
-18.1776 4.08893 17.6061
-14.7246 5.63193 18.3151
-15.5616 9.36693 18.7611
-12.8516 9.69893 21.5141
-10.0676 9.63393 18.8411
-9.18358 12.4389 16.3441

-6.73658 10.3619 14.2021
-7.04558 7.19793 12.0601
-3.87858 5.43093 10.7751
-4.25558 2.79793 8.03107

-1.09558 0.674925 8.47507
-2.30458 -1.34507 5.44407
-4.31558 -0.542075 2.29607
-7.50858 -2.50707 1.50007
-8.59458 -3.06107 -2.16693
-12.2406 -2.08907 -1.42193

-12.7806 1.68793 -0.773925
-16.2536 1.13993 0.789075
-14.5526 -0.727075 3.70907
-11.9336 2.06893 4.12407
-14.7706 4.69693 4.27807
-16.6506 2.45693 6.81307
-13.4726 2.44993 8.99307
-12.9986 6.30093 8.76107

-16.6966 6.77593 9.77907
-16.0226 4.92893 13.0631
-14.4016 8.20893 14.3281
-16.3336 10.7309 12.1831
-19.7176 10.2379 14.0071
-22.2576 12.4119 15.8901
-20.3336 13.3539 19.0871
-17.0256 14.1259 17.2651
-15.7966 17.7259 17.9791
-12.2746 17.6569 16.3661
-11.1716 17.6199 12.6801

-10.5496 13.9389 11.8571
-7.05958 13.1179 10.5251
-6.79758 10.0669 8.19007
-3.23658 8.81493 7.44907
-2.73258 6.13093 4.73707
0.687419 4.43593 5.24507
2.22042 3.41993 1.84207

5.60942 1.91993 0.820075
7.31042 2.43893 -2.60893
8.41642 -0.926075 -4.13293
5.39342 -2.90107 -2.71493
1.72142 -3.90107 -3.34093

0.709419 -0.317075 -2.26193
2.02842 1.02693 -5.64593
-0.751581 -0.981075 -7.45593
-3.45058 -0.904075 -4.72193
-3.48658 2.90993 -4.30193
-4.29758 3.75193 -8.01593
-6.88258 0.864925 -7.96593
-8.59158 2.30193 -4.82193
-8.57858 5.81493 -6.43893
-10.2716 4.73193 -9.72093
-12.8726 2.80693 -7.60593
-13.7146 5.94193 -5.48693
-14.0746 7.93393 -8.75893
-16.5476 5.28893 -10.1239
-18.4696 5.55493 -6.79193
-18.4546 9.41893 -6.95593
-19.6816 9.50293 -10.6259

-22.5546 7.18093 -9.50893
-23.3546 9.72293 -6.66393
-22.2786 7.12193 -4.01993
-19.2586 9.02893 -2.54393
-18.0836 12.6439 -1.97193
-14.6256 11.2049 -1.23693
-12.1516 12.3409 -3.88193
-8.71158 10.6689 -3.40893
-6.82658 12.4749 -6.29793

-5.82058 15.5639 -4.21593
-3.77258 13.3749 -1.77293
-1.42558 12.0579 -4.55193
-0.574581 15.4549 -6.11093

0.690419 16.4139 -2.58093
3.17542 13.4409 -2.15793

End chain 1
