-13.201 -6.296 -53.957
-10.703 -3.406 -53.291
-9.54 -3.087 -49.639
-11.02 0.322 -48.639
-8.614 1.85 -46.053
-10.787 3.126 -43.162

-9.634 6.195 -41.181
-10.061 4.9 -37.589
-10.286 6.838 -34.306
-12.195 7.103 -30.979
-14.163 9.439 -28.711
-12.619 10.223 -25.263
-14.157 12.207 -22.344

-11.943 15.248 -21.466
-14.301 16.978 -18.949
-17.827 16.65 -17.399
-19.139 18.761 -20.353

-16.752 17.96 -23.312
-15.482 14.956 -25.281
-12.62 14.751 -27.824
-12.437 12.939 -31.204
-8.982 11.264 -31.393
-8.672 10.357 -35.1

-6.282 10.744 -38.079
-6.98 13.557 -40.6
-9.895 13.022 -43.051

-11.208 15.853 -45.293
-14.92 14.856 -45.011
-14.611 14.37 -41.226
-13.015 17.857 -40.827
-15.875 19.254 -42.999
-18.403 17.482 -40.669
-16.559 18.759 -37.515
-16.844 22.341 -38.957

-20.697 21.797 -39.029
-20.861 21.033 -35.24
-22.116 23.933 -33.104
-20.016 23.255 -29.939
-16.791 22.621 -31.971

-13.393 23.436 -30.391
-10.011 22.816 -32.063
-6.805 22.812 -29.99

-3.883 23.919 -32.209
-1.328 22.314 -29.773
-2.753 18.736 -29.691
-4.334 19.137 -33.217

-7.578 17.622 -31.79
-11.313 18.386 -31.995
-13.683 18.544 -28.991
-17.466 19.001 -28.65
-20.131 19.402 -25.91

-21.257 16.038 -24.476
-24.923 16.743 -25.497
-23.731 16.722 -29.178
-22.178 13.179 -28.839
-25.228 11.354 -30.322
-25.57 14.044 -33.093
-21.852 13.682 -34.021
-21.815 9.829 -34.037
-25.045 9.774 -36.128
-23.507 12.176 -38.75
-20.093 10.348 -38.803

-21.793 6.948 -39.527
-22.962 8.546 -42.834
-19.328 9.196 -43.991
-17.677 6.563 -46.261
-14.251 5.2 -45.121

-14.46 6.789 -41.562
-14.765 4.819 -38.279
-15.142 6.964 -35.114
-15.663 4.659 -32.101

-18.218 6.249 -29.657
-17.862 6.903 -25.912
-18.35 3.469 -24.195
-21.794 2.549 -22.772
-20.235 2.829 -19.255
-19.534 6.58 -19.812
-22.964 7.196 -21.431
-24.623 5.531 -18.378
-22.42 7.523 -15.909

-23.028 10.919 -17.654
-26.668 10.153 -18.714
-27.851 13.482 -17.123

-25.214 15.594 -18.963
-26 13.8 -22.296
-29.631 15.147 -21.909

-29.014 18.802 -20.797
-28.522 21.656 -23.337
-27.494 23.803 -20.296
-24.374 24.206 -18.108
-26.03 23.63 -14.722
-23.195 22.587 -12.38
-23.731 19.355 -10.334

-27.219 19.392 -8.694
-26.798 20.208 -4.988
-26.578 17.032 -2.906
-29.814 16.999 -0.82
-29.276 16.946 2.956
-30.305 13.551 4.343

-32.727 13.25 7.268
-30.389 11.851 9.975
-33.077 12.019 12.787
-33.159 8.159 12.923
-29.32 8.149 13.454
-27.82 8.306 16.969

-27.52 12.074 17.913
-23.991 11.509 19.371
-22.796 10.469 15.867
-24.731 13.185 13.93
-23.402 16.008 16.22
-19.738 14.82 15.861

-19.687 14.822 11.995
-17.445 17.587 10.586

-19.106 19.692 7.763
-17.231 17.783 4.996
-18.064 14.402 6.666
-21.796 15.407 6.677
-21.562 16.318 2.947
-19.943 12.855 2.346
-22.788 11.075 4.244
-25.363 13.084 2.191
-23.555 12.165 -1.104
-23.43 8.459 -0.115
-27.196 8.491 0.728
-28.024 10.343 -2.565

-25.973 7.645 -4.472
-28.214 5.048 -2.67
-25.512 3.7 -0.27

-23.352 2.353 -3.174
-19.956 4.118 -3.237
-16.209 4.012 -2.721
-15.295 6.541 0.021

-11.694 7.195 -1.128

-11.135 10.189 1.225
-7.504 10.605 2.377

-6.048 8.715 5.398
-7.361 9.956 8.784
-10.233 12.169 7.374
-12.706 9.981 9.408

-13.844 7.354 6.831
-15.012 5.081 9.734
-17.363 7.714 11.316
-18.876 8.506 7.854
-19.282 4.738 7.09
-21.02 4.042 10.461
-23.415 6.996 9.798
-24.247 5.855 6.195
-24.846 2.277 7.463
-26.955 3.52 10.461
-29.227 5.531 8.078

-29.9 2.058 6.507

-30.384 0.293 9.981
-33.886 -0.857 8.77
-32.05 -2.956 6.062
-29.626 -4.868 8.41
-27.981 -7.413 9.17

-24.774 -5.448 8.488
-21.551 -7.137 7.269
-18.235 -5.328 7.997
-15.132 -6.739 6.223
-11.829 -5.357 7.603

-9.19276 -2.59093 6.89819
-6.4817 -0.938853 4.89165
-4.58088 -3.2143 2.46755
-6.03413 -6.67699 3.0114

-7.52162 -8.03582 6.2338
-8.37674 -4.5316 7.43052
-10.0846 -3.71809 4.13442
-12.1508 -6.90299 4.3077
-13.2491 -6.11237 7.85897
-14.3001 -2.60079 6.85538
-16.3342 -3.9391 3.93745
-18.0997 -6.4399 6.18952
-18.9684 -3.71728 8.69463
-20.3939 -1.51063 5.94843
-22.5373 -4.3616 4.63662

-25.8353 -6.3656 4.89862
-26.5653 -6.6066 8.71462
-30.1023 -7.7656 7.60662
-28.4783 -11.2576 7.06462
-27.7443 -13.8416 9.77562

-24.3463 -15.6606 9.51562
-26.3523 -18.8766 8.73862
-27.4943 -17.2236 5.44962

-23.8053 -17.3726 4.23462
-22.2193 -20.6806 3.14662
-18.3953 -20.5976 2.73962

-17.4163 -23.6726 0.693618
-14.0303 -24.8596 2.03062
-13.9153 -28.3936 0.471618
-15.1193 -30.3556 -2.60638
-17.4833 -32.3766 -0.271382
-19.5023 -29.3646 0.975618
-23.0663 -28.4736 -0.182382
-22.7893 -25.5296 -2.64038
-26.5303 -24.6586 -2.06838
-26.6333 -24.7226 1.78562
-26.8223 -20.8886 2.19462
-28.7943 -18.0226 0.653618

-25.3023 -16.6966 -0.303382
-22.7793 -19.3896 -1.37638
-19.0503 -18.4546 -1.53838
-16.7233 -20.8586 -3.45438
-13.2433 -20.8516 -5.05038

-12.3723 -21.2966 -8.76438
-10.4713 -24.5656 -7.96638
-13.5473 -26.1026 -6.22838
-16.0143 -25.3256 -9.11938

-14.6403 -28.2716 -11.2014
-15.0013 -30.6296 -8.15838
-18.5573 -29.2966 -7.49638
-19.7283 -29.3716 -11.2024
-22.4453 -31.9716 -10.2974
-23.9573 -29.3926 -7.82938
-23.6693 -26.4506 -10.3524
-26.7853 -27.9896 -12.0634
-28.9023 -26.0076 -9.51638
-29.8083 -22.6936 -11.2894
-28.0813 -19.7916 -9.49938
-29.9503 -16.7716 -10.9814

-27.4183 -14.2336 -9.54938
-23.6503 -14.8546 -9.91238
-20.7213 -12.7016 -8.73938
-17.2313 -13.6666 -9.98138

-14.3763 -11.7936 -8.28238
-11.0553 -11.4216 -10.1904

-12.7803 -12.9086 -13.3104
-9.47927 -12.7636 -15.3094
-8.96627 -16.2986 -13.7974
-11.4883 -17.4226 -16.5174

-9.27227 -15.9926 -19.3954
-8.57527 -19.4656 -20.9524
-11.6273 -21.5396 -22.0774
-9.70827 -24.9046 -21.9794
-9.10027 -24.6726 -18.1804

-11.2653 -26.8256 -15.8494
-12.2823 -23.6786 -13.8284
-13.5463 -21.9656 -17.0344
-15.3003 -25.1496 -18.3474
-17.1753 -25.4616 -14.9894
-18.0273 -21.6936 -14.6734
-19.1793 -20.9096 -18.2664
-22.4143 -23.0796 -18.3444
-23.6753 -21.3426 -15.1404
-22.7183 -17.8286 -16.4054
-24.6073 -18.3826 -19.7274
-27.8623 -19.4836 -17.9174

-27.7863 -17.2006 -14.8064
-30.0863 -14.0986 -15.0454

-27.5403 -11.6726 -13.4454
-23.7333 -11.9036 -13.9704
-21.4833 -9.4796 -12.0514
-17.8593 -10.0136 -13.1644
-15.1413 -8.0776 -11.2534

-11.4533 -7.4916 -12.1604
-8.71227 -4.8446 -11.7684
-7.00427 -6.2556 -14.8784
-9.71627 -7.7786 -17.1734
-6.97727 -8.5776 -19.6864
-3.55827 -9.5126 -18.2184
-1.53527 -9.2836 -21.4974
-3.67427 -9.7416 -24.7054

-7.20027 -9.1446 -26.2254
-7.85927 -12.9526 -26.4424
-8.11627 -13.0746 -22.5644
-11.3333 -10.9266 -22.7204
-13.3423 -13.4026 -24.8694
-14.6183 -15.5826 -21.9554
-15.6953 -12.4486 -19.9844
-17.4523 -10.9626 -23.0994
-19.4733 -14.1946 -23.7174
-20.2593 -14.4826 -19.9554
-21.8183 -10.9396 -19.9374

-23.3213 -11.2106 -23.5134
-23.7063 -14.9266 -24.5984
-24.8863 -13.8076 -28.1214
-21.6493 -11.8466 -28.8494
-19.0513 -13.7926 -30.9334
-20.6143 -17.3416 -30.5704
-17.2903 -18.7736 -31.9124

-13.8153 -17.5756 -30.7704
-12.4333 -17.5786 -34.3734
-14.5803 -14.5236 -35.3714
-13.2793 -12.5876 -32.3004
-9.67927 -13.7556 -33.0094
-9.74227 -12.7186 -36.7254
-10.9523 -9.1906 -35.7714
-9.11727 -8.3766 -32.4834

-6.22427 -10.9076 -32.1054
-4.56527 -10.4246 -35.5834
-5.21327 -14.1336 -36.1994

-2.63627 -15.7806 -38.5304
-2.88527 -19.1286 -40.3724
0.394731 -20.9716 -39.6154

1.39073 -24.4536 -41.0434
0.340731 -26.0206 -37.6564

-3.01527 -24.1276 -37.2494
-4.17927 -20.6446 -36.1554
-2.08927 -18.2196 -34.0734

-4.10027 -15.7486 -31.8794
-1.16927 -14.1326 -29.9204
-1.50027 -10.8056 -31.8134
-3.71927 -7.7186 -31.4674
-5.84727 -5.6586 -33.9064
-8.60227 -2.9636 -33.9844

-8.14227 -2.2466 -30.2094
-9.97327 1.1514 -30.3084
-13.0733 -0.624605 -31.7654
-12.7483 -3.3386 -29.0614
-12.5673 -0.570605 -26.3684
-15.7753 1.0674 -27.7374
-17.6083 -2.3276 -27.8464
-16.4963 -3.1506 -24.2594
-17.5553 0.247395 -22.7724
-20.9573 0.297395 -24.5854
-22.1343 -3.3116 -24.0504

-19.9033 -5.3136 -21.5844

-17.7703 -3.2556 -19.2004
-17.8283 -0.361605 -16.7294

-14.2253 0.880395 -16.1964
-12.9183 3.8814 -14.2074
-9.34327 4.7164 -13.2334

-7.81727 6.2004 -10.0054
-7.20627 9.4044 -12.0274
-10.9613 9.6534 -12.9274
-12.4013 9.2834 -9.36738

-9.59027 9.7784 -6.74538
-7.62927 13.0134 -7.57638
-6.21527 12.7764 -3.97638
-4.21027 9.5084 -4.39238

-0.411269 10.2024 -4.40738
1.34173 9.4684 -7.73138

2.99773 6.0984 -8.47438
6.61373 6.9464 -9.45238
8.15073 4.0564 -11.4544
11.8297 3.5584 -12.4014
14.1917 0.949395 -13.8034
17.2327 0.254395 -11.5624
20.0517 -1.2996 -13.6174

21.8317 -3.5006 -11.0264
25.5467 -3.6816 -11.8364

26.5307 -6.9126 -13.7594
30.1457 -6.4416 -12.4314
29.1077 -8.6336 -9.40938

28.0667 -11.4226 -11.8944
31.2047 -13.6036 -11.8284

32.7107 -14.8766 -15.1264
31.3987 -18.4946 -14.5854
27.7767 -17.2966 -14.0344
28.0537 -14.9666 -17.0954
29.4827 -17.8116 -19.2474
26.5447 -20.0286 -18.0624
23.9987 -17.2936 -19.0604
25.7957 -16.8956 -22.4504
25.7087 -20.7216 -22.8814
21.9357 -21.0306 -22.1334
21.2477 -17.9786 -24.4014
23.2027 -19.6546 -27.2884
21.4287 -22.9676 -26.4974
17.9317 -21.4156 -27.0814
19.0227 -20.0846 -30.5524

20.5027 -23.4146 -31.8044
18.6727 -24.5126 -35.0094
18.8137 -28.2926 -34.4744
16.9427 -28.4536 -31.0894
13.3697 -29.6816 -30.5824

10.5737 -27.2946 -29.4284
10.8927 -28.9566 -25.9654
14.7147 -28.4976 -25.6764
14.1637 -24.7956 -26.6474
11.5747 -24.4426 -23.7724
13.9427 -26.2626 -21.3354
16.8917 -23.9706 -22.2924
14.5407 -20.9326 -21.8364
13.5257 -22.1346 -18.3124
17.2407 -22.7156 -17.5054
18.2107 -19.1946 -18.7774
15.3837 -17.6556 -16.6624
16.3387 -19.6046 -13.4644
20.0717 -18.6876 -14.0314
19.0217 -14.9976 -14.3914
17.3707 -15.1866 -10.9314
20.5307 -16.7676 -9.36238
22.8307 -14.2066 -11.0904
20.8317 -11.2326 -9.64438
20.7787 -12.4286 -5.94638
24.0657 -10.6756 -4.80938
23.1287 -7.2426 -6.28138
19.4437 -7.5976 -5.24138
20.7847 -8.1456 -1.67038
23.2567 -5.2026 -2.05738
20.3297 -2.9516 -3.14038
18.0177 -4.1036 -0.250382
20.8227 -3.3356 2.26062
21.4767 0.114395 0.635618
17.7277 0.911395 1.11162
17.8547 -0.0996049 4.83662
21.1797 1.7654 5.42662

19.5217 4.8444 3.74362
17.0417 4.8294 6.71762
13.8727 3.5324 4.92662
11.1787 2.5794 7.45462
8.92573 0.230395 5.33062

9.14473 -1.3646 1.84962
7.97673 -4.4406 -0.121382
10.3467 -6.8026 -1.99638
8.76073 -8.8696 -4.80038
10.3817 -12.0246 -6.27138

8.99973 -15.3256 -7.74838
11.8777 -17.8696 -7.69338

12.0087 -19.5536 -4.24038
15.8717 -19.3516 -4.18238
15.6417 -15.4946 -4.42438
13.0387 -15.3096 -1.58038
15.1997 -17.7446 0.505618
18.4647 -15.7626 -0.0483821
16.7877 -12.3836 0.797618
15.2347 -13.8126 4.03662
18.5707 -15.4456 5.06662
20.5127 -12.1426 4.64662
17.8267 -10.1296 6.55462
18.0447 -12.7206 9.41962
21.9067 -12.4966 9.30462

21.6187 -8.6416 9.56062
18.9507 -9.0736 12.3616
16.3727 -7.1136 10.2596
12.7687 -7.8006 11.3286

10.7657 -8.7916 8.21762
7.68073 -10.7596 7.05162
7.60273 -13.4766 4.33562
4.60073 -14.5776 2.19162

4.86673 -17.2996 -0.506382
3.03373 -20.3956 -1.92038
3.61173 -22.3126 1.38862
2.17773 -19.5636 3.70462
-1.33527 -20.5686 4.89362
-4.49827 -18.4726 4.23762
-4.87127 -17.3646 7.92562

-1.11327 -16.7226 8.51262
-1.12227 -14.4976 5.34562
-3.68327 -12.1656 7.00962
-1.83427 -12.2206 10.3936
1.60173 -11.4326 8.78562
-0.139269 -8.6636 6.76262
-1.47327 -7.1756 10.0626
2.00373 -7.5586 11.7156
3.65173 -5.5426 8.84762
0.803731 -2.9426 8.89762
0.729731 -2.3786 12.7086

4.36273 -3.0416 13.8426
6.94673 -0.259605 13.1566
9.74973 -2.8876 13.6066
8.93873 -4.8916 10.4286
10.9077 -2.9106 7.80762

10.7657 -5.4346 4.89462
8.00573 -7.6056 3.41562
9.46773 -10.4676 1.28562
6.61173 -11.3776 -1.08738
6.03773 -13.9056 -3.87538

4.72573 -12.0096 -6.97638
2.29673 -14.9196 -7.68538
1.23373 -15.7686 -4.08838
0.746731 -12.1746 -2.72138
-0.975269 -10.6456 -5.85438
-4.43627 -11.1196 -4.16638
-6.43427 -10.1636 -1.01538
-3.66727 -8.3976 0.979618
-3.21827 -4.6256 1.66462
0.234731 -3.0826 2.37362
-0.602269 0.652395 2.81962
2.10773 0.984395 5.57262
4.89173 0.919395 2.89962
5.77573 3.7244 0.402618

8.22273 1.6474 -1.73938
7.91373 -1.5166 -3.88138
11.0807 -3.2836 -5.16638
10.7037 -5.9166 -7.91038

13.8637 -8.0396 -7.46638
12.6547 -10.0596 -10.4974
10.6437 -9.2566 -13.6454
7.45073 -11.2216 -14.4414
6.36473 -11.7756 -18.1084
2.71873 -10.8036 -17.3634

2.17873 -7.0266 -16.7154
-1.29427 -7.5746 -15.1524
0.406731 -9.4416 -12.2324
3.02573 -6.6456 -11.8174
0.188731 -4.0176 -11.6634
-1.69127 -6.2576 -9.12838
1.48673 -6.2646 -6.94838
1.96073 -2.4136 -7.18038

-1.73727 -1.9386 -6.16238
-1.06327 -3.7856 -2.87838
0.557731 -0.505605 -1.61338
-1.37427 2.0164 -3.75838
-4.75827 1.5234 -1.93438
-7.29827 3.6974 -0.0513821
-5.37427 4.6394 3.14562
-2.06627 5.4114 1.32362
-0.837269 9.0114 2.03762
2.68473 8.9424 0.424618
3.78773 8.9054 -3.26138

4.40973 5.2244 -4.08438
7.89973 4.4034 -5.41638
8.16173 1.3524 -7.75138
11.7227 0.100395 -8.49238
12.2267 -2.5836 -11.2044
15.6467 -4.2786 -10.6964
17.1797 -5.2946 -14.0994

20.5687 -6.7946 -15.1214
22.2697 -6.2756 -18.5504
23.3757 -9.6406 -20.0744
20.3527 -11.6156 -18.6564
16.6807 -12.6156 -19.2824

15.6687 -9.0316 -18.2034
16.9877 -7.6876 -21.5874
14.2077 -9.6956 -23.3974
11.5087 -9.6186 -20.6634
11.4727 -5.8046 -20.2434
10.6617 -4.9626 -23.9574
8.07673 -7.8496 -23.9074
6.36773 -6.4126 -20.7634
6.38073 -2.8996 -22.3804
4.68773 -3.9826 -25.6624
2.08673 -5.9076 -23.5474
1.24473 -2.7726 -21.4284
0.884731 -0.780605 -24.7004
-1.58827 -3.4256 -26.0654
-3.51027 -3.1596 -22.7334
-3.49527 0.704395 -22.8974
-4.72227 0.788395 -26.5674

-7.59527 -1.5336 -25.4504
-8.39527 1.0084 -22.6054
-7.31927 -1.5926 -19.9614
-4.29927 0.314395 -18.4854
-3.12427 3.9294 -17.9134
0.333731 2.4904 -17.1784
2.80773 3.6264 -19.8234
6.24773 1.9544 -19.3504
8.13273 3.7604 -22.2394

9.13873 6.8494 -20.1574
11.1867 4.6604 -17.7144
13.5337 3.3434 -20.4934
14.3847 6.7404 -22.0524

15.6497 7.6994 -18.5224
18.1347 4.7264 -18.0994

End chain 1
