-13.201 -6.296 -53.957
-10.703 -3.406 -53.291
-9.54 -3.087 -49.639
-11.02 0.322 -48.639
-8.614 1.85 -46.053
-10.787 3.126 -43.162

-9.634 6.195 -41.181
-10.061 4.9 -37.589
-10.286 6.838 -34.306
-12.195 7.103 -30.979
-14.163 9.439 -28.711
-12.619 10.223 -25.263
-14.157 12.207 -22.344

-11.943 15.248 -21.466
-14.301 16.978 -18.949
-17.827 16.65 -17.399
-19.139 18.761 -20.353

-16.752 17.96 -23.312
-15.482 14.956 -25.281
-12.62 14.751 -27.824
-12.437 12.939 -31.204
-8.982 11.264 -31.393
-8.672 10.357 -35.1

-6.282 10.744 -38.079
-6.98 13.557 -40.6
-9.895 13.022 -43.051

-11.208 15.853 -45.293
-14.92 14.856 -45.011
-14.611 14.37 -41.226
-13.015 17.857 -40.827
-15.875 19.254 -42.999
-18.403 17.482 -40.669
-16.559 18.759 -37.515
-16.844 22.341 -38.957

-20.697 21.797 -39.029
-20.861 21.033 -35.24
-22.116 23.933 -33.104
-20.016 23.255 -29.939
-16.791 22.621 -31.971

-13.393 23.436 -30.391
-10.011 22.816 -32.063
-6.805 22.812 -29.99

-3.883 23.919 -32.209
-1.328 22.314 -29.773
-2.753 18.736 -29.691
-4.334 19.137 -33.217

-7.578 17.622 -31.79
-11.313 18.386 -31.995
-13.683 18.544 -28.991
-17.466 19.001 -28.65
-20.131 19.402 -25.91

-21.257 16.038 -24.476
-24.923 16.743 -25.497
-23.731 16.722 -29.178
-22.178 13.179 -28.839
-25.228 11.354 -30.322
-25.57 14.044 -33.093
-21.852 13.682 -34.021
-21.815 9.829 -34.037
-25.045 9.774 -36.128
-23.507 12.176 -38.75
-20.093 10.348 -38.803

-21.793 6.948 -39.527
-22.962 8.546 -42.834
-19.328 9.196 -43.991
-17.677 6.563 -46.261
-14.251 5.2 -45.121

-14.46 6.789 -41.562
-14.765 4.819 -38.279
-15.142 6.964 -35.114
-15.663 4.659 -32.101

-18.218 6.249 -29.657
-17.862 6.903 -25.912
-18.35 3.469 -24.195
-21.794 2.549 -22.772
-20.235 2.829 -19.255
-19.534 6.58 -19.812
-22.964 7.196 -21.431
-24.623 5.531 -18.378
-22.42 7.523 -15.909

-23.028 10.919 -17.654
-26.668 10.153 -18.714
-27.851 13.482 -17.123

-25.214 15.594 -18.963
-26 13.8 -22.296
-29.631 15.147 -21.909

-29.014 18.802 -20.797
-28.522 21.656 -23.337
-27.494 23.803 -20.296
-24.374 24.206 -18.108
-26.03 23.63 -14.722
-23.195 22.587 -12.38
-23.731 19.355 -10.334

-27.219 19.392 -8.694
-26.798 20.208 -4.988
-26.578 17.032 -2.906
-29.814 16.999 -0.82
-29.276 16.946 2.956
-30.305 13.551 4.343

-32.727 13.25 7.268
-30.389 11.851 9.975
-33.077 12.019 12.787
-33.159 8.159 12.923
-29.32 8.149 13.454
-27.82 8.306 16.969

-27.52 12.074 17.913
-23.991 11.509 19.371
-22.796 10.469 15.867
-24.731 13.185 13.93
-23.402 16.008 16.22
-19.738 14.82 15.861

-19.687 14.822 11.995
-17.445 17.587 10.586

-19.106 19.692 7.763
-17.231 17.783 4.996
-18.064 14.402 6.666
-21.796 15.407 6.677
-21.562 16.318 2.947
-19.943 12.855 2.346
-22.788 11.075 4.244
-25.363 13.084 2.191
-23.555 12.165 -1.104
-23.43 8.459 -0.115
-27.196 8.491 0.728
-28.024 10.343 -2.565

-25.973 7.645 -4.472
-28.214 5.048 -2.67
-25.512 3.7 -0.27

-23.352 2.353 -3.174
-19.956 4.118 -3.237
-16.209 4.012 -2.721
-15.295 6.541 0.021

-11.694 7.195 -1.128

-11.135 10.189 1.225
-7.504 10.605 2.377

-6.048 8.715 5.398
-7.361 9.956 8.784
-10.233 12.169 7.374
-12.706 9.981 9.408

-13.844 7.354 6.831
-15.012 5.081 9.734
-17.363 7.714 11.316
-18.876 8.506 7.854
-19.282 4.738 7.09
-21.02 4.042 10.461
-23.415 6.996 9.798
-24.247 5.855 6.195
-24.846 2.277 7.463
-26.955 3.52 10.461
-29.227 5.531 8.078

-29.9 2.058 6.507

-30.384 0.293 9.981
-33.886 -0.857 8.77
-32.05 -2.956 6.062
-29.626 -4.868 8.41
-27.981 -7.413 9.17

-24.774 -5.448 8.488
-21.551 -7.137 7.269
-18.235 -5.328 7.997
-15.132 -6.739 6.223
-11.829 -5.357 7.603

-8.05 -6.016 7.986
-7.416 -8.82 10.567
-5.856 -6.305 13.093
-8.689 -3.64 13.199

-11.758 -5.868 14.003
-11.895 -4.753 17.675
-11.154 -1.102 16.63
-14.365 -1.304 14.506
-16.414 -2.897 17.375
-15.268 -0.08 19.729
-16.109 2.476 16.969
-19.722 1.111 16.76
-20.082 1.14 20.611
-18.596 4.7 20.723
-20.823 6.195 17.978

-24.121 4.191 18.24
-24.851 3.95 22.056
-28.388 2.791 20.948
-26.764 -0.701 20.406
-26.03 -3.285 23.117

-22.632 -5.104 22.857
-24.638 -8.32 22.08
-25.78 -6.667 18.791

-22.091 -6.816 17.576
-20.505 -10.124 16.488
-16.681 -10.041 16.081

-15.702 -13.116 14.035
-12.316 -14.303 15.372
-12.201 -17.837 13.813
-13.405 -19.799 10.735
-15.769 -21.82 13.07
-17.788 -18.808 14.317
-21.352 -17.917 13.159
-21.075 -14.973 10.701
-24.816 -14.102 11.273
-24.919 -14.166 15.127
-25.108 -10.332 15.536
-27.08 -7.466 13.995

-23.588 -6.14 13.038
-21.065 -8.833 11.965
-17.336 -7.898 11.803
-15.009 -10.302 9.887
-11.529 -10.295 8.291

-10.658 -10.74 4.577
-8.757 -14.009 5.375
-11.833 -15.546 7.113
-14.3 -14.769 4.222

-12.926 -17.715 2.14
-13.287 -20.073 5.183
-16.843 -18.74 5.845
-18.014 -18.815 2.139
-20.731 -21.415 3.044
-22.243 -18.836 5.512
-21.955 -15.894 2.989
-25.071 -17.433 1.278
-27.188 -15.451 3.825
-28.094 -12.137 2.052
-26.367 -9.235 3.842
-28.236 -6.215 2.36

-25.704 -3.677 3.792
-21.936 -4.298 3.429
-19.007 -2.145 4.602
-15.517 -3.11 3.36

-12.662 -1.237 5.059
-9.341 -0.865 3.151

-11.066 -2.352 0.031
-7.765 -2.207 -1.968
-7.252 -5.742 -0.456
-9.774 -6.866 -3.176

-7.558 -5.436 -6.054
-6.861 -8.909 -7.611
-9.913 -10.983 -8.736
-7.994 -14.348 -8.638
-7.386 -14.116 -4.839

-9.551 -16.269 -2.508
-10.568 -13.122 -0.487
-11.832 -11.409 -3.693
-13.586 -14.593 -5.006
-15.461 -14.905 -1.648
-16.313 -11.137 -1.332
-17.465 -10.353 -4.925
-20.7 -12.523 -5.003
-21.961 -10.786 -1.799
-21.004 -7.272 -3.064
-22.893 -7.826 -6.386
-26.148 -8.927 -4.576

-26.072 -6.644 -1.465
-28.372 -3.542 -1.704

-25.826 -1.116 -0.104
-22.019 -1.347 -0.629
-19.769 1.077 1.29
-16.145 0.543 0.177
-13.427 2.479 2.088

-9.739 3.065 1.181
-6.998 5.712 1.573
-5.29 4.301 -1.537
-8.002 2.778 -3.832
-5.263 1.979 -6.345
-1.844 1.044 -4.877
0.179 1.273 -8.156
-1.96 0.815 -11.364

-5.486 1.412 -12.884
-6.145 -2.396 -13.101
-6.402 -2.518 -9.223
-9.619 -0.37 -9.379
-11.628 -2.846 -11.528
-12.904 -5.026 -8.614
-13.981 -1.892 -6.643
-15.738 -0.406 -9.758
-17.759 -3.638 -10.376
-18.545 -3.926 -6.614
-20.104 -0.383 -6.596

-21.607 -0.654 -10.172
-21.992 -4.37 -11.257
-23.172 -3.251 -14.78
-19.935 -1.29 -15.508
-17.337 -3.236 -17.592
-18.9 -6.785 -17.229
-15.576 -8.217 -18.571

-12.101 -7.019 -17.429
-10.719 -7.022 -21.032
-12.866 -3.967 -22.03
-11.565 -2.031 -18.959
-7.965 -3.199 -19.668
-8.028 -2.162 -23.384
-9.238 1.366 -22.43
-7.403 2.18 -19.142

-4.12022 1.84381 -20.8702
-0.667524 1.22694 -22.5565
2.29138 2.10708 -24.7877

5.08649 1.3787 -22.2935
8.4868 0.34381 -20.7371
11.7324 -0.366921 -18.82

12.7284 -3.84892 -20.248
11.6784 -5.41592 -16.861

8.3224 -3.52292 -16.454
7.1584 -0.0399205 -15.36
9.2484 2.38508 -13.278

7.2374 4.85608 -11.084
10.1684 6.47208 -9.12498
9.8374 9.79908 -11.018
7.6184 12.8861 -10.672
5.4904 14.9461 -13.111
2.7354 17.6411 -13.189

3.1954 18.3581 -9.41398
1.3644 21.7561 -9.51298
-1.7356 19.9801 -10.97
-1.4106 17.2661 -8.26598
-1.2296 20.0341 -5.57298
-4.4376 21.6721 -6.94198
-6.2706 18.2771 -7.05098
-5.1586 17.4541 -3.46398
-6.2176 20.8521 -1.97698
-9.6196 20.9021 -3.78998
-10.7966 17.2931 -3.25498

-8.5656 15.2911 -0.788977

-6.4326 17.3491 1.59502
-6.4906 20.2431 4.06602

-2.8876 21.4851 4.59902
-1.5806 24.4861 6.58802
1.9944 25.3211 7.56202

3.5204 26.8051 10.79
4.1314 30.0091 8.76802
0.376401 30.2581 7.86802
-1.0636 29.8881 11.428

1.7474 30.3831 14.05
3.7084 33.6181 13.219
5.1224 33.3811 16.819
7.1274 30.1131 16.403

10.9264 30.8071 16.388
12.6794 30.0731 13.064

14.3354 26.7031 12.321
17.9514 27.5511 11.343
19.4884 24.6611 9.34102
23.1674 24.1631 8.39402
25.5294 21.5541 6.99202
28.5704 20.8591 9.23302
31.3894 19.3051 7.17802

33.1694 17.1041 9.76902
36.8844 16.9231 8.95902

37.8684 13.6921 7.03602
41.4834 14.1631 8.36402
40.4454 11.9711 11.386

39.4044 9.18208 8.90102
42.5424 7.00108 8.96702

44.0484 5.72808 5.66902
42.7364 2.11008 6.21002
39.1144 3.30808 6.76102
39.3914 5.63808 3.70002
40.8204 2.79308 1.54802
37.8824 0.576079 2.73302
35.3364 3.31108 1.73502
37.1334 3.70908 -1.65498
37.0464 -0.116921 -2.08598
33.2734 -0.425921 -1.33798
32.5854 2.62608 -3.60598
34.5404 0.950079 -6.49298
32.7664 -2.36292 -5.70198
29.2694 -0.810921 -6.28598
30.3604 0.520079 -9.75698

31.8404 -2.80992 -11.009
30.0104 -3.90792 -14.214
30.1514 -7.68792 -13.679
28.2804 -7.84892 -10.294
24.7074 -9.07692 -9.78698

21.9114 -6.68992 -8.63298
22.2304 -8.35192 -5.16998
26.0524 -7.89292 -4.88098
25.5014 -4.19092 -5.85198
22.9124 -3.83792 -2.97698
25.2804 -5.65792 -0.539977
28.2294 -3.36592 -1.49698
25.8784 -0.327921 -1.04098
24.8634 -1.52992 2.48302
28.5784 -2.11092 3.29002
29.5484 1.41008 2.01802
26.7214 2.94908 4.13302
27.6764 1.00008 7.33102
31.4094 1.91708 6.76402
30.3594 5.60708 6.40402
28.7084 5.41808 9.86402
31.8684 3.83708 11.433
34.1684 6.39808 9.70502
32.1694 9.37208 11.151
32.1164 8.17608 14.849
35.4034 9.92908 15.986
34.4664 13.3621 14.514
30.7814 13.0071 15.554
32.1224 12.4591 19.125
34.5944 15.4021 18.738
31.6674 17.6531 17.655
29.3554 16.5011 20.545
32.1604 17.2691 23.056
32.8144 20.7191 21.431
29.0654 21.5161 21.907
29.1924 20.5051 25.632
32.5174 22.3701 26.222

30.8594 25.4491 24.539
28.3794 25.4341 27.513
25.2104 24.1371 25.722
22.5164 23.1841 28.25
20.2634 20.8351 26.126

20.4824 19.2401 22.645
19.3144 16.1641 20.674
21.6844 13.8021 18.799
20.0984 11.7351 15.995
21.7194 8.58008 14.524

20.3374 5.27908 13.047
23.2154 2.73508 13.102

23.3464 1.05108 16.555
27.2094 1.25308 16.613
26.9794 5.11008 16.371
24.3764 5.29508 19.215
26.5374 2.86008 21.301
29.8024 4.84208 20.747
28.1254 8.22108 21.593
26.5724 6.79208 24.832
29.9084 5.15908 25.862
31.8504 8.46208 25.442
29.1644 10.4751 27.35
29.3824 7.88408 30.215
33.2444 8.10808 30.1

32.9564 11.9631 30.356
30.2884 11.5311 33.157
27.7104 13.4911 31.055
24.1064 12.8041 32.124

22.1034 11.8131 29.013
19.0184 9.84508 27.847
18.9404 7.12808 25.131
15.9384 6.02708 22.987

16.2044 3.30508 20.289
14.3714 0.209079 18.875
14.9494 -1.70792 22.184
13.5154 1.04108 24.5
10.0024 0.0360795 25.689
6.8394 2.13208 25.033
6.4664 3.24008 28.721

10.2244 3.88208 29.308
10.2154 6.10708 26.141
7.6544 8.43908 27.805
9.5034 8.38408 31.189
12.9394 9.17208 29.581
11.1984 11.9411 27.558
9.8644 13.4291 30.858
13.3414 13.0461 32.511
14.9894 15.0621 29.643
12.1414 17.6621 29.693
12.0674 18.2261 33.504

15.7004 17.5631 34.638
18.2844 20.3451 33.952
21.0874 17.7171 34.402
20.2764 15.7131 31.224
22.2454 17.6941 28.603

22.1034 15.1701 25.69
19.3434 12.9991 24.211
20.8054 10.1371 22.081
17.9494 9.22708 19.708
17.3754 6.69908 16.92

16.0634 8.59508 13.819
13.6344 5.68508 13.11
12.5714 4.83608 16.707
12.0844 8.43008 18.074
10.3624 9.95908 14.941
6.9014 9.48508 16.629
4.9034 10.4411 19.78
7.6704 12.2071 21.775
8.1194 15.9791 22.46
11.5724 17.5221 23.169
10.7354 21.2571 23.615
13.4454 21.5891 26.368
16.2294 21.5241 23.695
17.1134 24.3291 21.198

19.5604 22.2521 19.056
19.2514 19.0881 16.914
22.4184 17.3211 15.629
22.0414 14.6881 12.885

25.2014 12.5651 13.329
23.9924 10.5451 10.298
21.9814 11.3481 7.15002
18.7884 9.38308 6.35402
17.7024 8.82908 2.68702
14.0564 9.80108 3.43202

13.5164 13.5781 4.08002
10.0434 13.0301 5.64302
11.7444 11.1631 8.56302
14.3634 13.9591 8.97802
11.5264 16.5871 9.13202
9.6464 14.3471 11.667
12.8244 14.3401 13.847
13.2984 18.1911 13.615

9.6004 18.6661 14.633
10.2744 16.8191 17.917
11.8954 20.0991 19.182
9.9634 22.6211 17.037
6.5794 22.1281 18.861
4.0394 24.3021 20.744
5.9634 25.2441 23.941
9.2714 26.0161 22.119
10.5004 29.6161 22.833
14.0224 29.5471 21.22
15.1254 29.5101 17.534

15.7474 25.8291 16.711
19.2374 25.0081 15.379
19.4994 21.9571 13.044
23.0604 20.7051 12.303
23.5644 18.0211 9.59102
26.9844 16.3261 10.099
28.5174 15.3101 6.69602

31.9064 13.8101 5.67402
33.6074 14.3291 2.24502
34.7134 10.9641 0.721023
31.6904 8.98908 2.13902
28.0184 7.98908 1.51302

27.0064 11.5731 2.59202
28.3254 12.9171 -0.791977
25.5454 10.9091 -2.60198
22.8464 10.9861 0.132023
22.8104 14.8001 0.552023
21.9994 15.6421 -3.16198
19.4144 12.7551 -3.11198
17.7054 14.1921 0.0320232
17.7184 17.7051 -1.58498
16.0254 16.6221 -4.86698
13.4244 14.6971 -2.75198
12.5824 17.8321 -0.632977
12.2224 19.8241 -3.90498
9.7494 17.1791 -5.26998
7.8274 17.4451 -1.93798
7.8424 21.3091 -2.10198
6.6154 21.3931 -5.77198

3.7424 19.0711 -4.65498
2.9424 21.6131 -1.80998
4.0184 19.0121 0.834023
7.0384 20.9191 2.31002
8.2134 24.5341 2.88202
11.6714 23.0951 3.61702
14.1454 24.2311 0.972023
17.5854 22.5591 1.44502
19.4704 24.3651 -1.44398

20.4764 27.4541 0.638023
22.5244 25.2651 3.08102
24.8714 23.9481 0.302023
25.7224 27.3451 -1.25698

26.9874 28.3041 2.27302
29.4724 25.3311 2.69602

End chain 1
