-13.201 -6.296 -53.957
-10.703 -3.406 -53.291
-9.54 -3.087 -49.639
-11.02 0.322 -48.639
-8.614 1.85 -46.053
-10.787 3.126 -43.162

-9.634 6.195 -41.181
-10.061 4.9 -37.589
-10.286 6.838 -34.306
-12.195 7.103 -30.979
-14.163 9.439 -28.711
-12.619 10.223 -25.263
-14.157 12.207 -22.344

-11.943 15.248 -21.466
-14.301 16.978 -18.949
-17.827 16.65 -17.399
-19.139 18.761 -20.353

-16.752 17.96 -23.312
-15.482 14.956 -25.281
-12.62 14.751 -27.824
-12.437 12.939 -31.204
-8.982 11.264 -31.393
-8.672 10.357 -35.1

-6.282 10.744 -38.079
-6.98 13.557 -40.6
-9.895 13.022 -43.051

-11.208 15.853 -45.293
-14.92 14.856 -45.011
-14.611 14.37 -41.226
-13.015 17.857 -40.827
-15.875 19.254 -42.999
-18.403 17.482 -40.669
-16.559 18.759 -37.515
-16.844 22.341 -38.957

-20.697 21.797 -39.029
-20.861 21.033 -35.24
-22.116 23.933 -33.104
-20.016 23.255 -29.939
-16.791 22.621 -31.971

-13.393 23.436 -30.391
-10.011 22.816 -32.063
-6.805 22.812 -29.99

-3.883 23.919 -32.209
-1.328 22.314 -29.773
-2.753 18.736 -29.691
-4.334 19.137 -33.217

-7.578 17.622 -31.79
-11.313 18.386 -31.995
-13.683 18.544 -28.991
-17.466 19.001 -28.65
-20.131 19.402 -25.91

-21.257 16.038 -24.476
-24.923 16.743 -25.497
-23.731 16.722 -29.178
-22.178 13.179 -28.839
-25.228 11.354 -30.322
-25.57 14.044 -33.093
-21.852 13.682 -34.021
-21.815 9.829 -34.037
-25.045 9.774 -36.128
-23.507 12.176 -38.75
-20.093 10.348 -38.803

-21.793 6.948 -39.527
-22.962 8.546 -42.834
-19.328 9.196 -43.991
-17.677 6.563 -46.261
-14.251 5.2 -45.121

-14.46 6.789 -41.562
-14.765 4.819 -38.279
-15.142 6.964 -35.114
-15.663 4.659 -32.101

-18.218 6.249 -29.657
-17.862 6.903 -25.912
-18.35 3.469 -24.195
-21.794 2.549 -22.772
-20.235 2.829 -19.255
-19.534 6.58 -19.812
-22.964 7.196 -21.431
-24.623 5.531 -18.378
-22.42 7.523 -15.909

-23.028 10.919 -17.654
-26.668 10.153 -18.714
-27.851 13.482 -17.123

-25.214 15.594 -18.963
-26 13.8 -22.296
-29.631 15.147 -21.909

-29.014 18.802 -20.797
-28.522 21.656 -23.337
-27.494 23.803 -20.296
-24.374 24.206 -18.108
-26.03 23.63 -14.722
-23.195 22.587 -12.38
-23.731 19.355 -10.334

-27.219 19.392 -8.694
-26.798 20.208 -4.988
-26.578 17.032 -2.906
-29.814 16.999 -0.82
-29.276 16.946 2.956
-30.305 13.551 4.343

-32.727 13.25 7.268
-30.389 11.851 9.975
-33.077 12.019 12.787
-33.159 8.159 12.923
-29.32 8.149 13.454
-27.82 8.306 16.969

-27.52 12.074 17.913
-23.991 11.509 19.371
-22.796 10.469 15.867
-24.731 13.185 13.93
-23.402 16.008 16.22
-19.738 14.82 15.861

-19.687 14.822 11.995
-17.445 17.587 10.586

-19.106 19.692 7.763
-17.231 17.783 4.996
-18.064 14.402 6.666
-21.796 15.407 6.677
-21.562 16.318 2.947
-19.943 12.855 2.346
-22.788 11.075 4.244
-25.363 13.084 2.191
-23.555 12.165 -1.104
-23.43 8.459 -0.115
-27.196 8.491 0.728
-28.024 10.343 -2.565

-25.973 7.645 -4.472
-28.214 5.048 -2.67
-25.512 3.7 -0.27

-23.352 2.353 -3.174
-19.956 4.118 -3.237
-16.209 4.012 -2.721
-15.295 6.541 0.021

-11.694 7.195 -1.128

-11.135 10.189 1.225
-7.504 10.605 2.377

-6.048 8.715 5.398
-7.361 9.956 8.784
-10.233 12.169 7.374
-12.706 9.981 9.408

-13.844 7.354 6.831
-15.012 5.081 9.734
-17.363 7.714 11.316
-18.876 8.506 7.854
-19.282 4.738 7.09
-21.02 4.042 10.461
-23.415 6.996 9.798
-24.247 5.855 6.195
-24.846 2.277 7.463
-26.955 3.52 10.461
-29.227 5.531 8.078

-29.9 2.058 6.507

-30.384 0.293 9.981
-33.886 -0.857 8.77
-32.05 -2.956 6.062
-29.626 -4.868 8.41
-27.981 -7.413 9.17

-24.774 -5.448 8.488
-21.551 -7.137 7.269
-18.235 -5.328 7.997
-15.132 -6.739 6.223
-11.829 -5.357 7.603

-8.05 -6.016 7.986
-7.416 -8.82 10.567
-5.856 -6.305 13.093
-8.689 -3.64 13.199

-11.758 -5.868 14.003
-11.895 -4.753 17.675
-11.154 -1.102 16.63
-14.365 -1.304 14.506
-16.414 -2.897 17.375
-15.268 -0.08 19.729
-16.109 2.476 16.969
-19.722 1.111 16.76
-20.082 1.14 20.611
-18.596 4.7 20.723
-20.823 6.195 17.978

-24.121 4.191 18.24
-24.851 3.95 22.056
-28.388 2.791 20.948
-26.764 -0.701 20.406
-26.03 -3.285 23.117

-22.632 -5.104 22.857
-24.638 -8.32 22.08
-25.78 -6.667 18.791

-22.091 -6.816 17.576
-20.505 -10.124 16.488
-16.681 -10.041 16.081

-15.702 -13.116 14.035
-12.316 -14.303 15.372
-12.201 -17.837 13.813
-13.405 -19.799 10.735
-15.769 -21.82 13.07
-17.788 -18.808 14.317
-21.352 -17.917 13.159
-21.075 -14.973 10.701
-24.816 -14.102 11.273
-24.919 -14.166 15.127
-25.108 -10.332 15.536
-27.08 -7.466 13.995

-23.588 -6.14 13.038
-21.065 -8.833 11.965
-17.336 -7.898 11.803
-15.009 -10.302 9.887
-11.529 -10.295 8.291

-10.658 -10.74 4.577
-8.757 -14.009 5.375
-11.833 -15.546 7.113
-14.3 -14.769 4.222

-12.926 -17.715 2.14
-13.287 -20.073 5.183
-16.843 -18.74 5.845
-18.014 -18.815 2.139
-20.731 -21.415 3.044
-22.243 -18.836 5.512
-21.955 -15.894 2.989
-25.071 -17.433 1.278
-27.188 -15.451 3.825
-28.094 -12.137 2.052
-26.367 -9.235 3.842
-28.236 -6.215 2.36

-25.704 -3.677 3.792
-21.936 -4.298 3.429
-19.007 -2.145 4.602
-15.517 -3.11 3.36

-12.662 -1.237 5.059
-9.341 -0.865 3.151

-11.066 -2.352 0.031
-7.765 -2.207 -1.968
-7.252 -5.742 -0.456
-9.774 -6.866 -3.176

-7.558 -5.436 -6.054
-6.861 -8.909 -7.611
-9.913 -10.983 -8.736
-7.994 -14.348 -8.638
-7.386 -14.116 -4.839

-9.551 -16.269 -2.508
-10.568 -13.122 -0.487
-11.832 -11.409 -3.693
-13.586 -14.593 -5.006
-15.461 -14.905 -1.648
-16.313 -11.137 -1.332
-17.465 -10.353 -4.925
-20.7 -12.523 -5.003
-21.961 -10.786 -1.799
-21.004 -7.272 -3.064
-22.893 -7.826 -6.386
-26.148 -8.927 -4.576

-26.072 -6.644 -1.465
-28.372 -3.542 -1.704

-25.826 -1.116 -0.104
-22.019 -1.347 -0.629
-19.769 1.077 1.29
-16.145 0.543 0.177
-13.427 2.479 2.088

-9.739 3.065 1.181
-6.998 5.712 1.573
-5.29 4.301 -1.537
-8.002 2.778 -3.832
-5.263 1.979 -6.345
-1.844 1.044 -4.877
0.179 1.273 -8.156
-1.96 0.815 -11.364

-5.486 1.412 -12.884
-6.145 -2.396 -13.101
-6.402 -2.518 -9.223
-9.619 -0.37 -9.379
-11.628 -2.846 -11.528
-12.904 -5.026 -8.614
-13.981 -1.892 -6.643
-15.738 -0.406 -9.758
-17.759 -3.638 -10.376
-18.545 -3.926 -6.614
-20.104 -0.383 -6.596

-22.655 -1.69653 -9.21354
-25.6574 -3.1302 -11.0118
-28.7878 -4.71713 -12.5648
-29.9761 -5.48742 -16.0667
-30.8749 -2.17531 -17.6085
-28.4142 -1.70831 -20.3837
-25.1928 0.109189 -20.2036

-25.5329 2.30748 -23.2849
-24.1798 5.31989 -21.4042
-21.1857 3.32864 -20.1741
-20.4122 2.13113 -23.6969
-20.5661 5.68222 -25.0419
-18.2014 6.91368 -22.3337
-15.7186 4.14191 -23.1059
-15.7924 4.97616 -26.8128

-12.8994 2.44516 -26.4348
-11.2404 2.92816 -29.9128
-11.8884 -0.780843 -30.5288

-9.31144 -2.42784 -32.8598
-9.56044 -5.77584 -34.7018
-6.28044 -7.61884 -33.9448

-5.28444 -11.1008 -35.3728
-6.33444 -12.6678 -31.9858

-9.69044 -10.7748 -31.5788
-10.8544 -7.29184 -30.4848
-8.76444 -4.86684 -28.4028

-10.7754 -2.39584 -26.2088
-7.84444 -0.779843 -24.2498
-8.17544 2.54716 -26.1428
-10.3944 5.63416 -25.7968
-12.5224 7.69416 -28.2358
-15.2774 10.3892 -28.3138

-14.8174 11.1062 -24.5388
-16.6484 14.5042 -24.6378
-19.7484 12.7282 -26.0948
-19.4234 10.0142 -23.3908
-19.2424 12.7822 -20.6978
-22.4504 14.4202 -22.0668
-24.2834 11.0252 -22.1758
-23.1714 10.2022 -18.5888
-24.2304 13.6002 -17.1018
-27.6324 13.6502 -18.9148
-28.8094 10.0412 -18.3798

-26.5784 8.03916 -15.9138

-24.4454 10.0972 -13.5298
-24.5034 12.9912 -11.0588

-20.9004 14.2332 -10.5258
-19.5934 17.2342 -8.53681
-16.0184 18.0692 -7.56281

-14.4924 19.5532 -4.33481
-13.8814 22.7572 -6.35681
-17.6364 23.0062 -7.25681
-19.0764 22.6362 -3.69681

-16.2654 23.1312 -1.07481
-14.3044 26.3662 -1.90581
-12.8904 26.1292 1.69419
-10.8854 22.8612 1.27819

-7.08644 23.5552 1.26319
-5.33344 22.8212 -2.06081

-3.67744 19.4512 -2.80381
-0.0614387 20.2992 -3.78181
1.47556 17.4092 -5.78381
5.15456 16.9112 -6.73081
7.51656 14.3022 -8.13281
10.5576 13.6072 -5.89181
13.3766 12.0532 -7.94681

15.1566 9.85216 -5.35581
18.8716 9.67116 -6.16581

19.8556 6.44016 -8.08881
23.4706 6.91116 -6.76081
22.4326 4.71916 -3.73881

21.3916 1.93016 -6.22381
24.5296 -0.250843 -6.15781

26.0356 -1.52384 -9.45581
24.7236 -5.14184 -8.91481
21.1016 -3.94384 -8.36381
21.3786 -1.61384 -11.4248
22.8076 -4.45884 -13.5768
19.8696 -6.67584 -12.3918
17.3236 -3.94084 -13.3898
19.1206 -3.54284 -16.7798
19.0336 -7.36884 -17.2108
15.2606 -7.67784 -16.4628
14.5726 -4.62584 -18.7308
16.5276 -6.30184 -21.6178
14.7536 -9.61484 -20.8268
11.2566 -8.06284 -21.4108
12.3476 -6.73184 -24.8818

13.8276 -10.0618 -26.1338
11.9976 -11.1598 -29.3388
12.1386 -14.9398 -28.8038
10.2676 -15.1008 -25.4188
6.69456 -16.3288 -24.9118

3.89856 -13.9418 -23.7578
4.21756 -15.6038 -20.2948
8.03956 -15.1448 -20.0058
7.48856 -11.4428 -20.9768
4.89956 -11.0898 -18.1018
7.26756 -12.9098 -15.6648
10.2166 -10.6178 -16.6218
7.86556 -7.57984 -16.1658
6.85056 -8.78184 -12.6418
10.5656 -9.36284 -11.8348
11.5356 -5.84184 -13.1068
8.70856 -4.30284 -10.9918
9.66356 -6.25184 -7.79381
13.3966 -5.33484 -8.36081
12.3466 -1.64484 -8.72081
10.6956 -1.83384 -5.26081
13.8556 -3.41484 -3.69181
16.1556 -0.853843 -5.41981
14.1566 2.12016 -3.97381
14.1036 0.924157 -0.275808
17.3906 2.67716 0.861192
16.4536 6.11016 -0.610808
12.7686 5.75516 0.429192
14.1096 5.20716 4.00019
16.5816 8.15016 3.61319
13.6546 10.4012 2.53019
11.3426 9.24916 5.42019
14.1476 10.0172 7.93119
14.8016 13.4672 6.30619
11.0526 14.2642 6.78219
11.1796 13.2532 10.5072
14.5046 15.1182 11.0972

12.8466 18.1972 9.41419
10.3666 18.1822 12.3882
7.19756 16.8852 10.5972
4.50356 15.9322 13.1252
2.25056 13.5832 11.0012

2.46956 11.9882 7.52019
1.30156 8.91216 5.54919
3.67156 6.55016 3.67419
2.08556 4.48316 0.870192
3.70656 1.32816 -0.600808

2.32456 -1.97284 -2.07781
5.20256 -4.51684 -2.02281

5.33356 -6.20084 1.43019
9.19656 -5.99884 1.48819
8.96656 -2.14184 1.24619
6.36356 -1.95684 4.09019
8.52456 -4.39184 6.17619
11.7896 -2.40984 5.62219
10.1126 0.969157 6.46819
8.55956 -0.459843 9.70719
11.8956 -2.09284 10.7372
13.8376 1.21016 10.3172
11.1516 3.22316 12.2252
11.3696 0.632157 15.0902
15.2316 0.856157 14.9752

14.9436 4.71116 15.2312
12.2756 4.27916 18.0322
9.69756 6.23916 15.9302
6.09356 5.55216 16.9992

4.09056 4.56116 13.8882
1.00556 2.59316 12.7222
0.927561 -0.123843 10.0062
-2.07444 -1.22484 7.86219

-1.80844 -3.94684 5.16419
-3.64144 -7.04284 3.75019
-3.06344 -8.95984 7.05919
-4.49744 -6.21084 9.37519
-8.01044 -7.21584 10.5642
-11.1734 -5.11984 9.90819
-11.5464 -4.01184 13.5962

-7.78844 -3.36984 14.1832
-7.79744 -1.14484 11.0162
-10.3584 1.18716 12.6802
-8.50944 1.13216 16.0642
-5.07344 1.92016 14.4562
-6.81444 4.68916 12.4332
-8.14844 6.17716 15.7332
-4.67144 5.79416 17.3862
-3.02344 7.81016 14.5182
-5.87144 10.4102 14.5682
-5.94544 10.9742 18.3792

-2.31244 10.3112 19.5132
0.271561 13.0932 18.8272
3.07456 10.4652 19.2772
2.26356 8.46116 16.0992
4.23256 10.4422 13.4782

4.09056 7.91816 10.5652
1.33056 5.74716 9.08619
2.79256 2.88516 6.95619
-0.0634387 1.97516 4.58319
-0.637439 -0.552843 1.79519

-1.94944 1.34316 -1.30581
-4.37844 -1.56684 -2.01481
-5.44144 -2.41584 1.58219
-5.92844 1.17816 2.94919
-7.65044 2.70716 -0.183808
-11.1114 2.23316 1.50419
-13.1094 3.18916 4.65519
-10.3424 4.95516 6.65019
-9.89344 8.72716 7.33519
-6.44044 10.2702 8.04419
-7.27744 14.0052 8.49019
-4.56744 14.3372 11.2432
-1.78344 14.2722 8.57019
-0.899439 17.0772 6.07319

1.54756 15.0002 3.93119
1.23856 11.8362 1.78919
4.40556 10.0692 0.504192
4.02856 7.43616 -2.23981

7.18856 5.31316 -1.79581
5.97956 3.29316 -4.82681
3.96856 4.09616 -7.97481
0.775561 2.13116 -8.77081
-0.310439 1.57716 -12.4378
-3.95644 2.54916 -11.6928

-4.49644 6.32616 -11.0448
-7.96944 5.77816 -9.48181
-6.26844 3.91116 -6.56181
-3.64944 6.70716 -6.14681
-6.48644 9.33516 -5.99281
-8.36644 7.09516 -3.45781
-5.18844 7.08816 -1.27781
-4.71444 10.9392 -1.50981

-8.41244 11.4142 -0.491808
-7.73844 9.56716 2.79219
-6.11744 12.8472 4.05719
-8.04944 15.3692 1.91219
-11.4334 14.8762 3.73619
-13.9734 17.0502 5.61919
-12.0494 17.9922 8.81619
-8.74144 18.7642 6.99419
-7.51244 22.3642 7.70819
-3.99044 22.2952 6.09519
-2.88744 22.2582 2.40919

-2.26544 18.5772 1.58619
1.22456 17.7562 0.254192
1.48656 14.7052 -2.08081
5.04756 13.4532 -2.82181
5.55156 10.7692 -5.53381
8.97156 9.07416 -5.02581
10.5046 8.05816 -8.42881

13.8936 6.55816 -9.45081
15.5946 7.07716 -12.8798
16.7006 3.71216 -14.4038
13.6776 1.73716 -12.9858
10.0056 0.737157 -13.6118

8.99356 4.32116 -12.5328
10.3126 5.66516 -15.9168
7.53256 3.65716 -17.7268
4.83356 3.73416 -14.9928
4.79756 7.54816 -14.5728
3.98656 8.39016 -18.2868
1.40156 5.50316 -18.2368
-0.307439 6.94016 -15.0928
-0.294439 10.4532 -16.7098
-1.98744 9.37016 -19.9918
-4.58844 7.44516 -17.8768
-5.43044 10.5802 -15.7578
-5.79044 12.5722 -19.0298
-8.26344 9.92716 -20.3948
-10.1854 10.1932 -17.0628
-10.1704 14.0572 -17.2268
-11.3974 14.1412 -20.8968

-14.2704 11.8192 -19.7798
-15.0704 14.3612 -16.9348
-13.9944 11.7602 -14.2908
-10.9744 13.6672 -12.8148
-9.79944 17.2822 -12.2428
-6.34144 15.8432 -11.5078
-3.86744 16.9792 -14.1528
-0.427439 15.3072 -13.6798
1.45756 17.1132 -16.5688

2.46356 20.2022 -14.4868
4.51156 18.0132 -12.0438
6.85856 16.6962 -14.8228
7.70956 20.0932 -16.3818

8.97456 21.0522 -12.8518
11.4596 18.0792 -12.4288

End chain 1
