-13.201 -6.296 -53.957
-10.703 -3.406 -53.291
-9.54 -3.087 -49.639
-11.02 0.322 -48.639
-8.614 1.85 -46.053
-10.787 3.126 -43.162

-9.634 6.195 -41.181
-10.061 4.9 -37.589
-10.286 6.838 -34.306
-12.195 7.103 -30.979
-14.163 9.439 -28.711
-12.619 10.223 -25.263
-14.157 12.207 -22.344

-11.943 15.248 -21.466
-14.301 16.978 -18.949
-17.827 16.65 -17.399
-19.139 18.761 -20.353

-16.752 17.96 -23.312
-15.482 14.956 -25.281
-12.62 14.751 -27.824
-12.437 12.939 -31.204
-8.982 11.264 -31.393
-8.672 10.357 -35.1

-6.282 10.744 -38.079
-6.98 13.557 -40.6
-9.895 13.022 -43.051

-11.208 15.853 -45.293
-14.92 14.856 -45.011
-14.611 14.37 -41.226
-13.015 17.857 -40.827
-15.875 19.254 -42.999
-18.403 17.482 -40.669
-16.559 18.759 -37.515
-16.844 22.341 -38.957

-20.697 21.797 -39.029
-20.861 21.033 -35.24
-22.116 23.933 -33.104
-20.016 23.255 -29.939
-16.791 22.621 -31.971

-13.393 23.436 -30.391
-10.011 22.816 -32.063
-6.805 22.812 -29.99

-3.883 23.919 -32.209
-1.328 22.314 -29.773
-2.753 18.736 -29.691
-4.334 19.137 -33.217

-7.578 17.622 -31.79
-11.313 18.386 -31.995
-13.683 18.544 -28.991
-17.466 19.001 -28.65
-20.131 19.402 -25.91

-21.257 16.038 -24.476
-24.923 16.743 -25.497
-23.731 16.722 -29.178
-22.178 13.179 -28.839
-25.228 11.354 -30.322
-25.57 14.044 -33.093
-21.852 13.682 -34.021
-21.815 9.829 -34.037
-25.045 9.774 -36.128
-23.507 12.176 -38.75
-20.093 10.348 -38.803

-21.793 6.948 -39.527
-22.962 8.546 -42.834
-19.328 9.196 -43.991
-17.677 6.563 -46.261
-14.251 5.2 -45.121

-14.46 6.789 -41.562
-14.765 4.819 -38.279
-15.142 6.964 -35.114
-15.663 4.659 -32.101

-18.218 6.249 -29.657
-17.862 6.903 -25.912
-18.35 3.469 -24.195
-21.794 2.549 -22.772
-20.235 2.829 -19.255
-19.534 6.58 -19.812
-22.964 7.196 -21.431
-24.623 5.531 -18.378
-22.42 7.523 -15.909

-23.028 10.919 -17.654
-26.668 10.153 -18.714
-27.851 13.482 -17.123

-25.214 15.594 -18.963
-26 13.8 -22.296
-29.631 15.147 -21.909

-29.014 18.802 -20.797
-28.522 21.656 -23.337
-27.494 23.803 -20.296
-24.374 24.206 -18.108
-26.03 23.63 -14.722
-23.195 22.587 -12.38
-23.731 19.355 -10.334

-27.219 19.392 -8.694
-26.798 20.208 -4.988
-26.578 17.032 -2.906
-29.814 16.999 -0.82
-29.276 16.946 2.956
-30.305 13.551 4.343

-32.727 13.25 7.268
-30.389 11.851 9.975
-33.077 12.019 12.787
-33.159 8.159 12.923
-29.32 8.149 13.454
-27.82 8.306 16.969

-27.52 12.074 17.913
-23.991 11.509 19.371
-22.796 10.469 15.867
-24.731 13.185 13.93
-23.402 16.008 16.22
-19.738 14.82 15.861

-19.687 14.822 11.995
-17.445 17.587 10.586

-19.106 19.692 7.763
-17.231 17.783 4.996
-18.064 14.402 6.666
-21.796 15.407 6.677
-21.562 16.318 2.947
-19.943 12.855 2.346
-22.788 11.075 4.244
-25.363 13.084 2.191
-23.555 12.165 -1.104
-23.43 8.459 -0.115
-27.196 8.491 0.728
-28.024 10.343 -2.565

-25.973 7.645 -4.472
-28.214 5.048 -2.67
-25.512 3.7 -0.27

-23.352 2.353 -3.174
-19.956 4.118 -3.237
-16.209 4.012 -2.721
-15.295 6.541 0.021

-11.694 7.195 -1.128

-11.135 10.189 1.225
-7.504 10.605 2.377

-6.048 8.715 5.398
-7.361 9.956 8.784
-10.233 12.169 7.374
-12.706 9.981 9.408

-13.844 7.354 6.831
-15.012 5.081 9.734
-17.363 7.714 11.316
-18.876 8.506 7.854
-19.282 4.738 7.09
-21.02 4.042 10.461
-23.415 6.996 9.798
-24.247 5.855 6.195
-24.846 2.277 7.463
-26.955 3.52 10.461
-29.227 5.531 8.078

-29.9 2.058 6.507

-30.384 0.293 9.981
-33.886 -0.857 8.77
-32.05 -2.956 6.062
-29.626 -4.868 8.41
-27.981 -7.413 9.17

-24.774 -5.448 8.488
-21.551 -7.137 7.269
-18.235 -5.328 7.997
-15.132 -6.739 6.223
-11.829 -5.357 7.603

-8.05 -6.016 7.986
-7.416 -8.82 10.567
-5.856 -6.305 13.093
-8.689 -3.64 13.199

-11.758 -5.868 14.003
-11.895 -4.753 17.675
-11.154 -1.102 16.63
-14.365 -1.304 14.506
-16.414 -2.897 17.375
-15.268 -0.08 19.729
-16.109 2.476 16.969
-19.722 1.111 16.76
-20.082 1.14 20.611
-18.596 4.7 20.723
-20.823 6.195 17.978

-24.121 4.191 18.24
-24.851 3.95 22.056
-28.388 2.791 20.948
-26.764 -0.701 20.406
-26.03 -3.285 23.117

-22.632 -5.104 22.857
-24.638 -8.32 22.08
-25.78 -6.667 18.791

-22.091 -6.816 17.576
-20.505 -10.124 16.488
-16.681 -10.041 16.081

-15.702 -13.116 14.035
-12.316 -14.303 15.372
-12.201 -17.837 13.813
-13.405 -19.799 10.735
-15.769 -21.82 13.07
-17.788 -18.808 14.317
-21.352 -17.917 13.159
-21.075 -14.973 10.701
-24.816 -14.102 11.273
-24.919 -14.166 15.127
-25.108 -10.332 15.536
-27.08 -7.466 13.995

-23.588 -6.14 13.038
-21.065 -8.833 11.965
-17.336 -7.898 11.803
-15.009 -10.302 9.887
-11.529 -10.295 8.291

-10.658 -10.74 4.577
-8.757 -14.009 5.375
-11.833 -15.546 7.113
-14.3 -14.769 4.222

-12.926 -17.715 2.14
-13.287 -20.073 5.183
-16.843 -18.74 5.845
-18.014 -18.815 2.139
-20.731 -21.415 3.044
-22.243 -18.836 5.512
-21.955 -15.894 2.989
-25.071 -17.433 1.278
-27.188 -15.451 3.825
-28.094 -12.137 2.052
-26.367 -9.235 3.842
-28.236 -6.215 2.36

-25.704 -3.677 3.792
-21.936 -4.298 3.429
-19.007 -2.145 4.602
-15.517 -3.11 3.36

-12.662 -1.237 5.059
-9.341 -0.865 3.151

-11.066 -2.352 0.031
-7.765 -2.207 -1.968
-7.252 -5.742 -0.456
-9.774 -6.866 -3.176

-7.558 -5.436 -6.054
-6.861 -8.909 -7.611
-9.913 -10.983 -8.736
-7.994 -14.348 -8.638
-7.386 -14.116 -4.839

-9.551 -16.269 -2.508
-10.568 -13.122 -0.487
-11.832 -11.409 -3.693
-13.586 -14.593 -5.006
-15.461 -14.905 -1.648
-16.313 -11.137 -1.332
-17.465 -10.353 -4.925
-20.7 -12.523 -5.003
-21.961 -10.786 -1.799
-21.004 -7.272 -3.064
-22.893 -7.826 -6.386
-26.148 -8.927 -4.576

-26.072 -6.644 -1.465
-28.372 -3.542 -1.704

-25.826 -1.116 -0.104
-22.019 -1.347 -0.629
-19.769 1.077 1.29
-16.145 0.543 0.177
-13.427 2.479 2.088

-9.739 3.065 1.181
-6.998 5.712 1.573
-5.29 4.301 -1.537
-8.002 2.778 -3.832
-5.263 1.979 -6.345
-1.844 1.044 -4.877
0.179 1.273 -8.156
-1.96 0.815 -11.364

-5.486 1.412 -12.884
-6.145 -2.396 -13.101
-6.402 -2.518 -9.223
-9.619 -0.37 -9.379
-11.628 -2.846 -11.528
-12.904 -5.026 -8.614
-13.981 -1.892 -6.643
-15.738 -0.406 -9.758
-17.759 -3.638 -10.376
-18.545 -3.926 -6.614
-20.104 -0.383 -6.596

-22.3393 -1.35594 -9.41693
-25.4926 -0.776308 -11.5268
-29.1427 -1.68616 -12.4155
-32.156 -1.51652 -10.0969
-29.9779 -0.21873 -7.38273
-28.8848 2.43053 -4.94636
-28.2311 -0.31043 -2.42466

-28.5657 -3.4823 -0.358229
-31.2059 -1.87769 1.8547
-33.1986 -0.746568 -1.17726
-33.0937 -4.23979 -2.67035
-34.3104 -5.77354 0.586957
-37.2 -3.31261 0.778917
-38.2304 -4.09477 -2.79451
-38.1854 -7.8295 -2.09264

-35.2924 -10.3605 -1.71464
-33.6334 -9.8775 -5.19264
-34.2814 -13.5865 -5.80864

-31.7044 -15.2335 -8.13964
-31.9534 -18.5815 -9.98164
-28.6734 -20.4245 -9.22464

-27.6774 -23.9065 -10.6526
-28.7274 -25.4735 -7.26564

-32.0834 -23.5805 -6.85864
-33.2474 -20.0975 -5.76464
-31.1574 -17.6725 -3.68264

-33.1684 -15.2015 -1.48864
-30.2374 -13.5855 0.470365
-30.5684 -10.2585 -1.42264
-32.7874 -7.1715 -1.07664
-34.9154 -5.1115 -3.51564
-37.6704 -2.4165 -3.59364

-37.2104 -1.6995 0.181365
-39.0414 1.6985 0.0823648
-42.1414 -0.0775039 -1.37464
-41.8164 -2.7915 1.32936
-41.6354 -0.0235039 4.02236
-44.8434 1.6145 2.65336
-46.6764 -1.7805 2.54436
-45.5644 -2.6035 6.13136
-46.6234 0.794496 7.61836
-50.0254 0.844496 5.80536
-51.2024 -2.7645 6.34036

-48.9714 -4.7665 8.80636

-46.8384 -2.7085 11.1904
-46.8964 0.185496 13.6614

-43.2934 1.4275 14.1944
-41.9864 4.4285 16.1834
-38.4114 5.2635 17.1574

-36.8854 6.7475 20.3854
-36.2744 9.9515 18.3634
-40.0294 10.2005 17.4634
-41.4694 9.8305 21.0234

-38.6584 10.3255 23.6454
-36.6974 13.5605 22.8144
-35.2834 13.3235 26.4144
-33.2784 10.0555 25.9984

-29.4794 10.7495 25.9834
-27.7264 10.0155 22.6594

-26.0704 6.6455 21.9164
-22.4544 7.4935 20.9384
-20.9174 4.6035 18.9364
-17.2384 4.1055 17.9894
-14.8764 1.4965 16.5874
-11.8354 0.801496 18.8284
-9.01639 -0.752504 16.7734

-7.23639 -2.9535 19.3644
-3.52139 -3.1345 18.5544

-2.53739 -6.3655 16.6314
1.07761 -5.8945 17.9594
0.0396127 -8.0865 20.9814

-1.00139 -10.8755 18.4964
2.13661 -13.0565 18.5624

3.64261 -14.3295 15.2644
2.33061 -17.9475 15.8054
-1.29139 -16.7495 16.3564
-1.01439 -14.4195 13.2954
0.414613 -17.2645 11.1434
-2.52339 -19.4815 12.3284
-5.06939 -16.7465 11.3304
-3.27239 -16.3485 7.94036
-3.35939 -20.1745 7.50936
-7.13239 -20.4835 8.25736
-7.82039 -17.4315 5.98936
-5.86539 -19.1075 3.10236
-7.63939 -22.4205 3.89336
-11.1364 -20.8685 3.30936
-10.0454 -19.5375 -0.161635

-8.56539 -22.8675 -1.41364
-10.3954 -23.9655 -4.61864
-10.2544 -27.7455 -4.08364
-12.1254 -27.9065 -0.698635
-15.6984 -29.1345 -0.191635

-18.4944 -26.7475 0.962365
-18.1754 -28.4095 4.42536
-14.3534 -27.9505 4.71436
-14.9044 -24.2485 3.74336
-17.4934 -23.8955 6.61836
-15.1254 -25.7155 9.05536
-12.1764 -23.4235 8.09836
-14.5274 -20.3855 8.55436
-15.5424 -21.5875 12.0784
-11.8274 -22.1685 12.8854
-10.8574 -18.6475 11.6134
-13.6844 -17.1085 13.7284
-12.7294 -19.0575 16.9264
-8.99639 -18.1405 16.3594
-10.0464 -14.4505 15.9994
-11.6974 -14.6395 19.4594
-8.53739 -16.2205 21.0284
-6.23739 -13.6595 19.3004
-8.23639 -10.6855 20.7464
-8.28939 -11.8815 24.4444
-5.00239 -10.1285 25.5814
-5.93939 -6.6955 24.1094
-9.62439 -7.0505 25.1494
-8.28339 -7.5985 28.7204
-5.81139 -4.6555 28.3334
-8.73839 -2.4045 27.2504
-11.0504 -3.5565 30.1404
-8.24539 -2.7885 32.6514
-7.59139 0.661496 31.0264
-11.3404 1.4585 31.5024
-11.2134 0.447496 35.2274
-7.88839 2.3125 35.8174

-9.54639 5.3915 34.1344
-12.0264 5.3765 37.1084
-15.1954 4.0795 35.3174
-17.8894 3.1265 37.8454
-20.1424 0.777496 35.7214

-19.9234 -0.817504 32.2404
-21.0914 -3.8935 30.2694
-18.7214 -6.2555 28.3944
-20.3074 -8.3225 25.5904
-18.6864 -11.4775 24.1194

-20.0684 -14.7785 22.6424
-17.1904 -17.3225 22.6974

-17.0594 -19.0065 26.1504
-13.1964 -18.8045 26.2084
-13.4264 -14.9475 25.9664
-16.0294 -14.7625 28.8104
-13.8684 -17.1975 30.8964
-10.6034 -15.2155 30.3424
-12.2804 -11.8365 31.1884
-13.8334 -13.2655 34.4274
-10.4974 -14.8985 35.4574
-8.55539 -11.5955 35.0374
-11.2414 -9.5825 36.9454
-11.0234 -12.1735 39.8104
-7.16139 -11.9495 39.6954

-7.44939 -8.0945 39.9514
-10.1174 -8.5265 42.7524
-12.6954 -6.5665 40.6504
-16.2994 -7.2535 41.7194

-18.3024 -8.2445 38.6084
-21.3874 -10.2125 37.4424
-21.4654 -12.9295 34.7264
-24.4674 -14.0305 32.5824

-24.2014 -16.7525 29.8844
-26.0344 -19.8485 28.4704
-25.4564 -21.7655 31.7794
-26.8904 -19.0165 34.0954
-30.4034 -20.0215 35.2844
-33.5664 -17.9255 34.6284
-33.9394 -16.8175 38.3164

-30.1814 -16.1755 38.9034
-30.1904 -13.9505 35.7364
-32.7514 -11.6185 37.4004
-30.9024 -11.6735 40.7844
-27.4664 -10.8855 39.1764
-29.2074 -8.1165 37.1534
-30.5414 -6.6285 40.4534
-27.0644 -7.0115 42.1064
-25.4164 -4.9955 39.2384
-28.2644 -2.3955 39.2884
-28.3384 -1.8315 43.0994

-24.7054 -2.4945 44.2334
-22.1214 0.287496 43.5474
-19.3184 -2.3405 43.9974
-20.1294 -4.3445 40.8194
-18.1604 -2.3635 38.1984

-18.3024 -4.8875 35.2854
-21.0624 -7.0585 33.8064
-19.6004 -9.9205 31.6764
-22.4564 -10.8305 29.3034
-23.0304 -13.3585 26.5154

-24.3424 -11.4625 23.4144
-26.7714 -14.3725 22.7054
-27.8344 -15.2215 26.3024
-28.3214 -11.6275 27.6694
-30.0434 -10.0985 24.5364
-33.5044 -10.5725 26.2244
-35.5024 -9.6165 29.3754
-32.7354 -7.8505 31.3704
-32.2864 -4.0785 32.0554
-28.8334 -2.5355 32.7644
-29.6704 1.1995 33.2104
-26.9604 1.5315 35.9634
-24.1764 1.4665 33.2904
-23.2924 4.2715 30.7934

-20.8454 2.1945 28.6514
-21.1544 -0.969504 26.5094
-17.9874 -2.7365 25.2244
-18.3644 -5.3695 22.4804

-15.2044 -7.4925 22.9244
-16.4134 -9.5125 19.8934
-18.4244 -8.7095 16.7454
-21.6174 -10.6745 15.9494
-22.7034 -11.2285 12.2824
-26.3494 -10.2565 13.0274

-26.8894 -6.4795 13.6754
-30.3624 -7.0275 15.2384
-28.6614 -8.8945 18.1584
-26.0424 -6.0985 18.5734
-28.8794 -3.4705 18.7274
-30.7594 -5.7105 21.2624
-27.5814 -5.7175 23.4424
-27.1074 -1.8665 23.2104

-30.8054 -1.3915 24.2284
-30.1314 -3.2385 27.5124
-28.5104 0.0414961 28.7774
-30.4424 2.5635 26.6324
-33.8264 2.0705 28.4564
-36.3664 4.2445 30.3394
-34.4424 5.1865 33.5364
-31.1344 5.9585 31.7144
-29.9054 9.5585 32.4284
-26.3834 9.4895 30.8154
-25.2804 9.4525 27.1294

-24.6584 5.7715 26.3064
-21.1684 4.9505 24.9744
-20.9064 1.8995 22.6394
-17.3454 0.647496 21.8984
-16.8414 -2.0365 19.1864
-13.4214 -3.7315 19.6944
-11.8884 -4.7475 16.2914

-8.49939 -6.2475 15.2694
-6.79839 -5.7285 11.8404
-5.69239 -9.0935 10.3164
-8.71539 -11.0685 11.7344
-12.3874 -12.0685 11.1084

-13.3994 -8.4845 12.1874
-12.0804 -7.1405 8.80336
-14.8604 -9.1485 6.99336
-17.5594 -9.0715 9.72736
-17.5954 -5.2575 10.1474
-18.4064 -4.4155 6.43336
-20.9914 -7.3025 6.48336
-22.7004 -5.8655 9.62736
-22.6874 -2.3525 8.01036
-24.3804 -3.4355 4.72836
-26.9814 -5.3605 6.84336
-27.8234 -2.2255 8.96236
-28.1834 -0.233504 5.69036
-30.6564 -2.8785 4.32536
-32.5784 -2.6125 7.65736
-32.5634 1.2515 7.49336
-33.7904 1.3355 3.82336

-36.6634 -0.986504 4.94036
-37.4634 1.5555 7.78536
-36.3874 -1.0455 10.4294
-33.3674 0.861496 11.9054
-32.1924 4.4765 12.4774
-28.7344 3.0375 13.2124
-26.2604 4.1735 10.5674
-22.8204 2.5015 11.0404
-20.9354 4.3075 8.15136

-19.9294 7.3965 10.2334
-17.8814 5.2075 12.6764
-15.5344 3.8905 9.89736
-14.6834 7.2875 8.33836

-13.4184 8.2465 11.8684
-10.9334 5.2735 12.2914

End chain 1
