-13.201 -6.296 -53.957
-10.703 -3.406 -53.291
-9.54 -3.087 -49.639
-11.02 0.322 -48.639
-8.614 1.85 -46.053
-10.787 3.126 -43.162

-9.634 6.195 -41.181
-10.061 4.9 -37.589
-10.286 6.838 -34.306
-12.195 7.103 -30.979
-14.163 9.439 -28.711
-12.619 10.223 -25.263
-14.157 12.207 -22.344

-11.943 15.248 -21.466
-14.301 16.978 -18.949
-17.827 16.65 -17.399
-19.139 18.761 -20.353

-16.752 17.96 -23.312
-15.482 14.956 -25.281
-12.62 14.751 -27.824
-12.437 12.939 -31.204
-8.982 11.264 -31.393
-8.672 10.357 -35.1

-6.282 10.744 -38.079
-6.98 13.557 -40.6
-9.895 13.022 -43.051

-11.208 15.853 -45.293
-14.92 14.856 -45.011
-14.611 14.37 -41.226
-13.015 17.857 -40.827
-15.875 19.254 -42.999
-18.403 17.482 -40.669
-16.559 18.759 -37.515
-16.844 22.341 -38.957

-20.697 21.797 -39.029
-20.861 21.033 -35.24
-22.116 23.933 -33.104
-20.016 23.255 -29.939
-16.791 22.621 -31.971

-13.393 23.436 -30.391
-10.011 22.816 -32.063
-6.805 22.812 -29.99

-3.883 23.919 -32.209
-1.328 22.314 -29.773
-2.753 18.736 -29.691
-4.334 19.137 -33.217

-7.578 17.622 -31.79
-11.313 18.386 -31.995
-13.683 18.544 -28.991
-17.466 19.001 -28.65
-20.131 19.402 -25.91

-21.257 16.038 -24.476
-24.923 16.743 -25.497
-23.731 16.722 -29.178
-22.178 13.179 -28.839
-25.228 11.354 -30.322
-25.57 14.044 -33.093
-21.852 13.682 -34.021
-21.815 9.829 -34.037
-25.045 9.774 -36.128
-23.507 12.176 -38.75
-20.093 10.348 -38.803

-21.793 6.948 -39.527
-22.962 8.546 -42.834
-19.328 9.196 -43.991
-17.677 6.563 -46.261
-14.251 5.2 -45.121

-14.46 6.789 -41.562
-14.765 4.819 -38.279
-15.142 6.964 -35.114
-15.663 4.659 -32.101

-18.218 6.249 -29.657
-17.862 6.903 -25.912
-18.35 3.469 -24.195
-21.794 2.549 -22.772
-20.235 2.829 -19.255
-19.534 6.58 -19.812
-22.964 7.196 -21.431
-24.623 5.531 -18.378
-22.42 7.523 -15.909

-23.028 10.919 -17.654
-26.668 10.153 -18.714
-27.851 13.482 -17.123

-25.214 15.594 -18.963
-26 13.8 -22.296
-29.631 15.147 -21.909

-29.014 18.802 -20.797
-28.522 21.656 -23.337
-27.494 23.803 -20.296
-24.374 24.206 -18.108
-26.03 23.63 -14.722
-23.195 22.587 -12.38
-23.731 19.355 -10.334

-27.219 19.392 -8.694
-26.798 20.208 -4.988
-26.578 17.032 -2.906
-29.814 16.999 -0.82
-29.276 16.946 2.956
-30.305 13.551 4.343

-32.727 13.25 7.268
-30.389 11.851 9.975
-33.077 12.019 12.787
-33.159 8.159 12.923
-29.32 8.149 13.454
-27.82 8.306 16.969

-27.52 12.074 17.913
-23.991 11.509 19.371
-22.796 10.469 15.867
-24.731 13.185 13.93
-23.402 16.008 16.22
-19.738 14.82 15.861

-19.687 14.822 11.995
-17.445 17.587 10.586

-19.106 19.692 7.763
-17.231 17.783 4.996
-18.064 14.402 6.666
-21.796 15.407 6.677
-21.562 16.318 2.947
-19.943 12.855 2.346
-22.788 11.075 4.244
-25.363 13.084 2.191
-23.555 12.165 -1.104
-23.43 8.459 -0.115
-27.196 8.491 0.728
-28.024 10.343 -2.565

-25.973 7.645 -4.472
-28.214 5.048 -2.67
-25.512 3.7 -0.27

-23.352 2.353 -3.174
-19.956 4.118 -3.237
-16.209 4.012 -2.721
-15.295 6.541 0.021

-11.694 7.195 -1.128

-11.135 10.189 1.225
-7.504 10.605 2.377

-6.048 8.715 5.398
-7.361 9.956 8.784
-10.233 12.169 7.374
-12.706 9.981 9.408

-13.844 7.354 6.831
-15.012 5.081 9.734
-17.363 7.714 11.316
-18.876 8.506 7.854
-19.282 4.738 7.09
-21.02 4.042 10.461
-23.415 6.996 9.798
-24.247 5.855 6.195
-24.846 2.277 7.463
-26.955 3.52 10.461
-29.227 5.531 8.078

-29.9 2.058 6.507

-30.384 0.293 9.981
-33.886 -0.857 8.77
-32.05 -2.956 6.062
-29.626 -4.868 8.41
-27.981 -7.413 9.17

-24.774 -5.448 8.488
-21.551 -7.137 7.269
-18.235 -5.328 7.997
-15.132 -6.739 6.223
-11.829 -5.357 7.603

-8.05 -6.016 7.986
-7.416 -8.82 10.567
-5.856 -6.305 13.093
-8.689 -3.64 13.199

-11.758 -5.868 14.003
-11.895 -4.753 17.675
-11.154 -1.102 16.63
-14.365 -1.304 14.506
-16.414 -2.897 17.375
-15.268 -0.08 19.729
-16.109 2.476 16.969
-19.722 1.111 16.76
-20.082 1.14 20.611
-18.596 4.7 20.723
-20.823 6.195 17.978

-24.121 4.191 18.24
-24.851 3.95 22.056
-28.388 2.791 20.948
-26.764 -0.701 20.406
-26.03 -3.285 23.117

-22.632 -5.104 22.857
-24.638 -8.32 22.08
-25.78 -6.667 18.791

-22.091 -6.816 17.576
-20.505 -10.124 16.488
-16.681 -10.041 16.081

-15.702 -13.116 14.035
-12.316 -14.303 15.372
-12.201 -17.837 13.813
-13.405 -19.799 10.735
-15.769 -21.82 13.07
-17.788 -18.808 14.317
-21.352 -17.917 13.159
-21.075 -14.973 10.701
-24.816 -14.102 11.273
-24.919 -14.166 15.127
-25.108 -10.332 15.536
-27.08 -7.466 13.995

-23.588 -6.14 13.038
-21.065 -8.833 11.965
-17.336 -7.898 11.803
-15.009 -10.302 9.887
-11.529 -10.295 8.291

-10.658 -10.74 4.577
-8.757 -14.009 5.375
-11.833 -15.546 7.113
-14.3 -14.769 4.222

-12.926 -17.715 2.14
-13.287 -20.073 5.183
-16.843 -18.74 5.845
-18.014 -18.815 2.139
-20.731 -21.415 3.044
-22.243 -18.836 5.512
-21.955 -15.894 2.989
-25.071 -17.433 1.278
-27.188 -15.451 3.825
-28.094 -12.137 2.052
-26.367 -9.235 3.842
-28.236 -6.215 2.36

-25.704 -3.677 3.792
-21.936 -4.298 3.429
-19.007 -2.145 4.602
-15.517 -3.11 3.36

-12.662 -1.237 5.059
-9.341 -0.865 3.151

-11.066 -2.352 0.031
-7.765 -2.207 -1.968
-7.252 -5.742 -0.456
-9.774 -6.866 -3.176

-7.558 -5.436 -6.054
-6.861 -8.909 -7.611
-9.913 -10.983 -8.736
-7.994 -14.348 -8.638
-7.386 -14.116 -4.839

-9.551 -16.269 -2.508
-10.568 -13.122 -0.487
-11.832 -11.409 -3.693
-13.586 -14.593 -5.006
-15.461 -14.905 -1.648
-16.313 -11.137 -1.332
-17.465 -10.353 -4.925
-20.7 -12.523 -5.003
-21.961 -10.786 -1.799
-21.004 -7.272 -3.064
-22.893 -7.826 -6.386
-26.148 -8.927 -4.576

-26.072 -6.644 -1.465
-28.372 -3.542 -1.704

-25.826 -1.116 -0.104
-22.019 -1.347 -0.629
-19.769 1.077 1.29
-16.145 0.543 0.177
-13.427 2.479 2.088

-9.739 3.065 1.181
-6.998 5.712 1.573
-5.29 4.301 -1.537
-8.002 2.778 -3.832
-5.263 1.979 -6.345
-1.844 1.044 -4.877
0.179 1.273 -8.156
-1.96 0.815 -11.364

-5.486 1.412 -12.884
-6.145 -2.396 -13.101
-6.402 -2.518 -9.223
-9.619 -0.37 -9.379
-11.628 -2.846 -11.528
-12.904 -5.026 -8.614
-13.981 -1.892 -6.643
-15.738 -0.406 -9.758
-17.759 -3.638 -10.376
-18.545 -3.926 -6.614
-20.104 -0.383 -6.596

-21.607 -0.654 -10.172
-21.992 -4.37 -11.257
-23.172 -3.251 -14.78
-19.935 -1.29 -15.508
-17.337 -3.236 -17.592
-18.9 -6.785 -17.229
-15.576 -8.217 -18.571

-12.101 -7.019 -17.429
-10.719 -7.022 -21.032
-12.866 -3.967 -22.03
-11.565 -2.031 -18.959
-7.965 -3.199 -19.668
-8.028 -2.162 -23.384
-9.238 1.366 -22.43
-7.403 2.18 -19.142

-4.51 -0.351 -18.764
-2.851 0.132 -22.242
-3.499 -3.577 -22.858

-0.922 -5.224 -25.189
-1.171 -8.572 -27.031
2.109 -10.415 -26.274

3.105 -13.897 -27.702
2.055 -15.464 -24.315

-1.301 -13.571 -23.908
-2.465 -10.088 -22.814
-0.375 -7.663 -20.732

-2.386 -5.192 -18.538
0.545 -3.576 -16.579
0.214 -0.249 -18.472
-2.005 2.838 -18.126
-4.133 4.898 -20.565
-6.888 7.593 -20.643

-6.428 8.31 -16.868
-8.259 11.708 -16.967
-11.359 9.932 -18.424
-11.034 7.218 -15.72
-10.853 9.986 -13.027
-14.061 11.624 -14.396
-15.894 8.229 -14.505
-14.782 7.406 -10.918
-15.841 10.804 -9.431
-19.243 10.854 -11.244
-20.42 7.245 -10.709

-19.4395 8.03874 -7.20689

-17.8069 11.3528 -6.29718
-19.7686 14.5994 -6.57375

-16.1656 15.8414 -6.04075
-14.8586 18.8424 -4.05175
-11.2836 19.6774 -3.07775

-9.75755 21.1614 0.150249
-9.14655 24.3654 -1.87175
-12.9016 24.6144 -2.77175
-14.3416 24.2444 0.788249

-11.5306 24.7394 3.41025
-9.56955 27.9744 2.57925
-8.15555 27.7374 6.17925
-6.15055 24.4694 5.76325

-2.35155 25.1634 5.74825
-0.598553 24.4294 2.42425

1.05745 21.0594 1.68125
4.67345 21.9074 0.703249
6.21045 19.0174 -1.29875
9.88945 18.5194 -2.24575
12.2514 15.9104 -3.64775
15.2924 15.2154 -1.40675
18.1114 13.6614 -3.46175

19.8914 11.4604 -0.870751
23.6064 11.2794 -1.68075

24.5904 8.04838 -3.60375
28.2054 8.51938 -2.27575
27.1674 6.32738 0.746249

26.1264 3.53838 -1.73875
29.2644 1.35738 -1.67275

30.7704 0.0843801 -4.97075
29.4584 -3.53362 -4.42975
25.8364 -2.33562 -3.87875
26.1134 -0.00561986 -6.93975
27.5424 -2.85062 -9.09175
24.6044 -5.06762 -7.90675
22.0584 -2.33262 -8.90475
23.8554 -1.93462 -12.2948
23.7684 -5.76062 -12.7258
19.9954 -6.06962 -11.9778
19.3074 -3.01762 -14.2458
21.2624 -4.69362 -17.1328
19.4884 -8.00662 -16.3418
15.9914 -6.45462 -16.9258
17.0824 -5.12362 -20.3968

18.5624 -8.45362 -21.6488
16.7324 -9.55162 -24.8538
16.8734 -13.3316 -24.3188
15.0024 -13.4926 -20.9338
11.4294 -14.7206 -20.4268

8.63345 -12.3336 -19.2728
8.95245 -13.9956 -15.8098
12.7744 -13.5366 -15.5208
12.2234 -9.83462 -16.4918
9.63445 -9.48162 -13.6168
12.0024 -11.3016 -11.1798
14.9514 -9.00962 -12.1368
12.6004 -5.97162 -11.6808
11.5854 -7.17362 -8.15675
15.3004 -7.75462 -7.34975
16.2704 -4.23362 -8.62175
13.4434 -2.69462 -6.50675
14.3984 -4.64362 -3.30875
18.1314 -3.72662 -3.87575
17.0814 -0.0366199 -4.23575
15.4304 -0.22562 -0.775751
18.5904 -1.80662 0.793249
20.8904 0.75438 -0.934751
18.8914 3.72838 0.511249
18.8384 2.53238 4.20925
22.1254 4.28538 5.34625
21.1884 7.71838 3.87425
17.5034 7.36338 4.91425
18.8444 6.81538 8.48525
21.3164 9.75838 8.09825
18.3894 12.0094 7.01525
16.0774 10.8574 9.90525
18.8824 11.6254 12.4162
19.5364 15.0754 10.7912
15.7874 15.8724 11.2672
15.9144 14.8614 14.9922
19.2394 16.7264 15.5822

17.5814 19.8054 13.8992
15.1014 19.7904 16.8732
11.9324 18.4934 15.0822
9.23845 17.5404 17.6102
6.98545 15.1914 15.4862

7.20445 13.5964 12.0052
6.03645 10.5204 10.0342
8.40645 8.15838 8.15925
6.82045 6.09138 5.35525
8.44145 2.93638 3.88425

7.05945 -0.36462 2.40725
9.93745 -2.90862 2.46225

10.0684 -4.59262 5.91525
13.9314 -4.39062 5.97325
13.7014 -0.53362 5.73125
11.0984 -0.34862 8.57525
13.2594 -2.78362 10.6612
16.5244 -0.80162 10.1072
14.8474 2.57738 10.9532
13.2944 1.14838 14.1922
16.6304 -0.48462 15.2222
18.5724 2.81838 14.8022
15.8864 4.83138 16.7102
16.1044 2.24038 19.5752
19.9664 2.46438 19.4602

19.6784 6.31938 19.7162
17.0104 5.88738 22.5172
14.4324 7.84738 20.4152
10.8284 7.16038 21.4842

8.82545 6.16938 18.3732
5.74045 4.20138 17.2072
5.66245 1.48438 14.4912
2.66045 0.38338 12.3472

2.92645 -2.33862 9.64925
1.09345 -5.43462 8.23525
1.67145 -7.35162 11.5442
0.237447 -4.60262 13.8602
-3.27555 -5.60762 15.0492
-6.43855 -3.51162 14.3932
-6.81155 -2.40362 18.0812

-3.05355 -1.76162 18.6682
-3.06255 0.46338 15.5012
-5.62355 2.79538 17.1652
-3.77455 2.74038 20.5492
-0.338553 3.52838 18.9412
-2.07955 6.29738 16.9182
-3.41355 7.78538 20.2182
0.0634474 7.40238 21.8712
1.71145 9.41838 19.0032
-1.13655 12.0184 19.0532
-1.21055 12.5824 22.8642

2.42245 11.9194 23.9982
5.00645 14.7014 23.3122
7.80945 12.0734 23.7622
6.99845 10.0694 20.5842
8.96745 12.0504 17.9632

8.82545 9.52638 15.0502
6.06545 7.35538 13.5712
7.52745 4.49338 11.4412
4.67145 3.58338 9.06825
4.09745 1.05538 6.28025

2.78545 2.95138 3.17925
0.356447 0.0413801 2.47025
-0.706553 -0.80762 6.06725
-1.19355 2.78638 7.43425
-2.91555 4.31538 4.30125
-6.37655 3.84138 5.98925
-8.37455 4.79738 9.14025
-5.60755 6.56338 11.1352
-5.15855 10.3354 11.8202
-1.70555 11.8784 12.5292
-2.54255 15.6134 12.9752
0.167447 15.9454 15.7282
2.95145 15.8804 13.0552
3.83545 18.6854 10.5582

6.28245 16.6084 8.41625
5.97345 13.4444 6.27425
9.14045 11.6774 4.98925
8.76345 9.04438 2.24525

11.9234 6.92138 2.68925
10.7144 4.90138 -0.341751
8.70345 5.70438 -3.48975
5.51045 3.73938 -4.28575
4.42445 3.18538 -7.95275
0.778447 4.15738 -7.20775

0.238447 7.93438 -6.55975
-3.23455 7.38638 -4.99675
-1.53355 5.51938 -2.07675
1.08545 8.31538 -1.66175
-1.75155 10.9434 -1.50775
-3.63155 8.70338 1.02725
-0.453553 8.69638 3.20725
0.0204474 12.5474 2.97525

-3.67755 13.0224 3.99325
-3.00355 11.1754 7.27725
-1.38255 14.4554 8.54225
-3.31455 16.9774 6.39725
-6.69855 16.4844 8.22125
-9.23855 18.6584 10.1042
-7.31455 19.6004 13.3012
-4.00655 20.3724 11.4792
-2.77755 23.9724 12.1932
0.744447 23.9034 10.5802
1.84745 23.8664 6.89425

2.46945 20.1854 6.07125
5.95945 19.3644 4.73925
6.22145 16.3134 2.40425
9.78245 15.0614 1.66325
10.2864 12.3774 -1.04875
13.7064 10.6824 -0.540751
15.2394 9.66638 -3.94375

18.6284 8.16638 -4.96575
20.3294 8.68538 -8.39475
21.4354 5.32038 -9.91875
18.4124 3.34538 -8.50075
14.7404 2.34538 -9.12675

13.7284 5.92938 -8.04775
15.0474 7.27338 -11.4318
12.2674 5.26538 -13.2418
9.56845 5.34238 -10.5078
9.53245 9.15638 -10.0878
8.72145 9.99838 -13.8018
6.13645 7.11138 -13.7518
4.42745 8.54838 -10.6078
4.44045 12.0614 -12.2248
2.74745 10.9784 -15.5068
0.146447 9.05338 -13.3918
-0.695553 12.1884 -11.2728
-1.05555 14.1804 -14.5448
-3.52855 11.5354 -15.9098
-5.45055 11.8014 -12.5778
-5.43555 15.6654 -12.7418
-6.66255 15.7494 -16.4118

-9.53555 13.4274 -15.2948
-10.3356 15.9694 -12.4498
-9.25955 13.3684 -9.80575
-6.23955 15.2754 -8.32975
-5.06455 18.8904 -7.75775
-1.60655 17.4514 -7.02275
0.867447 18.5874 -9.66775
4.30745 16.9154 -9.19475
6.19245 18.7214 -12.0838

7.19845 21.8104 -10.0018
9.24645 19.6214 -7.55875
11.5934 18.3044 -10.3378
12.4444 21.7014 -11.8968

13.7094 22.6604 -8.36675
16.1944 19.6874 -7.94375

End chain 1
