-13.201 -6.296 -53.957
-10.703 -3.406 -53.291
-9.54 -3.087 -49.639
-11.02 0.322 -48.639
-8.614 1.85 -46.053
-10.787 3.126 -43.162

-9.634 6.195 -41.181
-10.061 4.9 -37.589
-10.286 6.838 -34.306
-12.195 7.103 -30.979
-14.163 9.439 -28.711
-12.619 10.223 -25.263
-14.157 12.207 -22.344

-11.943 15.248 -21.466
-14.301 16.978 -18.949
-17.827 16.65 -17.399
-19.139 18.761 -20.353

-16.752 17.96 -23.312
-15.482 14.956 -25.281
-12.62 14.751 -27.824
-12.437 12.939 -31.204
-8.982 11.264 -31.393
-8.672 10.357 -35.1

-6.282 10.744 -38.079
-6.98 13.557 -40.6
-9.895 13.022 -43.051

-11.208 15.853 -45.293
-14.92 14.856 -45.011
-14.611 14.37 -41.226
-13.015 17.857 -40.827
-15.875 19.254 -42.999
-18.403 17.482 -40.669
-16.559 18.759 -37.515
-16.844 22.341 -38.957

-20.697 21.797 -39.029
-20.861 21.033 -35.24
-22.116 23.933 -33.104
-20.016 23.255 -29.939
-16.791 22.621 -31.971

-13.393 23.436 -30.391
-10.011 22.816 -32.063
-6.805 22.812 -29.99

-3.883 23.919 -32.209
-1.328 22.314 -29.773
-2.753 18.736 -29.691
-4.334 19.137 -33.217

-7.578 17.622 -31.79
-11.313 18.386 -31.995
-13.683 18.544 -28.991
-17.466 19.001 -28.65
-20.131 19.402 -25.91

-21.257 16.038 -24.476
-24.923 16.743 -25.497
-23.731 16.722 -29.178
-22.178 13.179 -28.839
-25.228 11.354 -30.322
-25.57 14.044 -33.093
-21.852 13.682 -34.021
-21.815 9.829 -34.037
-25.045 9.774 -36.128
-23.507 12.176 -38.75
-20.093 10.348 -38.803

-21.793 6.948 -39.527
-22.962 8.546 -42.834
-19.328 9.196 -43.991
-17.677 6.563 -46.261
-14.251 5.2 -45.121

-14.46 6.789 -41.562
-14.765 4.819 -38.279
-15.142 6.964 -35.114
-15.663 4.659 -32.101

-18.218 6.249 -29.657
-17.862 6.903 -25.912
-18.35 3.469 -24.195
-21.794 2.549 -22.772
-20.235 2.829 -19.255
-19.534 6.58 -19.812
-22.964 7.196 -21.431
-24.623 5.531 -18.378
-22.42 7.523 -15.909

-23.028 10.919 -17.654
-26.668 10.153 -18.714
-27.851 13.482 -17.123

-25.214 15.594 -18.963
-26 13.8 -22.296
-29.631 15.147 -21.909

-29.014 18.802 -20.797
-28.522 21.656 -23.337
-27.494 23.803 -20.296
-24.374 24.206 -18.108
-26.03 23.63 -14.722
-23.195 22.587 -12.38
-23.731 19.355 -10.334

-27.219 19.392 -8.694
-26.798 20.208 -4.988
-26.578 17.032 -2.906
-29.814 16.999 -0.82
-29.276 16.946 2.956
-30.305 13.551 4.343

-32.727 13.25 7.268
-30.389 11.851 9.975
-33.077 12.019 12.787
-33.159 8.159 12.923
-29.32 8.149 13.454
-27.82 8.306 16.969

-27.52 12.074 17.913
-23.991 11.509 19.371
-22.796 10.469 15.867
-24.731 13.185 13.93
-23.402 16.008 16.22
-19.738 14.82 15.861

-19.687 14.822 11.995
-17.445 17.587 10.586

-19.106 19.692 7.763
-17.231 17.783 4.996
-18.064 14.402 6.666
-21.796 15.407 6.677
-21.562 16.318 2.947
-19.943 12.855 2.346
-22.788 11.075 4.244
-25.363 13.084 2.191
-23.555 12.165 -1.104
-23.43 8.459 -0.115
-27.196 8.491 0.728
-28.024 10.343 -2.565

-25.973 7.645 -4.472
-28.214 5.048 -2.67
-25.512 3.7 -0.27

-23.352 2.353 -3.174
-19.956 4.118 -3.237
-16.209 4.012 -2.721
-15.295 6.541 0.021

-11.694 7.195 -1.128

-11.135 10.189 1.225
-7.504 10.605 2.377

-6.048 8.715 5.398
-7.361 9.956 8.784
-10.233 12.169 7.374
-12.706 9.981 9.408

-13.844 7.354 6.831
-15.012 5.081 9.734
-17.363 7.714 11.316
-18.876 8.506 7.854
-19.282 4.738 7.09
-21.02 4.042 10.461
-23.415 6.996 9.798
-24.247 5.855 6.195
-24.846 2.277 7.463
-26.955 3.52 10.461
-29.227 5.531 8.078

-29.9 2.058 6.507

-30.384 0.293 9.981
-33.886 -0.857 8.77
-32.05 -2.956 6.062
-29.626 -4.868 8.41
-27.981 -7.413 9.17

-24.774 -5.448 8.488
-21.551 -7.137 7.269
-18.235 -5.328 7.997
-15.132 -6.739 6.223
-11.829 -5.357 7.603

-8.05 -6.016 7.986
-7.416 -8.82 10.567
-5.856 -6.305 13.093
-8.689 -3.64 13.199

-11.758 -5.868 14.003
-11.895 -4.753 17.675
-11.154 -1.102 16.63
-14.365 -1.304 14.506
-16.414 -2.897 17.375
-15.268 -0.08 19.729
-16.109 2.476 16.969
-19.722 1.111 16.76
-20.082 1.14 20.611
-18.596 4.7 20.723
-20.823 6.195 17.978

-24.121 4.191 18.24
-24.851 3.95 22.056
-28.388 2.791 20.948
-26.764 -0.701 20.406
-26.03 -3.285 23.117

-22.632 -5.104 22.857
-24.638 -8.32 22.08
-25.78 -6.667 18.791

-22.091 -6.816 17.576
-20.505 -10.124 16.488
-16.681 -10.041 16.081

-15.702 -13.116 14.035
-12.316 -14.303 15.372
-12.201 -17.837 13.813
-13.405 -19.799 10.735
-15.769 -21.82 13.07
-17.788 -18.808 14.317
-21.352 -17.917 13.159
-21.075 -14.973 10.701
-24.816 -14.102 11.273
-24.919 -14.166 15.127
-25.108 -10.332 15.536
-27.08 -7.466 13.995

-23.588 -6.14 13.038
-21.065 -8.833 11.965
-17.336 -7.898 11.803
-15.009 -10.302 9.887
-11.529 -10.295 8.291

-10.658 -10.74 4.577
-8.757 -14.009 5.375
-11.833 -15.546 7.113
-14.3 -14.769 4.222

-12.926 -17.715 2.14
-13.287 -20.073 5.183
-16.843 -18.74 5.845
-18.014 -18.815 2.139
-20.731 -21.415 3.044
-22.243 -18.836 5.512
-21.955 -15.894 2.989
-25.071 -17.433 1.278
-27.188 -15.451 3.825
-28.094 -12.137 2.052
-26.367 -9.235 3.842
-28.236 -6.215 2.36

-25.704 -3.677 3.792
-21.936 -4.298 3.429
-19.007 -2.145 4.602
-15.517 -3.11 3.36

-12.662 -1.237 5.059
-9.341 -0.865 3.151

-11.066 -2.352 0.031
-7.765 -2.207 -1.968
-7.252 -5.742 -0.456
-9.774 -6.866 -3.176

-7.558 -5.436 -6.054
-6.861 -8.909 -7.611
-9.913 -10.983 -8.736
-7.994 -14.348 -8.638
-7.386 -14.116 -4.839

-9.551 -16.269 -2.508
-10.568 -13.122 -0.487
-11.832 -11.409 -3.693
-13.586 -14.593 -5.006
-15.461 -14.905 -1.648
-16.313 -11.137 -1.332
-17.465 -10.353 -4.925
-20.7 -12.523 -5.003
-21.961 -10.786 -1.799
-21.004 -7.272 -3.064
-22.893 -7.826 -6.386
-26.148 -8.927 -4.576

-26.072 -6.644 -1.465
-28.372 -3.542 -1.704

-25.826 -1.116 -0.104
-22.019 -1.347 -0.629
-19.769 1.077 1.29
-16.145 0.543 0.177
-13.427 2.479 2.088

-9.739 3.065 1.181
-6.998 5.712 1.573
-5.29 4.301 -1.537
-8.002 2.778 -3.832
-5.263 1.979 -6.345
-1.844 1.044 -4.877
0.179 1.273 -8.156
-1.96 0.815 -11.364

-5.486 1.412 -12.884
-6.145 -2.396 -13.101
-6.402 -2.518 -9.223
-9.619 -0.37 -9.379
-11.628 -2.846 -11.528
-12.904 -5.026 -8.614
-13.981 -1.892 -6.643
-15.738 -0.406 -9.758
-17.759 -3.638 -10.376
-18.545 -3.926 -6.614
-20.104 -0.383 -6.596

-21.607 -0.654 -10.172
-21.992 -4.37 -11.257
-23.172 -3.251 -14.78
-19.935 -1.29 -15.508
-17.337 -3.236 -17.592
-18.9 -6.785 -17.229
-15.576 -8.217 -18.571

-12.101 -7.019 -17.429
-10.719 -7.022 -21.032
-12.866 -3.967 -22.03
-11.565 -2.031 -18.959
-7.965 -3.199 -19.668
-8.028 -2.162 -23.384
-9.238 1.366 -22.43
-7.403 2.18 -19.142

-4.81289 1.28961 -21.6778
-2.6083 2.74624 -24.2919
0.0585422 3.42984 -26.969

1.02569 7.03712 -27.4218
0.919333 10.4926 -25.6261
-1.97289 12.24 -27.5487

-0.976893 8.758 -28.9767
-2.02689 7.191 -25.5897

-5.38289 9.084 -25.1827
-6.54689 12.567 -24.0887
-4.45689 14.992 -22.0067

-6.46789 17.463 -19.8127
-3.53689 19.079 -17.8537
-3.86789 22.406 -19.7467
-6.08689 25.493 -19.4007
-8.21489 27.553 -21.8397
-10.9699 30.248 -21.9177

-10.5099 30.965 -18.1427
-12.3409 34.363 -18.2417
-15.4409 32.587 -19.6987
-15.1159 29.873 -16.9947
-14.9349 32.641 -14.3017
-18.1429 34.279 -15.6707
-19.9759 30.884 -15.7797
-18.8639 30.061 -12.1927
-19.9229 33.459 -10.7057
-23.3249 33.509 -12.5187
-24.5019 29.9 -11.9837

-22.2709 27.898 -9.5177

-20.1379 29.956 -7.1337
-20.1959 32.85 -4.6627

-16.5929 34.092 -4.1297
-15.2859 37.093 -2.1407
-11.7109 37.928 -1.1667

-10.1849 39.412 2.0613
-9.57389 42.616 0.0393028
-13.3289 42.865 -0.860697
-14.7689 42.495 2.6993

-11.9579 42.99 5.3213
-9.99689 46.225 4.4903
-8.58289 45.988 8.0903
-6.57789 42.72 7.6743

-2.77889 43.414 7.6593
-1.02589 42.68 4.3353

0.630107 39.31 3.5923
4.24611 40.158 2.6143
5.78311 37.268 0.612303
9.46211 36.77 -0.334697
11.8241 34.161 -1.7367
14.8651 33.466 0.504303
17.6841 31.912 -1.5507

19.4641 29.711 1.0403
23.1791 29.53 0.230303

24.1631 26.299 -1.6927
27.7781 26.77 -0.364697
26.7401 24.578 2.6573

25.6991 21.789 0.172303
28.8371 19.608 0.238303

30.3431 18.335 -3.0597
29.0311 14.717 -2.5187
25.4091 15.915 -1.9677
25.6861 18.245 -5.0287
27.1151 15.4 -7.1807
24.1771 13.183 -5.9957
21.6311 15.918 -6.9937
23.4281 16.316 -10.3837
23.3411 12.49 -10.8147
19.5681 12.181 -10.0667
18.8801 15.233 -12.3347
20.8351 13.557 -15.2217
19.0611 10.244 -14.4307
15.5641 11.796 -15.0147
16.6551 13.127 -18.4857

18.1351 9.797 -19.7377
16.3051 8.699 -22.9427
16.4461 4.919 -22.4077
14.5751 4.758 -19.0227
11.0021 3.53 -18.5157

8.20611 5.917 -17.3617
8.52511 4.255 -13.8987
12.3471 4.714 -13.6097
11.7961 8.416 -14.5807
9.20711 8.769 -11.7057
11.5751 6.949 -9.2687
14.5241 9.241 -10.2257
12.1731 12.279 -9.7697
11.1581 11.077 -6.2457
14.8731 10.496 -5.4387
15.8431 14.017 -6.7107
13.0161 15.556 -4.5957
13.9711 13.607 -1.3977
17.7041 14.524 -1.9647
16.6541 18.214 -2.3247
15.0031 18.025 1.1353
18.1631 16.444 2.7043
20.4631 19.005 0.976303
18.4641 21.979 2.4223
18.4111 20.783 6.1203
21.6981 22.536 7.2573
20.7611 25.969 5.7853
17.0761 25.614 6.8253
18.4171 25.066 10.3963
20.8891 28.009 10.0093
17.9621 30.26 8.9263
15.6501 29.108 11.8163
18.4551 29.876 14.3273
19.1091 33.326 12.7023
15.3601 34.123 13.1783
15.4871 33.112 16.9033
18.8121 34.977 17.4933

17.1541 38.056 15.8103
14.6741 38.041 18.7843
11.5051 36.744 16.9933
8.81111 35.791 19.5213
6.55811 33.442 17.3973

6.77711 31.847 13.9163
5.60911 28.771 11.9453
7.97911 26.409 10.0703
6.39311 24.342 7.2663
8.01411 21.187 5.7953

6.63211 17.886 4.3183
9.51011 15.342 4.3733

9.64111 13.658 7.8263
13.5041 13.86 7.8843
13.2741 17.717 7.6423
10.6711 17.902 10.4863
12.8321 15.467 12.5723
16.0971 17.449 12.0183
14.4201 20.828 12.8643
12.8671 19.399 16.1033
16.2031 17.766 17.1333
18.1451 21.069 16.7133
15.4591 23.082 18.6213
15.6771 20.491 21.4863
19.5391 20.715 21.3713

19.2511 24.57 21.6273
16.5831 24.138 24.4283
14.0051 26.098 22.3263
10.4011 25.411 23.3953

8.39811 24.42 20.2843
5.31311 22.452 19.1183
5.23511 19.735 16.4023
2.23311 18.634 14.2583

2.49911 15.912 11.5603
0.666107 12.816 10.1463
1.24411 10.899 13.4553
-0.189893 13.648 15.7713
-3.70289 12.643 16.9603
-6.86589 14.739 16.3043
-7.23889 15.847 19.9923

-3.48089 16.489 20.5793
-3.48989 18.714 17.4123
-6.05089 21.046 19.0763
-4.20189 20.991 22.4603
-0.765893 21.779 20.8523
-2.50689 24.548 18.8293
-3.84089 26.036 22.1293
-0.363893 25.653 23.7823
1.28411 27.669 20.9143
-1.56389 30.269 20.9643
-1.63789 30.833 24.7753

1.99511 30.17 25.9093
4.57911 32.952 25.2233
7.38211 30.324 25.6733
6.57111 28.32 22.4953
8.54011 30.301 19.8743

8.39811 27.777 16.9613
5.63811 25.606 15.4823
7.10011 22.744 13.3523
4.24411 21.834 10.9793
3.67011 19.306 8.1913

2.35811 21.202 5.0903
-0.0708926 18.292 4.3813
-1.13389 17.443 7.9783
-1.62089 21.037 9.3453
-3.34289 22.566 6.2123
-6.80389 22.092 7.9003
-8.80189 23.048 11.0513
-6.03489 24.814 13.0463
-5.58589 28.586 13.7313
-2.13289 30.129 14.4403
-2.96989 33.864 14.8863
-0.259893 34.196 17.6393
2.52411 34.131 14.9663
3.40811 36.936 12.4693

5.85511 34.859 10.3273
5.54611 31.695 8.1853
8.71311 29.928 6.9003
8.33611 27.295 4.1563

11.4961 25.172 4.6003
10.2871 23.152 1.5693
8.27611 23.955 -1.5787
5.08311 21.99 -2.3747
3.99711 21.436 -6.0417
0.351107 22.408 -5.2967

-0.188893 26.185 -4.6487
-3.66189 25.637 -3.0857
-1.96089 23.77 -0.165697
0.658107 26.566 0.249303
-2.17889 29.194 0.403303
-4.05889 26.954 2.9383
-0.880893 26.947 5.1183
-0.406893 30.798 4.8863

-4.10489 31.273 5.9043
-3.43089 29.426 9.1883
-1.80989 32.706 10.4533
-3.74189 35.228 8.3083
-7.12589 34.735 10.1323
-9.66589 36.909 12.0153
-7.74189 37.851 15.2123
-4.43389 38.623 13.3903
-3.20489 42.223 14.1043
0.317107 42.154 12.4913
1.42011 42.117 8.8053

2.04211 38.436 7.9823
5.53211 37.615 6.6503
5.79411 34.564 4.3153
9.35511 33.312 3.5743
9.85911 30.628 0.862303
13.2791 28.933 1.3703
14.8121 27.917 -2.0327

18.2011 26.417 -3.0547
19.9021 26.936 -6.4837
21.0081 23.571 -8.0077
17.9851 21.596 -6.5897
14.3131 20.596 -7.2157

13.3011 24.18 -6.1367
14.6201 25.524 -9.5207
11.8401 23.516 -11.3307
9.14111 23.593 -8.5967
9.10511 27.407 -8.1767
8.29411 28.249 -11.8907
5.70911 25.362 -11.8407
4.00011 26.799 -8.6967
4.01311 30.312 -10.3137
2.32011 29.229 -13.5957
-0.280893 27.304 -11.4807
-1.12289 30.439 -9.3617
-1.48289 32.431 -12.6337
-3.95589 29.786 -13.9987
-5.87789 30.052 -10.6667
-5.86289 33.916 -10.8307
-7.08989 34 -14.5007

-9.96289 31.678 -13.3837
-10.7629 34.22 -10.5387
-9.68689 31.619 -7.8947
-6.66689 33.526 -6.4187
-5.49189 37.141 -5.8467
-2.03389 35.702 -5.1117
0.440107 36.838 -7.7567
3.88011 35.166 -7.2837
5.76511 36.972 -10.1727

6.77111 40.061 -8.0907
8.81911 37.872 -5.6477
11.1661 36.555 -8.4267
12.0171 39.952 -9.9857

13.2821 40.911 -6.4557
15.7671 37.938 -6.0327

End chain 1
