-13.201 -6.296 -53.957
-10.703 -3.406 -53.291
-9.54 -3.087 -49.639
-11.02 0.322 -48.639
-8.614 1.85 -46.053
-10.787 3.126 -43.162

-9.634 6.195 -41.181
-10.061 4.9 -37.589
-10.286 6.838 -34.306
-12.195 7.103 -30.979
-14.163 9.439 -28.711
-12.619 10.223 -25.263
-14.157 12.207 -22.344

-11.943 15.248 -21.466
-14.301 16.978 -18.949
-17.827 16.65 -17.399
-19.139 18.761 -20.353

-16.752 17.96 -23.312
-15.482 14.956 -25.281
-12.62 14.751 -27.824
-12.437 12.939 -31.204
-8.982 11.264 -31.393
-8.672 10.357 -35.1

-6.282 10.744 -38.079
-6.98 13.557 -40.6
-9.895 13.022 -43.051

-11.208 15.853 -45.293
-14.92 14.856 -45.011
-14.611 14.37 -41.226
-13.015 17.857 -40.827
-15.875 19.254 -42.999
-18.403 17.482 -40.669
-16.559 18.759 -37.515
-16.844 22.341 -38.957

-20.697 21.797 -39.029
-20.861 21.033 -35.24
-22.116 23.933 -33.104
-20.016 23.255 -29.939
-16.791 22.621 -31.971

-13.393 23.436 -30.391
-10.011 22.816 -32.063
-6.805 22.812 -29.99

-3.883 23.919 -32.209
-1.328 22.314 -29.773
-2.753 18.736 -29.691
-4.334 19.137 -33.217

-7.578 17.622 -31.79
-11.313 18.386 -31.995
-13.683 18.544 -28.991
-17.466 19.001 -28.65
-20.131 19.402 -25.91

-21.257 16.038 -24.476
-24.923 16.743 -25.497
-23.731 16.722 -29.178
-22.178 13.179 -28.839
-25.228 11.354 -30.322
-25.57 14.044 -33.093
-21.852 13.682 -34.021
-21.815 9.829 -34.037
-25.045 9.774 -36.128
-23.507 12.176 -38.75
-20.093 10.348 -38.803

-21.793 6.948 -39.527
-22.962 8.546 -42.834
-19.328 9.196 -43.991
-17.677 6.563 -46.261
-14.251 5.2 -45.121

-14.46 6.789 -41.562
-14.765 4.819 -38.279
-15.142 6.964 -35.114
-15.663 4.659 -32.101

-18.218 6.249 -29.657
-17.862 6.903 -25.912
-18.35 3.469 -24.195
-21.794 2.549 -22.772
-20.235 2.829 -19.255
-19.534 6.58 -19.812
-22.964 7.196 -21.431
-24.623 5.531 -18.378
-22.42 7.523 -15.909

-23.028 10.919 -17.654
-26.668 10.153 -18.714
-27.851 13.482 -17.123

-25.214 15.594 -18.963
-26 13.8 -22.296
-29.631 15.147 -21.909

-29.014 18.802 -20.797
-28.522 21.656 -23.337
-27.494 23.803 -20.296
-24.374 24.206 -18.108
-26.03 23.63 -14.722
-23.195 22.587 -12.38
-23.731 19.355 -10.334

-27.219 19.392 -8.694
-26.798 20.208 -4.988
-26.578 17.032 -2.906
-29.814 16.999 -0.82
-29.276 16.946 2.956
-30.305 13.551 4.343

-32.727 13.25 7.268
-30.389 11.851 9.975
-33.077 12.019 12.787
-33.159 8.159 12.923
-29.32 8.149 13.454
-27.82 8.306 16.969

-27.52 12.074 17.913
-23.991 11.509 19.371
-22.796 10.469 15.867
-24.731 13.185 13.93
-23.402 16.008 16.22
-19.738 14.82 15.861

-19.687 14.822 11.995
-17.445 17.587 10.586

-19.106 19.692 7.763
-17.231 17.783 4.996
-18.064 14.402 6.666
-21.796 15.407 6.677
-21.562 16.318 2.947
-19.943 12.855 2.346
-22.788 11.075 4.244
-25.363 13.084 2.191
-23.555 12.165 -1.104
-23.43 8.459 -0.115
-27.196 8.491 0.728
-28.024 10.343 -2.565

-25.973 7.645 -4.472
-28.214 5.048 -2.67
-25.512 3.7 -0.27

-23.352 2.353 -3.174
-19.956 4.118 -3.237
-16.209 4.012 -2.721
-15.295 6.541 0.021

-11.694 7.195 -1.128

-11.135 10.189 1.225
-7.504 10.605 2.377

-6.048 8.715 5.398
-7.361 9.956 8.784
-10.233 12.169 7.374
-12.706 9.981 9.408

-13.844 7.354 6.831
-15.012 5.081 9.734
-17.363 7.714 11.316
-18.876 8.506 7.854
-19.282 4.738 7.09
-21.02 4.042 10.461
-23.415 6.996 9.798
-24.247 5.855 6.195
-24.846 2.277 7.463
-26.955 3.52 10.461
-29.227 5.531 8.078

-29.9 2.058 6.507

-30.384 0.293 9.981
-33.886 -0.857 8.77
-32.05 -2.956 6.062
-29.626 -4.868 8.41
-27.981 -7.413 9.17

-24.774 -5.448 8.488
-21.551 -7.137 7.269
-18.235 -5.328 7.997
-15.132 -6.739 6.223
-11.829 -5.357 7.603

-8.05 -6.016 7.986
-7.416 -8.82 10.567
-5.856 -6.305 13.093
-8.689 -3.64 13.199

-11.758 -5.868 14.003
-11.895 -4.753 17.675
-11.154 -1.102 16.63
-14.365 -1.304 14.506
-16.414 -2.897 17.375
-15.268 -0.08 19.729
-16.109 2.476 16.969
-19.722 1.111 16.76
-20.082 1.14 20.611
-18.596 4.7 20.723
-20.823 6.195 17.978

-24.121 4.191 18.24
-24.851 3.95 22.056
-28.388 2.791 20.948
-26.764 -0.701 20.406
-26.03 -3.285 23.117

-22.632 -5.104 22.857
-24.638 -8.32 22.08
-25.78 -6.667 18.791

-22.091 -6.816 17.576
-20.505 -10.124 16.488
-16.681 -10.041 16.081

-15.702 -13.116 14.035
-12.316 -14.303 15.372
-12.201 -17.837 13.813
-13.405 -19.799 10.735
-15.769 -21.82 13.07
-17.788 -18.808 14.317
-21.352 -17.917 13.159
-21.075 -14.973 10.701
-24.816 -14.102 11.273
-24.919 -14.166 15.127
-25.108 -10.332 15.536
-27.08 -7.466 13.995

-23.588 -6.14 13.038
-21.065 -8.833 11.965
-17.336 -7.898 11.803
-15.009 -10.302 9.887
-11.529 -10.295 8.291

-10.658 -10.74 4.577
-8.757 -14.009 5.375
-11.833 -15.546 7.113
-14.3 -14.769 4.222

-12.926 -17.715 2.14
-13.287 -20.073 5.183
-16.843 -18.74 5.845
-18.014 -18.815 2.139
-20.731 -21.415 3.044
-22.243 -18.836 5.512
-21.955 -15.894 2.989
-25.071 -17.433 1.278
-27.188 -15.451 3.825
-28.094 -12.137 2.052
-26.367 -9.235 3.842
-28.236 -6.215 2.36

-25.704 -3.677 3.792
-21.936 -4.298 3.429
-19.007 -2.145 4.602
-15.517 -3.11 3.36

-12.662 -1.237 5.059
-9.341 -0.865 3.151

-11.066 -2.352 0.031
-7.765 -2.207 -1.968
-7.252 -5.742 -0.456
-9.774 -6.866 -3.176

-7.558 -5.436 -6.054
-6.861 -8.909 -7.611
-9.913 -10.983 -8.736
-7.994 -14.348 -8.638
-7.386 -14.116 -4.839

-9.551 -16.269 -2.508
-10.568 -13.122 -0.487
-11.832 -11.409 -3.693
-13.586 -14.593 -5.006
-15.461 -14.905 -1.648
-16.313 -11.137 -1.332
-17.465 -10.353 -4.925
-20.7 -12.523 -5.003
-21.961 -10.786 -1.799
-21.004 -7.272 -3.064
-22.893 -7.826 -6.386
-26.148 -8.927 -4.576

-26.072 -6.644 -1.465
-28.372 -3.542 -1.704

-25.826 -1.116 -0.104
-22.019 -1.347 -0.629
-19.769 1.077 1.29
-16.145 0.543 0.177
-13.427 2.479 2.088

-9.739 3.065 1.181
-6.998 5.712 1.573
-5.29 4.301 -1.537
-8.002 2.778 -3.832
-5.263 1.979 -6.345
-1.844 1.044 -4.877
0.179 1.273 -8.156
-1.96 0.815 -11.364

-5.486 1.412 -12.884
-6.145 -2.396 -13.101
-6.402 -2.518 -9.223
-9.619 -0.37 -9.379
-11.628 -2.846 -11.528
-12.904 -5.026 -8.614
-13.981 -1.892 -6.643
-15.738 -0.406 -9.758
-17.759 -3.638 -10.376
-18.545 -3.926 -6.614
-20.104 -0.383 -6.596

-21.607 -0.654 -10.172
-21.992 -4.37 -11.257
-23.172 -3.251 -14.78
-19.935 -1.29 -15.508
-17.337 -3.236 -17.592
-18.9 -6.785 -17.229
-15.576 -8.217 -18.571

-12.101 -7.019 -17.429
-10.719 -7.022 -21.032
-12.866 -3.967 -22.03
-11.565 -2.031 -18.959
-7.965 -3.199 -19.668
-8.028 -2.162 -23.384
-9.238 1.366 -22.43
-7.403 2.18 -19.142

-4.51 -0.351 -18.764
-2.851 0.132 -22.242
-3.499 -3.577 -22.858

-0.922 -5.224 -25.189
-1.171 -8.572 -27.031
2.109 -10.415 -26.274

2.97262 -14.0406 -26.4309
3.68561 -17.8369 -26.9186

1.98371 -19.3598 -23.8908
0.495041 -20.7268 -20.7172
-3.26158 -21.3607 -19.9552

-5.27258 -18.8897 -17.7612
-2.34158 -17.2737 -15.8022
-2.67258 -13.9467 -17.6952
-4.89158 -10.8597 -17.3492
-7.01958 -8.7997 -19.7882
-9.77458 -6.1047 -19.8662

-9.31458 -5.3877 -16.0912
-11.1456 -1.9897 -16.1902
-14.2456 -3.7657 -17.6472
-13.9206 -6.4797 -14.9432
-13.7396 -3.7117 -12.2502
-16.9476 -2.0737 -13.6192
-18.7806 -5.4687 -13.7282
-17.6686 -6.2917 -10.1412
-18.7276 -2.8937 -8.65419
-22.1296 -2.8437 -10.4672
-23.3066 -6.4527 -9.93219

-21.0756 -8.4547 -7.46619

-18.9426 -6.3967 -5.08219
-19.0006 -3.5027 -2.61119

-15.3976 -2.2607 -2.07819
-14.0906 0.740299 -0.0891909
-10.5156 1.5753 0.884809

-8.98958 3.0593 4.11281
-8.37858 6.2633 2.09081
-12.1336 6.5123 1.19081
-13.5736 6.1423 4.75081

-10.7626 6.6373 7.37281
-8.80158 9.8723 6.54181
-7.38758 9.6353 10.1418
-5.38258 6.3673 9.72581

-1.58358 7.0613 9.71081
0.169423 6.3273 6.38681

1.82542 2.9573 5.64381
5.44142 3.8053 4.66581
6.97842 0.915299 2.66381
10.6574 0.417299 1.71681
13.0194 -2.1917 0.314809
16.0604 -2.8867 2.55581
18.8794 -4.4407 0.500809

20.6594 -6.6417 3.09181
24.3744 -6.8227 2.28181

25.3584 -10.0537 0.358809
28.9734 -9.5827 1.68681
27.9354 -11.7747 4.70881

26.8944 -14.5637 2.22381
30.0324 -16.7447 2.28981

31.5384 -18.0177 -1.00819
30.2264 -21.6357 -0.467191
26.6044 -20.4377 0.0838091
26.8814 -18.1077 -2.97719
28.3104 -20.9527 -5.12919
25.3724 -23.1697 -3.94419
22.8264 -20.4347 -4.94219
24.6234 -20.0367 -8.33219
24.5364 -23.8627 -8.76319
20.7634 -24.1717 -8.01519
20.0754 -21.1197 -10.2832
22.0304 -22.7957 -13.1702
20.2564 -26.1087 -12.3792
16.7594 -24.5567 -12.9632
17.8504 -23.2257 -16.4342

19.3304 -26.5557 -17.6862
17.5004 -27.6537 -20.8912
17.6414 -31.4337 -20.3562
15.7704 -31.5947 -16.9712
12.1974 -32.8227 -16.4642

9.40142 -30.4357 -15.3102
9.72042 -32.0977 -11.8472
13.5424 -31.6387 -11.5582
12.9914 -27.9367 -12.5292
10.4024 -27.5837 -9.65419
12.7704 -29.4037 -7.21719
15.7194 -27.1117 -8.17419
13.3684 -24.0737 -7.71819
12.3534 -25.2757 -4.19419
16.0684 -25.8567 -3.38719
17.0384 -22.3357 -4.65919
14.2114 -20.7967 -2.54419
15.1664 -22.7457 0.653809
18.8994 -21.8287 0.0868091
17.8494 -18.1387 -0.273191
16.1984 -18.3277 3.18681
19.3584 -19.9087 4.75581
21.6584 -17.3477 3.02781
19.6594 -14.3737 4.47381
19.6064 -15.5697 8.17181
22.8934 -13.8167 9.30881
21.9564 -10.3837 7.83681
18.2714 -10.7387 8.87681
19.6124 -11.2867 12.4478
22.0844 -8.3437 12.0608
19.1574 -6.0927 10.9778
16.8454 -7.2447 13.8678
19.6504 -6.4767 16.3788
20.3044 -3.0267 14.7538
16.5554 -2.2297 15.2298
16.6824 -3.2407 18.9548
20.0074 -1.3757 19.5448

18.3494 1.7033 17.8618
15.8694 1.6883 20.8358
12.7004 0.391299 19.0448
10.0064 -0.561701 21.5728
7.75342 -2.9107 19.4488

7.97242 -4.5057 15.9678
6.80442 -7.5817 13.9968
9.17442 -9.9437 12.1218
7.58842 -12.0107 9.31781
9.20942 -15.1657 7.84681

7.82742 -18.4667 6.36981
10.7054 -21.0107 6.42481

10.8364 -22.6947 9.87781
14.6994 -22.4927 9.93581
14.4694 -18.6357 9.69381
11.8664 -18.4507 12.5378
14.0274 -20.8857 14.6238
17.2924 -18.9037 14.0698
15.6154 -15.5247 14.9158
14.0624 -16.9537 18.1548
17.3984 -18.5867 19.1848
19.3404 -15.2837 18.7648
16.6544 -13.2707 20.6728
16.8724 -15.8617 23.5378
20.7344 -15.6377 23.4228

20.4464 -11.7827 23.6788
17.7784 -12.2147 26.4798
15.2004 -10.2547 24.3778
11.5964 -10.9417 25.4468

9.59342 -11.9327 22.3358
6.50842 -13.9007 21.1698
6.43042 -16.6177 18.4538
3.42842 -17.7187 16.3098

3.69442 -20.4407 13.6118
1.86142 -23.5367 12.1978
2.43942 -25.4537 15.5068
1.00542 -22.7047 17.8228
-2.50758 -23.7097 19.0118
-5.67058 -21.6137 18.3558
-6.04358 -20.5057 22.0438

-2.28558 -19.8637 22.6308
-2.29458 -17.6387 19.4638
-4.85558 -15.3067 21.1278
-3.00658 -15.3617 24.5118
0.429423 -14.5737 22.9038
-1.31158 -11.8047 20.8808
-2.64558 -10.3167 24.1808
0.831423 -10.6997 25.8338
2.47942 -8.6837 22.9658
-0.368577 -6.0837 23.0158
-0.442577 -5.5197 26.8268

3.19042 -6.1827 27.9608
5.77442 -3.4007 27.2748
8.57742 -6.0287 27.7248
7.76642 -8.0327 24.5468
9.73542 -6.0517 21.9258

9.59342 -8.5757 19.0128
6.83342 -10.7467 17.5338
8.29542 -13.6087 15.4038
5.43942 -14.5187 13.0308
4.86542 -17.0467 10.2428

3.55342 -15.1507 7.14181
1.12442 -18.0607 6.43281
0.0614227 -18.9097 10.0298
-0.425577 -15.3157 11.3968
-2.14758 -13.7867 8.26381
-5.60858 -14.2607 9.95181
-7.60658 -13.3047 13.1028
-4.83958 -11.5387 15.0978
-4.39058 -7.7667 15.7828
-0.937577 -6.2237 16.4918
-1.77458 -2.4887 16.9378
0.935423 -2.1567 19.6908
3.71942 -2.2217 17.0178
4.60342 0.583299 14.5208

7.05042 -1.4937 12.3788
6.74142 -4.6577 10.2368
9.90842 -6.4247 8.95181
9.53142 -9.0577 6.20781

12.6914 -11.1807 6.65181
11.4824 -13.2007 3.62081
9.47142 -12.3977 0.472809
6.27842 -14.3627 -0.323191
5.19242 -14.9167 -3.99019
1.54642 -13.9447 -3.24519

1.00642 -10.1677 -2.59719
-2.46658 -10.7157 -1.03419
-0.765577 -12.5827 1.88581
1.85342 -9.7867 2.30081
-0.983577 -7.1587 2.45481
-2.86358 -9.3987 4.98981
0.314423 -9.4057 7.16981
0.788423 -5.5547 6.93781

-2.90958 -5.0797 7.95581
-2.23558 -6.9267 11.2398
-0.614577 -3.6467 12.5048
-2.54658 -1.1247 10.3598
-5.93058 -1.6177 12.1838
-8.47058 0.556299 14.0668
-6.54658 1.4983 17.2638
-3.23858 2.2703 15.4418
-2.00958 5.8703 16.1558
1.51242 5.8013 14.5428
2.61542 5.7643 10.8568

3.23742 2.0833 10.0338
6.72742 1.2623 8.70181
6.98942 -1.7887 6.36681
10.5504 -3.0407 5.62581
11.0544 -5.7247 2.91381
14.4744 -7.4197 3.42181
16.0074 -8.4357 0.0188091

19.3964 -9.9357 -1.00319
21.0974 -9.4167 -4.43219
22.2034 -12.7817 -5.95619
19.1804 -14.7567 -4.53819
15.5084 -15.7567 -5.16419

14.4964 -12.1727 -4.08519
15.8154 -10.8287 -7.46919
13.0354 -12.8367 -9.27919
10.3364 -12.7597 -6.54519
10.3004 -8.9457 -6.12519
9.48942 -8.1037 -9.83919
6.90442 -10.9907 -9.78919
5.19542 -9.5537 -6.64519
5.20842 -6.0407 -8.26219
3.51542 -7.1237 -11.5442
0.914423 -9.0487 -9.42919
0.0724227 -5.9137 -7.31019
-0.287577 -3.9217 -10.5822
-2.76058 -6.5667 -11.9472
-4.68258 -6.3007 -8.61519
-4.66758 -2.4367 -8.77919
-5.89458 -2.3527 -12.4492

-8.76758 -4.6747 -11.3322
-9.56758 -2.1327 -8.48719
-8.49158 -4.7337 -5.84319
-5.47158 -2.8267 -4.36719
-4.29658 0.788299 -3.79519
-0.838577 -0.650701 -3.06019
1.63542 0.485299 -5.70519
5.07542 -1.1867 -5.23219
6.96042 0.619299 -8.12119

7.96642 3.7083 -6.03919
10.0144 1.5193 -3.59619
12.3614 0.202299 -6.37519
13.2124 3.5993 -7.93419

14.4774 4.5583 -4.40419
16.9624 1.5853 -3.98119

End chain 1
