-13.201 -6.296 -53.957
-10.703 -3.406 -53.291
-9.54 -3.087 -49.639
-11.02 0.322 -48.639
-8.614 1.85 -46.053
-10.787 3.126 -43.162

-9.634 6.195 -41.181
-10.061 4.9 -37.589
-10.286 6.838 -34.306
-12.195 7.103 -30.979
-14.163 9.439 -28.711
-12.619 10.223 -25.263
-14.157 12.207 -22.344

-11.943 15.248 -21.466
-14.301 16.978 -18.949
-17.827 16.65 -17.399
-19.139 18.761 -20.353

-16.752 17.96 -23.312
-15.482 14.956 -25.281
-12.62 14.751 -27.824
-12.437 12.939 -31.204
-8.982 11.264 -31.393
-8.672 10.357 -35.1

-6.282 10.744 -38.079
-6.98 13.557 -40.6
-9.895 13.022 -43.051

-11.208 15.853 -45.293
-14.92 14.856 -45.011
-14.611 14.37 -41.226
-13.015 17.857 -40.827
-15.875 19.254 -42.999
-18.403 17.482 -40.669
-16.559 18.759 -37.515
-16.844 22.341 -38.957

-20.697 21.797 -39.029
-20.861 21.033 -35.24
-22.116 23.933 -33.104
-20.016 23.255 -29.939
-16.791 22.621 -31.971

-13.393 23.436 -30.391
-10.011 22.816 -32.063
-6.805 22.812 -29.99

-3.883 23.919 -32.209
-1.328 22.314 -29.773
-2.753 18.736 -29.691
-4.334 19.137 -33.217

-7.578 17.622 -31.79
-11.313 18.386 -31.995
-13.683 18.544 -28.991
-17.466 19.001 -28.65
-20.131 19.402 -25.91

-21.257 16.038 -24.476
-24.923 16.743 -25.497
-23.731 16.722 -29.178
-22.178 13.179 -28.839
-25.228 11.354 -30.322
-25.57 14.044 -33.093
-21.852 13.682 -34.021
-21.815 9.829 -34.037
-25.045 9.774 -36.128
-23.507 12.176 -38.75
-20.093 10.348 -38.803

-21.793 6.948 -39.527
-22.962 8.546 -42.834
-19.328 9.196 -43.991
-17.677 6.563 -46.261
-14.251 5.2 -45.121

-14.46 6.789 -41.562
-14.765 4.819 -38.279
-15.142 6.964 -35.114
-15.663 4.659 -32.101

-18.218 6.249 -29.657
-17.862 6.903 -25.912
-18.35 3.469 -24.195
-21.794 2.549 -22.772
-20.235 2.829 -19.255
-19.534 6.58 -19.812
-22.964 7.196 -21.431
-24.623 5.531 -18.378
-22.42 7.523 -15.909

-23.028 10.919 -17.654
-26.668 10.153 -18.714
-27.851 13.482 -17.123

-25.214 15.594 -18.963
-26 13.8 -22.296
-29.631 15.147 -21.909

-29.014 18.802 -20.797
-28.522 21.656 -23.337
-27.494 23.803 -20.296
-24.374 24.206 -18.108
-26.03 23.63 -14.722
-23.195 22.587 -12.38
-23.731 19.355 -10.334

-27.219 19.392 -8.694
-26.798 20.208 -4.988
-26.578 17.032 -2.906
-29.814 16.999 -0.82
-29.276 16.946 2.956
-30.305 13.551 4.343

-32.727 13.25 7.268
-30.389 11.851 9.975
-33.077 12.019 12.787
-33.159 8.159 12.923
-29.32 8.149 13.454
-27.82 8.306 16.969

-27.52 12.074 17.913
-23.991 11.509 19.371
-22.796 10.469 15.867
-24.731 13.185 13.93
-23.402 16.008 16.22
-19.738 14.82 15.861

-19.687 14.822 11.995
-17.445 17.587 10.586

-19.106 19.692 7.763
-17.231 17.783 4.996
-18.064 14.402 6.666
-21.796 15.407 6.677
-21.562 16.318 2.947
-19.943 12.855 2.346
-22.788 11.075 4.244
-25.363 13.084 2.191
-23.555 12.165 -1.104
-23.43 8.459 -0.115
-27.196 8.491 0.728
-28.024 10.343 -2.565

-26.3025 7.68018 -4.81411
-22.6784 7.55152 -5.65044
-19.1071 6.02539 -6.00185

-17.3718 7.93568 -8.85458
-18.108 8.8077 -12.408
-17.7806 9.33911 -16.0653
-15.6331 6.32019 -16.0018

-12.0321 6.97419 -17.1508

-11.4731 9.96819 -14.7978
-7.84209 10.3842 -13.6458

-6.38609 8.49419 -10.6248
-7.69909 9.73519 -7.23877
-10.5711 11.9482 -8.64877
-13.0441 9.76019 -6.61477

-14.1821 7.13319 -9.19177
-15.3501 4.86019 -6.28877
-17.7011 7.49319 -4.70677
-19.2141 8.28519 -8.16877
-19.6201 4.51719 -8.93277
-21.3581 3.82119 -5.56177
-23.7531 6.77519 -6.22477
-24.5851 5.63419 -9.82777
-25.1841 2.05619 -8.55977
-27.2931 3.29919 -5.56177
-29.5651 5.31019 -7.94477

-30.2381 1.83719 -9.51577

-30.7221 0.0721917 -6.04177
-34.2241 -1.07781 -7.25277
-32.3881 -3.17681 -9.96077
-29.9641 -5.08881 -7.61277
-28.3191 -7.63381 -6.85277

-25.1121 -5.66881 -7.53477
-21.8891 -7.35781 -8.75377
-18.5731 -5.54881 -8.02577
-15.4701 -6.95981 -9.79977
-12.1671 -5.57781 -8.41977

-8.38809 -6.23681 -8.03677
-7.75409 -9.04081 -5.45577
-6.19409 -6.52581 -2.92977
-9.02709 -3.86081 -2.82377

-12.0961 -6.08881 -2.01977
-12.2331 -4.97381 1.65223
-11.4921 -1.32281 0.607227
-14.7031 -1.52481 -1.51677
-16.7521 -3.11781 1.35223
-15.6061 -0.300808 3.70623
-16.4471 2.25519 0.946227
-20.0601 0.890192 0.737227
-20.4201 0.919192 4.58823
-18.9341 4.47919 4.70023
-21.1611 5.97419 1.95523

-24.4591 3.97019 2.21723
-25.1891 3.72919 6.03323
-28.7261 2.57019 4.92523
-27.1021 -0.921808 4.38323
-26.3681 -3.50581 7.09423

-22.9701 -5.32481 6.83423
-24.9761 -8.54081 6.05723
-26.1181 -6.88781 2.76823

-22.4291 -7.03681 1.55323
-20.8431 -10.3448 0.465227
-17.0191 -10.2618 0.0582274

-16.0401 -13.3368 -1.98777
-12.6541 -14.5238 -0.650773
-12.5391 -18.0578 -2.20977
-13.7431 -20.0198 -5.28777
-16.1071 -22.0408 -2.95277
-18.1261 -19.0288 -1.70577
-21.6901 -18.1378 -2.86377
-21.4131 -15.1938 -5.32177
-25.1541 -14.3228 -4.74977
-25.2571 -14.3868 -0.895773
-25.4461 -10.5528 -0.486773
-27.4181 -7.68681 -2.02777

-23.9261 -6.36081 -2.98477
-21.4031 -9.05381 -4.05777
-17.6741 -8.11881 -4.21977
-15.3471 -10.5228 -6.13577
-11.8671 -10.5158 -7.73177

-10.9961 -10.9608 -11.4458
-9.09509 -14.2298 -10.6478
-12.1711 -15.7668 -8.90977
-14.6381 -14.9898 -11.8008

-13.2641 -17.9358 -13.8828
-13.6251 -20.2938 -10.8398
-17.1811 -18.9608 -10.1778
-18.3521 -19.0358 -13.8838
-21.0691 -21.6358 -12.9788
-22.5811 -19.0568 -10.5108
-22.2931 -16.1148 -13.0338
-25.4091 -17.6538 -14.7448
-27.5261 -15.6718 -12.1978
-28.4321 -12.3578 -13.9708
-26.7051 -9.45581 -12.1808
-28.5741 -6.43581 -13.6628

-26.0421 -3.89781 -12.2308
-22.2741 -4.51881 -12.5938
-19.3451 -2.36581 -11.4208
-15.8551 -3.33081 -12.6628

-13.0001 -1.45781 -10.9638
-9.67909 -1.08581 -12.8718

-11.4041 -2.57281 -15.9918
-8.10309 -2.42781 -17.9908
-7.59009 -5.96281 -16.4788
-10.1121 -7.08681 -19.1988

-7.89609 -5.65681 -22.0768
-7.19909 -9.12981 -23.6338
-10.2511 -11.2038 -24.7588
-8.33209 -14.5688 -24.6608
-7.72409 -14.3368 -20.8618

-9.88909 -16.4898 -18.5308
-10.9061 -13.3428 -16.5098
-12.1701 -11.6298 -19.7158
-13.9241 -14.8138 -21.0288
-15.7991 -15.1258 -17.6708
-16.6511 -11.3578 -17.3548
-17.8031 -10.5738 -20.9478
-21.0381 -12.7438 -21.0258
-22.2991 -11.0068 -17.8218
-21.3421 -7.49281 -19.0868
-23.2311 -8.04681 -22.4088
-26.4861 -9.14781 -20.5988

-26.4101 -6.86481 -17.4878
-28.7101 -3.76281 -17.7268

-26.1641 -1.33681 -16.1268
-22.3571 -1.56781 -16.6518
-20.1071 0.856192 -14.7328
-16.4831 0.322192 -15.8458
-13.7651 2.25819 -13.9348

-10.0771 2.84419 -14.8418
-7.33609 5.49119 -14.4498
-5.62809 4.08019 -17.5598
-8.34009 2.55719 -19.8548
-5.60109 1.75819 -22.3678
-2.18209 0.823192 -20.8998
-0.159092 1.05219 -24.1788
-2.29809 0.594192 -27.3868

-5.82409 1.19119 -28.9068
-6.48309 -2.61681 -29.1238
-6.74009 -2.73881 -25.2458
-9.95709 -0.590808 -25.4018
-11.9661 -3.06681 -27.5508
-13.2421 -5.24681 -24.6368
-14.3191 -2.11281 -22.6658
-16.0761 -0.626808 -25.7808
-18.0971 -3.85881 -26.3988
-18.8831 -4.14681 -22.6368
-20.4421 -0.603808 -22.6188

-21.9451 -0.874808 -26.1948
-22.3301 -4.59081 -27.2798
-23.5101 -3.47181 -30.8028
-20.2731 -1.51081 -31.5308
-17.6751 -3.45681 -33.6148
-19.2381 -7.00581 -33.2518
-15.9141 -8.43781 -34.5938

-12.4391 -7.23981 -33.4518
-11.0571 -7.24281 -37.0548
-13.2041 -4.18781 -38.0528
-11.9031 -2.25181 -34.9818
-8.30309 -3.41981 -35.6908
-8.36609 -2.38281 -39.4068
-9.57609 1.14519 -38.4528
-7.74109 1.95919 -35.1648

-4.84809 -0.571808 -34.7868
-3.18909 -0.0888083 -38.2648
-3.83709 -3.79781 -38.8808

-1.26009 -5.44481 -41.2118
-1.50909 -8.79281 -43.0538
1.77091 -10.6358 -42.2968

2.76691 -14.1178 -43.7248
1.71691 -15.6848 -40.3378

-1.63909 -13.7918 -39.9308
-2.80309 -10.3088 -38.8368
-0.713092 -7.88381 -36.7548

-2.72409 -5.41281 -34.5608
0.206908 -3.79681 -32.6018
-0.124092 -0.469808 -34.4948
-2.34309 2.61719 -34.1488
-4.47109 4.67719 -36.5878
-7.22609 7.37219 -36.6658

-6.76609 8.08919 -32.8908
-8.59709 11.4872 -32.9898
-11.6971 9.71119 -34.4468
-11.3721 6.99719 -31.7428
-11.1911 9.76519 -29.0498
-14.3991 11.4032 -30.4188
-16.2321 8.00819 -30.5278
-15.1201 7.18519 -26.9408
-16.1791 10.5832 -25.4538
-19.5811 10.6332 -27.2668
-20.7581 7.02419 -26.7318

-18.5271 5.02219 -24.2658

-16.3941 7.08019 -21.8818
-16.4521 9.97419 -19.4108

-12.8491 11.2162 -18.8778
-11.5421 14.2172 -16.8888
-7.96709 15.0522 -15.9148

-6.44109 16.5362 -12.6868
-5.83009 19.7402 -14.7088
-9.58509 19.9892 -15.6088
-11.0251 19.6192 -12.0488

-8.21409 20.1142 -9.42677
-6.25309 23.3492 -10.2578
-4.83909 23.1122 -6.65777
-2.83409 19.8442 -7.07377

0.964908 20.5382 -7.08877
2.71791 19.8042 -10.4128

4.37391 16.4342 -11.1558
7.98991 17.2822 -12.1338
9.52691 14.3922 -14.1358
13.2059 13.8942 -15.0828
15.5679 11.2852 -16.4848
18.6089 10.5902 -14.2438
21.4279 9.03619 -16.2988

23.2079 6.83519 -13.7078
26.9229 6.65419 -14.5178

27.9069 3.42319 -16.4408
31.5219 3.89419 -15.1128
30.4839 1.70219 -12.0908

29.4429 -1.08681 -14.5758
32.5809 -3.26781 -14.5098

34.0869 -4.54081 -17.8078
32.7749 -8.15881 -17.2668
29.1529 -6.96081 -16.7158
29.4299 -4.63081 -19.7768
30.8589 -7.47581 -21.9288
27.9209 -9.69281 -20.7438
25.3749 -6.95781 -21.7418
27.1719 -6.55981 -25.1318
27.0849 -10.3858 -25.5628
23.3119 -10.6948 -24.8148
22.6239 -7.64281 -27.0828
24.5789 -9.31881 -29.9698
22.8049 -12.6318 -29.1788
19.3079 -11.0798 -29.7628
20.3989 -9.74881 -33.2338

21.8789 -13.0788 -34.4858
20.0489 -14.1768 -37.6908
20.1899 -17.9568 -37.1558
18.3189 -18.1178 -33.7708
14.7459 -19.3458 -33.2638

11.9499 -16.9588 -32.1098
12.2689 -18.6208 -28.6468
16.0909 -18.1618 -28.3578
15.5399 -14.4598 -29.3288
12.9509 -14.1068 -26.4538
15.3189 -15.9268 -24.0168
18.2679 -13.6348 -24.9738
15.9169 -10.5968 -24.5178
14.9019 -11.7988 -20.9938
18.6169 -12.3798 -20.1868
19.5869 -8.85881 -21.4588
16.7599 -7.31981 -19.3438
17.7149 -9.26881 -16.1458
21.4479 -8.35181 -16.7128
20.3979 -4.66181 -17.0728
18.7469 -4.85081 -13.6128
21.9069 -6.43181 -12.0438
24.2069 -3.87081 -13.7718
22.2079 -0.896808 -12.3258
22.1549 -2.09281 -8.62777
25.4419 -0.339808 -7.49077
24.5049 3.09319 -8.96277
20.8199 2.73819 -7.92277
22.1609 2.19019 -4.35177
24.6329 5.13319 -4.73877
21.7059 7.38419 -5.82177
19.3939 6.23219 -2.93177
22.1989 7.00019 -0.420773
22.8529 10.4502 -2.04577
19.1039 11.2472 -1.56977
19.2309 10.2362 2.15523
22.5559 12.1012 2.74523

20.8979 15.1802 1.06223
18.4179 15.1652 4.03623
15.2489 13.8682 2.24523
12.5549 12.9152 4.77323
10.3019 10.5662 2.64923

10.5209 8.97119 -0.831773
9.35291 5.89519 -2.80277
11.7229 3.53319 -4.67777
10.1369 1.46619 -7.48177
11.7579 -1.68881 -8.95277

10.3759 -4.98981 -10.4298
13.2539 -7.53381 -10.3748

13.3849 -9.21781 -6.92177
17.2479 -9.01581 -6.86377
17.0179 -5.15881 -7.10577
14.4149 -4.97381 -4.26177
16.5759 -7.40881 -2.17577
19.8409 -5.42681 -2.72977
18.1639 -2.04781 -1.88377
16.6109 -3.47681 1.35523
19.9469 -5.10981 2.38523
21.8889 -1.80681 1.96523
19.2029 0.206192 3.87323
19.4209 -2.38481 6.73823
23.2829 -2.16081 6.62323

22.9949 1.69419 6.87923
20.3269 1.26219 9.68023
17.7489 3.22219 7.57823
14.1449 2.53519 8.64723

12.1419 1.54419 5.53623
9.05691 -0.423808 4.37023
8.97891 -3.14081 1.65423
5.97691 -4.24181 -0.489773

6.24291 -6.96381 -3.18777
4.40991 -10.0598 -4.60177
4.98791 -11.9768 -1.29277
3.55391 -9.22781 1.02323
0.0409077 -10.2328 2.21223
-3.12209 -8.13681 1.55623
-3.49509 -7.02881 5.24423

0.262908 -6.38681 5.83123
0.253908 -4.16181 2.66423
-2.30709 -1.82981 4.32823
-0.458092 -1.88481 7.71223
2.97791 -1.09681 6.10423
1.23691 1.67219 4.08123
-0.0970923 3.16019 7.38123
3.37991 2.77719 9.03423
5.02791 4.79319 6.16623
2.17991 7.39319 6.21623
2.10591 7.95719 10.0272

5.73891 7.29419 11.1612
8.32291 10.0762 10.4752
11.1259 7.44819 10.9252
10.3149 5.44419 7.74723
12.2839 7.42519 5.12623

12.1419 4.90119 2.21323
9.38191 2.73019 0.734227
10.8439 -0.131808 -1.39577
7.98791 -1.04181 -3.76877
7.41391 -3.56981 -6.55677

6.10191 -1.67381 -9.65777
3.67291 -4.58381 -10.3668
2.60991 -5.43281 -6.76977
2.12291 -1.83881 -5.40277
0.400908 -0.309808 -8.53577
-3.06009 -0.783808 -6.84777
-5.05809 0.172192 -3.69677
-2.29109 1.93819 -1.70177
-1.84209 5.71019 -1.01677
1.61091 7.25319 -0.307773
0.773908 10.9882 0.138227
3.48391 11.3202 2.89123
6.26791 11.2552 0.218227
7.15191 14.0602 -2.27877

9.59891 11.9832 -4.42077
9.28991 8.81919 -6.56277
12.4569 7.05219 -7.84777
12.0799 4.41919 -10.5918

15.2399 2.29619 -10.1478
14.0309 0.276192 -13.1788
12.0199 1.07919 -16.3268
8.82691 -0.885808 -17.1228
7.74091 -1.43981 -20.7898
4.09491 -0.467808 -20.0448

3.55491 3.30919 -19.3968
0.0819077 2.76119 -17.8338
1.78291 0.894192 -14.9138
4.40191 3.69019 -14.4988
1.56491 6.31819 -14.3448
-0.315092 4.07819 -11.8098
2.86291 4.07119 -9.62977
3.33691 7.92219 -9.86177

-0.361092 8.39719 -8.84377
0.312908 6.55019 -5.55977
1.93391 9.83019 -4.29477
0.00190767 12.3522 -6.43977
-3.38209 11.8592 -4.61577
-5.92209 14.0332 -2.73277
-3.99809 14.9752 0.464227
-0.690092 15.7472 -1.35777
0.538908 19.3472 -0.643773
4.06091 19.2782 -2.25677
5.16391 19.2412 -5.94277

5.78591 15.5602 -6.76577
9.27591 14.7392 -8.09777
9.53791 11.6882 -10.4328
13.0989 10.4362 -11.1738
13.6029 7.75219 -13.8858
17.0229 6.05719 -13.3778
18.5559 5.04119 -16.7808

21.9449 3.54119 -17.8028
23.6459 4.06019 -21.2318
24.7519 0.695192 -22.7558
21.7289 -1.27981 -21.3378
18.0569 -2.27981 -21.9638

17.0449 1.30419 -20.8848
18.3639 2.64819 -24.2688
15.5839 0.640192 -26.0788
12.8849 0.717192 -23.3448
12.8489 4.53119 -22.9248
12.0379 5.37319 -26.6388
9.45291 2.48619 -26.5888
7.74391 3.92319 -23.4448
7.75691 7.43619 -25.0618
6.06391 6.35319 -28.3438
3.46291 4.42819 -26.2288
2.62091 7.56319 -24.1098
2.26091 9.55519 -27.3818
-0.212092 6.91019 -28.7468
-2.13409 7.17619 -25.4148
-2.11909 11.0402 -25.5788
-3.34609 11.1242 -29.2488

-6.21909 8.80219 -28.1318
-7.01909 11.3442 -25.2868
-5.94309 8.74319 -22.6428
-2.92309 10.6502 -21.1668
-1.74809 14.2652 -20.5948
1.70991 12.8262 -19.8598
4.18391 13.9622 -22.5048
7.62391 12.2902 -22.0318
9.50891 14.0962 -24.9208

10.5149 17.1852 -22.8388
12.5629 14.9962 -20.3958
14.9099 13.6792 -23.1748
15.7609 17.0762 -24.7338

17.0259 18.0352 -21.2038
19.5109 15.0622 -20.7808

End chain 1
