-13.201 -6.296 -53.957
-10.703 -3.406 -53.291
-9.54 -3.087 -49.639
-11.02 0.322 -48.639
-8.614 1.85 -46.053
-10.787 3.126 -43.162

-9.634 6.195 -41.181
-10.061 4.9 -37.589
-10.286 6.838 -34.306
-12.195 7.103 -30.979
-14.163 9.439 -28.711
-12.619 10.223 -25.263
-14.157 12.207 -22.344

-11.943 15.248 -21.466
-14.301 16.978 -18.949
-17.827 16.65 -17.399
-19.139 18.761 -20.353

-16.752 17.96 -23.312
-15.482 14.956 -25.281
-12.62 14.751 -27.824
-12.437 12.939 -31.204
-8.982 11.264 -31.393
-8.672 10.357 -35.1

-6.282 10.744 -38.079
-6.98 13.557 -40.6
-9.895 13.022 -43.051

-11.208 15.853 -45.293
-14.92 14.856 -45.011
-14.611 14.37 -41.226
-13.015 17.857 -40.827
-15.875 19.254 -42.999
-18.403 17.482 -40.669
-16.559 18.759 -37.515
-16.844 22.341 -38.957

-20.697 21.797 -39.029
-20.861 21.033 -35.24
-22.116 23.933 -33.104
-20.016 23.255 -29.939
-16.791 22.621 -31.971

-13.393 23.436 -30.391
-10.011 22.816 -32.063
-6.805 22.812 -29.99

-3.883 23.919 -32.209
-1.328 22.314 -29.773
-2.753 18.736 -29.691
-4.334 19.137 -33.217

-7.578 17.622 -31.79
-11.313 18.386 -31.995
-13.683 18.544 -28.991
-17.466 19.001 -28.65
-20.131 19.402 -25.91

-21.257 16.038 -24.476
-24.923 16.743 -25.497
-23.731 16.722 -29.178
-22.178 13.179 -28.839
-25.228 11.354 -30.322
-25.57 14.044 -33.093
-21.852 13.682 -34.021
-21.815 9.829 -34.037
-25.045 9.774 -36.128
-23.507 12.176 -38.75
-20.093 10.348 -38.803

-21.793 6.948 -39.527
-22.962 8.546 -42.834
-19.328 9.196 -43.991
-17.677 6.563 -46.261
-14.251 5.2 -45.121

-14.46 6.789 -41.562
-14.765 4.819 -38.279
-15.142 6.964 -35.114
-15.663 4.659 -32.101

-18.218 6.249 -29.657
-17.862 6.903 -25.912
-18.35 3.469 -24.195
-21.794 2.549 -22.772
-20.235 2.829 -19.255
-19.534 6.58 -19.812
-22.964 7.196 -21.431
-24.623 5.531 -18.378
-22.42 7.523 -15.909

-23.028 10.919 -17.654
-26.668 10.153 -18.714
-27.851 13.482 -17.123

-25.214 15.594 -18.963
-26 13.8 -22.296
-29.631 15.147 -21.909

-29.014 18.802 -20.797
-28.522 21.656 -23.337
-27.494 23.803 -20.296
-24.374 24.206 -18.108
-26.03 23.63 -14.722
-23.195 22.587 -12.38
-23.731 19.355 -10.334

-27.219 19.392 -8.694
-26.798 20.208 -4.988
-26.578 17.032 -2.906
-29.814 16.999 -0.82
-29.276 16.946 2.956
-30.305 13.551 4.343

-32.727 13.25 7.268
-30.389 11.851 9.975
-33.077 12.019 12.787
-33.159 8.159 12.923
-29.32 8.149 13.454
-27.82 8.306 16.969

-27.52 12.074 17.913
-23.991 11.509 19.371
-22.796 10.469 15.867
-24.731 13.185 13.93
-23.402 16.008 16.22
-19.738 14.82 15.861

-19.687 14.822 11.995
-17.445 17.587 10.586

-19.106 19.692 7.763
-17.231 17.783 4.996
-18.064 14.402 6.666
-21.796 15.407 6.677
-21.562 16.318 2.947
-19.943 12.855 2.346
-22.788 11.075 4.244
-25.363 13.084 2.191
-23.555 12.165 -1.104
-23.43 8.459 -0.115
-27.196 8.491 0.728
-28.024 10.343 -2.565

-25.973 7.645 -4.472
-28.214 5.048 -2.67
-25.512 3.7 -0.27

-23.352 2.353 -3.174
-19.956 4.118 -3.237
-16.209 4.012 -2.721
-15.295 6.541 0.021

-11.694 7.195 -1.128

-11.135 10.189 1.225
-7.504 10.605 2.377

-6.048 8.715 5.398
-7.361 9.956 8.784
-10.233 12.169 7.374
-12.706 9.981 9.408

-13.844 7.354 6.831
-15.012 5.081 9.734
-17.363 7.714 11.316
-18.876 8.506 7.854
-19.282 4.738 7.09
-21.02 4.042 10.461
-23.415 6.996 9.798
-24.247 5.855 6.195
-24.846 2.277 7.463
-26.955 3.52 10.461
-29.227 5.531 8.078

-29.9 2.058 6.507

-30.384 0.293 9.981
-33.886 -0.857 8.77
-32.05 -2.956 6.062
-29.626 -4.868 8.41
-27.981 -7.413 9.17

-24.774 -5.448 8.488
-21.551 -7.137 7.269
-18.235 -5.328 7.997
-15.132 -6.739 6.223
-11.829 -5.357 7.603

-8.05 -6.016 7.986
-7.416 -8.82 10.567
-5.856 -6.305 13.093
-8.689 -3.64 13.199

-11.758 -5.868 14.003
-11.895 -4.753 17.675
-11.154 -1.102 16.63
-14.365 -1.304 14.506
-16.414 -2.897 17.375
-15.268 -0.08 19.729
-16.109 2.476 16.969
-19.722 1.111 16.76
-20.082 1.14 20.611
-18.596 4.7 20.723
-20.823 6.195 17.978

-24.121 4.191 18.24
-24.851 3.95 22.056
-28.388 2.791 20.948
-26.764 -0.701 20.406
-26.03 -3.285 23.117

-22.632 -5.104 22.857
-24.638 -8.32 22.08
-25.78 -6.667 18.791

-22.091 -6.816 17.576
-20.505 -10.124 16.488
-16.681 -10.041 16.081

-15.702 -13.116 14.035
-12.316 -14.303 15.372
-12.201 -17.837 13.813
-13.405 -19.799 10.735
-15.769 -21.82 13.07
-17.788 -18.808 14.317
-21.352 -17.917 13.159
-21.075 -14.973 10.701
-24.816 -14.102 11.273
-24.919 -14.166 15.127
-25.108 -10.332 15.536
-27.08 -7.466 13.995

-23.588 -6.14 13.038
-21.065 -8.833 11.965
-17.336 -7.898 11.803
-15.009 -10.302 9.887
-11.529 -10.295 8.291

-10.658 -10.74 4.577
-8.757 -14.009 5.375
-11.833 -15.546 7.113
-14.3 -14.769 4.222

-12.926 -17.715 2.14
-13.287 -20.073 5.183
-16.843 -18.74 5.845
-18.014 -18.815 2.139
-20.731 -21.415 3.044
-22.243 -18.836 5.512
-21.955 -15.894 2.989
-25.071 -17.433 1.278
-27.188 -15.451 3.825
-28.094 -12.137 2.052
-26.367 -9.235 3.842
-28.236 -6.215 2.36

-25.704 -3.677 3.792
-21.936 -4.298 3.429
-19.007 -2.145 4.602
-15.517 -3.11 3.36

-12.662 -1.237 5.059
-9.341 -0.865 3.151

-11.066 -2.352 0.031
-7.765 -2.207 -1.968
-7.252 -5.742 -0.456
-9.774 -6.866 -3.176

-7.558 -5.436 -6.054
-6.861 -8.909 -7.611
-9.913 -10.983 -8.736
-7.994 -14.348 -8.638
-7.386 -14.116 -4.839

-9.551 -16.269 -2.508
-10.568 -13.122 -0.487
-11.832 -11.409 -3.693
-13.586 -14.593 -5.006
-15.461 -14.905 -1.648
-16.313 -11.137 -1.332
-17.465 -10.353 -4.925
-20.7 -12.523 -5.003
-21.961 -10.786 -1.799
-21.004 -7.272 -3.064
-22.893 -7.826 -6.386
-26.148 -8.927 -4.576

-26.072 -6.644 -1.465
-28.372 -3.542 -1.704

-25.826 -1.116 -0.104
-22.019 -1.347 -0.629
-19.769 1.077 1.29
-16.145 0.543 0.177
-13.427 2.479 2.088

-15.7218 0.663228 4.55468
-18.9596 -0.477132 2.83349
-21.4653 0.34401 0.191041
-25.0208 1.00321 1.07635
-22.5827 3.2917 2.77376
-19.4424 4.96786 1.26178
-20.9368 4.67235 -2.13401
-23.356 6.10198 -4.78801

-26.5273 4.07074 -4.27848
-27.6775 6.38492 -1.49198
-27.0919 9.44862 -3.6631
-29.0853 7.92605 -6.51813
-31.9856 7.12769 -4.19578
-32.0156 10.6829 -2.85319
-32.061 12.1149 -6.37315
-34.9718 9.87565 -7.35083
-36.9464 10.9393 -4.28289
-36.3565 14.6129 -5.05723
-37.5267 14.1449 -8.64253

-39.0297 13.8739 -12.2185
-39.4147 10.1579 -13.3035
-40.5947 11.2769 -16.8265
-37.3577 13.2379 -17.5545
-34.7597 11.2919 -19.6385
-36.3227 7.74287 -19.2755
-32.9987 6.31087 -20.6175

-29.5237 7.50887 -19.4755
-28.1417 7.50587 -23.0785
-30.2887 10.5609 -24.0765
-28.9877 12.4969 -21.0055
-25.3877 11.3289 -21.7145
-25.4507 12.3659 -25.4305
-26.6607 15.8939 -24.4765
-24.8257 16.7079 -21.1885

-21.9327 14.1769 -20.8105
-20.2737 14.6599 -24.2885
-20.9217 10.9509 -24.9045

-18.3447 9.30387 -27.2355
-18.5937 5.95587 -29.0775
-15.3137 4.11287 -28.3205

-14.3177 0.630872 -29.7485
-15.3677 -0.936128 -26.3615

-18.7237 0.956872 -25.9545
-19.8877 4.43987 -24.8605
-17.7977 6.86487 -22.7785

-19.8087 9.33587 -20.5845
-16.8777 10.9519 -18.6255
-17.2087 14.2789 -20.5185
-19.4277 17.3659 -20.1725
-21.5557 19.4259 -22.6115
-24.3107 22.1209 -22.6895

-23.8507 22.8379 -18.9145
-25.6817 26.2359 -19.0135
-28.7817 24.4599 -20.4705
-28.4567 21.7459 -17.7665
-28.2757 24.5139 -15.0735
-31.4837 26.1519 -16.4425
-33.3167 22.7569 -16.5515
-32.2047 21.9339 -12.9645
-33.2637 25.3319 -11.4775
-36.6657 25.3819 -13.2905
-37.8427 21.7729 -12.7555

-35.6117 19.7709 -10.2895

-33.4787 21.8289 -7.90553
-33.5367 24.7229 -5.43453

-29.9337 25.9649 -4.90153
-28.6267 28.9659 -2.91253
-25.0517 29.8009 -1.93853

-23.5257 31.2849 1.28947
-22.9147 34.4889 -0.732534
-26.6697 34.7379 -1.63253
-28.1097 34.3679 1.92747

-25.2987 34.8629 4.54947
-23.3377 38.0979 3.71847
-21.9237 37.8609 7.31847
-19.9187 34.5929 6.90247

-16.1197 35.2869 6.88747
-14.3667 34.5529 3.56347

-12.7107 31.1829 2.82047
-9.09473 32.0309 1.84247
-7.55773 29.1409 -0.159534
-3.87873 28.6429 -1.10653
-1.51673 26.0339 -2.50853
1.52427 25.3389 -0.267534
4.34327 23.7849 -2.32253

6.12327 21.5839 0.268466
9.83827 21.4029 -0.541534

10.8223 18.1719 -2.46453
14.4373 18.6429 -1.13653
13.3993 16.4509 1.88547

12.3583 13.6619 -0.599534
15.4963 11.4809 -0.533534

17.0023 10.2079 -3.83153
15.6903 6.58987 -3.29053
12.0683 7.78787 -2.73953
12.3453 10.1179 -5.80053
13.7743 7.27287 -7.95253
10.8363 5.05587 -6.76753
8.29027 7.79087 -7.76553
10.0873 8.18887 -11.1555
10.0003 4.36287 -11.5865
6.22727 4.05387 -10.8385
5.53927 7.10587 -13.1065
7.49427 5.42987 -15.9935
5.72027 2.11687 -15.2025
2.22327 3.66887 -15.7865
3.31427 4.99987 -19.2575

4.79427 1.66987 -20.5095
2.96427 0.571872 -23.7145
3.10527 -3.20813 -23.1795
1.23427 -3.36913 -19.7945
-2.33873 -4.59713 -19.2875

-5.13473 -2.21013 -18.1335
-4.81573 -3.87213 -14.6705
-0.993727 -3.41313 -14.3815
-1.54473 0.288872 -15.3525
-4.13373 0.641872 -12.4775
-1.76573 -1.17813 -10.0405
1.18327 1.11387 -10.9975
-1.16773 4.15187 -10.5415
-2.18273 2.94987 -7.01753
1.53227 2.36887 -6.21053
2.50227 5.88987 -7.48253
-0.324727 7.42887 -5.36753
0.630273 5.47987 -2.16953
4.36327 6.39687 -2.73653
3.31327 10.0869 -3.09653
1.66227 9.89787 0.363466
4.82227 8.31687 1.93247
7.12227 10.8779 0.204466
5.12327 13.8519 1.65047
5.07027 12.6559 5.34847
8.35727 14.4089 6.48547
7.42027 17.8419 5.01347
3.73527 17.4869 6.05347
5.07627 16.9389 9.62447
7.54827 19.8819 9.23747
4.62127 22.1329 8.15447
2.30927 20.9809 11.0445
5.11427 21.7489 13.5555
5.76827 25.1989 11.9305
2.01927 25.9959 12.4065
2.14627 24.9849 16.1315
5.47127 26.8499 16.7215

3.81327 29.9289 15.0385
1.33327 29.9139 18.0125
-1.83573 28.6169 16.2215
-4.52973 27.6639 18.7495
-6.78273 25.3149 16.6255

-6.56373 23.7199 13.1445
-7.73173 20.6439 11.1735
-5.36173 18.2819 9.29847
-6.94773 16.2149 6.49447
-5.32673 13.0599 5.02347

-6.70873 9.75887 3.54647
-3.83073 7.21487 3.60147

-3.69973 5.53087 7.05447
0.163273 5.73287 7.11247
-0.0667267 9.58987 6.87047
-2.66973 9.77487 9.71447
-0.508727 7.33987 11.8005
2.75627 9.32187 11.2465
1.07927 12.7009 12.0925
-0.473727 11.2719 15.3315
2.86227 9.63887 16.3615
4.80427 12.9419 15.9415
2.11827 14.9549 17.8495
2.33627 12.3639 20.7145
6.19827 12.5879 20.5995

5.91027 16.4429 20.8555
3.24227 16.0109 23.6565
0.664273 17.9709 21.5545
-2.93973 17.2839 22.6235

-4.94273 16.2929 19.5125
-8.02773 14.3249 18.3465
-8.10573 11.6079 15.6305
-11.1077 10.5069 13.4865

-10.8417 7.78487 10.7885
-12.6747 4.68887 9.37447
-12.0967 2.77187 12.6835
-13.5307 5.52087 14.9995
-17.0437 4.51587 16.1885
-20.2067 6.61187 15.5325
-20.5797 7.71987 19.2205

-16.8217 8.36187 19.8075
-16.8307 10.5869 16.6405
-19.3917 12.9189 18.3045
-17.5427 12.8639 21.6885
-14.1067 13.6519 20.0805
-15.8477 16.4209 18.0575
-17.1817 17.9089 21.3575
-13.7047 17.5259 23.0105
-12.0567 19.5419 20.1425
-14.9047 22.1419 20.1925
-14.9787 22.7059 24.0035

-11.3457 22.0429 25.1375
-8.76173 24.8249 24.4515
-5.95873 22.1969 24.9015
-6.76973 20.1929 21.7235
-4.80073 22.1739 19.1025

-4.94273 19.6499 16.1895
-7.70273 17.4789 14.7105
-6.24073 14.6169 12.5805
-9.09673 13.7069 10.2075
-9.67073 11.1789 7.41947

-10.9827 13.0749 4.31847
-13.4117 10.1649 3.60947
-14.4747 9.31587 7.20647
-14.9617 12.9099 8.57347
-16.6837 14.4389 5.44047
-20.1447 13.9649 7.12847
-22.1427 14.9209 10.2795
-19.3757 16.6869 12.2745
-18.9267 20.4589 12.9595
-15.4737 22.0019 13.6685
-16.3107 25.7369 14.1145
-13.6007 26.0689 16.8675
-10.8167 26.0039 14.1945
-9.93273 28.8089 11.6975

-7.48573 26.7319 9.55547
-7.79473 23.5679 7.41347
-4.62773 21.8009 6.12847
-5.00473 19.1679 3.38447

-1.84473 17.0449 3.82847
-3.05373 15.0249 0.797466
-5.06473 15.8279 -2.35053
-8.25773 13.8629 -3.14653
-9.34373 13.3089 -6.81353
-12.9897 14.2809 -6.06853

-13.5297 18.0579 -5.42053
-17.0027 17.5099 -3.85753
-15.3017 15.6429 -0.937534
-12.6827 18.4389 -0.522534
-15.5197 21.0669 -0.368534
-17.3997 18.8269 2.16647
-14.2217 18.8199 4.34647
-13.7477 22.6709 4.11447

-17.4457 23.1459 5.13247
-16.7717 21.2989 8.41647
-15.1507 24.5789 9.68147
-17.0827 27.1009 7.53647
-20.4667 26.6079 9.36047
-23.0067 28.7819 11.2435
-21.0827 29.7239 14.4405
-17.7747 30.4959 12.6185
-16.5457 34.0959 13.3325
-13.0237 34.0269 11.7195
-11.9207 33.9899 8.03347

-11.2987 30.3089 7.21047
-7.80873 29.4879 5.87847
-7.54673 26.4369 3.54347
-3.98573 25.1849 2.80247
-3.48173 22.5009 0.0904661
-0.0617267 20.8059 0.598466
1.47127 19.7899 -2.80453

4.86027 18.2899 -3.82653
6.56127 18.8089 -7.25553
7.66727 15.4439 -8.77953
4.64427 13.4689 -7.36153
0.972273 12.4689 -7.98753

-0.0397267 16.0529 -6.90853
1.27927 17.3969 -10.2925
-1.50073 15.3889 -12.1025
-4.19973 15.4659 -9.36853
-4.23573 19.2799 -8.94853
-5.04673 20.1219 -12.6625
-7.63173 17.2349 -12.6125
-9.34073 18.6719 -9.46853
-9.32773 22.1849 -11.0855
-11.0207 21.1019 -14.3675
-13.6217 19.1769 -12.2525
-14.4637 22.3119 -10.1335
-14.8237 24.3039 -13.4055
-17.2967 21.6589 -14.7705
-19.2187 21.9249 -11.4385
-19.2037 25.7889 -11.6025
-20.4307 25.8729 -15.2725

-23.3037 23.5509 -14.1555
-24.1037 26.0929 -11.3105
-23.0277 23.4919 -8.66653
-20.0077 25.3989 -7.19053
-18.8327 29.0139 -6.61853
-15.3747 27.5749 -5.88353
-12.9007 28.7109 -8.52853
-9.46073 27.0389 -8.05553
-7.57573 28.8449 -10.9445

-6.56973 31.9339 -8.86253
-4.52173 29.7449 -6.41953
-2.17473 28.4279 -9.19853
-1.32373 31.8249 -10.7575

-0.0587267 32.7839 -7.22753
2.42627 29.8109 -6.80453

End chain 1
