-13.201 -6.296 -53.957
-10.703 -3.406 -53.291
-9.54 -3.087 -49.639
-11.02 0.322 -48.639
-8.614 1.85 -46.053
-10.787 3.126 -43.162

-9.634 6.195 -41.181
-10.061 4.9 -37.589
-10.286 6.838 -34.306
-12.195 7.103 -30.979
-14.163 9.439 -28.711
-12.619 10.223 -25.263
-14.157 12.207 -22.344

-11.943 15.248 -21.466
-14.301 16.978 -18.949
-17.827 16.65 -17.399
-19.139 18.761 -20.353

-16.752 17.96 -23.312
-15.482 14.956 -25.281
-12.62 14.751 -27.824
-12.437 12.939 -31.204
-8.982 11.264 -31.393
-8.672 10.357 -35.1

-6.282 10.744 -38.079
-6.98 13.557 -40.6
-9.895 13.022 -43.051

-11.208 15.853 -45.293
-14.92 14.856 -45.011
-14.611 14.37 -41.226
-13.015 17.857 -40.827
-15.875 19.254 -42.999
-18.403 17.482 -40.669
-16.559 18.759 -37.515
-16.844 22.341 -38.957

-20.697 21.797 -39.029
-20.861 21.033 -35.24
-22.116 23.933 -33.104
-20.016 23.255 -29.939
-16.791 22.621 -31.971

-13.393 23.436 -30.391
-10.011 22.816 -32.063
-6.805 22.812 -29.99

-3.883 23.919 -32.209
-1.328 22.314 -29.773
-2.753 18.736 -29.691
-4.334 19.137 -33.217

-7.578 17.622 -31.79
-11.313 18.386 -31.995
-13.683 18.544 -28.991
-17.466 19.001 -28.65
-20.131 19.402 -25.91

-21.257 16.038 -24.476
-24.923 16.743 -25.497
-23.731 16.722 -29.178
-22.178 13.179 -28.839
-25.228 11.354 -30.322
-25.57 14.044 -33.093
-21.852 13.682 -34.021
-21.815 9.829 -34.037
-25.045 9.774 -36.128
-23.507 12.176 -38.75
-20.093 10.348 -38.803

-21.793 6.948 -39.527
-22.962 8.546 -42.834
-19.328 9.196 -43.991
-17.677 6.563 -46.261
-14.251 5.2 -45.121

-14.46 6.789 -41.562
-14.765 4.819 -38.279
-15.142 6.964 -35.114
-15.663 4.659 -32.101

-18.218 6.249 -29.657
-17.862 6.903 -25.912
-18.35 3.469 -24.195
-21.794 2.549 -22.772
-20.235 2.829 -19.255
-19.534 6.58 -19.812
-22.964 7.196 -21.431
-24.623 5.531 -18.378
-22.42 7.523 -15.909

-23.028 10.919 -17.654
-26.668 10.153 -18.714
-27.851 13.482 -17.123

-25.214 15.594 -18.963
-26 13.8 -22.296
-29.631 15.147 -21.909

-29.014 18.802 -20.797
-28.522 21.656 -23.337
-27.494 23.803 -20.296
-24.374 24.206 -18.108
-26.03 23.63 -14.722
-23.195 22.587 -12.38
-23.731 19.355 -10.334

-27.219 19.392 -8.694
-26.798 20.208 -4.988
-26.578 17.032 -2.906
-29.814 16.999 -0.82
-29.276 16.946 2.956
-30.305 13.551 4.343

-32.727 13.25 7.268
-30.389 11.851 9.975
-33.077 12.019 12.787
-33.159 8.159 12.923
-29.32 8.149 13.454
-27.82 8.306 16.969

-27.52 12.074 17.913
-23.991 11.509 19.371
-22.796 10.469 15.867
-24.731 13.185 13.93
-23.402 16.008 16.22
-19.738 14.82 15.861

-19.2267 16.2229 12.2849
-18.6665 18.6398 9.38286

-22.3334 19.6296 9.51471
-21.6739 22.0648 12.3569
-18.8049 23.6667 10.4476
-20.9722 24.0911 7.35482
-23.7307 25.727 9.3938
-21.2629 28.1512 10.9673
-19.8833 29.1106 7.55855
-23.3804 29.7523 6.2163
-24.2221 31.961 9.19221
-21.0405 33.9838 8.71407
-21.8071 34.4994 5.02767
-25.3283 35.6852 5.82626

-23.2773 32.9872 3.91926
-25.5183 30.3902 5.72126
-22.8163 29.0422 8.12126

-20.6563 27.6952 5.21726
-17.2603 29.4602 5.15426
-13.5133 29.3542 5.67026
-12.5993 31.8832 8.41226

-8.99829 32.5372 7.26326

-8.43929 35.5312 9.61626
-4.80829 35.9472 10.7683

-3.35229 34.0572 13.7893
-4.66529 35.2982 17.1753
-7.53729 37.5112 15.7653
-10.0103 35.3232 17.7993

-11.1483 32.6962 15.2223
-12.3163 30.4232 18.1253
-14.6673 33.0562 19.7073
-16.1803 33.8482 16.2453
-16.5863 30.0802 15.4813
-18.3243 29.3842 18.8523
-20.7193 32.3382 18.1893
-21.5513 31.1972 14.5863
-22.1503 27.6192 15.8543
-24.2593 28.8622 18.8523
-26.5313 30.8732 16.4693

-27.2043 27.4002 14.8983

-27.6883 25.6352 18.3723
-31.1903 24.4852 17.1613
-29.3543 22.3862 14.4533
-26.9303 20.4742 16.8013
-25.2853 17.9292 17.5613

-22.0783 19.8942 16.8793
-18.8553 18.2052 15.6603
-15.5393 20.0142 16.3883
-12.4363 18.6032 14.6143
-9.13329 19.9852 15.9943

-5.35429 19.3262 16.3773
-4.72029 16.5222 18.9583
-3.16029 19.0372 21.4843
-5.99329 21.7022 21.5903

-9.06229 19.4742 22.3943
-9.19929 20.5892 26.0663
-8.45829 24.2402 25.0213
-11.6693 24.0382 22.8973
-13.7183 22.4452 25.7663
-12.5723 25.2622 28.1203
-13.4133 27.8182 25.3603
-17.0263 26.4532 25.1513
-17.3863 26.4822 29.0023
-15.9003 30.0422 29.1143
-18.1273 31.5372 26.3693

-21.4253 29.5332 26.6313
-22.1553 29.2922 30.4473
-25.6923 28.1332 29.3393
-24.0683 24.6412 28.7973
-23.3343 22.0572 31.5083

-19.9363 20.2382 31.2483
-21.9423 17.0222 30.4713
-23.0843 18.6752 27.1823

-19.3953 18.5262 25.9673
-17.8093 15.2182 24.8793
-13.9853 15.3012 24.4723

-13.0063 12.2262 22.4263
-9.62029 11.0392 23.7633
-9.50529 7.50519 22.2043
-10.7093 5.54319 19.1263
-13.0733 3.52219 21.4613
-15.0923 6.53419 22.7083
-18.6563 7.42519 21.5503
-18.3793 10.3692 19.0923
-22.1203 11.2402 19.6643
-22.2233 11.1762 23.5183
-22.4123 15.0102 23.9273
-24.3843 17.8762 22.3863

-20.8923 19.2022 21.4293
-18.3693 16.5092 20.3563
-14.6403 17.4442 20.1943
-12.3133 15.0402 18.2783
-8.83329 15.0472 16.6823

-7.96229 14.6022 12.9683
-6.06129 11.3332 13.7663
-9.13729 9.79619 15.5043
-11.6043 10.5732 12.6133

-10.2303 7.62719 10.5313
-10.5913 5.26919 13.5743
-14.1473 6.60219 14.2363
-15.3183 6.52719 10.5303
-18.0353 3.92719 11.4353
-19.5473 6.50619 13.9033
-19.2593 9.44819 11.3803
-22.3753 7.90919 9.66926
-24.4923 9.89119 12.2163
-25.3983 13.2052 10.4433
-23.6713 16.1072 12.2333
-25.5403 19.1272 10.7513

-23.0083 21.6652 12.1833
-19.2403 21.0442 11.8203
-16.3113 23.1972 12.9933
-12.8213 22.2322 11.7513

-9.96629 24.1052 13.4503
-6.64529 24.4772 11.5423

-8.37029 22.9902 8.42226
-5.06929 23.1352 6.42326
-4.55629 19.6002 7.93526
-7.07829 18.4762 5.21526

-4.86229 19.9062 2.33726
-4.16529 16.4332 0.780256
-7.21729 14.3592 -0.344744
-5.29829 10.9942 -0.246744
-4.69029 11.2262 3.55226

-6.85529 9.07319 5.88326
-7.87229 12.2202 7.90426
-9.13629 13.9332 4.69826
-10.8903 10.7492 3.38526
-12.7653 10.4372 6.74326
-13.6173 14.2052 7.05926
-14.7693 14.9892 3.46626
-18.0043 12.8192 3.38826
-19.2653 14.5562 6.59226
-18.3083 18.0702 5.32726
-20.1973 17.5162 2.00526
-23.4523 16.4152 3.81526

-23.3763 18.6982 6.92626
-25.6763 21.8002 6.68726

-23.1303 24.2262 8.28726
-19.3233 23.9952 7.76226
-17.0733 26.4192 9.68126
-13.4493 25.8852 8.56826
-10.7313 27.8212 10.4793

-7.04329 28.4072 9.57226
-4.30229 31.0542 9.96426
-2.59429 29.6432 6.85426
-5.30629 28.1202 4.55926
-2.56729 27.3212 2.04626
0.851706 26.3862 3.51426
2.87471 26.6152 0.235256
0.735706 26.1572 -2.97274

-2.79029 26.7542 -4.49274
-3.44929 22.9462 -4.70974
-3.70629 22.8242 -0.831744
-6.92329 24.9722 -0.987744
-8.93229 22.4962 -3.13674
-10.2083 20.3162 -0.222744
-11.2853 23.4502 1.74826
-13.0423 24.9362 -1.36674
-15.0633 21.7042 -1.98474
-15.8493 21.4162 1.77726
-17.4083 24.9592 1.79526

-18.9113 24.6882 -1.78074
-19.2963 20.9722 -2.86574
-20.4763 22.0912 -6.38874
-17.2393 24.0522 -7.11674
-14.6413 22.1062 -9.20074
-16.2043 18.5572 -8.83774
-12.8803 17.1252 -10.1797

-9.40529 18.3232 -9.03774
-8.02329 18.3202 -12.6407
-10.1703 21.3752 -13.6387
-8.86929 23.3112 -10.5677
-5.26929 22.1432 -11.2767
-5.33229 23.1802 -14.9927
-6.54229 26.7082 -14.0387
-4.70729 27.5222 -10.7507

-1.81429 24.9912 -10.3727
-0.155294 25.4742 -13.8507
-0.803294 21.7652 -14.4667

1.77371 20.1182 -16.7977
1.52471 16.7702 -18.6397
4.80471 14.9272 -17.8827

5.80071 11.4452 -19.3107
4.75071 9.87819 -15.9237

1.39471 11.7712 -15.5167
0.230706 15.2542 -14.4227
2.32071 17.6792 -12.3407

0.309706 20.1502 -10.1467
3.24071 21.7662 -8.18774
2.90971 25.0932 -10.0807
0.690706 28.1802 -9.73474
-1.43729 30.2402 -12.1737
-4.19229 32.9352 -12.2517

-3.73229 33.6522 -8.47674
-5.56329 37.0502 -8.57574
-8.66329 35.2742 -10.0327
-8.33829 32.5602 -7.32874
-8.15729 35.3282 -4.63574
-11.3653 36.9662 -6.00474
-13.1983 33.5712 -6.11374
-12.0863 32.7482 -2.52674
-13.1453 36.1462 -1.03974
-16.5473 36.1962 -2.85274
-17.7243 32.5872 -2.31774

-15.4933 30.5852 0.148256

-13.3603 32.6432 2.53226
-13.4183 35.5372 5.00326

-9.81529 36.7792 5.53626
-8.50829 39.7802 7.52526
-4.93329 40.6152 8.49926

-3.40729 42.0992 11.7273
-2.79629 45.3032 9.70526
-6.55129 45.5522 8.80526
-7.99129 45.1822 12.3653

-5.18029 45.6772 14.9873
-3.21929 48.9122 14.1563
-1.80529 48.6752 17.7563
0.199706 45.4072 17.3403

3.99871 46.1012 17.3253
5.75171 45.3672 14.0013

7.40771 41.9972 13.2583
11.0237 42.8452 12.2803
12.5607 39.9552 10.2783
16.2397 39.4572 9.33126
18.6017 36.8482 7.92926
21.6427 36.1532 10.1703
24.4617 34.5992 8.11526

26.2417 32.3982 10.7063
29.9567 32.2172 9.89626

30.9407 28.9862 7.97326
34.5557 29.4572 9.30126
33.5177 27.2652 12.3233

32.4767 24.4762 9.83826
35.6147 22.2952 9.90426

37.1207 21.0222 6.60626
35.8087 17.4042 7.14726
32.1867 18.6022 7.69826
32.4637 20.9322 4.63726
33.8927 18.0872 2.48526
30.9547 15.8702 3.67026
28.4087 18.6052 2.67226
30.2057 19.0032 -0.717744
30.1187 15.1772 -1.14874
26.3457 14.8682 -0.400744
25.6577 17.9202 -2.66874
27.6127 16.2442 -5.55574
25.8387 12.9312 -4.76474
22.3417 14.4832 -5.34874
23.4327 15.8142 -8.81974

24.9127 12.4842 -10.0717
23.0827 11.3862 -13.2767
23.2237 7.60619 -12.7417
21.3527 7.44519 -9.35674
17.7797 6.21719 -8.84974

14.9837 8.60419 -7.69574
15.3027 6.94219 -4.23274
19.1247 7.40119 -3.94374
18.5737 11.1032 -4.91474
15.9847 11.4562 -2.03974
18.3527 9.63619 0.397256
21.3017 11.9282 -0.559744
18.9507 14.9662 -0.103744
17.9357 13.7642 3.42026
21.6507 13.1832 4.22726
22.6207 16.7042 2.95526
19.7937 18.2432 5.07026
20.7487 16.2942 8.26826
24.4817 17.2112 7.70126
23.4317 20.9012 7.34126
21.7807 20.7122 10.8013
24.9407 19.1312 12.3703
27.2407 21.6922 10.6423
25.2417 24.6662 12.0883
25.1887 23.4702 15.7863
28.4757 25.2232 16.9233
27.5387 28.6562 15.4513
23.8537 28.3012 16.4913
25.1947 27.7532 20.0623
27.6667 30.6962 19.6753
24.7397 32.9472 18.5923
22.4277 31.7952 21.4823
25.2327 32.5632 23.9933
25.8867 36.0132 22.3683
22.1377 36.8102 22.8443
22.2647 35.7992 26.5693
25.5897 37.6642 27.1593

23.9317 40.7432 25.4763
21.4517 40.7282 28.4503
18.2827 39.4312 26.6593
15.5887 38.4782 29.1873
13.3357 36.1292 27.0633

13.5547 34.5342 23.5823
12.3867 31.4582 21.6113
14.7567 29.0962 19.7363
13.1707 27.0292 16.9323
14.7917 23.8742 15.4613

13.4097 20.5732 13.9843
16.2877 18.0292 14.0393

16.4187 16.3452 17.4923
20.2817 16.5472 17.5503
20.0517 20.4042 17.3083
17.4487 20.5892 20.1523
19.6097 18.1542 22.2383
22.8747 20.1362 21.6843
21.1977 23.5152 22.5303
19.6447 22.0862 25.7693
22.9807 20.4532 26.7993
24.9227 23.7562 26.3793
22.2367 25.7692 28.2873
22.4547 23.1782 31.1523
26.3167 23.4022 31.0373

26.0287 27.2572 31.2933
23.3607 26.8252 34.0943
20.7827 28.7852 31.9923
17.1787 28.0982 33.0613

15.1757 27.1072 29.9503
12.0907 25.1392 28.7843
12.0127 22.4222 26.0683
9.01071 21.3212 23.9243

9.27671 18.5992 21.2263
7.44371 15.5032 19.8123
8.02171 13.5862 23.1213
6.58771 16.3352 25.4373
3.07471 15.3302 26.6263
-0.0882936 17.4262 25.9703
-0.461294 18.5342 29.6583

3.29671 19.1762 30.2453
3.28771 21.4012 27.0783
0.726706 23.7332 28.7423
2.57571 23.6782 32.1263
6.01171 24.4662 30.5183
4.27071 27.2352 28.4953
2.93671 28.7232 31.7953
6.41371 28.3402 33.4483
8.06171 30.3562 30.5803
5.21371 32.9562 30.6303
5.13971 33.5202 34.4413

8.77271 32.8572 35.5753
11.3567 35.6392 34.8893
14.1597 33.0112 35.3393
13.3487 31.0072 32.1613
15.3177 32.9882 29.5403

15.1757 30.4642 26.6273
12.4157 28.2932 25.1483
13.8777 25.4312 23.0183
11.0217 24.5212 20.6453
10.4477 21.9932 17.8573

9.13571 23.8892 14.7563
6.70671 20.9792 14.0473
5.64371 20.1302 17.6443
5.15671 23.7242 19.0113
3.43471 25.2532 15.8783
-0.0262936 24.7792 17.5663
-2.02429 25.7352 20.7173
0.742706 27.5012 22.7123
1.19171 31.2732 23.3973
4.64471 32.8162 24.1063
3.80771 36.5512 24.5523
6.51771 36.8832 27.3053
9.30171 36.8182 24.6323
10.1857 39.6232 22.1353

12.6327 37.5462 19.9933
12.3237 34.3822 17.8513
15.4907 32.6152 16.5663
15.1137 29.9822 13.8223

18.2737 27.8592 14.2663
17.0647 25.8392 11.2353
15.0537 26.6422 8.08726
11.8607 24.6772 7.29126
10.7747 24.1232 3.62426
7.12871 25.0952 4.36926

6.58871 28.8722 5.01726
3.11571 28.3242 6.58026
4.81671 26.4572 9.50026
7.43571 29.2532 9.91526
4.59871 31.8812 10.0693
2.71871 29.6412 12.6043
5.89671 29.6342 14.7843
6.37071 33.4852 14.5523

2.67271 33.9602 15.5703
3.34671 32.1132 18.8543
4.96771 35.3932 20.1193
3.03571 37.9152 17.9743
-0.348294 37.4222 19.7983
-2.88829 39.5962 21.6813
-0.964294 40.5382 24.8783
2.34371 41.3102 23.0563
3.57271 44.9102 23.7703
7.09471 44.8412 22.1573
8.19771 44.8042 18.4713

8.81971 41.1232 17.6483
12.3097 40.3022 16.3163
12.5717 37.2512 13.9813
16.1327 35.9992 13.2403
16.6367 33.3152 10.5283
20.0567 31.6202 11.0363
21.5897 30.6042 7.63326

24.9787 29.1042 6.61126
26.6797 29.6232 3.18226
27.7857 26.2582 1.65826
24.7627 24.2832 3.07626
21.0907 23.2832 2.45026

20.0787 26.8672 3.52926
21.3977 28.2112 0.145256
18.6177 26.2032 -1.66474
15.9187 26.2802 1.06926
15.8827 30.0942 1.48926
15.0717 30.9362 -2.22474
12.4867 28.0492 -2.17474
10.7777 29.4862 0.969256
10.7907 32.9992 -0.647744
9.09771 31.9162 -3.92974
6.49671 29.9912 -1.81474
5.65471 33.1262 0.304256
5.29471 35.1182 -2.96774
2.82171 32.4732 -4.33274
0.899706 32.7392 -1.00074
0.914706 36.6032 -1.16474
-0.312294 36.6872 -4.83474

-3.18529 34.3652 -3.71774
-3.98529 36.9072 -0.872744
-2.90929 34.3062 1.77126
0.110706 36.2132 3.24726
1.28571 39.8282 3.81926
4.74371 38.3892 4.55426
7.21771 39.5252 1.90926
10.6577 37.8532 2.38226
12.5427 39.6592 -0.506744

13.5487 42.7482 1.57526
15.5967 40.5592 4.01826
17.9437 39.2422 1.23926
18.7947 42.6392 -0.319744

20.0597 43.5982 3.21026
22.5447 40.6252 3.63326

End chain 1
