-13.201 -6.296 -53.957
-10.703 -3.406 -53.291
-9.54 -3.087 -49.639
-11.02 0.322 -48.639
-8.614 1.85 -46.053
-10.787 3.126 -43.162

-9.634 6.195 -41.181
-10.061 4.9 -37.589
-10.286 6.838 -34.306
-12.195 7.103 -30.979
-14.163 9.439 -28.711
-12.619 10.223 -25.263
-14.157 12.207 -22.344

-11.943 15.248 -21.466
-14.301 16.978 -18.949
-17.827 16.65 -17.399
-19.139 18.761 -20.353

-16.752 17.96 -23.312
-15.482 14.956 -25.281
-12.62 14.751 -27.824
-12.437 12.939 -31.204
-8.982 11.264 -31.393
-8.672 10.357 -35.1

-6.282 10.744 -38.079
-6.98 13.557 -40.6
-9.895 13.022 -43.051

-11.208 15.853 -45.293
-14.92 14.856 -45.011
-14.611 14.37 -41.226
-13.015 17.857 -40.827
-15.875 19.254 -42.999
-18.403 17.482 -40.669
-16.559 18.759 -37.515
-16.844 22.341 -38.957

-20.697 21.797 -39.029
-20.861 21.033 -35.24
-22.116 23.933 -33.104
-20.016 23.255 -29.939
-16.791 22.621 -31.971

-13.393 23.436 -30.391
-10.011 22.816 -32.063
-6.805 22.812 -29.99

-3.883 23.919 -32.209
-1.328 22.314 -29.773
-2.753 18.736 -29.691
-4.334 19.137 -33.217

-7.578 17.622 -31.79
-11.313 18.386 -31.995
-13.683 18.544 -28.991
-17.466 19.001 -28.65
-20.131 19.402 -25.91

-21.257 16.038 -24.476
-24.923 16.743 -25.497
-23.731 16.722 -29.178
-22.178 13.179 -28.839
-25.228 11.354 -30.322
-25.57 14.044 -33.093
-21.852 13.682 -34.021
-21.815 9.829 -34.037
-25.045 9.774 -36.128
-23.507 12.176 -38.75
-20.093 10.348 -38.803

-21.793 6.948 -39.527
-22.962 8.546 -42.834
-19.328 9.196 -43.991
-17.677 6.563 -46.261
-14.251 5.2 -45.121

-14.46 6.789 -41.562
-14.765 4.819 -38.279
-15.142 6.964 -35.114
-15.663 4.659 -32.101

-18.218 6.249 -29.657
-17.862 6.903 -25.912
-18.35 3.469 -24.195
-21.794 2.549 -22.772
-20.235 2.829 -19.255
-19.534 6.58 -19.812
-22.964 7.196 -21.431
-24.623 5.531 -18.378
-22.42 7.523 -15.909

-23.028 10.919 -17.654
-26.668 10.153 -18.714
-27.851 13.482 -17.123

-25.214 15.594 -18.963
-26 13.8 -22.296
-29.631 15.147 -21.909

-29.014 18.802 -20.797
-28.522 21.656 -23.337
-27.494 23.803 -20.296
-24.374 24.206 -18.108
-26.03 23.63 -14.722
-23.195 22.587 -12.38
-23.731 19.355 -10.334

-27.219 19.392 -8.694
-26.798 20.208 -4.988
-26.578 17.032 -2.906
-29.814 16.999 -0.82
-29.276 16.946 2.956
-30.305 13.551 4.343

-32.727 13.25 7.268
-30.389 11.851 9.975
-33.077 12.019 12.787
-33.159 8.159 12.923
-29.32 8.149 13.454
-27.82 8.306 16.969

-27.52 12.074 17.913
-23.991 11.509 19.371
-22.796 10.469 15.867
-24.731 13.185 13.93
-23.402 16.008 16.22
-19.738 14.82 15.861

-19.687 14.822 11.995
-17.445 17.587 10.586

-19.106 19.692 7.763
-17.231 17.783 4.996
-18.064 14.402 6.666
-21.796 15.407 6.677
-21.562 16.318 2.947
-19.943 12.855 2.346
-22.788 11.075 4.244
-25.363 13.084 2.191
-23.555 12.165 -1.104
-23.43 8.459 -0.115
-27.196 8.491 0.728
-28.024 10.343 -2.565

-25.973 7.645 -4.472
-28.214 5.048 -2.67
-25.512 3.7 -0.27

-23.352 2.353 -3.174
-19.956 4.118 -3.237
-16.209 4.012 -2.721
-15.295 6.541 0.021

-11.694 7.195 -1.128

-11.135 10.189 1.225
-7.504 10.605 2.377

-6.048 8.715 5.398
-7.361 9.956 8.784
-10.233 12.169 7.374
-12.706 9.981 9.408

-13.844 7.354 6.831
-15.012 5.081 9.734
-17.363 7.714 11.316
-18.876 8.506 7.854
-19.282 4.738 7.09
-21.02 4.042 10.461
-23.415 6.996 9.798
-24.247 5.855 6.195
-24.846 2.277 7.463
-26.955 3.52 10.461
-29.227 5.531 8.078

-29.9 2.058 6.507

-30.384 0.293 9.981
-33.886 -0.857 8.77
-32.05 -2.956 6.062
-29.626 -4.868 8.41
-27.981 -7.413 9.17

-24.774 -5.448 8.488
-21.551 -7.137 7.269
-18.235 -5.328 7.997
-15.132 -6.739 6.223
-11.829 -5.357 7.603

-8.05 -6.016 7.986
-7.416 -8.82 10.567
-5.856 -6.305 13.093
-8.689 -3.64 13.199

-11.758 -5.868 14.003
-11.895 -4.753 17.675
-11.154 -1.102 16.63
-14.365 -1.304 14.506
-16.414 -2.897 17.375
-15.268 -0.08 19.729
-16.109 2.476 16.969
-19.722 1.111 16.76
-20.082 1.14 20.611
-18.596 4.7 20.723
-20.823 6.195 17.978

-24.121 4.191 18.24
-24.851 3.95 22.056
-28.388 2.791 20.948
-26.764 -0.701 20.406
-26.03 -3.285 23.117

-22.632 -5.104 22.857
-24.638 -8.32 22.08
-25.78 -6.667 18.791

-22.091 -6.816 17.576
-20.505 -10.124 16.488
-16.681 -10.041 16.081

-15.702 -13.116 14.035
-12.316 -14.303 15.372
-12.201 -17.837 13.813
-13.405 -19.799 10.735
-15.769 -21.82 13.07
-17.788 -18.808 14.317
-21.352 -17.917 13.159
-21.075 -14.973 10.701
-24.816 -14.102 11.273
-24.919 -14.166 15.127
-25.108 -10.332 15.536
-27.08 -7.466 13.995

-23.588 -6.14 13.038
-21.065 -8.833 11.965
-17.336 -7.898 11.803
-15.009 -10.302 9.887
-11.529 -10.295 8.291

-10.658 -10.74 4.577
-8.757 -14.009 5.375
-11.833 -15.546 7.113
-14.3 -14.769 4.222

-12.926 -17.715 2.14
-13.287 -20.073 5.183
-16.843 -18.74 5.845
-18.014 -18.815 2.139
-20.731 -21.415 3.044
-22.243 -18.836 5.512
-21.955 -15.894 2.989
-25.071 -17.433 1.278
-27.188 -15.451 3.825
-28.094 -12.137 2.052
-26.367 -9.235 3.842
-28.236 -6.215 2.36

-25.704 -3.677 3.792
-21.936 -4.298 3.429
-19.007 -2.145 4.602
-15.517 -3.11 3.36

-12.662 -1.237 5.059
-9.341 -0.865 3.151

-11.066 -2.352 0.031
-7.765 -2.207 -1.968
-7.252 -5.742 -0.456
-9.774 -6.866 -3.176

-7.558 -5.436 -6.054
-6.861 -8.909 -7.611
-9.913 -10.983 -8.736
-7.994 -14.348 -8.638
-7.386 -14.116 -4.839

-9.551 -16.269 -2.508
-10.568 -13.122 -0.487
-11.832 -11.409 -3.693
-13.586 -14.593 -5.006
-15.461 -14.905 -1.648
-16.313 -11.137 -1.332
-17.465 -10.353 -4.925
-20.7 -12.523 -5.003
-21.961 -10.786 -1.799
-21.004 -7.272 -3.064
-22.893 -7.826 -6.386
-26.148 -8.927 -4.576

-26.072 -6.644 -1.465
-28.372 -3.542 -1.704

-25.826 -1.116 -0.104
-22.019 -1.347 -0.629
-19.769 1.077 1.29
-16.145 0.543 0.177
-13.427 2.479 2.088

-9.739 3.065 1.181
-6.998 5.712 1.573
-5.29 4.301 -1.537
-8.002 2.778 -3.832
-5.263 1.979 -6.345
-1.844 1.044 -4.877
0.179 1.273 -8.156
-1.96 0.815 -11.364

-5.486 1.412 -12.884
-6.145 -2.396 -13.101
-6.402 -2.518 -9.223
-9.619 -0.37 -9.379
-11.628 -2.846 -11.528
-12.904 -5.026 -8.614
-13.981 -1.892 -6.643
-15.738 -0.406 -9.758
-17.759 -3.638 -10.376
-18.545 -3.926 -6.614
-20.104 -0.383 -6.596

-21.607 -0.654 -10.172
-21.992 -4.37 -11.257
-23.172 -3.251 -14.78
-19.935 -1.29 -15.508
-17.337 -3.236 -17.592
-18.9 -6.785 -17.229
-15.576 -8.217 -18.571

-12.101 -7.019 -17.429
-10.719 -7.022 -21.032
-12.866 -3.967 -22.03
-11.565 -2.031 -18.959
-7.965 -3.199 -19.668
-8.028 -2.162 -23.384
-9.238 1.366 -22.43
-7.403 2.18 -19.142

-4.51 -0.351 -18.764
-2.851 0.132 -22.242
-3.499 -3.577 -22.858

-0.922 -5.224 -25.189
-1.171 -8.572 -27.031
2.109 -10.415 -26.274

3.105 -13.897 -27.702
2.055 -15.464 -24.315

-1.301 -13.571 -23.908
-2.465 -10.088 -22.814
-0.375 -7.663 -20.732

-0.228263 -4.69314 -18.2317
1.39239 -2.1344 -20.4927
1.76158 1.61256 -20.3563
-0.96327 3.06818 -22.4837
-2.98098 1.12945 -25.0093
-5.85633 1.93983 -22.5146

-7.51964 3.58956 -19.5222
-4.14749 4.53493 -18.0464
-3.02763 6.06761 -21.3388
-6.2195 8.11593 -21.5823
-5.77356 9.41124 -18.0374
-2.18486 10.4329 -18.7588
-3.24384 12.2955 -21.8976
-5.95212 14.1615 -19.9934
-3.48273 15.1855 -17.2922
-1.02782 16.4766 -19.8901
-3.74592 18.5239 -21.5822

-1.51492 16.5219 -19.1162

0.618083 18.5799 -16.7322
0.560083 21.4739 -14.2612

4.16308 22.7159 -13.7282
5.47008 25.7169 -11.7392
9.04508 26.5519 -10.7652

10.5711 28.0359 -7.53724
11.1821 31.2399 -9.55924
7.42708 31.4889 -10.4592
5.98708 31.1189 -6.89924

8.79808 31.6139 -4.27724
10.7591 34.8489 -5.10824
12.1731 34.6119 -1.50824
14.1781 31.3439 -1.92424

17.9771 32.0379 -1.93924
19.7301 31.3039 -5.26324

21.3861 27.9339 -6.00624
25.0021 28.7819 -6.98424
26.5391 25.8919 -8.98624
30.2181 25.3939 -9.93324
32.5801 22.7849 -11.3352
35.6211 22.0899 -9.09424
38.4401 20.5359 -11.1492

40.2201 18.3349 -8.55824
43.9351 18.1539 -9.36824

44.9191 14.9229 -11.2912
48.5341 15.3939 -9.96324
47.4961 13.2019 -6.94124

46.4551 10.4129 -9.42624
49.5931 8.23194 -9.36024

51.0991 6.95894 -12.6582
49.7871 3.34094 -12.1172
46.1651 4.53894 -11.5662
46.4421 6.86894 -14.6272
47.8711 4.02394 -16.7792
44.9331 1.80694 -15.5942
42.3871 4.54194 -16.5922
44.1841 4.93994 -19.9822
44.0971 1.11394 -20.4132
40.3241 0.804937 -19.6652
39.6361 3.85694 -21.9332
41.5911 2.18094 -24.8202
39.8171 -1.13206 -24.0292
36.3201 0.419937 -24.6132
37.4111 1.75094 -28.0842

38.8911 -1.57906 -29.3362
37.0611 -2.67706 -32.5412
37.2021 -6.45706 -32.0062
35.3311 -6.61806 -28.6212
31.7581 -7.84606 -28.1142

28.9621 -5.45906 -26.9602
29.2811 -7.12106 -23.4972
33.1031 -6.66206 -23.2082
32.5521 -2.96006 -24.1792
29.9631 -2.60706 -21.3042
32.3311 -4.42706 -18.8672
35.2801 -2.13506 -19.8242
32.9291 0.902937 -19.3682
31.9141 -0.299063 -15.8442
35.6291 -0.880063 -15.0372
36.5991 2.64094 -16.3092
33.7721 4.17994 -14.1942
34.7271 2.23094 -10.9962
38.4601 3.14794 -11.5632
37.4101 6.83794 -11.9232
35.7591 6.64894 -8.46324
38.9191 5.06794 -6.89424
41.2191 7.62894 -8.62224
39.2201 10.6029 -7.17624
39.1671 9.40694 -3.47824
42.4541 11.1599 -2.34124
41.5171 14.5929 -3.81324
37.8321 14.2379 -2.77324
39.1731 13.6899 0.797764
41.6451 16.6329 0.410764
38.7181 18.8839 -0.672236
36.4061 17.7319 2.21776
39.2111 18.4999 4.72876
39.8651 21.9499 3.10376
36.1161 22.7469 3.57976
36.2431 21.7359 7.30476
39.5681 23.6009 7.89476

37.9101 26.6799 6.21176
35.4301 26.6649 9.18576
32.2611 25.3679 7.39476
29.5671 24.4149 9.92276
27.3141 22.0659 7.79876

27.5331 20.4709 4.31776
26.3651 17.3949 2.34676
28.7351 15.0329 0.471764
27.1491 12.9659 -2.33224
28.7701 9.81094 -3.80324

27.3881 6.50994 -5.28024
30.2661 3.96594 -5.22524

30.3971 2.28194 -1.77224
34.2601 2.48394 -1.71424
34.0301 6.34094 -1.95624
31.4271 6.52594 0.887764
33.5881 4.09094 2.97376
36.8531 6.07294 2.41976
35.1761 9.45194 3.26576
33.6231 8.02294 6.50476
36.9591 6.38994 7.53476
38.9011 9.69294 7.11476
36.2151 11.7059 9.02276
36.4331 9.11494 11.8878
40.2951 9.33894 11.7728

40.0071 13.1939 12.0288
37.3391 12.7619 14.8298
34.7611 14.7219 12.7278
31.1571 14.0349 13.7968

29.1541 13.0439 10.6858
26.0691 11.0759 9.51976
25.9911 8.35894 6.80376
22.9891 7.25794 4.65976

23.2551 4.53594 1.96176
21.4221 1.43994 0.547764
22.0001 -0.477063 3.85676
20.5661 2.27194 6.17276
17.0531 1.26694 7.36176
13.8901 3.36294 6.70576
13.5171 4.47094 10.3938

17.2751 5.11294 10.9808
17.2661 7.33794 7.81376
14.7051 9.66994 9.47776
16.5541 9.61494 12.8618
19.9901 10.4029 11.2538
18.2491 13.1719 9.23076
16.9151 14.6599 12.5308
20.3921 14.2769 14.1838
22.0401 16.2929 11.3158
19.1921 18.8929 11.3658
19.1181 19.4569 15.1768

22.7511 18.7939 16.3108
25.3351 21.5759 15.6248
28.1381 18.9479 16.0748
27.3271 16.9439 12.8968
29.2961 18.9249 10.2758

29.1541 16.4009 7.36276
26.3941 14.2299 5.88376
27.8561 11.3679 3.75376
25.0001 10.4579 1.38076
24.4261 7.92994 -1.40724

23.1141 9.82594 -4.50824
20.6851 6.91594 -5.21724
19.6221 6.06694 -1.62024
19.1351 9.66094 -0.253236
17.4131 11.1899 -3.38624
13.9521 10.7159 -1.69824
11.9541 11.6719 1.45276
14.7211 13.4379 3.44776
15.1701 17.2099 4.13276
18.6231 18.7529 4.84176
17.7861 22.4879 5.28776
20.4961 22.8199 8.04076
23.2801 22.7549 5.36776
24.1641 25.5599 2.87076

26.6111 23.4829 0.728764
26.3021 20.3189 -1.41324
29.4691 18.5519 -2.69824
29.0921 15.9189 -5.44224

32.2521 13.7959 -4.99824
31.0431 11.7759 -8.02924
29.0321 12.5789 -11.1772
25.8391 10.6139 -11.9732
24.7531 10.0599 -15.6402
21.1071 11.0319 -14.8952

20.5671 14.8089 -14.2472
17.0941 14.2609 -12.6842
18.7951 12.3939 -9.76424
21.4141 15.1899 -9.34924
18.5771 17.8179 -9.19524
16.6971 15.5779 -6.66024
19.8751 15.5709 -4.48024
20.3491 19.4219 -4.71224

16.6511 19.8969 -3.69424
17.3251 18.0499 -0.410236
18.9461 21.3299 0.854764
17.0141 23.8519 -1.29024
13.6301 23.3589 0.533764
11.0901 25.5329 2.41676
13.0141 26.4749 5.61376
16.3221 27.2469 3.79176
17.5511 30.8469 4.50576
21.0731 30.7779 2.89276
22.1761 30.7409 -0.793236

22.7981 27.0599 -1.61624
26.2881 26.2389 -2.94824
26.5501 23.1879 -5.28324
30.1111 21.9359 -6.02424
30.6151 19.2519 -8.73624
34.0351 17.5569 -8.22824
35.5681 16.5409 -11.6312

38.9571 15.0409 -12.6532
40.6581 15.5599 -16.0822
41.7641 12.1949 -17.6062
38.7411 10.2199 -16.1882
35.0691 9.21994 -16.8142

34.0571 12.8039 -15.7352
35.3761 14.1479 -19.1192
32.5961 12.1399 -20.9292
29.8971 12.2169 -18.1952
29.8611 16.0309 -17.7752
29.0501 16.8729 -21.4892
26.4651 13.9859 -21.4392
24.7561 15.4229 -18.2952
24.7691 18.9359 -19.9122
23.0761 17.8529 -23.1942
20.4751 15.9279 -21.0792
19.6331 19.0629 -18.9602
19.2731 21.0549 -22.2322
16.8001 18.4099 -23.5972
14.8781 18.6759 -20.2652
14.8931 22.5399 -20.4292
13.6661 22.6239 -24.0992

10.7931 20.3019 -22.9822
9.99308 22.8439 -20.1372
11.0691 20.2429 -17.4932
14.0891 22.1499 -16.0172
15.2641 25.7649 -15.4452
18.7221 24.3259 -14.7102
21.1961 25.4619 -17.3552
24.6361 23.7899 -16.8822
26.5211 25.5959 -19.7712

27.5271 28.6849 -17.6892
29.5751 26.4959 -15.2462
31.9221 25.1789 -18.0252
32.7731 28.5759 -19.5842

34.0381 29.5349 -16.0542
36.5231 26.5619 -15.6312

End chain 1
