-13.201 -6.296 -53.957
-10.703 -3.406 -53.291
-9.54 -3.087 -49.639
-11.02 0.322 -48.639
-8.614 1.85 -46.053
-10.787 3.126 -43.162

-9.634 6.195 -41.181
-10.061 4.9 -37.589
-10.286 6.838 -34.306
-12.195 7.103 -30.979
-14.163 9.439 -28.711
-12.619 10.223 -25.263
-14.157 12.207 -22.344

-11.943 15.248 -21.466
-14.301 16.978 -18.949
-17.827 16.65 -17.399
-19.139 18.761 -20.353

-16.752 17.96 -23.312
-15.482 14.956 -25.281
-12.62 14.751 -27.824
-12.437 12.939 -31.204
-8.982 11.264 -31.393
-8.672 10.357 -35.1

-6.282 10.744 -38.079
-6.98 13.557 -40.6
-9.895 13.022 -43.051

-11.208 15.853 -45.293
-14.92 14.856 -45.011
-14.611 14.37 -41.226
-13.015 17.857 -40.827
-15.875 19.254 -42.999
-18.403 17.482 -40.669
-16.559 18.759 -37.515
-16.844 22.341 -38.957

-20.697 21.797 -39.029
-20.861 21.033 -35.24
-22.116 23.933 -33.104
-20.016 23.255 -29.939
-16.791 22.621 -31.971

-13.393 23.436 -30.391
-10.011 22.816 -32.063
-6.805 22.812 -29.99

-3.883 23.919 -32.209
-1.328 22.314 -29.773
-2.753 18.736 -29.691
-4.334 19.137 -33.217

-7.578 17.622 -31.79
-11.313 18.386 -31.995
-13.683 18.544 -28.991
-17.466 19.001 -28.65
-20.131 19.402 -25.91

-21.257 16.038 -24.476
-24.923 16.743 -25.497
-23.731 16.722 -29.178
-22.178 13.179 -28.839
-25.228 11.354 -30.322
-25.57 14.044 -33.093
-21.852 13.682 -34.021
-21.815 9.829 -34.037
-25.045 9.774 -36.128
-23.507 12.176 -38.75
-20.093 10.348 -38.803

-21.793 6.948 -39.527
-22.962 8.546 -42.834
-19.328 9.196 -43.991
-17.677 6.563 -46.261
-14.251 5.2 -45.121

-14.46 6.789 -41.562
-14.765 4.819 -38.279
-15.142 6.964 -35.114
-15.663 4.659 -32.101

-18.218 6.249 -29.657
-17.862 6.903 -25.912
-18.35 3.469 -24.195
-21.794 2.549 -22.772
-20.235 2.829 -19.255
-19.534 6.58 -19.812
-22.964 7.196 -21.431
-24.623 5.531 -18.378
-22.42 7.523 -15.909

-23.028 10.919 -17.654
-26.668 10.153 -18.714
-27.851 13.482 -17.123

-25.214 15.594 -18.963
-26 13.8 -22.296
-29.631 15.147 -21.909

-29.014 18.802 -20.797
-28.522 21.656 -23.337
-27.494 23.803 -20.296
-24.374 24.206 -18.108
-26.03 23.63 -14.722
-23.195 22.587 -12.38
-23.731 19.355 -10.334

-27.219 19.392 -8.694
-26.798 20.208 -4.988
-26.578 17.032 -2.906
-29.814 16.999 -0.82
-29.276 16.946 2.956
-30.305 13.551 4.343

-32.727 13.25 7.268
-30.389 11.851 9.975
-33.077 12.019 12.787
-33.159 8.159 12.923
-29.32 8.149 13.454
-27.82 8.306 16.969

-27.52 12.074 17.913
-23.991 11.509 19.371
-22.796 10.469 15.867
-24.731 13.185 13.93
-23.402 16.008 16.22
-19.738 14.82 15.861

-19.687 14.822 11.995
-17.445 17.587 10.586

-19.106 19.692 7.763
-17.231 17.783 4.996
-18.064 14.402 6.666
-21.796 15.407 6.677
-21.562 16.318 2.947
-19.943 12.855 2.346
-22.788 11.075 4.244
-25.363 13.084 2.191
-23.555 12.165 -1.104
-23.43 8.459 -0.115
-27.196 8.491 0.728
-28.024 10.343 -2.565

-25.973 7.645 -4.472
-28.214 5.048 -2.67
-25.512 3.7 -0.27

-23.352 2.353 -3.174
-19.956 4.118 -3.237
-16.209 4.012 -2.721
-15.295 6.541 0.021

-11.694 7.195 -1.128

-11.135 10.189 1.225
-7.504 10.605 2.377

-6.048 8.715 5.398
-7.361 9.956 8.784
-10.233 12.169 7.374
-12.706 9.981 9.408

-13.844 7.354 6.831
-15.012 5.081 9.734
-17.363 7.714 11.316
-18.876 8.506 7.854
-19.282 4.738 7.09
-21.02 4.042 10.461
-23.415 6.996 9.798
-24.247 5.855 6.195
-24.846 2.277 7.463
-26.955 3.52 10.461
-29.227 5.531 8.078

-29.9 2.058 6.507

-30.384 0.293 9.981
-33.886 -0.857 8.77
-32.05 -2.956 6.062
-29.626 -4.868 8.41
-27.981 -7.413 9.17

-24.774 -5.448 8.488
-21.551 -7.137 7.269
-18.235 -5.328 7.997
-15.132 -6.739 6.223
-11.829 -5.357 7.603

-8.05 -6.016 7.986
-7.416 -8.82 10.567
-5.856 -6.305 13.093
-8.689 -3.64 13.199

-11.758 -5.868 14.003
-11.895 -4.753 17.675
-11.154 -1.102 16.63
-14.365 -1.304 14.506
-16.414 -2.897 17.375
-15.268 -0.08 19.729
-16.109 2.476 16.969
-19.722 1.111 16.76
-20.082 1.14 20.611
-18.596 4.7 20.723
-20.823 6.195 17.978

-24.121 4.191 18.24
-24.851 3.95 22.056
-28.388 2.791 20.948
-26.764 -0.701 20.406
-26.03 -3.285 23.117

-22.632 -5.104 22.857
-24.638 -8.32 22.08
-25.78 -6.667 18.791

-22.091 -6.816 17.576
-20.505 -10.124 16.488
-16.681 -10.041 16.081

-15.702 -13.116 14.035
-12.316 -14.303 15.372
-12.201 -17.837 13.813
-13.405 -19.799 10.735
-15.769 -21.82 13.07
-17.788 -18.808 14.317
-21.352 -17.917 13.159
-21.075 -14.973 10.701
-24.816 -14.102 11.273
-24.919 -14.166 15.127
-25.108 -10.332 15.536
-27.08 -7.466 13.995

-23.588 -6.14 13.038
-21.065 -8.833 11.965
-17.336 -7.898 11.803
-15.009 -10.302 9.887
-11.529 -10.295 8.291

-10.658 -10.74 4.577
-8.757 -14.009 5.375
-11.833 -15.546 7.113
-14.3 -14.769 4.222

-12.926 -17.715 2.14
-13.287 -20.073 5.183
-16.843 -18.74 5.845
-18.014 -18.815 2.139
-20.731 -21.415 3.044
-22.243 -18.836 5.512
-21.955 -15.894 2.989
-25.071 -17.433 1.278
-27.188 -15.451 3.825
-28.094 -12.137 2.052
-26.367 -9.235 3.842
-28.236 -6.215 2.36

-25.704 -3.677 3.792
-21.936 -4.298 3.429
-19.007 -2.145 4.602
-15.517 -3.11 3.36

-12.662 -1.237 5.059
-9.341 -0.865 3.151

-11.066 -2.352 0.031
-7.765 -2.207 -1.968
-7.252 -5.742 -0.456
-9.774 -6.866 -3.176

-7.558 -5.436 -6.054
-6.861 -8.909 -7.611
-9.913 -10.983 -8.736
-7.994 -14.348 -8.638
-7.386 -14.116 -4.839

-9.551 -16.269 -2.508
-10.568 -13.122 -0.487
-11.832 -11.409 -3.693
-13.586 -14.593 -5.006
-15.461 -14.905 -1.648
-16.313 -11.137 -1.332
-17.465 -10.353 -4.925
-20.7 -12.523 -5.003
-21.961 -10.786 -1.799
-21.004 -7.272 -3.064
-22.893 -7.826 -6.386
-26.148 -8.927 -4.576

-26.072 -6.644 -1.465
-28.372 -3.542 -1.704

-25.826 -1.116 -0.104
-22.019 -1.347 -0.629
-19.769 1.077 1.29
-16.145 0.543 0.177
-13.427 2.479 2.088

-9.739 3.065 1.181
-6.998 5.712 1.573
-5.29 4.301 -1.537
-8.002 2.778 -3.832
-5.263 1.979 -6.345
-1.844 1.044 -4.877
0.179 1.273 -8.156
-1.96 0.815 -11.364

-5.486 1.412 -12.884
-6.145 -2.396 -13.101
-6.402 -2.518 -9.223
-9.619 -0.37 -9.379
-11.628 -2.846 -11.528
-12.904 -5.026 -8.614
-13.981 -1.892 -6.643
-15.738 -0.406 -9.758
-17.759 -3.638 -10.376
-18.545 -3.926 -6.614
-20.104 -0.383 -6.596

-21.607 -0.654 -10.172
-21.992 -4.37 -11.257
-23.172 -3.251 -14.78
-19.935 -1.29 -15.508
-17.337 -3.236 -17.592
-18.9 -6.785 -17.229
-15.576 -8.217 -18.571

-12.101 -7.019 -17.429
-10.719 -7.022 -21.032
-12.866 -3.967 -22.03
-11.565 -2.031 -18.959
-7.965 -3.199 -19.668
-8.028 -2.162 -23.384
-9.238 1.366 -22.43
-7.403 2.18 -19.142

-4.51 -0.351 -18.764
-2.851 0.132 -22.242
-3.499 -3.577 -22.858

-0.922 -5.224 -25.189
-1.171 -8.572 -27.031
2.109 -10.415 -26.274

3.105 -13.897 -27.702
2.055 -15.464 -24.315

-1.301 -13.571 -23.908
-2.465 -10.088 -22.814
-0.375 -7.663 -20.732

-2.386 -5.192 -18.538
0.545 -3.576 -16.579
0.214 -0.249 -18.472
-2.005 2.838 -18.126
-4.133 4.898 -20.565
-6.888 7.593 -20.643

-6.428 8.31 -16.868
-8.259 11.708 -16.967
-11.359 9.932 -18.424
-11.034 7.218 -15.72
-10.853 9.986 -13.027
-14.061 11.624 -14.396
-15.894 8.229 -14.505
-14.782 7.406 -10.918
-15.841 10.804 -9.431
-19.243 10.854 -11.244
-20.42 7.245 -10.709

-18.189 5.243 -8.243

-16.056 7.301 -5.859
-16.114 10.195 -3.388

-12.511 11.437 -2.855
-11.204 14.438 -0.866
-7.629 15.273 0.108

-6.103 16.757 3.336
-5.492 19.961 1.314
-9.247 20.21 0.414
-10.687 19.84 3.974

-7.876 20.335 6.596
-5.915 23.57 5.765
-4.501 23.333 9.365
-2.496 20.065 8.949

1.303 20.759 8.934
3.056 20.025 5.61

4.712 16.655 4.867
8.328 17.503 3.889
9.865 14.613 1.887
13.544 14.115 0.94
15.906 11.506 -0.462
18.947 10.811 1.779
21.766 9.257 -0.276

23.546 7.056 2.315
27.261 6.875 1.505

28.245 3.644 -0.418
31.86 4.115 0.91
30.822 1.923 3.932

29.781 -0.866 1.447
32.919 -3.047 1.513

34.425 -4.32 -1.785
33.113 -7.938 -1.244
29.491 -6.74 -0.693
29.768 -4.41 -3.754
31.197 -7.255 -5.906
28.259 -9.472 -4.721
25.713 -6.737 -5.719
27.51 -6.339 -9.109
27.423 -10.165 -9.54
23.65 -10.474 -8.792
22.962 -7.422 -11.06
24.917 -9.098 -13.947
23.143 -12.411 -13.156
19.646 -10.859 -13.74
20.737 -9.528 -17.211

22.217 -12.858 -18.463
20.387 -13.956 -21.668
20.528 -17.736 -21.133
18.657 -17.897 -17.748
15.084 -19.125 -17.241

12.288 -16.738 -16.087
12.607 -18.4 -12.624
16.429 -17.941 -12.335
15.878 -14.239 -13.306
13.289 -13.886 -10.431
15.657 -15.706 -7.994
18.606 -13.414 -8.951
16.255 -10.376 -8.495
15.24 -11.578 -4.971
18.955 -12.159 -4.164
19.925 -8.638 -5.436
17.098 -7.099 -3.321
18.053 -9.048 -0.123
21.786 -8.131 -0.69
20.736 -4.441 -1.05
19.085 -4.63 2.41
22.245 -6.211 3.979
24.545 -3.65 2.251
22.546 -0.676 3.697
22.493 -1.872 7.395
25.78 -0.119 8.532
24.843 3.314 7.06
21.158 2.959 8.1
22.499 2.411 11.671
24.971 5.354 11.284
22.044 7.605 10.201
19.732 6.453 13.091
22.537 7.221 15.602
23.191 10.671 13.977
19.442 11.468 14.453
19.569 10.457 18.178
22.894 12.322 18.768

21.0939 15.3882 17.2366
17.2884 14.7601 16.8328
14.8995 14.6408 14.0005
14.0968 18.3018 13.7331
13.0791 21.96 13.4812

15.2122 23.9704 15.9374
18.0859 21.6079 16.7942
19.708 18.3144 17.8167
23.3813 18.3199 16.993
26.9723 17.4236 17.4141

25.5903 14.1226 15.9371
28.4683 11.5786 15.9921

28.5993 9.8946 19.4451
32.4623 10.0966 19.5031
32.2323 13.9536 19.2611
29.6293 14.1386 22.1051
31.7903 11.7036 24.1911
35.0553 13.6856 23.6371
33.3783 17.0646 24.4831
31.8253 15.6356 27.7221
35.1613 14.0026 28.7521
37.1033 17.3056 28.3321
34.4173 19.3186 30.2401
34.6353 16.7276 33.1051
38.4973 16.9516 32.9901

38.2093 20.8066 33.2461
35.5413 20.3746 36.0471
32.9633 22.3346 33.9451
29.3593 21.6476 35.0141

27.3563 20.6566 31.9031
24.2713 18.6886 30.7371
24.1933 15.9716 28.0211
21.1913 14.8706 25.8771

21.4573 12.1486 23.1791
19.6243 9.0526 21.7651
20.2023 7.1356 25.0741
18.7683 9.8846 27.3901
15.2553 8.8796 28.5791
12.0923 10.9756 27.9231
11.7193 12.0836 31.6111

15.4773 12.7256 32.1981
15.4683 14.9506 29.0311
12.9073 17.2826 30.6951
14.7563 17.2276 34.0791
18.1923 18.0156 32.4711
16.4513 20.7846 30.4481
15.1173 22.2726 33.7481
18.5943 21.8896 35.4011
20.2423 23.9056 32.5331
17.3943 26.5056 32.5831
17.3203 27.0696 36.3941

20.9533 26.4066 37.5281
23.5373 29.1886 36.8421
26.3403 26.5606 37.2921
25.5293 24.5566 34.1141
27.4983 26.5376 31.4931

27.3563 24.0136 28.5801
24.5963 21.8426 27.1011
26.0583 18.9806 24.9711
23.2023 18.0706 22.5981
22.6283 15.5426 19.8101

21.3163 17.4386 16.7091
18.8873 14.5286 16.0001
17.8243 13.6796 19.5971
17.3373 17.2736 20.9641
15.6153 18.8026 17.8311
12.1543 18.3286 19.5191
10.1563 19.2846 22.6701
12.9233 21.0506 24.6651
13.3723 24.8226 25.3501
16.8253 26.3656 26.0591
15.9883 30.1006 26.5051
18.6983 30.4326 29.2581
21.4823 30.3676 26.5851
22.3663 33.1726 24.0881

24.8133 31.0956 21.9461
24.5043 27.9316 19.8041
27.6713 26.1646 18.5191
27.2943 23.5316 15.7751

30.4543 21.4086 16.2191
29.2453 19.3886 13.1881
27.2343 20.1916 10.0401
24.0413 18.2266 9.24414
22.9553 17.6726 5.57714
19.3093 18.6446 6.32214

18.7693 22.4216 6.97014
15.2963 21.8736 8.53314
16.9973 20.0066 11.4531
19.6163 22.8026 11.8681
16.7793 25.4306 12.0221
14.8993 23.1906 14.5571
18.0773 23.1836 16.7371
18.5513 27.0346 16.5051

14.8533 27.5096 17.5231
15.5273 25.6626 20.8071
17.1483 28.9426 22.0721
15.2163 31.4646 19.9271
11.8323 30.9716 21.7511
9.29232 33.1456 23.6341
11.2163 34.0876 26.8311
14.5243 34.8596 25.0091
15.7533 38.4596 25.7231
19.2753 38.3906 24.1101
20.3783 38.3536 20.4241

21.0003 34.6726 19.6011
24.4903 33.8516 18.2691
24.7523 30.8006 15.9341
28.3133 29.5486 15.1931
28.8173 26.8646 12.4811
32.2373 25.1696 12.9891
33.7703 24.1536 9.58614

37.1593 22.6536 8.56414
38.8603 23.1726 5.13514
39.9663 19.8076 3.61114
36.9433 17.8326 5.02914
33.2713 16.8326 4.40314

32.2593 20.4166 5.48214
33.5783 21.7606 2.09814
30.7983 19.7526 0.28814
28.0993 19.8296 3.02214
28.0633 23.6436 3.44214
27.2523 24.4856 -0.27186
24.6673 21.5986 -0.22186
22.9583 23.0356 2.92214
22.9713 26.5486 1.30514
21.2783 25.4656 -1.97686
18.6773 23.5406 0.13814
17.8353 26.6756 2.25714
17.4753 28.6676 -1.01486
15.0023 26.0226 -2.37986
13.0803 26.2886 0.95214
13.0953 30.1526 0.78814
11.8683 30.2366 -2.88186

8.99532 27.9146 -1.76486
8.19532 30.4566 1.08014
9.27132 27.8556 3.72414
12.2913 29.7626 5.20014
13.4663 33.3776 5.77214
16.9243 31.9386 6.50714
19.3983 33.0746 3.86214
22.8383 31.4026 4.33514
24.7233 33.2086 1.44614

25.7293 36.2976 3.52814
27.7773 34.1086 5.97114
30.1243 32.7916 3.19214
30.9753 36.1886 1.63314

32.2403 37.1476 5.16314
34.7253 34.1746 5.58614

End chain 1
