-13.201 -6.296 -53.957
-10.703 -3.406 -53.291
-9.54 -3.087 -49.639
-11.02 0.322 -48.639
-8.614 1.85 -46.053
-10.787 3.126 -43.162

-9.634 6.195 -41.181
-10.061 4.9 -37.589
-10.286 6.838 -34.306
-12.195 7.103 -30.979
-14.163 9.439 -28.711
-12.619 10.223 -25.263
-14.157 12.207 -22.344

-11.943 15.248 -21.466
-14.301 16.978 -18.949
-17.827 16.65 -17.399
-19.139 18.761 -20.353

-16.752 17.96 -23.312
-15.482 14.956 -25.281
-12.62 14.751 -27.824
-12.437 12.939 -31.204
-8.982 11.264 -31.393
-8.672 10.357 -35.1

-6.282 10.744 -38.079
-6.98 13.557 -40.6
-9.895 13.022 -43.051

-11.208 15.853 -45.293
-14.92 14.856 -45.011
-14.611 14.37 -41.226
-13.015 17.857 -40.827
-15.875 19.254 -42.999
-18.403 17.482 -40.669
-16.559 18.759 -37.515
-16.844 22.341 -38.957

-20.697 21.797 -39.029
-20.861 21.033 -35.24
-22.116 23.933 -33.104
-20.016 23.255 -29.939
-16.791 22.621 -31.971

-13.393 23.436 -30.391
-10.011 22.816 -32.063
-6.805 22.812 -29.99

-3.883 23.919 -32.209
-1.328 22.314 -29.773
-2.753 18.736 -29.691
-4.334 19.137 -33.217

-7.578 17.622 -31.79
-11.313 18.386 -31.995
-13.683 18.544 -28.991
-17.466 19.001 -28.65
-20.131 19.402 -25.91

-21.257 16.038 -24.476
-24.923 16.743 -25.497
-23.731 16.722 -29.178
-22.178 13.179 -28.839
-25.228 11.354 -30.322
-25.57 14.044 -33.093
-21.852 13.682 -34.021
-21.815 9.829 -34.037
-25.045 9.774 -36.128
-23.507 12.176 -38.75
-20.093 10.348 -38.803

-21.793 6.948 -39.527
-22.962 8.546 -42.834
-19.328 9.196 -43.991
-17.677 6.563 -46.261
-14.251 5.2 -45.121

-14.46 6.789 -41.562
-14.765 4.819 -38.279
-15.142 6.964 -35.114
-15.663 4.659 -32.101

-18.218 6.249 -29.657
-17.862 6.903 -25.912
-18.35 3.469 -24.195
-21.794 2.549 -22.772
-20.235 2.829 -19.255
-19.534 6.58 -19.812
-22.964 7.196 -21.431
-24.623 5.531 -18.378
-22.42 7.523 -15.909

-23.028 10.919 -17.654
-26.668 10.153 -18.714
-27.851 13.482 -17.123

-25.214 15.594 -18.963
-26 13.8 -22.296
-29.631 15.147 -21.909

-29.014 18.802 -20.797
-28.522 21.656 -23.337
-27.494 23.803 -20.296
-24.374 24.206 -18.108
-26.03 23.63 -14.722
-23.195 22.587 -12.38
-23.731 19.355 -10.334

-27.219 19.392 -8.694
-26.798 20.208 -4.988
-26.578 17.032 -2.906
-29.814 16.999 -0.82
-29.276 16.946 2.956
-30.305 13.551 4.343

-32.727 13.25 7.268
-30.389 11.851 9.975
-33.077 12.019 12.787
-33.159 8.159 12.923
-29.32 8.149 13.454
-27.82 8.306 16.969

-27.52 12.074 17.913
-23.991 11.509 19.371
-22.796 10.469 15.867
-24.731 13.185 13.93
-23.402 16.008 16.22
-19.738 14.82 15.861

-19.687 14.822 11.995
-17.445 17.587 10.586

-19.106 19.692 7.763
-17.231 17.783 4.996
-18.064 14.402 6.666
-21.796 15.407 6.677
-21.562 16.318 2.947
-19.943 12.855 2.346
-22.788 11.075 4.244
-25.363 13.084 2.191
-23.555 12.165 -1.104
-23.43 8.459 -0.115
-27.196 8.491 0.728
-28.024 10.343 -2.565

-25.973 7.645 -4.472
-28.214 5.048 -2.67
-25.512 3.7 -0.27

-23.352 2.353 -3.174
-19.956 4.118 -3.237
-16.209 4.012 -2.721
-15.295 6.541 0.021

-11.694 7.195 -1.128

-11.135 10.189 1.225
-7.504 10.605 2.377

-6.048 8.715 5.398
-7.361 9.956 8.784
-10.233 12.169 7.374
-12.706 9.981 9.408

-13.844 7.354 6.831
-15.012 5.081 9.734
-17.363 7.714 11.316
-18.876 8.506 7.854
-19.282 4.738 7.09
-21.02 4.042 10.461
-23.415 6.996 9.798
-24.247 5.855 6.195
-24.846 2.277 7.463
-26.955 3.52 10.461
-29.227 5.531 8.078

-29.9 2.058 6.507

-30.384 0.293 9.981
-33.886 -0.857 8.77
-32.05 -2.956 6.062
-29.626 -4.868 8.41
-27.981 -7.413 9.17

-24.774 -5.448 8.488
-21.551 -7.137 7.269
-18.235 -5.328 7.997
-15.132 -6.739 6.223
-11.829 -5.357 7.603

-8.05 -6.016 7.986
-7.416 -8.82 10.567
-5.856 -6.305 13.093
-8.689 -3.64 13.199

-11.758 -5.868 14.003
-11.895 -4.753 17.675
-11.154 -1.102 16.63
-14.365 -1.304 14.506
-16.414 -2.897 17.375
-15.268 -0.08 19.729
-16.109 2.476 16.969
-19.722 1.111 16.76
-20.082 1.14 20.611
-18.596 4.7 20.723
-20.823 6.195 17.978

-24.121 4.191 18.24
-24.851 3.95 22.056
-28.388 2.791 20.948
-26.764 -0.701 20.406
-26.03 -3.285 23.117

-22.632 -5.104 22.857
-24.638 -8.32 22.08
-25.78 -6.667 18.791

-22.091 -6.816 17.576
-20.505 -10.124 16.488
-16.681 -10.041 16.081

-15.702 -13.116 14.035
-12.316 -14.303 15.372
-12.201 -17.837 13.813
-13.405 -19.799 10.735
-15.769 -21.82 13.07
-17.788 -18.808 14.317
-21.352 -17.917 13.159
-21.075 -14.973 10.701
-24.816 -14.102 11.273
-24.919 -14.166 15.127
-25.108 -10.332 15.536
-27.08 -7.466 13.995

-23.588 -6.14 13.038
-21.065 -8.833 11.965
-17.336 -7.898 11.803
-15.009 -10.302 9.887
-11.529 -10.295 8.291

-10.658 -10.74 4.577
-8.757 -14.009 5.375
-11.833 -15.546 7.113
-14.3 -14.769 4.222

-12.926 -17.715 2.14
-13.287 -20.073 5.183
-16.843 -18.74 5.845
-18.014 -18.815 2.139
-20.731 -21.415 3.044
-22.243 -18.836 5.512
-21.955 -15.894 2.989
-25.071 -17.433 1.278
-27.188 -15.451 3.825
-28.094 -12.137 2.052
-26.367 -9.235 3.842
-28.236 -6.215 2.36

-25.704 -3.677 3.792
-21.936 -4.298 3.429
-19.007 -2.145 4.602
-15.517 -3.11 3.36

-12.063 -2.42679 4.62678
-12.5201 1.37927 4.97968

-14.0689 4.52131 3.50599
-12.5583 6.67063 6.25214
-9.11637 5.16926 5.66735
-9.35446 5.83371 1.93309

-7.13846 7.26371 -0.944909
-6.44146 3.79071 -2.50191
-9.49346 1.71671 -3.62691
-7.57446 -1.64829 -3.52891
-6.96646 -1.41629 0.270091

-9.13146 -3.56929 2.60109
-10.1485 -0.422291 4.62209
-11.4125 1.29071 1.41609
-13.1665 -1.89329 0.103091
-15.0415 -2.20529 3.46109
-15.8935 1.56271 3.77709
-17.0455 2.34671 0.184091
-20.2805 0.176709 0.106091
-21.5415 1.91371 3.31009
-20.5845 5.42771 2.04509
-22.4735 4.87371 -1.27691
-25.7285 3.77271 0.533091

-25.6525 6.05571 3.64409
-27.9525 9.15771 3.40509

-25.4065 11.5837 5.00509
-21.5995 11.3527 4.48009
-19.3495 13.7767 6.39909
-15.7255 13.2427 5.28609
-13.0075 15.1787 7.19709

-9.31946 15.7647 6.29009
-6.57846 18.4117 6.68209
-4.87046 17.0007 3.57209
-7.58246 15.4777 1.27709
-4.84346 14.6787 -1.23591
-1.42446 13.7437 0.232091
0.598539 13.9727 -3.04691
-1.54046 13.5147 -6.25491

-5.06646 14.1117 -7.77491
-5.72546 10.3037 -7.99191
-5.98246 10.1817 -4.11391
-9.19946 12.3297 -4.26991
-11.2085 9.85371 -6.41891
-12.4845 7.67371 -3.50491
-13.5615 10.8077 -1.53391
-15.3185 12.2937 -4.64891
-17.3395 9.06171 -5.26691
-18.1255 8.77371 -1.50491
-19.6845 12.3167 -1.48691

-21.1875 12.0457 -5.06291
-21.5725 8.32971 -6.14791
-22.7525 9.44871 -9.67091
-19.5155 11.4097 -10.3989
-16.9175 9.46371 -12.4829
-18.4805 5.91471 -12.1199
-15.1565 4.48271 -13.4619

-11.6815 5.68071 -12.3199
-10.2995 5.67771 -15.9229
-12.4465 8.73271 -16.9209
-11.1455 10.6687 -13.8499
-7.54546 9.50071 -14.5589
-7.60846 10.5377 -18.2749
-8.81846 14.0657 -17.3209
-6.98346 14.8797 -14.0329

-4.09046 12.3487 -13.6549
-2.43146 12.8317 -17.1329
-3.07946 9.12271 -17.7489

-0.502461 7.47571 -20.0799
-0.751461 4.12771 -21.9219
2.52854 2.28471 -21.1649

3.52454 -1.19729 -22.5929
2.47454 -2.76429 -19.2059

-0.881461 -0.871291 -18.7989
-2.04546 2.61171 -17.7049
0.0445393 5.03671 -15.6229

-1.96646 7.50771 -13.4289
0.964539 9.12371 -11.4699
0.633539 12.4507 -13.3629
-1.58546 15.5377 -13.0169
-3.71346 17.5977 -15.4559
-6.46846 20.2927 -15.5339

-6.00846 21.0097 -11.7589
-7.83946 24.4077 -11.8579
-10.9395 22.6317 -13.3149
-10.6145 19.9177 -10.6109
-10.4335 22.6857 -7.91791
-13.6415 24.3237 -9.28691
-15.4745 20.9287 -9.39591
-14.3625 20.1057 -5.80891
-15.4215 23.5037 -4.32191
-18.8235 23.5537 -6.13491
-20.0005 19.9447 -5.59991

-17.7695 17.9427 -3.13391

-15.6365 20.0007 -0.749909
-15.6945 22.8947 1.72109

-12.0915 24.1367 2.25409
-10.7845 27.1377 4.24309
-7.20946 27.9727 5.21709

-5.68346 29.4567 8.44509
-5.07246 32.6607 6.42309
-8.82746 32.9097 5.52309
-10.2675 32.5397 9.08309

-7.45646 33.0347 11.7051
-5.49546 36.2697 10.8741
-4.08146 36.0327 14.4741
-2.07646 32.7647 14.0581

1.72254 33.4587 14.0431
3.47554 32.7247 10.7191

5.13154 29.3547 9.97609
8.74754 30.2027 8.99809
10.2845 27.3127 6.99609
13.9635 26.8147 6.04909
16.3255 24.2057 4.64709
19.3665 23.5107 6.88809
22.1855 21.9567 4.83309

23.9655 19.7557 7.42409
27.6805 19.5747 6.61409

28.6645 16.3437 4.69109
32.2795 16.8147 6.01909
31.2415 14.6227 9.04109

30.2005 11.8337 6.55609
33.3385 9.65271 6.62209

34.8445 8.37971 3.32409
33.5325 4.76171 3.86509
29.9105 5.95971 4.41609
30.1875 8.28971 1.35509
31.6165 5.44471 -0.796909
28.6785 3.22771 0.388091
26.1325 5.96271 -0.609909
27.9295 6.36071 -3.99991
27.8425 2.53471 -4.43091
24.0695 2.22571 -3.68291
23.3815 5.27771 -5.95091
25.3365 3.60171 -8.83791
23.5625 0.288709 -8.04691
20.0655 1.84071 -8.63091
21.1565 3.17171 -12.1019

22.6365 -0.158291 -13.3539
20.8065 -1.25629 -16.5589
20.9475 -5.03629 -16.0239
19.0765 -5.19729 -12.6389
15.5035 -6.42529 -12.1319

12.7075 -4.03829 -10.9779
13.0265 -5.70029 -7.51491
16.8485 -5.24129 -7.22591
16.2975 -1.53929 -8.19691
13.7085 -1.18629 -5.32191
16.0765 -3.00629 -2.88491
19.0255 -0.714291 -3.84191
16.6745 2.32371 -3.38591
15.6595 1.12171 0.138091
19.3745 0.540709 0.945091
20.3445 4.06171 -0.326909
17.5175 5.60071 1.78809
18.4725 3.65171 4.98609
22.2055 4.56871 4.41909
21.1555 8.25871 4.05909
19.5045 8.06971 7.51909
22.6645 6.48871 9.08809
24.9645 9.04971 7.36009
22.9655 12.0237 8.80609
22.9125 10.8277 12.5041
26.1995 12.5807 13.6411
25.2625 16.0137 12.1691
21.5775 15.6587 13.2091
22.9185 15.1107 16.7801
25.3905 18.0537 16.3931
22.4635 20.3047 15.3101
20.1515 19.1527 18.2001
22.9565 19.9207 20.7111
23.6105 23.3707 19.0861
19.8615 24.1677 19.5621
19.9885 23.1567 23.2871
23.3135 25.0217 23.8771

21.6555 28.1007 22.1941
19.1755 28.0857 25.1681
16.0065 26.7887 23.3771
13.3125 25.8357 25.9051
11.0595 23.4867 23.7811

11.2785 21.8917 20.3001
10.1105 18.8157 18.3291
12.4805 16.4537 16.4541
10.8945 14.3867 13.6501
12.5155 11.2317 12.1791

11.1335 7.93071 10.7021
14.0115 5.38671 10.7571

14.1425 3.70271 14.2101
18.0055 3.90471 14.2681
17.7755 7.76171 14.0261
15.1725 7.94671 16.8701
17.3335 5.51171 18.9561
20.5985 7.49371 18.4021
18.9215 10.8727 19.2481
17.3685 9.44371 22.4871
20.7045 7.81071 23.5171
22.6465 11.1137 23.0971
19.9605 13.1267 25.0051
20.1785 10.5357 27.8701
24.0405 10.7597 27.7551

23.7525 14.6147 28.0111
21.0845 14.1827 30.8121
18.5065 16.1427 28.7101
14.9025 15.4557 29.7791

12.8995 14.4647 26.6681
9.81454 12.4967 25.5021
9.73654 9.77971 22.7861
6.73454 8.67871 20.6421

7.00054 5.95671 17.9441
5.16754 2.86071 16.5301
5.74554 0.943709 19.8391
4.31154 3.69271 22.1551
0.798539 2.68771 23.3441
-2.36446 4.78371 22.6881
-2.73746 5.89171 26.3761

1.02054 6.53371 26.9631
1.01154 8.75871 23.7961
-1.54946 11.0907 25.4601
0.299539 11.0357 28.8441
3.73554 11.8237 27.2361
1.99454 14.5927 25.2131
0.660539 16.0807 28.5131
4.13754 15.6977 30.1661
5.78554 17.7137 27.2981
2.93754 20.3137 27.3481
2.86354 20.8777 31.1591

6.49654 20.2147 32.2931
9.08054 22.9967 31.6071
11.8835 20.3687 32.0571
11.0725 18.3647 28.8791
13.0415 20.3457 26.2581

12.8995 17.8217 23.3451
10.1395 15.6507 21.8661
11.6015 12.7887 19.7361
8.74554 11.8787 17.3631
8.17154 9.35071 14.5751

6.85954 11.2467 11.4741
4.43054 8.33671 10.7651
3.36754 7.48771 14.3621
2.88054 11.0817 15.7291
1.15854 12.6107 12.5961
-2.30246 12.1367 14.2841
-4.30046 13.0927 17.4351
-1.53346 14.8587 19.4301
-1.08446 18.6307 20.1151
2.36854 20.1737 20.8241
1.53154 23.9087 21.2701
4.24154 24.2407 24.0231
7.02554 24.1757 21.3501
7.90954 26.9807 18.8531

10.3565 24.9037 16.7111
10.0475 21.7397 14.5691
13.2145 19.9727 13.2841
12.8375 17.3397 10.5401

15.9975 15.2167 10.9841
14.7885 13.1967 7.95309
12.7775 13.9997 4.80509
9.58454 12.0347 4.00909
8.49854 11.4807 0.342091
4.85254 12.4527 1.08709

4.31254 16.2297 1.73509
0.839539 15.6817 3.29809
2.54054 13.8147 6.21809
5.15954 16.6107 6.63309
2.32254 19.2387 6.78709
0.442539 16.9987 9.32209
3.62054 16.9917 11.5021
4.09454 20.8427 11.2701

0.396539 21.3177 12.2881
1.07054 19.4707 15.5721
2.69154 22.7507 16.8371
0.759539 25.2727 14.6921
-2.62446 24.7797 16.5161
-5.16446 26.9537 18.3991
-3.24046 27.8957 21.5961
0.0675393 28.6677 19.7741
1.29654 32.2677 20.4881
4.81854 32.1987 18.8751
5.92154 32.1617 15.1891

6.54354 28.4807 14.3661
10.0335 27.6597 13.0341
10.2955 24.6087 10.6991
13.8565 23.3567 9.95809
14.3605 20.6727 7.24609
17.7805 18.9777 7.75409
19.3135 17.9617 4.35109

22.7025 16.4617 3.32909
24.4035 16.9807 -0.0999089
25.5095 13.6157 -1.62391
22.4865 11.6407 -0.205909
18.8145 10.6407 -0.831909

17.8025 14.2247 0.247091
19.1215 15.5687 -3.13691
16.3415 13.5607 -4.94691
13.6425 13.6377 -2.21291
13.6065 17.4517 -1.79291
12.7955 18.2937 -5.50691
10.2105 15.4067 -5.45691
8.50154 16.8437 -2.31291
8.51454 20.3567 -3.92991
6.82154 19.2737 -7.21191
4.22054 17.3487 -5.09691
3.37854 20.4837 -2.97791
3.01854 22.4757 -6.24991
0.545539 19.8307 -7.61491
-1.37646 20.0967 -4.28291
-1.36146 23.9607 -4.44691
-2.58846 24.0447 -8.11691

-5.46146 21.7227 -6.99991
-6.26146 24.2647 -4.15491
-5.18546 21.6637 -1.51091
-2.16546 23.5707 -0.0349089
-0.990461 27.1857 0.537091
2.46754 25.7467 1.27209
4.94154 26.8827 -1.37291
8.38154 25.2107 -0.899909
10.2665 27.0167 -3.78891

11.2725 30.1057 -1.70691
13.3205 27.9167 0.736091
15.6675 26.5997 -2.04291
16.5185 29.9967 -3.60191

17.7835 30.9557 -0.0719089
20.2685 27.9827 0.351091

End chain 1
