-13.201 -6.296 -53.957
-10.703 -3.406 -53.291
-9.54 -3.087 -49.639
-11.02 0.322 -48.639
-8.614 1.85 -46.053
-10.787 3.126 -43.162

-9.634 6.195 -41.181
-10.061 4.9 -37.589
-10.286 6.838 -34.306
-12.195 7.103 -30.979
-14.163 9.439 -28.711
-12.619 10.223 -25.263
-14.157 12.207 -22.344

-11.943 15.248 -21.466
-14.301 16.978 -18.949
-17.827 16.65 -17.399
-19.139 18.761 -20.353

-16.752 17.96 -23.312
-15.482 14.956 -25.281
-12.62 14.751 -27.824
-12.437 12.939 -31.204
-8.982 11.264 -31.393
-8.672 10.357 -35.1

-6.282 10.744 -38.079
-6.98 13.557 -40.6
-9.895 13.022 -43.051

-11.208 15.853 -45.293
-14.92 14.856 -45.011
-14.611 14.37 -41.226
-13.015 17.857 -40.827
-15.875 19.254 -42.999
-18.403 17.482 -40.669
-16.559 18.759 -37.515
-16.844 22.341 -38.957

-20.697 21.797 -39.029
-20.861 21.033 -35.24
-22.116 23.933 -33.104
-20.016 23.255 -29.939
-16.791 22.621 -31.971

-13.393 23.436 -30.391
-10.011 22.816 -32.063
-6.805 22.812 -29.99

-3.883 23.919 -32.209
-1.328 22.314 -29.773
-2.753 18.736 -29.691
-4.334 19.137 -33.217

-7.578 17.622 -31.79
-11.313 18.386 -31.995
-13.683 18.544 -28.991
-17.466 19.001 -28.65
-20.131 19.402 -25.91

-21.257 16.038 -24.476
-24.923 16.743 -25.497
-23.731 16.722 -29.178
-22.178 13.179 -28.839
-25.228 11.354 -30.322
-25.57 14.044 -33.093
-21.852 13.682 -34.021
-21.815 9.829 -34.037
-25.045 9.774 -36.128
-23.507 12.176 -38.75
-20.093 10.348 -38.803

-21.793 6.948 -39.527
-22.962 8.546 -42.834
-19.328 9.196 -43.991
-17.677 6.563 -46.261
-14.251 5.2 -45.121

-14.46 6.789 -41.562
-14.765 4.819 -38.279
-15.142 6.964 -35.114
-15.663 4.659 -32.101

-18.218 6.249 -29.657
-17.862 6.903 -25.912
-18.35 3.469 -24.195
-21.794 2.549 -22.772
-20.235 2.829 -19.255
-19.534 6.58 -19.812
-22.964 7.196 -21.431
-24.623 5.531 -18.378
-22.42 7.523 -15.909

-23.028 10.919 -17.654
-26.668 10.153 -18.714
-27.851 13.482 -17.123

-25.214 15.594 -18.963
-26 13.8 -22.296
-29.631 15.147 -21.909

-29.014 18.802 -20.797
-28.522 21.656 -23.337
-27.494 23.803 -20.296
-24.374 24.206 -18.108
-26.03 23.63 -14.722
-23.195 22.587 -12.38
-23.731 19.355 -10.334

-27.219 19.392 -8.694
-26.798 20.208 -4.988
-26.578 17.032 -2.906
-29.814 16.999 -0.82
-29.276 16.946 2.956
-30.305 13.551 4.343

-32.727 13.25 7.268
-30.389 11.851 9.975
-33.077 12.019 12.787
-33.159 8.159 12.923
-29.32 8.149 13.454
-27.82 8.306 16.969

-27.52 12.074 17.913
-23.991 11.509 19.371
-22.796 10.469 15.867
-24.731 13.185 13.93
-23.402 16.008 16.22
-19.738 14.82 15.861

-19.687 14.822 11.995
-17.445 17.587 10.586

-19.106 19.692 7.763
-17.231 17.783 4.996
-18.064 14.402 6.666
-21.796 15.407 6.677
-21.562 16.318 2.947
-19.943 12.855 2.346
-22.788 11.075 4.244
-25.363 13.084 2.191
-23.555 12.165 -1.104
-23.43 8.459 -0.115
-27.196 8.491 0.728
-28.024 10.343 -2.565

-25.973 7.645 -4.472
-28.214 5.048 -2.67
-25.512 3.7 -0.27

-23.352 2.353 -3.174
-19.956 4.118 -3.237
-16.209 4.012 -2.721
-15.295 6.541 0.021

-11.694 7.195 -1.128

-11.135 10.189 1.225
-7.504 10.605 2.377

-6.048 8.715 5.398
-7.361 9.956 8.784
-10.233 12.169 7.374
-12.706 9.981 9.408

-13.844 7.354 6.831
-15.012 5.081 9.734
-17.363 7.714 11.316
-18.876 8.506 7.854
-19.282 4.738 7.09
-21.02 4.042 10.461
-23.415 6.996 9.798
-24.247 5.855 6.195
-24.846 2.277 7.463
-26.955 3.52 10.461
-29.227 5.531 8.078

-29.9 2.058 6.507

-30.384 0.293 9.981
-33.886 -0.857 8.77
-32.05 -2.956 6.062
-29.626 -4.868 8.41
-27.981 -7.413 9.17

-24.774 -5.448 8.488
-21.551 -7.137 7.269
-18.235 -5.328 7.997
-15.132 -6.739 6.223
-11.829 -5.357 7.603

-8.05 -6.016 7.986
-7.416 -8.82 10.567
-5.856 -6.305 13.093
-8.689 -3.64 13.199

-11.758 -5.868 14.003
-11.895 -4.753 17.675
-11.154 -1.102 16.63
-14.365 -1.304 14.506
-16.414 -2.897 17.375
-15.268 -0.08 19.729
-16.109 2.476 16.969
-19.722 1.111 16.76
-20.082 1.14 20.611
-18.596 4.7 20.723
-20.823 6.195 17.978

-24.121 4.191 18.24
-24.851 3.95 22.056
-28.388 2.791 20.948
-26.764 -0.701 20.406
-26.03 -3.285 23.117

-22.632 -5.104 22.857
-24.638 -8.32 22.08
-25.78 -6.667 18.791

-22.091 -6.816 17.576
-20.505 -10.124 16.488
-16.681 -10.041 16.081

-15.702 -13.116 14.035
-12.316 -14.303 15.372
-12.201 -17.837 13.813
-13.405 -19.799 10.735
-15.769 -21.82 13.07
-17.788 -18.808 14.317
-21.352 -17.917 13.159
-21.075 -14.973 10.701
-24.816 -14.102 11.273
-24.919 -14.166 15.127
-25.108 -10.332 15.536
-27.08 -7.466 13.995

-23.588 -6.14 13.038
-21.065 -8.833 11.965
-17.336 -7.898 11.803
-15.009 -10.302 9.887
-11.529 -10.295 8.291

-10.658 -10.74 4.577
-8.757 -14.009 5.375
-11.833 -15.546 7.113
-14.3 -14.769 4.222

-12.291 -13.046 1.61521
-10.2035 -11.2335 -0.967438
-7.07451 -9.24218 -0.807728
-8.51662 -5.78559 -0.565416
-10.7552 -3.28021 -2.4349
-9.77919 0.316528 -1.36399
-6.07676 -0.779822 -0.867344
-2.6465 -2.52272 -0.339527
-2.22539 -0.837213 3.03676
0.7427 -0.814015 5.46352
4.04125 0.502262 4.12726
3.91207 3.69765 6.19519

3.57775 6.3053 8.92323
1.56284 7.15007 11.973
1.31314 7.06261 15.7624
-1.27059 9.6748 16.7402

1.58441 11.5478 18.4392
4.90541 11.9198 16.5312

3.18041 10.4328 13.4112
6.48141 10.5778 11.4122
6.99441 7.0428 12.9242
4.47241 5.9188 10.2042

6.68841 7.3488 7.3262
7.38541 3.8758 5.7692
4.33341 1.8018 4.6442
6.25241 -1.5632 4.7422
6.86041 -1.3312 8.5412

4.69541 -3.4842 10.8722
3.67841 -0.337202 12.8932
2.41441 1.3758 9.6872
0.660412 -1.8082 8.3742
-1.21459 -2.1202 11.7322
-2.06659 1.6478 12.0482
-3.21859 2.4318 8.4552
-6.45359 0.261798 8.3772
-7.71459 1.9988 11.5812
-6.75759 5.5128 10.3162
-8.64659 4.9588 6.9942
-11.9016 3.8578 8.8042

-11.8256 6.1408 11.9152
-14.1256 9.2428 11.6762

-11.5796 11.6688 13.2762
-7.77259 11.4378 12.7512
-5.52259 13.8618 14.6702
-1.89859 13.3278 13.5572
0.819412 15.2638 15.4682

4.50741 15.8498 14.5612
7.24841 18.4968 14.9532
8.95641 17.0858 11.8432
6.24441 15.5628 9.5482
8.98341 14.7638 7.0352
12.4024 13.8288 8.5032
14.4254 14.0578 5.2242
12.2864 13.5998 2.0162

8.76041 14.1968 0.496203
8.10141 10.3888 0.279203
7.84441 10.2668 4.1572
4.62741 12.4148 4.0012
2.61841 9.9388 1.8522
1.34241 7.7588 4.7662
0.265412 10.8928 6.7372
-1.49159 12.3788 3.6222
-3.51259 9.1468 3.0042
-4.29859 8.8588 6.7662
-5.85759 12.4018 6.7842

-7.36059 12.1308 3.2082
-7.74559 8.4148 2.1232
-8.92559 9.5338 -1.3998
-5.68859 11.4948 -2.1278
-3.09059 9.5488 -4.2118
-4.65359 5.9998 -3.8488
-1.32959 4.5678 -5.1908

2.14541 5.7658 -4.0488
3.52741 5.7628 -7.6518
1.38041 8.8178 -8.6498
2.68141 10.7538 -5.5788
6.28141 9.5858 -6.2878
6.21841 10.6228 -10.0038
5.00841 14.1508 -9.0498
6.84341 14.9648 -5.7618

9.73641 12.4338 -5.3838
11.3954 12.9168 -8.8618
10.7474 9.2078 -9.4778

13.3244 7.5608 -11.8088
13.0754 4.2128 -13.6508
16.3554 2.3698 -12.8938

17.3514 -1.1122 -14.3218
16.3014 -2.6792 -10.9348

12.9454 -0.786202 -10.5278
11.7814 2.6968 -9.4338
13.8714 5.1218 -7.3518

11.8604 7.5928 -5.1578
14.7914 9.2088 -3.1988
14.4604 12.5358 -5.0918
12.2414 15.6228 -4.7458
10.1134 17.6828 -7.1848
7.35841 20.3778 -7.2628

7.81841 21.0948 -3.4878
5.98741 24.4928 -3.5868
2.88741 22.7168 -5.0438
3.21241 20.0028 -2.3398
3.39341 22.7708 0.353203
0.185412 24.4088 -1.0158
-1.64759 21.0138 -1.1248
-0.535588 20.1908 2.4622
-1.59459 23.5888 3.9492
-4.99659 23.6388 2.1362
-6.17359 20.0298 2.6712

-3.94259 18.0278 5.1372

-1.80959 20.0858 7.5212
-1.86759 22.9798 9.9922

1.73541 24.2218 10.5252
3.04241 27.2228 12.5142
6.61741 28.0578 13.4882

8.14341 29.5418 16.7162
8.75441 32.7458 14.6942
4.99941 32.9948 13.7942
3.55941 32.6248 17.3542

6.37041 33.1198 19.9762
8.33141 36.3548 19.1452
9.74541 36.1178 22.7452
11.7504 32.8498 22.3292

15.5494 33.5438 22.3142
17.3024 32.8098 18.9902

18.9584 29.4398 18.2472
22.5744 30.2878 17.2692
24.1114 27.3978 15.2672
27.7904 26.8998 14.3202
30.1524 24.2908 12.9182
33.1934 23.5958 15.1592
36.0124 22.0418 13.1042

37.7924 19.8408 15.6952
41.5074 19.6598 14.8852

42.4914 16.4288 12.9622
46.1064 16.8998 14.2902
45.0684 14.7078 17.3122

44.0274 11.9188 14.8272
47.1654 9.7378 14.8932

48.6714 8.4648 11.5952
47.3594 4.8468 12.1362
43.7374 6.0448 12.6872
44.0144 8.3748 9.6262
45.4434 5.5298 7.4742
42.5054 3.3128 8.6592
39.9594 6.0478 7.6612
41.7564 6.4458 4.2712
41.6694 2.6198 3.8402
37.8964 2.3108 4.5882
37.2084 5.3628 2.3202
39.1634 3.6868 -0.566797
37.3894 0.373798 0.224203
33.8924 1.9258 -0.359797
34.9834 3.2568 -3.8308

36.4634 -0.0732017 -5.0828
34.6334 -1.1712 -8.2878
34.7744 -4.9512 -7.7528
32.9034 -5.1122 -4.3678
29.3304 -6.3402 -3.8608

26.5344 -3.9532 -2.7068
26.8534 -5.6152 0.756203
30.6754 -5.1562 1.0452
30.1244 -1.4542 0.0742031
27.5354 -1.1012 2.9492
29.9034 -2.9212 5.3862
32.8524 -0.629202 4.4292
30.5014 2.4088 4.8852
29.4864 1.2068 8.4092
33.2014 0.625798 9.2162
34.1714 4.1468 7.9442
31.3444 5.6858 10.0592
32.2994 3.7368 13.2572
36.0324 4.6538 12.6902
34.9824 8.3438 12.3302
33.3314 8.1548 15.7902
36.4914 6.5738 17.3592
38.7914 9.1348 15.6312
36.7924 12.1088 17.0772
36.7394 10.9128 20.7752
40.0264 12.6658 21.9122
39.0894 16.0988 20.4402
35.4044 15.7438 21.4802
36.7454 15.1958 25.0512
39.2174 18.1388 24.6642
36.2904 20.3898 23.5812
33.9784 19.2378 26.4712
36.7834 20.0058 28.9822
37.4374 23.4558 27.3572
33.6884 24.2528 27.8332
33.8154 23.2418 31.5582
37.1404 25.1068 32.1482

35.4824 28.1858 30.4652
33.0024 28.1708 33.4392
29.8334 26.8738 31.6482
27.1394 25.9208 34.1762
24.8864 23.5718 32.0522

25.1054 21.9768 28.5712
23.9374 18.9008 26.6002
26.3074 16.5388 24.7252
24.7214 14.4718 21.9212
26.3424 11.3168 20.4502

24.9604 8.0158 18.9732
27.8384 5.4718 19.0282

27.9694 3.7878 22.4812
31.8324 3.9898 22.5392
31.6024 7.8468 22.2972
28.9994 8.0318 25.1412
31.1604 5.5968 27.2272
34.4254 7.5788 26.6732
32.7484 10.9578 27.5192
31.1954 9.5288 30.7582
34.5314 7.8958 31.7882
36.4734 11.1988 31.3682
33.7874 13.2118 33.2762
34.0054 10.6208 36.1412
37.8674 10.8448 36.0262

37.5794 14.6998 36.2822
34.9114 14.2678 39.0832
32.3334 16.2278 36.9812
28.7294 15.5408 38.0502

26.7264 14.5498 34.9392
23.6414 12.5818 33.7732
23.5634 9.8648 31.0572
20.5614 8.7638 28.9132

20.8274 6.0418 26.2152
18.9944 2.9458 24.8012
19.5724 1.0288 28.1102
18.1384 3.7778 30.4262
14.6254 2.7728 31.6152
11.4624 4.8688 30.9592
11.0894 5.9768 34.6472

14.8474 6.6188 35.2342
14.8384 8.8438 32.0672
12.2774 11.1758 33.7312
14.1264 11.1208 37.1152
17.5624 11.9088 35.5072
15.8214 14.6778 33.4842
14.4874 16.1658 36.7842
17.9644 15.7828 38.4372
19.6124 17.7988 35.5692
16.7644 20.3988 35.6192
16.6904 20.9628 39.4302

20.3234 20.2998 40.5642
22.9074 23.0818 39.8782
25.7104 20.4538 40.3282
24.8994 18.4498 37.1502
26.8684 20.4308 34.5292

26.7264 17.9068 31.6162
23.9664 15.7358 30.1372
25.4284 12.8738 28.0072
22.5724 11.9638 25.6342
21.9984 9.4358 22.8462

20.6864 11.3318 19.7452
18.2574 8.4218 19.0362
17.1944 7.5728 22.6332
16.7074 11.1668 24.0002
14.9854 12.6958 20.8672
11.5244 12.2218 22.5552
9.52641 13.1778 25.7062
12.2934 14.9438 27.7012
12.7424 18.7158 28.3862
16.1954 20.2588 29.0952
15.3584 23.9938 29.5412
18.0684 24.3258 32.2942
20.8524 24.2608 29.6212
21.7364 27.0658 27.1242

24.1834 24.9888 24.9822
23.8744 21.8248 22.8402
27.0414 20.0578 21.5552
26.6644 17.4248 18.8112

29.8244 15.3018 19.2552
28.6154 13.2818 16.2242
26.6044 14.0848 13.0762
23.4114 12.1198 12.2802
22.3254 11.5658 8.6132
18.6794 12.5378 9.3582

18.1394 16.3148 10.0062
14.6664 15.7668 11.5692
16.3674 13.8998 14.4892
18.9864 16.6958 14.9042
16.1494 19.3238 15.0582
14.2694 17.0838 17.5932
17.4474 17.0768 19.7732
17.9214 20.9278 19.5412

14.2234 21.4028 20.5592
14.8974 19.5558 23.8432
16.5184 22.8358 25.1082
14.5864 25.3578 22.9632
11.2024 24.8648 24.7872
8.66241 27.0388 26.6702
10.5864 27.9808 29.8672
13.8944 28.7528 28.0452
15.1234 32.3528 28.7592
18.6454 32.2838 27.1462
19.7484 32.2468 23.4602

20.3704 28.5658 22.6372
23.8604 27.7448 21.3052
24.1224 24.6938 18.9702
27.6834 23.4418 18.2292
28.1874 20.7578 15.5172
31.6074 19.0628 16.0252
33.1404 18.0468 12.6222

36.5294 16.5468 11.6002
38.2304 17.0658 8.1712
39.3364 13.7008 6.6472
36.3134 11.7258 8.0652
32.6414 10.7258 7.4392

31.6294 14.3098 8.5182
32.9484 15.6538 5.1342
30.1684 13.6458 3.3242
27.4694 13.7228 6.0582
27.4334 17.5368 6.4782
26.6224 18.3788 2.7642
24.0374 15.4918 2.8142
22.3284 16.9288 5.9582
22.3414 20.4418 4.3412
20.6484 19.3588 1.0592
18.0474 17.4338 3.1742
17.2054 20.5688 5.2932
16.8454 22.5608 2.0212
14.3724 19.9158 0.656203
12.4504 20.1818 3.9882
12.4654 24.0458 3.8242
11.2384 24.1298 0.154203

8.36541 21.8078 1.2712
7.56541 24.3498 4.1162
8.64141 21.7488 6.7602
11.6614 23.6558 8.2362
12.8364 27.2708 8.8082
16.2944 25.8318 9.5432
18.7684 26.9678 6.8982
22.2084 25.2958 7.3712
24.0934 27.1018 4.4822

25.0994 30.1908 6.5642
27.1474 28.0018 9.0072
29.4944 26.6848 6.2282
30.3454 30.0818 4.6692

31.6104 31.0408 8.1992
34.0954 28.0678 8.6222

End chain 1
