-13.201 -6.296 -53.957
-10.703 -3.406 -53.291
-9.54 -3.087 -49.639
-11.02 0.322 -48.639
-8.614 1.85 -46.053
-10.787 3.126 -43.162

-9.634 6.195 -41.181
-10.061 4.9 -37.589
-10.286 6.838 -34.306
-12.195 7.103 -30.979
-14.163 9.439 -28.711
-12.619 10.223 -25.263
-14.157 12.207 -22.344

-11.943 15.248 -21.466
-14.301 16.978 -18.949
-17.827 16.65 -17.399
-19.139 18.761 -20.353

-16.752 17.96 -23.312
-15.482 14.956 -25.281
-12.62 14.751 -27.824
-12.437 12.939 -31.204
-8.982 11.264 -31.393
-8.672 10.357 -35.1

-6.282 10.744 -38.079
-6.98 13.557 -40.6
-9.895 13.022 -43.051

-11.208 15.853 -45.293
-14.92 14.856 -45.011
-14.611 14.37 -41.226
-13.015 17.857 -40.827
-15.875 19.254 -42.999
-18.403 17.482 -40.669
-16.559 18.759 -37.515
-16.844 22.341 -38.957

-20.697 21.797 -39.029
-20.861 21.033 -35.24
-22.116 23.933 -33.104
-20.016 23.255 -29.939
-16.791 22.621 -31.971

-13.393 23.436 -30.391
-10.011 22.816 -32.063
-6.805 22.812 -29.99

-3.883 23.919 -32.209
-1.328 22.314 -29.773
-2.753 18.736 -29.691
-4.334 19.137 -33.217

-7.578 17.622 -31.79
-11.313 18.386 -31.995
-13.683 18.544 -28.991
-17.466 19.001 -28.65
-20.131 19.402 -25.91

-21.257 16.038 -24.476
-24.923 16.743 -25.497
-23.731 16.722 -29.178
-22.178 13.179 -28.839
-25.228 11.354 -30.322
-25.57 14.044 -33.093
-21.852 13.682 -34.021
-21.815 9.829 -34.037
-25.045 9.774 -36.128
-23.507 12.176 -38.75
-20.093 10.348 -38.803

-21.793 6.948 -39.527
-22.962 8.546 -42.834
-19.328 9.196 -43.991
-17.677 6.563 -46.261
-14.251 5.2 -45.121

-14.46 6.789 -41.562
-14.765 4.819 -38.279
-15.142 6.964 -35.114
-15.663 4.659 -32.101

-18.218 6.249 -29.657
-17.862 6.903 -25.912
-18.35 3.469 -24.195
-21.794 2.549 -22.772
-20.235 2.829 -19.255
-19.534 6.58 -19.812
-22.964 7.196 -21.431
-24.623 5.531 -18.378
-22.42 7.523 -15.909

-23.028 10.919 -17.654
-26.668 10.153 -18.714
-27.851 13.482 -17.123

-25.214 15.594 -18.963
-26 13.8 -22.296
-29.631 15.147 -21.909

-29.014 18.802 -20.797
-28.522 21.656 -23.337
-27.494 23.803 -20.296
-24.374 24.206 -18.108
-26.03 23.63 -14.722
-23.195 22.587 -12.38
-23.731 19.355 -10.334

-27.219 19.392 -8.694
-26.798 20.208 -4.988
-26.578 17.032 -2.906
-29.814 16.999 -0.82
-29.276 16.946 2.956
-30.305 13.551 4.343

-32.727 13.25 7.268
-30.389 11.851 9.975
-33.077 12.019 12.787
-33.159 8.159 12.923
-29.32 8.149 13.454
-27.82 8.306 16.969

-27.52 12.074 17.913
-23.991 11.509 19.371
-22.796 10.469 15.867
-24.731 13.185 13.93
-23.402 16.008 16.22
-19.738 14.82 15.861

-19.687 14.822 11.995
-17.445 17.587 10.586

-19.106 19.692 7.763
-17.231 17.783 4.996
-18.064 14.402 6.666
-21.796 15.407 6.677
-21.562 16.318 2.947
-19.943 12.855 2.346
-22.788 11.075 4.244
-25.363 13.084 2.191
-23.555 12.165 -1.104
-23.43 8.459 -0.115
-27.196 8.491 0.728
-28.024 10.343 -2.565

-25.973 7.645 -4.472
-28.214 5.048 -2.67
-25.512 3.7 -0.27

-23.352 2.353 -3.174
-19.956 4.118 -3.237
-16.209 4.012 -2.721
-15.295 6.541 0.021

-11.694 7.195 -1.128

-11.135 10.189 1.225
-7.504 10.605 2.377

-7.85668 10.6689 -1.46822
-7.6814 10.6152 -5.22848
-6.28435 11.0173 -8.7358
-5.60484 7.39553 -8.27819

-3.1732 6.41229 -11.0283
-1.68029 3.67035 -8.86134
-5.12896 2.2814 -8.0737
-6.051 2.21639 -11.76
-2.84335 0.372959 -12.6292
-3.48936 -2.22294 -9.92982
-7.02673 -2.79863 -11.1941
-5.78135 -3.27101 -14.7535
-3.18147 -5.7968 -13.6116
-5.79959 -7.76606 -11.6853
-8.09548 -7.86075 -14.7124

-8.76848 -11.3337 -16.2834

-9.25248 -13.0987 -12.8094
-12.7545 -14.2487 -14.0204
-10.9185 -16.3477 -16.7284
-8.49448 -18.2597 -14.3804
-6.84948 -20.8047 -13.6204

-3.64248 -18.8397 -14.3024
-0.419484 -20.5287 -15.5214
2.89652 -18.7197 -14.7934
5.99952 -20.1307 -16.5674
9.30252 -18.7487 -15.1874

13.0815 -19.4077 -14.8044
13.7155 -22.2117 -12.2234
15.2755 -19.6967 -9.69736
12.4425 -17.0317 -9.59136

9.37352 -19.2597 -8.78736
9.23652 -18.1447 -5.11536
9.97752 -14.4937 -6.16036
6.76652 -14.6957 -8.28436
4.71752 -16.2887 -5.41536
5.86352 -13.4717 -3.06136
5.02252 -10.9157 -5.82136
1.40952 -12.2807 -6.03036
1.04952 -12.2517 -2.17936
2.53552 -8.69175 -2.06736
0.308516 -7.19675 -4.81236

-2.98948 -9.20075 -4.55036
-3.71948 -9.44175 -0.734361
-7.25648 -10.6007 -1.84236
-5.63248 -14.0927 -2.38436
-4.89848 -16.6767 0.326639

-1.50048 -18.4957 0.0666392
-3.50648 -21.7117 -0.710361
-4.64848 -20.0587 -3.99936

-0.959484 -20.2077 -5.21436
0.626516 -23.5157 -6.30236
4.45052 -23.4327 -6.70936

5.42952 -26.5077 -8.75536
8.81552 -27.6947 -7.41836
8.93052 -31.2287 -8.97736
7.72652 -33.1907 -12.0554
5.36252 -35.2117 -9.72036
3.34352 -32.1997 -8.47336
-0.220484 -31.3087 -9.63136
0.0565159 -28.3647 -12.0894
-3.68448 -27.4937 -11.5174
-3.78748 -27.5577 -7.66336
-3.97648 -23.7237 -7.25436
-5.94848 -20.8577 -8.79536

-2.45648 -19.5317 -9.75236
0.0665159 -22.2247 -10.8254
3.79552 -21.2897 -10.9874
6.12252 -23.6937 -12.9034
9.60252 -23.6867 -14.4994

10.4735 -24.1317 -18.2134
12.3745 -27.4007 -17.4154
9.29852 -28.9377 -15.6774
6.83152 -28.1607 -18.5684

8.20552 -31.1067 -20.6504
7.84452 -33.4647 -17.6074
4.28852 -32.1317 -16.9454
3.11752 -32.2067 -20.6514
0.400516 -34.8067 -19.7464
-1.11148 -32.2277 -17.2784
-0.823484 -29.2857 -19.8014
-3.93948 -30.8247 -21.5124
-6.05648 -28.8427 -18.9654
-6.96248 -25.5287 -20.7384
-5.23548 -22.6267 -18.9484
-7.10448 -19.6067 -20.4304

-4.57248 -17.0687 -18.9984
-0.804484 -17.6897 -19.3614
2.12452 -15.5367 -18.1884
5.61452 -16.5017 -19.4304

8.46952 -14.6287 -17.7314
11.7905 -14.2567 -19.6394

10.0655 -15.7437 -22.7594
13.3665 -15.5987 -24.7584
13.8795 -19.1337 -23.2464
11.3575 -20.2577 -25.9664

13.5735 -18.8277 -28.8444
14.2705 -22.3007 -30.4014
11.2185 -24.3747 -31.5264
13.1375 -27.7397 -31.4284
13.7455 -27.5077 -27.6294

11.5805 -29.6607 -25.2984
10.5635 -26.5137 -23.2774
9.29952 -24.8007 -26.4834
7.54552 -27.9847 -27.7964
5.67052 -28.2967 -24.4384
4.81852 -24.5287 -24.1224
3.66652 -23.7447 -27.7154
0.431516 -25.9147 -27.7934
-0.829484 -24.1777 -24.5894
0.127516 -20.6637 -25.8544
-1.76148 -21.2177 -29.1764
-5.01648 -22.3187 -27.3664

-4.94048 -20.0357 -24.2554
-7.24048 -16.9337 -24.4944

-4.69448 -14.5077 -22.8944
-0.887484 -14.7387 -23.4194
1.36252 -12.3147 -21.5004
4.98652 -12.8487 -22.6134
7.70452 -10.9127 -20.7024

11.3925 -10.3267 -21.6094
14.1335 -7.67975 -21.2174
15.8415 -9.09075 -24.3274
13.1295 -10.6137 -26.6224
15.8685 -11.4127 -29.1354
19.2875 -12.3477 -27.6674
21.3105 -12.1187 -30.9464
19.1715 -12.5767 -34.1544

15.6455 -11.9797 -35.6744
14.9865 -15.7877 -35.8914
14.7295 -15.9097 -32.0134
11.5125 -13.7617 -32.1694
9.50352 -16.2377 -34.3184
8.22752 -18.4177 -31.4044
7.15052 -15.2837 -29.4334
5.39352 -13.7977 -32.5484
3.37252 -17.0297 -33.1664
2.58652 -17.3177 -29.4044
1.02752 -13.7747 -29.3864

-0.475484 -14.0457 -32.9624
-0.860484 -17.7617 -34.0474
-2.04048 -16.6427 -37.5704
1.19652 -14.6817 -38.2984
3.79452 -16.6277 -40.3824
2.23152 -20.1767 -40.0194
5.55552 -21.6087 -41.3614

9.03052 -20.4107 -40.2194
10.4125 -20.4137 -43.8224
8.26552 -17.3587 -44.8204
9.56652 -15.4227 -41.7494
13.1665 -16.5907 -42.4584
13.1035 -15.5537 -46.1744
11.8935 -12.0257 -45.2204
13.7285 -11.2117 -41.9324

16.6215 -13.7427 -41.5544
18.2805 -13.2597 -45.0324
17.6325 -16.9687 -45.6484

20.2095 -18.6157 -47.9794
19.9605 -21.9637 -49.8214
23.2405 -23.8067 -49.0644

24.2365 -27.2887 -50.4924
23.1865 -28.8557 -47.1054

19.8305 -26.9627 -46.6984
18.6665 -23.4797 -45.6044
20.7565 -21.0547 -43.5224

18.7455 -18.5837 -41.3284
21.6765 -16.9677 -39.3694
21.3455 -13.6407 -41.2624
19.1265 -10.5537 -40.9164
16.9985 -8.49375 -43.3554
14.2435 -5.79875 -43.4334

14.7035 -5.08175 -39.6584
12.8725 -1.68375 -39.7574
9.77252 -3.45975 -41.2144
10.0975 -6.17375 -38.5104
10.2785 -3.40575 -35.8174
7.07052 -1.76775 -37.1864
5.23752 -5.16275 -37.2954
6.34952 -5.98575 -33.7084
5.29052 -2.58775 -32.2214
1.88852 -2.53775 -34.0344
0.711516 -6.14675 -33.4994

2.94252 -8.14875 -31.0334

5.07552 -6.09075 -28.6494
5.01752 -3.19675 -26.1784

8.62052 -1.95475 -25.6454
9.92752 1.04625 -23.6564
13.5025 1.88125 -22.6824

15.0285 3.36525 -19.4544
15.6395 6.56925 -21.4764
11.8845 6.81825 -22.3764
10.4445 6.44825 -18.8164

13.2555 6.94325 -16.1944
15.2165 10.1783 -17.0254
16.6305 9.94125 -13.4254
18.6355 6.67325 -13.8414

22.4345 7.36725 -13.8564
24.1875 6.63325 -17.1804

25.8435 3.26325 -17.9234
29.4595 4.11125 -18.9014
30.9965 1.22125 -20.9034
34.6755 0.723254 -21.8504
37.0375 -1.88575 -23.2524
40.0785 -2.58075 -21.0114
42.8975 -4.13475 -23.0664

44.6775 -6.33575 -20.4754
48.3925 -6.51675 -21.2854

49.3765 -9.74775 -23.2084
52.9915 -9.27675 -21.8804
51.9535 -11.4687 -18.8584

50.9125 -14.2577 -21.3434
54.0505 -16.4387 -21.2774

55.5565 -17.7117 -24.5754
54.2445 -21.3297 -24.0344
50.6225 -20.1317 -23.4834
50.8995 -17.8017 -26.5444
52.3285 -20.6467 -28.6964
49.3905 -22.8637 -27.5114
46.8445 -20.1287 -28.5094
48.6415 -19.7307 -31.8994
48.5545 -23.5567 -32.3304
44.7815 -23.8657 -31.5824
44.0935 -20.8137 -33.8504
46.0485 -22.4897 -36.7374
44.2745 -25.8027 -35.9464
40.7775 -24.2507 -36.5304
41.8685 -22.9197 -40.0014

43.3485 -26.2497 -41.2534
41.5185 -27.3477 -44.4584
41.6595 -31.1277 -43.9234
39.7885 -31.2887 -40.5384
36.2155 -32.5167 -40.0314

33.4195 -30.1297 -38.8774
33.7385 -31.7917 -35.4144
37.5605 -31.3327 -35.1254
37.0095 -27.6307 -36.0964
34.4205 -27.2777 -33.2214
36.7885 -29.0977 -30.7844
39.7375 -26.8057 -31.7414
37.3865 -23.7677 -31.2854
36.3715 -24.9697 -27.7614
40.0865 -25.5507 -26.9544
41.0565 -22.0297 -28.2264
38.2295 -20.4907 -26.1114
39.1845 -22.4397 -22.9134
42.9175 -21.5227 -23.4804
41.8675 -17.8327 -23.8404
40.2165 -18.0217 -20.3804
43.3765 -19.6027 -18.8114
45.6765 -17.0417 -20.5394
43.6775 -14.0677 -19.0934
43.6245 -15.2637 -15.3954
46.9115 -13.5107 -14.2584
45.9745 -10.0777 -15.7304
42.2895 -10.4327 -14.6904
43.6305 -10.9807 -11.1194
46.1025 -8.03775 -11.5064
43.1755 -5.78675 -12.5894
40.8635 -6.93875 -9.69936
43.6685 -6.17075 -7.18836
44.3225 -2.72075 -8.81336
40.5735 -1.92375 -8.33736
40.7005 -2.93475 -4.61236
44.0255 -1.06975 -4.02236

42.3675 2.00925 -5.70536
39.8875 1.99425 -2.73136
36.7185 0.697254 -4.52236
34.0245 -0.255746 -1.99436
31.7715 -2.60475 -4.11836

31.9905 -4.19975 -7.59936
30.8225 -7.27575 -9.57036
33.1925 -9.63775 -11.4454
31.6065 -11.7047 -14.2494
33.2275 -14.8597 -15.7204

31.8455 -18.1607 -17.1974
34.7235 -20.7047 -17.1424

34.8545 -22.3887 -13.6894
38.7175 -22.1867 -13.6314
38.4875 -18.3297 -13.8734
35.8845 -18.1447 -11.0294
38.0455 -20.5797 -8.94336
41.3105 -18.5977 -9.49736
39.6335 -15.2187 -8.65136
38.0805 -16.6477 -5.41236
41.4165 -18.2807 -4.38236
43.3585 -14.9777 -4.80236
40.6725 -12.9647 -2.89436
40.8905 -15.5557 -0.0293608
44.7525 -15.3317 -0.144361

44.4645 -11.4767 0.111639
41.7965 -11.9087 2.91264
39.2185 -9.94875 0.810639
35.6145 -10.6357 1.87964

33.6115 -11.6267 -1.23136
30.5265 -13.5947 -2.39736
30.4485 -16.3117 -5.11336
27.4465 -17.4127 -7.25736

27.7125 -20.1347 -9.95536
25.8795 -23.2307 -11.3694
26.4575 -25.1477 -8.06036
25.0235 -22.3987 -5.74436
21.5105 -23.4037 -4.55536
18.3475 -21.3077 -5.21136
17.9745 -20.1997 -1.52336

21.7325 -19.5577 -0.936361
21.7235 -17.3327 -4.10336
19.1625 -15.0007 -2.43936
21.0115 -15.0557 0.944639
24.4475 -14.2677 -0.663361
22.7065 -11.4987 -2.68636
21.3725 -10.0107 0.613639
24.8495 -10.3937 2.26664
26.4975 -8.37775 -0.601361
23.6495 -5.77775 -0.551361
23.5755 -5.21375 3.25964

27.2085 -5.87675 4.39364
29.7925 -3.09475 3.70764
32.5955 -5.72275 4.15764
31.7845 -7.72675 0.979639
33.7535 -5.74575 -1.64136

33.6115 -8.26975 -4.55436
30.8515 -10.4407 -6.03336
32.3135 -13.3027 -8.16336
29.4575 -14.2127 -10.5364
28.8835 -16.7407 -13.3244

27.5715 -14.8447 -16.4254
25.1425 -17.7547 -17.1344
24.0795 -18.6037 -13.5374
23.5925 -15.0097 -12.1704
21.8705 -13.4807 -15.3034
18.4095 -13.9547 -13.6154
16.4115 -12.9987 -10.4644
19.1785 -11.2327 -8.46936
19.6275 -7.46075 -7.78436
23.0805 -5.91775 -7.07536
22.2435 -2.18275 -6.62936
24.9535 -1.85075 -3.87636
27.7375 -1.91575 -6.54936
28.6215 0.889254 -9.04636

31.0685 -1.18775 -11.1884
30.7595 -4.35175 -13.3304
33.9265 -6.11875 -14.6154
33.5495 -8.75175 -17.3594

36.7095 -10.8747 -16.9154
35.5005 -12.8947 -19.9464
33.4895 -12.0917 -23.0944
30.2965 -14.0567 -23.8904
29.2105 -14.6107 -27.5574
25.5645 -13.6387 -26.8124

25.0245 -9.86175 -26.1644
21.5515 -10.4097 -24.6014
23.2525 -12.2767 -21.6814
25.8715 -9.48075 -21.2664
23.0345 -6.85275 -21.1124
21.1545 -9.09275 -18.5774
24.3325 -9.09975 -16.3974
24.8065 -5.24875 -16.6294

21.1085 -4.77375 -15.6114
21.7825 -6.62075 -12.3274
23.4035 -3.34075 -11.0624
21.4715 -0.818746 -13.2074
18.0875 -1.31175 -11.3834
15.5475 0.862254 -9.50036
17.4715 1.80425 -6.30336
20.7795 2.57625 -8.12536
22.0085 6.17625 -7.41136
25.5305 6.10725 -9.02436
26.6335 6.07025 -12.7104

27.2555 2.38925 -13.5334
30.7455 1.56825 -14.8654
31.0075 -1.48275 -17.2004
34.5685 -2.73475 -17.9414
35.0725 -5.41875 -20.6534
38.4925 -7.11375 -20.1454
40.0255 -8.12975 -23.5484

43.4145 -9.62975 -24.5704
45.1155 -9.11075 -27.9994
46.2215 -12.4757 -29.5234
43.1985 -14.4507 -28.1054
39.5265 -15.4507 -28.7314

38.5145 -11.8667 -27.6524
39.8335 -10.5227 -31.0364
37.0535 -12.5307 -32.8464
34.3545 -12.4537 -30.1124
34.3185 -8.63975 -29.6924
33.5075 -7.79775 -33.4064
30.9225 -10.6847 -33.3564
29.2135 -9.24775 -30.2124
29.2265 -5.73475 -31.8294
27.5335 -6.81775 -35.1114
24.9325 -8.74275 -32.9964
24.0905 -5.60775 -30.8774
23.7305 -3.61575 -34.1494
21.2575 -6.26075 -35.5144
19.3355 -5.99475 -32.1824
19.3505 -2.13075 -32.3464
18.1235 -2.04675 -36.0164

15.2505 -4.36875 -34.8994
14.4505 -1.82675 -32.0544
15.5265 -4.42775 -29.4104
18.5465 -2.52075 -27.9344
19.7215 1.09425 -27.3624
23.1795 -0.344746 -26.6274
25.6535 0.791254 -29.2724
29.0935 -0.880746 -28.7994
30.9785 0.925254 -31.6884

31.9845 4.01425 -29.6064
34.0325 1.82525 -27.1634
36.3795 0.508254 -29.9424
37.2305 3.90525 -31.5014

38.4955 4.86425 -27.9714
40.9805 1.89125 -27.5484

End chain 1
