-13.201 -6.296 -53.957
-10.703 -3.406 -53.291
-9.54 -3.087 -49.639
-11.02 0.322 -48.639
-8.614 1.85 -46.053
-10.787 3.126 -43.162

-9.634 6.195 -41.181
-10.061 4.9 -37.589
-10.286 6.838 -34.306
-12.195 7.103 -30.979
-14.163 9.439 -28.711
-12.619 10.223 -25.263
-14.157 12.207 -22.344

-11.943 15.248 -21.466
-14.301 16.978 -18.949
-17.827 16.65 -17.399
-19.139 18.761 -20.353

-16.752 17.96 -23.312
-15.482 14.956 -25.281
-12.62 14.751 -27.824
-12.437 12.939 -31.204
-8.982 11.264 -31.393
-8.672 10.357 -35.1

-6.282 10.744 -38.079
-6.98 13.557 -40.6
-9.895 13.022 -43.051

-11.208 15.853 -45.293
-14.92 14.856 -45.011
-14.611 14.37 -41.226
-13.015 17.857 -40.827
-15.875 19.254 -42.999
-18.403 17.482 -40.669
-16.559 18.759 -37.515
-16.844 22.341 -38.957

-20.697 21.797 -39.029
-20.861 21.033 -35.24
-22.116 23.933 -33.104
-20.016 23.255 -29.939
-16.791 22.621 -31.971

-13.393 23.436 -30.391
-10.011 22.816 -32.063
-6.805 22.812 -29.99

-3.883 23.919 -32.209
-1.328 22.314 -29.773
-2.753 18.736 -29.691
-4.334 19.137 -33.217

-7.578 17.622 -31.79
-11.313 18.386 -31.995
-13.683 18.544 -28.991
-17.466 19.001 -28.65
-20.131 19.402 -25.91

-21.257 16.038 -24.476
-24.923 16.743 -25.497
-23.731 16.722 -29.178
-22.178 13.179 -28.839
-25.228 11.354 -30.322
-25.57 14.044 -33.093
-21.852 13.682 -34.021
-21.815 9.829 -34.037
-25.045 9.774 -36.128
-23.507 12.176 -38.75
-20.093 10.348 -38.803

-21.793 6.948 -39.527
-22.962 8.546 -42.834
-19.328 9.196 -43.991
-17.677 6.563 -46.261
-14.251 5.2 -45.121

-14.46 6.789 -41.562
-14.765 4.819 -38.279
-15.142 6.964 -35.114
-15.663 4.659 -32.101

-18.218 6.249 -29.657
-17.862 6.903 -25.912
-18.35 3.469 -24.195
-21.794 2.549 -22.772
-20.235 2.829 -19.255
-19.534 6.58 -19.812
-22.964 7.196 -21.431
-24.623 5.531 -18.378
-22.42 7.523 -15.909

-23.028 10.919 -17.654
-26.668 10.153 -18.714
-27.851 13.482 -17.123

-25.214 15.594 -18.963
-26 13.8 -22.296
-29.631 15.147 -21.909

-29.014 18.802 -20.797
-28.522 21.656 -23.337
-27.494 23.803 -20.296
-24.374 24.206 -18.108
-26.03 23.63 -14.722
-23.195 22.587 -12.38
-23.731 19.355 -10.334

-27.219 19.392 -8.694
-26.798 20.208 -4.988
-26.578 17.032 -2.906
-29.814 16.999 -0.82
-29.276 16.946 2.956
-30.305 13.551 4.343

-27.9947 12.6559 1.58378
-24.9676 13.679 3.54203
-25.8567 17.4433 3.74526
-27.9174 20.4377 2.5055
-26.3074 23.9126 2.00632
-25.4071 27.5717 2.89883

-26.1741 29.0555 -0.514854
-26.3927 32.556 0.948338
-23.0492 32.1352 2.70524
-21.3987 30.9576 -0.509103
-22.7663 33.9446 -2.41972
-21.471 36.3501 0.221978

-21.42 36.3521 -3.64402
-19.178 39.1171 -5.05302

-20.839 41.2221 -7.87602
-18.964 39.3131 -10.643
-19.797 35.9321 -8.97302
-23.529 36.9371 -8.96202
-23.295 37.8481 -12.692
-21.676 34.3851 -13.293
-24.521 32.6051 -11.395
-27.096 34.6141 -13.448
-25.288 33.6951 -16.743
-25.163 29.9891 -15.754
-28.929 30.0211 -14.911
-29.757 31.8731 -18.204

-27.706 29.1751 -20.111
-29.947 26.5781 -18.309
-27.245 25.2301 -15.909

-25.085 23.8831 -18.813
-21.689 25.6481 -18.876
-17.942 25.5421 -18.36
-17.028 28.0711 -15.618

-13.427 28.7251 -16.767

-12.868 31.7191 -14.414
-9.23699 32.1351 -13.262

-7.78099 30.2451 -10.241
-9.09399 31.4861 -6.85502
-11.966 33.6991 -8.26502
-14.439 31.5111 -6.23102

-15.577 28.8841 -8.80802
-16.745 26.6111 -5.90502
-19.096 29.2441 -4.32302
-20.609 30.0361 -7.78502
-21.015 26.2681 -8.54902
-22.753 25.5721 -5.17802
-25.148 28.5261 -5.84102
-25.98 27.3851 -9.44402
-26.579 23.8071 -8.17602
-28.688 25.0501 -5.17802
-30.96 27.0611 -7.56102

-31.633 23.5881 -9.13202

-32.117 21.8231 -5.65802
-35.619 20.6731 -6.86902
-33.783 18.5741 -9.57702
-31.359 16.6621 -7.22902
-29.714 14.1171 -6.46902

-26.507 16.0821 -7.15102
-23.284 14.3931 -8.37002
-19.968 16.2021 -7.64202
-16.865 14.7911 -9.41602
-13.562 16.1731 -8.03602

-9.78299 15.5141 -7.65302
-9.14899 12.7101 -5.07202
-7.58899 15.2251 -2.54602
-10.422 17.8901 -2.44002

-13.491 15.6621 -1.63602
-13.628 16.7771 2.03598
-12.887 20.4281 0.990978
-16.098 20.2261 -1.13302
-18.147 18.6331 1.73598
-17.001 21.4501 4.08998
-17.842 24.0061 1.32998
-21.455 22.6411 1.12098
-21.815 22.6701 4.97198
-20.329 26.2301 5.08398
-22.556 27.7251 2.33898

-25.854 25.7211 2.60098
-26.584 25.4801 6.41698
-30.121 24.3211 5.30898
-28.497 20.8291 4.76698
-27.763 18.2451 7.47798

-24.365 16.4261 7.21798
-26.371 13.2101 6.44098
-27.513 14.8631 3.15198

-23.824 14.7141 1.93698
-22.238 11.4061 0.848978
-18.414 11.4891 0.441978

-17.435 8.4141 -1.60402
-14.049 7.2271 -0.267022
-13.934 3.6931 -1.82602
-15.138 1.7311 -4.90402
-17.502 -0.2899 -2.56902
-19.521 2.7221 -1.32202
-23.085 3.6131 -2.48002
-22.808 6.5571 -4.93802
-26.549 7.4281 -4.36602
-26.652 7.3641 -0.512022
-26.841 11.1981 -0.103022
-28.813 14.0641 -1.64402

-25.321 15.3901 -2.60102
-22.798 12.6971 -3.67402
-19.069 13.6321 -3.83602
-16.742 11.2281 -5.75202
-13.262 11.2351 -7.34802

-12.391 10.7901 -11.062
-10.49 7.5211 -10.264
-13.566 5.9841 -8.52602
-16.033 6.7611 -11.417

-14.659 3.8151 -13.499
-15.02 1.4571 -10.456
-18.576 2.7901 -9.79402
-19.747 2.7151 -13.5
-22.464 0.1151 -12.595
-23.976 2.6941 -10.127
-23.688 5.6361 -12.65
-26.804 4.0971 -14.361
-28.921 6.0791 -11.814
-29.827 9.3931 -13.587
-28.1 12.2951 -11.797
-29.969 15.3151 -13.279

-27.437 17.8531 -11.847
-23.669 17.2321 -12.21
-20.74 19.3851 -11.037
-17.25 18.4201 -12.279

-14.395 20.2931 -10.58
-11.074 20.6651 -12.488

-12.799 19.1781 -15.608
-9.49799 19.3231 -17.607
-8.98499 15.7881 -16.095
-11.507 14.6641 -18.815

-9.29099 16.0941 -21.693
-8.59399 12.6211 -23.25
-11.646 10.5471 -24.375
-9.72699 7.1821 -24.277
-9.11899 7.4141 -20.478

-11.284 5.2611 -18.147
-12.301 8.4081 -16.126
-13.565 10.1211 -19.332
-15.319 6.9371 -20.645
-17.194 6.6251 -17.287
-18.046 10.3931 -16.971
-19.198 11.1771 -20.564
-22.433 9.0071 -20.642
-23.694 10.7441 -17.438
-22.737 14.2581 -18.703
-24.626 13.7041 -22.025
-27.881 12.6031 -20.215

-27.805 14.8861 -17.104
-30.105 17.9881 -17.343

-27.559 20.4141 -15.743
-23.752 20.1831 -16.268
-21.502 22.6071 -14.349
-17.878 22.0731 -15.462
-15.16 24.0091 -13.551

-11.472 24.5951 -14.458
-8.73099 27.2421 -14.066
-7.02299 25.8311 -17.176
-9.73499 24.3081 -19.471
-6.99599 23.5091 -21.984
-3.57699 22.5741 -20.516
-1.55399 22.8031 -23.795
-3.69299 22.3451 -27.003

-7.21899 22.9421 -28.523
-7.87799 19.1341 -28.74
-8.13499 19.0121 -24.862
-11.352 21.1601 -25.018
-13.361 18.6841 -27.167
-14.637 16.5041 -24.253
-15.714 19.6381 -22.282
-17.471 21.1241 -25.397
-19.492 17.8921 -26.015
-20.278 17.6041 -22.253
-21.837 21.1471 -22.235

-23.34 20.8761 -25.811
-23.725 17.1601 -26.896
-24.905 18.2791 -30.419
-21.668 20.2401 -31.147
-19.07 18.2941 -33.231
-20.633 14.7451 -32.868
-17.309 13.3131 -34.21

-13.834 14.5111 -33.068
-12.452 14.5081 -36.671
-14.599 17.5631 -37.669
-13.298 19.4991 -34.598
-9.69799 18.3311 -35.307
-9.76099 19.3681 -39.023
-10.971 22.8961 -38.069
-9.13599 23.7101 -34.781

-6.24299 21.1791 -34.403
-4.58399 21.6621 -37.881
-5.23199 17.9531 -38.497

-2.65499 16.3061 -40.828
-2.90399 12.9581 -42.67
0.376005 11.1151 -41.913

1.37201 7.6331 -43.341
0.322005 6.0661 -39.954

-3.03399 7.9591 -39.547
-4.19799 11.4421 -38.453
-2.10799 13.8671 -36.371

-4.11899 16.3381 -34.177
-1.18799 17.9541 -32.218
-1.51899 21.2811 -34.111
-3.73799 24.3681 -33.765
-5.86599 26.4281 -36.204
-8.62099 29.1231 -36.282

-8.16099 29.8401 -32.507
-9.99199 33.2381 -32.606
-13.092 31.4621 -34.063
-12.767 28.7481 -31.359
-12.586 31.5161 -28.666
-15.794 33.1541 -30.035
-17.627 29.7591 -30.144
-16.515 28.9361 -26.557
-17.574 32.3341 -25.07
-20.976 32.3841 -26.883
-22.153 28.7751 -26.348

-19.922 26.7731 -23.882

-17.789 28.8311 -21.498
-17.847 31.7251 -19.027

-14.244 32.9671 -18.494
-12.937 35.9681 -16.505
-9.36199 36.8031 -15.531

-7.83599 38.2871 -12.303
-7.22499 41.4911 -14.325
-10.98 41.7401 -15.225
-12.42 41.3701 -11.665

-9.60899 41.8651 -9.04302
-7.64799 45.1001 -9.87402
-6.23399 44.8631 -6.27402
-4.22899 41.5951 -6.69002

-0.429995 42.2891 -6.70502
1.32301 41.5551 -10.029

2.97901 38.1851 -10.772
6.59501 39.0331 -11.75
8.13201 36.1431 -13.752
11.811 35.6451 -14.699
14.173 33.0361 -16.101
17.214 32.3411 -13.86
20.033 30.7871 -15.915

21.813 28.5861 -13.324
25.528 28.4051 -14.134

26.512 25.1741 -16.057
30.127 25.6451 -14.729
29.089 23.4531 -11.707

28.048 20.6641 -14.192
31.186 18.4831 -14.126

32.692 17.2101 -17.424
31.38 13.5921 -16.883
27.758 14.7901 -16.332
28.035 17.1201 -19.393
29.464 14.2751 -21.545
26.526 12.0581 -20.36
23.98 14.7931 -21.358
25.777 15.1911 -24.748
25.69 11.3651 -25.179
21.917 11.0561 -24.431
21.229 14.1081 -26.699
23.184 12.4321 -29.586
21.41 9.1191 -28.795
17.913 10.6711 -29.379
19.004 12.0021 -32.85

20.484 8.6721 -34.102
18.654 7.5741 -37.307
18.795 3.7941 -36.772
16.924 3.6331 -33.387
13.351 2.4051 -32.88

10.555 4.7921 -31.726
10.874 3.1301 -28.263
14.696 3.5891 -27.974
14.145 7.2911 -28.945
11.556 7.6441 -26.07
13.924 5.8241 -23.633
16.873 8.1161 -24.59
14.522 11.1541 -24.134
13.507 9.9521 -20.61
17.222 9.3711 -19.803
18.192 12.8921 -21.075
15.365 14.4311 -18.96
16.32 12.4821 -15.762
20.053 13.3991 -16.329
19.003 17.0891 -16.689
17.352 16.9001 -13.229
20.512 15.3191 -11.66
22.812 17.8801 -13.388
20.813 20.8541 -11.942
20.76 19.6581 -8.24402
24.047 21.4111 -7.10702
23.11 24.8441 -8.57902
19.425 24.4891 -7.53902
20.766 23.9411 -3.96802
23.238 26.8841 -4.35502
20.311 29.1351 -5.43802
17.999 27.9831 -2.54802
20.804 28.7511 -0.0370224
21.458 32.2011 -1.66202
17.709 32.9981 -1.18602
17.836 31.9871 2.53898
21.161 33.8521 3.12898

19.503 36.9311 1.44598
17.023 36.9161 4.41998
13.854 35.6191 2.62898
11.16 34.6661 5.15698
8.90701 32.3171 3.03298

9.12601 30.7221 -0.448022
7.95801 27.6461 -2.41902
10.328 25.2841 -4.29402
8.74201 23.2171 -7.09802
10.363 20.0621 -8.56902

8.98101 16.7611 -10.046
11.859 14.2171 -9.99102

11.99 12.5331 -6.53802
15.853 12.7351 -6.48002
15.623 16.5921 -6.72202
13.02 16.7771 -3.87802
15.181 14.3421 -1.79202
18.446 16.3241 -2.34602
16.769 19.7031 -1.50002
15.216 18.2741 1.73898
18.552 16.6411 2.76898
20.494 19.9441 2.34898
17.808 21.9571 4.25698
18.026 19.3661 7.12198
21.888 19.5901 7.00698

21.6 23.4451 7.26298
18.932 23.0131 10.064
16.354 24.9731 7.96198
12.75 24.2861 9.03098

10.747 23.2951 5.91998
7.66201 21.3271 4.75398
7.58401 18.6101 2.03798
4.58201 17.5091 -0.106022

4.84801 14.7871 -2.80402
3.01501 11.6911 -4.21802
3.59301 9.7741 -0.909022
2.15901 12.5231 1.40698
-1.35399 11.5181 2.59598
-4.51699 13.6141 1.93998
-4.88999 14.7221 5.62798

-1.13199 15.3641 6.21498
-1.14099 17.5891 3.04798
-3.70199 19.9211 4.71198
-1.85299 19.8661 8.09598
1.58301 20.6541 6.48798
-0.157995 23.4231 4.46498
-1.49199 24.9111 7.76498
1.98501 24.5281 9.41798
3.63301 26.5441 6.54998
0.785005 29.1441 6.59998
0.711005 29.7081 10.411

4.34401 29.0451 11.545
6.92801 31.8271 10.859
9.73101 29.1991 11.309
8.92001 27.1951 8.13098
10.889 29.1761 5.50998

10.747 26.6521 2.59698
7.98701 24.4811 1.11798
9.44901 21.6191 -1.01202
6.59301 20.7091 -3.38502
6.01901 18.1811 -6.17302

4.70701 20.0771 -9.27402
2.27801 17.1671 -9.98302
1.21501 16.3181 -6.38602
0.728005 19.9121 -5.01902
-0.993995 21.4411 -8.15202
-4.45499 20.9671 -6.46402
-6.45299 21.9231 -3.31302
-3.68599 23.6891 -1.31802
-3.23699 27.4611 -0.633022
0.216005 29.0041 0.0759776
-0.620995 32.7391 0.521978
2.08901 33.0711 3.27498
4.87301 33.0061 0.601978
5.75701 35.8111 -1.89502

8.20401 33.7341 -4.03702
7.89501 30.5701 -6.17902
11.062 28.8031 -7.46402
10.685 26.1701 -10.208

13.845 24.0471 -9.76402
12.636 22.0271 -12.795
10.625 22.8301 -15.943
7.43201 20.8651 -16.739
6.34601 20.3111 -20.406
2.70001 21.2831 -19.661

2.16001 25.0601 -19.013
-1.31299 24.5121 -17.45
0.388005 22.6451 -14.53
3.00701 25.4411 -14.115
0.170005 28.0691 -13.961
-1.70999 25.8291 -11.426
1.46801 25.8221 -9.24602
1.94201 29.6731 -9.47802

-1.75599 30.1481 -8.46002
-1.08199 28.3011 -5.17602
0.539005 31.5811 -3.91102
-1.39299 34.1031 -6.05602
-4.77699 33.6101 -4.23202
-7.31699 35.7841 -2.34902
-5.39299 36.7261 0.847978
-2.08499 37.4981 -0.974022
-0.855995 41.0981 -0.260022
2.66601 41.0291 -1.87302
3.76901 40.9921 -5.55902

4.39101 37.3111 -6.38202
7.88101 36.4901 -7.71402
8.14301 33.4391 -10.049
11.704 32.1871 -10.79
12.208 29.5031 -13.502
15.628 27.8081 -12.994
17.161 26.7921 -16.397

20.55 25.2921 -17.419
22.251 25.8111 -20.848
23.357 22.4461 -22.372
20.334 20.4711 -20.954
16.662 19.4711 -21.58

15.65 23.0551 -20.501
16.969 24.3991 -23.885
14.189 22.3911 -25.695
11.49 22.4681 -22.961
11.454 26.2821 -22.541
10.643 27.1241 -26.255
8.05801 24.2371 -26.205
6.34901 25.6741 -23.061
6.36201 29.1871 -24.678
4.66901 28.1041 -27.96
2.06801 26.1791 -25.845
1.22601 29.3141 -23.726
0.866005 31.3061 -26.998
-1.60699 28.6611 -28.363
-3.52899 28.9271 -25.031
-3.51399 32.7911 -25.195
-4.74099 32.8751 -28.865

-7.61399 30.5531 -27.748
-8.41399 33.0951 -24.903
-7.33799 30.4941 -22.259
-4.31799 32.4011 -20.783
-3.14299 36.0161 -20.211
0.315005 34.5771 -19.476
2.78901 35.7131 -22.121
6.22901 34.0411 -21.648
8.11401 35.8471 -24.537

9.12001 38.9361 -22.455
11.168 36.7471 -20.012
13.515 35.4301 -22.791
14.366 38.8271 -24.35

15.631 39.7861 -20.82
18.116 36.8131 -20.397

End chain 1
