-13.201 -6.296 -53.957
-10.703 -3.406 -53.291
-9.54 -3.087 -49.639
-11.02 0.322 -48.639
-8.614 1.85 -46.053
-10.787 3.126 -43.162

-9.634 6.195 -41.181
-10.061 4.9 -37.589
-10.286 6.838 -34.306
-12.195 7.103 -30.979
-14.163 9.439 -28.711
-12.619 10.223 -25.263
-14.157 12.207 -22.344

-11.943 15.248 -21.466
-14.301 16.978 -18.949
-17.827 16.65 -17.399
-19.139 18.761 -20.353

-16.752 17.96 -23.312
-15.482 14.956 -25.281
-12.62 14.751 -27.824
-12.437 12.939 -31.204
-8.982 11.264 -31.393
-8.672 10.357 -35.1

-6.282 10.744 -38.079
-6.98 13.557 -40.6
-9.895 13.022 -43.051

-11.208 15.853 -45.293
-14.92 14.856 -45.011
-14.611 14.37 -41.226
-13.015 17.857 -40.827
-15.875 19.254 -42.999
-18.403 17.482 -40.669
-16.559 18.759 -37.515
-16.844 22.341 -38.957

-20.697 21.797 -39.029
-20.861 21.033 -35.24
-22.116 23.933 -33.104
-20.016 23.255 -29.939
-16.791 22.621 -31.971

-13.393 23.436 -30.391
-10.011 22.816 -32.063
-6.805 22.812 -29.99

-3.883 23.919 -32.209
-1.328 22.314 -29.773
-2.753 18.736 -29.691
-4.334 19.137 -33.217

-7.578 17.622 -31.79
-11.313 18.386 -31.995
-13.683 18.544 -28.991
-17.466 19.001 -28.65
-20.131 19.402 -25.91

-21.257 16.038 -24.476
-24.923 16.743 -25.497
-23.731 16.722 -29.178
-22.178 13.179 -28.839
-25.228 11.354 -30.322
-25.57 14.044 -33.093
-21.852 13.682 -34.021
-21.815 9.829 -34.037
-25.045 9.774 -36.128
-23.507 12.176 -38.75
-20.093 10.348 -38.803

-21.793 6.948 -39.527
-22.962 8.546 -42.834
-19.328 9.196 -43.991
-17.677 6.563 -46.261
-14.251 5.2 -45.121

-14.46 6.789 -41.562
-14.765 4.819 -38.279
-15.142 6.964 -35.114
-15.663 4.659 -32.101

-18.218 6.249 -29.657
-17.862 6.903 -25.912
-18.35 3.469 -24.195
-21.794 2.549 -22.772
-20.235 2.829 -19.255
-19.534 6.58 -19.812
-22.964 7.196 -21.431
-24.623 5.531 -18.378
-22.42 7.523 -15.909

-23.028 10.919 -17.654
-26.668 10.153 -18.714
-27.851 13.482 -17.123

-25.214 15.594 -18.963
-26 13.8 -22.296
-29.631 15.147 -21.909

-29.014 18.802 -20.797
-28.522 21.656 -23.337
-27.494 23.803 -20.296
-24.374 24.206 -18.108
-26.03 23.63 -14.722
-23.195 22.587 -12.38
-23.731 19.355 -10.334

-27.219 19.392 -8.694
-26.798 20.208 -4.988
-26.578 17.032 -2.906
-29.814 16.999 -0.82
-29.276 16.946 2.956
-30.305 13.551 4.343

-32.727 13.25 7.268
-30.389 11.851 9.975
-33.077 12.019 12.787
-33.159 8.159 12.923
-29.32 8.149 13.454
-27.82 8.306 16.969

-27.52 12.074 17.913
-23.991 11.509 19.371
-22.796 10.469 15.867
-24.731 13.185 13.93
-23.402 16.008 16.22
-19.738 14.82 15.861

-19.687 14.822 11.995
-17.445 17.587 10.586

-19.106 19.692 7.763
-17.231 17.783 4.996
-18.064 14.402 6.666
-21.796 15.407 6.677
-21.562 16.318 2.947
-19.943 12.855 2.346
-22.788 11.075 4.244
-25.363 13.084 2.191
-23.555 12.165 -1.104
-23.43 8.459 -0.115
-27.196 8.491 0.728
-28.024 10.343 -2.565

-25.973 7.645 -4.472
-28.214 5.048 -2.67
-25.512 3.7 -0.27

-23.352 2.353 -3.174
-19.956 4.118 -3.237
-16.209 4.012 -2.721
-15.295 6.541 0.021

-11.694 7.195 -1.128

-11.135 10.189 1.225
-7.504 10.605 2.377

-6.048 8.715 5.398
-7.361 9.956 8.784
-10.233 12.169 7.374
-12.706 9.981 9.408

-13.844 7.354 6.831
-15.012 5.081 9.734
-17.363 7.714 11.316
-18.876 8.506 7.854
-19.282 4.738 7.09
-21.02 4.042 10.461
-23.415 6.996 9.798
-24.247 5.855 6.195
-24.846 2.277 7.463
-26.955 3.52 10.461
-29.227 5.531 8.078

-29.9 2.058 6.507

-30.384 0.293 9.981
-33.886 -0.857 8.77
-32.05 -2.956 6.062
-29.626 -4.868 8.41
-27.981 -7.413 9.17

-24.774 -5.448 8.488
-21.551 -7.137 7.269
-18.235 -5.328 7.997
-15.132 -6.739 6.223
-11.829 -5.357 7.603

-8.05 -6.016 7.986
-7.416 -8.82 10.567
-5.856 -6.305 13.093
-8.689 -3.64 13.199

-11.758 -5.868 14.003
-11.895 -4.753 17.675
-11.154 -1.102 16.63
-14.365 -1.304 14.506
-16.414 -2.897 17.375
-15.268 -0.08 19.729
-16.109 2.476 16.969
-19.722 1.111 16.76
-20.082 1.14 20.611
-18.596 4.7 20.723
-20.823 6.195 17.978

-24.121 4.191 18.24
-24.851 3.95 22.056
-28.388 2.791 20.948
-26.764 -0.701 20.406
-26.03 -3.285 23.117

-22.632 -5.104 22.857
-24.638 -8.32 22.08
-25.78 -6.667 18.791

-22.091 -6.816 17.576
-20.505 -10.124 16.488
-16.681 -10.041 16.081

-15.702 -13.116 14.035
-12.316 -14.303 15.372
-12.201 -17.837 13.813
-13.405 -19.799 10.735
-15.769 -21.82 13.07
-17.788 -18.808 14.317
-21.352 -17.917 13.159
-21.075 -14.973 10.701
-24.816 -14.102 11.273
-24.919 -14.166 15.127
-25.108 -10.332 15.536
-27.08 -7.466 13.995

-23.588 -6.14 13.038
-21.065 -8.833 11.965
-17.336 -7.898 11.803
-15.009 -10.302 9.887
-11.529 -10.295 8.291

-10.658 -10.74 4.577
-8.757 -14.009 5.375
-11.833 -15.546 7.113
-14.3 -14.769 4.222

-12.926 -17.715 2.14
-13.287 -20.073 5.183
-16.843 -18.74 5.845
-18.014 -18.815 2.139
-20.731 -21.415 3.044
-22.243 -18.836 5.512
-21.955 -15.894 2.989
-25.071 -17.433 1.278
-27.188 -15.451 3.825
-28.094 -12.137 2.052
-26.367 -9.235 3.842
-28.236 -6.215 2.36

-25.704 -3.677 3.792
-21.936 -4.298 3.429
-19.007 -2.145 4.602
-15.517 -3.11 3.36

-12.662 -1.237 5.059
-9.341 -0.865 3.151

-11.066 -2.352 0.031
-7.765 -2.207 -1.968
-7.252 -5.742 -0.456
-9.774 -6.866 -3.176

-7.558 -5.436 -6.054
-6.861 -8.909 -7.611
-9.913 -10.983 -8.736
-7.994 -14.348 -8.638
-7.386 -14.116 -4.839

-9.551 -16.269 -2.508
-10.568 -13.122 -0.487
-11.832 -11.409 -3.693
-13.586 -14.593 -5.006
-15.461 -14.905 -1.648
-16.313 -11.137 -1.332
-17.465 -10.353 -4.925
-20.7 -12.523 -5.003
-21.961 -10.786 -1.799
-21.004 -7.272 -3.064
-22.893 -7.826 -6.386
-26.148 -8.927 -4.576

-26.072 -6.644 -1.465
-28.372 -3.542 -1.704

-25.826 -1.116 -0.104
-22.019 -1.347 -0.629
-19.769 1.077 1.29
-16.145 0.543 0.177
-13.427 2.479 2.088

-9.739 3.065 1.181
-6.998 5.712 1.573
-5.29 4.301 -1.537
-8.002 2.778 -3.832
-5.263 1.979 -6.345
-1.844 1.044 -4.877
0.179 1.273 -8.156
-1.96 0.815 -11.364

-5.486 1.412 -12.884
-6.145 -2.396 -13.101
-6.402 -2.518 -9.223
-9.619 -0.37 -9.379
-11.628 -2.846 -11.528
-12.904 -5.026 -8.614
-13.981 -1.892 -6.643
-15.738 -0.406 -9.758
-17.759 -3.638 -10.376
-18.545 -3.926 -6.614
-20.104 -0.383 -6.596

-21.607 -0.654 -10.172
-21.992 -4.37 -11.257
-23.172 -3.251 -14.78
-19.935 -1.29 -15.508
-17.337 -3.236 -17.592
-18.9 -6.785 -17.229
-15.576 -8.217 -18.571

-12.101 -7.019 -17.429
-10.719 -7.022 -21.032
-12.866 -3.967 -22.03
-11.565 -2.031 -18.959
-7.965 -3.199 -19.668
-8.028 -2.162 -23.384
-9.238 1.366 -22.43
-7.403 2.18 -19.142

-4.51 -0.351 -18.764
-2.851 0.132 -22.242
-3.499 -3.577 -22.858

-0.922 -5.224 -25.189
-1.171 -8.572 -27.031
2.109 -10.415 -26.274

3.105 -13.897 -27.702
2.055 -15.464 -24.315

-1.301 -13.571 -23.908
-2.465 -10.088 -22.814
-0.375 -7.663 -20.732

1.1194 -7.95611 -17.2881
-1.35276 -10.5653 -16.2285
-3.48934 -13.4162 -15.0026
-5.69801 -11.6984 -12.379
-3.85179 -13.5222 -9.65805
-0.947796 -11.3445 -10.3799

-2.55982 -7.91993 -10.0385
-0.187187 -6.97663 -7.22355
2.82825 -8.03463 -9.2804
1.65248 -5.96826 -12.2453
1.18068 -2.90457 -10.0466
4.67389 -3.28572 -8.59917
6.18902 -3.55724 -12.0739
4.37477 -0.419144 -13.2157
5.60845 1.51369 -10.185
9.1921 0.424198 -10.828
8.97269 1.51115 -14.463

11.2037 -0.490847 -11.997

13.3367 1.56715 -9.61298
13.2787 4.46115 -7.14198

16.8817 5.70315 -6.60898
18.1887 8.70415 -4.61998
21.7637 9.53915 -3.64598

23.2897 11.0232 -0.417979
23.9007 14.2272 -2.43998
20.1457 14.4762 -3.33998
18.7057 14.1062 0.220021

21.5167 14.6012 2.84202
23.4777 17.8362 2.01102
24.8917 17.5992 5.61102
26.8967 14.3312 5.19502

30.6957 15.0252 5.18002
32.4487 14.2912 1.85602

34.1047 10.9212 1.11302
37.7207 11.7692 0.135021
39.2577 8.87915 -1.86698
42.9367 8.38115 -2.81398
45.2987 5.77215 -4.21598
48.3397 5.07715 -1.97498
51.1587 3.52315 -4.02998

52.9387 1.32215 -1.43898
56.6537 1.14115 -2.24898

57.6377 -2.08985 -4.17198
61.2527 -1.61885 -2.84398
60.2147 -3.81085 0.178021

59.1737 -6.59985 -2.30698
62.3117 -8.78085 -2.24098

63.8177 -10.0538 -5.53898
62.5057 -13.6718 -4.99798
58.8837 -12.4738 -4.44698
59.1607 -10.1438 -7.50798
60.5897 -12.9888 -9.65998
57.6517 -15.2058 -8.47498
55.1057 -12.4708 -9.47298
56.9027 -12.0728 -12.863
56.8157 -15.8988 -13.294
53.0427 -16.2078 -12.546
52.3547 -13.1558 -14.814
54.3097 -14.8318 -17.701
52.5357 -18.1448 -16.91
49.0387 -16.5928 -17.494
50.1297 -15.2618 -20.965

51.6097 -18.5918 -22.217
49.7797 -19.6898 -25.422
49.9207 -23.4698 -24.887
48.0497 -23.6308 -21.502
44.4767 -24.8588 -20.995

41.6807 -22.4718 -19.841
41.9997 -24.1338 -16.378
45.8217 -23.6748 -16.089
45.2707 -19.9728 -17.06
42.6817 -19.6198 -14.185
45.0497 -21.4398 -11.748
47.9987 -19.1478 -12.705
45.6477 -16.1098 -12.249
44.6327 -17.3118 -8.72498
48.3477 -17.8928 -7.91798
49.3177 -14.3718 -9.18998
46.4907 -12.8328 -7.07498
47.4457 -14.7818 -3.87698
51.1787 -13.8648 -4.44398
50.1287 -10.1748 -4.80398
48.4777 -10.3638 -1.34398
51.6377 -11.9448 0.225021
53.9377 -9.38385 -1.50298
51.9387 -6.40985 -0.0569792
51.8857 -7.60585 3.64102
55.1727 -5.85285 4.77802
54.2357 -2.41985 3.30602
50.5507 -2.77485 4.34602
51.8917 -3.32285 7.91702
54.3637 -0.379847 7.53002
51.4367 1.87115 6.44702
49.1247 0.719153 9.33702
51.9297 1.48715 11.848
52.5837 4.93715 10.223
48.8347 5.73415 10.699
48.9617 4.72315 14.424
52.2867 6.58815 15.014

50.6287 9.66715 13.331
48.1487 9.65215 16.305
44.9797 8.35515 14.514
42.2857 7.40215 17.042
40.0327 5.05315 14.918

40.2517 3.45815 11.437
39.0837 0.382153 9.46602
41.4537 -1.97985 7.59102
39.8677 -4.04685 4.78702
41.4887 -7.20185 3.31602

40.1067 -10.5028 1.83902
42.9847 -13.0468 1.89402

43.1157 -14.7308 5.34702
46.9787 -14.5288 5.40502
46.7487 -10.6718 5.16302
44.1457 -10.4868 8.00702
46.3067 -12.9218 10.093
49.5717 -10.9398 9.53902
47.8947 -7.56085 10.385
46.3417 -8.98985 13.624
49.6777 -10.6228 14.654
51.6197 -7.31985 14.234
48.9337 -5.30685 16.142
49.1517 -7.89785 19.007
53.0137 -7.67385 18.892

52.7257 -3.81885 19.148
50.0577 -4.25085 21.949
47.4797 -2.29085 19.847
43.8757 -2.97785 20.916

41.8727 -3.96885 17.805
38.7877 -5.93685 16.639
38.7097 -8.65385 13.923
35.7077 -9.75485 11.779

35.9737 -12.4768 9.08102
34.1407 -15.5728 7.66702
34.7187 -17.4898 10.976
33.2847 -14.7408 13.292
29.7717 -15.7458 14.481
26.6087 -13.6498 13.825
26.2357 -12.5418 17.513

29.9937 -11.8998 18.1
29.9847 -9.67485 14.933
27.4237 -7.34285 16.597
29.2727 -7.39785 19.981
32.7087 -6.60985 18.373
30.9677 -3.84085 16.35
29.6337 -2.35285 19.65
33.1107 -2.73585 21.303
34.7587 -0.719847 18.435
31.9107 1.88015 18.485
31.8367 2.44415 22.296

35.4697 1.78115 23.43
38.0537 4.56315 22.744
40.8567 1.93515 23.194
40.0457 -0.0688468 20.016
42.0147 1.91215 17.395

41.8727 -0.611847 14.482
39.1127 -2.78285 13.003
40.5747 -5.64485 10.873
37.7187 -6.55485 8.50002
37.1447 -9.08285 5.71202

35.8327 -7.18685 2.61102
33.4037 -10.0968 1.90202
32.3407 -10.9458 5.49902
31.8537 -7.35185 6.86602
30.1317 -5.82285 3.73302
26.6707 -6.29685 5.42102
24.6727 -5.34085 8.57202
27.4397 -3.57485 10.567
27.8887 0.197153 11.252
31.3417 1.74015 11.961
30.5047 5.47515 12.407
33.2147 5.80715 15.16
35.9987 5.74215 12.487
36.8827 8.54715 9.99002

39.3297 6.47015 7.84802
39.0207 3.30615 5.70602
42.1877 1.53915 4.42102
41.8107 -1.09385 1.67702

44.9707 -3.21685 2.12102
43.7617 -5.23685 -0.909979
41.7507 -4.43385 -4.05798
38.5577 -6.39885 -4.85398
37.4717 -6.95285 -8.52098
33.8257 -5.98085 -7.77598

33.2857 -2.20385 -7.12798
29.8127 -2.75185 -5.56498
31.5137 -4.61885 -2.64498
34.1327 -1.82285 -2.22998
31.2957 0.805153 -2.07598
29.4157 -1.43485 0.459021
32.5937 -1.44185 2.63902
33.0677 2.40915 2.40702

29.3697 2.88415 3.42502
30.0437 1.03715 6.70902
31.6647 4.31715 7.97402
29.7327 6.83915 5.82902
26.3487 6.34615 7.65302
23.8087 8.52015 9.53602
25.7327 9.46215 12.733
29.0407 10.2342 10.911
30.2697 13.8342 11.625
33.7917 13.7652 10.012
34.8947 13.7282 6.32602

35.5167 10.0472 5.50302
39.0067 9.22615 4.17102
39.2687 6.17515 1.83602
42.8297 4.92315 1.09502
43.3337 2.23915 -1.61698
46.7537 0.544153 -1.10898
48.2867 -0.471847 -4.51198

51.6757 -1.97185 -5.53398
53.3767 -1.45285 -8.96298
54.4827 -4.81785 -10.487
51.4597 -6.79285 -9.06898
47.7877 -7.79285 -9.69498

46.7757 -4.20885 -8.61598
48.0947 -2.86485 -12
45.3147 -4.87285 -13.81
42.6157 -4.79585 -11.076
42.5797 -0.981847 -10.656
41.7687 -0.139847 -14.37
39.1837 -3.02685 -14.32
37.4747 -1.58985 -11.176
37.4877 1.92315 -12.793
35.7947 0.840153 -16.075
33.1937 -1.08485 -13.96
32.3517 2.05015 -11.841
31.9917 4.04215 -15.113
29.5187 1.39715 -16.478
27.5967 1.66315 -13.146
27.6117 5.52715 -13.31
26.3847 5.61115 -16.98

23.5117 3.28915 -15.863
22.7117 5.83115 -13.018
23.7877 3.23015 -10.374
26.8077 5.13715 -8.89798
27.9827 8.75215 -8.32598
31.4407 7.31315 -7.59098
33.9147 8.44915 -10.236
37.3547 6.77715 -9.76298
39.2397 8.58315 -12.652

40.2457 11.6722 -10.57
42.2937 9.48315 -8.12698
44.6407 8.16615 -10.906
45.4917 11.5632 -12.465

46.7567 12.5222 -8.93498
49.2417 9.54915 -8.51198

End chain 1
