-13.201 -6.296 -53.957
-10.703 -3.406 -53.291
-9.54 -3.087 -49.639
-11.02 0.322 -48.639
-8.614 1.85 -46.053
-10.787 3.126 -43.162

-9.634 6.195 -41.181
-10.061 4.9 -37.589
-10.286 6.838 -34.306
-12.195 7.103 -30.979
-14.163 9.439 -28.711
-12.619 10.223 -25.263
-14.157 12.207 -22.344

-11.943 15.248 -21.466
-14.301 16.978 -18.949
-17.827 16.65 -17.399
-19.139 18.761 -20.353

-16.752 17.96 -23.312
-15.482 14.956 -25.281
-12.62 14.751 -27.824
-12.437 12.939 -31.204
-8.982 11.264 -31.393
-8.672 10.357 -35.1

-6.282 10.744 -38.079
-6.98 13.557 -40.6
-9.895 13.022 -43.051

-11.208 15.853 -45.293
-14.92 14.856 -45.011
-14.611 14.37 -41.226
-13.015 17.857 -40.827
-15.875 19.254 -42.999
-18.403 17.482 -40.669
-16.559 18.759 -37.515
-16.844 22.341 -38.957

-20.697 21.797 -39.029
-20.861 21.033 -35.24
-22.116 23.933 -33.104
-20.016 23.255 -29.939
-16.791 22.621 -31.971

-13.393 23.436 -30.391
-10.011 22.816 -32.063
-6.805 22.812 -29.99

-3.883 23.919 -32.209
-1.328 22.314 -29.773
-2.753 18.736 -29.691
-4.334 19.137 -33.217

-7.578 17.622 -31.79
-11.313 18.386 -31.995
-13.683 18.544 -28.991
-17.466 19.001 -28.65
-20.131 19.402 -25.91

-21.257 16.038 -24.476
-24.923 16.743 -25.497
-23.731 16.722 -29.178
-22.178 13.179 -28.839
-25.228 11.354 -30.322
-25.57 14.044 -33.093
-21.852 13.682 -34.021
-21.815 9.829 -34.037
-25.045 9.774 -36.128
-23.507 12.176 -38.75
-20.093 10.348 -38.803

-21.793 6.948 -39.527
-22.962 8.546 -42.834
-19.328 9.196 -43.991
-17.677 6.563 -46.261
-14.251 5.2 -45.121

-14.46 6.789 -41.562
-14.765 4.819 -38.279
-15.142 6.964 -35.114
-15.663 4.659 -32.101

-18.218 6.249 -29.657
-17.862 6.903 -25.912
-18.35 3.469 -24.195
-21.794 2.549 -22.772
-20.235 2.829 -19.255
-19.534 6.58 -19.812
-22.964 7.196 -21.431
-24.623 5.531 -18.378
-22.42 7.523 -15.909

-23.028 10.919 -17.654
-26.668 10.153 -18.714
-27.851 13.482 -17.123

-25.214 15.594 -18.963
-26 13.8 -22.296
-29.631 15.147 -21.909

-29.014 18.802 -20.797
-28.522 21.656 -23.337
-27.494 23.803 -20.296
-24.374 24.206 -18.108
-26.03 23.63 -14.722
-23.195 22.587 -12.38
-23.731 19.355 -10.334

-27.219 19.392 -8.694
-26.798 20.208 -4.988
-26.578 17.032 -2.906
-29.814 16.999 -0.82
-29.276 16.946 2.956
-30.305 13.551 4.343

-32.727 13.25 7.268
-30.389 11.851 9.975
-33.077 12.019 12.787
-33.159 8.159 12.923
-29.32 8.149 13.454
-27.82 8.306 16.969

-27.52 12.074 17.913
-23.991 11.509 19.371
-22.796 10.469 15.867
-24.731 13.185 13.93
-23.402 16.008 16.22
-19.738 14.82 15.861

-19.687 14.822 11.995
-17.445 17.587 10.586

-19.106 19.692 7.763
-17.231 17.783 4.996
-18.064 14.402 6.666
-21.796 15.407 6.677
-21.562 16.318 2.947
-19.943 12.855 2.346
-22.788 11.075 4.244
-25.363 13.084 2.191
-23.555 12.165 -1.104
-23.43 8.459 -0.115
-27.196 8.491 0.728
-28.024 10.343 -2.565

-25.973 7.645 -4.472
-28.214 5.048 -2.67
-25.512 3.7 -0.27

-23.352 2.353 -3.174
-19.956 4.118 -3.237
-16.209 4.012 -2.721
-15.295 6.541 0.021

-11.694 7.195 -1.128

-11.135 10.189 1.225
-7.504 10.605 2.377

-6.048 8.715 5.398
-7.361 9.956 8.784
-10.233 12.169 7.374
-12.706 9.981 9.408

-13.844 7.354 6.831
-15.012 5.081 9.734
-17.363 7.714 11.316
-18.876 8.506 7.854
-19.282 4.738 7.09
-21.02 4.042 10.461
-23.415 6.996 9.798
-24.247 5.855 6.195
-24.846 2.277 7.463
-26.955 3.52 10.461
-29.227 5.531 8.078

-29.9 2.058 6.507

-30.384 0.293 9.981
-33.886 -0.857 8.77
-32.05 -2.956 6.062
-29.626 -4.868 8.41
-27.981 -7.413 9.17

-24.774 -5.448 8.488
-21.551 -7.137 7.269
-18.235 -5.328 7.997
-15.132 -6.739 6.223
-11.829 -5.357 7.603

-8.05 -6.016 7.986
-7.416 -8.82 10.567
-5.856 -6.305 13.093
-8.689 -3.64 13.199

-11.758 -5.868 14.003
-11.895 -4.753 17.675
-11.154 -1.102 16.63
-14.365 -1.304 14.506
-16.414 -2.897 17.375
-15.268 -0.08 19.729
-16.109 2.476 16.969
-19.722 1.111 16.76
-20.082 1.14 20.611
-18.596 4.7 20.723
-20.823 6.195 17.978

-24.121 4.191 18.24
-24.851 3.95 22.056
-28.388 2.791 20.948
-26.764 -0.701 20.406
-26.03 -3.285 23.117

-22.632 -5.104 22.857
-24.638 -8.32 22.08
-25.78 -6.667 18.791

-22.091 -6.816 17.576
-20.505 -10.124 16.488
-16.681 -10.041 16.081

-15.702 -13.116 14.035
-12.316 -14.303 15.372
-12.201 -17.837 13.813
-13.405 -19.799 10.735
-15.769 -21.82 13.07
-17.788 -18.808 14.317
-21.352 -17.917 13.159
-21.075 -14.973 10.701
-24.816 -14.102 11.273
-24.919 -14.166 15.127
-25.108 -10.332 15.536
-27.08 -7.466 13.995

-23.588 -6.14 13.038
-21.065 -8.833 11.965
-17.336 -7.898 11.803
-15.009 -10.302 9.887
-11.529 -10.295 8.291

-10.658 -10.74 4.577
-8.757 -14.009 5.375
-11.833 -15.546 7.113
-14.3 -14.769 4.222

-12.926 -17.715 2.14
-13.287 -20.073 5.183
-16.843 -18.74 5.845
-18.014 -18.815 2.139
-20.731 -21.415 3.044
-22.243 -18.836 5.512
-21.955 -15.894 2.989
-25.071 -17.433 1.278
-27.188 -15.451 3.825
-28.094 -12.137 2.052
-26.367 -9.235 3.842
-28.236 -6.215 2.36

-25.704 -3.677 3.792
-21.936 -4.298 3.429
-19.007 -2.145 4.602
-15.517 -3.11 3.36

-12.662 -1.237 5.059
-9.341 -0.865 3.151

-11.066 -2.352 0.031
-7.765 -2.207 -1.968
-7.252 -5.742 -0.456
-9.774 -6.866 -3.176

-7.558 -5.436 -6.054
-6.861 -8.909 -7.611
-9.913 -10.983 -8.736
-7.994 -14.348 -8.638
-7.386 -14.116 -4.839

-9.551 -16.269 -2.508
-10.568 -13.122 -0.487
-11.832 -11.409 -3.693
-13.586 -14.593 -5.006
-15.461 -14.905 -1.648
-16.313 -11.137 -1.332
-17.465 -10.353 -4.925
-20.7 -12.523 -5.003
-21.961 -10.786 -1.799
-21.004 -7.272 -3.064
-22.893 -7.826 -6.386
-26.148 -8.927 -4.576

-26.072 -6.644 -1.465
-28.372 -3.542 -1.704

-25.826 -1.116 -0.104
-22.019 -1.347 -0.629
-19.769 1.077 1.29
-16.145 0.543 0.177
-13.427 2.479 2.088

-9.739 3.065 1.181
-6.998 5.712 1.573
-5.29 4.301 -1.537
-8.002 2.778 -3.832
-5.263 1.979 -6.345
-1.844 1.044 -4.877
0.179 1.273 -8.156
-1.96 0.815 -11.364

-5.486 1.412 -12.884
-6.145 -2.396 -13.101
-6.402 -2.518 -9.223
-9.619 -0.37 -9.379
-11.628 -2.846 -11.528
-12.904 -5.026 -8.614
-13.981 -1.892 -6.643
-15.738 -0.406 -9.758
-17.759 -3.638 -10.376
-18.545 -3.926 -6.614
-20.104 -0.383 -6.596

-21.607 -0.654 -10.172
-21.992 -4.37 -11.257
-23.172 -3.251 -14.78
-19.935 -1.29 -15.508
-17.337 -3.236 -17.592
-18.9 -6.785 -17.229
-15.576 -8.217 -18.571

-12.101 -7.019 -17.429
-10.719 -7.022 -21.032
-12.866 -3.967 -22.03
-11.565 -2.031 -18.959
-7.965 -3.199 -19.668
-8.028 -2.162 -23.384
-9.238 1.366 -22.43
-7.403 2.18 -19.142

-4.51 -0.351 -18.764
-2.851 0.132 -22.242
-3.499 -3.577 -22.858

-0.922 -5.224 -25.189
-1.171 -8.572 -27.031
2.109 -10.415 -26.274

3.105 -13.897 -27.702
2.055 -15.464 -24.315

-1.301 -13.571 -23.908
-2.465 -10.088 -22.814
-0.375 -7.663 -20.732

-1.34574 -6.41487 -17.2204
2.10633 -5.77693 -15.5875
4.52175 -3.21788 -16.9194
0.903963 -2.03283 -16.4811
-0.989137 -2.67349 -13.272
2.63408 -1.46404 -12.7382

5.31762 0.322959 -14.7502
7.97087 -0.55766 -12.1758
6.94516 -4.21664 -12.2279
7.13191 -4.3152 -16.0224
10.608 -2.7795 -15.9878
11.8147 -5.32936 -13.4412
10.4612 -8.20064 -15.5309
12.1999 -6.88309 -18.6428
15.5051 -6.59012 -16.79
15.2147 -10.1568 -15.5103
14.5133 -11.4586 -19.0111

16.7443 -13.4606 -16.5451

18.8773 -11.4026 -14.1611
18.8193 -8.50859 -11.6901

22.4223 -7.26659 -11.1571
23.7293 -4.26559 -9.16814
27.3043 -3.43059 -8.19414

28.8303 -1.94659 -4.96614
29.4413 1.25741 -6.98814
25.6863 1.50641 -7.88814
24.2463 1.13641 -4.32814

27.0573 1.63141 -1.70614
29.0183 4.86641 -2.53714
30.4323 4.62941 1.06286
32.4373 1.36141 0.646862

36.2363 2.05541 0.631862
37.9893 1.32141 -2.69214

39.6453 -2.04859 -3.43514
43.2613 -1.20059 -4.41314
44.7983 -4.09059 -6.41514
48.4773 -4.58859 -7.36214
50.8393 -7.19759 -8.76414
53.8803 -7.89259 -6.52314
56.6993 -9.44659 -8.57814

58.4793 -11.6476 -5.98714
62.1943 -11.8286 -6.79714

63.1783 -15.0596 -8.72014
66.7933 -14.5886 -7.39214
65.7553 -16.7806 -4.37014

64.7143 -19.5696 -6.85514
67.8523 -21.7506 -6.78914

69.3583 -23.0236 -10.0871
68.0463 -26.6416 -9.54614
64.4243 -25.4436 -8.99514
64.7013 -23.1136 -12.0561
66.1303 -25.9586 -14.2081
63.1923 -28.1756 -13.0231
60.6463 -25.4406 -14.0211
62.4433 -25.0426 -17.4111
62.3563 -28.8686 -17.8421
58.5833 -29.1776 -17.0941
57.8953 -26.1256 -19.3621
59.8503 -27.8016 -22.2491
58.0763 -31.1146 -21.4581
54.5793 -29.5626 -22.0421
55.6703 -28.2316 -25.5131

57.1503 -31.5616 -26.7651
55.3203 -32.6596 -29.9701
55.4613 -36.4396 -29.4351
53.5903 -36.6006 -26.0501
50.0173 -37.8286 -25.5431

47.2213 -35.4416 -24.3891
47.5403 -37.1036 -20.9261
51.3623 -36.6446 -20.6371
50.8113 -32.9426 -21.6081
48.2223 -32.5896 -18.7331
50.5903 -34.4096 -16.2961
53.5393 -32.1176 -17.2531
51.1883 -29.0796 -16.7971
50.1733 -30.2816 -13.2731
53.8883 -30.8626 -12.4661
54.8583 -27.3416 -13.7381
52.0313 -25.8026 -11.6231
52.9863 -27.7516 -8.42514
56.7193 -26.8346 -8.99214
55.6693 -23.1446 -9.35214
54.0183 -23.3336 -5.89214
57.1783 -24.9146 -4.32314
59.4783 -22.3536 -6.05114
57.4793 -19.3796 -4.60514
57.4263 -20.5756 -0.907138
60.7133 -18.8226 0.229862
59.7763 -15.3896 -1.24214
56.0913 -15.7446 -0.202138
57.4323 -16.2926 3.36886
59.9043 -13.3496 2.98186
56.9773 -11.0986 1.89886
54.6653 -12.2506 4.78886
57.4703 -11.4826 7.29986
58.1243 -8.03259 5.67486
54.3753 -7.23559 6.15086
54.5023 -8.24659 9.87586
57.8273 -6.38159 10.4659

56.1693 -3.30259 8.78286
53.6893 -3.31759 11.7569
50.5203 -4.61459 9.96586
47.8263 -5.56759 12.4939
45.5733 -7.91659 10.3699

45.7923 -9.51159 6.88886
44.6243 -12.5876 4.91786
46.9943 -14.9496 3.04286
45.4083 -17.0166 0.238862
47.0293 -20.1716 -1.23214

45.6473 -23.4726 -2.70914
48.5253 -26.0166 -2.65414

48.6563 -27.7006 0.798862
52.5193 -27.4986 0.856862
52.2893 -23.6416 0.614862
49.6863 -23.4566 3.45886
51.8473 -25.8916 5.54486
55.1123 -23.9096 4.99086
53.4353 -20.5306 5.83686
51.8823 -21.9596 9.07586
55.2183 -23.5926 10.1059
57.1603 -20.2896 9.68586
54.4743 -18.2766 11.5939
54.6923 -20.8676 14.4589
58.5543 -20.6436 14.3439

58.2663 -16.7886 14.5999
55.5983 -17.2206 17.4009
53.0203 -15.2606 15.2989
49.4163 -15.9476 16.3679

47.4133 -16.9386 13.2569
44.3283 -18.9066 12.0909
44.2503 -21.6236 9.37486
41.2483 -22.7246 7.23086

41.5143 -25.4466 4.53286
39.6813 -28.5426 3.11886
40.2593 -30.4596 6.42786
38.8253 -27.7106 8.74386
35.3123 -28.7156 9.93286
32.1493 -26.6196 9.27686
31.7763 -25.5116 12.9649

35.5343 -24.8696 13.5519
35.5253 -22.6446 10.3849
32.9643 -20.3126 12.0489
34.8133 -20.3676 15.4329
38.2493 -19.5796 13.8249
36.5083 -16.8106 11.8019
35.1743 -15.3226 15.1019
38.6513 -15.7056 16.7549
40.2993 -13.6896 13.8869
37.4513 -11.0896 13.9369
37.3773 -10.5256 17.7479

41.0103 -11.1886 18.8819
43.5943 -8.40659 18.1959
46.3973 -11.0346 18.6459
45.5863 -13.0386 15.4679
47.5553 -11.0576 12.8469

47.4133 -13.5816 9.93386
44.6533 -15.7526 8.45486
46.1153 -18.6146 6.32486
43.2593 -19.5246 3.95186
42.6853 -22.0526 1.16386

41.3733 -20.1566 -1.93714
38.9443 -23.0666 -2.64614
37.8813 -23.9156 0.950862
37.3943 -20.3216 2.31786
35.6723 -18.7926 -0.815138
32.2113 -19.2666 0.872862
30.2133 -18.3106 4.02386
32.9803 -16.5446 6.01886
33.4293 -12.7726 6.70386
36.8823 -11.2296 7.41286
36.0453 -7.49459 7.85886
38.7553 -7.16259 10.6119
41.5393 -7.22759 7.93886
42.4233 -4.42259 5.44186

44.8703 -6.49959 3.29986
44.5613 -9.66359 1.15786
47.7283 -11.4306 -0.127138
47.3513 -14.0636 -2.87114

50.5113 -16.1866 -2.42714
49.3023 -18.2066 -5.45814
47.2913 -17.4036 -8.60614
44.0983 -19.3686 -9.40214
43.0123 -19.9226 -13.0691
39.3663 -18.9506 -12.3241

38.8263 -15.1736 -11.6761
35.3533 -15.7216 -10.1131
37.0543 -17.5886 -7.19314
39.6733 -14.7926 -6.77814
36.8363 -12.1646 -6.62414
34.9563 -14.4046 -4.08914
38.1343 -14.4116 -1.90914
38.6083 -10.5606 -2.14114

34.9103 -10.0856 -1.12314
35.5843 -11.9326 2.16086
37.2053 -8.65259 3.42586
35.2733 -6.13059 1.28086
31.8893 -6.62359 3.10486
29.3493 -4.44959 4.98786
31.2733 -3.50759 8.18486
34.5813 -2.73559 6.36286
35.8103 0.864412 7.07686
39.3323 0.795412 5.46386
40.4353 0.758412 1.77786

41.0573 -2.92259 0.954862
44.5473 -3.74359 -0.377138
44.8093 -6.79459 -2.71214
48.3703 -8.04659 -3.45314
48.8743 -10.7306 -6.16514
52.2943 -12.4256 -5.65714
53.8273 -13.4416 -9.06014

57.2163 -14.9416 -10.0821
58.9173 -14.4226 -13.5111
60.0233 -17.7876 -15.0351
57.0003 -19.7626 -13.6171
53.3283 -20.7626 -14.2431

52.3163 -17.1786 -13.1641
53.6353 -15.8346 -16.5481
50.8553 -17.8426 -18.3581
48.1563 -17.7656 -15.6241
48.1203 -13.9516 -15.2041
47.3093 -13.1096 -18.9181
44.7243 -15.9966 -18.8681
43.0153 -14.5596 -15.7241
43.0283 -11.0466 -17.3411
41.3353 -12.1296 -20.6231
38.7343 -14.0546 -18.5081
37.8923 -10.9196 -16.3891
37.5323 -8.92759 -19.6611
35.0593 -11.5726 -21.0261
33.1373 -11.3066 -17.6941
33.1523 -7.44259 -17.8581
31.9253 -7.35859 -21.5281

29.0523 -9.68059 -20.4111
28.2523 -7.13859 -17.5661
29.3283 -9.73959 -14.9221
32.3483 -7.83259 -13.4461
33.5233 -4.21759 -12.8741
36.9813 -5.65659 -12.1391
39.4553 -4.52059 -14.7841
42.8953 -6.19259 -14.3111
44.7803 -4.38659 -17.2001

45.7863 -1.29759 -15.1181
47.8343 -3.48659 -12.6751
50.1813 -4.80359 -15.4541
51.0323 -1.40659 -17.0131

52.2973 -0.447588 -13.4831
54.7823 -3.42059 -13.0601

End chain 1
