-13.201 -6.296 -53.957
-10.703 -3.406 -53.291
-9.54 -3.087 -49.639
-11.02 0.322 -48.639
-8.614 1.85 -46.053
-10.787 3.126 -43.162

-9.634 6.195 -41.181
-10.061 4.9 -37.589
-10.286 6.838 -34.306
-12.195 7.103 -30.979
-14.163 9.439 -28.711
-12.619 10.223 -25.263
-14.157 12.207 -22.344

-11.943 15.248 -21.466
-14.301 16.978 -18.949
-17.827 16.65 -17.399
-19.139 18.761 -20.353

-16.752 17.96 -23.312
-15.482 14.956 -25.281
-12.62 14.751 -27.824
-12.437 12.939 -31.204
-8.982 11.264 -31.393
-8.672 10.357 -35.1

-6.282 10.744 -38.079
-6.98 13.557 -40.6
-9.895 13.022 -43.051

-11.208 15.853 -45.293
-14.92 14.856 -45.011
-14.611 14.37 -41.226
-13.015 17.857 -40.827
-15.875 19.254 -42.999
-18.403 17.482 -40.669
-16.559 18.759 -37.515
-16.844 22.341 -38.957

-20.697 21.797 -39.029
-20.861 21.033 -35.24
-22.116 23.933 -33.104
-20.016 23.255 -29.939
-16.791 22.621 -31.971

-13.393 23.436 -30.391
-10.011 22.816 -32.063
-6.805 22.812 -29.99

-3.883 23.919 -32.209
-1.328 22.314 -29.773
-2.753 18.736 -29.691
-4.334 19.137 -33.217

-7.578 17.622 -31.79
-11.313 18.386 -31.995
-13.683 18.544 -28.991
-17.466 19.001 -28.65
-20.131 19.402 -25.91

-21.257 16.038 -24.476
-24.923 16.743 -25.497
-23.731 16.722 -29.178
-22.178 13.179 -28.839
-25.228 11.354 -30.322
-25.57 14.044 -33.093
-21.852 13.682 -34.021
-21.815 9.829 -34.037
-25.045 9.774 -36.128
-23.507 12.176 -38.75
-20.093 10.348 -38.803

-21.793 6.948 -39.527
-22.962 8.546 -42.834
-19.328 9.196 -43.991
-17.677 6.563 -46.261
-14.251 5.2 -45.121

-14.46 6.789 -41.562
-14.765 4.819 -38.279
-15.142 6.964 -35.114
-15.663 4.659 -32.101

-18.218 6.249 -29.657
-17.862 6.903 -25.912
-18.35 3.469 -24.195
-21.794 2.549 -22.772
-20.235 2.829 -19.255
-19.534 6.58 -19.812
-22.964 7.196 -21.431
-24.623 5.531 -18.378
-22.42 7.523 -15.909

-23.028 10.919 -17.654
-26.668 10.153 -18.714
-27.851 13.482 -17.123

-25.214 15.594 -18.963
-26 13.8 -22.296
-29.631 15.147 -21.909

-29.014 18.802 -20.797
-28.522 21.656 -23.337
-27.494 23.803 -20.296
-24.374 24.206 -18.108
-26.03 23.63 -14.722
-23.195 22.587 -12.38
-23.731 19.355 -10.334

-27.219 19.392 -8.694
-26.798 20.208 -4.988
-26.578 17.032 -2.906
-29.814 16.999 -0.82
-29.276 16.946 2.956
-30.305 13.551 4.343

-32.727 13.25 7.268
-30.389 11.851 9.975
-33.077 12.019 12.787
-33.159 8.159 12.923
-29.32 8.149 13.454
-27.82 8.306 16.969

-27.52 12.074 17.913
-23.991 11.509 19.371
-22.796 10.469 15.867
-24.731 13.185 13.93
-23.402 16.008 16.22
-19.738 14.82 15.861

-19.687 14.822 11.995
-17.445 17.587 10.586

-19.106 19.692 7.763
-17.231 17.783 4.996
-18.064 14.402 6.666
-21.796 15.407 6.677
-21.562 16.318 2.947
-19.943 12.855 2.346
-22.788 11.075 4.244
-25.363 13.084 2.191
-23.555 12.165 -1.104
-23.43 8.459 -0.115
-27.196 8.491 0.728
-28.024 10.343 -2.565

-25.7294 8.05417 -4.36657
-22.7096 5.96741 -3.66998
-19.6833 3.80998 -2.88051

-16.2223 5.04089 -3.3965
-12.4146 5.67238 -3.88575
-10.3528 7.3087 -6.60684
-7.36805 8.22741 -8.81208

-3.76705 8.88141 -9.96108

-3.20805 11.8754 -7.60808
0.42295 12.2914 -6.45608

1.87895 10.4014 -3.43508
0.56595 11.6424 -0.0490814
-2.30605 13.8554 -1.45908
-4.77905 11.6674 0.574919

-5.91705 9.04041 -2.00208
-7.08505 6.76741 0.900919
-9.43605 9.40041 2.48292
-10.949 10.1924 -0.979081
-11.355 6.42441 -1.74308
-13.093 5.72841 1.62792
-15.488 8.68241 0.964919
-16.32 7.54141 -2.63808
-16.919 3.96341 -1.37008
-19.028 5.20641 1.62792
-21.3 7.21741 -0.755081

-21.973 3.74441 -2.32608

-22.457 1.97941 1.14792
-25.959 0.829411 -0.0630814
-24.123 -1.26959 -2.77108
-21.699 -3.18159 -0.423081
-20.054 -5.72659 0.336919

-16.847 -3.76159 -0.345081
-13.624 -5.45059 -1.56408
-10.308 -3.64159 -0.836081
-7.20505 -5.05259 -2.61008
-3.90205 -3.67059 -1.23008

-0.12305 -4.32959 -0.847081
0.51095 -7.13359 1.73392
2.07095 -4.61859 4.25992
-0.76205 -1.95359 4.36592

-3.83105 -4.18159 5.16992
-3.96805 -3.06659 8.84192
-3.22705 0.584411 7.79692
-6.43805 0.382411 5.67292
-8.48705 -1.21059 8.54192
-7.34105 1.60641 10.8959
-8.18205 4.16241 8.13592
-11.795 2.79741 7.92692
-12.155 2.82641 11.7779
-10.669 6.38641 11.8899
-12.896 7.88141 9.14492

-16.194 5.87741 9.40692
-16.924 5.63641 13.2229
-20.461 4.47741 12.1149
-18.837 0.985411 11.5729
-18.103 -1.59859 14.2839

-14.705 -3.41759 14.0239
-16.711 -6.63359 13.2469
-17.853 -4.98059 9.95792

-14.164 -5.12959 8.74292
-12.578 -8.43759 7.65492
-8.75405 -8.35459 7.24792

-7.77505 -11.4296 5.20192
-4.38905 -12.6166 6.53892
-4.27405 -16.1506 4.97992
-5.47805 -18.1126 1.90192
-7.84205 -20.1336 4.23692
-9.86105 -17.1216 5.48392
-13.425 -16.2306 4.32592
-13.148 -13.2866 1.86792
-16.889 -12.4156 2.43992
-16.992 -12.4796 6.29392
-17.181 -8.64559 6.70292
-19.153 -5.77959 5.16192

-15.661 -4.45359 4.20492
-13.138 -7.14659 3.13192
-9.40905 -6.21159 2.96992
-7.08205 -8.61559 1.05392
-3.60205 -8.60859 -0.542081

-2.73105 -9.05359 -4.25608
-0.83005 -12.3226 -3.45808
-3.90605 -13.8596 -1.72008
-6.37305 -13.0826 -4.61108

-4.99905 -16.0286 -6.69308
-5.36005 -18.3866 -3.65008
-8.91605 -17.0536 -2.98808
-10.087 -17.1286 -6.69408
-12.804 -19.7286 -5.78908
-14.316 -17.1496 -3.32108
-14.028 -14.2076 -5.84408
-17.144 -15.7466 -7.55508
-19.261 -13.7646 -5.00808
-20.167 -10.4506 -6.78108
-18.44 -7.54859 -4.99108
-20.309 -4.52859 -6.47308

-17.777 -1.99059 -5.04108
-14.009 -2.61159 -5.40408
-11.08 -0.458589 -4.23108
-7.59005 -1.42359 -5.47308

-4.73505 0.449411 -3.77408
-1.41405 0.821411 -5.68208

-3.13905 -0.665589 -8.80208
0.16195 -0.520589 -10.8011
0.67495 -4.05559 -9.28908
-1.84705 -5.17959 -12.0091

0.36895 -3.74959 -14.8871
1.06595 -7.22259 -16.4441
-1.98605 -9.29659 -17.5691
-0.0670497 -12.6616 -17.4711
0.54095 -12.4296 -13.6721

-1.62405 -14.5826 -11.3411
-2.64105 -11.4356 -9.32008
-3.90505 -9.72259 -12.5261
-5.65905 -12.9066 -13.8391
-7.53405 -13.2186 -10.4811
-8.38605 -9.45059 -10.1651
-9.53805 -8.66659 -13.7581
-12.773 -10.8366 -13.8361
-14.034 -9.09959 -10.6321
-13.077 -5.58559 -11.8971
-14.966 -6.13959 -15.2191
-18.221 -7.24059 -13.4091

-18.145 -4.95759 -10.2981
-20.445 -1.85559 -10.5371

-17.899 0.570411 -8.93708
-14.092 0.339411 -9.46208
-11.842 2.76341 -7.54308
-8.21805 2.22941 -8.65608
-5.50005 4.16541 -6.74508

-1.81205 4.75141 -7.65208
0.92895 7.39841 -7.26008
2.63695 5.98741 -10.3701
-0.0750497 4.46441 -12.6651
2.66395 3.66541 -15.1781
6.08295 2.73041 -13.7101
8.10595 2.95941 -16.9891
5.96695 2.50141 -20.1971

2.44095 3.09841 -21.7171
1.78195 -0.709589 -21.9341
1.52495 -0.831589 -18.0561
-1.69205 1.31641 -18.2121
-3.70105 -1.15959 -20.3611
-4.97705 -3.33959 -17.4471
-6.05405 -0.205589 -15.4761
-7.81105 1.28041 -18.5911
-9.83205 -1.95159 -19.2091
-10.618 -2.23959 -15.4471
-12.177 1.30341 -15.4291

-13.68 1.03241 -19.0051
-14.065 -2.68359 -20.0901
-15.245 -1.56459 -23.6131
-12.008 0.396411 -24.3411
-9.41005 -1.54959 -26.4251
-10.973 -5.09859 -26.0621
-7.64905 -6.53059 -27.4041

-4.17405 -5.33259 -26.2621
-2.79205 -5.33559 -29.8651
-4.93905 -2.28059 -30.8631
-3.63805 -0.344589 -27.7921
-0.0380497 -1.51259 -28.5011
-0.10105 -0.475589 -32.2171
-1.31105 3.05241 -31.2631
0.52395 3.86641 -27.9751

3.41695 1.33541 -27.5971
5.07595 1.81841 -31.0751
4.42795 -1.89059 -31.6911

7.00495 -3.53759 -34.0221
6.75595 -6.88559 -35.8641
10.036 -8.72859 -35.1071

11.032 -12.2106 -36.5351
9.98195 -13.7776 -33.1481

6.62595 -11.8846 -32.7411
5.46195 -8.40159 -31.6471
7.55195 -5.97659 -29.5651

5.54095 -3.50559 -27.3711
8.47195 -1.88959 -25.4121
8.14095 1.43741 -27.3051
5.92195 4.52441 -26.9591
3.79395 6.58441 -29.3981
1.03895 9.27941 -29.4761

1.49895 9.99641 -25.7011
-0.33205 13.3944 -25.8001
-3.43205 11.6184 -27.2571
-3.10705 8.90441 -24.5531
-2.92605 11.6724 -21.8601
-6.13405 13.3104 -23.2291
-7.96705 9.91541 -23.3381
-6.85505 9.09241 -19.7511
-7.91405 12.4904 -18.2641
-11.316 12.5404 -20.0771
-12.493 8.93141 -19.5421

-10.262 6.92941 -17.0761

-8.12905 8.98741 -14.6921
-8.18705 11.8814 -12.2211

-4.58405 13.1234 -11.6881
-3.27705 16.1244 -9.69908
0.29795 16.9594 -8.72508

1.82395 18.4434 -5.49708
2.43495 21.6474 -7.51908
-1.32005 21.8964 -8.41908
-2.76005 21.5264 -4.85908

0.0509503 22.0214 -2.23708
2.01195 25.2564 -3.06808
3.42595 25.0194 0.531919
5.43095 21.7514 0.115919

9.22995 22.4454 0.100919
10.983 21.7114 -3.22308

12.639 18.3414 -3.96608
16.255 19.1894 -4.94408
17.792 16.2994 -6.94608
21.471 15.8014 -7.89308
23.833 13.1924 -9.29508
26.874 12.4974 -7.05408
29.693 10.9434 -9.10908

31.473 8.74241 -6.51808
35.188 8.56141 -7.32808

36.172 5.33041 -9.25108
39.787 5.80141 -7.92308
38.749 3.60941 -4.90108

37.708 0.820411 -7.38608
40.846 -1.36059 -7.32008

42.352 -2.63359 -10.6181
41.04 -6.25159 -10.0771
37.418 -5.05359 -9.52608
37.695 -2.72359 -12.5871
39.124 -5.56859 -14.7391
36.186 -7.78559 -13.5541
33.64 -5.05059 -14.5521
35.437 -4.65259 -17.9421
35.35 -8.47859 -18.3731
31.577 -8.78759 -17.6251
30.889 -5.73559 -19.8931
32.844 -7.41159 -22.7801
31.07 -10.7246 -21.9891
27.573 -9.17259 -22.5731
28.664 -7.84159 -26.0441

30.144 -11.1716 -27.2961
28.314 -12.2696 -30.5011
28.455 -16.0496 -29.9661
26.584 -16.2106 -26.5811
23.011 -17.4386 -26.0741

20.215 -15.0516 -24.9201
20.534 -16.7136 -21.4571
24.356 -16.2546 -21.1681
23.805 -12.5526 -22.1391
21.216 -12.1996 -19.2641
23.584 -14.0196 -16.8271
26.533 -11.7276 -17.7841
24.182 -8.68959 -17.3281
23.167 -9.89159 -13.8041
26.882 -10.4726 -12.9971
27.852 -6.95159 -14.2691
25.025 -5.41259 -12.1541
25.98 -7.36159 -8.95608
29.713 -6.44459 -9.52308
28.663 -2.75459 -9.88308
27.012 -2.94359 -6.42308
30.172 -4.52459 -4.85408
32.472 -1.96359 -6.58208
30.473 1.01041 -5.13608
30.42 -0.185589 -1.43808
33.707 1.56741 -0.301081
32.77 5.00041 -1.77308
29.085 4.64541 -0.733081
30.426 4.09741 2.83792
32.898 7.04041 2.45092
29.971 9.29141 1.36792
27.659 8.13941 4.25792
30.464 8.90741 6.76892
31.118 12.3574 5.14392
27.369 13.1544 5.61992
27.496 12.1434 9.34492
30.821 14.0084 9.93492

29.163 17.0874 8.25192
26.683 17.0724 11.2259
23.514 15.7754 9.43492
20.82 14.8224 11.9629
18.567 12.4734 9.83892

18.786 10.8784 6.35792
17.618 7.80241 4.38692
19.988 5.44041 2.51192
18.402 3.37341 -0.292081
20.023 0.218411 -1.76308

18.641 -3.08259 -3.24008
21.519 -5.62659 -3.18508

21.65 -7.31059 0.267919
25.513 -7.10859 0.325919
25.283 -3.25159 0.0839186
22.68 -3.06659 2.92792
24.841 -5.50159 5.01392
28.106 -3.51959 4.45992
26.429 -0.140589 5.30592
24.876 -1.56959 8.54492
28.212 -3.20259 9.57492
30.154 0.100411 9.15492
27.468 2.11341 11.0629
27.686 -0.477589 13.9279
31.548 -0.253589 13.8129

31.26 3.60141 14.0689
28.592 3.16941 16.8699
26.014 5.12941 14.7679
22.41 4.44241 15.8369

20.407 3.45141 12.7259
17.322 1.48341 11.5599
17.244 -1.23359 8.84392
14.242 -2.33459 6.69992

14.508 -5.05659 4.00192
12.675 -8.15259 2.58792
13.253 -10.0696 5.89692
11.819 -7.32059 8.21292
8.30595 -8.32559 9.40192
5.14295 -6.22959 8.74592
4.76995 -5.12159 12.4339

8.52795 -4.47959 13.0209
8.51895 -2.25459 9.85392
5.95795 0.0774107 11.5179
7.80695 0.0224107 14.9019
11.243 0.810411 13.2939
9.50195 3.57941 11.2709
8.16795 5.06741 14.5709
11.645 4.68441 16.2239
13.293 6.70041 13.3559
10.445 9.30041 13.4059
10.371 9.86441 17.2169

14.004 9.20141 18.3509
16.588 11.9834 17.6649
19.391 9.35541 18.1149
18.58 7.35141 14.9369
20.549 9.33241 12.3159

20.407 6.80841 9.40292
17.647 4.63741 7.92392
19.109 1.77541 5.79392
16.253 0.865411 3.42092
15.679 -1.66259 0.632919

14.367 0.233411 -2.46808
11.938 -2.67659 -3.17708
10.875 -3.52559 0.419919
10.388 0.0684107 1.78692
8.66595 1.59741 -1.34608
5.20495 1.12341 0.341919
3.20695 2.07941 3.49292
5.97395 3.84541 5.48792
6.42295 7.61741 6.17292
9.87595 9.16041 6.88192
9.03895 12.8954 7.32792
11.749 13.2274 10.0809
14.533 13.1624 7.40792
15.417 15.9674 4.91092

17.864 13.8904 2.76892
17.555 10.7264 0.626919
20.722 8.95941 -0.658081
20.345 6.32641 -3.40208

23.505 4.20341 -2.95808
22.296 2.18341 -5.98908
20.285 2.98641 -9.13708
17.092 1.02141 -9.93308
16.006 0.467411 -13.6001
12.36 1.43941 -12.8551

11.82 5.21641 -12.2071
8.34695 4.66841 -10.6441
10.048 2.80141 -7.72408
12.667 5.59741 -7.30908
9.82995 8.22541 -7.15508
7.94995 5.98541 -4.62008
11.128 5.97841 -2.44008
11.602 9.82941 -2.67208

7.90395 10.3044 -1.65408
8.57795 8.45741 1.62992
10.199 11.7374 2.89492
8.26695 14.2594 0.749919
4.88295 13.7664 2.57392
2.34295 15.9404 4.45692
4.26695 16.8824 7.65392
7.57495 17.6544 5.83192
8.80395 21.2544 6.54592
12.326 21.1854 4.93292
13.429 21.1484 1.24692

14.051 17.4674 0.423919
17.541 16.6464 -0.908081
17.803 13.5954 -3.24308
21.364 12.3434 -3.98408
21.868 9.65941 -6.69608
25.288 7.96441 -6.18808
26.821 6.94841 -9.59108

30.21 5.44841 -10.6131
31.911 5.96741 -14.0421
33.017 2.60241 -15.5661
29.994 0.627411 -14.1481
26.322 -0.372589 -14.7741

25.31 3.21141 -13.6951
26.629 4.55541 -17.0791
23.849 2.54741 -18.8891
21.15 2.62441 -16.1551
21.114 6.43841 -15.7351
20.303 7.28041 -19.4491
17.718 4.39341 -19.3991
16.009 5.83041 -16.2551
16.022 9.34341 -17.8721
14.329 8.26041 -21.1541
11.728 6.33541 -19.0391
10.886 9.47041 -16.9201
10.526 11.4624 -20.1921
8.05295 8.81741 -21.5571
6.13095 9.08341 -18.2251
6.14595 12.9474 -18.3891
4.91895 13.0314 -22.0591

2.04595 10.7094 -20.9421
1.24595 13.2514 -18.0971
2.32195 10.6504 -15.4531
5.34195 12.5574 -13.9771
6.51695 16.1724 -13.4051
9.97495 14.7334 -12.6701
12.449 15.8694 -15.3151
15.889 14.1974 -14.8421
17.774 16.0034 -17.7311

18.78 19.0924 -15.6491
20.828 16.9034 -13.2061
23.175 15.5864 -15.9851
24.026 18.9834 -17.5441

25.291 19.9424 -14.0141
27.776 16.9694 -13.5911

End chain 1
