-13.201 -6.296 -53.957
-10.703 -3.406 -53.291
-9.54 -3.087 -49.639
-11.02 0.322 -48.639
-8.614 1.85 -46.053
-10.787 3.126 -43.162

-9.634 6.195 -41.181
-10.061 4.9 -37.589
-10.286 6.838 -34.306
-12.195 7.103 -30.979
-14.163 9.439 -28.711
-12.619 10.223 -25.263
-14.157 12.207 -22.344

-11.943 15.248 -21.466
-14.301 16.978 -18.949
-17.827 16.65 -17.399
-19.139 18.761 -20.353

-16.752 17.96 -23.312
-15.482 14.956 -25.281
-12.62 14.751 -27.824
-12.437 12.939 -31.204
-8.982 11.264 -31.393
-8.672 10.357 -35.1

-9.65164 14.0172 -35.8091
-10.7576 17.5457 -36.4752
-13.2568 18.9011 -39.0173

-15.0422 21.1508 -41.506
-14.7538 24.1313 -39.1659
-11.0321 23.5237 -38.694
-10.4875 23.3383 -42.4506
-12.3553 26.6054 -42.9802
-10.2708 28.3409 -40.3182
-7.04392 27.116 -41.9088
-8.13643 28.374 -45.3245

-11.9894 27.83 -45.3965
-12.1534 27.066 -41.6075
-13.4084 29.966 -39.4715
-11.3084 29.288 -36.3065
-8.08343 28.654 -38.3385

-4.68543 29.469 -36.7585
-1.30343 28.849 -38.4305
1.90257 28.845 -36.3575

4.82457 29.952 -38.5765
7.37957 28.347 -36.1405
5.95457 24.769 -36.0585
4.37357 25.17 -39.5845

1.12957 23.655 -38.1575
-2.60543 24.419 -38.3625
-4.97543 24.577 -35.3585
-8.75843 25.034 -35.0175
-11.4234 25.435 -32.2775

-12.5494 22.071 -30.8435
-16.2154 22.776 -31.8645
-15.0234 22.755 -35.5455
-13.4704 19.212 -35.2065
-16.5204 17.387 -36.6895
-16.8624 20.077 -39.4605
-13.1444 19.715 -40.3885
-13.1074 15.862 -40.4045
-16.3374 15.807 -42.4955
-14.7994 18.209 -45.1175
-11.3854 16.381 -45.1705

-13.0854 12.981 -45.8945
-14.2544 14.579 -49.2015
-10.6204 15.229 -50.3585
-8.96943 12.596 -52.6285
-5.54343 11.233 -51.4885

-5.75243 12.822 -47.9295
-6.05743 10.852 -44.6465
-6.43443 12.997 -41.4815
-6.95543 10.692 -38.4685

-9.51043 12.282 -36.0245
-9.15443 12.936 -32.2795
-9.64243 9.50203 -30.5625
-13.0864 8.58203 -29.1395
-11.5274 8.86203 -25.6225
-10.8264 12.613 -26.1795
-14.2564 13.229 -27.7985
-15.9154 11.564 -24.7455
-13.7124 13.556 -22.2765

-14.3204 16.952 -24.0215
-17.9604 16.186 -25.0815
-19.1434 19.515 -23.4905

-16.5064 21.627 -25.3305
-17.2924 19.833 -28.6635
-20.9234 21.18 -28.2765

-20.3064 24.835 -27.1645
-19.8144 27.689 -29.7045
-18.7864 29.836 -26.6635
-15.6664 30.239 -24.4755
-17.3224 29.663 -21.0895
-14.4874 28.62 -18.7475
-15.0234 25.388 -16.7015

-18.5114 25.425 -15.0615
-18.0904 26.241 -11.3555
-17.8704 23.065 -9.27346
-21.1064 23.032 -7.18746
-20.5684 22.979 -3.41146
-21.5974 19.584 -2.02446

-24.0194 19.283 0.900537
-21.6814 17.884 3.60754
-24.3694 18.052 6.41954
-24.4514 14.192 6.55554
-20.6124 14.182 7.08654
-19.1124 14.339 10.6015

-18.8124 18.107 11.5455
-15.2834 17.542 13.0035
-14.0884 16.502 9.49954
-16.0234 19.218 7.56254
-14.6944 22.041 9.85254
-11.0304 20.853 9.49354

-10.9794 20.855 5.62754
-8.73743 23.62 4.21854

-10.3984 25.725 1.39554
-8.52343 23.816 -1.37146
-9.35643 20.435 0.298537
-13.0884 21.44 0.309537
-12.8544 22.351 -3.42046
-11.2354 18.888 -4.02146
-14.0804 17.108 -2.12346
-16.6554 19.117 -4.17646
-14.8474 18.198 -7.47146
-14.7224 14.492 -6.48246
-18.4884 14.524 -5.63946
-19.3164 16.376 -8.93246

-17.2654 13.678 -10.8395
-19.5064 11.081 -9.03746
-16.8044 9.73303 -6.63746

-14.6444 8.38603 -9.54146
-11.2484 10.151 -9.60446
-7.50143 10.045 -9.08846
-6.58743 12.574 -6.34646

-2.98643 13.228 -7.49546

-2.42743 16.222 -5.14246
1.20357 16.638 -3.99046

2.65957 14.748 -0.969463
1.34657 15.989 2.41654
-1.52543 18.202 1.00654
-3.99843 16.014 3.04054

-5.13643 13.387 0.463537
-6.30443 11.114 3.36654
-8.65543 13.747 4.94854
-10.1684 14.539 1.48654
-10.5744 10.771 0.722537
-12.3124 10.075 4.09354
-14.7074 13.029 3.43054
-15.5394 11.888 -0.172463
-16.1384 8.31003 1.09554
-18.2474 9.55303 4.09354
-20.5194 11.564 1.71054

-21.1924 8.09103 0.139537

-21.6764 6.32603 3.61354
-25.1784 5.17603 2.40254
-23.3424 3.07703 -0.305463
-20.9184 1.16503 2.04254
-19.2734 -1.37997 2.80254

-16.0664 0.585035 2.12054
-12.8434 -1.10397 0.901537
-9.52743 0.705035 1.62954
-6.42443 -0.705965 -0.144463
-3.12143 0.676035 1.23554

0.657571 0.0170349 1.61854
1.29157 -2.78697 4.19954
2.85157 -0.271965 6.72554
0.0185712 2.39303 6.83154

-3.05043 0.165035 7.63554
-3.18743 1.28003 11.3075
-2.44643 4.93103 10.2625
-5.65743 4.72903 8.13854
-7.70643 3.13603 11.0075
-6.56043 5.95303 13.3615
-7.40143 8.50903 10.6015
-11.0144 7.14403 10.3925
-11.3744 7.17303 14.2435
-9.88843 10.733 14.3555
-12.1154 12.228 11.6105

-15.4134 10.224 11.8725
-16.1434 9.98303 15.6885
-19.6804 8.82403 14.5805
-18.0564 5.33203 14.0385
-17.3224 2.74803 16.7495

-13.9244 0.929035 16.4895
-15.9304 -2.28697 15.7125
-17.0724 -0.633965 12.4235

-13.3834 -0.782965 11.2085
-11.7974 -4.09097 10.1205
-7.97343 -4.00797 9.71354

-6.99443 -7.08297 7.66754
-3.60843 -8.26997 9.00454
-3.49343 -11.804 7.44554
-4.69743 -13.766 4.36754
-7.06143 -15.787 6.70254
-9.08043 -12.775 7.94954
-12.6444 -11.884 6.79154
-12.3674 -8.93997 4.33354
-16.1084 -8.06897 4.90554
-16.2114 -8.13297 8.75954
-16.4004 -4.29897 9.16854
-18.3724 -1.43297 7.62754

-14.8804 -0.106965 6.67054
-12.3574 -2.79997 5.59754
-8.62843 -1.86497 5.43554
-6.30143 -4.26897 3.51954
-2.82143 -4.26197 1.92354

-1.95043 -4.70697 -1.79046
-0.0494288 -7.97597 -0.992463
-3.12543 -9.51297 0.745537
-5.59243 -8.73597 -2.14546

-4.21843 -11.682 -4.22746
-4.57943 -14.04 -1.18446
-8.13543 -12.707 -0.522463
-9.30643 -12.782 -4.22846
-12.0234 -15.382 -3.32346
-13.5354 -12.803 -0.855463
-13.2474 -9.86097 -3.37846
-16.3634 -11.4 -5.08946
-18.4804 -9.41797 -2.54246
-19.3864 -6.10397 -4.31546
-17.6594 -3.20197 -2.52546
-19.5284 -0.181965 -4.00746

-16.9964 2.35603 -2.57546
-13.2284 1.73503 -2.93846
-10.2994 3.88803 -1.76546
-6.80943 2.92303 -3.00746

-3.95443 4.79603 -1.30846
-0.633429 5.16803 -3.21646

-2.35843 3.68103 -6.33646
0.942571 3.82603 -8.33546
1.45557 0.291035 -6.82346
-1.06643 -0.832965 -9.54346

1.14957 0.597035 -12.4215
1.84657 -2.87597 -13.9785
-1.20543 -4.94997 -15.1035
0.713571 -8.31497 -15.0055
1.32157 -8.08297 -11.2065

-0.843429 -10.236 -8.87546
-1.86043 -7.08897 -6.85446
-3.12443 -5.37597 -10.0605
-4.87843 -8.55997 -11.3735
-6.75343 -8.87197 -8.01546
-7.60543 -5.10397 -7.69946
-8.75743 -4.31997 -11.2925
-11.9924 -6.48997 -11.3705
-13.2534 -4.75297 -8.16646
-12.2964 -1.23897 -9.43146
-14.1854 -1.79297 -12.7535
-17.4404 -2.89397 -10.9435

-17.3644 -0.610965 -7.83246
-19.6644 2.49103 -8.07146

-17.1184 4.91703 -6.47146
-13.3114 4.68603 -6.99646
-11.0614 7.11003 -5.07746
-7.43743 6.57603 -6.19046
-4.71943 8.51203 -4.27946

-1.03143 9.09803 -5.18646
1.70957 11.745 -4.79446
3.41757 10.334 -7.90446
0.705571 8.81103 -10.1995
3.44457 8.01203 -12.7125
6.86357 7.07703 -11.2445
8.88657 7.30603 -14.5235
6.74757 6.84803 -17.7315

3.22157 7.44503 -19.2515
2.56257 3.63703 -19.4685
2.30557 3.51503 -15.5905
-0.911429 5.66303 -15.7465
-2.92043 3.18703 -17.8955
-4.19643 1.00703 -14.9815
-5.27343 4.14103 -13.0105
-7.03043 5.62703 -16.1255
-9.05143 2.39503 -16.7435
-9.83743 2.10703 -12.9815
-11.3964 5.65003 -12.9635

-12.8994 5.37903 -16.5395
-13.2844 1.66303 -17.6245
-14.4644 2.78203 -21.1475
-11.2274 4.74303 -21.8755
-8.62943 2.79703 -23.9595
-10.1924 -0.751965 -23.5965
-6.86843 -2.18397 -24.9385

-3.39343 -0.985965 -23.7965
-2.01143 -0.988965 -27.3995
-4.15843 2.06603 -28.3975
-2.85743 4.00203 -25.3265
0.742571 2.83403 -26.0355
0.679571 3.87103 -29.7515
-0.530429 7.39903 -28.7975
1.30457 8.21303 -25.5095

4.19757 5.68203 -25.1315
5.85657 6.16503 -28.6095
5.20857 2.45603 -29.2255

7.78557 0.809035 -31.5565
7.53657 -2.53897 -33.3985
10.8166 -4.38197 -32.6415

11.8126 -7.86397 -34.0695
10.7626 -9.43097 -30.6825

7.40657 -7.53797 -30.2755
6.24257 -4.05497 -29.1815
8.33257 -1.62997 -27.0995

6.32157 0.841035 -24.9055
9.25257 2.45703 -22.9465
8.92157 5.78403 -24.8395
6.70257 8.87103 -24.4935
4.57457 10.931 -26.9325
1.81957 13.626 -27.0105

2.27957 14.343 -23.2355
0.448571 17.741 -23.3345
-2.65143 15.965 -24.7915
-2.32643 13.251 -22.0875
-2.14543 16.019 -19.3945
-5.35343 17.657 -20.7635
-7.18643 14.262 -20.8725
-6.07443 13.439 -17.2855
-7.13343 16.837 -15.7985
-10.5354 16.887 -17.6115
-11.7124 13.278 -17.0765

-9.48143 11.276 -14.6105

-7.34843 13.334 -12.2265
-7.40643 16.228 -9.75546

-3.80343 17.47 -9.22246
-2.49643 20.471 -7.23346
1.07857 21.306 -6.25946

2.60457 22.79 -3.03146
3.21557 25.994 -5.05346
-0.539429 26.243 -5.95346
-1.97943 25.873 -2.39346

0.831571 26.368 0.228537
2.79257 29.603 -0.602463
4.20657 29.366 2.99754
6.21157 26.098 2.58154

10.0106 26.792 2.56654
11.7636 26.058 -0.757463

13.4196 22.688 -1.50046
17.0356 23.536 -2.47846
18.5726 20.646 -4.48046
22.2516 20.148 -5.42746
24.6136 17.539 -6.82946
27.6546 16.844 -4.58846
30.4736 15.29 -6.64346

32.2536 13.089 -4.05246
35.9686 12.908 -4.86246

36.9526 9.67703 -6.78546
40.5676 10.148 -5.45746
39.5296 7.95603 -2.43546

38.4886 5.16703 -4.92046
41.6266 2.98603 -4.85446

43.1326 1.71303 -8.15246
41.8206 -1.90497 -7.61146
38.1986 -0.706965 -7.06046
38.4756 1.62303 -10.1215
39.9046 -1.22197 -12.2735
36.9666 -3.43897 -11.0885
34.4206 -0.703965 -12.0865
36.2176 -0.305965 -15.4765
36.1306 -4.13197 -15.9075
32.3576 -4.44097 -15.1595
31.6696 -1.38897 -17.4275
33.6246 -3.06497 -20.3145
31.8506 -6.37797 -19.5235
28.3536 -4.82597 -20.1075
29.4446 -3.49497 -23.5785

30.9246 -6.82497 -24.8305
29.0946 -7.92297 -28.0355
29.2356 -11.703 -27.5005
27.3646 -11.864 -24.1155
23.7916 -13.092 -23.6085

20.9956 -10.705 -22.4545
21.3146 -12.367 -18.9915
25.1366 -11.908 -18.7025
24.5856 -8.20597 -19.6735
21.9966 -7.85297 -16.7985
24.3646 -9.67297 -14.3615
27.3136 -7.38097 -15.3185
24.9626 -4.34297 -14.8625
23.9476 -5.54497 -11.3385
27.6626 -6.12597 -10.5315
28.6326 -2.60497 -11.8035
25.8056 -1.06597 -9.68846
26.7606 -3.01497 -6.49046
30.4936 -2.09797 -7.05746
29.4436 1.59203 -7.41746
27.7926 1.40303 -3.95746
30.9526 -0.177965 -2.38846
33.2526 2.38303 -4.11646
31.2536 5.35703 -2.67046
31.2006 4.16103 1.02754
34.4876 5.91403 2.16454
33.5506 9.34703 0.692537
29.8656 8.99203 1.73254
31.2066 8.44403 5.30354
33.6786 11.387 4.91654
30.7516 13.638 3.83354
28.4396 12.486 6.72354
31.2446 13.254 9.23454
31.8986 16.704 7.60954
28.1496 17.501 8.08554
28.2766 16.49 11.8105
31.6016 18.355 12.4005

29.9436 21.434 10.7175
27.4636 21.419 13.6915
24.2946 20.122 11.9005
21.6006 19.169 14.4285
19.3476 16.82 12.3045

19.5666 15.225 8.82354
18.3986 12.149 6.85254
20.7686 9.78703 4.97754
19.1826 7.72003 2.17354
20.8036 4.56503 0.702537

19.4216 1.26403 -0.774463
22.2996 -1.27997 -0.719463

22.4306 -2.96397 2.73354
26.2936 -2.76197 2.79154
26.0636 1.09503 2.54954
23.4606 1.28003 5.39354
25.6216 -1.15497 7.47954
28.8866 0.827035 6.92554
27.2096 4.20603 7.77154
25.6566 2.77703 11.0105
28.9926 1.14403 12.0405
30.9346 4.44703 11.6205
28.2486 6.46003 13.5285
28.4666 3.86903 16.3935
32.3286 4.09303 16.2785

32.0406 7.94803 16.5345
29.3726 7.51603 19.3355
26.7946 9.47603 17.2335
23.1906 8.78903 18.3025

21.1876 7.79803 15.1915
18.1026 5.83003 14.0255
18.0246 3.11303 11.3095
15.0226 2.01203 9.16554

15.2886 -0.709965 6.46754
13.4556 -3.80597 5.05354
14.0336 -5.72297 8.36254
12.5996 -2.97397 10.6785
9.08657 -3.97897 11.8675
5.92357 -1.88297 11.2115
5.55057 -0.774965 14.8995

9.30857 -0.132965 15.4865
9.29957 2.09203 12.3195
6.73857 4.42403 13.9835
8.58757 4.36903 17.3675
12.0236 5.15703 15.7595
10.2826 7.92603 13.7365
8.94857 9.41403 17.0365
12.4256 9.03103 18.6895
14.0736 11.047 15.8215
11.2256 13.647 15.8715
11.1516 14.211 19.6825

14.7846 13.548 20.8165
17.3686 16.33 20.1305
20.1716 13.702 20.5805
19.3606 11.698 17.4025
21.3296 13.679 14.7815

21.1876 11.155 11.8685
18.4276 8.98403 10.3895
19.8896 6.12203 8.25954
17.0336 5.21203 5.88654
16.4596 2.68403 3.09854

15.1476 4.58003 -0.00246323
12.7186 1.67003 -0.711463
11.6556 0.821035 2.88554
11.1686 4.41503 4.25254
9.44657 5.94403 1.11954
5.98557 5.47003 2.80754
3.98757 6.42603 5.95854
6.75457 8.19203 7.95354
7.20357 11.964 8.63854
10.6566 13.507 9.34754
9.81957 17.242 9.79354
12.5296 17.574 12.5465
15.3136 17.509 9.87354
16.1976 20.314 7.37654

18.6446 18.237 5.23454
18.3356 15.073 3.09254
21.5026 13.306 1.80754
21.1256 10.673 -0.936463

24.2856 8.55003 -0.492463
23.0766 6.53003 -3.52346
21.0656 7.33303 -6.67146
17.8726 5.36803 -7.46746
16.7866 4.81403 -11.1345
13.1406 5.78603 -10.3895

12.6006 9.56303 -9.74146
9.12757 9.01503 -8.17846
10.8286 7.14803 -5.25846
13.4476 9.94403 -4.84346
10.6106 12.572 -4.68946
8.73057 10.332 -2.15446
11.9086 10.325 0.0255368
12.3826 14.176 -0.206463

8.68457 14.651 0.811537
9.35857 12.804 4.09554
10.9796 16.084 5.36054
9.04757 18.606 3.21554
5.66357 18.113 5.03954
3.12357 20.287 6.92254
5.04757 21.229 10.1195
8.35557 22.001 8.29754
9.58457 25.601 9.01154
13.1066 25.532 7.39854
14.2096 25.495 3.71254

14.8316 21.814 2.88954
18.3216 20.993 1.55754
18.5836 17.942 -0.777463
22.1446 16.69 -1.51846
22.6486 14.006 -4.23046
26.0686 12.311 -3.72246
27.6016 11.295 -7.12546

30.9906 9.79503 -8.14746
32.6916 10.314 -11.5765
33.7976 6.94903 -13.1005
30.7746 4.97403 -11.6825
27.1026 3.97403 -12.3085

26.0906 7.55803 -11.2295
27.4096 8.90203 -14.6135
24.6296 6.89403 -16.4235
21.9306 6.97103 -13.6895
21.8946 10.785 -13.2695
21.0836 11.627 -16.9835
18.4986 8.74003 -16.9335
16.7896 10.177 -13.7895
16.8026 13.69 -15.4065
15.1096 12.607 -18.6885
12.5086 10.682 -16.5735
11.6666 13.817 -14.4545
11.3066 15.809 -17.7265
8.83357 13.164 -19.0915
6.91157 13.43 -15.7595
6.92657 17.294 -15.9235
5.69957 17.378 -19.5935

2.82657 15.056 -18.4765
2.02657 17.598 -15.6315
3.10257 14.997 -12.9875
6.12257 16.904 -11.5115
7.29757 20.519 -10.9395
10.7556 19.08 -10.2045
13.2296 20.216 -12.8495
16.6696 18.544 -12.3765
18.5546 20.35 -15.2655

19.5606 23.439 -13.1835
21.6086 21.25 -10.7405
23.9556 19.933 -13.5195
24.8066 23.33 -15.0785

26.0716 24.289 -11.5485
28.5566 21.316 -11.1255

End chain 1
