-13.201 -6.296 -53.957
-10.703 -3.406 -53.291
-9.54 -3.087 -49.639
-11.02 0.322 -48.639
-8.614 1.85 -46.053
-10.787 3.126 -43.162

-9.634 6.195 -41.181
-10.061 4.9 -37.589
-10.286 6.838 -34.306
-12.195 7.103 -30.979
-14.163 9.439 -28.711
-12.619 10.223 -25.263
-14.157 12.207 -22.344

-11.943 15.248 -21.466
-14.301 16.978 -18.949
-17.827 16.65 -17.399
-19.139 18.761 -20.353

-16.752 17.96 -23.312
-15.482 14.956 -25.281
-12.62 14.751 -27.824
-12.437 12.939 -31.204
-8.982 11.264 -31.393
-8.672 10.357 -35.1

-8.34635 9.12437 -38.7243
-6.31558 12.1931 -39.726
-5.42727 15.2091 -37.7753

-1.68269 14.6356 -38.0789
-1.73345 12.1453 -35.2086
-4.60841 10.2304 -36.7931
-2.7805 10.0474 -40.12
0.360397 8.73252 -38.4322
-1.62347 6.04941 -36.6134
-3.27357 4.93788 -39.8513
0.0938554 4.68956 -41.5954

-3.75914 4.14556 -41.6674
-3.92314 3.38156 -37.8784
-5.17814 6.28156 -35.7424
-3.07814 5.60356 -32.5774
0.146855 4.96956 -34.6094

3.54486 5.78456 -33.0294
6.92686 5.16456 -34.7014
10.1329 5.16056 -32.6284

13.0549 6.26756 -34.8474
15.6099 4.66256 -32.4114
14.1849 1.08456 -32.3294
12.6039 1.48556 -35.8554

9.35986 -0.029437 -34.4284
5.62486 0.734563 -34.6334
3.25486 0.892563 -31.6294
-0.528145 1.34956 -31.2884
-3.19314 1.75056 -28.5484

-4.31914 -1.61344 -27.1144
-7.98514 -0.908437 -28.1354
-6.79314 -0.929437 -31.8164
-5.24014 -4.47244 -31.4774
-8.29014 -6.29744 -32.9604
-8.63214 -3.60744 -35.7314
-4.91414 -3.96944 -36.6594
-4.87714 -7.82244 -36.6754
-8.10714 -7.87744 -38.7664
-6.56914 -5.47544 -41.3884
-3.15514 -7.30344 -41.4414

-4.85514 -10.7034 -42.1654
-6.02414 -9.10544 -45.4724
-2.39014 -8.45544 -46.6294
-0.739145 -11.0884 -48.8994
2.68686 -12.4514 -47.7594

2.47786 -10.8624 -44.2004
2.17286 -12.8324 -40.9174
1.79586 -10.6874 -37.7524
1.27486 -12.9924 -34.7394

-1.28014 -11.4024 -32.2954
-0.924145 -10.7484 -28.5504
-1.41214 -14.1824 -26.8334
-4.85614 -15.1024 -25.4104
-3.29714 -14.8224 -21.8934
-2.59614 -11.0714 -22.4504
-6.02614 -10.4554 -24.0694
-7.68514 -12.1204 -21.0164
-5.48214 -10.1284 -18.5474

-6.09014 -6.73244 -20.2924
-9.73014 -7.49844 -21.3524
-10.9131 -4.16944 -19.7614

-8.27614 -2.05744 -21.6014
-9.06214 -3.85144 -24.9344
-12.6931 -2.50444 -24.5474

-12.0761 1.15056 -23.4354
-11.5841 4.00456 -25.9754
-10.5561 6.15156 -22.9344
-7.43614 6.55456 -20.7464
-9.09214 5.97856 -17.3604
-6.25714 4.93556 -15.0184
-6.79314 1.70356 -12.9724

-10.2811 1.74056 -11.3324
-9.86014 2.55656 -7.62639
-9.64014 -0.619437 -5.54439
-12.8761 -0.652437 -3.45839
-12.3381 -0.705437 0.31761
-13.3671 -4.10044 1.70461

-15.7891 -4.40144 4.62961
-13.4511 -5.80044 7.33661
-16.1391 -5.63244 10.1486
-16.2211 -9.49244 10.2846
-12.3821 -9.50244 10.8156
-10.8821 -9.34544 14.3306

-10.5821 -5.57744 15.2746
-7.05314 -6.14244 16.7326
-5.85814 -7.18244 13.2286
-7.79314 -4.46644 11.2916
-6.46414 -1.64344 13.5816
-2.80014 -2.83144 13.2226

-2.74914 -2.82944 9.35661
-0.507145 -0.064437 7.94761

-2.16814 2.04056 5.12461
-0.293145 0.131563 2.35761
-1.12614 -3.24944 4.02761
-4.85814 -2.24444 4.03861
-4.62414 -1.33344 0.30861
-3.00514 -4.79644 -0.29239
-5.85014 -6.57644 1.60561
-8.42514 -4.56744 -0.44739
-6.61714 -5.48644 -3.74239
-6.49214 -9.19244 -2.75339
-10.2581 -9.16044 -1.91039
-11.0861 -7.30844 -5.20339

-9.03514 -10.0064 -7.11039
-11.2761 -12.6034 -5.30839
-8.57414 -13.9514 -2.90839

-6.41414 -15.2984 -5.81239
-3.01814 -13.5334 -5.87539
0.728855 -13.6394 -5.35939
1.64286 -11.1104 -2.61739

5.24386 -10.4564 -3.76639

5.80286 -7.46244 -1.41339
9.43386 -7.04644 -0.26139

10.8899 -8.93644 2.75961
9.57686 -7.69544 6.14561
6.70486 -5.48244 4.73561
4.23186 -7.67044 6.76961

3.09386 -10.2974 4.19261
1.92586 -12.5704 7.09561
-0.425145 -9.93744 8.67761
-1.93814 -9.14544 5.21561
-2.34414 -12.9134 4.45161
-4.08214 -13.6094 7.82261
-6.47714 -10.6554 7.15961
-7.30914 -11.7964 3.55661
-7.90814 -15.3744 4.82461
-10.0171 -14.1314 7.82261
-12.2891 -12.1204 5.43961

-12.9621 -15.5934 3.86861

-13.4461 -17.3584 7.34261
-16.9481 -18.5084 6.13161
-15.1121 -20.6074 3.42361
-12.6881 -22.5194 5.77161
-11.0431 -25.0644 6.53161

-7.83614 -23.0994 5.84961
-4.61314 -24.7884 4.63061
-1.29714 -22.9794 5.35861
1.80586 -24.3904 3.58461
5.10886 -23.0084 4.96461

8.88786 -23.6674 5.34761
9.52186 -26.4714 7.92861
11.0819 -23.9564 10.4546
8.24886 -21.2914 10.5606

5.17986 -23.5194 11.3646
5.04286 -22.4044 15.0366
5.78386 -18.7534 13.9916
2.57286 -18.9554 11.8676
0.523855 -20.5484 14.7366
1.66986 -17.7314 17.0906
0.828855 -15.1754 14.3306
-2.78414 -16.5404 14.1216
-3.14414 -16.5114 17.9726
-1.65814 -12.9514 18.0846
-3.88514 -11.4564 15.3396

-7.18314 -13.4604 15.6016
-7.91314 -13.7014 19.4176
-11.4501 -14.8604 18.3096
-9.82614 -18.3524 17.7676
-9.09214 -20.9364 20.4786

-5.69414 -22.7554 20.2186
-7.70014 -25.9714 19.4416
-8.84214 -24.3184 16.1526

-5.15314 -24.4674 14.9376
-3.56714 -27.7754 13.8496
0.256855 -27.6924 13.4426

1.23586 -30.7674 11.3966
4.62186 -31.9544 12.7336
4.73686 -35.4884 11.1746
3.53286 -37.4504 8.09661
1.16886 -39.4714 10.4316
-0.850145 -36.4594 11.6786
-4.41414 -35.5684 10.5206
-4.13714 -32.6244 8.06261
-7.87814 -31.7534 8.63461
-7.98114 -31.8174 12.4886
-8.17014 -27.9834 12.8976
-10.1421 -25.1174 11.3566

-6.65014 -23.7914 10.3996
-4.12714 -26.4844 9.32661
-0.398145 -25.5494 9.16461
1.92886 -27.9534 7.24861
5.40886 -27.9464 5.65261

6.27986 -28.3914 1.93861
8.18086 -31.6604 2.73661
5.10486 -33.1974 4.47461
2.63786 -32.4204 1.58361

4.01186 -35.3664 -0.49839
3.65086 -37.7244 2.54461
0.0948554 -36.3914 3.20661
-1.07614 -36.4664 -0.49939
-3.79314 -39.0664 0.40561
-5.30514 -36.4874 2.87361
-5.01714 -33.5454 0.35061
-8.13314 -35.0844 -1.36039
-10.2501 -33.1024 1.18661
-11.1561 -29.7884 -0.58639
-9.42914 -26.8864 1.20361
-11.2981 -23.8664 -0.27839

-8.76614 -21.3284 1.15361
-4.99814 -21.9494 0.79061
-2.06914 -19.7964 1.96361
1.42086 -20.7614 0.72161

4.27586 -18.8884 2.42061
7.59686 -18.5164 0.51261

5.87186 -20.0034 -2.60739
9.17286 -19.8584 -4.60639
9.68586 -23.3934 -3.09439
7.16386 -24.5174 -5.81439

9.37986 -23.0874 -8.69239
10.0769 -26.5604 -10.2494
7.02486 -28.6344 -11.3744
8.94386 -31.9994 -11.2764
9.55186 -31.7674 -7.47739

7.38686 -33.9204 -5.14639
6.36986 -30.7734 -3.12539
5.10586 -29.0604 -6.33139
3.35186 -32.2444 -7.64439
1.47686 -32.5564 -4.28639
0.624855 -28.7884 -3.97039
-0.527145 -28.0044 -7.56339
-3.76214 -30.1744 -7.64139
-5.02314 -28.4374 -4.43739
-4.06614 -24.9234 -5.70239
-5.95514 -25.4774 -9.02439
-9.21014 -26.5784 -7.21439

-9.13414 -24.2954 -4.10339
-11.4341 -21.1934 -4.34239

-8.88814 -18.7674 -2.74239
-5.08114 -18.9984 -3.26739
-2.83114 -16.5744 -1.34839
0.792855 -17.1084 -2.46139
3.51086 -15.1724 -0.55039

7.19886 -14.5864 -1.45739
9.93986 -11.9394 -1.06539
11.6479 -13.3504 -4.17539
8.93586 -14.8734 -6.47039
11.6749 -15.6724 -8.98339
15.0939 -16.6074 -7.51539
17.1169 -16.3784 -10.7944
14.9779 -16.8364 -14.0024

11.4519 -16.2394 -15.5224
10.7929 -20.0474 -15.7394
10.5359 -20.1694 -11.8614
7.31886 -18.0214 -12.0174
5.30986 -20.4974 -14.1664
4.03386 -22.6774 -11.2524
2.95686 -19.5434 -9.28139
1.19986 -18.0574 -12.3964
-0.821145 -21.2894 -13.0144
-1.60714 -21.5774 -9.25239
-3.16614 -18.0344 -9.23439

-4.66914 -18.3054 -12.8104
-5.05414 -22.0214 -13.8954
-6.23414 -20.9024 -17.4184
-2.99714 -18.9414 -18.1464
-0.399145 -20.8874 -20.2304
-1.96214 -24.4364 -19.8674
1.36186 -25.8684 -21.2094

4.83686 -24.6704 -20.0674
6.21886 -24.6734 -23.6704
4.07186 -21.6184 -24.6684
5.37286 -19.6824 -21.5974
8.97286 -20.8504 -22.3064
8.90986 -19.8134 -26.0224
7.69986 -16.2854 -25.0684
9.53486 -15.4714 -21.7804

12.4279 -18.0024 -21.4024
14.0869 -17.5194 -24.8804
13.4389 -21.2284 -25.4964

16.0159 -22.8754 -27.8274
15.7669 -26.2234 -29.6694
19.0469 -28.0664 -28.9124

20.0429 -31.5484 -30.3404
18.9929 -33.1154 -26.9534

15.6369 -31.2224 -26.5464
14.4729 -27.7394 -25.4524
16.5629 -25.3144 -23.3704

14.5519 -22.8434 -21.1764
17.4829 -21.2274 -19.2174
17.1519 -17.9004 -21.1104
14.9329 -14.8134 -20.7644
12.8049 -12.7534 -23.2034
10.0499 -10.0584 -23.2814

10.5099 -9.34144 -19.5064
8.67886 -5.94344 -19.6054
5.57886 -7.71944 -21.0624
5.90386 -10.4334 -18.3584
6.08486 -7.66544 -15.6654
2.87686 -6.02744 -17.0344
1.04386 -9.42244 -17.1434
2.15586 -10.2454 -13.5564
1.09686 -6.84744 -12.0694
-2.30514 -6.79744 -13.8824
-3.48214 -10.4064 -13.3474

-1.25114 -12.4084 -10.8814

0.881855 -10.3504 -8.49739
0.823855 -7.45644 -6.02639

4.42686 -6.21444 -5.49339
5.73386 -3.21344 -3.50439
9.30886 -2.37844 -2.53039

10.8349 -0.894437 0.69761
11.4459 2.30956 -1.32439
7.69086 2.55856 -2.22439
6.25086 2.18856 1.33561

9.06186 2.68356 3.95761
11.0229 5.91856 3.12661
12.4369 5.68156 6.72661
14.4419 2.41356 6.31061

18.2409 3.10756 6.29561
19.9939 2.37356 2.97161

21.6499 -0.996437 2.22861
25.2659 -0.148437 1.25061
26.8029 -3.03844 -0.75139
30.4819 -3.53644 -1.69839
32.8439 -6.14544 -3.10039
35.8849 -6.84044 -0.85939
38.7039 -8.39444 -2.91439

40.4839 -10.5954 -0.32339
44.1989 -10.7764 -1.13339

45.1829 -14.0074 -3.05639
48.7979 -13.5364 -1.72839
47.7599 -15.7284 1.29361

46.7189 -18.5174 -1.19139
49.8569 -20.6984 -1.12539

51.3629 -21.9714 -4.42339
50.0509 -25.5894 -3.88239
46.4289 -24.3914 -3.33139
46.7059 -22.0614 -6.39239
48.1349 -24.9064 -8.54439
45.1969 -27.1234 -7.35939
42.6509 -24.3884 -8.35739
44.4479 -23.9904 -11.7474
44.3609 -27.8164 -12.1784
40.5879 -28.1254 -11.4304
39.8999 -25.0734 -13.6984
41.8549 -26.7494 -16.5854
40.0809 -30.0624 -15.7944
36.5839 -28.5104 -16.3784
37.6749 -27.1794 -19.8494

39.1549 -30.5094 -21.1014
37.3249 -31.6074 -24.3064
37.4659 -35.3874 -23.7714
35.5949 -35.5484 -20.3864
32.0219 -36.7764 -19.8794

29.2259 -34.3894 -18.7254
29.5449 -36.0514 -15.2624
33.3669 -35.5924 -14.9734
32.8159 -31.8904 -15.9444
30.2269 -31.5374 -13.0694
32.5949 -33.3574 -10.6324
35.5439 -31.0654 -11.5894
33.1929 -28.0274 -11.1334
32.1779 -29.2294 -7.60939
35.8929 -29.8104 -6.80239
36.8629 -26.2894 -8.07439
34.0359 -24.7504 -5.95939
34.9909 -26.6994 -2.76139
38.7239 -25.7824 -3.32839
37.6739 -22.0924 -3.68839
36.0229 -22.2814 -0.22839
39.1829 -23.8624 1.34061
41.4829 -21.3014 -0.38739
39.4839 -18.3274 1.05861
39.4309 -19.5234 4.75661
42.7179 -17.7704 5.89361
41.7809 -14.3374 4.42161
38.0959 -14.6924 5.46161
39.4369 -15.2404 9.03261
41.9089 -12.2974 8.64561
38.9819 -10.0464 7.56261
36.6699 -11.1984 10.4526
39.4749 -10.4304 12.9636
40.1289 -6.98044 11.3386
36.3799 -6.18344 11.8146
36.5069 -7.19444 15.5396
39.8319 -5.32944 16.1296

38.1739 -2.25044 14.4466
35.6939 -2.26544 17.4206
32.5249 -3.56244 15.6296
29.8309 -4.51544 18.1576
27.5779 -6.86444 16.0336

27.7969 -8.45944 12.5526
26.6289 -11.5354 10.5816
28.9989 -13.8974 8.70661
27.4129 -15.9644 5.90261
29.0339 -19.1194 4.43161

27.6519 -22.4204 2.95461
30.5299 -24.9644 3.00961

30.6609 -26.6484 6.46261
34.5239 -26.4464 6.52061
34.2939 -22.5894 6.27861
31.6909 -22.4044 9.12261
33.8519 -24.8394 11.2086
37.1169 -22.8574 10.6546
35.4399 -19.4784 11.5006
33.8869 -20.9074 14.7396
37.2229 -22.5404 15.7696
39.1649 -19.2374 15.3496
36.4789 -17.2244 17.2576
36.6969 -19.8154 20.1226
40.5589 -19.5914 20.0076

40.2709 -15.7364 20.2636
37.6029 -16.1684 23.0646
35.0249 -14.2084 20.9626
31.4209 -14.8954 22.0316

29.4179 -15.8864 18.9206
26.3329 -17.8544 17.7546
26.2549 -20.5714 15.0386
23.2529 -21.6724 12.8946

23.5189 -24.3944 10.1966
21.6859 -27.4904 8.78261
22.2639 -29.4074 12.0916
20.8299 -26.6584 14.4076
17.3169 -27.6634 15.5966
14.1539 -25.5674 14.9406
13.7809 -24.4594 18.6286

17.5389 -23.8174 19.2156
17.5299 -21.5924 16.0486
14.9689 -19.2604 17.7126
16.8179 -19.3154 21.0966
20.2539 -18.5274 19.4886
18.5129 -15.7584 17.4656
17.1789 -14.2704 20.7656
20.6559 -14.6534 22.4186
22.3039 -12.6374 19.5506
19.4559 -10.0374 19.6006
19.3819 -9.47344 23.4116

23.0149 -10.1364 24.5456
25.5989 -7.35444 23.8596
28.4019 -9.98244 24.3096
27.5909 -11.9864 21.1316
29.5599 -10.0054 18.5106

29.4179 -12.5294 15.5976
26.6579 -14.7004 14.1186
28.1199 -17.5624 11.9886
25.2639 -18.4724 9.61561
24.6899 -21.0004 6.82761

23.3779 -19.1044 3.72661
20.9489 -22.0144 3.01761
19.8859 -22.8634 6.61461
19.3989 -19.2694 7.98161
17.6769 -17.7404 4.84861
14.2159 -18.2144 6.53661
12.2179 -17.2584 9.68761
14.9849 -15.4924 11.6826
15.4339 -11.7204 12.3676
18.8869 -10.1774 13.0766
18.0499 -6.44244 13.5226
20.7599 -6.11044 16.2756
23.5439 -6.17544 13.6026
24.4279 -3.37044 11.1056

26.8749 -5.44744 8.96361
26.5659 -8.61144 6.82161
29.7329 -10.3784 5.53661
29.3559 -13.0114 2.79261

32.5159 -15.1344 3.23661
31.3069 -17.1544 0.20561
29.2959 -16.3514 -2.94239
26.1029 -18.3164 -3.73839
25.0169 -18.8704 -7.40539
21.3709 -17.8984 -6.66039

20.8309 -14.1214 -6.01239
17.3579 -14.6694 -4.44939
19.0589 -16.5364 -1.52939
21.6779 -13.7404 -1.11439
18.8409 -11.1124 -0.96039
16.9609 -13.3524 1.57461
20.1389 -13.3594 3.75461
20.6129 -9.50844 3.52261

16.9149 -9.03344 4.54061
17.5889 -10.8804 7.82461
19.2099 -7.60044 9.08961
17.2779 -5.07844 6.94461
13.8939 -5.57144 8.76861
11.3539 -3.39744 10.6516
13.2779 -2.45544 13.8486
16.5859 -1.68344 12.0266
17.8149 1.91656 12.7406
21.3369 1.84756 11.1276
22.4399 1.81056 7.44161

23.0619 -1.87044 6.61861
26.5519 -2.69144 5.28661
26.8139 -5.74244 2.95161
30.3749 -6.99444 2.21061
30.8789 -9.67844 -0.50139
34.2989 -11.3734 0.00660997
35.8319 -12.3894 -3.39639

39.2209 -13.8894 -4.41839
40.9219 -13.3704 -7.84739
42.0279 -16.7354 -9.37139
39.0049 -18.7104 -7.95339
35.3329 -19.7104 -8.57939

34.3209 -16.1264 -7.50039
35.6399 -14.7824 -10.8844
32.8599 -16.7904 -12.6944
30.1609 -16.7134 -9.96039
30.1249 -12.8994 -9.54039
29.3139 -12.0574 -13.2544
26.7289 -14.9444 -13.2044
25.0199 -13.5074 -10.0604
25.0329 -9.99444 -11.6774
23.3399 -11.0774 -14.9594
20.7389 -13.0024 -12.8444
19.8969 -9.86744 -10.7254
19.5369 -7.87544 -13.9974
17.0639 -10.5204 -15.3624
15.1419 -10.2544 -12.0304
15.1569 -6.39044 -12.1944
13.9299 -6.30644 -15.8644

11.0569 -8.62844 -14.7474
10.2569 -6.08644 -11.9024
11.3329 -8.68744 -9.25839
14.3529 -6.78044 -7.78239
15.5279 -3.16544 -7.21039
18.9859 -4.60444 -6.47539
21.4599 -3.46844 -9.12039
24.8999 -5.14044 -8.64739
26.7849 -3.33444 -11.5364

27.7909 -0.245437 -9.45439
29.8389 -2.43444 -7.01139
32.1859 -3.75144 -9.79039
33.0369 -0.354437 -11.3494

34.3019 0.604563 -7.81939
36.7869 -2.36844 -7.39639

End chain 1
