-13.201 -6.296 -53.957
-10.703 -3.406 -53.291
-9.54 -3.087 -49.639
-11.02 0.322 -48.639
-8.614 1.85 -46.053
-10.787 3.126 -43.162

-9.634 6.195 -41.181
-10.061 4.9 -37.589
-10.286 6.838 -34.306
-12.195 7.103 -30.979
-14.163 9.439 -28.711
-12.619 10.223 -25.263
-14.157 12.207 -22.344

-11.943 15.248 -21.466
-14.301 16.978 -18.949
-17.827 16.65 -17.399
-19.139 18.761 -20.353

-16.752 17.96 -23.312
-15.482 14.956 -25.281
-12.62 14.751 -27.824
-12.437 12.939 -31.204
-8.982 11.264 -31.393
-8.672 10.357 -35.1

-6.282 10.744 -38.079
-6.98 13.557 -40.6
-9.895 13.022 -43.051

-11.208 15.853 -45.293
-14.92 14.856 -45.011
-14.611 14.37 -41.226
-13.015 17.857 -40.827
-15.875 19.254 -42.999
-18.403 17.482 -40.669
-16.559 18.759 -37.515
-16.844 22.341 -38.957

-20.697 21.797 -39.029
-20.861 21.033 -35.24
-22.116 23.933 -33.104
-20.016 23.255 -29.939
-16.791 22.621 -31.971

-13.393 23.436 -30.391
-10.011 22.816 -32.063
-6.805 22.812 -29.99

-3.883 23.919 -32.209
-1.328 22.314 -29.773
-2.753 18.736 -29.691
-4.334 19.137 -33.217

-7.578 17.622 -31.79
-11.313 18.386 -31.995
-13.683 18.544 -28.991
-17.466 19.001 -28.65
-20.131 19.402 -25.91

-21.257 16.038 -24.476
-24.923 16.743 -25.497
-23.731 16.722 -29.178
-22.178 13.179 -28.839
-25.228 11.354 -30.322
-25.57 14.044 -33.093
-21.852 13.682 -34.021
-21.815 9.829 -34.037
-25.045 9.774 -36.128
-23.507 12.176 -38.75
-20.093 10.348 -38.803

-21.793 6.948 -39.527
-22.962 8.546 -42.834
-19.328 9.196 -43.991
-17.677 6.563 -46.261
-14.251 5.2 -45.121

-14.46 6.789 -41.562
-14.765 4.819 -38.279
-15.142 6.964 -35.114
-15.663 4.659 -32.101

-18.218 6.249 -29.657
-17.862 6.903 -25.912
-18.35 3.469 -24.195
-21.794 2.549 -22.772
-20.235 2.829 -19.255
-19.534 6.58 -19.812
-22.964 7.196 -21.431
-24.623 5.531 -18.378
-22.42 7.523 -15.909

-23.028 10.919 -17.654
-26.668 10.153 -18.714
-27.851 13.482 -17.123

-25.214 15.594 -18.963
-26 13.8 -22.296
-29.631 15.147 -21.909

-29.014 18.802 -20.797
-28.522 21.656 -23.337
-27.494 23.803 -20.296
-24.374 24.206 -18.108
-26.03 23.63 -14.722
-23.195 22.587 -12.38
-23.731 19.355 -10.334

-27.219 19.392 -8.694
-26.798 20.208 -4.988
-26.578 17.032 -2.906
-29.814 16.999 -0.82
-29.276 16.946 2.956
-30.305 13.551 4.343

-32.727 13.25 7.268
-30.389 11.851 9.975
-33.077 12.019 12.787
-33.159 8.159 12.923
-29.32 8.149 13.454
-27.82 8.306 16.969

-27.52 12.074 17.913
-23.991 11.509 19.371
-22.796 10.469 15.867
-24.731 13.185 13.93
-23.402 16.008 16.22
-19.738 14.82 15.861

-19.687 14.822 11.995
-17.445 17.587 10.586

-19.106 19.692 7.763
-17.231 17.783 4.996
-18.064 14.402 6.666
-21.796 15.407 6.677
-21.562 16.318 2.947
-19.943 12.855 2.346
-22.788 11.075 4.244
-25.363 13.084 2.191
-23.555 12.165 -1.104
-23.43 8.459 -0.115
-27.196 8.491 0.728
-28.024 10.343 -2.565

-25.973 7.645 -4.472
-28.214 5.048 -2.67
-25.512 3.7 -0.27

-23.352 2.353 -3.174
-19.956 4.118 -3.237
-16.209 4.012 -2.721
-15.295 6.541 0.021

-11.694 7.195 -1.128

-11.135 10.189 1.225
-7.504 10.605 2.377

-6.048 8.715 5.398
-7.361 9.956 8.784
-10.233 12.169 7.374
-12.706 9.981 9.408

-13.844 7.354 6.831
-15.012 5.081 9.734
-17.363 7.714 11.316
-18.876 8.506 7.854
-19.282 4.738 7.09
-21.02 4.042 10.461
-23.415 6.996 9.798
-24.247 5.855 6.195
-24.846 2.277 7.463
-26.955 3.52 10.461
-29.227 5.531 8.078

-29.9 2.058 6.507

-30.384 0.293 9.981
-33.886 -0.857 8.77
-32.05 -2.956 6.062
-29.626 -4.868 8.41
-27.981 -7.413 9.17

-24.774 -5.448 8.488
-21.551 -7.137 7.269
-18.235 -5.328 7.997
-15.132 -6.739 6.223
-11.829 -5.357 7.603

-8.05 -6.016 7.986
-7.416 -8.82 10.567
-5.856 -6.305 13.093
-8.689 -3.64 13.199

-11.758 -5.868 14.003
-11.895 -4.753 17.675
-11.154 -1.102 16.63
-14.365 -1.304 14.506
-16.414 -2.897 17.375
-15.268 -0.08 19.729
-16.109 2.476 16.969
-19.722 1.111 16.76
-20.082 1.14 20.611
-18.596 4.7 20.723
-20.823 6.195 17.978

-24.121 4.191 18.24
-24.851 3.95 22.056
-28.388 2.791 20.948
-26.764 -0.701 20.406
-26.03 -3.285 23.117

-22.632 -5.104 22.857
-24.638 -8.32 22.08
-25.78 -6.667 18.791

-22.091 -6.816 17.576
-20.505 -10.124 16.488
-16.681 -10.041 16.081

-15.702 -13.116 14.035
-12.316 -14.303 15.372
-12.201 -17.837 13.813
-13.405 -19.799 10.735
-15.769 -21.82 13.07
-17.788 -18.808 14.317
-21.352 -17.917 13.159
-21.075 -14.973 10.701
-24.816 -14.102 11.273
-24.919 -14.166 15.127
-25.108 -10.332 15.536
-27.08 -7.466 13.995

-23.588 -6.14 13.038
-21.065 -8.833 11.965
-17.336 -7.898 11.803
-15.009 -10.302 9.887
-11.529 -10.295 8.291

-10.658 -10.74 4.577
-8.757 -14.009 5.375
-11.833 -15.546 7.113
-14.3 -14.769 4.222

-12.926 -17.715 2.14
-13.287 -20.073 5.183
-16.843 -18.74 5.845
-18.014 -18.815 2.139
-20.731 -21.415 3.044
-22.243 -18.836 5.512
-21.955 -15.894 2.989
-25.071 -17.433 1.278
-27.188 -15.451 3.825
-28.094 -12.137 2.052
-26.367 -9.235 3.842
-28.236 -6.215 2.36

-25.704 -3.677 3.792
-21.936 -4.298 3.429
-19.007 -2.145 4.602
-15.517 -3.11 3.36

-12.662 -1.237 5.059
-9.341 -0.865 3.151

-11.066 -2.352 0.031
-7.765 -2.207 -1.968
-7.252 -5.742 -0.456
-9.774 -6.866 -3.176

-7.558 -5.436 -6.054
-6.861 -8.909 -7.611
-9.913 -10.983 -8.736
-7.994 -14.348 -8.638
-7.386 -14.116 -4.839

-9.551 -16.269 -2.508
-10.568 -13.122 -0.487
-11.832 -11.409 -3.693
-13.586 -14.593 -5.006
-15.461 -14.905 -1.648
-16.313 -11.137 -1.332
-17.465 -10.353 -4.925
-20.7 -12.523 -5.003
-21.961 -10.786 -1.799
-21.004 -7.272 -3.064
-22.893 -7.826 -6.386
-26.148 -8.927 -4.576

-26.072 -6.644 -1.465
-28.372 -3.542 -1.704

-25.826 -1.116 -0.104
-22.019 -1.347 -0.629
-19.769 1.077 1.29
-16.145 0.543 0.177
-13.427 2.479 2.088

-9.80399 3.25425 1.98892
-6.91945 2.41476 4.41081
-5.18869 5.72159 4.30563
-3.65579 7.81274 1.50254
-2.05364 9.97179 -1.28479
-2.43649 8.96286 -4.98551
-1.5866 9.46918 -8.63195
-4.0448 9.01171 -11.3932

-4.97383 12.5877 -10.5033
-2.30248 12.7123 -7.80307
0.336357 11.4301 -10.2187
-0.614733 14.0514 -12.8008
-0.379746 16.8251 -10.2135
3.06404 15.6464 -9.12089
4.29065 15.5853 -12.7174
3.02092 19.1175 -13.3124
4.77053 20.3775 -10.1828
8.04626 18.7742 -11.2515
7.81225 20.3634 -14.6957

6.30925 20.0924 -18.2717
5.92425 16.3764 -19.3567
4.74425 17.4954 -22.8797
7.98125 19.4564 -23.6077
10.5792 17.5104 -25.6917
9.01625 13.9614 -25.3287
12.3402 12.5294 -26.6707

15.8152 13.7274 -25.5287
17.1972 13.7244 -29.1317
15.0502 16.7794 -30.1297
16.3512 18.7154 -27.0587
19.9512 17.5474 -27.7677
19.8882 18.5844 -31.4837
18.6782 22.1124 -30.5297
20.5132 22.9264 -27.2417

23.4062 20.3954 -26.8637
25.0652 20.8784 -30.3417
24.4172 17.1694 -30.9577

26.9942 15.5224 -33.2887
26.7452 12.1744 -35.1307
30.0252 10.3314 -34.3737

31.0212 6.84936 -35.8017
29.9712 5.28236 -32.4147

26.6152 7.17536 -32.0077
25.4512 10.6584 -30.9137
27.5412 13.0834 -28.8317

25.5302 15.5544 -26.6377
28.4612 17.1704 -24.6787
28.1302 20.4974 -26.5717
25.9112 23.5844 -26.2257
23.7832 25.6444 -28.6647
21.0282 28.3394 -28.7427

21.4882 29.0564 -24.9677
19.6572 32.4544 -25.0667
16.5572 30.6784 -26.5237
16.8822 27.9644 -23.8197
17.0632 30.7324 -21.1267
13.8552 32.3704 -22.4957
12.0222 28.9754 -22.6047
13.1342 28.1524 -19.0177
12.0752 31.5504 -17.5307
8.67325 31.6004 -19.3437
7.49625 27.9914 -18.8087

9.72725 25.9894 -16.3427

11.8602 28.0474 -13.9587
11.8022 30.9414 -11.4877

15.4052 32.1834 -10.9547
16.7122 35.1844 -8.96572
20.2872 36.0194 -7.99172

21.8132 37.5034 -4.76372
22.4242 40.7074 -6.78572
18.6692 40.9564 -7.68572
17.2292 40.5864 -4.12572

20.0402 41.0814 -1.50372
22.0012 44.3164 -2.33472
23.4152 44.0794 1.26528
25.4202 40.8114 0.84928

29.2192 41.5054 0.83428
30.9722 40.7714 -2.48972

32.6282 37.4014 -3.23272
36.2442 38.2494 -4.21072
37.7812 35.3594 -6.21272
41.4602 34.8614 -7.15972
43.8222 32.2524 -8.56172
46.8632 31.5574 -6.32072
49.6822 30.0034 -8.37572

51.4622 27.8024 -5.78472
55.1772 27.6214 -6.59472

56.1612 24.3904 -8.51772
59.7762 24.8614 -7.18972
58.7382 22.6694 -4.16772

57.6972 19.8804 -6.65272
60.8352 17.6994 -6.58672

62.3412 16.4264 -9.88472
61.0292 12.8084 -9.34372
57.4072 14.0064 -8.79272
57.6842 16.3364 -11.8537
59.1132 13.4914 -14.0057
56.1752 11.2744 -12.8207
53.6292 14.0094 -13.8187
55.4262 14.4074 -17.2087
55.3392 10.5814 -17.6397
51.5662 10.2724 -16.8917
50.8782 13.3244 -19.1597
52.8332 11.6484 -22.0467
51.0592 8.33536 -21.2557
47.5622 9.88736 -21.8397
48.6532 11.2184 -25.3107

50.1332 7.88836 -26.5627
48.3032 6.79036 -29.7677
48.4442 3.01036 -29.2327
46.5732 2.84936 -25.8477
43.0002 1.62136 -25.3407

40.2042 4.00836 -24.1867
40.5232 2.34636 -20.7237
44.3452 2.80536 -20.4347
43.7942 6.50736 -21.4057
41.2052 6.86036 -18.5307
43.5732 5.04036 -16.0937
46.5222 7.33236 -17.0507
44.1712 10.3704 -16.5947
43.1562 9.16836 -13.0707
46.8712 8.58736 -12.2637
47.8412 12.1084 -13.5357
45.0142 13.6474 -11.4207
45.9692 11.6984 -8.22272
49.7022 12.6154 -8.78972
48.6522 16.3054 -9.14972
47.0012 16.1164 -5.68972
50.1612 14.5354 -4.12072
52.4612 17.0964 -5.84872
50.4622 20.0704 -4.40272
50.4092 18.8744 -0.70472
53.6962 20.6274 0.43228
52.7592 24.0604 -1.03972
49.0742 23.7054 0.000279801
50.4152 23.1574 3.57128
52.8872 26.1004 3.18428
49.9602 28.3514 2.10128
47.6482 27.1994 4.99128
50.4532 27.9674 7.50228
51.1072 31.4174 5.87728
47.3582 32.2144 6.35328
47.4852 31.2034 10.0783
50.8102 33.0684 10.6683

49.1522 36.1474 8.98528
46.6722 36.1324 11.9593
43.5032 34.8354 10.1683
40.8092 33.8824 12.6963
38.5562 31.5334 10.5723

38.7752 29.9384 7.09128
37.6072 26.8624 5.12028
39.9772 24.5004 3.24528
38.3912 22.4334 0.44128
40.0122 19.2784 -1.02972

38.6302 15.9774 -2.50672
41.5082 13.4334 -2.45172

41.6392 11.7494 1.00128
45.5022 11.9514 1.05928
45.2722 15.8084 0.81728
42.6692 15.9934 3.66128
44.8302 13.5584 5.74728
48.0952 15.5404 5.19328
46.4182 18.9194 6.03928
44.8652 17.4904 9.27828
48.2012 15.8574 10.3083
50.1432 19.1604 9.88828
47.4572 21.1734 11.7963
47.6752 18.5824 14.6613
51.5372 18.8064 14.5463

51.2492 22.6614 14.8023
48.5812 22.2294 17.6033
46.0032 24.1894 15.5013
42.3992 23.5024 16.5703

40.3962 22.5114 13.4593
37.3112 20.5434 12.2933
37.2332 17.8264 9.57728
34.2312 16.7254 7.43328

34.4972 14.0034 4.73528
32.6642 10.9074 3.32128
33.2422 8.99036 6.63028
31.8082 11.7394 8.94628
28.2952 10.7344 10.1353
25.1322 12.8304 9.47928
24.7592 13.9384 13.1673

28.5172 14.5804 13.7543
28.5082 16.8054 10.5873
25.9472 19.1374 12.2513
27.7962 19.0824 15.6353
31.2322 19.8704 14.0273
29.4912 22.6394 12.0043
28.1572 24.1274 15.3043
31.6342 23.7444 16.9573
33.2822 25.7604 14.0893
30.4342 28.3604 14.1393
30.3602 28.9244 17.9503

33.9932 28.2614 19.0843
36.5772 31.0434 18.3983
39.3802 28.4154 18.8483
38.5692 26.4114 15.6703
40.5382 28.3924 13.0493

40.3962 25.8684 10.1363
37.6362 23.6974 8.65728
39.0982 20.8354 6.52728
36.2422 19.9254 4.15428
35.6682 17.3974 1.36628

34.3562 19.2934 -1.73472
31.9272 16.3834 -2.44372
30.8642 15.5344 1.15328
30.3772 19.1284 2.52028
28.6552 20.6574 -0.61272
25.1942 20.1834 1.07528
23.1962 21.1394 4.22628
25.9632 22.9054 6.22128
26.4122 26.6774 6.90628
29.8652 28.2204 7.61528
29.0282 31.9554 8.06128
31.7382 32.2874 10.8143
34.5222 32.2224 8.14128
35.4062 35.0274 5.64428

37.8532 32.9504 3.50228
37.5442 29.7864 1.36028
40.7112 28.0194 0.0752798
40.3342 25.3864 -2.66872

43.4942 23.2634 -2.22472
42.2852 21.2434 -5.25572
40.2742 22.0464 -8.40372
37.0812 20.0814 -9.19972
35.9952 19.5274 -12.8667
32.3492 20.4994 -12.1217

31.8092 24.2764 -11.4737
28.3362 23.7284 -9.91072
30.0372 21.8614 -6.99072
32.6562 24.6574 -6.57572
29.8192 27.2854 -6.42172
27.9392 25.0454 -3.88672
31.1172 25.0384 -1.70672
31.5912 28.8894 -1.93872

27.8932 29.3644 -0.92072
28.5672 27.5174 2.36328
30.1882 30.7974 3.62828
28.2562 33.3194 1.48328
24.8722 32.8264 3.30728
22.3322 35.0004 5.19028
24.2562 35.9424 8.38728
27.5642 36.7144 6.56528
28.7932 40.3144 7.27928
32.3152 40.2454 5.66628
33.4182 40.2084 1.98028

34.0402 36.5274 1.15728
37.5302 35.7064 -0.17472
37.7922 32.6554 -2.50972
41.3532 31.4034 -3.25072
41.8572 28.7194 -5.96272
45.2772 27.0244 -5.45472
46.8102 26.0084 -8.85772

50.1992 24.5084 -9.87972
51.9002 25.0274 -13.3087
53.0062 21.6624 -14.8327
49.9832 19.6874 -13.4147
46.3112 18.6874 -14.0407

45.2992 22.2714 -12.9617
46.6182 23.6154 -16.3457
43.8382 21.6074 -18.1557
41.1392 21.6844 -15.4217
41.1032 25.4984 -15.0017
40.2922 26.3404 -18.7157
37.7072 23.4534 -18.6657
35.9982 24.8904 -15.5217
36.0112 28.4034 -17.1387
34.3182 27.3204 -20.4207
31.7172 25.3954 -18.3057
30.8752 28.5304 -16.1867
30.5152 30.5224 -19.4587
28.0422 27.8774 -20.8237
26.1202 28.1434 -17.4917
26.1352 32.0074 -17.6557
24.9082 32.0914 -21.3257

22.0352 29.7694 -20.2087
21.2352 32.3114 -17.3637
22.3112 29.7104 -14.7197
25.3312 31.6174 -13.2437
26.5062 35.2324 -12.6717
29.9642 33.7934 -11.9367
32.4382 34.9294 -14.5817
35.8782 33.2574 -14.1087
37.7632 35.0634 -16.9977

38.7692 38.1524 -14.9157
40.8172 35.9634 -12.4727
43.1642 34.6464 -15.2517
44.0152 38.0434 -16.8107

45.2802 39.0024 -13.2807
47.7652 36.0294 -12.8577

End chain 1
