-13.201 -6.296 -53.957
-10.703 -3.406 -53.291
-9.54 -3.087 -49.639
-11.02 0.322 -48.639
-8.614 1.85 -46.053
-10.787 3.126 -43.162

-9.634 6.195 -41.181
-10.061 4.9 -37.589
-10.286 6.838 -34.306
-12.195 7.103 -30.979
-14.163 9.439 -28.711
-12.619 10.223 -25.263
-14.157 12.207 -22.344

-11.943 15.248 -21.466
-14.301 16.978 -18.949
-17.827 16.65 -17.399
-19.139 18.761 -20.353

-16.752 17.96 -23.312
-15.482 14.956 -25.281
-12.62 14.751 -27.824
-12.437 12.939 -31.204
-8.982 11.264 -31.393
-8.672 10.357 -35.1

-6.282 10.744 -38.079
-6.98 13.557 -40.6
-9.895 13.022 -43.051

-11.208 15.853 -45.293
-14.92 14.856 -45.011
-14.611 14.37 -41.226
-13.015 17.857 -40.827
-15.875 19.254 -42.999
-18.403 17.482 -40.669
-16.559 18.759 -37.515
-16.844 22.341 -38.957

-20.697 21.797 -39.029
-20.861 21.033 -35.24
-22.116 23.933 -33.104
-20.016 23.255 -29.939
-16.791 22.621 -31.971

-13.393 23.436 -30.391
-10.011 22.816 -32.063
-6.805 22.812 -29.99

-3.883 23.919 -32.209
-1.328 22.314 -29.773
-2.753 18.736 -29.691
-4.334 19.137 -33.217

-7.578 17.622 -31.79
-11.313 18.386 -31.995
-13.683 18.544 -28.991
-17.466 19.001 -28.65
-20.131 19.402 -25.91

-21.257 16.038 -24.476
-24.923 16.743 -25.497
-23.731 16.722 -29.178
-22.178 13.179 -28.839
-25.228 11.354 -30.322
-25.57 14.044 -33.093
-21.852 13.682 -34.021
-21.815 9.829 -34.037
-25.045 9.774 -36.128
-23.507 12.176 -38.75
-20.093 10.348 -38.803

-21.793 6.948 -39.527
-22.962 8.546 -42.834
-19.328 9.196 -43.991
-17.677 6.563 -46.261
-14.251 5.2 -45.121

-14.46 6.789 -41.562
-14.765 4.819 -38.279
-15.142 6.964 -35.114
-15.663 4.659 -32.101

-18.218 6.249 -29.657
-17.862 6.903 -25.912
-18.35 3.469 -24.195
-21.794 2.549 -22.772
-20.235 2.829 -19.255
-19.534 6.58 -19.812
-22.964 7.196 -21.431
-24.623 5.531 -18.378
-22.42 7.523 -15.909

-23.028 10.919 -17.654
-26.668 10.153 -18.714
-27.851 13.482 -17.123

-25.214 15.594 -18.963
-26 13.8 -22.296
-29.631 15.147 -21.909

-29.014 18.802 -20.797
-28.522 21.656 -23.337
-27.494 23.803 -20.296
-24.374 24.206 -18.108
-26.03 23.63 -14.722
-23.195 22.587 -12.38
-23.731 19.355 -10.334

-27.219 19.392 -8.694
-26.798 20.208 -4.988
-26.578 17.032 -2.906
-29.814 16.999 -0.82
-29.276 16.946 2.956
-30.305 13.551 4.343

-32.727 13.25 7.268
-30.389 11.851 9.975
-33.077 12.019 12.787
-33.159 8.159 12.923
-29.32 8.149 13.454
-27.82 8.306 16.969

-27.52 12.074 17.913
-23.991 11.509 19.371
-22.796 10.469 15.867
-24.731 13.185 13.93
-23.402 16.008 16.22
-19.738 14.82 15.861

-19.687 14.822 11.995
-17.445 17.587 10.586

-19.106 19.692 7.763
-17.231 17.783 4.996
-18.064 14.402 6.666
-21.796 15.407 6.677
-21.562 16.318 2.947
-19.943 12.855 2.346
-22.788 11.075 4.244
-25.363 13.084 2.191
-23.555 12.165 -1.104
-23.43 8.459 -0.115
-27.196 8.491 0.728
-28.024 10.343 -2.565

-25.973 7.645 -4.472
-28.214 5.048 -2.67
-25.512 3.7 -0.27

-23.352 2.353 -3.174
-19.956 4.118 -3.237
-16.209 4.012 -2.721
-15.295 6.541 0.021

-11.694 7.195 -1.128

-11.135 10.189 1.225
-7.504 10.605 2.377

-6.048 8.715 5.398
-7.361 9.956 8.784
-10.233 12.169 7.374
-12.706 9.981 9.408

-13.844 7.354 6.831
-15.012 5.081 9.734
-17.363 7.714 11.316
-18.876 8.506 7.854
-19.282 4.738 7.09
-21.02 4.042 10.461
-23.415 6.996 9.798
-24.247 5.855 6.195
-24.846 2.277 7.463
-26.955 3.52 10.461
-29.227 5.531 8.078

-29.9 2.058 6.507

-30.384 0.293 9.981
-33.886 -0.857 8.77
-32.05 -2.956 6.062
-29.626 -4.868 8.41
-27.981 -7.413 9.17

-24.774 -5.448 8.488
-21.551 -7.137 7.269
-18.235 -5.328 7.997
-15.132 -6.739 6.223
-11.829 -5.357 7.603

-8.05 -6.016 7.986
-7.416 -8.82 10.567
-5.856 -6.305 13.093
-8.689 -3.64 13.199

-11.758 -5.868 14.003
-11.895 -4.753 17.675
-11.154 -1.102 16.63
-14.365 -1.304 14.506
-16.414 -2.897 17.375
-15.268 -0.08 19.729
-16.109 2.476 16.969
-19.722 1.111 16.76
-20.082 1.14 20.611
-18.596 4.7 20.723
-20.823 6.195 17.978

-24.121 4.191 18.24
-24.851 3.95 22.056
-28.388 2.791 20.948
-26.764 -0.701 20.406
-26.03 -3.285 23.117

-22.632 -5.104 22.857
-24.638 -8.32 22.08
-25.78 -6.667 18.791

-22.091 -6.816 17.576
-20.505 -10.124 16.488
-16.681 -10.041 16.081

-15.702 -13.116 14.035
-12.316 -14.303 15.372
-12.201 -17.837 13.813
-13.405 -19.799 10.735
-15.769 -21.82 13.07
-17.788 -18.808 14.317
-21.352 -17.917 13.159
-21.075 -14.973 10.701
-24.816 -14.102 11.273
-24.919 -14.166 15.127
-25.108 -10.332 15.536
-27.08 -7.466 13.995

-23.588 -6.14 13.038
-21.065 -8.833 11.965
-17.336 -7.898 11.803
-15.009 -10.302 9.887
-11.529 -10.295 8.291

-10.658 -10.74 4.577
-8.757 -14.009 5.375
-11.833 -15.546 7.113
-14.3 -14.769 4.222

-12.926 -17.715 2.14
-13.287 -20.073 5.183
-16.843 -18.74 5.845
-18.014 -18.815 2.139
-20.731 -21.415 3.044
-22.243 -18.836 5.512
-21.955 -15.894 2.989
-25.071 -17.433 1.278
-27.188 -15.451 3.825
-28.094 -12.137 2.052
-26.367 -9.235 3.842
-28.236 -6.215 2.36

-25.704 -3.677 3.792
-21.936 -4.298 3.429
-19.007 -2.145 4.602
-15.517 -3.11 3.36

-12.662 -1.237 5.059
-9.341 -0.865 3.151

-11.066 -2.352 0.031
-7.765 -2.207 -1.968
-7.252 -5.742 -0.456
-9.774 -6.866 -3.176

-7.558 -5.436 -6.054
-6.861 -8.909 -7.611
-9.913 -10.983 -8.736
-7.994 -14.348 -8.638
-7.386 -14.116 -4.839

-9.551 -16.269 -2.508
-10.568 -13.122 -0.487
-11.832 -11.409 -3.693
-13.586 -14.593 -5.006
-15.461 -14.905 -1.648
-16.313 -11.137 -1.332
-17.465 -10.353 -4.925
-20.7 -12.523 -5.003
-21.961 -10.786 -1.799
-21.004 -7.272 -3.064
-22.893 -7.826 -6.386
-26.148 -8.927 -4.576

-25.7945 -5.69049 -2.78918
-25.6946 -6.18226 0.950903

-22.8405 -8.7044 1.55969
-22.522 -10.9178 4.64021
-21.581 -11.6453 8.21474
-24.9827 -10.4288 9.08951
-26.4128 -13.7827 10.2964

-22.7248 -13.1967 9.3894
-19.9838 -10.5497 9.7814
-18.2758 -11.9607 6.6714
-20.9878 -13.4837 4.3764
-18.2488 -14.2827 1.8634
-14.8298 -15.2177 3.3314
-12.8068 -14.9887 0.0524023
-14.9458 -15.4467 -3.1556

-18.4718 -14.8497 -4.6756
-19.1308 -18.6577 -4.8926
-19.3878 -18.7797 -1.0146
-22.6048 -16.6317 -1.1706
-24.6138 -19.1077 -3.3196
-25.8898 -21.2877 -0.405598
-26.9668 -18.1537 1.5654
-28.7238 -16.6677 -1.5496
-30.7448 -19.8997 -2.1676
-31.5308 -20.1877 1.5944
-33.0898 -16.6447 1.6124

-34.5928 -16.9157 -1.9636
-34.9778 -20.6317 -3.0486
-36.1578 -19.5127 -6.5716
-32.9208 -17.5517 -7.2996
-30.3228 -19.4977 -9.3836
-31.8858 -23.0467 -9.0206
-28.5618 -24.4787 -10.3626

-25.0868 -23.2807 -9.2206
-23.7048 -23.2837 -12.8236
-25.8518 -20.2287 -13.8216
-24.5508 -18.2927 -10.7506
-20.9508 -19.4607 -11.4596
-21.0138 -18.4237 -15.1756
-22.2238 -14.8957 -14.2216
-20.3888 -14.0817 -10.9336

-17.4958 -16.6127 -10.5556
-15.8368 -16.1297 -14.0336
-16.4848 -19.8387 -14.6496

-13.9078 -21.4857 -16.9806
-14.1568 -24.8337 -18.8226
-10.8768 -26.6767 -18.0656

-9.88075 -30.1587 -19.4936
-10.9308 -31.7257 -16.1066

-14.2868 -29.8327 -15.6996
-15.4508 -26.3497 -14.6056
-13.3608 -23.9247 -12.5236

-15.3718 -21.4537 -10.3296
-12.4408 -19.8377 -8.3706
-12.7718 -16.5107 -10.2636
-14.9908 -13.4237 -9.9176
-17.1188 -11.3637 -12.3566
-19.8738 -8.66865 -12.4346

-19.4138 -7.95165 -8.6596
-21.2448 -4.55365 -8.7586
-24.3448 -6.32965 -10.2156
-24.0198 -9.04365 -7.5116
-23.8388 -6.27565 -4.8186
-27.0468 -4.63765 -6.1876
-28.8798 -8.03265 -6.2966
-27.7678 -8.85565 -2.7096
-28.8268 -5.45765 -1.2226
-32.2288 -5.40765 -3.0356
-33.4058 -9.01665 -2.5006

-31.1748 -11.0187 -0.0345977

-29.0418 -8.96065 2.3494
-29.0998 -6.06665 4.8204

-25.4968 -4.82465 5.3534
-24.1898 -1.82365 7.3424
-20.6148 -0.988651 8.3164

-19.0888 0.495349 11.5444
-18.4778 3.69935 9.5224
-22.2328 3.94835 8.6224
-23.6728 3.57835 12.1824

-20.8618 4.07335 14.8044
-18.9008 7.30835 13.9734
-17.4868 7.07135 17.5734
-15.4818 3.80335 17.1574

-11.6828 4.49735 17.1424
-9.92975 3.76335 13.8184

-8.27375 0.393349 13.0754
-4.65775 1.24135 12.0974
-3.12075 -1.64865 10.0954
0.558249 -2.14665 9.1484
2.92025 -4.75565 7.7464
5.96125 -5.45065 9.9874
8.78025 -7.00465 7.9324

10.5602 -9.20565 10.5234
14.2752 -9.38665 9.7134

15.2592 -12.6177 7.7904
18.8742 -12.1467 9.1184
17.8362 -14.3387 12.1404

16.7952 -17.1277 9.6554
19.9332 -19.3087 9.7214

21.4392 -20.5817 6.4234
20.1272 -24.1997 6.9644
16.5052 -23.0017 7.5154
16.7822 -20.6717 4.4544
18.2112 -23.5167 2.3024
15.2732 -25.7337 3.4874
12.7272 -22.9987 2.4894
14.5242 -22.6007 -0.900598
14.4372 -26.4267 -1.3316
10.6642 -26.7357 -0.583598
9.97625 -23.6837 -2.8516
11.9312 -25.3597 -5.7386
10.1572 -28.6727 -4.9476
6.66025 -27.1207 -5.5316
7.75125 -25.7897 -9.0026

9.23125 -29.1197 -10.2546
7.40125 -30.2177 -13.4596
7.54225 -33.9977 -12.9246
5.67125 -34.1587 -9.5396
2.09825 -35.3867 -9.0326

-0.697751 -32.9997 -7.8786
-0.378751 -34.6617 -4.4156
3.44325 -34.2027 -4.1266
2.89225 -30.5007 -5.0976
0.303249 -30.1477 -2.2226
2.67125 -31.9677 0.214402
5.62025 -29.6757 -0.742598
3.26925 -26.6377 -0.286598
2.25425 -27.8397 3.2374
5.96925 -28.4207 4.0444
6.93925 -24.8997 2.7724
4.11225 -23.3607 4.8874
5.06725 -25.3097 8.0854
8.80025 -24.3927 7.5184
7.75025 -20.7027 7.1584
6.09925 -20.8917 10.6184
9.25925 -22.4727 12.1874
11.5592 -19.9117 10.4594
9.56025 -16.9377 11.9054
9.50725 -18.1337 15.6034
12.7942 -16.3807 16.7404
11.8572 -12.9477 15.2684
8.17225 -13.3027 16.3084
9.51325 -13.8507 19.8794
11.9852 -10.9077 19.4924
9.05825 -8.65665 18.4094
6.74625 -9.80865 21.2994
9.55125 -9.04065 23.8104
10.2052 -5.59065 22.1854
6.45625 -4.79365 22.6614
6.58325 -5.80465 26.3864
9.90825 -3.93965 26.9764

8.25025 -0.860651 25.2934
5.77025 -0.875651 28.2674
2.60125 -2.17265 26.4764
-0.0927511 -3.12565 29.0044
-2.34575 -5.47465 26.8804

-2.12675 -7.06965 23.3994
-3.29475 -10.1457 21.4284
-0.924751 -12.5077 19.5534
-2.51075 -14.5747 16.7494
-0.889751 -17.7297 15.2784

-2.27175 -21.0307 13.8014
0.606249 -23.5747 13.8564

0.737249 -25.2587 17.3094
4.60025 -25.0567 17.3674
4.37025 -21.1997 17.1254
1.76725 -21.0147 19.9694
3.92825 -23.4497 22.0554
7.19325 -21.4677 21.5014
5.51625 -18.0887 22.3474
3.96325 -19.5177 25.5864
7.29925 -21.1507 26.6164
9.24125 -17.8477 26.1964
6.55525 -15.8347 28.1044
6.77325 -18.4257 30.9694
10.6352 -18.2017 30.8544

10.3472 -14.3467 31.1104
7.67925 -14.7787 33.9114
5.10125 -12.8187 31.8094
1.49725 -13.5057 32.8784

-0.505751 -14.4967 29.7674
-3.59075 -16.4647 28.6014
-3.66875 -19.1817 25.8854
-6.67075 -20.2827 23.7414

-6.40475 -23.0047 21.0434
-8.23775 -26.1007 19.6294
-7.65975 -28.0177 22.9384
-9.09375 -25.2687 25.2544
-12.6068 -26.2737 26.4434
-15.7698 -24.1777 25.7874
-16.1428 -23.0697 29.4754

-12.3848 -22.4277 30.0624
-12.3938 -20.2027 26.8954
-14.9548 -17.8707 28.5594
-13.1058 -17.9257 31.9434
-9.66975 -17.1377 30.3354
-11.4108 -14.3687 28.3124
-12.7448 -12.8807 31.6124
-9.26775 -13.2637 33.2654
-7.61975 -11.2477 30.3974
-10.4678 -8.64765 30.4474
-10.5418 -8.08365 34.2584

-6.90875 -8.74665 35.3924
-4.32475 -5.96465 34.7064
-1.52175 -8.59265 35.1564
-2.33275 -10.5967 31.9784
-0.363751 -8.61565 29.3574

-0.505751 -11.1397 26.4444
-3.26575 -13.3107 24.9654
-1.80375 -16.1727 22.8354
-4.65975 -17.0827 20.4624
-5.23375 -19.6107 17.6744

-6.54575 -17.7147 14.5734
-8.97475 -20.6247 13.8644
-10.0378 -21.4737 17.4614
-10.5248 -17.8797 18.8284
-12.2468 -16.3507 15.6954
-15.7078 -16.8247 17.3834
-17.7058 -15.8687 20.5344
-14.9388 -14.1027 22.5294
-14.4898 -10.3307 23.2144
-11.0368 -8.78765 23.9234
-11.8738 -5.05265 24.3694
-9.16375 -4.72065 27.1224
-6.37975 -4.78565 24.4494
-5.49575 -1.98065 21.9524

-3.04875 -4.05765 19.8104
-3.35775 -7.22165 17.6684
-0.190751 -8.98865 16.3834
-0.567751 -11.6217 13.6394

2.59225 -13.7447 14.0834
1.38325 -15.7647 11.0524
-0.627751 -14.9617 7.9044
-3.82075 -16.9267 7.1084
-4.90675 -17.4807 3.4414
-8.55275 -16.5087 4.1864

-9.09275 -12.7317 4.8344
-12.5658 -13.2797 6.3974
-10.8648 -15.1467 9.3174
-8.24575 -12.3507 9.7324
-11.0828 -9.72265 9.8864
-12.9628 -11.9627 12.4214
-9.78475 -11.9697 14.6014
-9.31075 -8.11865 14.3694

-13.0088 -7.64365 15.3874
-12.3348 -9.49065 18.6714
-10.7138 -6.21065 19.9364
-12.6458 -3.68865 17.7914
-16.0298 -4.18165 19.6154
-18.5698 -2.00765 21.4984
-16.6458 -1.06565 24.6954
-13.3378 -0.293651 22.8734
-12.1088 3.30635 23.5874
-8.58675 3.23735 21.9744
-7.48375 3.20035 18.2884

-6.86175 -0.480651 17.4654
-3.37175 -1.30165 16.1334
-3.10975 -4.35265 13.7984
0.451249 -5.60465 13.0574
0.955249 -8.28865 10.3454
4.37525 -9.98365 10.8534
5.90825 -10.9997 7.4504

9.29725 -12.4997 6.4284
10.9982 -11.9807 2.9994
12.1042 -15.3457 1.4754
9.08125 -17.3207 2.8934
5.40925 -18.3207 2.2674

4.39725 -14.7367 3.3464
5.71625 -13.3927 -0.0375977
2.93625 -15.4007 -1.8476
0.237249 -15.3237 0.886402
0.201249 -11.5097 1.3064
-0.609751 -10.6677 -2.4076
-3.19475 -13.5547 -2.3576
-4.90375 -12.1177 0.786402
-4.89075 -8.60465 -0.830598
-6.58375 -9.68765 -4.1126
-9.18475 -11.6127 -1.9976
-10.0268 -8.47765 0.121402
-10.3868 -6.48565 -3.1506
-12.8598 -9.13065 -4.5156
-14.7818 -8.86465 -1.1836
-14.7668 -5.00065 -1.3476
-15.9938 -4.91665 -5.0176

-18.8668 -7.23865 -3.9006
-19.6668 -4.69665 -1.0556
-18.5908 -7.29765 1.5884
-15.5708 -5.39065 3.0644
-14.3958 -1.77565 3.6364
-10.9378 -3.21465 4.3714
-8.46375 -2.07865 1.7264
-5.02375 -3.75065 2.1994
-3.13875 -1.94465 -0.689598

-2.13275 1.14435 1.3924
-0.0847511 -1.04465 3.8354
2.26225 -2.36165 1.0564
3.11325 1.03535 -0.502598

4.37825 1.99435 3.0274
6.86325 -0.978651 3.4504

End chain 1
