-13.201 -6.296 -53.957
-10.703 -3.406 -53.291
-9.54 -3.087 -49.639
-11.02 0.322 -48.639
-8.614 1.85 -46.053
-10.787 3.126 -43.162

-9.634 6.195 -41.181
-10.061 4.9 -37.589
-10.286 6.838 -34.306
-12.195 7.103 -30.979
-14.163 9.439 -28.711
-12.619 10.223 -25.263
-14.157 12.207 -22.344

-11.943 15.248 -21.466
-14.301 16.978 -18.949
-17.827 16.65 -17.399
-19.139 18.761 -20.353

-16.752 17.96 -23.312
-15.482 14.956 -25.281
-12.62 14.751 -27.824
-12.437 12.939 -31.204
-8.982 11.264 -31.393
-8.672 10.357 -35.1

-6.282 10.744 -38.079
-6.98 13.557 -40.6
-9.895 13.022 -43.051

-11.208 15.853 -45.293
-14.92 14.856 -45.011
-14.611 14.37 -41.226
-13.015 17.857 -40.827
-15.875 19.254 -42.999
-18.403 17.482 -40.669
-16.559 18.759 -37.515
-16.844 22.341 -38.957

-20.697 21.797 -39.029
-20.861 21.033 -35.24
-22.116 23.933 -33.104
-20.016 23.255 -29.939
-16.791 22.621 -31.971

-13.393 23.436 -30.391
-10.011 22.816 -32.063
-6.805 22.812 -29.99

-3.883 23.919 -32.209
-1.328 22.314 -29.773
-2.753 18.736 -29.691
-4.334 19.137 -33.217

-7.578 17.622 -31.79
-11.313 18.386 -31.995
-13.683 18.544 -28.991
-17.466 19.001 -28.65
-20.131 19.402 -25.91

-21.257 16.038 -24.476
-24.923 16.743 -25.497
-23.731 16.722 -29.178
-22.178 13.179 -28.839
-25.228 11.354 -30.322
-25.57 14.044 -33.093
-21.852 13.682 -34.021
-21.815 9.829 -34.037
-25.045 9.774 -36.128
-23.507 12.176 -38.75
-20.093 10.348 -38.803

-21.793 6.948 -39.527
-22.962 8.546 -42.834
-19.328 9.196 -43.991
-17.677 6.563 -46.261
-14.251 5.2 -45.121

-14.46 6.789 -41.562
-14.765 4.819 -38.279
-15.142 6.964 -35.114
-15.663 4.659 -32.101

-18.218 6.249 -29.657
-17.862 6.903 -25.912
-18.35 3.469 -24.195
-21.794 2.549 -22.772
-20.235 2.829 -19.255
-19.534 6.58 -19.812
-22.964 7.196 -21.431
-24.623 5.531 -18.378
-22.42 7.523 -15.909

-23.028 10.919 -17.654
-26.668 10.153 -18.714
-27.851 13.482 -17.123

-25.214 15.594 -18.963
-26 13.8 -22.296
-29.631 15.147 -21.909

-29.014 18.802 -20.797
-28.522 21.656 -23.337
-27.494 23.803 -20.296
-24.374 24.206 -18.108
-26.03 23.63 -14.722
-23.195 22.587 -12.38
-23.731 19.355 -10.334

-27.219 19.392 -8.694
-26.798 20.208 -4.988
-26.578 17.032 -2.906
-29.814 16.999 -0.82
-29.276 16.946 2.956
-30.305 13.551 4.343

-32.727 13.25 7.268
-30.389 11.851 9.975
-33.077 12.019 12.787
-33.159 8.159 12.923
-29.32 8.149 13.454
-27.82 8.306 16.969

-27.52 12.074 17.913
-23.991 11.509 19.371
-22.796 10.469 15.867
-24.731 13.185 13.93
-23.402 16.008 16.22
-19.738 14.82 15.861

-19.687 14.822 11.995
-17.445 17.587 10.586

-19.106 19.692 7.763
-17.231 17.783 4.996
-18.064 14.402 6.666
-21.796 15.407 6.677
-21.562 16.318 2.947
-19.943 12.855 2.346
-22.788 11.075 4.244
-25.363 13.084 2.191
-23.555 12.165 -1.104
-23.43 8.459 -0.115
-27.196 8.491 0.728
-28.024 10.343 -2.565

-25.973 7.645 -4.472
-28.214 5.048 -2.67
-25.512 3.7 -0.27

-23.352 2.353 -3.174
-19.956 4.118 -3.237
-16.209 4.012 -2.721
-15.295 6.541 0.021

-11.694 7.195 -1.128

-11.135 10.189 1.225
-7.504 10.605 2.377

-6.048 8.715 5.398
-7.361 9.956 8.784
-10.233 12.169 7.374
-12.706 9.981 9.408

-13.844 7.354 6.831
-15.012 5.081 9.734
-17.363 7.714 11.316
-18.876 8.506 7.854
-19.282 4.738 7.09
-21.02 4.042 10.461
-23.415 6.996 9.798
-24.247 5.855 6.195
-24.846 2.277 7.463
-26.955 3.52 10.461
-29.227 5.531 8.078

-29.9 2.058 6.507

-30.384 0.293 9.981
-33.886 -0.857 8.77
-32.05 -2.956 6.062
-29.626 -4.868 8.41
-27.981 -7.413 9.17

-24.774 -5.448 8.488
-21.551 -7.137 7.269
-18.235 -5.328 7.997
-15.132 -6.739 6.223
-11.829 -5.357 7.603

-8.05 -6.016 7.986
-7.416 -8.82 10.567
-5.856 -6.305 13.093
-8.689 -3.64 13.199

-11.758 -5.868 14.003
-11.895 -4.753 17.675
-11.154 -1.102 16.63
-14.365 -1.304 14.506
-16.414 -2.897 17.375
-15.268 -0.08 19.729
-16.109 2.476 16.969
-19.722 1.111 16.76
-20.082 1.14 20.611
-18.596 4.7 20.723
-20.823 6.195 17.978

-24.121 4.191 18.24
-24.851 3.95 22.056
-28.388 2.791 20.948
-26.764 -0.701 20.406
-26.03 -3.285 23.117

-22.632 -5.104 22.857
-24.638 -8.32 22.08
-25.78 -6.667 18.791

-22.091 -6.816 17.576
-20.505 -10.124 16.488
-16.681 -10.041 16.081

-15.702 -13.116 14.035
-12.316 -14.303 15.372
-12.201 -17.837 13.813
-13.405 -19.799 10.735
-15.769 -21.82 13.07
-17.788 -18.808 14.317
-21.352 -17.917 13.159
-21.075 -14.973 10.701
-24.816 -14.102 11.273
-24.919 -14.166 15.127
-25.108 -10.332 15.536
-27.08 -7.466 13.995

-23.588 -6.14 13.038
-21.065 -8.833 11.965
-17.336 -7.898 11.803
-15.009 -10.302 9.887
-11.529 -10.295 8.291

-10.658 -10.74 4.577
-8.757 -14.009 5.375
-11.833 -15.546 7.113
-14.3 -14.769 4.222

-12.926 -17.715 2.14
-13.287 -20.073 5.183
-16.843 -18.74 5.845
-18.014 -18.815 2.139
-20.731 -21.415 3.044
-22.243 -18.836 5.512
-21.955 -15.894 2.989
-25.071 -17.433 1.278
-27.188 -15.451 3.825
-28.094 -12.137 2.052
-26.367 -9.235 3.842
-28.236 -6.215 2.36

-25.704 -3.677 3.792
-21.936 -4.298 3.429
-19.007 -2.145 4.602
-15.517 -3.11 3.36

-12.662 -1.237 5.059
-9.341 -0.865 3.151

-11.066 -2.352 0.031
-7.765 -2.207 -1.968
-7.252 -5.742 -0.456
-9.774 -6.866 -3.176

-7.76903 -5.56241 -6.01476
-4.43581 -6.13211 -7.62416
-1.55468 -5.57962 -9.98297
-4.58199 -4.17696 -11.5866
-7.56989 -2.45297 -13.166

-5.82109 -3.74767 -16.2818
-4.61636 -6.84398 -14.4368
-8.12163 -7.56356 -13.1568
-9.56934 -7.24524 -16.6562
-6.96821 -9.63718 -18.0547
-7.72568 -12.1961 -15.3489
-11.4528 -11.9911 -16.063
-10.867 -12.5073 -19.7823
-8.69749 -15.5556 -19.1161
-11.3497 -17.0692 -16.8539
-14.0363 -16.5437 -19.49
-11.8901 -18.2082 -22.1482

-11.8141 -15.9252 -19.0372
-14.1141 -12.8232 -19.2762

-11.5681 -10.3972 -17.6762
-7.76112 -10.6282 -18.2012
-5.51112 -8.20425 -16.2822
-1.88712 -8.73825 -17.3952
0.830884 -6.80225 -15.4842

4.51888 -6.21625 -16.3912
7.25988 -3.56925 -15.9992
8.96788 -4.98025 -19.1092
6.25588 -6.50325 -21.4042
8.99488 -7.30225 -23.9172
12.4139 -8.23725 -22.4492
14.4369 -8.00825 -25.7282
12.2979 -8.46625 -28.9362

8.77188 -7.86925 -30.4562
8.11288 -11.6772 -30.6732
7.85588 -11.7992 -26.7952
4.63888 -9.65125 -26.9512
2.62988 -12.1272 -29.1002
1.35388 -14.3072 -26.1862
0.276884 -11.1732 -24.2152
-1.48012 -9.68725 -27.3302
-3.50112 -12.9192 -27.9482
-4.28712 -13.2072 -24.1862
-5.84612 -9.66425 -24.1682

-7.34912 -9.93525 -27.7442
-7.73412 -13.6512 -28.8292
-8.91412 -12.5322 -32.3522
-5.67712 -10.5712 -33.0802
-3.07912 -12.5172 -35.1642
-4.64212 -16.0662 -34.8012
-1.31812 -17.4982 -36.1432

2.15688 -16.3002 -35.0012
3.53888 -16.3032 -38.6042
1.39188 -13.2482 -39.6022
2.69288 -11.3122 -36.5312
6.29288 -12.4802 -37.2402
6.22988 -11.4432 -40.9562
5.01988 -7.91525 -40.0022
6.85488 -7.10125 -36.7142

9.74788 -9.63225 -36.3362
11.4069 -9.14925 -39.8142
10.7589 -12.8582 -40.4302

13.3359 -14.5052 -42.7612
13.0869 -17.8532 -44.6032
16.3669 -19.6962 -43.8462

17.3629 -23.1782 -45.2742
16.3129 -24.7452 -41.8872

12.9569 -22.8522 -41.4802
11.7929 -19.3692 -40.3862
13.8829 -16.9442 -38.3042

11.8719 -14.4732 -36.1102
14.8029 -12.8572 -34.1512
14.4719 -9.53025 -36.0442
12.2529 -6.44325 -35.6982
10.1249 -4.38325 -38.1372
7.36988 -1.68825 -38.2152

7.82988 -0.971249 -34.4402
5.99888 2.42675 -34.5392
2.89888 0.650751 -35.9962
3.22388 -2.06325 -33.2922
3.40488 0.704751 -30.5992
0.196884 2.34275 -31.9682
-1.63612 -1.05225 -32.0772
-0.524116 -1.87525 -28.4902
-1.58312 1.52275 -27.0032
-4.98512 1.57275 -28.8162
-6.16212 -2.03625 -28.2812

-3.93112 -4.03825 -25.8152

-1.79812 -1.98025 -23.4312
-1.85612 0.913751 -20.9602

1.74688 2.15575 -20.4272
3.05388 5.15675 -18.4382
6.62888 5.99175 -17.4642

8.15488 7.47575 -14.2362
8.76588 10.6798 -16.2582
5.01088 10.9288 -17.1582
3.57088 10.5588 -13.5982

6.38188 11.0538 -10.9762
8.34288 14.2888 -11.8072
9.75688 14.0518 -8.2072
11.7619 10.7838 -8.6232

15.5609 11.4778 -8.6382
17.3139 10.7438 -11.9622

18.9699 7.37375 -12.7052
22.5859 8.22175 -13.6832
24.1229 5.33175 -15.6852
27.8019 4.83375 -16.6322
30.1639 2.22475 -18.0342
33.2049 1.52975 -15.7932
36.0239 -0.0242494 -17.8482

37.8039 -2.22525 -15.2572
41.5189 -2.40625 -16.0672

42.5029 -5.63725 -17.9902
46.1179 -5.16625 -16.6622
45.0799 -7.35825 -13.6402

44.0389 -10.1472 -16.1252
47.1769 -12.3282 -16.0592

48.6829 -13.6012 -19.3572
47.3709 -17.2192 -18.8162
43.7489 -16.0212 -18.2652
44.0259 -13.6912 -21.3262
45.4549 -16.5362 -23.4782
42.5169 -18.7532 -22.2932
39.9709 -16.0182 -23.2912
41.7679 -15.6202 -26.6812
41.6809 -19.4462 -27.1122
37.9079 -19.7552 -26.3642
37.2199 -16.7032 -28.6322
39.1749 -18.3792 -31.5192
37.4009 -21.6922 -30.7282
33.9039 -20.1402 -31.3122
34.9949 -18.8092 -34.7832

36.4749 -22.1392 -36.0352
34.6449 -23.2372 -39.2402
34.7859 -27.0172 -38.7052
32.9149 -27.1782 -35.3202
29.3419 -28.4062 -34.8132

26.5459 -26.0192 -33.6592
26.8649 -27.6812 -30.1962
30.6869 -27.2222 -29.9072
30.1359 -23.5202 -30.8782
27.5469 -23.1672 -28.0032
29.9149 -24.9872 -25.5662
32.8639 -22.6952 -26.5232
30.5129 -19.6572 -26.0672
29.4979 -20.8592 -22.5432
33.2129 -21.4402 -21.7362
34.1829 -17.9192 -23.0082
31.3559 -16.3802 -20.8932
32.3109 -18.3292 -17.6952
36.0439 -17.4122 -18.2622
34.9939 -13.7222 -18.6222
33.3429 -13.9112 -15.1622
36.5029 -15.4922 -13.5932
38.8029 -12.9312 -15.3212
36.8039 -9.95725 -13.8752
36.7509 -11.1532 -10.1772
40.0379 -9.40025 -9.0402
39.1009 -5.96725 -10.5122
35.4159 -6.32225 -9.4722
36.7569 -6.87025 -5.9012
39.2289 -3.92725 -6.2882
36.3019 -1.67625 -7.3712
33.9899 -2.82825 -4.4812
36.7949 -2.06025 -1.9702
37.4489 1.38975 -3.5952
33.6999 2.18675 -3.1192
33.8269 1.17575 0.605802
37.1519 3.04075 1.1958

35.4939 6.11975 -0.487198
33.0139 6.10475 2.4868
29.8449 4.80775 0.695802
27.1509 3.85475 3.2238
24.8979 1.50575 1.0998

25.1169 -0.0892494 -2.3812
23.9489 -3.16525 -4.3522
26.3189 -5.52725 -6.2272
24.7329 -7.59425 -9.0312
26.3539 -10.7492 -10.5022

24.9719 -14.0502 -11.9792
27.8499 -16.5942 -11.9242

27.9809 -18.2782 -8.4712
31.8439 -18.0762 -8.4132
31.6139 -14.2192 -8.6552
29.0109 -14.0342 -5.8112
31.1719 -16.4692 -3.7252
34.4369 -14.4872 -4.2792
32.7599 -11.1082 -3.4332
31.2069 -12.5372 -0.194198
34.5429 -14.1702 0.835802
36.4849 -10.8672 0.415802
33.7989 -8.85425 2.3238
34.0169 -11.4452 5.1888
37.8789 -11.2212 5.0738

37.5909 -7.36625 5.3298
34.9229 -7.79825 8.1308
32.3449 -5.83825 6.0288
28.7409 -6.52525 7.0978

26.7379 -7.51625 3.9868
23.6529 -9.48425 2.8208
23.5749 -12.2012 0.104802
20.5729 -13.3022 -2.0392

20.8389 -16.0242 -4.7372
19.0059 -19.1202 -6.1512
19.5839 -21.0372 -2.8422
18.1499 -18.2882 -0.526198
14.6369 -19.2932 0.662802
11.4739 -17.1972 0.00680237
11.1009 -16.0892 3.6948

14.8589 -15.4472 4.2818
14.8499 -13.2222 1.1148
12.2889 -10.8902 2.7788
14.1379 -10.9452 6.1628
17.5739 -10.1572 4.5548
15.8329 -7.38825 2.5318
14.4989 -5.90025 5.8318
17.9759 -6.28325 7.4848
19.6239 -4.26725 4.6168
16.7759 -1.66725 4.6668
16.7019 -1.10325 8.4778

20.3349 -1.76625 9.6118
22.9189 1.01575 8.9258
25.7219 -1.61225 9.3758
24.9109 -3.61625 6.1978
26.8799 -1.63525 3.5768

26.7379 -4.15925 0.663802
23.9779 -6.33025 -0.815198
25.4399 -9.19225 -2.9452
22.5839 -10.1022 -5.3182
22.0099 -12.6302 -8.1062

20.6979 -10.7342 -11.2072
18.2689 -13.6442 -11.9162
17.2059 -14.4932 -8.3192
16.7189 -10.8992 -6.9522
14.9969 -9.37025 -10.0852
11.5359 -9.84425 -8.3972
9.53788 -8.88825 -5.2462
12.3049 -7.12225 -3.2512
12.7539 -3.35025 -2.5662
16.2069 -1.80725 -1.8572
15.3699 1.92775 -1.4112
18.0799 2.25975 1.3418
20.8639 2.19475 -1.3312
21.7479 4.99975 -3.8282

24.1949 2.92275 -5.9702
23.8859 -0.241249 -8.1122
27.0529 -2.00825 -9.3972
26.6759 -4.64125 -12.1412

29.8359 -6.76425 -11.6972
28.6269 -8.78425 -14.7282
26.6159 -7.98125 -17.8762
23.4229 -9.94625 -18.6722
22.3369 -10.5002 -22.3392
18.6909 -9.52825 -21.5942

18.1509 -5.75125 -20.9462
14.6779 -6.29925 -19.3832
16.3789 -8.16625 -16.4632
18.9979 -5.37025 -16.0482
16.1609 -2.74225 -15.8942
14.2809 -4.98225 -13.3592
17.4589 -4.98925 -11.1792
17.9329 -1.13825 -11.4112

14.2349 -0.663249 -10.3932
14.9089 -2.51025 -7.1092
16.5299 0.769751 -5.8442
14.5979 3.29175 -7.9892
11.2139 2.79875 -6.1652
8.67388 4.97275 -4.2822
10.5979 5.91475 -1.0852
13.9059 6.68675 -2.9072
15.1349 10.2868 -2.1932
18.6569 10.2178 -3.8062
19.7599 10.1808 -7.4922

20.3819 6.49975 -8.3152
23.8719 5.67875 -9.6472
24.1339 2.62775 -11.9822
27.6949 1.37575 -12.7232
28.1989 -1.30825 -15.4352
31.6189 -3.00325 -14.9272
33.1519 -4.01925 -18.3302

36.5409 -5.51925 -19.3522
38.2419 -5.00025 -22.7812
39.3479 -8.36525 -24.3052
36.3249 -10.3402 -22.8872
32.6529 -11.3402 -23.5132

31.6409 -7.75625 -22.4342
32.9599 -6.41225 -25.8182
30.1799 -8.42025 -27.6282
27.4809 -8.34325 -24.8942
27.4449 -4.52925 -24.4742
26.6339 -3.68725 -28.1882
24.0489 -6.57425 -28.1382
22.3399 -5.13725 -24.9942
22.3529 -1.62425 -26.6112
20.6599 -2.70725 -29.8932
18.0589 -4.63225 -27.7782
17.2169 -1.49725 -25.6592
16.8569 0.494751 -28.9312
14.3839 -2.15025 -30.2962
12.4619 -1.88425 -26.9642
12.4769 1.97975 -27.1282
11.2499 2.06375 -30.7982

8.37688 -0.258249 -29.6812
7.57688 2.28375 -26.8362
8.65288 -0.317249 -24.1922
11.6729 1.58975 -22.7162
12.8479 5.20475 -22.1442
16.3059 3.76575 -21.4092
18.7799 4.90175 -24.0542
22.2199 3.22975 -23.5812
24.1049 5.03575 -26.4702

25.1109 8.12475 -24.3882
27.1589 5.93575 -21.9452
29.5059 4.61875 -24.7242
30.3569 8.01575 -26.2832

31.6219 8.97475 -22.7532
34.1069 6.00175 -22.3302

End chain 1
