-13.201 -6.296 -53.957
-10.703 -3.406 -53.291
-9.54 -3.087 -49.639
-11.02 0.322 -48.639
-8.614 1.85 -46.053
-10.787 3.126 -43.162

-9.634 6.195 -41.181
-10.061 4.9 -37.589
-10.286 6.838 -34.306
-12.195 7.103 -30.979
-14.163 9.439 -28.711
-12.619 10.223 -25.263
-14.157 12.207 -22.344

-11.943 15.248 -21.466
-14.301 16.978 -18.949
-17.827 16.65 -17.399
-19.139 18.761 -20.353

-16.752 17.96 -23.312
-15.482 14.956 -25.281
-12.62 14.751 -27.824
-12.437 12.939 -31.204
-8.982 11.264 -31.393
-8.672 10.357 -35.1

-6.282 10.744 -38.079
-6.98 13.557 -40.6
-9.895 13.022 -43.051

-11.208 15.853 -45.293
-14.92 14.856 -45.011
-14.611 14.37 -41.226
-13.015 17.857 -40.827
-15.875 19.254 -42.999
-18.403 17.482 -40.669
-16.559 18.759 -37.515
-16.844 22.341 -38.957

-20.697 21.797 -39.029
-20.861 21.033 -35.24
-22.116 23.933 -33.104
-20.016 23.255 -29.939
-16.791 22.621 -31.971

-13.393 23.436 -30.391
-10.011 22.816 -32.063
-6.805 22.812 -29.99

-3.883 23.919 -32.209
-1.328 22.314 -29.773
-2.753 18.736 -29.691
-4.334 19.137 -33.217

-7.578 17.622 -31.79
-11.313 18.386 -31.995
-13.683 18.544 -28.991
-17.466 19.001 -28.65
-20.131 19.402 -25.91

-21.257 16.038 -24.476
-24.923 16.743 -25.497
-23.731 16.722 -29.178
-22.178 13.179 -28.839
-25.228 11.354 -30.322
-25.57 14.044 -33.093
-21.852 13.682 -34.021
-21.815 9.829 -34.037
-25.045 9.774 -36.128
-23.507 12.176 -38.75
-20.093 10.348 -38.803

-21.793 6.948 -39.527
-22.962 8.546 -42.834
-19.328 9.196 -43.991
-17.677 6.563 -46.261
-14.251 5.2 -45.121

-14.46 6.789 -41.562
-14.765 4.819 -38.279
-15.142 6.964 -35.114
-15.663 4.659 -32.101

-18.218 6.249 -29.657
-17.862 6.903 -25.912
-18.35 3.469 -24.195
-21.794 2.549 -22.772
-20.235 2.829 -19.255
-19.534 6.58 -19.812
-22.964 7.196 -21.431
-24.623 5.531 -18.378
-22.42 7.523 -15.909

-23.028 10.919 -17.654
-26.668 10.153 -18.714
-27.851 13.482 -17.123

-25.214 15.594 -18.963
-26 13.8 -22.296
-29.631 15.147 -21.909

-28.6491 18.5684 -20.811
-27.5739 21.7572 -19.0036
-25.138 22.4802 -16.2652
-24.1735 19.5219 -18.4042
-24.1532 20.1903 -22.0473
-26.3347 19.4622 -25.1212
-23.5676 17.5762 -26.8615

-20.5635 16.3188 -24.9027
-22.7924 14.2441 -22.6288
-24.5547 12.688 -25.6148
-21.2338 11.7826 -27.2257
-20.013 10.1495 -24.0186
-23.2005 8.09953 -23.7347

-25.6225 7.79853 -20.8097
-23.2845 6.39953 -18.1027
-25.9725 6.56753 -15.2907
-26.0545 2.70753 -15.1547
-22.2155 2.69753 -14.6237
-20.7155 2.85453 -11.1087

-20.4155 6.62253 -10.1647
-16.8865 6.05753 -8.70675
-15.6915 5.01753 -12.2107
-17.6265 7.73353 -14.1477
-16.2975 10.5565 -11.8577
-12.6335 9.36853 -12.2167

-12.5825 9.37053 -16.0827
-10.3405 12.1355 -17.4917

-12.0015 14.2405 -20.3147
-10.1265 12.3315 -23.0817
-10.9595 8.95053 -21.4117
-14.6915 9.95553 -21.4007
-14.4575 10.8665 -25.1307
-12.8385 7.40353 -25.7317
-15.6835 5.62353 -23.8337
-18.2585 7.63253 -25.8867
-16.4505 6.71353 -29.1817
-16.3255 3.00753 -28.1927
-20.0915 3.03953 -27.3497
-20.9195 4.89153 -30.6427

-18.8685 2.19353 -32.5497
-21.1095 -0.403473 -30.7477
-18.4075 -1.75147 -28.3477

-16.2475 -3.09847 -31.2517
-12.8515 -1.33347 -31.3147
-9.10448 -1.43947 -30.7987
-8.19048 1.08953 -28.0567

-4.58948 1.74353 -29.2057

-4.03048 4.73753 -26.8527
-0.399476 5.15353 -25.7007

1.05652 3.26353 -22.6797
-0.256476 4.50453 -19.2937
-3.12848 6.71753 -20.7037
-5.60148 4.52953 -18.6697

-6.73948 1.90253 -21.2467
-7.90748 -0.370473 -18.3437
-10.2585 2.26253 -16.7617
-11.7715 3.05453 -20.2237
-12.1775 -0.713473 -20.9877
-13.9155 -1.40947 -17.6167
-16.3105 1.54453 -18.2797
-17.1425 0.403527 -21.8827
-17.7415 -3.17447 -20.6147
-19.8505 -1.93147 -17.6167
-22.1225 0.0795267 -19.9997

-22.7955 -3.39347 -21.5707

-23.2795 -5.15847 -18.0967
-26.7815 -6.30847 -19.3077
-24.9455 -8.40747 -22.0157
-22.5215 -10.3195 -19.6677
-20.8765 -12.8645 -18.9077

-17.6695 -10.8995 -19.5897
-14.4465 -12.5885 -20.8087
-11.1305 -10.7795 -20.0807
-8.02748 -12.1905 -21.8547
-4.72448 -10.8085 -20.4747

-0.945476 -11.4675 -20.0917
-0.311476 -14.2715 -17.5107
1.24852 -11.7565 -14.9847
-1.58448 -9.09147 -14.8787

-4.65348 -11.3195 -14.0747
-4.79048 -10.2045 -10.4027
-4.04948 -6.55347 -11.4477
-7.26048 -6.75547 -13.5717
-9.30948 -8.34847 -10.7027
-8.16348 -5.53147 -8.34875
-9.00448 -2.97547 -11.1087
-12.6175 -4.34047 -11.3177
-12.9775 -4.31147 -7.46675
-11.4915 -0.751473 -7.35475
-13.7185 0.743527 -10.0997

-17.0165 -1.26047 -9.83775
-17.7465 -1.50147 -6.02175
-21.2835 -2.66047 -7.12975
-19.6595 -6.15247 -7.67175
-18.9255 -8.73647 -4.96075

-15.5275 -10.5555 -5.22075
-17.5335 -13.7715 -5.99775
-18.6755 -12.1185 -9.28675

-14.9865 -12.2675 -10.5017
-13.4005 -15.5755 -11.5897
-9.57648 -15.4925 -11.9967

-8.59748 -18.5675 -14.0427
-5.21148 -19.7545 -12.7057
-5.09648 -23.2885 -14.2647
-6.30048 -25.2505 -17.3427
-8.66448 -27.2715 -15.0077
-10.6835 -24.2595 -13.7607
-14.2475 -23.3685 -14.9187
-13.9705 -20.4245 -17.3767
-17.7115 -19.5535 -16.8047
-17.8145 -19.6175 -12.9507
-18.0035 -15.7835 -12.5417
-19.9755 -12.9175 -14.0827

-16.4835 -11.5915 -15.0397
-13.9605 -14.2845 -16.1127
-10.2315 -13.3495 -16.2747
-7.90448 -15.7535 -18.1907
-4.42448 -15.7465 -19.7867

-3.55348 -16.1915 -23.5007
-1.65248 -19.4605 -22.7027
-4.72848 -20.9975 -20.9647
-7.19548 -20.2205 -23.8557

-5.82148 -23.1665 -25.9377
-6.18248 -25.5245 -22.8947
-9.73848 -24.1915 -22.2327
-10.9095 -24.2665 -25.9387
-13.6265 -26.8665 -25.0337
-15.1385 -24.2875 -22.5657
-14.8505 -21.3455 -25.0887
-17.9665 -22.8845 -26.7997
-20.0835 -20.9025 -24.2527
-20.9895 -17.5885 -26.0257
-19.2625 -14.6865 -24.2357
-21.1315 -11.6665 -25.7177

-18.5995 -9.12847 -24.2857
-14.8315 -9.74947 -24.6487
-11.9025 -7.59647 -23.4757
-8.41248 -8.56147 -24.7177

-5.55748 -6.68847 -23.0187
-2.23648 -6.31647 -24.9267

-3.96148 -7.80347 -28.0467
-0.660476 -7.65847 -30.0457
-0.147476 -11.1935 -28.5337
-2.66948 -12.3175 -31.2537

-0.453476 -10.8875 -34.1317
0.243524 -14.3605 -35.6887
-2.80848 -16.4345 -36.8137
-0.889476 -19.7995 -36.7157
-0.281476 -19.5675 -32.9167

-2.44648 -21.7205 -30.5857
-3.46348 -18.5735 -28.5647
-4.72748 -16.8605 -31.7707
-6.48148 -20.0445 -33.0837
-8.35648 -20.3565 -29.7257
-9.20848 -16.5885 -29.4097
-10.3605 -15.8045 -33.0027
-13.5955 -17.9745 -33.0807
-14.8565 -16.2375 -29.8767
-13.8995 -12.7235 -31.1417
-15.7885 -13.2775 -34.4637
-19.0435 -14.3785 -32.6537

-18.9675 -12.0955 -29.5427
-21.2675 -8.99347 -29.7817

-18.7215 -6.56747 -28.1817
-14.9145 -6.79847 -28.7067
-12.6645 -4.37447 -26.7877
-9.04048 -4.90847 -27.9007
-6.32248 -2.97247 -25.9897

-2.63448 -2.38647 -26.8967
0.106524 0.260527 -26.5047
1.81452 -1.15047 -29.6147
-0.897476 -2.67347 -31.9097
1.84152 -3.47247 -34.4227
5.26052 -4.40747 -32.9547
7.28352 -4.17847 -36.2337
5.14452 -4.63647 -39.4417

1.61852 -4.03947 -40.9617
0.959524 -7.84747 -41.1787
0.702524 -7.96947 -37.3007
-2.51448 -5.82147 -37.4567
-4.52348 -8.29747 -39.6057
-5.79948 -10.4775 -36.6917
-6.87648 -7.34347 -34.7207
-8.63348 -5.85747 -37.8357
-10.6545 -9.08947 -38.4537
-11.4405 -9.37747 -34.6917
-12.9995 -5.83447 -34.6737

-14.5025 -6.10547 -38.2497
-14.8875 -9.82147 -39.3347
-16.0675 -8.70247 -42.8577
-12.8305 -6.74147 -43.5857
-10.2325 -8.68747 -45.6697
-11.7955 -12.2365 -45.3067
-8.47148 -13.6685 -46.6487

-4.99648 -12.4705 -45.5067
-3.61448 -12.4735 -49.1097
-5.76148 -9.41847 -50.1077
-4.46048 -7.48247 -47.0367
-0.860476 -8.65047 -47.7457
-0.923476 -7.61347 -51.4617
-2.13348 -4.08547 -50.5077
-0.298476 -3.27147 -47.2197

2.59452 -5.80247 -46.8417
4.25352 -5.31947 -50.3197
3.60552 -9.02847 -50.9357

6.18252 -10.6755 -53.2667
5.93352 -14.0235 -55.1087
9.21352 -15.8665 -54.3517

10.2095 -19.3485 -55.7797
9.15952 -20.9155 -52.3927

5.80352 -19.0225 -51.9857
4.63952 -15.5395 -50.8917
6.72952 -13.1145 -48.8097

4.71852 -10.6435 -46.6157
7.64952 -9.02747 -44.6567
7.31852 -5.70047 -46.5497
5.09952 -2.61347 -46.2037
2.97152 -0.553473 -48.6427
0.216524 2.14153 -48.7207

0.676524 2.85853 -44.9457
-1.15448 6.25653 -45.0447
-4.25448 4.48053 -46.5017
-3.92948 1.76653 -43.7977
-3.74848 4.53453 -41.1047
-6.95648 6.17253 -42.4737
-8.78948 2.77753 -42.5827
-7.67748 1.95453 -38.9957
-8.73648 5.35253 -37.5087
-12.1385 5.40253 -39.3217
-13.3155 1.79353 -38.7867

-11.0845 -0.208473 -36.3207

-8.95148 1.84953 -33.9367
-9.00948 4.74353 -31.4657

-5.40648 5.98553 -30.9327
-4.09948 8.98653 -28.9437
-0.524476 9.82153 -27.9697

1.00152 11.3055 -24.7417
1.61252 14.5095 -26.7637
-2.14248 14.7585 -27.6637
-3.58248 14.3885 -24.1037

-0.771476 14.8835 -21.4817
1.18952 18.1185 -22.3127
2.60352 17.8815 -18.7127
4.60852 14.6135 -19.1287

8.40752 15.3075 -19.1437
10.1605 14.5735 -22.4677

11.8165 11.2035 -23.2107
15.4325 12.0515 -24.1887
16.9695 9.16153 -26.1907
20.6485 8.66353 -27.1377
23.0105 6.05453 -28.5397
26.0515 5.35953 -26.2987
28.8705 3.80553 -28.3537

30.6505 1.60453 -25.7627
34.3655 1.42353 -26.5727

35.3495 -1.80747 -28.4957
38.9645 -1.33647 -27.1677
37.9265 -3.52847 -24.1457

36.8855 -6.31747 -26.6307
40.0235 -8.49847 -26.5647

41.5295 -9.77147 -29.8627
40.2175 -13.3895 -29.3217
36.5955 -12.1915 -28.7707
36.8725 -9.86147 -31.8317
38.3015 -12.7065 -33.9837
35.3635 -14.9235 -32.7987
32.8175 -12.1885 -33.7967
34.6145 -11.7905 -37.1867
34.5275 -15.6165 -37.6177
30.7545 -15.9255 -36.8697
30.0665 -12.8735 -39.1377
32.0215 -14.5495 -42.0247
30.2475 -17.8625 -41.2337
26.7505 -16.3105 -41.8177
27.8415 -14.9795 -45.2887

29.3215 -18.3095 -46.5407
27.4915 -19.4075 -49.7457
27.6325 -23.1875 -49.2107
25.7615 -23.3485 -45.8257
22.1885 -24.5765 -45.3187

19.3925 -22.1895 -44.1647
19.7115 -23.8515 -40.7017
23.5335 -23.3925 -40.4127
22.9825 -19.6905 -41.3837
20.3935 -19.3375 -38.5087
22.7615 -21.1575 -36.0717
25.7105 -18.8655 -37.0287
23.3595 -15.8275 -36.5727
22.3445 -17.0295 -33.0487
26.0595 -17.6105 -32.2417
27.0295 -14.0895 -33.5137
24.2025 -12.5505 -31.3987
25.1575 -14.4995 -28.2007
28.8905 -13.5825 -28.7677
27.8405 -9.89247 -29.1277
26.1895 -10.0815 -25.6677
29.3495 -11.6625 -24.0987
31.6495 -9.10147 -25.8267
29.6505 -6.12747 -24.3807
29.5975 -7.32347 -20.6827
32.8845 -5.57047 -19.5457
31.9475 -2.13747 -21.0177
28.2625 -2.49247 -19.9777
29.6035 -3.04047 -16.4067
32.0755 -0.0974733 -16.7937
29.1485 2.15353 -17.8767
26.8365 1.00153 -14.9867
29.6415 1.76953 -12.4757
30.2955 5.21953 -14.1007
26.5465 6.01653 -13.6247
26.6735 5.00553 -9.89975
29.9985 6.87053 -9.30975

28.3405 9.94953 -10.9927
25.8605 9.93453 -8.01875
22.6915 8.63753 -9.80975
19.9975 7.68453 -7.28175
17.7445 5.33553 -9.40575

17.9635 3.74053 -12.8867
16.7955 0.664527 -14.8577
19.1655 -1.69747 -16.7327
17.5795 -3.76447 -19.5367
19.2005 -6.91947 -21.0077

17.8185 -10.2205 -22.4847
20.6965 -12.7645 -22.4297

20.8275 -14.4485 -18.9767
24.6905 -14.2465 -18.9187
24.4605 -10.3895 -19.1607
21.8575 -10.2045 -16.3167
24.0185 -12.6395 -14.2307
27.2835 -10.6575 -14.7847
25.6065 -7.27847 -13.9387
24.0535 -8.70747 -10.6997
27.3895 -10.3405 -9.66975
29.3315 -7.03747 -10.0897
26.6455 -5.02447 -8.18175
26.8635 -7.61547 -5.31675
30.7255 -7.39147 -5.43175

30.4375 -3.53647 -5.17575
27.7695 -3.96847 -2.37475
25.1915 -2.00847 -4.47675
21.5875 -2.69547 -3.40775

19.5845 -3.68647 -6.51875
16.4995 -5.65447 -7.68475
16.4215 -8.37147 -10.4007
13.4195 -9.47247 -12.5447

13.6855 -12.1945 -15.2427
11.8525 -15.2905 -16.6567
12.4305 -17.2075 -13.3477
10.9965 -14.4585 -11.0317
7.48352 -15.4635 -9.84275
4.32052 -13.3675 -10.4987
3.94752 -12.2595 -6.81075

7.70552 -11.6175 -6.22375
7.69652 -9.39247 -9.39075
5.13552 -7.06047 -7.72675
6.98452 -7.11547 -4.34275
10.4205 -6.32747 -5.95075
8.67952 -3.55847 -7.97375
7.34552 -2.07047 -4.67375
10.8225 -2.45347 -3.02075
12.4705 -0.437473 -5.88875
9.62252 2.16253 -5.83875
9.54852 2.72653 -2.02775

13.1815 2.06353 -0.893749
15.7655 4.84553 -1.57975
18.5685 2.21753 -1.12975
17.7575 0.213527 -4.30775
19.7265 2.19453 -6.92875

19.5845 -0.329473 -9.84175
16.8245 -2.50047 -11.3207
18.2865 -5.36247 -13.4507
15.4305 -6.27247 -15.8237
14.8565 -8.80047 -18.6117

13.5445 -6.90447 -21.7127
11.1155 -9.81447 -22.4217
10.0525 -10.6635 -18.8247
9.56552 -7.06947 -17.4577
7.84352 -5.54047 -20.5907
4.38252 -6.01447 -18.9027
2.38452 -5.05847 -15.7517
5.15152 -3.29247 -13.7567
5.60052 0.479527 -13.0717
9.05352 2.02253 -12.3627
8.21652 5.75753 -11.9167
10.9265 6.08953 -9.16375
13.7105 6.02453 -11.8367
14.5945 8.82953 -14.3337

17.0415 6.75253 -16.4757
16.7325 3.58853 -18.6177
19.8995 1.82153 -19.9027
19.5225 -0.811473 -22.6467

22.6825 -2.93447 -22.2027
21.4735 -4.95447 -25.2337
19.4625 -4.15147 -28.3817
16.2695 -6.11647 -29.1777
15.1835 -6.67047 -32.8447
11.5375 -5.69847 -32.0997

10.9975 -1.92147 -31.4517
7.52452 -2.46947 -29.8887
9.22552 -4.33647 -26.9687
11.8445 -1.54047 -26.5537
9.00752 1.08753 -26.3997
7.12752 -1.15247 -23.8647
10.3055 -1.15947 -21.6847
10.7795 2.69153 -21.9167

7.08152 3.16653 -20.8987
7.75552 1.31953 -17.6147
9.37652 4.59953 -16.3497
7.44452 7.12153 -18.4947
4.06052 6.62853 -16.6707
1.52052 8.80253 -14.7877
3.44452 9.74453 -11.5907
6.75252 10.5165 -13.4127
7.98152 14.1165 -12.6987
11.5035 14.0475 -14.3117
12.6065 14.0105 -17.9977

13.2285 10.3295 -18.8207
16.7185 9.50853 -20.1527
16.9805 6.45753 -22.4877
20.5415 5.20553 -23.2287
21.0455 2.52153 -25.9407
24.4655 0.826527 -25.4327
25.9985 -0.189473 -28.8357

29.3875 -1.68947 -29.8577
31.0885 -1.17047 -33.2867
32.1945 -4.53547 -34.8107
29.1715 -6.51047 -33.3927
25.4995 -7.51047 -34.0187

24.4875 -3.92647 -32.9397
25.8065 -2.58247 -36.3237
23.0265 -4.59047 -38.1337
20.3275 -4.51347 -35.3997
20.2915 -0.699473 -34.9797
19.4805 0.142527 -38.6937
16.8955 -2.74447 -38.6437
15.1865 -1.30747 -35.4997
15.1995 2.20553 -37.1167
13.5065 1.12253 -40.3987
10.9055 -0.802473 -38.2837
10.0635 2.33253 -36.1647
9.70352 4.32453 -39.4367
7.23052 1.67953 -40.8017
5.30852 1.94553 -37.4697
5.32352 5.80953 -37.6337
4.09652 5.89353 -41.3037

1.22352 3.57153 -40.1867
0.423524 6.11353 -37.3417
1.49952 3.51253 -34.6977
4.51952 5.41953 -33.2217
5.69452 9.03453 -32.6497
9.15252 7.59553 -31.9147
11.6265 8.73153 -34.5597
15.0665 7.05953 -34.0867
16.9515 8.86553 -36.9757

17.9575 11.9545 -34.8937
20.0055 9.76553 -32.4507
22.3525 8.44853 -35.2297
23.2035 11.8455 -36.7887

24.4685 12.8045 -33.2587
26.9535 9.83153 -32.8357

End chain 1
