-13.201 -6.296 -53.957
-10.703 -3.406 -53.291
-9.54 -3.087 -49.639
-11.02 0.322 -48.639
-8.614 1.85 -46.053
-10.787 3.126 -43.162

-9.634 6.195 -41.181
-10.061 4.9 -37.589
-10.286 6.838 -34.306
-12.195 7.103 -30.979
-14.163 9.439 -28.711
-12.619 10.223 -25.263
-14.157 12.207 -22.344

-11.943 15.248 -21.466
-14.301 16.978 -18.949
-17.827 16.65 -17.399
-19.139 18.761 -20.353

-16.752 17.96 -23.312
-15.482 14.956 -25.281
-12.62 14.751 -27.824
-12.437 12.939 -31.204
-8.982 11.264 -31.393
-8.672 10.357 -35.1

-6.282 10.744 -38.079
-6.98 13.557 -40.6
-9.895 13.022 -43.051

-11.208 15.853 -45.293
-14.92 14.856 -45.011
-14.611 14.37 -41.226
-13.015 17.857 -40.827
-15.875 19.254 -42.999
-18.403 17.482 -40.669
-16.559 18.759 -37.515
-16.844 22.341 -38.957

-20.697 21.797 -39.029
-20.861 21.033 -35.24
-22.116 23.933 -33.104
-20.016 23.255 -29.939
-16.791 22.621 -31.971

-13.393 23.436 -30.391
-10.011 22.816 -32.063
-6.805 22.812 -29.99

-3.883 23.919 -32.209
-1.328 22.314 -29.773
-2.753 18.736 -29.691
-4.334 19.137 -33.217

-7.578 17.622 -31.79
-11.313 18.386 -31.995
-13.683 18.544 -28.991
-17.466 19.001 -28.65
-20.131 19.402 -25.91

-21.257 16.038 -24.476
-24.923 16.743 -25.497
-23.731 16.722 -29.178
-22.178 13.179 -28.839
-25.228 11.354 -30.322
-25.57 14.044 -33.093
-21.852 13.682 -34.021
-21.815 9.829 -34.037
-25.045 9.774 -36.128
-23.507 12.176 -38.75
-20.093 10.348 -38.803

-21.793 6.948 -39.527
-22.962 8.546 -42.834
-19.328 9.196 -43.991
-17.677 6.563 -46.261
-14.251 5.2 -45.121

-14.46 6.789 -41.562
-14.765 4.819 -38.279
-15.142 6.964 -35.114
-15.663 4.659 -32.101

-18.218 6.249 -29.657
-17.862 6.903 -25.912
-18.35 3.469 -24.195
-21.794 2.549 -22.772
-20.235 2.829 -19.255
-19.534 6.58 -19.812
-22.964 7.196 -21.431
-24.623 5.531 -18.378
-22.42 7.523 -15.909

-23.028 10.919 -17.654
-26.668 10.153 -18.714
-27.851 13.482 -17.123

-25.214 15.594 -18.963
-26 13.8 -22.296
-29.631 15.147 -21.909

-29.014 18.802 -20.797
-28.522 21.656 -23.337
-27.494 23.803 -20.296
-24.374 24.206 -18.108
-26.03 23.63 -14.722
-23.195 22.587 -12.38
-23.731 19.355 -10.334

-27.219 19.392 -8.694
-26.798 20.208 -4.988
-26.578 17.032 -2.906
-29.814 16.999 -0.82
-29.276 16.946 2.956
-30.305 13.551 4.343

-32.727 13.25 7.268
-30.389 11.851 9.975
-33.077 12.019 12.787
-33.159 8.159 12.923
-29.32 8.149 13.454
-27.82 8.306 16.969

-27.52 12.074 17.913
-23.991 11.509 19.371
-22.796 10.469 15.867
-24.731 13.185 13.93
-23.402 16.008 16.22
-19.738 14.82 15.861

-19.687 14.822 11.995
-17.445 17.587 10.586

-19.106 19.692 7.763
-17.231 17.783 4.996
-18.064 14.402 6.666
-21.796 15.407 6.677
-21.562 16.318 2.947
-19.943 12.855 2.346
-22.788 11.075 4.244
-25.363 13.084 2.191
-23.555 12.165 -1.104
-23.43 8.459 -0.115
-27.196 8.491 0.728
-28.024 10.343 -2.565

-25.973 7.645 -4.472
-28.214 5.048 -2.67
-25.512 3.7 -0.27

-23.352 2.353 -3.174
-19.956 4.118 -3.237
-16.209 4.012 -2.721
-15.295 6.541 0.021

-11.694 7.195 -1.128

-11.135 10.189 1.225
-7.504 10.605 2.377

-6.048 8.715 5.398
-7.361 9.956 8.784
-10.233 12.169 7.374
-12.706 9.981 9.408

-13.844 7.354 6.831
-15.012 5.081 9.734
-17.363 7.714 11.316
-18.876 8.506 7.854
-19.282 4.738 7.09
-21.02 4.042 10.461
-23.415 6.996 9.798
-24.247 5.855 6.195
-24.846 2.277 7.463
-26.955 3.52 10.461
-29.227 5.531 8.078

-29.9 2.058 6.507

-30.384 0.293 9.981
-33.886 -0.857 8.77
-32.05 -2.956 6.062
-29.626 -4.868 8.41
-27.981 -7.413 9.17

-24.774 -5.448 8.488
-21.551 -7.137 7.269
-18.235 -5.328 7.997
-15.132 -6.739 6.223
-11.829 -5.357 7.603

-8.05 -6.016 7.986
-7.416 -8.82 10.567
-5.856 -6.305 13.093
-8.689 -3.64 13.199

-11.758 -5.868 14.003
-11.895 -4.753 17.675
-11.154 -1.102 16.63
-14.365 -1.304 14.506
-16.414 -2.897 17.375
-15.268 -0.08 19.729
-16.109 2.476 16.969
-19.722 1.111 16.76
-20.082 1.14 20.611
-18.596 4.7 20.723
-20.823 6.195 17.978

-24.121 4.191 18.24
-24.851 3.95 22.056
-28.388 2.791 20.948
-26.764 -0.701 20.406
-26.03 -3.285 23.117

-22.632 -5.104 22.857
-24.638 -8.32 22.08
-25.78 -6.667 18.791

-22.091 -6.816 17.576
-20.505 -10.124 16.488
-16.681 -10.041 16.081

-15.702 -13.116 14.035
-12.316 -14.303 15.372
-12.201 -17.837 13.813
-13.405 -19.799 10.735
-15.769 -21.82 13.07
-17.788 -18.808 14.317
-21.352 -17.917 13.159
-21.075 -14.973 10.701
-24.816 -14.102 11.273
-24.919 -14.166 15.127
-25.108 -10.332 15.536
-27.08 -7.466 13.995

-23.588 -6.14 13.038
-21.065 -8.833 11.965
-17.336 -7.898 11.803
-15.009 -10.302 9.887
-11.529 -10.295 8.291

-10.658 -10.74 4.577
-8.757 -14.009 5.375
-11.833 -15.546 7.113
-14.3 -14.769 4.222

-12.926 -17.715 2.14
-13.287 -20.073 5.183
-16.843 -18.74 5.845
-18.014 -18.815 2.139
-20.731 -21.415 3.044
-22.243 -18.836 5.512
-21.955 -15.894 2.989
-25.071 -17.433 1.278
-27.188 -15.451 3.825
-28.094 -12.137 2.052
-26.367 -9.235 3.842
-28.236 -6.215 2.36

-25.704 -3.677 3.792
-21.936 -4.298 3.429
-19.007 -2.145 4.602
-15.517 -3.11 3.36

-12.662 -1.237 5.059
-9.341 -0.865 3.151

-11.066 -2.352 0.031
-7.765 -2.207 -1.968
-7.252 -5.742 -0.456
-9.774 -6.866 -3.176

-7.27948 -5.48528 -5.71103
-7.08247 -1.9753 -7.24814
-6.40589 1.73156 -7.42455
-7.27051 1.50202 -3.71196
-10.1881 -0.877013 -3.38001

-10.0227 -4.03717 -5.48452
-12.1083 -5.95104 -2.94873
-14.7425 -3.2121 -2.90345
-14.9495 -3.21454 -6.69819
-15.3878 -6.98891 -6.76848
-18.179 -6.80982 -4.19555
-19.9828 -4.12921 -6.19643
-19.751 -6.20587 -9.3708
-21.1607 -9.25538 -7.59428
-24.0785 -7.235 -6.23516
-24.8702 -5.87091 -9.69282
-24.837 -9.36583 -11.1853

-24.761 -7.08283 -8.07426
-27.061 -3.98083 -8.31326

-24.515 -1.55483 -6.71326
-20.708 -1.78583 -7.23826
-18.458 0.638173 -5.31926
-14.834 0.104173 -6.43226
-12.116 2.04017 -4.52126

-8.42799 2.62617 -5.42826
-5.68699 5.27317 -5.03626
-3.97899 3.86217 -8.14626
-6.69099 2.33917 -10.4413
-3.95199 1.54017 -12.9543
-0.532994 0.605173 -11.4863
1.49001 0.834173 -14.7653
-0.648994 0.376173 -17.9733

-4.17499 0.973173 -19.4933
-4.83399 -2.83483 -19.7103
-5.09099 -2.95683 -15.8323
-8.30799 -0.808827 -15.9883
-10.317 -3.28483 -18.1373
-11.593 -5.46483 -15.2233
-12.67 -2.33083 -13.2523
-14.427 -0.844827 -16.3673
-16.448 -4.07683 -16.9853
-17.234 -4.36483 -13.2233
-18.793 -0.821827 -13.2053

-20.296 -1.09283 -16.7813
-20.681 -4.80883 -17.8663
-21.861 -3.68983 -21.3893
-18.624 -1.72883 -22.1173
-16.026 -3.67483 -24.2013
-17.589 -7.22383 -23.8383
-14.265 -8.65583 -25.1803

-10.79 -7.45783 -24.0383
-9.40799 -7.46083 -27.6413
-11.555 -4.40583 -28.6393
-10.254 -2.46983 -25.5683
-6.65399 -3.63783 -26.2773
-6.71699 -2.60083 -29.9933
-7.92699 0.927173 -29.0393
-6.09199 1.74117 -25.7513

-3.19899 -0.789827 -25.3733
-1.53999 -0.306827 -28.8513
-2.18799 -4.01583 -29.4673

0.389006 -5.66283 -31.7983
0.140006 -9.01083 -33.6403
3.42001 -10.8538 -32.8833

4.41601 -14.3358 -34.3113
3.36601 -15.9028 -30.9243

0.010006 -14.0098 -30.5173
-1.15399 -10.5268 -29.4233
0.936006 -8.10183 -27.3413

-1.07499 -5.63083 -25.1473
1.85601 -4.01483 -23.1883
1.52501 -0.687827 -25.0813
-0.693994 2.39917 -24.7353
-2.82199 4.45917 -27.1743
-5.57699 7.15417 -27.2523

-5.11699 7.87117 -23.4773
-6.94799 11.2692 -23.5763
-10.048 9.49317 -25.0333
-9.72299 6.77917 -22.3293
-9.54199 9.54717 -19.6363
-12.75 11.1852 -21.0053
-14.583 7.79017 -21.1143
-13.471 6.96717 -17.5273
-14.53 10.3652 -16.0403
-17.932 10.4152 -17.8533
-19.109 6.80617 -17.3183

-16.878 4.80417 -14.8523

-14.745 6.86217 -12.4683
-14.803 9.75617 -9.99726

-11.2 10.9982 -9.46426
-9.89299 13.9992 -7.47526
-6.31799 14.8342 -6.50126

-4.79199 16.3182 -3.27326
-4.18099 19.5222 -5.29526
-7.93599 19.7712 -6.19526
-9.37599 19.4012 -2.63526

-6.56499 19.8962 -0.0132578
-4.60399 23.1312 -0.844258
-3.18999 22.8942 2.75574
-1.18499 19.6262 2.33974

2.61401 20.3202 2.32474
4.36701 19.5862 -0.999258

6.02301 16.2162 -1.74226
9.63901 17.0642 -2.72026
11.176 14.1742 -4.72226
14.855 13.6762 -5.66926
17.217 11.0672 -7.07126
20.258 10.3722 -4.83026
23.077 8.81817 -6.88526

24.857 6.61717 -4.29426
28.572 6.43617 -5.10426

29.556 3.20517 -7.02726
33.171 3.67617 -5.69926
32.133 1.48417 -2.67726

31.092 -1.30483 -5.16226
34.23 -3.48583 -5.09626

35.736 -4.75883 -8.39426
34.424 -8.37683 -7.85326
30.802 -7.17883 -7.30226
31.079 -4.84883 -10.3633
32.508 -7.69383 -12.5153
29.57 -9.91083 -11.3303
27.024 -7.17583 -12.3283
28.821 -6.77783 -15.7183
28.734 -10.6038 -16.1493
24.961 -10.9128 -15.4013
24.273 -7.86083 -17.6693
26.228 -9.53683 -20.5563
24.454 -12.8498 -19.7653
20.957 -11.2978 -20.3493
22.048 -9.96683 -23.8203

23.528 -13.2968 -25.0723
21.698 -14.3948 -28.2773
21.839 -18.1748 -27.7423
19.968 -18.3358 -24.3573
16.395 -19.5638 -23.8503

13.599 -17.1768 -22.6963
13.918 -18.8388 -19.2333
17.74 -18.3798 -18.9443
17.189 -14.6778 -19.9153
14.6 -14.3248 -17.0403
16.968 -16.1448 -14.6033
19.917 -13.8528 -15.5603
17.566 -10.8148 -15.1043
16.551 -12.0168 -11.5803
20.266 -12.5978 -10.7733
21.236 -9.07683 -12.0453
18.409 -7.53783 -9.93026
19.364 -9.48683 -6.73226
23.097 -8.56983 -7.29926
22.047 -4.87983 -7.65926
20.396 -5.06883 -4.19926
23.556 -6.64983 -2.63026
25.856 -4.08883 -4.35826
23.857 -1.11483 -2.91226
23.804 -2.31083 0.785742
27.091 -0.557827 1.92274
26.154 2.87517 0.450742
22.469 2.52017 1.49074
23.81 1.97217 5.06174
26.282 4.91517 4.67474
23.355 7.16617 3.59174
21.043 6.01417 6.48174
23.848 6.78217 8.99274
24.502 10.2322 7.36774
20.753 11.0292 7.84374
20.88 10.0182 11.5687
24.205 11.8832 12.1587

22.547 14.9622 10.4757
20.067 14.9472 13.4497
16.898 13.6502 11.6587
14.204 12.6972 14.1867
11.951 10.3482 12.0627

12.17 8.75317 8.58174
11.002 5.67717 6.61074
13.372 3.31517 4.73574
11.786 1.24817 1.93174
13.407 -1.90683 0.460742

12.025 -5.20783 -1.01626
14.903 -7.75183 -0.961258

15.034 -9.43583 2.49174
18.897 -9.23383 2.54974
18.667 -5.37683 2.30774
16.064 -5.19183 5.15174
18.225 -7.62683 7.23774
21.49 -5.64483 6.68374
19.813 -2.26583 7.52974
18.26 -3.69483 10.7687
21.596 -5.32783 11.7987
23.538 -2.02483 11.3787
20.852 -0.011827 13.2867
21.07 -2.60283 16.1517
24.932 -2.37883 16.0367

24.644 1.47617 16.2927
21.976 1.04417 19.0937
19.398 3.00417 16.9917
15.794 2.31717 18.0607

13.791 1.32617 14.9497
10.706 -0.641827 13.7837
10.628 -3.35883 11.0677
7.62601 -4.45983 8.92374

7.89201 -7.18183 6.22574
6.05901 -10.2778 4.81174
6.63701 -12.1948 8.12074
5.20301 -9.44583 10.4367
1.69001 -10.4508 11.6257
-1.47299 -8.35483 10.9697
-1.84599 -7.24683 14.6577

1.91201 -6.60483 15.2447
1.90301 -4.37983 12.0777
-0.657994 -2.04783 13.7417
1.19101 -2.10283 17.1257
4.62701 -1.31483 15.5177
2.88601 1.45417 13.4947
1.55201 2.94217 16.7947
5.02901 2.55917 18.4477
6.67701 4.57517 15.5797
3.82901 7.17517 15.6297
3.75501 7.73917 19.4407

7.38801 7.07617 20.5747
9.97201 9.85817 19.8887
12.775 7.23017 20.3387
11.964 5.22617 17.1607
13.933 7.20717 14.5397

13.791 4.68317 11.6267
11.031 2.51217 10.1477
12.493 -0.349827 8.01774
9.63701 -1.25983 5.64474
9.06301 -3.78783 2.85674

7.75101 -1.89183 -0.244258
5.32201 -4.80183 -0.953258
4.25901 -5.65083 2.64374
3.77201 -2.05683 4.01074
2.05001 -0.527827 0.877742
-1.41099 -1.00183 2.56574
-3.40899 -0.045827 5.71674
-0.641994 1.72017 7.71174
-0.192994 5.49217 8.39674
3.26001 7.03517 9.10574
2.42301 10.7702 9.55174
5.13301 11.1022 12.3047
7.91701 11.0372 9.63174
8.80101 13.8422 7.13474

11.248 11.7652 4.99274
10.939 8.60117 2.85074
14.106 6.83417 1.56574
13.729 4.20117 -1.17826

16.889 2.07817 -0.734258
15.68 0.058173 -3.76526
13.669 0.861173 -6.91326
10.476 -1.10383 -7.70926
9.39001 -1.65783 -11.3763
5.74401 -0.685827 -10.6313

5.20401 3.09117 -9.98326
1.73101 2.54317 -8.42026
3.43201 0.676173 -5.50026
6.05101 3.47217 -5.08526
3.21401 6.10017 -4.93126
1.33401 3.86017 -2.39626
4.51201 3.85317 -0.216258
4.98601 7.70417 -0.448258

1.28801 8.17917 0.569742
1.96201 6.33217 3.85374
3.58301 9.61217 5.11874
1.65101 12.1342 2.97374
-1.73299 11.6412 4.79774
-4.27299 13.8152 6.68074
-2.34899 14.7572 9.87774
0.959006 15.5292 8.05574
2.18801 19.1292 8.76974
5.71001 19.0602 7.15674
6.81301 19.0232 3.47074

7.43501 15.3422 2.64774
10.925 14.5212 1.31574
11.187 11.4702 -1.01926
14.748 10.2182 -1.76026
15.252 7.53417 -4.47226
18.672 5.83917 -3.96426
20.205 4.82317 -7.36726

23.594 3.32317 -8.38926
25.295 3.84217 -11.8183
26.401 0.477173 -13.3423
23.378 -1.49783 -11.9243
19.706 -2.49783 -12.5503

18.694 1.08617 -11.4713
20.013 2.43017 -14.8553
17.233 0.422173 -16.6653
14.534 0.499173 -13.9313
14.498 4.31317 -13.5113
13.687 5.15517 -17.2253
11.102 2.26817 -17.1753
9.39301 3.70517 -14.0313
9.40601 7.21817 -15.6483
7.71301 6.13517 -18.9303
5.11201 4.21017 -16.8153
4.27001 7.34517 -14.6963
3.91001 9.33717 -17.9683
1.43701 6.69217 -19.3333
-0.484994 6.95817 -16.0013
-0.469994 10.8222 -16.1653
-1.69699 10.9062 -19.8353

-4.56999 8.58417 -18.7183
-5.36999 11.1262 -15.8733
-4.29399 8.52517 -13.2293
-1.27399 10.4322 -11.7533
-0.098994 14.0472 -11.1813
3.35901 12.6082 -10.4463
5.83301 13.7442 -13.0913
9.27301 12.0722 -12.6183
11.158 13.8782 -15.5073

12.164 16.9672 -13.4253
14.212 14.7782 -10.9823
16.559 13.4612 -13.7613
17.41 16.8582 -15.3203

18.675 17.8172 -11.7903
21.16 14.8442 -11.3673

End chain 1
