-13.201 -6.296 -53.957
-10.703 -3.406 -53.291
-9.54 -3.087 -49.639
-11.02 0.322 -48.639
-8.614 1.85 -46.053
-10.787 3.126 -43.162

-9.634 6.195 -41.181
-10.061 4.9 -37.589
-10.286 6.838 -34.306
-12.195 7.103 -30.979
-14.163 9.439 -28.711
-12.619 10.223 -25.263
-14.157 12.207 -22.344

-11.943 15.248 -21.466
-14.301 16.978 -18.949
-17.827 16.65 -17.399
-19.139 18.761 -20.353

-16.752 17.96 -23.312
-15.482 14.956 -25.281
-12.62 14.751 -27.824
-12.437 12.939 -31.204
-8.982 11.264 -31.393
-8.672 10.357 -35.1

-6.282 10.744 -38.079
-6.98 13.557 -40.6
-9.895 13.022 -43.051

-11.208 15.853 -45.293
-14.92 14.856 -45.011
-14.611 14.37 -41.226
-13.015 17.857 -40.827
-15.875 19.254 -42.999
-18.403 17.482 -40.669
-16.559 18.759 -37.515
-16.844 22.341 -38.957

-20.697 21.797 -39.029
-20.861 21.033 -35.24
-22.116 23.933 -33.104
-20.016 23.255 -29.939
-16.791 22.621 -31.971

-13.393 23.436 -30.391
-10.011 22.816 -32.063
-6.805 22.812 -29.99

-3.883 23.919 -32.209
-1.328 22.314 -29.773
-2.753 18.736 -29.691
-4.334 19.137 -33.217

-7.578 17.622 -31.79
-11.313 18.386 -31.995
-13.683 18.544 -28.991
-17.466 19.001 -28.65
-20.131 19.402 -25.91

-21.257 16.038 -24.476
-24.923 16.743 -25.497
-23.731 16.722 -29.178
-22.178 13.179 -28.839
-25.228 11.354 -30.322
-25.57 14.044 -33.093
-21.852 13.682 -34.021
-21.815 9.829 -34.037
-25.045 9.774 -36.128
-23.507 12.176 -38.75
-20.093 10.348 -38.803

-22.1199 7.28061 -39.5585
-23.913 4.11315 -40.5444
-24.9367 0.480073 -40.852
-23.9035 1.09477 -44.4056
-20.2662 2.02321 -44.4069

-18.1272 -0.714496 -45.924
-20.796 -3.41288 -46.096
-22.9384 -5.2212 -48.708
-20.341 -7.76314 -47.4129

-22.896 -6.17314 -44.9689
-22.54 -5.51914 -41.2239
-23.028 -8.95314 -39.5069
-26.472 -9.87314 -38.0839
-24.913 -9.59314 -34.5669
-24.212 -5.84214 -35.1239
-27.642 -5.22614 -36.7429
-29.301 -6.89114 -33.6899
-27.098 -4.89914 -31.2209

-27.706 -1.50314 -32.9659
-31.346 -2.26914 -34.0259
-32.529 1.05986 -32.4349

-29.892 3.17186 -34.2749
-30.678 1.37786 -37.6079
-34.309 2.72486 -37.2209

-33.692 6.37986 -36.1089
-33.2 9.23386 -38.6489
-32.172 11.3809 -35.6079
-29.052 11.7839 -33.4199
-30.708 11.2079 -30.0339
-27.873 10.1649 -27.6919
-28.409 6.93286 -25.6459

-31.897 6.96986 -24.0059
-31.476 7.78586 -20.2999
-31.256 4.60986 -18.2179
-34.492 4.57686 -16.1319
-33.954 4.52386 -12.3559
-34.983 1.12886 -10.9689

-37.405 0.827861 -8.04391
-35.067 -0.571139 -5.33691
-37.755 -0.403139 -2.52491
-37.837 -4.26314 -2.38891
-33.998 -4.27314 -1.85791
-32.498 -4.11614 1.65709

-32.198 -0.348139 2.60109
-28.669 -0.913139 4.05909
-27.474 -1.95314 0.555091
-29.409 0.762861 -1.38191
-28.08 3.58586 0.908091
-24.416 2.39786 0.549091

-24.365 2.39986 -3.31691
-22.123 5.16486 -4.72591

-23.784 7.26986 -7.54891
-21.909 5.36086 -10.3159
-22.742 1.97986 -8.64591
-26.474 2.98486 -8.63491
-26.24 3.89586 -12.3649
-24.621 0.432861 -12.9659
-27.466 -1.34714 -11.0679
-30.041 0.661861 -13.1209
-28.233 -0.257139 -16.4159
-28.108 -3.96314 -15.4269
-31.874 -3.93114 -14.5839
-32.702 -2.07914 -17.8769

-30.651 -4.77714 -19.7839
-32.892 -7.37414 -17.9819
-30.19 -8.72214 -15.5819

-28.03 -10.0691 -18.4859
-24.634 -8.30414 -18.5489
-20.887 -8.41014 -18.0329
-19.973 -5.88114 -15.2909

-16.372 -5.22714 -16.4399

-15.813 -2.23314 -14.0869
-12.182 -1.81714 -12.9349

-10.726 -3.70714 -9.91391
-12.039 -2.46614 -6.52791
-14.911 -0.253139 -7.93791
-17.384 -2.44114 -5.90391

-18.522 -5.06814 -8.48091
-19.69 -7.34114 -5.57791
-22.041 -4.70814 -3.99591
-23.554 -3.91614 -7.45791
-23.96 -7.68414 -8.22191
-25.698 -8.38014 -4.85091
-28.093 -5.42614 -5.51391
-28.925 -6.56714 -9.11691
-29.524 -10.1451 -7.84891
-31.633 -8.90214 -4.85091
-33.905 -6.89114 -7.23391

-34.578 -10.3641 -8.80491

-35.062 -12.1291 -5.33091
-38.564 -13.2791 -6.54191
-36.728 -15.3781 -9.24991
-34.304 -17.2901 -6.90191
-32.659 -19.8351 -6.14191

-29.452 -17.8701 -6.82391
-26.229 -19.5591 -8.04291
-22.913 -17.7501 -7.31491
-19.81 -19.1611 -9.08891
-16.507 -17.7791 -7.70891

-12.728 -18.4381 -7.32591
-12.094 -21.2421 -4.74491
-10.534 -18.7271 -2.21891
-13.367 -16.0621 -2.11291

-16.436 -18.2901 -1.30891
-16.573 -17.1751 2.36309
-15.832 -13.5241 1.31809
-19.043 -13.7261 -0.805909
-21.092 -15.3191 2.06309
-19.946 -12.5021 4.41709
-20.787 -9.94614 1.65709
-24.4 -11.3111 1.44809
-24.76 -11.2821 5.29909
-23.274 -7.72214 5.41109
-25.501 -6.22714 2.66609

-28.799 -8.23114 2.92809
-29.529 -8.47214 6.74409
-33.066 -9.63114 5.63609
-31.442 -13.1231 5.09409
-30.708 -15.7071 7.80509

-27.31 -17.5261 7.54509
-29.316 -20.7421 6.76809
-30.458 -19.0891 3.47909

-26.769 -19.2381 2.26409
-25.183 -22.5461 1.17609
-21.359 -22.4631 0.769091

-20.38 -25.5381 -1.27691
-16.994 -26.7251 0.0600914
-16.879 -30.2591 -1.49891
-18.083 -32.2211 -4.57691
-20.447 -34.2421 -2.24191
-22.466 -31.2301 -0.994909
-26.03 -30.3391 -2.15291
-25.753 -27.3951 -4.61091
-29.494 -26.5241 -4.03891
-29.597 -26.5881 -0.184909
-29.786 -22.7541 0.224091
-31.758 -19.8881 -1.31691

-28.266 -18.5621 -2.27391
-25.743 -21.2551 -3.34691
-22.014 -20.3201 -3.50891
-19.687 -22.7241 -5.42491
-16.207 -22.7171 -7.02091

-15.336 -23.1621 -10.7349
-13.435 -26.4311 -9.93691
-16.511 -27.9681 -8.19891
-18.978 -27.1911 -11.0899

-17.604 -30.1371 -13.1719
-17.965 -32.4951 -10.1289
-21.521 -31.1621 -9.46691
-22.692 -31.2371 -13.1729
-25.409 -33.8371 -12.2679
-26.921 -31.2581 -9.79991
-26.633 -28.3161 -12.3229
-29.749 -29.8551 -14.0339
-31.866 -27.8731 -11.4869
-32.772 -24.5591 -13.2599
-31.045 -21.6571 -11.4699
-32.914 -18.6371 -12.9519

-30.382 -16.0991 -11.5199
-26.614 -16.7201 -11.8829
-23.685 -14.5671 -10.7099
-20.195 -15.5321 -11.9519

-17.34 -13.6591 -10.2529
-14.019 -13.2871 -12.1609

-15.744 -14.7741 -15.2809
-12.443 -14.6291 -17.2799
-11.93 -18.1641 -15.7679
-14.452 -19.2881 -18.4879

-12.236 -17.8581 -21.3659
-11.539 -21.3311 -22.9229
-14.591 -23.4051 -24.0479
-12.672 -26.7701 -23.9499
-12.064 -26.5381 -20.1509

-14.229 -28.6911 -17.8199
-15.246 -25.5441 -15.7989
-16.51 -23.8311 -19.0049
-18.264 -27.0151 -20.3179
-20.139 -27.3271 -16.9599
-20.991 -23.5591 -16.6439
-22.143 -22.7751 -20.2369
-25.378 -24.9451 -20.3149
-26.639 -23.2081 -17.1109
-25.682 -19.6941 -18.3759
-27.571 -20.2481 -21.6979
-30.826 -21.3491 -19.8879

-30.75 -19.0661 -16.7769
-33.05 -15.9641 -17.0159

-30.504 -13.5381 -15.4159
-26.697 -13.7691 -15.9409
-24.447 -11.3451 -14.0219
-20.823 -11.8791 -15.1349
-18.105 -9.94314 -13.2239

-14.417 -9.35714 -14.1309
-11.676 -6.71014 -13.7389
-9.96798 -8.12114 -16.8489
-12.68 -9.64414 -19.1439
-9.94098 -10.4431 -21.6569
-6.52198 -11.3781 -20.1889
-4.49898 -11.1491 -23.4679
-6.63798 -11.6071 -26.6759

-10.164 -11.0101 -28.1959
-10.823 -14.8181 -28.4129
-11.08 -14.9401 -24.5349
-14.297 -12.7921 -24.6909
-16.306 -15.2681 -26.8399
-17.582 -17.4481 -23.9259
-18.659 -14.3141 -21.9549
-20.416 -12.8281 -25.0699
-22.437 -16.0601 -25.6879
-23.223 -16.3481 -21.9259
-24.782 -12.8051 -21.9079

-26.285 -13.0761 -25.4839
-26.67 -16.7921 -26.5689
-27.85 -15.6731 -30.0919
-24.613 -13.7121 -30.8199
-22.015 -15.6581 -32.9039
-23.578 -19.2071 -32.5409
-20.254 -20.6391 -33.8829

-16.779 -19.4411 -32.7409
-15.397 -19.4441 -36.3439
-17.544 -16.3891 -37.3419
-16.243 -14.4531 -34.2709
-12.643 -15.6211 -34.9799
-12.706 -14.5841 -38.6959
-13.916 -11.0561 -37.7419
-12.081 -10.2421 -34.4539

-9.18798 -12.7731 -34.0759
-7.52898 -12.2901 -37.5539
-8.17698 -15.9991 -38.1699

-5.59998 -17.6461 -40.5009
-5.84898 -20.9941 -42.3429
-2.56898 -22.8371 -41.5859

-1.57298 -26.3191 -43.0139
-2.62298 -27.8861 -39.6269

-5.97898 -25.9931 -39.2199
-7.14298 -22.5101 -38.1259
-5.05298 -20.0851 -36.0439

-7.06398 -17.6141 -33.8499
-4.13298 -15.9981 -31.8909
-4.46398 -12.6711 -33.7839
-6.68298 -9.58414 -33.4379
-8.81098 -7.52414 -35.8769
-11.566 -4.82914 -35.9549

-11.106 -4.11214 -32.1799
-12.937 -0.714139 -32.2789
-16.037 -2.49014 -33.7359
-15.712 -5.20414 -31.0319
-15.531 -2.43614 -28.3389
-18.739 -0.798139 -29.7079
-20.572 -4.19314 -29.8169
-19.46 -5.01614 -26.2299
-20.519 -1.61814 -24.7429
-23.921 -1.56814 -26.5559
-25.098 -5.17714 -26.0209

-22.867 -7.17914 -23.5549

-20.734 -5.12114 -21.1709
-20.792 -2.22714 -18.6999

-17.189 -0.985139 -18.1669
-15.882 2.01586 -16.1779
-12.307 2.85086 -15.2039

-10.781 4.33486 -11.9759
-10.17 7.53886 -13.9979
-13.925 7.78786 -14.8979
-15.365 7.41786 -11.3379

-12.554 7.91286 -8.71591
-10.593 11.1479 -9.54691
-9.17898 10.9109 -5.94691
-7.17398 7.64286 -6.36291

-3.37498 8.33686 -6.37791
-1.62198 7.60286 -9.70191

0.0340235 4.23286 -10.4449
3.65002 5.08086 -11.4229
5.18702 2.19086 -13.4249
8.86602 1.69286 -14.3719
11.228 -0.916139 -15.7739
14.269 -1.61114 -13.5329
17.088 -3.16514 -15.5879

18.868 -5.36614 -12.9969
22.583 -5.54714 -13.8069

23.567 -8.77814 -15.7299
27.182 -8.30714 -14.4019
26.144 -10.4991 -11.3799

25.103 -13.2881 -13.8649
28.241 -15.4691 -13.7989

29.747 -16.7421 -17.0969
28.435 -20.3601 -16.5559
24.813 -19.1621 -16.0049
25.09 -16.8321 -19.0659
26.519 -19.6771 -21.2179
23.581 -21.8941 -20.0329
21.035 -19.1591 -21.0309
22.832 -18.7611 -24.4209
22.745 -22.5871 -24.8519
18.972 -22.8961 -24.1039
18.284 -19.8441 -26.3719
20.239 -21.5201 -29.2589
18.465 -24.8331 -28.4679
14.968 -23.2811 -29.0519
16.059 -21.9501 -32.5229

17.539 -25.2801 -33.7749
15.709 -26.3781 -36.9799
15.85 -30.1581 -36.4449
13.979 -30.3191 -33.0599
10.406 -31.5471 -32.5529

7.61002 -29.1601 -31.3989
7.92902 -30.8221 -27.9359
11.751 -30.3631 -27.6469
11.2 -26.6611 -28.6179
8.61102 -26.3081 -25.7429
10.979 -28.1281 -23.3059
13.928 -25.8361 -24.2629
11.577 -22.7981 -23.8069
10.562 -24.0001 -20.2829
14.277 -24.5811 -19.4759
15.247 -21.0601 -20.7479
12.42 -19.5211 -18.6329
13.375 -21.4701 -15.4349
17.108 -20.5531 -16.0019
16.058 -16.8631 -16.3619
14.407 -17.0521 -12.9019
17.567 -18.6331 -11.3329
19.867 -16.0721 -13.0609
17.868 -13.0981 -11.6149
17.815 -14.2941 -7.91691
21.102 -12.5411 -6.77991
20.165 -9.10814 -8.25191
16.48 -9.46314 -7.21191
17.821 -10.0111 -3.64091
20.293 -7.06814 -4.02791
17.366 -4.81714 -5.11091
15.054 -5.96914 -2.22091
17.859 -5.20114 0.290091
18.513 -1.75114 -1.33491
14.764 -0.954139 -0.858909
14.891 -1.96514 2.86609
18.216 -0.100139 3.45609

16.558 2.97886 1.77309
14.078 2.96386 4.74709
10.909 1.66686 2.95609
8.21502 0.713861 5.48409
5.96202 -1.63514 3.36009

6.18102 -3.23014 -0.120909
5.01302 -6.30614 -2.09191
7.38302 -8.66814 -3.96691
5.79702 -10.7351 -6.77091
7.41802 -13.8901 -8.24191

6.03602 -17.1911 -9.71891
8.91402 -19.7351 -9.66391

9.04502 -21.4191 -6.21091
12.908 -21.2171 -6.15291
12.678 -17.3601 -6.39491
10.075 -17.1751 -3.55091
12.236 -19.6101 -1.46491
15.501 -17.6281 -2.01891
13.824 -14.2491 -1.17291
12.271 -15.6781 2.06609
15.607 -17.3111 3.09609
17.549 -14.0081 2.67609
14.863 -11.9951 4.58409
15.081 -14.5861 7.44909
18.943 -14.3621 7.33409

18.655 -10.5071 7.59009
15.987 -10.9391 10.3911
13.409 -8.97914 8.28909
9.80502 -9.66614 9.35809

7.80202 -10.6571 6.24709
4.71702 -12.6251 5.08109
4.63902 -15.3421 2.36509
1.63702 -16.4431 0.221091

1.90302 -19.1651 -2.47691
0.0700235 -22.2611 -3.89091
0.648024 -24.1781 -0.581909
-0.785976 -21.4291 1.73409
-4.29898 -22.4341 2.92309
-7.46198 -20.3381 2.26709
-7.83498 -19.2301 5.95509

-4.07698 -18.5881 6.54209
-4.08598 -16.3631 3.37509
-6.64698 -14.0311 5.03909
-4.79798 -14.0861 8.42309
-1.36198 -13.2981 6.81509
-3.10298 -10.5291 4.79209
-4.43698 -9.04114 8.09209
-0.959976 -9.42414 9.74509
0.688024 -7.40814 6.87709
-2.15998 -4.80814 6.92709
-2.23398 -4.24414 10.7381

1.39902 -4.90714 11.8721
3.98302 -2.12514 11.1861
6.78602 -4.75314 11.6361
5.97502 -6.75714 8.45809
7.94402 -4.77614 5.83709

7.80202 -7.30014 2.92409
5.04202 -9.47114 1.44509
6.50402 -12.3331 -0.684909
3.64802 -13.2431 -3.05791
3.07402 -15.7711 -5.84591

1.76202 -13.8751 -8.94691
-0.666976 -16.7851 -9.65591
-1.72998 -17.6341 -6.05891
-2.21698 -14.0401 -4.69191
-3.93898 -12.5111 -7.82491
-7.39998 -12.9851 -6.13691
-9.39798 -12.0291 -2.98591
-6.63098 -10.2631 -0.990909
-6.18198 -6.49114 -0.305909
-2.72898 -4.94814 0.403091
-3.56598 -1.21314 0.849091
-0.855976 -0.881139 3.60209
1.92802 -0.946139 0.929091
2.81202 1.85886 -1.56791

5.25902 -0.218139 -3.70991
4.95002 -3.38214 -5.85191
8.11702 -5.14914 -7.13691
7.74002 -7.78214 -9.88091

10.9 -9.90514 -9.43691
9.69102 -11.9251 -12.4679
7.68002 -11.1221 -15.6159
4.48702 -13.0871 -16.4119
3.40102 -13.6411 -20.0789
-0.244976 -12.6691 -19.3339

-0.784976 -8.89214 -18.6859
-4.25798 -9.44014 -17.1229
-2.55698 -11.3071 -14.2029
0.0620235 -8.51114 -13.7879
-2.77498 -5.88314 -13.6339
-4.65498 -8.12314 -11.0989
-1.47698 -8.13014 -8.91891
-1.00298 -4.27914 -9.15091

-4.70098 -3.80414 -8.13291
-4.02698 -5.65114 -4.84891
-2.40598 -2.37114 -3.58391
-4.33798 0.150861 -5.72891
-7.72198 -0.342139 -3.90491
-10.262 1.83186 -2.02191
-8.33798 2.77386 1.17509
-5.02998 3.54586 -0.646909
-3.80098 7.14586 0.0670914
-0.278976 7.07686 -1.54591
0.824024 7.03986 -5.23191

1.44602 3.35886 -6.05491
4.93602 2.53786 -7.38691
5.19802 -0.513139 -9.72191
8.75902 -1.76514 -10.4629
9.26302 -4.44914 -13.1749
12.683 -6.14414 -12.6669
14.216 -7.16014 -16.0699

17.605 -8.66014 -17.0919
19.306 -8.14114 -20.5209
20.412 -11.5061 -22.0449
17.389 -13.4811 -20.6269
13.717 -14.4811 -21.2529

12.705 -10.8971 -20.1739
14.024 -9.55314 -23.5579
11.244 -11.5611 -25.3679
8.54502 -11.4841 -22.6339
8.50902 -7.67014 -22.2139
7.69802 -6.82814 -25.9279
5.11302 -9.71514 -25.8779
3.40402 -8.27814 -22.7339
3.41702 -4.76514 -24.3509
1.72402 -5.84814 -27.6329
-0.876976 -7.77314 -25.5179
-1.71898 -4.63814 -23.3989
-2.07898 -2.64614 -26.6709
-4.55198 -5.29114 -28.0359
-6.47398 -5.02514 -24.7039
-6.45898 -1.16114 -24.8679
-7.68598 -1.07714 -28.5379

-10.559 -3.39914 -27.4209
-11.359 -0.857139 -24.5759
-10.283 -3.45814 -21.9319
-7.26298 -1.55114 -20.4559
-6.08798 2.06386 -19.8839
-2.62998 0.624861 -19.1489
-0.155976 1.76086 -21.7939
3.28402 0.0888609 -21.3209
5.16902 1.89486 -24.2099

6.17502 4.98386 -22.1279
8.22302 2.79486 -19.6849
10.57 1.47786 -22.4639
11.421 4.87486 -24.0229

12.686 5.83386 -20.4929
15.171 2.86086 -20.0699

End chain 1
