-13.201 -6.296 -53.957
-10.703 -3.406 -53.291
-9.54 -3.087 -49.639
-11.02 0.322 -48.639
-8.614 1.85 -46.053
-10.787 3.126 -43.162

-9.634 6.195 -41.181
-10.061 4.9 -37.589
-10.286 6.838 -34.306
-12.195 7.103 -30.979
-14.163 9.439 -28.711
-12.619 10.223 -25.263
-14.157 12.207 -22.344

-11.943 15.248 -21.466
-14.301 16.978 -18.949
-17.827 16.65 -17.399
-19.139 18.761 -20.353

-16.752 17.96 -23.312
-15.482 14.956 -25.281
-12.62 14.751 -27.824
-12.437 12.939 -31.204
-8.982 11.264 -31.393
-8.672 10.357 -35.1

-6.282 10.744 -38.079
-6.98 13.557 -40.6
-9.895 13.022 -43.051

-11.208 15.853 -45.293
-14.92 14.856 -45.011
-14.611 14.37 -41.226
-13.015 17.857 -40.827
-15.875 19.254 -42.999
-18.403 17.482 -40.669
-16.559 18.759 -37.515
-16.844 22.341 -38.957

-20.697 21.797 -39.029
-20.861 21.033 -35.24
-22.116 23.933 -33.104
-20.016 23.255 -29.939
-16.791 22.621 -31.971

-13.393 23.436 -30.391
-10.011 22.816 -32.063
-6.805 22.812 -29.99

-3.883 23.919 -32.209
-1.328 22.314 -29.773
-2.753 18.736 -29.691
-4.334 19.137 -33.217

-7.578 17.622 -31.79
-11.313 18.386 -31.995
-13.683 18.544 -28.991
-17.466 19.001 -28.65
-20.131 19.402 -25.91

-21.257 16.038 -24.476
-24.923 16.743 -25.497
-23.731 16.722 -29.178
-22.178 13.179 -28.839
-25.228 11.354 -30.322
-25.57 14.044 -33.093
-21.852 13.682 -34.021
-21.815 9.829 -34.037
-25.045 9.774 -36.128
-23.507 12.176 -38.75
-20.093 10.348 -38.803

-21.793 6.948 -39.527
-22.962 8.546 -42.834
-19.328 9.196 -43.991
-17.677 6.563 -46.261
-14.251 5.2 -45.121

-14.46 6.789 -41.562
-14.765 4.819 -38.279
-15.142 6.964 -35.114
-15.663 4.659 -32.101

-18.218 6.249 -29.657
-17.862 6.903 -25.912
-18.35 3.469 -24.195
-21.794 2.549 -22.772
-20.235 2.829 -19.255
-19.534 6.58 -19.812
-22.964 7.196 -21.431
-24.623 5.531 -18.378
-22.42 7.523 -15.909

-23.028 10.919 -17.654
-26.668 10.153 -18.714
-27.851 13.482 -17.123

-25.214 15.594 -18.963
-26 13.8 -22.296
-29.631 15.147 -21.909

-29.014 18.802 -20.797
-28.522 21.656 -23.337
-27.494 23.803 -20.296
-24.374 24.206 -18.108
-26.03 23.63 -14.722
-23.195 22.587 -12.38
-23.731 19.355 -10.334

-27.219 19.392 -8.694
-26.798 20.208 -4.988
-26.578 17.032 -2.906
-29.814 16.999 -0.82
-29.276 16.946 2.956
-30.305 13.551 4.343

-32.727 13.25 7.268
-30.389 11.851 9.975
-33.077 12.019 12.787
-33.159 8.159 12.923
-29.32 8.149 13.454
-27.82 8.306 16.969

-27.52 12.074 17.913
-23.991 11.509 19.371
-22.796 10.469 15.867
-24.731 13.185 13.93
-23.402 16.008 16.22
-19.738 14.82 15.861

-19.687 14.822 11.995
-17.445 17.587 10.586

-19.106 19.692 7.763
-17.231 17.783 4.996
-18.064 14.402 6.666
-21.796 15.407 6.677
-21.562 16.318 2.947
-19.943 12.855 2.346
-22.788 11.075 4.244
-25.363 13.084 2.191
-23.555 12.165 -1.104
-23.43 8.459 -0.115
-27.196 8.491 0.728
-28.024 10.343 -2.565

-25.973 7.645 -4.472
-28.214 5.048 -2.67
-25.512 3.7 -0.27

-23.352 2.353 -3.174
-19.956 4.118 -3.237
-16.209 4.012 -2.721
-15.295 6.541 0.021

-11.694 7.195 -1.128

-11.135 10.189 1.225
-7.504 10.605 2.377

-6.048 8.715 5.398
-7.361 9.956 8.784
-10.233 12.169 7.374
-12.706 9.981 9.408

-13.844 7.354 6.831
-15.012 5.081 9.734
-17.363 7.714 11.316
-18.876 8.506 7.854
-19.282 4.738 7.09
-21.02 4.042 10.461
-23.415 6.996 9.798
-24.247 5.855 6.195
-24.846 2.277 7.463
-26.955 3.52 10.461
-29.227 5.531 8.078

-30.2316 2.89078 5.67033

-31.3427 -0.742349 5.76369
-33.7586 -0.0313005 8.60991
-35.2618 2.90859 6.72837
-35.7536 0.788104 3.61315
-37.483 -1.93515 5.62213

-34.276 0.0298536 4.94013
-31.053 -1.65915 3.72113
-27.737 0.149854 4.44913
-24.634 -1.26115 2.67513
-21.331 0.120854 4.05513

-17.552 -0.538146 4.43813
-16.918 -3.34215 7.01913
-15.358 -0.827146 9.54513
-18.191 1.83785 9.65113

-21.26 -0.390146 10.4551
-21.397 0.724854 14.1271
-20.656 4.37585 13.0821
-23.867 4.17385 10.9581
-25.916 2.58085 13.8271
-24.77 5.39785 16.1811
-25.611 7.95385 13.4211
-29.224 6.58885 13.2121
-29.584 6.61785 17.0631
-28.098 10.1779 17.1751
-30.325 11.6729 14.4301

-33.623 9.66885 14.6921
-34.353 9.42785 18.5081
-37.89 8.26885 17.4001
-36.266 4.77685 16.8581
-35.532 2.19285 19.5691

-32.134 0.373854 19.3091
-34.14 -2.84215 18.5321
-35.282 -1.18915 15.2431

-31.593 -1.33815 14.0281
-30.007 -4.64615 12.9401
-26.183 -4.56315 12.5331

-25.204 -7.63815 10.4871
-21.818 -8.82515 11.8241
-21.703 -12.3591 10.2651
-22.907 -14.3211 7.18713
-25.271 -16.3421 9.52213
-27.29 -13.3301 10.7691
-30.854 -12.4391 9.61113
-30.577 -9.49515 7.15313
-34.318 -8.62415 7.72513
-34.421 -8.68815 11.5791
-34.61 -4.85415 11.9881
-36.582 -1.98815 10.4471

-33.09 -0.662146 9.49013
-30.567 -3.35515 8.41713
-26.838 -2.42015 8.25513
-24.511 -4.82415 6.33913
-21.031 -4.81715 4.74313

-20.16 -5.26215 1.02913
-18.259 -8.53115 1.82713
-21.335 -10.0681 3.56513
-23.802 -9.29115 0.674126

-22.428 -12.2371 -1.40787
-22.789 -14.5951 1.63513
-26.345 -13.2621 2.29713
-27.516 -13.3371 -1.40887
-30.233 -15.9371 -0.503874
-31.745 -13.3581 1.96413
-31.457 -10.4161 -0.558874
-34.573 -11.9551 -2.26987
-36.69 -9.97315 0.277126
-37.596 -6.65915 -1.49587
-35.869 -3.75715 0.294126
-37.738 -0.737146 -1.18787

-35.206 1.80085 0.244126
-31.438 1.17985 -0.118874
-28.509 3.33285 1.05413
-25.019 2.36785 -0.187874

-22.164 4.24085 1.51113
-18.843 4.61285 -0.396874

-20.568 3.12585 -3.51687
-17.267 3.27085 -5.51587
-16.754 -0.264146 -4.00387
-19.276 -1.38815 -6.72387

-17.06 0.0418536 -9.60187
-16.363 -3.43115 -11.1589
-19.415 -5.50515 -12.2839
-17.496 -8.87015 -12.1859
-16.888 -8.63815 -8.38687

-19.053 -10.7911 -6.05587
-20.07 -7.64415 -4.03487
-21.334 -5.93115 -7.24087
-23.088 -9.11515 -8.55387
-24.963 -9.42715 -5.19587
-25.815 -5.65915 -4.87987
-26.967 -4.87515 -8.47287
-30.202 -7.04515 -8.55087
-31.463 -5.30815 -5.34687
-30.506 -1.79415 -6.61187
-32.395 -2.34815 -9.93387
-35.65 -3.44915 -8.12387

-35.574 -1.16615 -5.01287
-37.874 1.93585 -5.25187

-35.328 4.36185 -3.65187
-31.521 4.13085 -4.17687
-29.271 6.55485 -2.25787
-25.647 6.02085 -3.37087
-22.929 7.95685 -1.45987

-19.241 8.54285 -2.36687
-16.5 11.1899 -1.97487
-14.792 9.77885 -5.08487
-17.504 8.25585 -7.37987
-14.765 7.45685 -9.89287
-11.346 6.52185 -8.42487
-9.32298 6.75085 -11.7039
-11.462 6.29285 -14.9119

-14.988 6.88985 -16.4319
-15.647 3.08185 -16.6489
-15.904 2.95985 -12.7709
-19.121 5.10785 -12.9269
-21.13 2.63185 -15.0759
-22.406 0.451854 -12.1619
-23.483 3.58585 -10.1909
-25.24 5.07185 -13.3059
-27.261 1.83985 -13.9239
-28.047 1.55185 -10.1619
-29.606 5.09485 -10.1439

-31.109 4.82385 -13.7199
-31.494 1.10785 -14.8049
-32.674 2.22685 -18.3279
-29.437 4.18785 -19.0559
-26.839 2.24185 -21.1399
-28.402 -1.30715 -20.7769
-25.078 -2.73915 -22.1189

-21.603 -1.54115 -20.9769
-20.221 -1.54415 -24.5799
-22.368 1.51085 -25.5779
-21.067 3.44685 -22.5069
-17.467 2.27885 -23.2159
-17.53 3.31585 -26.9319
-18.74 6.84385 -25.9779
-16.905 7.65785 -22.6899

-14.012 5.12685 -22.3119
-12.353 5.60985 -25.7899
-13.001 1.90085 -26.4059

-10.424 0.253854 -28.7369
-10.673 -3.09415 -30.5789
-7.39298 -4.93715 -29.8219

-6.39698 -8.41915 -31.2499
-7.44698 -9.98615 -27.8629

-10.803 -8.09315 -27.4559
-11.967 -4.61015 -26.3619
-9.87698 -2.18515 -24.2799

-11.888 0.285854 -22.0859
-8.95698 1.90185 -20.1269
-9.28798 5.22885 -22.0199
-11.507 8.31585 -21.6739
-13.635 10.3759 -24.1129
-16.39 13.0709 -24.1909

-15.93 13.7879 -20.4159
-17.761 17.1859 -20.5149
-20.861 15.4099 -21.9719
-20.536 12.6959 -19.2679
-20.355 15.4639 -16.5749
-23.563 17.1019 -17.9439
-25.396 13.7069 -18.0529
-24.284 12.8839 -14.4659
-25.343 16.2819 -12.9789
-28.745 16.3319 -14.7919
-29.922 12.7229 -14.2569

-27.691 10.7209 -11.7909

-25.558 12.7789 -9.40687
-25.616 15.6729 -6.93587

-22.013 16.9149 -6.40287
-20.706 19.9159 -4.41387
-17.131 20.7509 -3.43987

-15.605 22.2349 -0.211874
-14.994 25.4389 -2.23387
-18.749 25.6879 -3.13387
-20.189 25.3179 0.426126

-17.378 25.8129 3.04813
-15.417 29.0479 2.21713
-14.003 28.8109 5.81713
-11.998 25.5429 5.40113

-8.19898 26.2369 5.38613
-6.44598 25.5029 2.06213

-4.78998 22.1329 1.31913
-1.17398 22.9809 0.341126
0.363018 20.0909 -1.66087
4.04202 19.5929 -2.60787
6.40402 16.9839 -4.00987
9.44502 16.2889 -1.76887
12.264 14.7349 -3.82387

14.044 12.5339 -1.23287
17.759 12.3529 -2.04287

18.743 9.12185 -3.96587
22.358 9.59285 -2.63787
21.32 7.40085 0.384126

20.279 4.61185 -2.10087
23.417 2.43085 -2.03487

24.923 1.15785 -5.33287
23.611 -2.46015 -4.79187
19.989 -1.26215 -4.24087
20.266 1.06785 -7.30187
21.695 -1.77715 -9.45387
18.757 -3.99415 -8.26887
16.211 -1.25915 -9.26687
18.008 -0.861146 -12.6569
17.921 -4.68715 -13.0879
14.148 -4.99615 -12.3399
13.46 -1.94415 -14.6079
15.415 -3.62015 -17.4949
13.641 -6.93315 -16.7039
10.144 -5.38115 -17.2879
11.235 -4.05015 -20.7589

12.715 -7.38015 -22.0109
10.885 -8.47815 -25.2159
11.026 -12.2581 -24.6809
9.15502 -12.4191 -21.2959
5.58202 -13.6471 -20.7889

2.78602 -11.2601 -19.6349
3.10502 -12.9221 -16.1719
6.92702 -12.4631 -15.8829
6.37602 -8.76115 -16.8539
3.78702 -8.40815 -13.9789
6.15502 -10.2281 -11.5419
9.10402 -7.93615 -12.4989
6.75302 -4.89815 -12.0429
5.73802 -6.10015 -8.51887
9.45302 -6.68115 -7.71187
10.423 -3.16015 -8.98387
7.59602 -1.62115 -6.86887
8.55102 -3.57015 -3.67087
12.284 -2.65315 -4.23787
11.234 1.03685 -4.59787
9.58302 0.847854 -1.13787
12.743 -0.733146 0.431126
15.043 1.82785 -1.29687
13.044 4.80185 0.149126
12.991 3.60585 3.84713
16.278 5.35885 4.98413
15.341 8.79185 3.51213
11.656 8.43685 4.55213
12.997 7.88885 8.12313
15.469 10.8319 7.73613
12.542 13.0829 6.65313
10.23 11.9309 9.54313
13.035 12.6989 12.0541
13.689 16.1489 10.4291
9.94002 16.9459 10.9051
10.067 15.9349 14.6301
13.392 17.7999 15.2201

11.734 20.8789 13.5371
9.25402 20.8639 16.5111
6.08502 19.5669 14.7201
3.39102 18.6139 17.2481
1.13802 16.2649 15.1241

1.35702 14.6699 11.6431
0.189018 11.5939 9.67213
2.55902 9.23185 7.79713
0.973018 7.16485 4.99313
2.59402 4.00985 3.52213

1.21202 0.708854 2.04513
4.09002 -1.83515 2.10013

4.22102 -3.51915 5.55313
8.08402 -3.31715 5.61113
7.85402 0.539854 5.36913
5.25102 0.724854 8.21313
7.41202 -1.71015 10.2991
10.677 0.271854 9.74513
9.00002 3.65085 10.5911
7.44702 2.22185 13.8301
10.783 0.588854 14.8601
12.725 3.89185 14.4401
10.039 5.90485 16.3481
10.257 3.31385 19.2131
14.119 3.53785 19.0981

13.831 7.39285 19.3541
11.163 6.96085 22.1551
8.58502 8.92085 20.0531
4.98102 8.23385 21.1221

2.97802 7.24285 18.0111
-0.106982 5.27485 16.8451
-0.184982 2.55785 14.1291
-3.18698 1.45685 11.9851

-2.92098 -1.26515 9.28713
-4.75398 -4.36115 7.87313
-4.17598 -6.27815 11.1821
-5.60998 -3.52915 13.4981
-9.12298 -4.53415 14.6871
-12.286 -2.43815 14.0311
-12.659 -1.33015 17.7191

-8.90098 -0.688146 18.3061
-8.90998 1.53685 15.1391
-11.471 3.86885 16.8031
-9.62198 3.81385 20.1871
-6.18598 4.60185 18.5791
-7.92698 7.37085 16.5561
-9.26098 8.85885 19.8561
-5.78398 8.47585 21.5091
-4.13598 10.4919 18.6411
-6.98398 13.0919 18.6911
-7.05798 13.6559 22.5021

-3.42498 12.9929 23.6361
-0.840982 15.7749 22.9501
1.96202 13.1469 23.4001
1.15102 11.1429 20.2221
3.12002 13.1239 17.6011

2.97802 10.5999 14.6881
0.218018 8.42885 13.2091
1.68002 5.56685 11.0791
-1.17598 4.65685 8.70613
-1.74998 2.12885 5.91813

-3.06198 4.02485 2.81713
-5.49098 1.11485 2.10813
-6.55398 0.265854 5.70513
-7.04098 3.85985 7.07213
-8.76298 5.38885 3.93913
-12.224 4.91485 5.62713
-14.222 5.87085 8.77813
-11.455 7.63685 10.7731
-11.006 11.4089 11.4581
-7.55298 12.9519 12.1671
-8.38998 16.6869 12.6131
-5.67998 17.0189 15.3661
-2.89598 16.9539 12.6931
-2.01198 19.7589 10.1961

0.435018 17.6819 8.05413
0.126018 14.5179 5.91213
3.29302 12.7509 4.62713
2.91602 10.1179 1.88313

6.07602 7.99485 2.32713
4.86702 5.97485 -0.703874
2.85602 6.77785 -3.85187
-0.336982 4.81285 -4.64787
-1.42298 4.25885 -8.31487
-5.06898 5.23085 -7.56987

-5.60898 9.00785 -6.92187
-9.08198 8.45985 -5.35887
-7.38098 6.59285 -2.43887
-4.76198 9.38885 -2.02387
-7.59898 12.0169 -1.86987
-9.47898 9.77685 0.665126
-6.30098 9.76985 2.84513
-5.82698 13.6209 2.61313

-9.52498 14.0959 3.63113
-8.85098 12.2489 6.91513
-7.22998 15.5289 8.18013
-9.16198 18.0509 6.03513
-12.546 17.5579 7.85913
-15.086 19.7319 9.74213
-13.162 20.6739 12.9391
-9.85398 21.4459 11.1171
-8.62498 25.0459 11.8311
-5.10298 24.9769 10.2181
-3.99998 24.9399 6.53213

-3.37798 21.2589 5.70913
0.112018 20.4379 4.37713
0.374018 17.3869 2.04213
3.93502 16.1349 1.30113
4.43902 13.4509 -1.41087
7.85902 11.7559 -0.902874
9.39202 10.7399 -4.30587

12.781 9.23985 -5.32787
14.482 9.75885 -8.75687
15.588 6.39385 -10.2809
12.565 4.41885 -8.86287
8.89302 3.41885 -9.48887

7.88102 7.00285 -8.40987
9.20002 8.34685 -11.7939
6.42002 6.33885 -13.6039
3.72102 6.41585 -10.8699
3.68502 10.2299 -10.4499
2.87402 11.0719 -14.1639
0.289018 8.18485 -14.1139
-1.41998 9.62185 -10.9699
-1.40698 13.1349 -12.5869
-3.09998 12.0519 -15.8689
-5.70098 10.1269 -13.7539
-6.54298 13.2619 -11.6349
-6.90298 15.2539 -14.9069
-9.37598 12.6089 -16.2719
-11.298 12.8749 -12.9399
-11.283 16.7389 -13.1039
-12.51 16.8229 -16.7739

-15.383 14.5009 -15.6569
-16.183 17.0429 -12.8119
-15.107 14.4419 -10.1679
-12.087 16.3489 -8.69187
-10.912 19.9639 -8.11987
-7.45398 18.5249 -7.38487
-4.97998 19.6609 -10.0299
-1.53998 17.9889 -9.55687
0.345018 19.7949 -12.4459

1.35102 22.8839 -10.3639
3.39902 20.6949 -7.92087
5.74602 19.3779 -10.6999
6.59702 22.7749 -12.2589

7.86202 23.7339 -8.72887
10.347 20.7609 -8.30587

End chain 1
