0 0 0
0 0 3.87234
-0.178943 -0.140579 7.62934
-1.48193 3.36509 8.42335
-1.27173 5.75148 11.3233
2.05795 5.82147 9.49551

3.91608 6.95287 6.28642
5.36332 8.43498 3.03582
7.21791 8.87787 -0.201173
4.3588 8.29341 -2.64986
0.534638 9.00364 -2.819
0.484608 12.2733 -0.824467
-2.0441 14.8528 -0.00550787

0.169897 17.8938 0.872492
-2.1881 19.6238 3.38949
-5.7141 19.2958 4.93949
-7.0261 21.4068 1.98549

-4.6391 20.6058 -0.973508
-3.3691 17.6018 -2.94251
-0.507103 17.3968 -5.48551
-0.324103 15.5848 -8.86551
3.1309 13.9098 -9.05451
3.4409 13.0028 -12.7615

5.8309 13.3898 -15.7405
5.1329 16.2028 -18.2615
2.2179 15.6678 -20.7125

0.904897 18.4988 -22.9545
-2.8071 17.5018 -22.6725
-2.4981 17.0158 -18.8875
-0.902103 20.5028 -18.4885
-3.7621 21.8998 -20.6605
-6.2901 20.1278 -18.3305
-4.4461 21.4048 -15.1765
-4.7311 24.9868 -16.6185

-8.5841 24.4428 -16.6905
-8.7481 23.6788 -12.9015
-10.0031 26.5788 -10.7655
-7.9031 25.9008 -7.60051
-4.6781 25.2668 -9.63251

-1.2801 26.0818 -8.05251
2.1019 25.4618 -9.72451
5.3079 25.4578 -7.65151

8.2299 26.5648 -9.87051
10.7849 24.9598 -7.43451
9.3599 21.3818 -7.35251
7.7789 21.7828 -10.8785

4.5349 20.2678 -9.45151
0.799897 21.0318 -9.65651
-1.5701 21.1898 -6.65251
-5.3531 21.6468 -6.31151
-8.0181 22.0478 -3.57151

-9.1441 18.6838 -2.13751
-12.8101 19.3888 -3.15851
-11.6181 19.3678 -6.83951
-10.0651 15.8248 -6.50051
-13.1151 13.9998 -7.98351
-13.4571 16.6898 -10.7545
-9.7391 16.3278 -11.6825
-9.7021 12.4748 -11.6985
-12.9321 12.4198 -13.7895
-11.3941 14.8218 -16.4115
-7.9801 12.9938 -16.4645

-9.6801 9.59382 -17.1885
-10.8491 11.1918 -20.4955
-7.2151 11.8418 -21.6525
-5.5641 9.20882 -23.9225
-2.1381 7.84582 -22.7825

-2.3471 9.43482 -19.2235
-2.6521 7.46482 -15.9405
-3.0291 9.60982 -12.7755
-3.5501 7.30482 -9.76251

-6.1051 8.89482 -7.31851
-5.7491 9.54882 -3.57351
-6.2371 6.11482 -1.85651
-9.6811 5.19482 -0.433508
-8.1221 5.47482 3.08349
-7.4211 9.22582 2.52649
-10.8511 9.84182 0.907492
-12.5101 8.17682 3.96049
-10.3071 10.1688 6.42949

-10.9151 13.5648 4.68449
-14.5551 12.7988 3.62449
-15.7381 16.1278 5.21549

-13.1011 18.2398 3.37549
-13.8871 16.4458 0.0424921
-17.5181 17.7928 0.429492

-16.9011 21.4478 1.54149
-16.4091 24.3018 -0.998508
-15.3811 26.4488 2.04249
-12.2611 26.8518 4.23049
-13.9171 26.2758 7.61649
-11.0821 25.2328 9.95849
-11.6181 22.0008 12.0045

-15.1061 22.0378 13.6445
-14.6851 22.8538 17.3505
-14.4651 19.6778 19.4325
-17.7011 19.6448 21.5185
-17.1631 19.5918 25.2945
-18.1921 16.1968 26.6815

-20.6141 15.8958 29.6065
-18.2761 14.4968 32.3135
-20.9641 14.6648 35.1255
-21.0461 10.8048 35.2615
-17.2071 10.7948 35.7925
-15.7071 10.9518 39.3075

-15.4071 14.7198 40.2515
-11.8781 14.1548 41.7095
-10.6831 13.1148 38.2055
-12.6181 15.8308 36.2685
-11.2891 18.6538 38.5585
-7.6251 17.4658 38.1995

-7.5741 17.4678 34.3335
-5.3321 20.2328 32.9245

-6.9931 22.3378 30.1015
-5.1181 20.4288 27.3345
-5.9511 17.0478 29.0045
-9.6831 18.0528 29.0155
-9.4491 18.9638 25.2855
-7.8301 15.5008 24.6845
-10.6751 13.7208 26.5825
-13.2501 15.7298 24.5295
-11.4421 14.8108 21.2345
-11.3171 11.1048 22.2235
-15.0831 11.1368 23.0665
-15.9111 12.9888 19.7735

-13.8601 10.2908 17.8665
-16.1011 7.69382 19.6685
-13.3991 6.34582 22.0685

-11.2391 4.99882 19.1645
-7.8431 6.76382 19.1015
-4.0961 6.65782 19.6175
-3.1821 9.18682 22.3595

0.418897 9.84082 21.2105

0.977897 12.8348 23.5635
4.6089 13.2508 24.7155

6.0649 11.3608 27.7365
4.7519 12.6018 31.1225
1.8799 14.8148 29.7125
-0.593103 12.6268 31.7465

-1.7311 9.99982 29.1695
-2.8991 7.72682 32.0725
-5.2501 10.3598 33.6545
-6.7631 11.1518 30.1925
-7.1691 7.38382 29.4285
-8.9071 6.68782 32.7995
-11.3021 9.64182 32.1365
-12.1341 8.50082 28.5335
-12.7331 4.92282 29.8015
-14.8421 6.16582 32.7995
-17.1141 8.17682 30.4165

-17.7871 4.70382 28.8455

-18.2711 2.93882 32.3195
-21.7731 1.78882 31.1085
-19.9371 -0.310181 28.4005
-17.5131 -2.22218 30.7485
-15.8681 -4.76718 31.5085

-12.6611 -2.80218 30.8265
-9.4381 -4.49118 29.6075
-6.1221 -2.68218 30.3355
-3.0191 -4.09318 28.5615
0.283897 -2.71118 29.9415

4.0629 -3.37018 30.3245
4.6969 -6.17418 32.9055
6.2569 -3.65918 35.4315
3.4239 -0.994181 35.5375

0.354897 -3.22218 36.3415
0.217897 -2.10718 40.0135
0.958897 1.54382 38.9685
-2.2521 1.34182 36.8445
-4.3011 -0.251181 39.7135
-3.1551 2.56582 42.0675
-3.9961 5.12182 39.3075
-7.6091 3.75682 39.0985
-7.9691 3.78582 42.9495
-6.4831 7.34582 43.0615
-8.7101 8.84082 40.3165

-12.0081 6.83682 40.5785
-12.7381 6.59582 44.3945
-16.2751 5.43682 43.2865
-14.6511 1.94482 42.7445
-13.9171 -0.639181 45.4555

-10.5191 -2.45818 45.1955
-12.5251 -5.67418 44.4185
-13.6671 -4.02118 41.1295

-9.9781 -4.17018 39.9145
-8.3921 -7.47818 38.8265
-4.5681 -7.39518 38.4195

-3.5891 -10.4702 36.3735
-0.203103 -11.6572 37.7105
-0.0881025 -15.1912 36.1515
-1.2921 -17.1532 33.0735
-3.6561 -19.1742 35.4085
-5.6751 -16.1622 36.6555
-9.2391 -15.2712 35.4975
-8.9621 -12.3272 33.0395
-12.7031 -11.4562 33.6115
-12.8061 -11.5202 37.4655
-12.9951 -7.68618 37.8745
-14.9671 -4.82018 36.3335

-11.4751 -3.49418 35.3765
-8.9521 -6.18718 34.3035
-5.2231 -5.25218 34.1415
-2.8961 -7.65618 32.2255
0.583897 -7.64918 30.6295

1.4549 -8.09418 26.9155
3.3559 -11.3632 27.7135
0.279897 -12.9002 29.4515
-2.1871 -12.1232 26.5605

-0.813103 -15.0692 24.4785
-1.1741 -17.4272 27.5215
-4.7301 -16.0942 28.1835
-5.9011 -16.1692 24.4775
-8.6181 -18.7692 25.3825
-10.1301 -16.1902 27.8505
-9.8421 -13.2482 25.3275
-12.9581 -14.7872 23.6165
-15.0751 -12.8052 26.1635
-15.9811 -9.49118 24.3905
-14.2541 -6.58918 26.1805
-16.1231 -3.56918 24.6985

-13.5911 -1.03118 26.1305
-9.8231 -1.65218 25.7675
-6.8941 0.500819 26.9405
-3.4041 -0.464181 25.6985

-0.549103 1.40882 27.3975
2.7719 1.78082 25.4895

1.0469 0.293819 22.3695
4.3479 0.438819 20.3705
4.8609 -3.09618 21.8825
2.3389 -4.22018 19.1625

4.5549 -2.79018 16.2845
5.2519 -6.26318 14.7275
2.1999 -8.33718 13.6025
4.1189 -11.7022 13.7005
4.7269 -11.4702 17.4995

2.5619 -13.6232 19.8305
1.5449 -10.4762 21.8515
0.280897 -8.76318 18.6455
-1.4731 -11.9472 17.3325
-3.3481 -12.2592 20.6905
-4.2001 -8.49118 21.0065
-5.3521 -7.70718 17.4135
-8.5871 -9.87718 17.3355
-9.8481 -8.14018 20.5395
-8.8911 -4.62618 19.2745
-10.7801 -5.18018 15.9525
-14.0351 -6.28118 17.7625

-13.9591 -3.99818 20.8735
-16.2591 -0.896181 20.6345

-13.7131 1.52982 22.2345
-9.9061 1.29882 21.7095
-7.6561 3.72282 23.6285
-4.0321 3.18882 22.5155
-1.3141 5.12482 24.4265

2.3739 5.71082 23.5195
5.1149 8.35782 23.9115
6.8229 6.94682 20.8015
4.1109 5.42382 18.5065
6.8499 4.62482 15.9935
10.2689 3.68982 17.4615
12.2919 3.91882 14.1825
10.1529 3.46082 10.9745

6.6269 4.05782 9.45449
5.9679 0.249819 9.23749
5.7109 0.127819 13.1155
2.4939 2.27582 12.9595
0.484897 -0.200181 10.8105
-0.791103 -2.38018 13.7245
-1.8681 0.753819 15.6955
-3.6251 2.23982 12.5805
-5.6461 -0.992181 11.9625
-6.4321 -1.28018 15.7245
-7.9911 2.26282 15.7425

-9.4941 1.99182 12.1665
-9.8791 -1.72418 11.0815
-11.0591 -0.605181 7.55849
-7.8221 1.35582 6.83049
-5.2241 -0.590181 4.74649
-6.7871 -4.13918 5.10949
-3.4631 -5.57118 3.76749

0.0118975 -4.37318 4.90949
1.3939 -4.37618 1.30649
-0.753103 -1.32118 0.308492
0.547897 0.614819 3.37949
4.1479 -0.553181 2.67049
4.0849 0.483819 -1.04551
2.8749 4.01182 -0.0915079
4.7099 4.82582 3.19649

7.6029 2.29482 3.57449
9.2619 2.77782 0.0964921
8.6139 -0.931181 -0.519508

11.1909 -2.57818 -2.85051
10.9419 -5.92618 -4.69251
14.2219 -7.76918 -3.93551

15.2179 -11.2512 -5.36351
14.1679 -12.8182 -1.97651

10.8119 -10.9252 -1.56951
9.6479 -7.44218 -0.475508
11.7379 -5.01718 1.60649

9.7269 -2.54618 3.80049
12.6579 -0.930181 5.75949
12.3269 2.39682 3.86649
10.1079 5.48382 4.21249
7.9799 7.54382 1.77349
5.2249 10.2388 1.69549

5.6849 10.9558 5.47049
3.8539 14.3538 5.37149
0.753897 12.5778 3.91449
1.0789 9.86382 6.61849
1.2599 12.6318 9.31149
-1.9481 14.2698 7.94249
-3.7811 10.8748 7.83349
-2.6691 10.0518 11.4205
-3.7281 13.4498 12.9075
-7.1301 13.4998 11.0945
-8.3071 9.89082 11.6295

-6.0761 7.88882 14.0955

-3.9431 9.94682 16.4795
-4.0011 12.8408 18.9505

-0.398103 14.0828 19.4835
0.908897 17.0838 21.4725
4.4839 17.9188 22.4465

6.0099 19.4028 25.6745
6.6209 22.6068 23.6525
2.8659 22.8558 22.7525
1.4259 22.4858 26.3125

4.2369 22.9808 28.9345
6.1979 26.2158 28.1035
7.6119 25.9788 31.7035
9.6169 22.7108 31.2875

13.4159 23.4048 31.2725
15.1689 22.6708 27.9485

16.8249 19.3008 27.2055
20.4409 20.1488 26.2275
21.9779 17.2588 24.2255
25.6569 16.7608 23.2785
28.0189 14.1518 21.8765
31.0599 13.4568 24.1175
33.8789 11.9028 22.0625

35.6589 9.70182 24.6535
39.3739 9.52082 23.8435

40.3579 6.28982 21.9205
43.9729 6.76082 23.2485
42.9349 4.56882 26.2705

41.8939 1.77982 23.7855
45.0319 -0.401181 23.8515

46.5379 -1.67418 20.5535
45.2259 -5.29218 21.0945
41.6039 -4.09418 21.6455
41.8809 -1.76418 18.5845
43.3099 -4.60918 16.4325
40.3719 -6.82618 17.6175
37.8259 -4.09118 16.6195
39.6229 -3.69318 13.2295
39.5359 -7.51918 12.7985
35.7629 -7.82818 13.5465
35.0749 -4.77618 11.2785
37.0299 -6.45218 8.39149
35.2559 -9.76518 9.18249
31.7589 -8.21318 8.59849
32.8499 -6.88218 5.12749

34.3299 -10.2122 3.87549
32.4999 -11.3102 0.670492
32.6409 -15.0902 1.20549
30.7699 -15.2512 4.59049
27.1969 -16.4792 5.09749

24.4009 -14.0922 6.25149
24.7199 -15.7542 9.71449
28.5419 -15.2952 10.0035
27.9909 -11.5932 9.03249
25.4019 -11.2402 11.9075
27.7699 -13.0602 14.3445
30.7189 -10.7682 13.3875
28.3679 -7.73018 13.8435
27.3529 -8.93218 17.3675
31.0679 -9.51318 18.1745
32.0379 -5.99218 16.9025
29.2109 -4.45318 19.0175
30.1659 -6.40218 22.2155
33.8989 -5.48518 21.6485
32.8489 -1.79518 21.2885
31.1979 -1.98418 24.7485
34.3579 -3.56518 26.3175
36.6579 -1.00418 24.5895
34.6589 1.96982 26.0355
34.6059 0.773819 29.7335
37.8929 2.52682 30.8705
36.9559 5.95982 29.3985
33.2709 5.60482 30.4385
34.6119 5.05682 34.0095
37.0839 7.99982 33.6225
34.1569 10.2508 32.5395
31.8449 9.09882 35.4295
34.6499 9.86682 37.9405
35.3039 13.3168 36.3155
31.5549 14.1138 36.7915
31.6819 13.1028 40.5165
35.0069 14.9678 41.1065

33.3489 18.0468 39.4235
30.8689 18.0318 42.3975
27.6999 16.7348 40.6065
25.0059 15.7818 43.1345
22.7529 13.4328 41.0105

22.9719 11.8378 37.5295
21.8039 8.76182 35.5585
24.1739 6.39982 33.6835
22.5879 4.33282 30.8795
24.2089 1.17782 29.4085

22.8269 -2.12318 27.9315
25.7049 -4.66718 27.9865

25.8359 -6.35118 31.4395
29.6989 -6.14918 31.4975
29.4689 -2.29218 31.2555
26.8659 -2.10718 34.0995
29.0269 -4.54218 36.1855
32.2919 -2.56018 35.6315
30.6149 0.818819 36.4775
29.0619 -0.610181 39.7165
32.3979 -2.24318 40.7465
34.3399 1.05982 40.3265
31.6539 3.07282 42.2345
31.8719 0.481819 45.0995
35.7339 0.705819 44.9845

35.4459 4.56082 45.2405
32.7779 4.12882 48.0415
30.1999 6.08882 45.9395
26.5959 5.40182 47.0085

24.5929 4.41082 43.8975
21.5079 2.44282 42.7315
21.4299 -0.274181 40.0155
18.4279 -1.37518 37.8715

18.6939 -4.09718 35.1735
16.8609 -7.19318 33.7595
17.4389 -9.11018 37.0685
16.0049 -6.36118 39.3845
12.4919 -7.36618 40.5735
9.3289 -5.27018 39.9175
8.9559 -4.16218 43.6055

12.7139 -3.52018 44.1925
12.7049 -1.29518 41.0255
10.1439 1.03682 42.6895
11.9929 0.981819 46.0735
15.4289 1.76982 44.4655
13.6879 4.53882 42.4425
12.3539 6.02682 45.7425
15.8309 5.64382 47.3955
17.4789 7.65982 44.5275
14.6309 10.2598 44.5775
14.5569 10.8238 48.3885

18.1899 10.1608 49.5225
20.7739 12.9428 48.8365
23.5769 10.3148 49.2865
22.7659 8.31082 46.1085
24.7349 10.2918 43.4875

24.5929 7.76782 40.5745
21.8329 5.59682 39.0955
23.2949 2.73482 36.9655
20.4389 1.82482 34.5925
19.8649 -0.703181 31.8045

18.5529 1.19282 28.7035
16.1239 -1.71718 27.9945
15.0609 -2.56618 31.5915
14.5739 1.02782 32.9585
12.8519 2.55682 29.8255
9.3909 2.08282 31.5135
7.3929 3.03882 34.6645
10.1599 4.80482 36.6595
10.6089 8.57682 37.3445
14.0619 10.1198 38.0535
13.2249 13.8548 38.4995
15.9349 14.1868 41.2525
18.7189 14.1218 38.5795
19.6029 16.9268 36.0825

22.0499 14.8498 33.9405
21.7409 11.6858 31.7985
24.9079 9.91882 30.5135
24.5309 7.28582 27.7695

27.6909 5.16282 28.2135
26.4819 3.14282 25.1825
24.4709 3.94582 22.0345
21.2779 1.98082 21.2385
20.1919 1.42682 17.5715
16.5459 2.39882 18.3165

16.0059 6.17582 18.9645
12.5329 5.62782 20.5275
14.2339 3.76082 23.4475
16.8529 6.55682 23.8625
14.0159 9.18482 24.0165
12.1359 6.94482 26.5515
15.3139 6.93782 28.7315
15.7879 10.7888 28.4995

12.0899 11.2638 29.5175
12.7639 9.41682 32.8015
14.3849 12.6968 34.0665
12.4529 15.2188 31.9215
9.0689 14.7258 33.7455
6.5289 16.8998 35.6285
8.4529 17.8418 38.8255
11.7609 18.6138 37.0035
12.9899 22.2138 37.7175
16.5119 22.1448 36.1045
17.6149 22.1078 32.4185

18.2369 18.4268 31.5955
21.7269 17.6058 30.2635
21.9889 14.5548 27.9285
25.5499 13.3028 27.1875
26.0539 10.6188 24.4755
29.4739 8.92382 24.9835
31.0069 7.90782 21.5805

34.3959 6.40782 20.5585
36.0969 6.92682 17.1295
37.2029 3.56182 15.6055
34.1799 1.58682 17.0235
30.5079 0.586819 16.3975

29.4959 4.17082 17.4765
30.8149 5.51482 14.0925
28.0349 3.50682 12.2825
25.3359 3.58382 15.0165
25.2999 7.39782 15.4365
24.4889 8.23982 11.7225
21.9039 5.35282 11.7725
20.1949 6.78982 14.9165
20.2079 10.3028 13.2995
18.5149 9.21982 10.0175
15.9139 7.29482 12.1325
15.0719 10.4298 14.2515
14.7119 12.4218 10.9795
12.2389 9.77682 9.61449
10.3169 10.0428 12.9465
10.3319 13.9068 12.7825
9.1049 13.9908 9.11249

6.2319 11.6688 10.2295
5.4319 14.2108 13.0745
6.5079 11.6098 15.7185
9.5279 13.5168 17.1945
10.7029 17.1318 17.7665
14.1609 15.6928 18.5015
16.6349 16.8288 15.8565
20.0749 15.1568 16.3295
21.9599 16.9628 13.4405

22.9659 20.0518 15.5225
25.0139 17.8628 17.9655
27.3609 16.5458 15.1865
28.2119 19.9428 13.6275

29.4769 20.9018 17.1575
31.9619 17.9288 17.5805

End chain 1
