-13.201 -6.296 -53.957
-10.703 -3.406 -53.291
-9.54 -3.087 -49.639
-11.02 0.322 -48.639
-8.614 1.85 -46.053
-10.787 3.126 -43.162

-9.634 6.195 -41.181
-10.061 4.9 -37.589
-10.286 6.838 -34.306
-12.195 7.103 -30.979
-14.163 9.439 -28.711
-12.619 10.223 -25.263
-14.157 12.207 -22.344

-11.943 15.248 -21.466
-14.301 16.978 -18.949
-17.827 16.65 -17.399
-19.139 18.761 -20.353

-16.752 17.96 -23.312
-15.482 14.956 -25.281
-12.62 14.751 -27.824
-12.437 12.939 -31.204
-8.982 11.264 -31.393
-8.672 10.357 -35.1

-6.282 10.744 -38.079
-6.98 13.557 -40.6
-9.895 13.022 -43.051

-11.208 15.853 -45.293
-14.92 14.856 -45.011
-14.611 14.37 -41.226
-13.015 17.857 -40.827
-15.875 19.254 -42.999
-18.403 17.482 -40.669
-16.559 18.759 -37.515
-16.844 22.341 -38.957

-20.697 21.797 -39.029
-20.861 21.033 -35.24
-22.116 23.933 -33.104
-20.016 23.255 -29.939
-16.791 22.621 -31.971

-13.393 23.436 -30.391
-10.011 22.816 -32.063
-6.805 22.812 -29.99

-3.37722 23.3366 -28.6445
0.281056 23.5315 -27.7944
2.59691 26.5612 -27.4281
2.61429 26.3779 -23.701

5.42788 24.6859 -21.8029
8.7214 24.6877 -20.0982
11.6512 25.9203 -18.1927
13.8114 24.3188 -15.4288
16.4728 22.9038 -17.7087

15.3468 19.5398 -16.2747
11.6808 20.2448 -17.2957
12.8728 20.2238 -20.9767
14.4258 16.6808 -20.6377
11.3758 14.8558 -22.1207
11.0338 17.5458 -24.8917
14.7518 17.1838 -25.8197
14.7888 13.3308 -25.8357
11.5588 13.2758 -27.9267
13.0968 15.6778 -30.5487
16.5108 13.8498 -30.6017

14.8108 10.4498 -31.3257
13.6418 12.0478 -34.6327
17.2758 12.6978 -35.7897
18.9268 10.0648 -38.0597
22.3528 8.70175 -36.9197

22.1438 10.2908 -33.3607
21.8388 8.32075 -30.0777
21.4618 10.4658 -26.9127
20.9408 8.16075 -23.8997

18.3858 9.75075 -21.4557
18.7418 10.4048 -17.7107
18.2538 6.97075 -15.9937
14.8098 6.05075 -14.5707
16.3688 6.33075 -11.0537
17.0698 10.0818 -11.6107
13.6398 10.6978 -13.2297
11.9808 9.03275 -10.1767
14.1838 11.0248 -7.70772

13.5758 14.4208 -9.45272
9.93575 13.6548 -10.5127
8.75275 16.9838 -8.92172

11.3898 19.0958 -10.7617
10.6038 17.3018 -14.0947
6.97275 18.6488 -13.7077

7.58975 22.3038 -12.5957
8.08175 25.1578 -15.1357
9.10975 27.3048 -12.0947
12.2298 27.7078 -9.90672
10.5738 27.1318 -6.52072
13.4088 26.0888 -4.17872
12.8728 22.8568 -2.13272

9.38475 22.8938 -0.492721
9.80575 23.7098 3.21328
10.0258 20.5338 5.29528
6.78975 20.5008 7.38128
7.32775 20.4478 11.1573
6.29875 17.0528 12.5443

3.87675 16.7518 15.4693
6.21475 15.3528 18.1763
3.52675 15.5208 20.9883
3.44475 11.6608 21.1243
7.28375 11.6508 21.6553
8.78375 11.8078 25.1703

9.08375 15.5758 26.1143
12.6128 15.0108 27.5723
13.8078 13.9708 24.0683
11.8728 16.6868 22.1313
13.2018 19.5098 24.4213
16.8658 18.3218 24.0623

16.9168 18.3238 20.1963
19.1588 21.0888 18.7873

17.4978 23.1938 15.9643
19.3728 21.2848 13.1973
18.5398 17.9038 14.8673
14.8078 18.9088 14.8783
15.0418 19.8198 11.1483
16.6608 16.3568 10.5473
13.8158 14.5768 12.4453
11.2408 16.5858 10.3923
13.0488 15.6668 7.09728
13.1738 11.9608 8.08628
9.40775 11.9928 8.92928
8.57975 13.8448 5.63628

10.6308 11.1468 3.72928
8.38975 8.54975 5.53128
11.0918 7.20175 7.93128

13.2518 5.85475 5.02728
16.6478 7.61975 4.96428
20.3948 7.51375 5.48028
21.3088 10.0428 8.22228

24.9098 10.6968 7.07328

25.4688 13.6908 9.42628
29.0998 14.1068 10.5783

30.5558 12.2168 13.5993
29.2428 13.4578 16.9853
26.3708 15.6708 15.5753
23.8978 13.4828 17.6093

22.7598 10.8558 15.0323
21.5918 8.58275 17.9353
19.2408 11.2158 19.5173
17.7278 12.0078 16.0553
17.3218 8.23975 15.2913
15.5838 7.54375 18.6623
13.1888 10.4978 17.9993
12.3568 9.35675 14.3963
11.7578 5.77875 15.6643
9.64875 7.02175 18.6623
7.37675 9.03275 16.2793

6.70375 5.55975 14.7083

6.21975 3.79475 18.1823
2.71775 2.64475 16.9713
4.55375 0.54575 14.2633
6.97775 -1.36625 16.6113
8.62275 -3.91125 17.3713

11.8298 -1.94625 16.6893
15.0528 -3.63525 15.4703
18.3688 -1.82625 16.1983
21.4718 -3.23725 14.4243
24.7748 -1.85525 15.8043

28.5538 -2.51425 16.1873
29.1878 -5.31825 18.7683
30.7478 -2.80325 21.2943
27.9148 -0.13825 21.4003

24.8458 -2.36625 22.2043
24.7088 -1.25125 25.8763
25.4498 2.39975 24.8313
22.2388 2.19775 22.7073
20.1898 0.60475 25.5763
21.3358 3.42175 27.9303
20.4948 5.97775 25.1703
16.8818 4.61275 24.9613
16.5218 4.64175 28.8123
18.0078 8.20175 28.9243
15.7808 9.69675 26.1793

12.4828 7.69275 26.4413
11.7528 7.45175 30.2573
8.21575 6.29275 29.1493
9.83975 2.80075 28.6073
10.5738 0.21675 31.3183

13.9718 -1.60225 31.0583
11.9658 -4.81825 30.2813
10.8238 -3.16525 26.9923

14.5128 -3.31425 25.7773
16.0988 -6.62225 24.6893
19.9228 -6.53925 24.2823

20.9018 -9.61425 22.2363
24.2878 -10.8012 23.5733
24.4028 -14.3352 22.0143
23.1988 -16.2972 18.9363
20.8348 -18.3182 21.2713
18.8158 -15.3062 22.5183
15.2518 -14.4152 21.3603
15.5288 -11.4712 18.9023
11.7878 -10.6002 19.4743
11.6848 -10.6642 23.3283
11.4958 -6.83025 23.7373
9.52375 -3.96425 22.1963

13.0158 -2.63825 21.2393
15.5388 -5.33125 20.1663
19.2678 -4.39625 20.0043
21.5948 -6.80025 18.0883
25.0748 -6.79325 16.4923

25.9458 -7.23825 12.7783
27.8468 -10.5072 13.5763
24.7708 -12.0442 15.3143
22.3038 -11.2672 12.4233

23.6778 -14.2132 10.3413
23.3168 -16.5712 13.3843
19.7608 -15.2382 14.0463
18.5898 -15.3132 10.3403
15.8728 -17.9132 11.2453
14.3608 -15.3342 13.7133
14.6488 -12.3922 11.1903
11.5328 -13.9312 9.47928
9.41575 -11.9492 12.0263
8.50975 -8.63525 10.2533
10.2368 -5.73325 12.0433
8.36775 -2.71325 10.5613

10.8998 -0.17525 11.9933
14.6678 -0.79625 11.6303
17.5968 1.35675 12.8033
21.0868 0.39175 11.5613

23.9418 2.26475 13.2603
27.2628 2.63675 11.3523

25.5378 1.14975 8.23228
28.8388 1.29475 6.23328
29.3518 -2.24025 7.74528
26.8298 -3.36425 5.02528

29.0458 -1.93425 2.14728
29.7428 -5.40725 0.590279
26.6908 -7.48125 -0.534721
28.6098 -10.8462 -0.436721
29.2178 -10.6142 3.36228

27.0528 -12.7672 5.69328
26.0358 -9.62025 7.71428
24.7718 -7.90725 4.50828
23.0178 -11.0912 3.19528
21.1428 -11.4032 6.55328
20.2908 -7.63525 6.86928
19.1388 -6.85125 3.27628
15.9038 -9.02125 3.19828
14.6428 -7.28425 6.40228
15.5998 -3.77025 5.13728
13.7108 -4.32425 1.81528
10.4558 -5.42525 3.62528

10.5318 -3.14225 6.73628
8.23175 -0.04025 6.49728

10.7778 2.38575 8.09728
14.5848 2.15475 7.57228
16.8348 4.57875 9.49128
20.4588 4.04475 8.37828
23.1768 5.98075 10.2893

26.8648 6.56675 9.38228
29.6058 9.21375 9.77428
31.3138 7.80275 6.66428
28.6018 6.27975 4.36928
31.3408 5.48075 1.85628
34.7598 4.54575 3.32428
36.7828 4.77475 0.0452794
34.6438 4.31675 -3.16272

31.1178 4.91375 -4.68272
30.4588 1.10575 -4.89972
30.2018 0.98375 -1.02172
26.9848 3.13175 -1.17772
24.9758 0.65575 -3.32672
23.6998 -1.52425 -0.412721
22.6228 1.60975 1.55828
20.8658 3.09575 -1.55672
18.8448 -0.13625 -2.17472
18.0588 -0.42425 1.58728
16.4998 3.11875 1.60528

14.9968 2.84775 -1.97072
14.6118 -0.86825 -3.05572
13.4318 0.25075 -6.57872
16.6688 2.21175 -7.30672
19.2668 0.26575 -9.39072
17.7038 -3.28325 -9.02772
21.0278 -4.71525 -10.3697

24.5028 -3.51725 -9.22772
25.8848 -3.52025 -12.8307
23.7378 -0.46525 -13.8287
25.0388 1.47075 -10.7577
28.6388 0.30275 -11.4667
28.5758 1.33975 -15.1827
27.3658 4.86775 -14.2287
29.2008 5.68175 -10.9407

32.0938 3.15075 -10.5627
33.7528 3.63375 -14.0407
33.1048 -0.07525 -14.6567

35.6818 -1.72225 -16.9877
35.4328 -5.07025 -18.8297
38.7128 -6.91325 -18.0727

39.7088 -10.3952 -19.5007
38.6588 -11.9622 -16.1137

35.3028 -10.0692 -15.7067
34.1388 -6.58625 -14.6127
36.2288 -4.16125 -12.5307

34.2178 -1.69025 -10.3367
37.1488 -0.07425 -8.37772
36.8178 3.25275 -10.2707
34.5988 6.33975 -9.92472
32.4708 8.39975 -12.3637
29.7158 11.0948 -12.4417

30.1758 11.8118 -8.66672
28.3448 15.2098 -8.76572
25.2448 13.4338 -10.2227
25.5698 10.7198 -7.51872
25.7508 13.4878 -4.82572
22.5428 15.1258 -6.19472
20.7098 11.7308 -6.30372
21.8218 10.9078 -2.71672
20.7628 14.3058 -1.22972
17.3608 14.3558 -3.04272
16.1838 10.7468 -2.50772

18.4148 8.74475 -0.0417206

20.5478 10.8028 2.34228
20.4898 13.6968 4.81328

24.0928 14.9388 5.34628
25.3998 17.9398 7.33528
28.9748 18.7748 8.30928

30.5008 20.2588 11.5373
31.1118 23.4628 9.51528
27.3568 23.7118 8.61528
25.9168 23.3418 12.1753

28.7278 23.8368 14.7973
30.6888 27.0718 13.9663
32.1028 26.8348 17.5663
34.1078 23.5668 17.1503

37.9068 24.2608 17.1353
39.6598 23.5268 13.8113

41.3158 20.1568 13.0683
44.9318 21.0048 12.0903
46.4688 18.1148 10.0883
50.1478 17.6168 9.14128
52.5098 15.0078 7.73928
55.5508 14.3128 9.98028
58.3698 12.7588 7.92528

60.1498 10.5578 10.5163
63.8648 10.3768 9.70628

64.8488 7.14575 7.78328
68.4638 7.61675 9.11128
67.4258 5.42475 12.1333

66.3848 2.63575 9.64828
69.5228 0.45475 9.71428

71.0288 -0.81825 6.41628
69.7168 -4.43625 6.95728
66.0948 -3.23825 7.50828
66.3718 -0.90825 4.44728
67.8008 -3.75325 2.29528
64.8628 -5.97025 3.48028
62.3168 -3.23525 2.48228
64.1138 -2.83725 -0.907721
64.0268 -6.66325 -1.33872
60.2538 -6.97225 -0.590721
59.5658 -3.92025 -2.85872
61.5208 -5.59625 -5.74572
59.7468 -8.90925 -4.95472
56.2498 -7.35725 -5.53872
57.3408 -6.02625 -9.00972

58.8208 -9.35625 -10.2617
56.9908 -10.4542 -13.4667
57.1318 -14.2342 -12.9317
55.2608 -14.3952 -9.54672
51.6878 -15.6232 -9.03972

48.8918 -13.2362 -7.88572
49.2108 -14.8982 -4.42272
53.0328 -14.4392 -4.13372
52.4818 -10.7372 -5.10472
49.8928 -10.3842 -2.22972
52.2608 -12.2042 0.207279
55.2098 -9.91225 -0.749721
52.8588 -6.87425 -0.293721
51.8438 -8.07625 3.23028
55.5588 -8.65725 4.03728
56.5288 -5.13625 2.76528
53.7018 -3.59725 4.88028
54.6568 -5.54625 8.07828
58.3898 -4.62925 7.51128
57.3398 -0.93925 7.15128
55.6888 -1.12825 10.6113
58.8488 -2.70925 12.1803
61.1488 -0.14825 10.4523
59.1498 2.82575 11.8983
59.0968 1.62975 15.5963
62.3838 3.38275 16.7333
61.4468 6.81575 15.2613
57.7618 6.46075 16.3013
59.1028 5.91275 19.8723
61.5748 8.85575 19.4853
58.6478 11.1068 18.4023
56.3358 9.95475 21.2923
59.1408 10.7228 23.8033
59.7948 14.1728 22.1783
56.0458 14.9698 22.6543
56.1728 13.9588 26.3793
59.4978 15.8238 26.9693

57.8398 18.9028 25.2863
55.3598 18.8878 28.2603
52.1908 17.5908 26.4693
49.4968 16.6378 28.9973
47.2438 14.2888 26.8733

47.4628 12.6938 23.3923
46.2948 9.61775 21.4213
48.6648 7.25575 19.5463
47.0788 5.18875 16.7423
48.6998 2.03375 15.2713

47.3178 -1.26725 13.7943
50.1958 -3.81125 13.8493

50.3268 -5.49525 17.3023
54.1898 -5.29325 17.3603
53.9598 -1.43625 17.1183
51.3568 -1.25125 19.9623
53.5178 -3.68625 22.0483
56.7828 -1.70425 21.4943
55.1058 1.67475 22.3403
53.5528 0.24575 25.5793
56.8888 -1.38725 26.6093
58.8308 1.91575 26.1893
56.1448 3.92875 28.0973
56.3628 1.33775 30.9623
60.2248 1.56175 30.8473

59.9368 5.41675 31.1033
57.2688 4.98475 33.9043
54.6908 6.94475 31.8023
51.0868 6.25775 32.8713

49.0838 5.26675 29.7603
45.9988 3.29875 28.5943
45.9208 0.58175 25.8783
42.9188 -0.51925 23.7343

43.1848 -3.24125 21.0363
41.3518 -6.33725 19.6223
41.9298 -8.25425 22.9313
40.4958 -5.50525 25.2473
36.9828 -6.51025 26.4363
33.8198 -4.41425 25.7803
33.4468 -3.30625 29.4683

37.2048 -2.66425 30.0553
37.1958 -0.43925 26.8883
34.6348 1.89275 28.5523
36.4838 1.83775 31.9363
39.9198 2.62575 30.3283
38.1788 5.39475 28.3053
36.8448 6.88275 31.6053
40.3218 6.49975 33.2583
41.9698 8.51575 30.3903
39.1218 11.1158 30.4403
39.0478 11.6798 34.2513

42.6808 11.0168 35.3853
45.2648 13.7988 34.6993
48.0678 11.1708 35.1493
47.2568 9.16675 31.9713
49.2258 11.1478 29.3503

49.0838 8.62375 26.4373
46.3238 6.45275 24.9583
47.7858 3.59075 22.8283
44.9298 2.68075 20.4553
44.3558 0.15275 17.6673

43.0438 2.04875 14.5663
40.6148 -0.86125 13.8573
39.5518 -1.71025 17.4543
39.0648 1.88375 18.8213
37.3428 3.41275 15.6883
33.8818 2.93875 17.3763
31.8838 3.89475 20.5273
34.6508 5.66075 22.5223
35.0998 9.43275 23.2073
38.5528 10.9758 23.9163
37.7158 14.7108 24.3623
40.4258 15.0428 27.1153
43.2098 14.9778 24.4423
44.0938 17.7828 21.9453

46.5408 15.7058 19.8033
46.2318 12.5418 17.6613
49.3988 10.7748 16.3763
49.0218 8.14175 13.6323

52.1818 6.01875 14.0763
50.9728 3.99875 11.0453
48.9618 4.80175 7.89728
45.7688 2.83675 7.10128
44.6828 2.28275 3.43428
41.0368 3.25475 4.17928

40.4968 7.03175 4.82728
37.0238 6.48375 6.39028
38.7248 4.61675 9.31028
41.3438 7.41275 9.72528
38.5068 10.0408 9.87928
36.6268 7.80075 12.4143
39.8048 7.79375 14.5943
40.2788 11.6448 14.3623

36.5808 12.1198 15.3803
37.2548 10.2728 18.6643
38.8758 13.5528 19.9293
36.9438 16.0748 17.7843
33.5598 15.5818 19.6083
31.0198 17.7558 21.4913
32.9438 18.6978 24.6883
36.2518 19.4698 22.8663
37.4808 23.0698 23.5803
41.0028 23.0008 21.9673
42.1058 22.9638 18.2813

42.7278 19.2828 17.4583
46.2178 18.4618 16.1263
46.4798 15.4108 13.7913
50.0408 14.1588 13.0503
50.5448 11.4748 10.3383
53.9648 9.77975 10.8463
55.4978 8.76375 7.44328

58.8868 7.26375 6.42128
60.5878 7.78275 2.99228
61.6938 4.41775 1.46828
58.6708 2.44275 2.88628
54.9988 1.44275 2.26028

53.9868 5.02675 3.33928
55.3058 6.37075 -0.0447206
52.5258 4.36275 -1.85472
49.8268 4.43975 0.879279
49.7908 8.25375 1.29928
48.9798 9.09575 -2.41472
46.3948 6.20875 -2.36472
44.6858 7.64575 0.779279
44.6988 11.1588 -0.837721
43.0058 10.0758 -4.11972
40.4048 8.15075 -2.00472
39.5628 11.2858 0.114279
39.2028 13.2778 -3.15772
36.7298 10.6328 -4.52272
34.8078 10.8988 -1.19072
34.8228 14.7628 -1.35472
33.5958 14.8468 -5.02472

30.7228 12.5248 -3.90772
29.9228 15.0668 -1.06272
30.9988 12.4658 1.58128
34.0188 14.3728 3.05728
35.1938 17.9878 3.62928
38.6518 16.5488 4.36428
41.1258 17.6848 1.71928
44.5658 16.0128 2.19228
46.4508 17.8188 -0.696721

47.4568 20.9078 1.38528
49.5048 18.7188 3.82828
51.8518 17.4018 1.04928
52.7028 20.7988 -0.509721

53.9678 21.7578 3.02028
56.4528 18.7848 3.44328

End chain 1
