-13.201 -6.296 -53.957
-10.703 -3.406 -53.291
-9.54 -3.087 -49.639
-11.02 0.322 -48.639
-8.614 1.85 -46.053
-10.787 3.126 -43.162

-9.634 6.195 -41.181
-10.061 4.9 -37.589
-10.286 6.838 -34.306
-12.195 7.103 -30.979
-14.163 9.439 -28.711
-12.619 10.223 -25.263
-14.157 12.207 -22.344

-11.943 15.248 -21.466
-14.301 16.978 -18.949
-17.827 16.65 -17.399
-19.139 18.761 -20.353

-16.752 17.96 -23.312
-15.482 14.956 -25.281
-12.62 14.751 -27.824
-12.437 12.939 -31.204
-8.982 11.264 -31.393
-8.672 10.357 -35.1

-6.282 10.744 -38.079
-6.98 13.557 -40.6
-9.895 13.022 -43.051

-11.208 15.853 -45.293
-14.92 14.856 -45.011
-14.611 14.37 -41.226
-13.015 17.857 -40.827
-15.875 19.254 -42.999
-18.403 17.482 -40.669
-16.559 18.759 -37.515
-16.844 22.341 -38.957

-20.697 21.797 -39.029
-20.861 21.033 -35.24
-22.116 23.933 -33.104
-20.016 23.255 -29.939
-16.791 22.621 -31.971

-13.393 23.436 -30.391
-10.011 22.816 -32.063
-6.805 22.812 -29.99

-3.883 23.919 -32.209
-1.328 22.314 -29.773
-2.753 18.736 -29.691
-4.334 19.137 -33.217

-7.578 17.622 -31.79
-11.313 18.386 -31.995
-13.683 18.544 -28.991
-17.466 19.001 -28.65
-20.131 19.402 -25.91

-21.257 16.038 -24.476
-24.923 16.743 -25.497
-23.731 16.722 -29.178
-22.178 13.179 -28.839
-25.228 11.354 -30.322
-25.57 14.044 -33.093
-21.852 13.682 -34.021
-21.815 9.829 -34.037
-25.045 9.774 -36.128
-23.507 12.176 -38.75
-20.093 10.348 -38.803

-21.793 6.948 -39.527
-22.962 8.546 -42.834
-19.328 9.196 -43.991
-17.677 6.563 -46.261
-14.251 5.2 -45.121

-14.46 6.789 -41.562
-14.765 4.819 -38.279
-15.142 6.964 -35.114
-15.663 4.659 -32.101

-18.218 6.249 -29.657
-17.862 6.903 -25.912
-18.35 3.469 -24.195
-21.794 2.549 -22.772
-20.235 2.829 -19.255
-19.534 6.58 -19.812
-22.964 7.196 -21.431
-24.623 5.531 -18.378
-22.42 7.523 -15.909

-23.028 10.919 -17.654
-26.668 10.153 -18.714
-27.851 13.482 -17.123

-25.214 15.594 -18.963
-26 13.8 -22.296
-29.631 15.147 -21.909

-29.014 18.802 -20.797
-28.522 21.656 -23.337
-27.494 23.803 -20.296
-24.374 24.206 -18.108
-26.03 23.63 -14.722
-23.195 22.587 -12.38
-23.731 19.355 -10.334

-27.219 19.392 -8.694
-26.798 20.208 -4.988
-26.578 17.032 -2.906
-29.814 16.999 -0.82
-29.276 16.946 2.956
-30.305 13.551 4.343

-32.727 13.25 7.268
-30.389 11.851 9.975
-33.077 12.019 12.787
-33.159 8.159 12.923
-29.32 8.149 13.454
-27.82 8.306 16.969

-27.52 12.074 17.913
-23.991 11.509 19.371
-22.796 10.469 15.867
-24.731 13.185 13.93
-23.402 16.008 16.22
-19.738 14.82 15.861

-19.687 14.822 11.995
-17.445 17.587 10.586

-19.106 19.692 7.763
-17.231 17.783 4.996
-18.064 14.402 6.666
-21.796 15.407 6.677
-21.562 16.318 2.947
-19.943 12.855 2.346
-22.788 11.075 4.244
-25.363 13.084 2.191
-23.555 12.165 -1.104
-23.43 8.459 -0.115
-27.196 8.491 0.728
-28.024 10.343 -2.565

-25.973 7.645 -4.472
-28.214 5.048 -2.67
-25.512 3.7 -0.27

-23.352 2.353 -3.174
-19.956 4.118 -3.237
-16.209 4.012 -2.721
-15.295 6.541 0.021

-11.694 7.195 -1.128

-11.135 10.189 1.225
-7.504 10.605 2.377

-6.048 8.715 5.398
-7.361 9.956 8.784
-10.233 12.169 7.374
-12.706 9.981 9.408

-13.844 7.354 6.831
-15.012 5.081 9.734
-17.363 7.714 11.316
-18.876 8.506 7.854
-19.282 4.738 7.09
-21.02 4.042 10.461
-23.415 6.996 9.798
-24.247 5.855 6.195
-24.846 2.277 7.463
-26.955 3.52 10.461
-29.227 5.531 8.078

-29.9 2.058 6.507

-30.384 0.293 9.981
-33.886 -0.857 8.77
-32.05 -2.956 6.062
-29.626 -4.868 8.41
-27.981 -7.413 9.17

-24.774 -5.448 8.488
-21.551 -7.137 7.269
-18.235 -5.328 7.997
-15.132 -6.739 6.223
-11.829 -5.357 7.603

-8.05 -6.016 7.986
-7.416 -8.82 10.567
-5.856 -6.305 13.093
-8.689 -3.64 13.199

-11.758 -5.868 14.003
-11.895 -4.753 17.675
-11.154 -1.102 16.63
-14.365 -1.304 14.506
-16.414 -2.897 17.375
-15.268 -0.08 19.729
-16.109 2.476 16.969
-19.722 1.111 16.76
-20.082 1.14 20.611
-18.596 4.7 20.723
-20.823 6.195 17.978

-24.121 4.191 18.24
-24.851 3.95 22.056
-28.388 2.791 20.948
-26.764 -0.701 20.406
-26.03 -3.285 23.117

-22.632 -5.104 22.857
-24.638 -8.32 22.08
-25.78 -6.667 18.791

-22.091 -6.816 17.576
-20.505 -10.124 16.488
-16.681 -10.041 16.081

-15.702 -13.116 14.035
-12.316 -14.303 15.372
-12.201 -17.837 13.813
-13.405 -19.799 10.735
-15.769 -21.82 13.07
-17.788 -18.808 14.317
-21.352 -17.917 13.159
-21.075 -14.973 10.701
-24.816 -14.102 11.273
-24.919 -14.166 15.127
-25.108 -10.332 15.536
-27.08 -7.466 13.995

-23.588 -6.14 13.038
-21.065 -8.833 11.965
-17.336 -7.898 11.803
-15.009 -10.302 9.887
-11.529 -10.295 8.291

-10.658 -10.74 4.577
-8.757 -14.009 5.375
-11.833 -15.546 7.113
-14.3 -14.769 4.222

-12.926 -17.715 2.14
-13.287 -20.073 5.183
-16.843 -18.74 5.845
-18.014 -18.815 2.139
-20.731 -21.415 3.044
-22.243 -18.836 5.512
-21.955 -15.894 2.989
-25.071 -17.433 1.278
-27.188 -15.451 3.825
-28.094 -12.137 2.052
-26.367 -9.235 3.842
-28.236 -6.215 2.36

-25.704 -3.677 3.792
-21.936 -4.298 3.429
-19.007 -2.145 4.602
-15.517 -3.11 3.36

-12.662 -1.237 5.059
-9.341 -0.865 3.151

-11.066 -2.352 0.031
-7.765 -2.207 -1.968
-7.252 -5.742 -0.456
-9.774 -6.866 -3.176

-7.558 -5.436 -6.054
-6.861 -8.909 -7.611
-9.913 -10.983 -8.736
-7.994 -14.348 -8.638
-7.386 -14.116 -4.839

-9.551 -16.269 -2.508
-10.568 -13.122 -0.487
-11.832 -11.409 -3.693
-13.586 -14.593 -5.006
-15.461 -14.905 -1.648
-16.313 -11.137 -1.332
-17.465 -10.353 -4.925
-20.7 -12.523 -5.003
-21.961 -10.786 -1.799
-21.004 -7.272 -3.064
-22.893 -7.826 -6.386
-26.148 -8.927 -4.576

-26.072 -6.644 -1.465
-28.372 -3.542 -1.704

-25.826 -1.116 -0.104
-22.019 -1.347 -0.629
-19.769 1.077 1.29
-16.145 0.543 0.177
-13.427 2.479 2.088

-9.739 3.065 1.181
-6.998 5.712 1.573
-5.29 4.301 -1.537
-8.002 2.778 -3.832
-5.263 1.979 -6.345
-1.844 1.044 -4.877
0.179 1.273 -8.156
-1.96 0.815 -11.364

-5.486 1.412 -12.884
-6.145 -2.396 -13.101
-6.402 -2.518 -9.223
-9.619 -0.37 -9.379
-11.628 -2.846 -11.528
-12.904 -5.026 -8.614
-13.981 -1.892 -6.643
-15.738 -0.406 -9.758
-17.759 -3.638 -10.376
-18.545 -3.926 -6.614
-20.104 -0.383 -6.596

-21.607 -0.654 -10.172
-21.992 -4.37 -11.257
-23.172 -3.251 -14.78
-19.935 -1.29 -15.508
-17.337 -3.236 -17.592
-18.9 -6.785 -17.229
-15.576 -8.217 -18.571

-12.101 -7.019 -17.429
-10.719 -7.022 -21.032
-12.866 -3.967 -22.03
-11.565 -2.031 -18.959
-7.965 -3.199 -19.668
-8.028 -2.162 -23.384
-9.238 1.366 -22.43
-7.403 2.18 -19.142

-4.51 -0.351 -18.764
-2.851 0.132 -22.242
-3.499 -3.577 -22.858

-0.922 -5.224 -25.189
-1.171 -8.572 -27.031
2.109 -10.415 -26.274

3.105 -13.897 -27.702
2.055 -15.464 -24.315

-1.301 -13.571 -23.908
-2.465 -10.088 -22.814
-0.375 -7.663 -20.732

-2.386 -5.192 -18.538
0.545 -3.576 -16.579
0.214 -0.249 -18.472
-2.005 2.838 -18.126
-4.133 4.898 -20.565
-6.888 7.593 -20.643

-6.428 8.31 -16.868
-8.259 11.708 -16.967
-11.359 9.932 -18.424
-11.034 7.218 -15.72
-10.853 9.986 -13.027
-14.061 11.624 -14.396
-15.894 8.229 -14.505
-14.782 7.406 -10.918
-15.841 10.804 -9.431
-19.243 10.854 -11.244
-20.42 7.245 -10.709

-18.189 5.243 -8.243

-16.056 7.301 -5.859
-16.114 10.195 -3.388

-12.511 11.437 -2.855
-11.204 14.438 -0.866
-7.629 15.273 0.108

-6.103 16.757 3.336
-5.492 19.961 1.314
-9.247 20.21 0.414
-10.687 19.84 3.974

-7.876 20.335 6.596
-5.915 23.57 5.765
-4.501 23.333 9.365
-2.496 20.065 8.949

1.303 20.759 8.934
3.056 20.025 5.61

4.712 16.655 4.867
8.328 17.503 3.889
9.865 14.613 1.887
13.544 14.115 0.94
15.906 11.506 -0.462
18.947 10.811 1.779
21.766 9.257 -0.276

23.546 7.056 2.315
27.261 6.875 1.505

28.245 3.644 -0.418
31.86 4.115 0.91
30.822 1.923 3.932

29.094 -0.670839 1.72086
25.9112 -1.88148 -0.0184505

25.0866 -5.34087 1.32153
22.6818 -3.88341 3.87797
20.9174 -1.84489 1.19947
20.5275 -4.90993 -1.01331
19.0555 -6.91608 1.8592
16.5567 -4.15892 2.6319
15.47 -3.99128 -1.00594
14.9563 -7.75484 -1.12671
12.8464 -7.66565 2.0329
10.6764 -4.88328 0.621336
10.1219 -6.81908 -2.60173
9.10835 -9.93194 -0.671519
6.62682 -7.94841 1.41426
5.07607 -6.42546 -1.70322
4.69421 -9.8509 -3.30428

6.17421 -13.1809 -4.55628
4.34421 -14.2789 -7.76128
4.48521 -18.0589 -7.22628
2.61421 -18.2199 -3.84128
-0.958786 -19.4479 -3.33428

-3.75479 -17.0609 -2.18028
-3.43579 -18.7229 1.28272
0.386214 -18.2639 1.57172
-0.164786 -14.5619 0.600717
-2.75379 -14.2089 3.47572
-0.385786 -16.0289 5.91272
2.56321 -13.7369 4.95572
0.212214 -10.6989 5.41172
-0.802786 -11.9009 8.93572
2.91221 -12.4819 9.74272
3.88221 -8.9609 8.47072
1.05521 -7.4219 10.5857
2.01021 -9.3709 13.7837
5.74321 -8.4539 13.2167
4.69321 -4.7639 12.8567
3.04221 -4.9529 16.3167
6.20221 -6.5339 17.8857
8.50221 -3.9729 16.1577
6.50321 -0.998904 17.6037
6.45021 -2.1949 21.3017
9.73721 -0.441904 22.4387
8.80021 2.9911 20.9667
5.11521 2.6361 22.0067
6.45621 2.0881 25.5777
8.92821 5.0311 25.1907
6.00121 7.2821 24.1077
3.68921 6.1301 26.9977
6.49421 6.8981 29.5087
7.14821 10.3481 27.8837
3.39921 11.1451 28.3597
3.52621 10.1341 32.0847
6.85121 11.9991 32.6747

5.19321 15.0781 30.9917
2.71321 15.0631 33.9657
-0.455786 13.7661 32.1747
-3.14979 12.8131 34.7027
-5.40279 10.4641 32.5787

-5.18379 8.8691 29.0977
-6.35179 5.7931 27.1267
-3.98179 3.4311 25.2517
-5.56779 1.3641 22.4477
-3.94679 -1.7909 20.9767

-5.32879 -5.0919 19.4997
-2.45079 -7.6359 19.5547

-2.31979 -9.3199 23.0077
1.54321 -9.1179 23.0657
1.31321 -5.2609 22.8237
-1.28979 -5.0759 25.6677
0.871214 -7.5109 27.7537
4.13621 -5.5289 27.1997
2.45921 -2.1499 28.0457
0.906214 -3.5789 31.2847
4.24221 -5.2119 32.3147
6.18421 -1.9089 31.8947
3.49821 0.104096 33.8027
3.71621 -2.4869 36.6677
7.57821 -2.2629 36.5527

7.29021 1.5921 36.8087
4.62221 1.1601 39.6097
2.04421 3.1201 37.5077
-1.55979 2.4331 38.5767

-3.56279 1.4421 35.4657
-6.64779 -0.525904 34.2997
-6.72579 -3.2429 31.5837
-9.72779 -4.3439 29.4397

-9.46179 -7.0659 26.7417
-11.2948 -10.1619 25.3277
-10.7168 -12.0789 28.6367
-12.1508 -9.3299 30.9527
-15.6638 -10.3349 32.1417
-18.8268 -8.2389 31.4857
-19.1998 -7.1309 35.1737

-15.4418 -6.4889 35.7607
-15.4508 -4.2639 32.5937
-18.0118 -1.9319 34.2577
-16.1628 -1.9869 37.6417
-12.7268 -1.1989 36.0337
-14.4678 1.5701 34.0107
-15.8018 3.0581 37.3107
-12.3248 2.6751 38.9637
-10.6768 4.6911 36.0957
-13.5248 7.2911 36.1457
-13.5988 7.8551 39.9567

-9.96579 7.1921 41.0907
-7.38179 9.9741 40.4047
-4.57879 7.3461 40.8547
-5.38979 5.3421 37.6767
-3.42079 7.3231 35.0557

-3.56279 4.7991 32.1427
-6.32279 2.6281 30.6637
-4.86079 -0.233904 28.5337
-7.71679 -1.1439 26.1607
-8.29079 -3.6719 23.3727

-9.60279 -1.7759 20.2717
-12.0318 -4.6859 19.5627
-13.0948 -5.5349 23.1597
-13.5818 -1.9409 24.5267
-15.3038 -0.411904 21.3937
-18.7648 -0.885904 23.0817
-20.7628 0.0700955 26.2327
-17.9958 1.8361 28.2277
-17.5468 5.6081 28.9127
-14.0938 7.1511 29.6217
-14.9308 10.8861 30.0677
-12.2208 11.2181 32.8207
-9.43679 11.1531 30.1477
-8.55279 13.9581 27.6507

-6.10579 11.8811 25.5087
-6.41479 8.7171 23.3667
-3.24779 6.9501 22.0817
-3.62479 4.3171 19.3377

-0.464786 2.1941 19.7817
-1.67379 0.174096 16.7507
-3.68479 0.977096 13.6027
-6.87779 -0.987904 12.8067
-7.96379 -1.5419 9.13972
-11.6098 -0.569904 9.88472

-12.1498 3.2071 10.5327
-15.6228 2.6591 12.0957
-13.9218 0.792096 15.0157
-11.3028 3.5881 15.4307
-14.1398 6.2161 15.5847
-16.0198 3.9761 18.1197
-12.8418 3.9691 20.2997
-12.3678 7.8201 20.0677

-16.0658 8.2951 21.0857
-15.3918 6.4481 24.3697
-13.7708 9.7281 25.6347
-15.7028 12.2501 23.4897
-19.0868 11.7571 25.3137
-21.6268 13.9311 27.1967
-19.7028 14.8731 30.3937
-16.3948 15.6451 28.5717
-15.1658 19.2451 29.2857
-11.6438 19.1761 27.6727
-10.5408 19.1391 23.9867

-9.91879 15.4581 23.1637
-6.42879 14.6371 21.8317
-6.16679 11.5861 19.4967
-2.60579 10.3341 18.7557
-2.10179 7.6501 16.0437
1.31821 5.9551 16.5517
2.85121 4.9391 13.1487

6.24021 3.4391 12.1267
7.94121 3.9581 8.69772
9.04721 0.593096 7.17372
6.02421 -1.3819 8.59172
2.35221 -2.3819 7.96572

1.34021 1.2021 9.04472
2.65921 2.5461 5.66072
-0.120786 0.538096 3.85072
-2.81979 0.615096 6.58472
-2.85579 4.4291 7.00472
-3.66679 5.2711 3.29072
-6.25179 2.3841 3.34072
-7.96079 3.8211 6.48472
-7.94779 7.3341 4.86772
-9.64079 6.2511 1.58572
-12.2418 4.3261 3.70072
-13.0838 7.4611 5.81972
-13.4438 9.4531 2.54772
-15.9168 6.8081 1.18272
-17.8388 7.0741 4.51472
-17.8238 10.9381 4.35072
-19.0508 11.0221 0.680717

-21.9238 8.7001 1.79772
-22.7238 11.2421 4.64272
-21.6478 8.6411 7.28672
-18.6278 10.5481 8.76272
-17.4528 14.1631 9.33472
-13.9948 12.7241 10.0697
-11.5208 13.8601 7.42472
-8.08079 12.1881 7.89772
-6.19579 13.9941 5.00872

-5.18979 17.0831 7.09072
-3.14179 14.8941 9.53372
-0.794786 13.5771 6.75472
0.0562141 16.9741 5.19572

1.32121 17.9331 8.72572
3.80621 14.9601 9.14872

End chain 1
