-13.201 -6.296 -53.957
-10.703 -3.406 -53.291
-9.54 -3.087 -49.639
-11.02 0.322 -48.639
-8.614 1.85 -46.053
-10.787 3.126 -43.162

-9.634 6.195 -41.181
-10.061 4.9 -37.589
-10.286 6.838 -34.306
-12.195 7.103 -30.979
-14.163 9.439 -28.711
-12.619 10.223 -25.263
-14.157 12.207 -22.344

-11.943 15.248 -21.466
-14.301 16.978 -18.949
-17.827 16.65 -17.399
-19.139 18.761 -20.353

-16.752 17.96 -23.312
-15.482 14.956 -25.281
-12.62 14.751 -27.824
-12.437 12.939 -31.204
-8.982 11.264 -31.393
-8.672 10.357 -35.1

-6.282 10.744 -38.079
-6.98 13.557 -40.6
-9.895 13.022 -43.051

-11.208 15.853 -45.293
-14.92 14.856 -45.011
-14.611 14.37 -41.226
-13.015 17.857 -40.827
-15.875 19.254 -42.999
-18.403 17.482 -40.669
-16.559 18.759 -37.515
-16.844 22.341 -38.957

-20.697 21.797 -39.029
-20.861 21.033 -35.24
-22.116 23.933 -33.104
-20.016 23.255 -29.939
-16.791 22.621 -31.971

-13.393 23.436 -30.391
-10.011 22.816 -32.063
-6.805 22.812 -29.99

-3.883 23.919 -32.209
-1.328 22.314 -29.773
-2.753 18.736 -29.691
-4.334 19.137 -33.217

-7.578 17.622 -31.79
-11.313 18.386 -31.995
-13.683 18.544 -28.991
-17.466 19.001 -28.65
-20.131 19.402 -25.91

-21.257 16.038 -24.476
-24.923 16.743 -25.497
-23.731 16.722 -29.178
-22.178 13.179 -28.839
-25.228 11.354 -30.322
-25.57 14.044 -33.093
-21.852 13.682 -34.021
-21.815 9.829 -34.037
-25.045 9.774 -36.128
-23.507 12.176 -38.75
-20.093 10.348 -38.803

-21.793 6.948 -39.527
-22.962 8.546 -42.834
-19.328 9.196 -43.991
-17.677 6.563 -46.261
-14.251 5.2 -45.121

-14.46 6.789 -41.562
-14.765 4.819 -38.279
-15.142 6.964 -35.114
-15.663 4.659 -32.101

-18.218 6.249 -29.657
-17.862 6.903 -25.912
-18.35 3.469 -24.195
-21.794 2.549 -22.772
-20.235 2.829 -19.255
-19.534 6.58 -19.812
-22.964 7.196 -21.431
-24.623 5.531 -18.378
-22.42 7.523 -15.909

-23.028 10.919 -17.654
-26.668 10.153 -18.714
-27.851 13.482 -17.123

-25.214 15.594 -18.963
-26 13.8 -22.296
-29.631 15.147 -21.909

-29.014 18.802 -20.797
-28.522 21.656 -23.337
-27.494 23.803 -20.296
-24.374 24.206 -18.108
-26.03 23.63 -14.722
-23.195 22.587 -12.38
-23.731 19.355 -10.334

-27.219 19.392 -8.694
-26.798 20.208 -4.988
-26.578 17.032 -2.906
-29.814 16.999 -0.82
-29.276 16.946 2.956
-30.305 13.551 4.343

-32.727 13.25 7.268
-30.389 11.851 9.975
-33.077 12.019 12.787
-33.159 8.159 12.923
-29.32 8.149 13.454
-27.82 8.306 16.969

-27.52 12.074 17.913
-23.991 11.509 19.371
-22.796 10.469 15.867
-24.731 13.185 13.93
-23.402 16.008 16.22
-19.738 14.82 15.861

-19.687 14.822 11.995
-17.445 17.587 10.586

-19.106 19.692 7.763
-17.231 17.783 4.996
-18.064 14.402 6.666
-21.796 15.407 6.677
-21.562 16.318 2.947
-19.943 12.855 2.346
-22.788 11.075 4.244
-25.363 13.084 2.191
-23.555 12.165 -1.104
-23.43 8.459 -0.115
-27.196 8.491 0.728
-28.024 10.343 -2.565

-25.973 7.645 -4.472
-28.214 5.048 -2.67
-25.512 3.7 -0.27

-23.352 2.353 -3.174
-19.956 4.118 -3.237
-16.209 4.012 -2.721
-15.295 6.541 0.021

-11.694 7.195 -1.128

-11.135 10.189 1.225
-7.504 10.605 2.377

-6.048 8.715 5.398
-7.361 9.956 8.784
-10.233 12.169 7.374
-12.706 9.981 9.408

-13.844 7.354 6.831
-15.012 5.081 9.734
-17.363 7.714 11.316
-18.876 8.506 7.854
-19.282 4.738 7.09
-21.02 4.042 10.461
-23.415 6.996 9.798
-24.247 5.855 6.195
-24.846 2.277 7.463
-26.955 3.52 10.461
-29.227 5.531 8.078

-29.9 2.058 6.507

-30.384 0.293 9.981
-33.886 -0.857 8.77
-32.05 -2.956 6.062
-29.626 -4.868 8.41
-27.981 -7.413 9.17

-24.774 -5.448 8.488
-21.551 -7.137 7.269
-18.235 -5.328 7.997
-15.132 -6.739 6.223
-11.829 -5.357 7.603

-8.04007 -5.09442 6.81725
-6.44653 -7.50504 9.16755
-2.83641 -7.64765 10.2184
0.743093 -8.13147 11.1642

2.76132 -6.71557 14.0565
3.09168 -10.1559 15.6369
4.29151 -11.6541 12.3569
6.89981 -8.92015 11.9504
8.18605 -9.48826 15.4811
8.48865 -13.2275 14.8731
10.4294 -12.6456 11.6578
12.8274 -10.2812 13.4191
13.4403 -12.8106 16.1884
14.1696 -15.55 13.6573
16.6465 -13.3281 11.8213

13.3485 -15.3321 12.0833
12.6185 -15.5731 15.8993
9.08151 -16.7321 14.7913
10.7055 -20.2241 14.2493
11.4395 -22.8081 16.9603

14.8375 -24.6271 16.7003
12.8315 -27.8431 15.9233
11.6895 -26.1901 12.6343

15.3785 -26.3391 11.4193
16.9645 -29.6471 10.3313
20.7885 -29.5641 9.92432

21.7675 -32.6391 7.87832
25.1535 -33.8261 9.21532
25.2685 -37.3601 7.65632
24.0645 -39.3221 4.57832
21.7005 -41.3431 6.91332
19.6815 -38.3311 8.16032
16.1175 -37.4401 7.00232
16.3945 -34.4961 4.54432
12.6535 -33.6251 5.11632
12.5505 -33.6891 8.97032
12.3615 -29.8551 9.37932
10.3895 -26.9891 7.83832

13.8815 -25.6631 6.88132
16.4045 -28.3561 5.80832
20.1335 -27.4211 5.64632
22.4605 -29.8251 3.73032
25.9405 -29.8181 2.13432

26.8115 -30.2631 -1.57968
28.7125 -33.5321 -0.781683
25.6365 -35.0691 0.956317
23.1695 -34.2921 -1.93468

24.5435 -37.2381 -4.01668
24.1825 -39.5961 -0.973683
20.6265 -38.2631 -0.311683
19.4555 -38.3381 -4.01768
16.7385 -40.9381 -3.11268
15.2265 -38.3591 -0.644683
15.5145 -35.4171 -3.16768
12.3985 -36.9561 -4.87868
10.2815 -34.9741 -2.33168
9.37551 -31.6601 -4.10468
11.1025 -28.7581 -2.31468
9.23351 -25.7381 -3.79668

11.7655 -23.2001 -2.36468
15.5335 -23.8211 -2.72768
18.4625 -21.6681 -1.55468
21.9525 -22.6331 -2.79668

24.8075 -20.7601 -1.09768
28.1285 -20.3881 -3.00568

26.4035 -21.8751 -6.12568
29.7045 -21.7301 -8.12468
30.2175 -25.2651 -6.61268
27.6955 -26.3891 -9.33268

29.9115 -24.9591 -12.2107
30.6085 -28.4321 -13.7677
27.5565 -30.5061 -14.8927
29.4755 -33.8711 -14.7947
30.0835 -33.6391 -10.9957

27.9185 -35.7921 -8.66468
26.9015 -32.6451 -6.64368
25.6375 -30.9321 -9.84968
23.8835 -34.1161 -11.1627
22.0085 -34.4281 -7.80468
21.1565 -30.6601 -7.48868
20.0045 -29.8761 -11.0817
16.7695 -32.0461 -11.1597
15.5085 -30.3091 -7.95568
16.4655 -26.7951 -9.22068
14.5765 -27.3491 -12.5427
11.3215 -28.4501 -10.7327

11.3975 -26.1671 -7.62168
9.09751 -23.0651 -7.86068

11.6435 -20.6391 -6.26068
15.4505 -20.8701 -6.78568
17.7005 -18.4461 -4.86668
21.3245 -18.9801 -5.97968
24.0425 -17.0441 -4.06868

27.7305 -16.4581 -4.97568
30.4715 -13.8111 -4.58368
32.1795 -15.2221 -7.69368
29.4675 -16.7451 -9.98868
32.2065 -17.5441 -12.5017
35.6255 -18.4791 -11.0337
37.6485 -18.2501 -14.3127
35.5095 -18.7081 -17.5207

31.9835 -18.1111 -19.0407
31.3245 -21.9191 -19.2577
31.0675 -22.0411 -15.3797
27.8505 -19.8931 -15.5357
25.8415 -22.3691 -17.6847
24.5655 -24.5491 -14.7707
23.4885 -21.4151 -12.7997
21.7315 -19.9291 -15.9147
19.7105 -23.1611 -16.5327
18.9245 -23.4491 -12.7707
17.3655 -19.9061 -12.7527

15.8625 -20.1771 -16.3287
15.4775 -23.8931 -17.4137
14.2975 -22.7741 -20.9367
17.5345 -20.8131 -21.6647
20.1325 -22.7591 -23.7487
18.5695 -26.3081 -23.3857
21.8935 -27.7401 -24.7277

25.3685 -26.5421 -23.5857
26.7505 -26.5451 -27.1887
24.6035 -23.4901 -28.1867
25.9045 -21.5541 -25.1157
29.5045 -22.7221 -25.8247
29.4415 -21.6851 -29.5407
28.2315 -18.1571 -28.5867
30.0665 -17.3431 -25.2987

32.9595 -19.8741 -24.9207
34.6185 -19.3911 -28.3987
33.9705 -23.1001 -29.0147

36.5475 -24.7471 -31.3457
36.2985 -28.0951 -33.1877
39.5785 -29.9381 -32.4307

40.5745 -33.4201 -33.8587
39.5245 -34.9871 -30.4717

36.1685 -33.0941 -30.0647
35.0045 -29.6111 -28.9707
37.0945 -27.1861 -26.8887

35.0835 -24.7151 -24.6947
38.0145 -23.0991 -22.7357
37.6835 -19.7721 -24.6287
35.4645 -16.6851 -24.2827
33.3365 -14.6251 -26.7217
30.5815 -11.9301 -26.7997

31.0415 -11.2131 -23.0247
29.2105 -7.81514 -23.1237
26.1105 -9.59114 -24.5807
26.4355 -12.3051 -21.8767
26.6165 -9.53714 -19.1837
23.4085 -7.89914 -20.5527
21.5755 -11.2941 -20.6617
22.6875 -12.1171 -17.0747
21.6285 -8.71914 -15.5877
18.2265 -8.66914 -17.4007
17.0495 -12.2781 -16.8657

19.2805 -14.2801 -14.3997

21.4135 -12.2221 -12.0157
21.3555 -9.32814 -9.54468

24.9585 -8.08614 -9.01168
26.2655 -5.08514 -7.02268
29.8405 -4.25014 -6.04868

31.3665 -2.76614 -2.82068
31.9775 0.437856 -4.84268
28.2225 0.686856 -5.74268
26.7825 0.316856 -2.18268

29.5935 0.811856 0.439317
31.5545 4.04686 -0.391683
32.9685 3.80986 3.20832
34.9735 0.541856 2.79232

38.7725 1.23586 2.77732
40.5255 0.501856 -0.546683

42.1815 -2.86814 -1.28968
45.7975 -2.02014 -2.26768
47.3345 -4.91014 -4.26968
51.0135 -5.40814 -5.21668
53.3755 -8.01714 -6.61868
56.4165 -8.71214 -4.37768
59.2355 -10.2661 -6.43268

61.0155 -12.4671 -3.84168
64.7305 -12.6481 -4.65168

65.7145 -15.8791 -6.57468
69.3295 -15.4081 -5.24668
68.2915 -17.6001 -2.22468

67.2505 -20.3891 -4.70968
70.3885 -22.5701 -4.64368

71.8945 -23.8431 -7.94168
70.5825 -27.4611 -7.40068
66.9605 -26.2631 -6.84968
67.2375 -23.9331 -9.91068
68.6665 -26.7781 -12.0627
65.7285 -28.9951 -10.8777
63.1825 -26.2601 -11.8757
64.9795 -25.8621 -15.2657
64.8925 -29.6881 -15.6967
61.1195 -29.9971 -14.9487
60.4315 -26.9451 -17.2167
62.3865 -28.6211 -20.1037
60.6125 -31.9341 -19.3127
57.1155 -30.3821 -19.8967
58.2065 -29.0511 -23.3677

59.6865 -32.3811 -24.6197
57.8565 -33.4791 -27.8247
57.9975 -37.2591 -27.2897
56.1265 -37.4201 -23.9047
52.5535 -38.6481 -23.3977

49.7575 -36.2611 -22.2437
50.0765 -37.9231 -18.7807
53.8985 -37.4641 -18.4917
53.3475 -33.7621 -19.4627
50.7585 -33.4091 -16.5877
53.1265 -35.2291 -14.1507
56.0755 -32.9371 -15.1077
53.7245 -29.8991 -14.6517
52.7095 -31.1011 -11.1277
56.4245 -31.6821 -10.3207
57.3945 -28.1611 -11.5927
54.5675 -26.6221 -9.47768
55.5225 -28.5711 -6.27968
59.2555 -27.6541 -6.84668
58.2055 -23.9641 -7.20668
56.5545 -24.1531 -3.74668
59.7145 -25.7341 -2.17768
62.0145 -23.1731 -3.90568
60.0155 -20.1991 -2.45968
59.9625 -21.3951 1.23832
63.2495 -19.6421 2.37532
62.3125 -16.2091 0.903317
58.6275 -16.5641 1.94332
59.9685 -17.1121 5.51432
62.4405 -14.1691 5.12732
59.5135 -11.9181 4.04432
57.2015 -13.0701 6.93432
60.0065 -12.3021 9.44532
60.6605 -8.85214 7.82032
56.9115 -8.05514 8.29632
57.0385 -9.06614 12.0213
60.3635 -7.20114 12.6113

58.7055 -4.12214 10.9283
56.2255 -4.13714 13.9023
53.0565 -5.43414 12.1113
50.3625 -6.38714 14.6393
48.1095 -8.73614 12.5153

48.3285 -10.3311 9.03432
47.1605 -13.4071 7.06332
49.5305 -15.7691 5.18832
47.9445 -17.8361 2.38432
49.5655 -20.9911 0.913317

48.1835 -24.2921 -0.563683
51.0615 -26.8361 -0.508683

51.1925 -28.5201 2.94432
55.0555 -28.3181 3.00232
54.8255 -24.4611 2.76032
52.2225 -24.2761 5.60432
54.3835 -26.7111 7.69032
57.6485 -24.7291 7.13632
55.9715 -21.3501 7.98232
54.4185 -22.7791 11.2213
57.7545 -24.4121 12.2513
59.6965 -21.1091 11.8313
57.0105 -19.0961 13.7393
57.2285 -21.6871 16.6043
61.0905 -21.4631 16.4893

60.8025 -17.6081 16.7453
58.1345 -18.0401 19.5463
55.5565 -16.0801 17.4443
51.9525 -16.7671 18.5133

49.9495 -17.7581 15.4023
46.8645 -19.7261 14.2363
46.7865 -22.4431 11.5203
43.7845 -23.5441 9.37632

44.0505 -26.2661 6.67832
42.2175 -29.3621 5.26432
42.7955 -31.2791 8.57332
41.3615 -28.5301 10.8893
37.8485 -29.5351 12.0783
34.6855 -27.4391 11.4223
34.3125 -26.3311 15.1103

38.0705 -25.6891 15.6973
38.0615 -23.4641 12.5303
35.5005 -21.1321 14.1943
37.3495 -21.1871 17.5783
40.7855 -20.3991 15.9703
39.0445 -17.6301 13.9473
37.7105 -16.1421 17.2473
41.1875 -16.5251 18.9003
42.8355 -14.5091 16.0323
39.9875 -11.9091 16.0823
39.9135 -11.3451 19.8933

43.5465 -12.0081 21.0273
46.1305 -9.22614 20.3413
48.9335 -11.8541 20.7913
48.1225 -13.8581 17.6133
50.0915 -11.8771 14.9923

49.9495 -14.4011 12.0793
47.1895 -16.5721 10.6003
48.6515 -19.4341 8.47032
45.7955 -20.3441 6.09732
45.2215 -22.8721 3.30932

43.9095 -20.9761 0.208317
41.4805 -23.8861 -0.500683
40.4175 -24.7351 3.09632
39.9305 -21.1411 4.46332
38.2085 -19.6121 1.33032
34.7475 -20.0861 3.01832
32.7495 -19.1301 6.16932
35.5165 -17.3641 8.16432
35.9655 -13.5921 8.84932
39.4185 -12.0491 9.55832
38.5815 -8.31414 10.0043
41.2915 -7.98214 12.7573
44.0755 -8.04714 10.0843
44.9595 -5.24214 7.58732

47.4065 -7.31914 5.44532
47.0975 -10.4831 3.30332
50.2645 -12.2501 2.01832
49.8875 -14.8831 -0.725683

53.0475 -17.0061 -0.281683
51.8385 -19.0261 -3.31268
49.8275 -18.2231 -6.46068
46.6345 -20.1881 -7.25668
45.5485 -20.7421 -10.9237
41.9025 -19.7701 -10.1787

41.3625 -15.9931 -9.53068
37.8895 -16.5411 -7.96768
39.5905 -18.4081 -5.04768
42.2095 -15.6121 -4.63268
39.3725 -12.9841 -4.47868
37.4925 -15.2241 -1.94368
40.6705 -15.2311 0.236317
41.1445 -11.3801 0.004317

37.4465 -10.9051 1.02232
38.1205 -12.7521 4.30632
39.7415 -9.47214 5.57132
37.8095 -6.95014 3.42632
34.4255 -7.44314 5.25032
31.8855 -5.26914 7.13332
33.8095 -4.32714 10.3303
37.1175 -3.55514 8.50832
38.3465 0.0448562 9.22232
41.8685 -0.0241438 7.60932
42.9715 -0.0611438 3.92332

43.5935 -3.74214 3.10032
47.0835 -4.56314 1.76832
47.3455 -7.61414 -0.566683
50.9065 -8.86614 -1.30768
51.4105 -11.5501 -4.01968
54.8305 -13.2451 -3.51168
56.3635 -14.2611 -6.91468

59.7525 -15.7611 -7.93668
61.4535 -15.2421 -11.3657
62.5595 -18.6071 -12.8897
59.5365 -20.5821 -11.4717
55.8645 -21.5821 -12.0977

54.8525 -17.9981 -11.0187
56.1715 -16.6541 -14.4027
53.3915 -18.6621 -16.2127
50.6925 -18.5851 -13.4787
50.6565 -14.7711 -13.0587
49.8455 -13.9291 -16.7727
47.2605 -16.8161 -16.7227
45.5515 -15.3791 -13.5787
45.5645 -11.8661 -15.1957
43.8715 -12.9491 -18.4777
41.2705 -14.8741 -16.3627
40.4285 -11.7391 -14.2437
40.0685 -9.74714 -17.5157
37.5955 -12.3921 -18.8807
35.6735 -12.1261 -15.5487
35.6885 -8.26214 -15.7127
34.4615 -8.17814 -19.3827

31.5885 -10.5001 -18.2657
30.7885 -7.95814 -15.4207
31.8645 -10.5591 -12.7767
34.8845 -8.65214 -11.3007
36.0595 -5.03714 -10.7287
39.5175 -6.47614 -9.99368
41.9915 -5.34014 -12.6387
45.4315 -7.01214 -12.1657
47.3165 -5.20614 -15.0547

48.3225 -2.11714 -12.9727
50.3705 -4.30614 -10.5297
52.7175 -5.62314 -13.3087
53.5685 -2.22614 -14.8677

54.8335 -1.26714 -11.3377
57.3185 -4.24014 -10.9147

End chain 1
