-13.201 -6.296 -53.957
-10.703 -3.406 -53.291
-9.54 -3.087 -49.639
-11.02 0.322 -48.639
-8.614 1.85 -46.053
-10.787 3.126 -43.162

-9.634 6.195 -41.181
-10.061 4.9 -37.589
-10.286 6.838 -34.306
-12.195 7.103 -30.979
-14.163 9.439 -28.711
-12.619 10.223 -25.263
-14.157 12.207 -22.344

-11.943 15.248 -21.466
-14.301 16.978 -18.949
-17.827 16.65 -17.399
-19.139 18.761 -20.353

-16.752 17.96 -23.312
-15.482 14.956 -25.281
-12.62 14.751 -27.824
-12.437 12.939 -31.204
-8.982 11.264 -31.393
-8.672 10.357 -35.1

-6.282 10.744 -38.079
-6.98 13.557 -40.6
-9.895 13.022 -43.051

-11.208 15.853 -45.293
-14.92 14.856 -45.011
-14.611 14.37 -41.226
-13.015 17.857 -40.827
-15.875 19.254 -42.999
-18.403 17.482 -40.669
-16.559 18.759 -37.515
-16.844 22.341 -38.957

-20.697 21.797 -39.029
-20.861 21.033 -35.24
-22.116 23.933 -33.104
-20.016 23.255 -29.939
-16.791 22.621 -31.971

-13.393 23.436 -30.391
-10.011 22.816 -32.063
-6.805 22.812 -29.99

-3.883 23.919 -32.209
-1.328 22.314 -29.773
-2.753 18.736 -29.691
-4.334 19.137 -33.217

-7.578 17.622 -31.79
-11.313 18.386 -31.995
-13.683 18.544 -28.991
-17.466 19.001 -28.65
-20.131 19.402 -25.91

-21.257 16.038 -24.476
-24.923 16.743 -25.497
-23.731 16.722 -29.178
-22.178 13.179 -28.839
-25.228 11.354 -30.322
-25.57 14.044 -33.093
-21.852 13.682 -34.021
-21.815 9.829 -34.037
-25.045 9.774 -36.128
-23.507 12.176 -38.75
-20.093 10.348 -38.803

-21.793 6.948 -39.527
-22.962 8.546 -42.834
-19.328 9.196 -43.991
-17.677 6.563 -46.261
-14.251 5.2 -45.121

-14.46 6.789 -41.562
-14.765 4.819 -38.279
-15.142 6.964 -35.114
-15.663 4.659 -32.101

-18.218 6.249 -29.657
-17.862 6.903 -25.912
-18.35 3.469 -24.195
-21.794 2.549 -22.772
-20.235 2.829 -19.255
-19.534 6.58 -19.812
-22.964 7.196 -21.431
-24.623 5.531 -18.378
-22.42 7.523 -15.909

-23.028 10.919 -17.654
-26.668 10.153 -18.714
-27.851 13.482 -17.123

-25.214 15.594 -18.963
-26 13.8 -22.296
-29.631 15.147 -21.909

-29.014 18.802 -20.797
-28.522 21.656 -23.337
-27.494 23.803 -20.296
-24.374 24.206 -18.108
-26.03 23.63 -14.722
-23.195 22.587 -12.38
-23.731 19.355 -10.334

-27.219 19.392 -8.694
-26.798 20.208 -4.988
-26.578 17.032 -2.906
-29.814 16.999 -0.82
-29.276 16.946 2.956
-30.305 13.551 4.343

-32.727 13.25 7.268
-30.389 11.851 9.975
-33.077 12.019 12.787
-33.159 8.159 12.923
-29.32 8.149 13.454
-27.82 8.306 16.969

-27.52 12.074 17.913
-23.991 11.509 19.371
-22.796 10.469 15.867
-24.731 13.185 13.93
-23.402 16.008 16.22
-19.738 14.82 15.861

-19.687 14.822 11.995
-17.445 17.587 10.586

-19.106 19.692 7.763
-17.231 17.783 4.996
-18.064 14.402 6.666
-21.796 15.407 6.677
-21.562 16.318 2.947
-19.943 12.855 2.346
-22.788 11.075 4.244
-25.363 13.084 2.191
-23.555 12.165 -1.104
-23.43 8.459 -0.115
-27.196 8.491 0.728
-28.024 10.343 -2.565

-25.973 7.645 -4.472
-28.214 5.048 -2.67
-25.512 3.7 -0.27

-23.352 2.353 -3.174
-19.956 4.118 -3.237
-16.209 4.012 -2.721
-15.295 6.541 0.021

-11.694 7.195 -1.128

-11.135 10.189 1.225
-7.504 10.605 2.377

-6.048 8.715 5.398
-7.361 9.956 8.784
-10.233 12.169 7.374
-12.706 9.981 9.408

-13.844 7.354 6.831
-15.012 5.081 9.734
-17.363 7.714 11.316
-18.876 8.506 7.854
-19.282 4.738 7.09
-21.02 4.042 10.461
-23.415 6.996 9.798
-24.247 5.855 6.195
-24.846 2.277 7.463
-26.955 3.52 10.461
-29.227 5.531 8.078

-29.9 2.058 6.507

-30.384 0.293 9.981
-33.886 -0.857 8.77
-32.05 -2.956 6.062
-29.626 -4.868 8.41
-27.981 -7.413 9.17

-24.774 -5.448 8.488
-21.551 -7.137 7.269
-18.235 -5.328 7.997
-15.132 -6.739 6.223
-11.829 -5.357 7.603

-8.05 -6.016 7.986
-7.416 -8.82 10.567
-5.856 -6.305 13.093
-8.689 -3.64 13.199

-11.758 -5.868 14.003
-11.895 -4.753 17.675
-11.154 -1.102 16.63
-14.365 -1.304 14.506
-16.414 -2.897 17.375
-15.268 -0.08 19.729
-16.109 2.476 16.969
-19.722 1.111 16.76
-20.082 1.14 20.611
-18.596 4.7 20.723
-20.823 6.195 17.978

-24.121 4.191 18.24
-24.851 3.95 22.056
-28.388 2.791 20.948
-26.764 -0.701 20.406
-26.03 -3.285 23.117

-22.632 -5.104 22.857
-24.638 -8.32 22.08
-25.78 -6.667 18.791

-22.091 -6.816 17.576
-20.505 -10.124 16.488
-16.681 -10.041 16.081

-15.702 -13.116 14.035
-12.316 -14.303 15.372
-12.201 -17.837 13.813
-13.405 -19.799 10.735
-15.769 -21.82 13.07
-17.788 -18.808 14.317
-21.352 -17.917 13.159
-21.075 -14.973 10.701
-24.816 -14.102 11.273
-24.919 -14.166 15.127
-25.108 -10.332 15.536
-27.08 -7.466 13.995

-23.588 -6.14 13.038
-21.065 -8.833 11.965
-17.336 -7.898 11.803
-15.009 -10.302 9.887
-11.529 -10.295 8.291

-10.658 -10.74 4.577
-8.757 -14.009 5.375
-11.833 -15.546 7.113
-14.3 -14.769 4.222

-12.926 -17.715 2.14
-13.287 -20.073 5.183
-16.843 -18.74 5.845
-18.014 -18.815 2.139
-20.731 -21.415 3.044
-22.243 -18.836 5.512
-21.955 -15.894 2.989
-25.071 -17.433 1.278
-27.188 -15.451 3.825
-28.094 -12.137 2.052
-26.367 -9.235 3.842
-28.236 -6.215 2.36

-25.704 -3.677 3.792
-21.936 -4.298 3.429
-19.007 -2.145 4.602
-15.517 -3.11 3.36

-12.662 -1.237 5.059
-9.341 -0.865 3.151

-11.066 -2.352 0.031
-7.765 -2.207 -1.968
-7.252 -5.742 -0.456
-9.774 -6.866 -3.176

-8.09852 -5.45368 -6.37733
-7.87938 -4.17952 -9.88416
-9.19795 -4.41126 -13.5045
-8.87228 -0.691813 -14.3374
-7.02605 1.86398 -12.126

-9.73196 1.11573 -9.56456
-8.98251 4.33512 -7.68926
-9.18451 6.36414 -10.8963
-12.5361 4.80803 -11.784
-13.9242 5.59432 -8.33472
-12.7936 9.21304 -8.59835
-14.4359 9.57921 -12.0059
-17.7059 8.1581 -10.6903
-17.6799 10.5639 -7.74847
-17.0854 13.5272 -10.0524
-19.9695 12.4845 -12.2969
-22.3043 12.1715 -9.31471

-22.2283 14.4545 -6.20371
-24.5283 17.5565 -6.44271

-21.9823 19.9825 -4.84271
-18.1753 19.7515 -5.36771
-15.9253 22.1755 -3.44871
-12.3013 21.6415 -4.56171
-9.58329 23.5775 -2.65071

-5.89529 24.1635 -3.55771
-3.15429 26.8105 -3.16571
-1.44629 25.3995 -6.27571
-4.15829 23.8765 -8.57071
-1.41929 23.0775 -11.0837
1.99971 22.1425 -9.61571
4.02271 22.3715 -12.8947
1.88371 21.9135 -16.1027

-1.64229 22.5105 -17.6227
-2.30129 18.7025 -17.8397
-2.55829 18.5805 -13.9617
-5.77529 20.7285 -14.1177
-7.78429 18.2525 -16.2667
-9.06029 16.0725 -13.3527
-10.1373 19.2065 -11.3817
-11.8943 20.6925 -14.4967
-13.9153 17.4605 -15.1147
-14.7013 17.1725 -11.3527
-16.2603 20.7155 -11.3347

-17.7633 20.4445 -14.9107
-18.1483 16.7285 -15.9957
-19.3283 17.8475 -19.5187
-16.0913 19.8085 -20.2467
-13.4933 17.8625 -22.3307
-15.0563 14.3135 -21.9677
-11.7323 12.8815 -23.3097

-8.25729 14.0795 -22.1677
-6.87529 14.0765 -25.7707
-9.02229 17.1315 -26.7687
-7.72129 19.0675 -23.6977
-4.12129 17.8995 -24.4067
-4.18429 18.9365 -28.1227
-5.39429 22.4645 -27.1687
-3.55929 23.2785 -23.8807

-0.66629 20.7475 -23.5027
0.99271 21.2305 -26.9807
0.34471 17.5215 -27.5967

2.92171 15.8745 -29.9277
2.67271 12.5265 -31.7697
5.95271 10.6835 -31.0127

6.94871 7.20149 -32.4407
5.89871 5.63449 -29.0537

2.54271 7.52749 -28.6467
1.37871 11.0105 -27.5527
3.46871 13.4355 -25.4707

1.45771 15.9065 -23.2767
4.38871 17.5225 -21.3177
4.05771 20.8495 -23.2107
1.83871 23.9365 -22.8647
-0.28929 25.9965 -25.3037
-3.04429 28.6915 -25.3817

-2.58429 29.4085 -21.6067
-4.41529 32.8065 -21.7057
-7.51529 31.0305 -23.1627
-7.19029 28.3165 -20.4587
-7.00929 31.0845 -17.7657
-10.2173 32.7225 -19.1347
-12.0503 29.3275 -19.2437
-10.9383 28.5045 -15.6567
-11.9973 31.9025 -14.1697
-15.3993 31.9525 -15.9827
-16.5763 28.3435 -15.4477

-14.3453 26.3415 -12.9817

-12.2123 28.3995 -10.5977
-12.2703 31.2935 -8.12671

-8.66729 32.5355 -7.59371
-7.36029 35.5365 -5.60471
-3.78529 36.3715 -4.63071

-2.25929 37.8555 -1.40271
-1.64829 41.0595 -3.42471
-5.40329 41.3085 -4.32471
-6.84329 40.9385 -0.764712

-4.03229 41.4335 1.85729
-2.07129 44.6685 1.02629
-0.65729 44.4315 4.62629
1.34771 41.1635 4.21029

5.14671 41.8575 4.19529
6.89971 41.1235 0.871288

8.55571 37.7535 0.128288
12.1717 38.6015 -0.849712
13.7087 35.7115 -2.85171
17.3877 35.2135 -3.79871
19.7497 32.6045 -5.20071
22.7907 31.9095 -2.95971
25.6097 30.3555 -5.01471

27.3897 28.1545 -2.42371
31.1047 27.9735 -3.23371

32.0887 24.7425 -5.15671
35.7037 25.2135 -3.82871
34.6657 23.0215 -0.806712

33.6247 20.2325 -3.29171
36.7627 18.0515 -3.22571

38.2687 16.7785 -6.52371
36.9567 13.1605 -5.98271
33.3347 14.3585 -5.43171
33.6117 16.6885 -8.49271
35.0407 13.8435 -10.6447
32.1027 11.6265 -9.45971
29.5567 14.3615 -10.4577
31.3537 14.7595 -13.8477
31.2667 10.9335 -14.2787
27.4937 10.6245 -13.5307
26.8057 13.6765 -15.7987
28.7607 12.0005 -18.6857
26.9867 8.68749 -17.8947
23.4897 10.2395 -18.4787
24.5807 11.5705 -21.9497

26.0607 8.24049 -23.2017
24.2307 7.14249 -26.4067
24.3717 3.36249 -25.8717
22.5007 3.20149 -22.4867
18.9277 1.97349 -21.9797

16.1317 4.36049 -20.8257
16.4507 2.69849 -17.3627
20.2727 3.15749 -17.0737
19.7217 6.85949 -18.0447
17.1327 7.21249 -15.1697
19.5007 5.39249 -12.7327
22.4497 7.68449 -13.6897
20.0987 10.7225 -13.2337
19.0837 9.52049 -9.70971
22.7987 8.93949 -8.90271
23.7687 12.4605 -10.1747
20.9417 13.9995 -8.05971
21.8967 12.0505 -4.86171
25.6297 12.9675 -5.42871
24.5797 16.6575 -5.78871
22.9287 16.4685 -2.32871
26.0887 14.8875 -0.759712
28.3887 17.4485 -2.48771
26.3897 20.4225 -1.04171
26.3367 19.2265 2.65629
29.6237 20.9795 3.79329
28.6867 24.4125 2.32129
25.0017 24.0575 3.36129
26.3427 23.5095 6.93229
28.8147 26.4525 6.54529
25.8877 28.7035 5.46229
23.5757 27.5515 8.35229
26.3807 28.3195 10.8633
27.0347 31.7695 9.23829
23.2857 32.5665 9.71429
23.4127 31.5555 13.4393
26.7377 33.4205 14.0293

25.0797 36.4995 12.3463
22.5997 36.4845 15.3203
19.4307 35.1875 13.5293
16.7367 34.2345 16.0573
14.4837 31.8855 13.9333

14.7027 30.2905 10.4523
13.5347 27.2145 8.48129
15.9047 24.8525 6.60629
14.3187 22.7855 3.80229
15.9397 19.6305 2.33129

14.5577 16.3295 0.854288
17.4357 13.7855 0.909288

17.5667 12.1015 4.36229
21.4297 12.3035 4.42029
21.1997 16.1605 4.17829
18.5967 16.3455 7.02229
20.7577 13.9105 9.10829
24.0227 15.8925 8.55429
22.3457 19.2715 9.40029
20.7927 17.8425 12.6393
24.1287 16.2095 13.6693
26.0707 19.5125 13.2493
23.3847 21.5255 15.1573
23.6027 18.9345 18.0223
27.4647 19.1585 17.9073

27.1767 23.0135 18.1633
24.5087 22.5815 20.9643
21.9307 24.5415 18.8623
18.3267 23.8545 19.9313

16.3237 22.8635 16.8203
13.2387 20.8955 15.6543
13.1607 18.1785 12.9383
10.1587 17.0775 10.7943

10.4247 14.3555 8.09629
8.59171 11.2595 6.68229
9.16971 9.34249 9.99129
7.73571 12.0915 12.3073
4.22271 11.0865 13.4963
1.05971 13.1825 12.8403
0.68671 14.2905 16.5283

4.44471 14.9325 17.1153
4.43571 17.1575 13.9483
1.87471 19.4895 15.6123
3.72371 19.4345 18.9963
7.15971 20.2225 17.3883
5.41871 22.9915 15.3653
4.08471 24.4795 18.6653
7.56171 24.0965 20.3183
9.20971 26.1125 17.4503
6.36171 28.7125 17.5003
6.28771 29.2765 21.3113

9.92071 28.6135 22.4453
12.5047 31.3955 21.7593
15.3077 28.7675 22.2093
14.4967 26.7635 19.0313
16.4657 28.7445 16.4103

16.3237 26.2205 13.4973
13.5637 24.0495 12.0183
15.0257 21.1875 9.88829
12.1697 20.2775 7.51529
11.5957 17.7495 4.72729

10.2837 19.6455 1.62629
7.85471 16.7355 0.917288
6.79171 15.8865 4.51429
6.30471 19.4805 5.88129
4.58271 21.0095 2.74829
1.12171 20.5355 4.43629
-0.87629 21.4915 7.58729
1.89071 23.2575 9.58229
2.33971 27.0295 10.2673
5.79271 28.5725 10.9763
4.95571 32.3075 11.4223
7.66571 32.6395 14.1753
10.4497 32.5745 11.5023
11.3337 35.3795 9.00529

13.7807 33.3025 6.86329
13.4717 30.1385 4.72129
16.6387 28.3715 3.43629
16.2617 25.7385 0.692288

19.4217 23.6155 1.13629
18.2127 21.5955 -1.89471
16.2017 22.3985 -5.04271
13.0087 20.4335 -5.83871
11.9227 19.8795 -9.50571
8.27671 20.8515 -8.76071

7.73671 24.6285 -8.11271
4.26371 24.0805 -6.54971
5.96471 22.2135 -3.62971
8.58371 25.0095 -3.21471
5.74671 27.6375 -3.06071
3.86671 25.3975 -0.525712
7.04471 25.3905 1.65429
7.51871 29.2415 1.42229

3.82071 29.7165 2.44029
4.49471 27.8695 5.72429
6.11571 31.1495 6.98929
4.18371 33.6715 4.84429
0.79971 33.1785 6.66829
-1.74029 35.3525 8.55129
0.18371 36.2945 11.7483
3.49171 37.0665 9.92629
4.72071 40.6665 10.6403
8.24271 40.5975 9.02729
9.34571 40.5605 5.34129

9.96771 36.8795 4.51829
13.4577 36.0585 3.18629
13.7197 33.0075 0.851288
17.2807 31.7555 0.110288
17.7847 29.0715 -2.60171
21.2047 27.3765 -2.09371
22.7377 26.3605 -5.49671

26.1267 24.8605 -6.51871
27.8277 25.3795 -9.94771
28.9337 22.0145 -11.4717
25.9107 20.0395 -10.0537
22.2387 19.0395 -10.6797

21.2267 22.6235 -9.60071
22.5457 23.9675 -12.9847
19.7657 21.9595 -14.7947
17.0667 22.0365 -12.0607
17.0307 25.8505 -11.6407
16.2197 26.6925 -15.3547
13.6347 23.8055 -15.3047
11.9257 25.2425 -12.1607
11.9387 28.7555 -13.7777
10.2457 27.6725 -17.0597
7.64471 25.7475 -14.9447
6.80271 28.8825 -12.8257
6.44271 30.8745 -16.0977
3.96971 28.2295 -17.4627
2.04771 28.4955 -14.1307
2.06271 32.3595 -14.2947
0.83571 32.4435 -17.9647

-2.03729 30.1215 -16.8477
-2.83729 32.6635 -14.0027
-1.76129 30.0625 -11.3587
1.25871 31.9695 -9.88271
2.43371 35.5845 -9.31071
5.89171 34.1455 -8.57571
8.36571 35.2815 -11.2207
11.8057 33.6095 -10.7477
13.6907 35.4155 -13.6367

14.6967 38.5045 -11.5547
16.7447 36.3155 -9.11171
19.0917 34.9985 -11.8907
19.9427 38.3955 -13.4497

21.2077 39.3545 -9.91971
23.6927 36.3815 -9.49671

End chain 1
