-13.201 -6.296 -53.957
-10.703 -3.406 -53.291
-9.54 -3.087 -49.639
-11.02 0.322 -48.639
-8.614 1.85 -46.053
-10.787 3.126 -43.162

-9.634 6.195 -41.181
-10.061 4.9 -37.589
-10.286 6.838 -34.306
-12.195 7.103 -30.979
-14.163 9.439 -28.711
-12.619 10.223 -25.263
-14.157 12.207 -22.344

-11.943 15.248 -21.466
-14.301 16.978 -18.949
-17.827 16.65 -17.399
-19.139 18.761 -20.353

-16.752 17.96 -23.312
-15.482 14.956 -25.281
-12.62 14.751 -27.824
-12.437 12.939 -31.204
-8.982 11.264 -31.393
-8.672 10.357 -35.1

-6.282 10.744 -38.079
-6.98 13.557 -40.6
-9.895 13.022 -43.051

-11.208 15.853 -45.293
-14.92 14.856 -45.011
-14.611 14.37 -41.226
-13.015 17.857 -40.827
-15.875 19.254 -42.999
-18.403 17.482 -40.669
-16.559 18.759 -37.515
-16.844 22.341 -38.957

-20.697 21.797 -39.029
-20.861 21.033 -35.24
-22.116 23.933 -33.104
-20.016 23.255 -29.939
-16.791 22.621 -31.971

-13.393 23.436 -30.391
-10.011 22.816 -32.063
-6.805 22.812 -29.99

-3.883 23.919 -32.209
-1.328 22.314 -29.773
-2.753 18.736 -29.691
-4.334 19.137 -33.217

-7.578 17.622 -31.79
-11.313 18.386 -31.995
-13.683 18.544 -28.991
-17.466 19.001 -28.65
-20.131 19.402 -25.91

-21.257 16.038 -24.476
-24.923 16.743 -25.497
-23.731 16.722 -29.178
-22.178 13.179 -28.839
-25.228 11.354 -30.322
-25.57 14.044 -33.093
-21.852 13.682 -34.021
-21.815 9.829 -34.037
-25.045 9.774 -36.128
-23.507 12.176 -38.75
-20.093 10.348 -38.803

-21.793 6.948 -39.527
-22.962 8.546 -42.834
-19.328 9.196 -43.991
-17.677 6.563 -46.261
-14.251 5.2 -45.121

-14.46 6.789 -41.562
-14.765 4.819 -38.279
-15.142 6.964 -35.114
-15.663 4.659 -32.101

-18.218 6.249 -29.657
-17.862 6.903 -25.912
-18.35 3.469 -24.195
-21.794 2.549 -22.772
-20.235 2.829 -19.255
-19.534 6.58 -19.812
-22.964 7.196 -21.431
-24.623 5.531 -18.378
-22.42 7.523 -15.909

-23.028 10.919 -17.654
-26.668 10.153 -18.714
-27.851 13.482 -17.123

-25.214 15.594 -18.963
-26 13.8 -22.296
-29.631 15.147 -21.909

-29.014 18.802 -20.797
-28.522 21.656 -23.337
-27.494 23.803 -20.296
-24.374 24.206 -18.108
-26.03 23.63 -14.722
-23.195 22.587 -12.38
-23.731 19.355 -10.334

-27.219 19.392 -8.694
-26.798 20.208 -4.988
-26.578 17.032 -2.906
-29.814 16.999 -0.82
-29.276 16.946 2.956
-30.305 13.551 4.343

-32.727 13.25 7.268
-30.389 11.851 9.975
-33.077 12.019 12.787
-33.159 8.159 12.923
-29.32 8.149 13.454
-27.82 8.306 16.969

-27.52 12.074 17.913
-23.991 11.509 19.371
-22.796 10.469 15.867
-24.731 13.185 13.93
-23.402 16.008 16.22
-19.738 14.82 15.861

-19.687 14.822 11.995
-17.445 17.587 10.586

-19.106 19.692 7.763
-17.231 17.783 4.996
-18.064 14.402 6.666
-21.796 15.407 6.677
-21.562 16.318 2.947
-19.943 12.855 2.346
-22.788 11.075 4.244
-25.363 13.084 2.191
-23.555 12.165 -1.104
-23.43 8.459 -0.115
-27.196 8.491 0.728
-28.024 10.343 -2.565

-25.973 7.645 -4.472
-28.214 5.048 -2.67
-25.512 3.7 -0.27

-23.352 2.353 -3.174
-19.956 4.118 -3.237
-16.209 4.012 -2.721
-15.295 6.541 0.021

-11.694 7.195 -1.128

-11.135 10.189 1.225
-7.504 10.605 2.377

-7.90277 11.0441 -1.42292
-8.67172 7.52072 -2.56481
-9.87084 5.45319 0.354799
-10.2672 2.4182 2.60855

-7.42555 4.34114 4.24271
-6.77293 1.49768 6.67822
-6.66393 -1.03296 3.84504
-4.19125 1.10228 1.90353
-1.9345 1.42539 4.94418
-1.97204 -2.33508 5.49222
-1.05641 -2.97121 1.85906
1.84722 -0.527731 2.06208
3.15887 -2.19818 5.21359
2.99408 -5.62629 3.58148
4.8957 -4.37567 0.53801

4.2227 -7.84867 -1.03299

3.7387 -9.61367 2.44101
0.236699 -10.7637 1.23001
2.0727 -12.8627 -1.47799
4.4967 -14.7747 0.87001
6.1417 -17.3197 1.63001

9.3487 -15.3547 0.94801
12.5717 -17.0437 -0.27099
15.8877 -15.2347 0.45701
18.9907 -16.6457 -1.31699
22.2937 -15.2637 0.0630102

26.0727 -15.9227 0.44601
26.7067 -18.7267 3.02701
28.2667 -16.2117 5.55301
25.4337 -13.5467 5.65901

22.3647 -15.7747 6.46301
22.2277 -14.6597 10.135
22.9687 -11.0087 9.09001
19.7577 -11.2107 6.96601
17.7087 -12.8037 9.83501
18.8547 -9.98667 12.189
18.0137 -7.43067 9.42901
14.4007 -8.79567 9.22001
14.0407 -8.76667 13.071
15.5267 -5.20667 13.183
13.2997 -3.71167 10.438

10.0017 -5.71567 10.7
9.2717 -5.95667 14.516
5.7347 -7.11567 13.408
7.3587 -10.6077 12.866
8.0927 -13.1917 15.577

11.4907 -15.0107 15.317
9.4847 -18.2267 14.54
8.3427 -16.5737 11.251

12.0317 -16.7227 10.036
13.6177 -20.0307 8.94801
17.4417 -19.9477 8.54101

18.4207 -23.0227 6.49501
21.8067 -24.2097 7.83201
21.9217 -27.7437 6.27301
20.7177 -29.7057 3.19501
18.3537 -31.7267 5.53001
16.3347 -28.7147 6.77701
12.7707 -27.8237 5.61901
13.0477 -24.8797 3.16101
9.3067 -24.0087 3.73301
9.2037 -24.0727 7.58701
9.0147 -20.2387 7.99601
7.0427 -17.3727 6.45501

10.5347 -16.0467 5.49801
13.0577 -18.7397 4.42501
16.7867 -17.8047 4.26301
19.1137 -20.2087 2.34701
22.5937 -20.2017 0.75101

23.4647 -20.6467 -2.96299
25.3657 -23.9157 -2.16499
22.2897 -25.4527 -0.42699
19.8227 -24.6757 -3.31799

21.1967 -27.6217 -5.39999
20.8357 -29.9797 -2.35699
17.2797 -28.6467 -1.69499
16.1087 -28.7217 -5.40099
13.3917 -31.3217 -4.49599
11.8797 -28.7427 -2.02799
12.1677 -25.8007 -4.55099
9.0517 -27.3397 -6.26199
6.9347 -25.3577 -3.71499
6.0287 -22.0437 -5.48799
7.7557 -19.1417 -3.69799
5.8867 -16.1217 -5.17999

8.4187 -13.5837 -3.74799
12.1867 -14.2047 -4.11099
15.1157 -12.0517 -2.93799
18.6057 -13.0167 -4.17999

21.4607 -11.1437 -2.48099
24.7817 -10.7717 -4.38899

23.0567 -12.2587 -7.50899
26.3577 -12.1137 -9.50799
26.8707 -15.6487 -7.99599
24.3487 -16.7727 -10.716

26.5647 -15.3427 -13.594
27.2617 -18.8157 -15.151
24.2097 -20.8897 -16.276
26.1287 -24.2547 -16.178
26.7367 -24.0227 -12.379

24.5717 -26.1757 -10.048
23.5547 -23.0287 -8.02699
22.2907 -21.3157 -11.233
20.5367 -24.4997 -12.546
18.6617 -24.8117 -9.18799
17.8097 -21.0437 -8.87199
16.6577 -20.2597 -12.465
13.4227 -22.4297 -12.543
12.1617 -20.6927 -9.33899
13.1187 -17.1787 -10.604
11.2297 -17.7327 -13.926
7.9747 -18.8337 -12.116

8.0507 -16.5507 -9.00499
5.7507 -13.4487 -9.24399

8.2967 -11.0227 -7.64399
12.1037 -11.2537 -8.16899
14.3537 -8.82967 -6.24999
17.9777 -9.36367 -7.36299
20.6957 -7.42767 -5.45199

24.3837 -6.84167 -6.35899
27.1247 -4.19467 -5.96699
28.8327 -5.60567 -9.07699
26.1207 -7.12867 -11.372
28.8597 -7.92767 -13.885
32.2787 -8.86267 -12.417
34.3017 -8.63367 -15.696
32.1627 -9.09167 -18.904

28.6367 -8.49467 -20.424
27.9777 -12.3027 -20.641
27.7207 -12.4247 -16.763
24.5037 -10.2767 -16.919
22.4947 -12.7527 -19.068
21.2187 -14.9327 -16.154
20.1417 -11.7987 -14.183
18.3847 -10.3127 -17.298
16.3637 -13.5447 -17.916
15.5777 -13.8327 -14.154
14.0187 -10.2897 -14.136

12.5157 -10.5607 -17.712
12.1307 -14.2767 -18.797
10.9507 -13.1577 -22.32
14.1877 -11.1967 -23.048
16.7857 -13.1427 -25.132
15.2227 -16.6917 -24.769
18.5467 -18.1237 -26.111

22.0217 -16.9257 -24.969
23.4037 -16.9287 -28.572
21.2567 -13.8737 -29.57
22.5577 -11.9377 -26.499
26.1577 -13.1057 -27.208
26.0947 -12.0687 -30.924
24.8847 -8.54067 -29.97
26.7197 -7.72667 -26.682

29.6127 -10.2577 -26.304
31.2717 -9.77467 -29.782
30.6237 -13.4837 -30.398

33.2007 -15.1307 -32.729
32.9517 -18.4787 -34.571
36.2317 -20.3217 -33.814

37.2277 -23.8037 -35.242
36.1777 -25.3707 -31.855

32.8217 -23.4777 -31.448
31.6577 -19.9947 -30.354
33.7477 -17.5697 -28.272

31.7367 -15.0987 -26.078
34.6677 -13.4827 -24.119
34.3367 -10.1557 -26.012
32.1177 -7.06867 -25.666
29.9897 -5.00867 -28.105
27.2347 -2.31367 -28.183

27.6947 -1.59667 -24.408
25.8637 1.80133 -24.507
22.7637 0.0253347 -25.964
23.0887 -2.68867 -23.26
23.2697 0.0793347 -20.567
20.0617 1.71733 -21.936
18.2287 -1.67767 -22.045
19.3407 -2.50067 -18.458
18.2817 0.897335 -16.971
14.8797 0.947335 -18.784
13.7027 -2.66167 -18.249

15.9337 -4.66367 -15.783

18.0667 -2.60567 -13.399
18.0087 0.288335 -10.928

21.6117 1.53033 -10.395
22.9187 4.53133 -8.40599
26.4937 5.36633 -7.43199

28.0197 6.85033 -4.20399
28.6307 10.0543 -6.22599
24.8757 10.3033 -7.12599
23.4357 9.93333 -3.56599

26.2467 10.4283 -0.94399
28.2077 13.6633 -1.77499
29.6217 13.4263 1.82501
31.6267 10.1583 1.40901

35.4257 10.8523 1.39401
37.1787 10.1183 -1.92999

38.8347 6.74833 -2.67299
42.4507 7.59633 -3.65099
43.9877 4.70633 -5.65299
47.6667 4.20833 -6.59999
50.0287 1.59933 -8.00199
53.0697 0.904335 -5.76099
55.8887 -0.649665 -7.81599

57.6687 -2.85067 -5.22499
61.3837 -3.03167 -6.03499

62.3677 -6.26267 -7.95799
65.9827 -5.79167 -6.62999
64.9447 -7.98367 -3.60799

63.9037 -10.7727 -6.09299
67.0417 -12.9537 -6.02699

68.5477 -14.2267 -9.32499
67.2357 -17.8447 -8.78399
63.6137 -16.6467 -8.23299
63.8907 -14.3167 -11.294
65.3197 -17.1617 -13.446
62.3817 -19.3787 -12.261
59.8357 -16.6437 -13.259
61.6327 -16.2457 -16.649
61.5457 -20.0717 -17.08
57.7727 -20.3807 -16.332
57.0847 -17.3287 -18.6
59.0397 -19.0047 -21.487
57.2657 -22.3177 -20.696
53.7687 -20.7657 -21.28
54.8597 -19.4347 -24.751

56.3397 -22.7647 -26.003
54.5097 -23.8627 -29.208
54.6507 -27.6427 -28.673
52.7797 -27.8037 -25.288
49.2067 -29.0317 -24.781

46.4107 -26.6447 -23.627
46.7297 -28.3067 -20.164
50.5517 -27.8477 -19.875
50.0007 -24.1457 -20.846
47.4117 -23.7927 -17.971
49.7797 -25.6127 -15.534
52.7287 -23.3207 -16.491
50.3777 -20.2827 -16.035
49.3627 -21.4847 -12.511
53.0777 -22.0657 -11.704
54.0477 -18.5447 -12.976
51.2207 -17.0057 -10.861
52.1757 -18.9547 -7.66299
55.9087 -18.0377 -8.22999
54.8587 -14.3477 -8.58999
53.2077 -14.5367 -5.12999
56.3677 -16.1177 -3.56099
58.6677 -13.5567 -5.28899
56.6687 -10.5827 -3.84299
56.6157 -11.7787 -0.14499
59.9027 -10.0257 0.99201
58.9657 -6.59267 -0.47999
55.2807 -6.94767 0.56001
56.6217 -7.49567 4.13101
59.0937 -4.55267 3.74401
56.1667 -2.30167 2.66101
53.8547 -3.45367 5.55101
56.6597 -2.68567 8.06201
57.3137 0.764335 6.43701
53.5647 1.56133 6.91301
53.6917 0.550335 10.638
57.0167 2.41533 11.228

55.3587 5.49433 9.54501
52.8787 5.47933 12.519
49.7097 4.18233 10.728
47.0157 3.22933 13.256
44.7627 0.880335 11.132

44.9817 -0.714665 7.65101
43.8137 -3.79067 5.68001
46.1837 -6.15267 3.80501
44.5977 -8.21967 1.00101
46.2187 -11.3747 -0.46999

44.8367 -14.6757 -1.94699
47.7147 -17.2197 -1.89199

47.8457 -18.9037 1.56101
51.7087 -18.7017 1.61901
51.4787 -14.8447 1.37701
48.8757 -14.6597 4.22101
51.0367 -17.0947 6.30701
54.3017 -15.1127 5.75301
52.6247 -11.7337 6.59901
51.0717 -13.1627 9.83801
54.4077 -14.7957 10.868
56.3497 -11.4927 10.448
53.6637 -9.47967 12.356
53.8817 -12.0707 15.221
57.7437 -11.8467 15.106

57.4557 -7.99167 15.362
54.7877 -8.42367 18.163
52.2097 -6.46367 16.061
48.6057 -7.15067 17.13

46.6027 -8.14167 14.019
43.5177 -10.1097 12.853
43.4397 -12.8267 10.137
40.4377 -13.9277 7.99301

40.7037 -16.6497 5.29501
38.8707 -19.7457 3.88101
39.4487 -21.6627 7.19001
38.0147 -18.9137 9.50601
34.5017 -19.9187 10.695
31.3387 -17.8227 10.039
30.9657 -16.7147 13.727

34.7237 -16.0727 14.314
34.7147 -13.8477 11.147
32.1537 -11.5157 12.811
34.0027 -11.5707 16.195
37.4387 -10.7827 14.587
35.6977 -8.01367 12.564
34.3637 -6.52567 15.864
37.8407 -6.90867 17.517
39.4887 -4.89267 14.649
36.6407 -2.29267 14.699
36.5667 -1.72867 18.51

40.1997 -2.39167 19.644
42.7837 0.390335 18.958
45.5867 -2.23767 19.408
44.7757 -4.24167 16.23
46.7447 -2.26067 13.609

46.6027 -4.78467 10.696
43.8427 -6.95567 9.21701
45.3047 -9.81767 7.08701
42.4487 -10.7277 4.71401
41.8747 -13.2557 1.92601

40.5627 -11.3597 -1.17499
38.1337 -14.2697 -1.88399
37.0707 -15.1187 1.71301
36.5837 -11.5247 3.08001
34.8617 -9.99567 -0.0529898
31.4007 -10.4697 1.63501
29.4027 -9.51367 4.78601
32.1697 -7.74767 6.78101
32.6187 -3.97567 7.46601
36.0717 -2.43267 8.17501
35.2347 1.30233 8.62101
37.9447 1.63433 11.374
40.7287 1.56933 8.70101
41.6127 4.37433 6.20401

44.0597 2.29733 4.06201
43.7507 -0.866665 1.92001
46.9177 -2.63367 0.63501
46.5407 -5.26667 -2.10899

49.7007 -7.38967 -1.66499
48.4917 -9.40967 -4.69599
46.4807 -8.60667 -7.84399
43.2877 -10.5717 -8.63999
42.2017 -11.1257 -12.307
38.5557 -10.1537 -11.562

38.0157 -6.37667 -10.914
34.5427 -6.92467 -9.35099
36.2437 -8.79167 -6.43099
38.8627 -5.99567 -6.01599
36.0257 -3.36767 -5.86199
34.1457 -5.60767 -3.32699
37.3237 -5.61467 -1.14699
37.7977 -1.76367 -1.37899

34.0997 -1.28867 -0.36099
34.7737 -3.13567 2.92301
36.3947 0.144335 4.18801
34.4627 2.66633 2.04301
31.0787 2.17333 3.86701
28.5387 4.34733 5.75001
30.4627 5.28933 8.94701
33.7707 6.06133 7.12501
34.9997 9.66133 7.83901
38.5217 9.59233 6.22601
39.6247 9.55533 2.54001

40.2467 5.87433 1.71701
43.7367 5.05333 0.38501
43.9987 2.00233 -1.94999
47.5597 0.750335 -2.69099
48.0637 -1.93367 -5.40299
51.4837 -3.62867 -4.89499
53.0167 -4.64467 -8.29799

56.4057 -6.14467 -9.31999
58.1067 -5.62567 -12.749
59.2127 -8.99067 -14.273
56.1897 -10.9657 -12.855
52.5177 -11.9657 -13.481

51.5057 -8.38167 -12.402
52.8247 -7.03767 -15.786
50.0447 -9.04567 -17.596
47.3457 -8.96867 -14.862
47.3097 -5.15467 -14.442
46.4987 -4.31267 -18.156
43.9137 -7.19967 -18.106
42.2047 -5.76267 -14.962
42.2177 -2.24967 -16.579
40.5247 -3.33267 -19.861
37.9237 -5.25767 -17.746
37.0817 -2.12267 -15.627
36.7217 -0.130665 -18.899
34.2487 -2.77567 -20.264
32.3267 -2.50967 -16.932
32.3417 1.35433 -17.096
31.1147 1.43833 -20.766

28.2417 -0.883665 -19.649
27.4417 1.65833 -16.804
28.5177 -0.942665 -14.16
31.5377 0.964335 -12.684
32.7127 4.57933 -12.112
36.1707 3.14033 -11.377
38.6447 4.27633 -14.022
42.0847 2.60433 -13.549
43.9697 4.41033 -16.438

44.9757 7.49933 -14.356
47.0237 5.31033 -11.913
49.3707 3.99333 -14.692
50.2217 7.39033 -16.251

51.4867 8.34933 -12.721
53.9717 5.37633 -12.298

End chain 1
