-13.201 -6.296 -53.957
-10.703 -3.406 -53.291
-9.54 -3.087 -49.639
-11.02 0.322 -48.639
-8.614 1.85 -46.053
-10.787 3.126 -43.162

-9.634 6.195 -41.181
-10.061 4.9 -37.589
-10.286 6.838 -34.306
-12.195 7.103 -30.979
-14.163 9.439 -28.711
-12.619 10.223 -25.263
-14.157 12.207 -22.344

-11.943 15.248 -21.466
-14.301 16.978 -18.949
-17.827 16.65 -17.399
-19.139 18.761 -20.353

-16.752 17.96 -23.312
-15.482 14.956 -25.281
-12.62 14.751 -27.824
-12.437 12.939 -31.204
-8.982 11.264 -31.393
-8.672 10.357 -35.1

-6.282 10.744 -38.079
-6.98 13.557 -40.6
-9.895 13.022 -43.051

-11.208 15.853 -45.293
-14.92 14.856 -45.011
-14.611 14.37 -41.226
-13.015 17.857 -40.827
-15.875 19.254 -42.999
-18.403 17.482 -40.669
-16.559 18.759 -37.515
-16.844 22.341 -38.957

-20.697 21.797 -39.029
-20.861 21.033 -35.24
-22.116 23.933 -33.104
-20.016 23.255 -29.939
-16.791 22.621 -31.971

-13.393 23.436 -30.391
-10.011 22.816 -32.063
-6.805 22.812 -29.99

-3.883 23.919 -32.209
-1.328 22.314 -29.773
-2.753 18.736 -29.691
-4.334 19.137 -33.217

-7.578 17.622 -31.79
-11.313 18.386 -31.995
-13.683 18.544 -28.991
-17.466 19.001 -28.65
-20.131 19.402 -25.91

-21.257 16.038 -24.476
-24.923 16.743 -25.497
-23.731 16.722 -29.178
-22.178 13.179 -28.839
-25.228 11.354 -30.322
-25.57 14.044 -33.093
-21.852 13.682 -34.021
-21.815 9.829 -34.037
-25.045 9.774 -36.128
-23.507 12.176 -38.75
-20.093 10.348 -38.803

-21.793 6.948 -39.527
-22.962 8.546 -42.834
-19.328 9.196 -43.991
-17.677 6.563 -46.261
-14.251 5.2 -45.121

-14.46 6.789 -41.562
-14.765 4.819 -38.279
-15.142 6.964 -35.114
-15.663 4.659 -32.101

-18.218 6.249 -29.657
-17.862 6.903 -25.912
-18.35 3.469 -24.195
-21.794 2.549 -22.772
-20.235 2.829 -19.255
-19.534 6.58 -19.812
-22.964 7.196 -21.431
-24.623 5.531 -18.378
-22.42 7.523 -15.909

-23.028 10.919 -17.654
-26.668 10.153 -18.714
-27.851 13.482 -17.123

-25.214 15.594 -18.963
-26 13.8 -22.296
-29.631 15.147 -21.909

-29.014 18.802 -20.797
-28.522 21.656 -23.337
-27.494 23.803 -20.296
-24.374 24.206 -18.108
-26.03 23.63 -14.722
-23.195 22.587 -12.38
-23.731 19.355 -10.334

-27.219 19.392 -8.694
-26.798 20.208 -4.988
-26.578 17.032 -2.906
-29.814 16.999 -0.82
-29.276 16.946 2.956
-30.305 13.551 4.343

-32.727 13.25 7.268
-30.389 11.851 9.975
-33.077 12.019 12.787
-33.159 8.159 12.923
-29.32 8.149 13.454
-27.82 8.306 16.969

-27.52 12.074 17.913
-23.991 11.509 19.371
-22.796 10.469 15.867
-24.731 13.185 13.93
-23.402 16.008 16.22
-19.738 14.82 15.861

-19.687 14.822 11.995
-17.445 17.587 10.586

-19.106 19.692 7.763
-17.231 17.783 4.996
-18.064 14.402 6.666
-21.796 15.407 6.677
-21.562 16.318 2.947
-19.943 12.855 2.346
-22.788 11.075 4.244
-25.363 13.084 2.191
-23.555 12.165 -1.104
-23.43 8.459 -0.115
-27.196 8.491 0.728
-28.024 10.343 -2.565

-25.973 7.645 -4.472
-28.214 5.048 -2.67
-25.512 3.7 -0.27

-23.352 2.353 -3.174
-19.956 4.118 -3.237
-16.209 4.012 -2.721
-15.295 6.541 0.021

-11.694 7.195 -1.128

-11.135 10.189 1.225
-7.504 10.605 2.377

-6.048 8.715 5.398
-7.361 9.956 8.784
-10.233 12.169 7.374
-12.706 9.981 9.408

-13.844 7.354 6.831
-15.012 5.081 9.734
-17.363 7.714 11.316
-18.876 8.506 7.854
-19.282 4.738 7.09
-21.02 4.042 10.461
-23.415 6.996 9.798
-24.247 5.855 6.195
-24.846 2.277 7.463
-26.955 3.52 10.461
-29.227 5.531 8.078

-29.9 2.058 6.507

-30.384 0.293 9.981
-33.886 -0.857 8.77
-32.05 -2.956 6.062
-29.626 -4.868 8.41
-27.981 -7.413 9.17

-24.774 -5.448 8.488
-21.551 -7.137 7.269
-18.235 -5.328 7.997
-15.132 -6.739 6.223
-11.829 -5.357 7.603

-8.05 -6.016 7.986
-7.416 -8.82 10.567
-5.856 -6.305 13.093
-8.689 -3.64 13.199

-11.758 -5.868 14.003
-11.895 -4.753 17.675
-11.154 -1.102 16.63
-14.365 -1.304 14.506
-16.414 -2.897 17.375
-15.268 -0.08 19.729
-16.109 2.476 16.969
-19.722 1.111 16.76
-20.082 1.14 20.611
-18.596 4.7 20.723
-20.823 6.195 17.978

-24.121 4.191 18.24
-24.851 3.95 22.056
-28.388 2.791 20.948
-26.764 -0.701 20.406
-26.03 -3.285 23.117

-22.632 -5.104 22.857
-24.638 -8.32 22.08
-25.78 -6.667 18.791

-22.091 -6.816 17.576
-20.505 -10.124 16.488
-16.681 -10.041 16.081

-15.702 -13.116 14.035
-12.316 -14.303 15.372
-12.201 -17.837 13.813
-13.405 -19.799 10.735
-15.769 -21.82 13.07
-17.788 -18.808 14.317
-21.352 -17.917 13.159
-21.075 -14.973 10.701
-24.816 -14.102 11.273
-24.919 -14.166 15.127
-25.108 -10.332 15.536
-27.08 -7.466 13.995

-23.588 -6.14 13.038
-21.065 -8.833 11.965
-17.336 -7.898 11.803
-15.009 -10.302 9.887
-11.529 -10.295 8.291

-10.658 -10.74 4.577
-8.757 -14.009 5.375
-11.833 -15.546 7.113
-14.3 -14.769 4.222

-12.926 -17.715 2.14
-13.287 -20.073 5.183
-16.843 -18.74 5.845
-18.014 -18.815 2.139
-20.731 -21.415 3.044
-22.243 -18.836 5.512
-21.955 -15.894 2.989
-25.071 -17.433 1.278
-27.188 -15.451 3.825
-28.094 -12.137 2.052
-26.367 -9.235 3.842
-28.236 -6.215 2.36

-25.704 -3.677 3.792
-21.936 -4.298 3.429
-19.007 -2.145 4.602
-15.517 -3.11 3.36

-12.662 -1.237 5.059
-9.341 -0.865 3.151

-11.066 -2.352 0.031
-7.765 -2.207 -1.968
-7.252 -5.742 -0.456
-9.774 -6.866 -3.176

-7.558 -5.436 -6.054
-6.861 -8.909 -7.611
-9.913 -10.983 -8.736
-7.994 -14.348 -8.638
-7.386 -14.116 -4.839

-9.551 -16.269 -2.508
-10.568 -13.122 -0.487
-11.832 -11.409 -3.693
-13.586 -14.593 -5.006
-15.461 -14.905 -1.648
-16.313 -11.137 -1.332
-17.465 -10.353 -4.925
-20.7 -12.523 -5.003
-21.961 -10.786 -1.799
-21.004 -7.272 -3.064
-22.893 -7.826 -6.386
-26.148 -8.927 -4.576

-26.072 -6.644 -1.465
-28.372 -3.542 -1.704

-25.826 -1.116 -0.104
-22.019 -1.347 -0.629
-19.769 1.077 1.29
-16.145 0.543 0.177
-13.427 2.479 2.088

-9.739 3.065 1.181
-6.998 5.712 1.573
-5.29 4.301 -1.537
-8.002 2.778 -3.832
-5.263 1.979 -6.345
-1.844 1.044 -4.877
0.179 1.273 -8.156
-1.96 0.815 -11.364

-5.486 1.412 -12.884
-6.145 -2.396 -13.101
-6.402 -2.518 -9.223
-9.619 -0.37 -9.379
-11.628 -2.846 -11.528
-12.904 -5.026 -8.614
-13.981 -1.892 -6.643
-15.738 -0.406 -9.758
-17.759 -3.638 -10.376
-18.545 -3.926 -6.614
-20.104 -0.383 -6.596

-21.607 -0.654 -10.172
-21.992 -4.37 -11.257
-23.172 -3.251 -14.78
-19.935 -1.29 -15.508
-17.337 -3.236 -17.592
-18.9 -6.785 -17.229
-15.576 -8.217 -18.571

-12.101 -7.019 -17.429
-10.719 -7.022 -21.032
-12.866 -3.967 -22.03
-11.565 -2.031 -18.959
-7.965 -3.199 -19.668
-8.028 -2.162 -23.384
-9.238 1.366 -22.43
-7.403 2.18 -19.142

-4.51 -0.351 -18.764
-2.851 0.132 -22.242
-3.499 -3.577 -22.858

-0.922 -5.224 -25.189
-1.171 -8.572 -27.031
2.109 -10.415 -26.274

3.105 -13.897 -27.702
2.055 -15.464 -24.315

-1.301 -13.571 -23.908
-2.465 -10.088 -22.814
-0.375 -7.663 -20.732

-2.386 -5.192 -18.538
0.545 -3.576 -16.579
0.214 -0.249 -18.472
-2.005 2.838 -18.126
-4.133 4.898 -20.565
-6.888 7.593 -20.643

-6.428 8.31 -16.868
-8.259 11.708 -16.967
-11.359 9.932 -18.424
-11.034 7.218 -15.72
-10.853 9.986 -13.027
-14.061 11.624 -14.396
-15.894 8.229 -14.505
-14.782 7.406 -10.918
-15.841 10.804 -9.431
-19.243 10.854 -11.244
-20.42 7.245 -10.709

-18.189 5.243 -8.243

-16.056 7.301 -5.859
-16.114 10.195 -3.388

-12.511 11.437 -2.855
-11.204 14.438 -0.866
-7.629 15.273 0.108

-6.103 16.757 3.336
-5.492 19.961 1.314
-9.247 20.21 0.414
-10.687 19.84 3.974

-7.876 20.335 6.596
-5.915 23.57 5.765
-4.501 23.333 9.365
-2.496 20.065 8.949

1.303 20.759 8.934
3.056 20.025 5.61

4.712 16.655 4.867
8.328 17.503 3.889
9.865 14.613 1.887
13.544 14.115 0.94
15.906 11.506 -0.462
18.947 10.811 1.779
21.766 9.257 -0.276

25.0485 8.15009 1.35257
27.5607 9.88595 -0.818593

30.4761 10.6899 -3.12011
32.9525 9.15961 -0.677034
30.8821 5.98331 -0.417826

29.8411 3.19431 -2.90283
32.9791 1.01331 -2.83683

34.4851 -0.259695 -6.13483
33.1731 -3.87769 -5.59383
29.5511 -2.67969 -5.04283
29.8281 -0.349695 -8.10383
31.2571 -3.19469 -10.2558
28.3191 -5.41169 -9.07083
25.7731 -2.67669 -10.0688
27.5701 -2.27869 -13.4588
27.4831 -6.10469 -13.8898
23.7101 -6.41369 -13.1418
23.0221 -3.36169 -15.4098
24.9771 -5.03769 -18.2968
23.2031 -8.35069 -17.5058
19.7061 -6.79869 -18.0898
20.7971 -5.46769 -21.5608

22.2771 -8.79769 -22.8128
20.4471 -9.89569 -26.0178
20.5881 -13.6757 -25.4828
18.7171 -13.8367 -22.0978
15.1441 -15.0647 -21.5908

12.3481 -12.6777 -20.4368
12.6671 -14.3397 -16.9738
16.4891 -13.8807 -16.6848
15.9381 -10.1787 -17.6558
13.3491 -9.82569 -14.7808
15.7171 -11.6457 -12.3438
18.6661 -9.35369 -13.3008
16.3151 -6.31569 -12.8448
15.3001 -7.51769 -9.32083
19.0151 -8.09869 -8.51383
19.9851 -4.57769 -9.78583
17.1581 -3.03869 -7.67083
18.1131 -4.98769 -4.47283
21.8461 -4.07069 -5.03983
20.7961 -0.380695 -5.39983
19.1451 -0.569695 -1.93983
22.3051 -2.15069 -0.370826
24.6051 0.410305 -2.09883
22.6061 3.38431 -0.652826
22.5531 2.18831 3.04517
25.8401 3.94131 4.18217
24.9031 7.37431 2.71017
21.2181 7.01931 3.75017
22.5591 6.47131 7.32117
25.0311 9.41431 6.93417
22.1041 11.6653 5.85117
19.7921 10.5133 8.74117
22.5971 11.2813 11.2522
23.2511 14.7313 9.62717
19.5021 15.5283 10.1032
19.6291 14.5173 13.8282
22.9541 16.3823 14.4182

21.2961 19.4613 12.7352
18.8161 19.4463 15.7092
15.6471 18.1493 13.9182
12.9531 17.1963 16.4462
10.7001 14.8473 14.3222

10.9191 13.2523 10.8412
9.75105 10.1763 8.87017
12.1211 7.81431 6.99517
10.5351 5.74731 4.19117
12.1561 2.59231 2.72017

10.7741 -0.708695 1.24317
13.6521 -3.25269 1.29817

13.7831 -4.93669 4.75117
17.6461 -4.73469 4.80917
17.4161 -0.877695 4.56717
14.8131 -0.692695 7.41117
16.9741 -3.12769 9.49717
20.2391 -1.14569 8.94317
18.5621 2.23331 9.78917
17.0091 0.804305 13.0282
20.3451 -0.828695 14.0582
22.2871 2.47431 13.6382
19.6011 4.48731 15.5462
19.8191 1.89631 18.4112
23.6811 2.12031 18.2962

23.3931 5.97531 18.5522
20.7251 5.54331 21.3532
18.1471 7.50331 19.2512
14.5431 6.81631 20.3202

12.5401 5.82531 17.2092
9.45505 3.85731 16.0432
9.37705 1.14031 13.3272
6.37505 0.0393054 11.1832

6.64105 -2.68269 8.48517
4.80805 -5.77869 7.07117
5.38605 -7.69569 10.3802
3.95205 -4.94669 12.6962
0.43905 -5.95169 13.8852
-2.72395 -3.85569 13.2292
-3.09695 -2.74769 16.9172

0.66105 -2.10569 17.5042
0.65205 0.119305 14.3372
-1.90895 2.45131 16.0012
-0.0599496 2.39631 19.3852
3.37605 3.18431 17.7772
1.63505 5.95331 15.7542
0.30105 7.44131 19.0542
3.77805 7.05831 20.7072
5.42605 9.07431 17.8392
2.57805 11.6743 17.8892
2.50405 12.2383 21.7002

6.13705 11.5753 22.8342
8.72105 14.3573 22.1482
11.5241 11.7293 22.5982
10.7131 9.72531 19.4202
12.6821 11.7063 16.7992

12.5401 9.18231 13.8862
9.78005 7.01131 12.4072
11.2421 4.14931 10.2772
8.38605 3.23931 7.90417
7.81205 0.711305 5.11617

6.50005 2.60731 2.01517
4.07105 -0.302695 1.30617
3.00805 -1.15169 4.90317
2.52105 2.44231 6.27017
0.79905 3.97131 3.13717
-2.66195 3.49731 4.82517
-4.65995 4.45331 7.97617
-1.89295 6.21931 9.97117
-1.44395 9.99131 10.6562
2.00905 11.5343 11.3652
1.17205 15.2693 11.8112
3.88205 15.6013 14.5642
6.66605 15.5363 11.8912
7.55005 18.3413 9.39417

9.99705 16.2643 7.25217
9.68805 13.1003 5.11017
12.8551 11.3333 3.82517
12.4781 8.70031 1.08117

15.6381 6.57731 1.52517
14.4291 4.55731 -1.50583
12.4181 5.36031 -4.65383
9.22505 3.39531 -5.44983
8.13905 2.84131 -9.11683
4.49305 3.81331 -8.37183

3.95305 7.59031 -7.72383
0.48005 7.04231 -6.16083
2.18105 5.17531 -3.24083
4.80005 7.97131 -2.82583
1.96305 10.5993 -2.67183
0.0830504 8.35931 -0.136826
3.26105 8.35231 2.04317
3.73505 12.2033 1.81117

0.0370504 12.6783 2.82917
0.71105 10.8313 6.11317
2.33205 14.1113 7.37817
0.40005 16.6333 5.23317
-2.98395 16.1403 7.05717
-5.52395 18.3143 8.94017
-3.59995 19.2563 12.1372
-0.29195 20.0283 10.3152
0.93705 23.6283 11.0292
4.45905 23.5593 9.41617
5.56205 23.5223 5.73017

6.18405 19.8413 4.90717
9.67405 19.0203 3.57517
9.93605 15.9693 1.24017
13.4971 14.7173 0.499174
14.0011 12.0333 -2.21283
17.4211 10.3383 -1.70483
18.9541 9.32231 -5.10783

22.3431 7.82231 -6.12983
24.0441 8.34131 -9.55883
25.1501 4.97631 -11.0828
22.1271 3.00131 -9.66483
18.4551 2.00131 -10.2908

17.4431 5.58531 -9.21183
18.7621 6.92931 -12.5958
15.9821 4.92131 -14.4058
13.2831 4.99831 -11.6718
13.2471 8.81231 -11.2518
12.4361 9.65431 -14.9658
9.85105 6.76731 -14.9158
8.14205 8.20431 -11.7718
8.15505 11.7173 -13.3888
6.46205 10.6343 -16.6708
3.86105 8.70931 -14.5558
3.01905 11.8443 -12.4368
2.65905 13.8363 -15.7088
0.18605 11.1913 -17.0738
-1.73595 11.4573 -13.7418
-1.72095 15.3213 -13.9058
-2.94795 15.4053 -17.5758

-5.82095 13.0833 -16.4588
-6.62095 15.6253 -13.6138
-5.54495 13.0243 -10.9698
-2.52495 14.9313 -9.49383
-1.34995 18.5463 -8.92183
2.10805 17.1073 -8.18683
4.58205 18.2433 -10.8318
8.02205 16.5713 -10.3588
9.90705 18.3773 -13.2478

10.9131 21.4663 -11.1658
12.9611 19.2773 -8.72283
15.3081 17.9603 -11.5018
16.1591 21.3573 -13.0608

17.4241 22.3163 -9.53083
19.9091 19.3433 -9.10783

End chain 1
