-13.201 -6.296 -53.957
-10.703 -3.406 -53.291
-9.54 -3.087 -49.639
-11.02 0.322 -48.639
-8.614 1.85 -46.053
-10.787 3.126 -43.162

-9.634 6.195 -41.181
-10.061 4.9 -37.589
-10.286 6.838 -34.306
-12.195 7.103 -30.979
-14.163 9.439 -28.711
-12.619 10.223 -25.263
-14.157 12.207 -22.344

-11.943 15.248 -21.466
-14.301 16.978 -18.949
-17.827 16.65 -17.399
-19.139 18.761 -20.353

-16.752 17.96 -23.312
-15.482 14.956 -25.281
-12.62 14.751 -27.824
-12.437 12.939 -31.204
-8.982 11.264 -31.393
-8.672 10.357 -35.1

-6.282 10.744 -38.079
-6.98 13.557 -40.6
-9.895 13.022 -43.051

-11.208 15.853 -45.293
-14.92 14.856 -45.011
-14.611 14.37 -41.226
-13.015 17.857 -40.827
-15.875 19.254 -42.999
-18.403 17.482 -40.669
-16.559 18.759 -37.515
-16.844 22.341 -38.957

-20.6829 22.1915 -39.0955
-24.153 21.2116 -38.1273
-27.8012 19.9096 -38.261
-26.1056 18.5043 -41.477
-22.9324 16.5685 -40.6905

-24.5307 14.0082 -43.0044
-27.1066 15.4684 -45.5107
-30.522 14.1666 -44.7779

-27.6 15.2736 -46.9969
-25.045 13.6686 -44.5609
-26.47 10.0906 -44.4789
-28.051 10.4916 -48.0049

-31.295 8.97659 -46.5779
-35.03 9.74059 -46.7829
-37.4 9.89859 -43.7789
-41.183 10.3556 -43.4379
-43.848 10.7566 -40.6979

-44.974 7.39259 -39.2639
-48.64 8.09759 -40.2849
-47.448 8.07659 -43.9659
-45.895 4.53359 -43.6269
-48.945 2.70859 -45.1099
-49.287 5.39859 -47.8809
-45.569 5.03659 -48.8089
-45.532 1.18359 -48.8249
-48.762 1.12859 -50.9159
-47.224 3.53059 -53.5379
-43.81 1.70259 -53.5909

-45.51 -1.69741 -54.3149
-46.679 -0.0994117 -57.6219
-43.045 0.550588 -58.7789
-41.394 -2.08241 -61.0489
-37.968 -3.44541 -59.9089

-38.177 -1.85641 -56.3499
-38.482 -3.82641 -53.0669
-38.859 -1.68141 -49.9019
-39.38 -3.98641 -46.8889

-41.935 -2.39641 -44.4449
-41.579 -1.74241 -40.6999
-42.067 -5.17641 -38.9829
-45.511 -6.09641 -37.5599
-43.952 -5.81641 -34.0429
-43.251 -2.06541 -34.5999
-46.681 -1.44941 -36.2189
-48.34 -3.11441 -33.1659
-46.137 -1.12241 -30.6969

-46.745 2.27359 -32.4419
-50.385 1.50759 -33.5019
-51.568 4.83659 -31.9109

-48.931 6.94859 -33.7509
-49.717 5.15459 -37.0839
-53.348 6.50159 -36.6969

-52.731 10.1566 -35.5849
-52.239 13.0106 -38.1249
-51.211 15.1576 -35.0839
-48.091 15.5606 -32.8959
-49.747 14.9846 -29.5099
-46.912 13.9416 -27.1679
-47.448 10.7096 -25.1219

-50.936 10.7466 -23.4819
-50.515 11.5626 -19.7759
-50.295 8.38659 -17.6939
-53.531 8.35359 -15.6079
-52.993 8.30059 -11.8319
-54.022 4.90559 -10.4449

-56.444 4.60459 -7.51989
-54.106 3.20559 -4.81289
-56.794 3.37359 -2.00089
-56.876 -0.486412 -1.86489
-53.037 -0.496412 -1.33389
-51.537 -0.339412 2.18111

-51.237 3.42859 3.12511
-47.708 2.86359 4.58311
-46.513 1.82359 1.07911
-48.448 4.53959 -0.857889
-47.119 7.36259 1.43211
-43.455 6.17459 1.07311

-43.404 6.17659 -2.79289
-41.162 8.94159 -4.20189

-42.823 11.0466 -7.02489
-40.948 9.13759 -9.79189
-41.781 5.75659 -8.12189
-45.513 6.76159 -8.11089
-45.279 7.67259 -11.8409
-43.66 4.20959 -12.4419
-46.505 2.42959 -10.5439
-49.08 4.43859 -12.5969
-47.272 3.51959 -15.8919
-47.147 -0.186412 -14.9029
-50.913 -0.154412 -14.0599
-51.741 1.69759 -17.3529

-49.69 -1.00041 -19.2599
-51.931 -3.59741 -17.4579
-49.229 -4.94541 -15.0579

-47.069 -6.29241 -17.9619
-43.673 -4.52741 -18.0249
-39.926 -4.63341 -17.5089
-39.012 -2.10441 -14.7669

-35.411 -1.45041 -15.9159

-34.852 1.54359 -13.5629
-31.221 1.95959 -12.4109

-29.765 0.0695883 -9.38989
-31.078 1.31059 -6.00389
-33.95 3.52359 -7.41389
-36.423 1.33559 -5.37989

-37.561 -1.29141 -7.95689
-38.729 -3.56441 -5.05389
-41.08 -0.931412 -3.47189
-42.593 -0.139412 -6.93389
-42.999 -3.90741 -7.69789
-44.737 -4.60341 -4.32689
-47.132 -1.64941 -4.98989
-47.964 -2.79041 -8.59289
-48.563 -6.36841 -7.32489
-50.672 -5.12541 -4.32689
-52.944 -3.11441 -6.70989

-53.617 -6.58741 -8.28089

-54.101 -8.35241 -4.80689
-57.603 -9.50241 -6.01789
-55.767 -11.6014 -8.72589
-53.343 -13.5134 -6.37789
-51.698 -16.0584 -5.61789

-48.491 -14.0934 -6.29989
-45.268 -15.7824 -7.51889
-41.952 -13.9734 -6.79089
-38.849 -15.3844 -8.56489
-35.546 -14.0024 -7.18489

-31.767 -14.6614 -6.80189
-31.133 -17.4654 -4.22089
-29.573 -14.9504 -1.69489
-32.406 -12.2854 -1.58889

-35.475 -14.5134 -0.784889
-35.612 -13.3984 2.88711
-34.871 -9.74741 1.84211
-38.082 -9.94941 -0.281889
-40.131 -11.5424 2.58711
-38.985 -8.72541 4.94111
-39.826 -6.16941 2.18111
-43.439 -7.53441 1.97211
-43.799 -7.50541 5.82311
-42.313 -3.94541 5.93511
-44.54 -2.45041 3.19011

-47.838 -4.45441 3.45211
-48.568 -4.69541 7.26811
-52.105 -5.85441 6.16011
-50.481 -9.34641 5.61811
-49.747 -11.9304 8.32911

-46.349 -13.7494 8.06911
-48.355 -16.9654 7.29211
-49.497 -15.3124 4.00311

-45.808 -15.4614 2.78811
-44.222 -18.7694 1.70011
-40.398 -18.6864 1.29311

-39.419 -21.7614 -0.752889
-36.033 -22.9484 0.584111
-35.918 -26.4824 -0.974889
-37.122 -28.4444 -4.05289
-39.486 -30.4654 -1.71789
-41.505 -27.4534 -0.470889
-45.069 -26.5624 -1.62889
-44.792 -23.6184 -4.08689
-48.533 -22.7474 -3.51489
-48.636 -22.8114 0.339111
-48.825 -18.9774 0.748111
-50.797 -16.1114 -0.792889

-47.305 -14.7854 -1.74989
-44.782 -17.4784 -2.82289
-41.053 -16.5434 -2.98489
-38.726 -18.9474 -4.90089
-35.246 -18.9404 -6.49689

-34.375 -19.3854 -10.2109
-32.474 -22.6544 -9.41289
-35.55 -24.1914 -7.67489
-38.017 -23.4144 -10.5659

-36.643 -26.3604 -12.6479
-37.004 -28.7184 -9.60489
-40.56 -27.3854 -8.94289
-41.731 -27.4604 -12.6489
-44.448 -30.0604 -11.7439
-45.96 -27.4814 -9.27589
-45.672 -24.5394 -11.7989
-48.788 -26.0784 -13.5099
-50.905 -24.0964 -10.9629
-51.811 -20.7824 -12.7359
-50.084 -17.8804 -10.9459
-51.953 -14.8604 -12.4279

-49.421 -12.3224 -10.9959
-45.653 -12.9434 -11.3589
-42.724 -10.7904 -10.1859
-39.234 -11.7554 -11.4279

-36.379 -9.88241 -9.72889
-33.058 -9.51041 -11.6369

-34.783 -10.9974 -14.7569
-31.482 -10.8524 -16.7559
-30.969 -14.3874 -15.2439
-33.491 -15.5114 -17.9639

-31.275 -14.0814 -20.8419
-30.578 -17.5544 -22.3989
-33.63 -19.6284 -23.5239
-31.711 -22.9934 -23.4259
-31.103 -22.7614 -19.6269

-33.268 -24.9144 -17.2959
-34.285 -21.7674 -15.2749
-35.549 -20.0544 -18.4809
-37.303 -23.2384 -19.7939
-39.178 -23.5504 -16.4359
-40.03 -19.7824 -16.1199
-41.182 -18.9984 -19.7129
-44.417 -21.1684 -19.7909
-45.678 -19.4314 -16.5869
-44.721 -15.9174 -17.8519
-46.61 -16.4714 -21.1739
-49.865 -17.5724 -19.3639

-49.789 -15.2894 -16.2529
-52.089 -12.1874 -16.4919

-49.543 -9.76141 -14.8919
-45.736 -9.99241 -15.4169
-43.486 -7.56841 -13.4979
-39.862 -8.10241 -14.6109
-37.144 -6.16641 -12.6999

-33.456 -5.58041 -13.6069
-30.715 -2.93341 -13.2149
-29.007 -4.34441 -16.3249
-31.719 -5.86741 -18.6199
-28.98 -6.66641 -21.1329
-25.561 -7.60141 -19.6649
-23.538 -7.37241 -22.9439
-25.677 -7.83041 -26.1519

-29.203 -7.23341 -27.6719
-29.862 -11.0414 -27.8889
-30.119 -11.1634 -24.0109
-33.336 -9.01541 -24.1669
-35.345 -11.4914 -26.3159
-36.621 -13.6714 -23.4019
-37.698 -10.5374 -21.4309
-39.455 -9.05141 -24.5459
-41.476 -12.2834 -25.1639
-42.262 -12.5714 -21.4019
-43.821 -9.02841 -21.3839

-45.324 -9.29941 -24.9599
-45.709 -13.0154 -26.0449
-46.889 -11.8964 -29.5679
-43.652 -9.93541 -30.2959
-41.054 -11.8814 -32.3799
-42.617 -15.4304 -32.0169
-39.293 -16.8624 -33.3589

-35.818 -15.6644 -32.2169
-34.436 -15.6674 -35.8199
-36.583 -12.6124 -36.8179
-35.282 -10.6764 -33.7469
-31.682 -11.8444 -34.4559
-31.745 -10.8074 -38.1719
-32.955 -7.27941 -37.2179
-31.12 -6.46541 -33.9299

-28.227 -8.99641 -33.5519
-26.568 -8.51341 -37.0299
-27.216 -12.2224 -37.6459

-24.639 -13.8694 -39.9769
-24.888 -17.2174 -41.8189
-21.608 -19.0604 -41.0619

-20.612 -22.5424 -42.4899
-21.662 -24.1094 -39.1029

-25.018 -22.2164 -38.6959
-26.182 -18.7334 -37.6019
-24.092 -16.3084 -35.5199

-26.103 -13.8374 -33.3259
-23.172 -12.2214 -31.3669
-23.503 -8.89441 -33.2599
-25.722 -5.80741 -32.9139
-27.85 -3.74741 -35.3529
-30.605 -1.05241 -35.4309

-30.145 -0.335412 -31.6559
-31.976 3.06259 -31.7549
-35.076 1.28659 -33.2119
-34.751 -1.42741 -30.5079
-34.57 1.34059 -27.8149
-37.778 2.97859 -29.1839
-39.611 -0.416412 -29.2929
-38.499 -1.23941 -25.7059
-39.558 2.15859 -24.2189
-42.96 2.20859 -26.0319
-44.137 -1.40041 -25.4969

-41.906 -3.40241 -23.0309

-39.773 -1.34441 -20.6469
-39.831 1.54959 -18.1759

-36.228 2.79159 -17.6429
-34.921 5.79259 -15.6539
-31.346 6.62759 -14.6799

-29.82 8.11159 -11.4519
-29.209 11.3156 -13.4739
-32.964 11.5646 -14.3739
-34.404 11.1946 -10.8139

-31.593 11.6896 -8.19189
-29.632 14.9246 -9.02289
-28.218 14.6876 -5.42289
-26.213 11.4196 -5.83889

-22.414 12.1136 -5.85389
-20.661 11.3796 -9.17789

-19.005 8.00959 -9.92089
-15.389 8.85759 -10.8989
-13.852 5.96759 -12.9009
-10.173 5.46959 -13.8479
-7.81102 2.86059 -15.2499
-4.77002 2.16559 -13.0089
-1.95102 0.611588 -15.0639

-0.171019 -1.58941 -12.4729
3.54398 -1.77041 -13.2829

4.52798 -5.00141 -15.2059
8.14298 -4.53041 -13.8779
7.10498 -6.72241 -10.8559

6.06398 -9.51141 -13.3409
9.20198 -11.6924 -13.2749

10.708 -12.9654 -16.5729
9.39598 -16.5834 -16.0319
5.77398 -15.3854 -15.4809
6.05098 -13.0554 -18.5419
7.47998 -15.9004 -20.6939
4.54198 -18.1174 -19.5089
1.99598 -15.3824 -20.5069
3.79298 -14.9844 -23.8969
3.70598 -18.8104 -24.3279
-0.0670192 -19.1194 -23.5799
-0.755019 -16.0674 -25.8479
1.19998 -17.7434 -28.7349
-0.574019 -21.0564 -27.9439
-4.07102 -19.5044 -28.5279
-2.98002 -18.1734 -31.9989

-1.50002 -21.5034 -33.2509
-3.33002 -22.6014 -36.4559
-3.18902 -26.3814 -35.9209
-5.06002 -26.5424 -32.5359
-8.63302 -27.7704 -32.0289

-11.429 -25.3834 -30.8749
-11.11 -27.0454 -27.4119
-7.28802 -26.5864 -27.1229
-7.83902 -22.8844 -28.0939
-10.428 -22.5314 -25.2189
-8.06002 -24.3514 -22.7819
-5.11102 -22.0594 -23.7389
-7.46202 -19.0214 -23.2829
-8.47702 -20.2234 -19.7589
-4.76202 -20.8044 -18.9519
-3.79202 -17.2834 -20.2239
-6.61902 -15.7444 -18.1089
-5.66402 -17.6934 -14.9109
-1.93102 -16.7764 -15.4779
-2.98102 -13.0864 -15.8379
-4.63202 -13.2754 -12.3779
-1.47202 -14.8564 -10.8089
0.827981 -12.2954 -12.5369
-1.17102 -9.32141 -11.0909
-1.22402 -10.5174 -7.39289
2.06298 -8.76441 -6.25589
1.12598 -5.33141 -7.72789
-2.55902 -5.68641 -6.68789
-1.21802 -6.23441 -3.11689
1.25398 -3.29141 -3.50389
-1.67302 -1.04041 -4.58689
-3.98502 -2.19241 -1.69689
-1.18002 -1.42441 0.814111
-0.526019 2.02559 -0.810889
-4.27502 2.82259 -0.334889
-4.14802 1.81159 3.39011
-0.823019 3.67659 3.98011

-2.48102 6.75559 2.29711
-4.96102 6.74059 5.27111
-8.13002 5.44359 3.48011
-10.824 4.49059 6.00811
-13.077 2.14159 3.88411

-12.858 0.546588 0.403111
-14.026 -2.52941 -1.56789
-11.656 -4.89141 -3.44289
-13.242 -6.95841 -6.24689
-11.621 -10.1134 -7.71789

-13.003 -13.4144 -9.19489
-10.125 -15.9584 -9.13989

-9.99402 -17.6424 -5.68689
-6.13102 -17.4404 -5.62889
-6.36102 -13.5834 -5.87089
-8.96402 -13.3984 -3.02689
-6.80302 -15.8334 -0.940889
-3.53802 -13.8514 -1.49489
-5.21502 -10.4724 -0.648889
-6.76802 -11.9014 2.59011
-3.43202 -13.5344 3.62011
-1.49002 -10.2314 3.20011
-4.17602 -8.21841 5.10811
-3.95802 -10.8094 7.97311
-0.0960192 -10.5854 7.85811

-0.384019 -6.73041 8.11411
-3.05202 -7.16241 10.9151
-5.63002 -5.20241 8.81311
-9.23402 -5.88941 9.88211

-11.237 -6.88041 6.77111
-14.322 -8.84841 5.60511
-14.4 -11.5654 2.88911
-17.402 -12.6664 0.745111

-17.136 -15.3884 -1.95289
-18.969 -18.4844 -3.36689
-18.391 -20.4014 -0.0578891
-19.825 -17.6524 2.25811
-23.338 -18.6574 3.44711
-26.501 -16.5614 2.79111
-26.874 -15.4534 6.47911

-23.116 -14.8114 7.06611
-23.125 -12.5864 3.89911
-25.686 -10.2544 5.56311
-23.837 -10.3094 8.94711
-20.401 -9.52141 7.33911
-22.142 -6.75241 5.31611
-23.476 -5.26441 8.61611
-19.999 -5.64741 10.2691
-18.351 -3.63141 7.40111
-21.199 -1.03141 7.45111
-21.273 -0.467412 11.2621

-17.64 -1.13041 12.3961
-15.056 1.65159 11.7101
-12.253 -0.976412 12.1601
-13.064 -2.98041 8.98211
-11.095 -0.999412 6.36111

-11.237 -3.52341 3.44811
-13.997 -5.69441 1.96911
-12.535 -8.55641 -0.160889
-15.391 -9.46641 -2.53389
-15.965 -11.9944 -5.32189

-17.277 -10.0984 -8.42289
-19.706 -13.0084 -9.13189
-20.769 -13.8574 -5.53489
-21.256 -10.2634 -4.16789
-22.978 -8.73441 -7.30089
-26.439 -9.20841 -5.61289
-28.437 -8.25241 -2.46189
-25.67 -6.48641 -0.466889
-25.221 -2.71441 0.218111
-21.768 -1.17141 0.927111
-22.605 2.56359 1.37311
-19.895 2.89559 4.12611
-17.111 2.83059 1.45311
-16.227 5.63559 -1.04389

-13.78 3.55859 -3.18589
-14.089 0.394588 -5.32789
-10.922 -1.37241 -6.61289
-11.299 -4.00541 -9.35689

-8.13902 -6.12841 -8.91289
-9.34802 -8.14841 -11.9439
-11.359 -7.34541 -15.0919
-14.552 -9.31041 -15.8879
-15.638 -9.86441 -19.5549
-19.284 -8.89241 -18.8099

-19.824 -5.11541 -18.1619
-23.297 -5.66341 -16.5989
-21.596 -7.53041 -13.6789
-18.977 -4.73441 -13.2639
-21.814 -2.10641 -13.1099
-23.694 -4.34641 -10.5749
-20.516 -4.35341 -8.39489
-20.042 -0.502412 -8.62689

-23.74 -0.0274117 -7.60889
-23.066 -1.87441 -4.32489
-21.445 1.40559 -3.05989
-23.377 3.92759 -5.20489
-26.761 3.43459 -3.38089
-29.301 5.60859 -1.49789
-27.377 6.55059 1.69911
-24.069 7.32259 -0.122889
-22.84 10.9226 0.591111
-19.318 10.8536 -1.02189
-18.215 10.8166 -4.70789

-17.593 7.13559 -5.53089
-14.103 6.31459 -6.86289
-13.841 3.26359 -9.19789
-10.28 2.01159 -9.93889
-9.77602 -0.672412 -12.6509
-6.35602 -2.36741 -12.1429
-4.82302 -3.38341 -15.5459

-1.43402 -4.88341 -16.5679
0.266981 -4.36441 -19.9969
1.37298 -7.72941 -21.5209
-1.65002 -9.70441 -20.1029
-5.32202 -10.7044 -20.7289

-6.33402 -7.12041 -19.6499
-5.01502 -5.77641 -23.0339
-7.79502 -7.78441 -24.8439
-10.494 -7.70741 -22.1099
-10.53 -3.89341 -21.6899
-11.341 -3.05141 -25.4039
-13.926 -5.93841 -25.3539
-15.635 -4.50141 -22.2099
-15.622 -0.988412 -23.8269
-17.315 -2.07141 -27.1089
-19.916 -3.99641 -24.9939
-20.758 -0.861412 -22.8749
-21.118 1.13059 -26.1469
-23.591 -1.51441 -27.5119
-25.513 -1.24841 -24.1799
-25.498 2.61559 -24.3439
-26.725 2.69959 -28.0139

-29.598 0.377588 -26.8969
-30.398 2.91959 -24.0519
-29.322 0.318588 -21.4079
-26.302 2.22559 -19.9319
-25.127 5.84059 -19.3599
-21.669 4.40159 -18.6249
-19.195 5.53759 -21.2699
-15.755 3.86559 -20.7969
-13.87 5.67159 -23.6859

-12.864 8.76059 -21.6039
-10.816 6.57159 -19.1609
-8.46902 5.25459 -21.9399
-7.61802 8.65159 -23.4989

-6.35302 9.61059 -19.9689
-3.86802 6.63759 -19.5459

End chain 1
