-13.201 -6.296 -53.957
-10.703 -3.406 -53.291
-9.54 -3.087 -49.639
-11.02 0.322 -48.639
-8.614 1.85 -46.053
-10.787 3.126 -43.162

-9.634 6.195 -41.181
-10.061 4.9 -37.589
-10.286 6.838 -34.306
-12.195 7.103 -30.979
-14.163 9.439 -28.711
-12.619 10.223 -25.263
-14.157 12.207 -22.344

-11.943 15.248 -21.466
-14.301 16.978 -18.949
-17.827 16.65 -17.399
-19.139 18.761 -20.353

-16.752 17.96 -23.312
-15.482 14.956 -25.281
-12.62 14.751 -27.824
-12.437 12.939 -31.204
-8.982 11.264 -31.393
-8.672 10.357 -35.1

-6.282 10.744 -38.079
-6.98 13.557 -40.6
-9.895 13.022 -43.051

-11.208 15.853 -45.293
-14.92 14.856 -45.011
-14.611 14.37 -41.226
-13.015 17.857 -40.827
-15.875 19.254 -42.999
-18.403 17.482 -40.669
-16.559 18.759 -37.515
-16.844 22.341 -38.957

-20.697 21.797 -39.029
-20.861 21.033 -35.24
-22.116 23.933 -33.104
-20.016 23.255 -29.939
-16.791 22.621 -31.971

-13.393 23.436 -30.391
-10.011 22.816 -32.063
-6.805 22.812 -29.99

-3.883 23.919 -32.209
-1.328 22.314 -29.773
-2.753 18.736 -29.691
-4.334 19.137 -33.217

-7.578 17.622 -31.79
-11.313 18.386 -31.995
-13.683 18.544 -28.991
-17.466 19.001 -28.65
-20.131 19.402 -25.91

-21.257 16.038 -24.476
-24.923 16.743 -25.497
-23.731 16.722 -29.178
-22.178 13.179 -28.839
-25.228 11.354 -30.322
-25.57 14.044 -33.093
-21.852 13.682 -34.021
-21.815 9.829 -34.037
-25.045 9.774 -36.128
-23.507 12.176 -38.75
-20.093 10.348 -38.803

-21.793 6.948 -39.527
-22.962 8.546 -42.834
-19.328 9.196 -43.991
-17.677 6.563 -46.261
-14.251 5.2 -45.121

-14.46 6.789 -41.562
-14.765 4.819 -38.279
-15.142 6.964 -35.114
-15.663 4.659 -32.101

-18.218 6.249 -29.657
-17.862 6.903 -25.912
-18.35 3.469 -24.195
-21.794 2.549 -22.772
-20.235 2.829 -19.255
-19.534 6.58 -19.812
-22.964 7.196 -21.431
-24.623 5.531 -18.378
-22.42 7.523 -15.909

-23.028 10.919 -17.654
-26.668 10.153 -18.714
-27.851 13.482 -17.123

-25.214 15.594 -18.963
-26 13.8 -22.296
-29.631 15.147 -21.909

-29.5144 17.908 -19.2639
-27.4943 19.7775 -16.5623
-24.325 20.0547 -18.5174
-26.1022 21.6917 -21.3983
-27.5558 24.9262 -22.4888
-29.0396 28.2255 -23.6018
-30.7311 28.722 -20.3407

-29.8762 26.5512 -17.3408
-33.3471 27.0435 -15.8733
-34.9816 26.0807 -19.1663
-32.8805 22.9224 -19.3972
-33.8161 21.9247 -15.8515
-37.5115 22.4281 -16.5815

-39.9335 22.1271 -13.6565
-37.5955 20.7281 -10.9495
-40.2835 20.8961 -8.13753
-40.3655 17.0361 -8.00153
-36.5265 17.0261 -7.47053
-35.0265 17.1831 -3.95553

-34.7265 20.9511 -3.01153
-31.1975 20.3861 -1.55353
-30.0025 19.3461 -5.05753
-31.9375 22.0621 -6.99453
-30.6085 24.8851 -4.70453
-26.9445 23.6971 -5.06353

-26.8935 23.6991 -8.92953
-24.6515 26.4641 -10.3385

-26.3125 28.5691 -13.1615
-24.4375 26.6601 -15.9285
-25.2705 23.2791 -14.2585
-29.0025 24.2841 -14.2475
-28.7685 25.1951 -17.9775
-27.1495 21.7321 -18.5785
-29.9945 19.9521 -16.6805
-32.5695 21.9611 -18.7335
-30.7615 21.0421 -22.0285
-30.6365 17.3361 -21.0395
-34.4025 17.3681 -20.1965
-35.2305 19.2201 -23.4895

-33.1795 16.5221 -25.3965
-35.4205 13.9251 -23.5945
-32.7185 12.5771 -21.1945

-30.5585 11.2301 -24.0985
-27.1625 12.9951 -24.1615
-23.4155 12.8891 -23.6455
-22.5015 15.4181 -20.9035

-18.9005 16.0721 -22.0525

-18.3415 19.0661 -19.6995
-14.7105 19.4821 -18.5475

-13.2545 17.5921 -15.5265
-14.5675 18.8331 -12.1405
-17.4395 21.0461 -13.5505
-19.9125 18.8581 -11.5165

-21.0505 16.2311 -14.0935
-22.2185 13.9581 -11.1905
-24.5695 16.5911 -9.60853
-26.0825 17.3831 -13.0705
-26.4885 13.6151 -13.8345
-28.2265 12.9191 -10.4635
-30.6215 15.8731 -11.1265
-31.4535 14.7321 -14.7295
-32.0525 11.1541 -13.4615
-34.1615 12.3971 -10.4635
-36.4335 14.4081 -12.8465

-37.1065 10.9351 -14.4175

-37.5905 9.17013 -10.9435
-41.0925 8.02013 -12.1545
-39.2565 5.92113 -14.8625
-36.8325 4.00913 -12.5145
-35.1875 1.46413 -11.7545

-31.9805 3.42913 -12.4365
-28.7575 1.74013 -13.6555
-25.4415 3.54913 -12.9275
-22.3385 2.13813 -14.7015
-19.0355 3.52013 -13.3215

-15.2565 2.86113 -12.9385
-14.6225 0.0571332 -10.3575
-13.0625 2.57213 -7.83153
-15.8955 5.23713 -7.72553

-18.9645 3.00913 -6.92153
-19.1015 4.12413 -3.24953
-18.3605 7.77513 -4.29453
-21.5715 7.57313 -6.41853
-23.6205 5.98013 -3.54953
-22.4745 8.79713 -1.19553
-23.3155 11.3531 -3.95553
-26.9285 9.98813 -4.16453
-27.2885 10.0171 -0.313531
-25.8025 13.5771 -0.201531
-28.0295 15.0721 -2.94653

-31.3275 13.0681 -2.68453
-32.0575 12.8271 1.13147
-35.5945 11.6681 0.0234695
-33.9705 8.17613 -0.518531
-33.2365 5.59213 2.19247

-29.8385 3.77313 1.93247
-31.8445 0.557133 1.15547
-32.9865 2.21013 -2.13353

-29.2975 2.06113 -3.34853
-27.7115 -1.24687 -4.43653
-23.8875 -1.16387 -4.84353

-22.9085 -4.23887 -6.88953
-19.5225 -5.42587 -5.55253
-19.4075 -8.95987 -7.11153
-20.6115 -10.9219 -10.1895
-22.9755 -12.9429 -7.85453
-24.9945 -9.93087 -6.60753
-28.5585 -9.03987 -7.76553
-28.2815 -6.09587 -10.2235
-32.0225 -5.22487 -9.65153
-32.1255 -5.28887 -5.79753
-32.3145 -1.45487 -5.38853
-34.2865 1.41113 -6.92953

-30.7945 2.73713 -7.88653
-28.2715 0.0441332 -8.95953
-24.5425 0.979133 -9.12153
-22.2155 -1.42487 -11.0375
-18.7355 -1.41787 -12.6335

-17.8645 -1.86287 -16.3475
-15.9635 -5.13187 -15.5495
-19.0395 -6.66887 -13.8115
-21.5065 -5.89187 -16.7025

-20.1325 -8.83787 -18.7845
-20.4935 -11.1959 -15.7415
-24.0495 -9.86287 -15.0795
-25.2205 -9.93787 -18.7855
-27.9375 -12.5379 -17.8805
-29.4495 -9.95887 -15.4125
-29.1615 -7.01687 -17.9355
-32.2775 -8.55587 -19.6465
-34.3945 -6.57387 -17.0995
-35.3005 -3.25987 -18.8725
-33.5735 -0.357867 -17.0825
-35.4425 2.66213 -18.5645

-32.9105 5.20013 -17.1325
-29.1425 4.57913 -17.4955
-26.2135 6.73213 -16.3225
-22.7235 5.76713 -17.5645

-19.8685 7.64013 -15.8655
-16.5475 8.01213 -17.7735

-18.2725 6.52513 -20.8935
-14.9715 6.67013 -22.8925
-14.4585 3.13513 -21.3805
-16.9805 2.01113 -24.1005

-14.7645 3.44113 -26.9785
-14.0675 -0.0318668 -28.5355
-17.1195 -2.10587 -29.6605
-15.2005 -5.47087 -29.5625
-14.5925 -5.23887 -25.7635

-16.7575 -7.39187 -23.4325
-17.7745 -4.24487 -21.4115
-19.0385 -2.53187 -24.6175
-20.7925 -5.71587 -25.9305
-22.6675 -6.02787 -22.5725
-23.5195 -2.25987 -22.2565
-24.6715 -1.47587 -25.8495
-27.9065 -3.64587 -25.9275
-29.1675 -1.90887 -22.7235
-28.2105 1.60513 -23.9885
-30.0995 1.05113 -27.3105
-33.3545 -0.0498668 -25.5005

-33.2785 2.23313 -22.3895
-35.5785 5.33513 -22.6285

-33.0325 7.76113 -21.0285
-29.2255 7.53013 -21.5535
-26.9755 9.95413 -19.6345
-23.3515 9.42013 -20.7475
-20.6335 11.3561 -18.8365

-16.9455 11.9421 -19.7435
-14.2045 14.5891 -19.3515
-12.4965 13.1781 -22.4615
-15.2085 11.6551 -24.7565
-12.4695 10.8561 -27.2695
-9.05052 9.92113 -25.8015
-7.02752 10.1501 -29.0805
-9.16652 9.69213 -32.2885

-12.6925 10.2891 -33.8085
-13.3515 6.48113 -34.0255
-13.6085 6.35913 -30.1475
-16.8255 8.50713 -30.3035
-18.8345 6.03113 -32.4525
-20.1105 3.85113 -29.5385
-21.1875 6.98513 -27.5675
-22.9445 8.47113 -30.6825
-24.9655 5.23913 -31.3005
-25.7515 4.95113 -27.5385
-27.3105 8.49413 -27.5205

-28.8135 8.22313 -31.0965
-29.1985 4.50713 -32.1815
-30.3785 5.62613 -35.7045
-27.1415 7.58713 -36.4325
-24.5435 5.64113 -38.5165
-26.1065 2.09213 -38.1535
-22.7825 0.660133 -39.4955

-19.3075 1.85813 -38.3535
-17.9255 1.85513 -41.9565
-20.0725 4.91013 -42.9545
-18.7715 6.84613 -39.8835
-15.1715 5.67813 -40.5925
-15.2345 6.71513 -44.3085
-16.4445 10.2431 -43.3545
-14.6095 11.0571 -40.0665

-11.7165 8.52613 -39.6885
-10.0575 9.00913 -43.1665
-10.7055 5.30013 -43.7825

-8.12852 3.65313 -46.1135
-8.37752 0.305133 -47.9555
-5.09752 -1.53787 -47.1985

-4.10152 -5.01987 -48.6265
-5.15152 -6.58687 -45.2395

-8.50752 -4.69387 -44.8325
-9.67152 -1.21087 -43.7385
-7.58152 1.21413 -41.6565

-9.59252 3.68513 -39.4625
-6.66152 5.30113 -37.5035
-6.99252 8.62813 -39.3965
-9.21152 11.7151 -39.0505
-11.3395 13.7751 -41.4895
-14.0945 16.4701 -41.5675

-13.6345 17.1871 -37.7925
-15.4655 20.5851 -37.8915
-18.5655 18.8091 -39.3485
-18.2405 16.0951 -36.6445
-18.0595 18.8631 -33.9515
-21.2675 20.5011 -35.3205
-23.1005 17.1061 -35.4295
-21.9885 16.2831 -31.8425
-23.0475 19.6811 -30.3555
-26.4495 19.7311 -32.1685
-27.6265 16.1221 -31.6335

-25.3955 14.1201 -29.1675

-23.2625 16.1781 -26.7835
-23.3205 19.0721 -24.3125

-19.7175 20.3141 -23.7795
-18.4105 23.3151 -21.7905
-14.8355 24.1501 -20.8165

-13.3095 25.6341 -17.5885
-12.6985 28.8381 -19.6105
-16.4535 29.0871 -20.5105
-17.8935 28.7171 -16.9505

-15.0825 29.2121 -14.3285
-13.1215 32.4471 -15.1595
-11.7075 32.2101 -11.5595
-9.70252 28.9421 -11.9755

-5.90352 29.6361 -11.9905
-4.15052 28.9021 -15.3145

-2.49452 25.5321 -16.0575
1.12148 26.3801 -17.0355
2.65848 23.4901 -19.0375
6.33748 22.9921 -19.9845
8.69948 20.3831 -21.3865
11.7405 19.6881 -19.1455
14.5595 18.1341 -21.2005

16.3395 15.9331 -18.6095
20.0545 15.7521 -19.4195

21.0385 12.5211 -21.3425
24.6535 12.9921 -20.0145
23.6155 10.8001 -16.9925

22.5745 8.01113 -19.4775
25.7125 5.83013 -19.4115

27.2185 4.55713 -22.7095
25.9065 0.939133 -22.1685
22.2845 2.13713 -21.6175
22.5615 4.46713 -24.6785
23.9905 1.62213 -26.8305
21.0525 -0.594867 -25.6455
18.5065 2.14013 -26.6435
20.3035 2.53813 -30.0335
20.2165 -1.28787 -30.4645
16.4435 -1.59687 -29.7165
15.7555 1.45513 -31.9845
17.7105 -0.220867 -34.8715
15.9365 -3.53387 -34.0805
12.4395 -1.98187 -34.6645
13.5305 -0.650867 -38.1355

15.0105 -3.98087 -39.3875
13.1805 -5.07887 -42.5925
13.3215 -8.85887 -42.0575
11.4505 -9.01987 -38.6725
7.87748 -10.2479 -38.1655

5.08148 -7.86087 -37.0115
5.40048 -9.52287 -33.5485
9.22248 -9.06387 -33.2595
8.67148 -5.36187 -34.2305
6.08248 -5.00887 -31.3555
8.45048 -6.82887 -28.9185
11.3995 -4.53687 -29.8755
9.04848 -1.49887 -29.4195
8.03348 -2.70087 -25.8955
11.7485 -3.28187 -25.0885
12.7185 0.239133 -26.3605
9.89148 1.77813 -24.2455
10.8465 -0.170867 -21.0475
14.5795 0.746133 -21.6145
13.5295 4.43613 -21.9745
11.8785 4.24713 -18.5145
15.0385 2.66613 -16.9455
17.3385 5.22713 -18.6735
15.3395 8.20113 -17.2275
15.2865 7.00513 -13.5295
18.5735 8.75813 -12.3925
17.6365 12.1911 -13.8645
13.9515 11.8361 -12.8245
15.2925 11.2881 -9.25353
17.7645 14.2311 -9.64053
14.8375 16.4821 -10.7235
12.5255 15.3301 -7.83353
15.3305 16.0981 -5.32253
15.9845 19.5481 -6.94753
12.2355 20.3451 -6.47153
12.3625 19.3341 -2.74653
15.6875 21.1991 -2.15653

14.0295 24.2781 -3.83953
11.5495 24.2631 -0.865531
8.38048 22.9661 -2.65653
5.68648 22.0131 -0.128531
3.43348 19.6641 -2.25253

3.65248 18.0691 -5.73353
2.48448 14.9931 -7.70453
4.85448 12.6311 -9.57953
3.26848 10.5641 -12.3835
4.88948 7.40913 -13.8545

3.50748 4.10813 -15.3315
6.38548 1.56413 -15.2765

6.51648 -0.119867 -11.8235
10.3795 0.0821332 -11.7655
10.1495 3.93913 -12.0075
7.54648 4.12413 -9.16353
9.70748 1.68913 -7.07753
12.9725 3.67113 -7.63153
11.2955 7.05013 -6.78553
9.74248 5.62113 -3.54653
13.0785 3.98813 -2.51653
15.0205 7.29113 -2.93653
12.3345 9.30413 -1.02853
12.5525 6.71313 1.83647
16.4145 6.93713 1.72147

16.1265 10.7921 1.97747
13.4585 10.3601 4.77847
10.8805 12.3201 2.67647
7.27648 11.6331 3.74547

5.27348 10.6421 0.634469
2.18848 8.67413 -0.531531
2.11048 5.95713 -3.24753
-0.891523 4.85613 -5.39153

-0.625523 2.13413 -8.08953
-2.45852 -0.961867 -9.50353
-1.88052 -2.87887 -6.19453
-3.31452 -0.129867 -3.87853
-6.82752 -1.13487 -2.68953
-9.99052 0.961133 -3.34553
-10.3635 2.06913 0.342469

-6.60552 2.71113 0.929469
-6.61452 4.93613 -2.23753
-9.17552 7.26813 -0.573531
-7.32652 7.21313 2.81047
-3.89052 8.00113 1.20247
-5.63152 10.7701 -0.820531
-6.96552 12.2581 2.47947
-3.48852 11.8751 4.13247
-1.84052 13.8911 1.26447
-4.68852 16.4911 1.31447
-4.76252 17.0551 5.12547

-1.12952 16.3921 6.25947
1.45448 19.1741 5.57347
4.25748 16.5461 6.02347
3.44648 14.5421 2.84547
5.41548 16.5231 0.224469

5.27348 13.9991 -2.68853
2.51348 11.8281 -4.16753
3.97548 8.96613 -6.29753
1.11948 8.05613 -8.67053
0.545477 5.52813 -11.4585

-0.766523 7.42413 -14.5595
-3.19552 4.51413 -15.2685
-4.25852 3.66513 -11.6715
-4.74552 7.25913 -10.3045
-6.46752 8.78813 -13.4375
-9.92852 8.31413 -11.7495
-11.9265 9.27013 -8.59853
-9.15952 11.0361 -6.60353
-8.71052 14.8081 -5.91853
-5.25752 16.3511 -5.20953
-6.09452 20.0861 -4.76353
-3.38452 20.4181 -2.01053
-0.600523 20.3531 -4.68353
0.283477 23.1581 -7.18053

2.73048 21.0811 -9.32253
2.42148 17.9171 -11.4645
5.58848 16.1501 -12.7495
5.21148 13.5171 -15.4935

8.37148 11.3941 -15.0495
7.16248 9.37413 -18.0805
5.15148 10.1771 -21.2285
1.95848 8.21213 -22.0245
0.872477 7.65813 -25.6915
-2.77352 8.63013 -24.9465

-3.31352 12.4071 -24.2985
-6.78652 11.8591 -22.7355
-5.08552 9.99213 -19.8155
-2.46652 12.7881 -19.4005
-5.30352 15.4161 -19.2465
-7.18352 13.1761 -16.7115
-4.00552 13.1691 -14.5315
-3.53152 17.0201 -14.7635

-7.22952 17.4951 -13.7455
-6.55552 15.6481 -10.4615
-4.93452 18.9281 -9.19653
-6.86652 21.4501 -11.3415
-10.2505 20.9571 -9.51753
-12.7905 23.1311 -7.63453
-10.8665 24.0731 -4.43753
-7.55852 24.8451 -6.25953
-6.32952 28.4451 -5.54553
-2.80752 28.3761 -7.15853
-1.70452 28.3391 -10.8445

-1.08252 24.6581 -11.6675
2.40748 23.8371 -12.9995
2.66948 20.7861 -15.3345
6.23048 19.5341 -16.0755
6.73448 16.8501 -18.7875
10.1545 15.1551 -18.2795
11.6875 14.1391 -21.6825

15.0765 12.6391 -22.7045
16.7775 13.1581 -26.1335
17.8835 9.79313 -27.6575
14.8605 7.81813 -26.2395
11.1885 6.81813 -26.8655

10.1765 10.4021 -25.7865
11.4955 11.7461 -29.1705
8.71548 9.73813 -30.9805
6.01648 9.81513 -28.2465
5.98048 13.6291 -27.8265
5.16948 14.4711 -31.5405
2.58448 11.5841 -31.4905
0.875477 13.0211 -28.3465
0.888477 16.5341 -29.9635
-0.804523 15.4511 -33.2455
-3.40552 13.5261 -31.1305
-4.24752 16.6611 -29.0115
-4.60752 18.6531 -32.2835
-7.08052 16.0081 -33.6485
-9.00252 16.2741 -30.3165
-8.98752 20.1381 -30.4805
-10.2145 20.2221 -34.1505

-13.0875 17.9001 -33.0335
-13.8875 20.4421 -30.1885
-12.8115 17.8411 -27.5445
-9.79152 19.7481 -26.0685
-8.61652 23.3631 -25.4965
-5.15852 21.9241 -24.7615
-2.68452 23.0601 -27.4065
0.755477 21.3881 -26.9335
2.64048 23.1941 -29.8225

3.64648 26.2831 -27.7405
5.69448 24.0941 -25.2975
8.04148 22.7771 -28.0765
8.89248 26.1741 -29.6355

10.1575 27.1331 -26.1055
12.6425 24.1601 -25.6825

End chain 1
