-13.201 -6.296 -53.957
-10.703 -3.406 -53.291
-9.54 -3.087 -49.639
-11.02 0.322 -48.639
-8.614 1.85 -46.053
-10.787 3.126 -43.162

-9.634 6.195 -41.181
-10.061 4.9 -37.589
-10.286 6.838 -34.306
-12.195 7.103 -30.979
-14.163 9.439 -28.711
-12.619 10.223 -25.263
-14.157 12.207 -22.344

-11.943 15.248 -21.466
-14.301 16.978 -18.949
-17.827 16.65 -17.399
-19.139 18.761 -20.353

-16.752 17.96 -23.312
-15.482 14.956 -25.281
-12.62 14.751 -27.824
-12.437 12.939 -31.204
-8.982 11.264 -31.393
-8.672 10.357 -35.1

-6.282 10.744 -38.079
-6.98 13.557 -40.6
-9.895 13.022 -43.051

-11.208 15.853 -45.293
-14.92 14.856 -45.011
-14.611 14.37 -41.226
-13.015 17.857 -40.827
-15.875 19.254 -42.999
-18.403 17.482 -40.669
-16.559 18.759 -37.515
-16.844 22.341 -38.957

-20.697 21.797 -39.029
-20.861 21.033 -35.24
-22.116 23.933 -33.104
-20.016 23.255 -29.939
-16.791 22.621 -31.971

-13.393 23.436 -30.391
-10.011 22.816 -32.063
-6.805 22.812 -29.99

-3.883 23.919 -32.209
-1.328 22.314 -29.773
-2.753 18.736 -29.691
-4.334 19.137 -33.217

-7.578 17.622 -31.79
-11.313 18.386 -31.995
-13.683 18.544 -28.991
-17.466 19.001 -28.65
-20.131 19.402 -25.91

-21.257 16.038 -24.476
-24.923 16.743 -25.497
-23.731 16.722 -29.178
-22.178 13.179 -28.839
-25.228 11.354 -30.322
-25.57 14.044 -33.093
-21.852 13.682 -34.021
-21.815 9.829 -34.037
-25.045 9.774 -36.128
-23.507 12.176 -38.75
-20.093 10.348 -38.803

-21.793 6.948 -39.527
-22.962 8.546 -42.834
-19.328 9.196 -43.991
-17.677 6.563 -46.261
-14.251 5.2 -45.121

-14.46 6.789 -41.562
-14.765 4.819 -38.279
-15.142 6.964 -35.114
-15.663 4.659 -32.101

-18.218 6.249 -29.657
-17.862 6.903 -25.912
-18.35 3.469 -24.195
-21.794 2.549 -22.772
-20.235 2.829 -19.255
-19.534 6.58 -19.812
-22.964 7.196 -21.431
-24.623 5.531 -18.378
-22.42 7.523 -15.909

-23.028 10.919 -17.654
-26.668 10.153 -18.714
-27.851 13.482 -17.123

-25.214 15.594 -18.963
-26 13.8 -22.296
-29.631 15.147 -21.909

-29.014 18.802 -20.797
-28.522 21.656 -23.337
-27.494 23.803 -20.296
-24.374 24.206 -18.108
-26.03 23.63 -14.722
-23.195 22.587 -12.38
-23.731 19.355 -10.334

-27.219 19.392 -8.694
-26.798 20.208 -4.988
-26.578 17.032 -2.906
-29.814 16.999 -0.82
-29.276 16.946 2.956
-30.305 13.551 4.343

-32.727 13.25 7.268
-30.389 11.851 9.975
-33.077 12.019 12.787
-33.159 8.159 12.923
-29.32 8.149 13.454
-27.82 8.306 16.969

-27.52 12.074 17.913
-23.991 11.509 19.371
-22.796 10.469 15.867
-24.731 13.185 13.93
-23.402 16.008 16.22
-19.738 14.82 15.861

-20.2153 15.7475 12.1031
-16.6453 15.3084 10.6653

-14.4436 18.3346 10.0039
-12.1284 17.3973 12.8682
-11.8026 13.8408 11.5691
-10.951 15.0893 8.08216
-8.27899 17.4131 9.46164
-6.71775 14.5863 11.4652
-6.62004 12.3393 8.40185
-4.94123 15.0566 6.34255
-2.30695 15.5988 9.02759
-1.5608 11.8757 9.18401
-1.1634 11.6982 5.40864
1.23421 14.6468 5.4253

3.28521 11.9488 3.5183
1.04421 9.35182 5.3203
3.74621 8.00382 7.7203

5.90621 6.65682 4.8163
9.30221 8.42182 4.7533
13.0492 8.31582 5.2693
13.9632 10.8448 8.0113

17.5642 11.4988 6.8623

18.1232 14.4928 9.2153
21.7542 14.9088 10.3673

23.2102 13.0188 13.3883
21.8972 14.2598 16.7743
19.0252 16.4728 15.3643
16.5522 14.2848 17.3983

15.4142 11.6578 14.8213
14.2462 9.38482 17.7243
11.8952 12.0178 19.3063
10.3822 12.8098 15.8443
9.97621 9.04182 15.0803
8.23821 8.34582 18.4513
5.84321 11.2998 17.7883
5.01121 10.1588 14.1853
4.41221 6.58082 15.4533
2.30321 7.82382 18.4513
0.0312088 9.83482 16.0683

-0.641791 6.36182 14.4973

-1.12579 4.59682 17.9713
-4.62779 3.44682 16.7603
-2.79179 1.34782 14.0523
-0.367791 -0.564181 16.4003
1.27721 -3.10918 17.1603

4.48421 -1.14418 16.4783
7.70721 -2.83318 15.2593
11.0232 -1.02418 15.9873
14.1262 -2.43518 14.2133
17.4292 -1.05318 15.5933

21.2082 -1.71218 15.9763
21.8422 -4.51618 18.5573
23.4022 -2.00118 21.0833
20.5692 0.663819 21.1893

17.5002 -1.56418 21.9933
17.3632 -0.449181 25.6653
18.1042 3.20182 24.6203
14.8932 2.99982 22.4963
12.8442 1.40682 25.3653
13.9902 4.22382 27.7193
13.1492 6.77982 24.9593
9.53621 5.41482 24.7503
9.17621 5.44382 28.6013
10.6622 9.00382 28.7133
8.43521 10.4988 25.9683

5.13721 8.49482 26.2303
4.40721 8.25382 30.0463
0.870209 7.09482 28.9383
2.49421 3.60282 28.3963
3.22821 1.01882 31.1073

6.62621 -0.800181 30.8473
4.62021 -4.01618 30.0703
3.47821 -2.36318 26.7813

7.16721 -2.51218 25.5663
8.75321 -5.82018 24.4783
12.5772 -5.73718 24.0713

13.5562 -8.81218 22.0253
16.9422 -9.99918 23.3623
17.0572 -13.5332 21.8033
15.8532 -15.4952 18.7253
13.4892 -17.5162 21.0603
11.4702 -14.5042 22.3073
7.90621 -13.6132 21.1493
8.18321 -10.6692 18.6913
4.44221 -9.79818 19.2633
4.33921 -9.86218 23.1173
4.15021 -6.02818 23.5263
2.17821 -3.16218 21.9853

5.67021 -1.83618 21.0283
8.19321 -4.52918 19.9553
11.9222 -3.59418 19.7933
14.2492 -5.99818 17.8773
17.7292 -5.99118 16.2813

18.6002 -6.43618 12.5673
20.5012 -9.70518 13.3653
17.4252 -11.2422 15.1033
14.9582 -10.4652 12.2123

16.3322 -13.4112 10.1303
15.9712 -15.7692 13.1733
12.4152 -14.4362 13.8353
11.2442 -14.5112 10.1293
8.52721 -17.1112 11.0343
7.01521 -14.5322 13.5023
7.30321 -11.5902 10.9793
4.18721 -13.1292 9.2683
2.07021 -11.1472 11.8153
1.16421 -7.83318 10.0423
2.89121 -4.93118 11.8323
1.02221 -1.91118 10.3503

3.55421 0.626819 11.7823
7.32221 0.00581893 11.4193
10.2512 2.15882 12.5923
13.7412 1.19382 11.3503

16.5962 3.06682 13.0493
19.9172 3.43882 11.1413

18.1922 1.95182 8.0213
21.4932 2.09682 6.0223
22.0062 -1.43818 7.5343
19.4842 -2.56218 4.8143

21.7002 -1.13218 1.9363
22.3972 -4.60518 0.379299
19.3452 -6.67918 -0.745701
21.2642 -10.0442 -0.647701
21.8722 -9.81218 3.1513

19.7072 -11.9652 5.4823
18.6902 -8.81818 7.5033
17.4262 -7.10518 4.2973
15.6722 -10.2892 2.9843
13.7972 -10.6012 6.3423
12.9452 -6.83318 6.6583
11.7932 -6.04918 3.0653
8.55821 -8.21918 2.9873
7.29721 -6.48218 6.1913
8.25421 -2.96818 4.9263
6.36521 -3.52218 1.6043
3.11021 -4.62318 3.4143

3.18621 -2.34018 6.5253
0.886209 0.761819 6.2863

3.43221 3.18782 7.8863
7.23921 2.95682 7.3613
9.48921 5.38082 9.2803
13.1132 4.84682 8.1673
15.8312 6.78282 10.0783

19.5192 7.36882 9.1713
22.2602 10.0158 9.5633
23.9682 8.60482 6.4533
21.2562 7.08182 4.1583
23.9952 6.28282 1.6453
27.4142 5.34782 3.1133
29.4372 5.57682 -0.165701
27.2982 5.11882 -3.3737

23.7722 5.71582 -4.8937
23.1132 1.90782 -5.1107
22.8562 1.78582 -1.2327
19.6392 3.93382 -1.3887
17.6302 1.45782 -3.5377
16.3542 -0.722181 -0.623701
15.2772 2.41182 1.3473
13.5202 3.89782 -1.7677
11.4992 0.665819 -2.3857
10.7132 0.377819 1.3763
9.15421 3.92082 1.3943

7.65121 3.64982 -2.1817
7.26621 -0.0661811 -3.2667
6.08621 1.05282 -6.7897
9.32321 3.01382 -7.5177
11.9212 1.06782 -9.6017
10.3582 -2.48118 -9.2387
13.6822 -3.91318 -10.5807

17.1572 -2.71518 -9.4387
18.5392 -2.71818 -13.0417
16.3922 0.336819 -14.0397
17.6932 2.27282 -10.9687
21.2932 1.10482 -11.6777
21.2302 2.14182 -15.3937
20.0202 5.66982 -14.4397
21.8552 6.48382 -11.1517

24.7482 3.95282 -10.7737
26.4072 4.43582 -14.2517
25.7592 0.726819 -14.8677

28.3362 -0.920181 -17.1987
28.0872 -4.26818 -19.0407
31.3672 -6.11118 -18.2837

32.3632 -9.59318 -19.7117
31.3132 -11.1602 -16.3247

27.9572 -9.26718 -15.9177
26.7932 -5.78418 -14.8237
28.8832 -3.35918 -12.7417

26.8722 -0.888181 -10.5477
29.8032 0.727819 -8.5887
29.4722 4.05482 -10.4817
27.2532 7.14182 -10.1357
25.1252 9.20182 -12.5747
22.3702 11.8968 -12.6527

22.8302 12.6138 -8.8777
20.9992 16.0118 -8.9767
17.8992 14.2358 -10.4337
18.2242 11.5218 -7.7297
18.4052 14.2898 -5.0367
15.1972 15.9278 -6.4057
13.3642 12.5328 -6.5147
14.4762 11.7098 -2.9277
13.4172 15.1078 -1.4407
10.0152 15.1578 -3.2537
8.83821 11.5488 -2.7187

11.0692 9.54682 -0.252701

13.2022 11.6048 2.1313
13.1442 14.4988 4.6023

16.7472 15.7408 5.1353
18.0542 18.7418 7.1243
21.6292 19.5768 8.0983

23.1552 21.0608 11.3263
23.7662 24.2648 9.3043
20.0112 24.5138 8.4043
18.5712 24.1438 11.9643

21.3822 24.6388 14.5863
23.3432 27.8738 13.7553
24.7572 27.6368 17.3553
26.7622 24.3688 16.9393

30.5612 25.0628 16.9243
32.3142 24.3288 13.6003

33.9702 20.9588 12.8573
37.5862 21.8068 11.8793
39.1232 18.9168 9.8773
42.8022 18.4188 8.9303
45.1642 15.8098 7.5283
48.2052 15.1148 9.7693
51.0242 13.5608 7.7143

52.8042 11.3598 10.3053
56.5192 11.1788 9.4953

57.5032 7.94782 7.5723
61.1182 8.41882 8.9003
60.0802 6.22682 11.9223

59.0392 3.43782 9.4373
62.1772 1.25682 9.5033

63.6832 -0.0161811 6.2053
62.3712 -3.63418 6.7463
58.7492 -2.43618 7.2973
59.0262 -0.106181 4.2363
60.4552 -2.95118 2.0843
57.5172 -5.16818 3.2693
54.9712 -2.43318 2.2713
56.7682 -2.03518 -1.1187
56.6812 -5.86118 -1.5497
52.9082 -6.17018 -0.801701
52.2202 -3.11818 -3.0697
54.1752 -4.79418 -5.9567
52.4012 -8.10718 -5.1657
48.9042 -6.55518 -5.7497
49.9952 -5.22418 -9.2207

51.4752 -8.55418 -10.4727
49.6452 -9.65218 -13.6777
49.7862 -13.4322 -13.1427
47.9152 -13.5932 -9.7577
44.3422 -14.8212 -9.2507

41.5462 -12.4342 -8.0967
41.8652 -14.0962 -4.6337
45.6872 -13.6372 -4.3447
45.1362 -9.93518 -5.3157
42.5472 -9.58218 -2.4407
44.9152 -11.4022 -0.00370057
47.8642 -9.11018 -0.960701
45.5132 -6.07218 -0.504701
44.4982 -7.27418 3.0193
48.2132 -7.85518 3.8263
49.1832 -4.33418 2.5543
46.3562 -2.79518 4.6693
47.3112 -4.74418 7.8673
51.0442 -3.82718 7.3003
49.9942 -0.137181 6.9403
48.3432 -0.326181 10.4003
51.5032 -1.90718 11.9693
53.8032 0.653819 10.2413
51.8042 3.62782 11.6873
51.7512 2.43182 15.3853
55.0382 4.18482 16.5223
54.1012 7.61782 15.0503
50.4162 7.26282 16.0903
51.7572 6.71482 19.6613
54.2292 9.65782 19.2743
51.3022 11.9088 18.1913
48.9902 10.7568 21.0813
51.7952 11.5248 23.5923
52.4492 14.9748 21.9673
48.7002 15.7718 22.4433
48.8272 14.7608 26.1683
52.1522 16.6258 26.7583

50.4942 19.7048 25.0753
48.0142 19.6898 28.0493
44.8452 18.3928 26.2583
42.1512 17.4398 28.7863
39.8982 15.0908 26.6623

40.1172 13.4958 23.1813
38.9492 10.4198 21.2103
41.3192 8.05782 19.3353
39.7332 5.99082 16.5313
41.3542 2.83582 15.0603

39.9722 -0.465181 13.5833
42.8502 -3.00918 13.6383

42.9812 -4.69318 17.0913
46.8442 -4.49118 17.1493
46.6142 -0.634181 16.9073
44.0112 -0.449181 19.7513
46.1722 -2.88418 21.8373
49.4372 -0.902181 21.2833
47.7602 2.47682 22.1293
46.2072 1.04782 25.3683
49.5432 -0.585181 26.3983
51.4852 2.71782 25.9783
48.7992 4.73082 27.8863
49.0172 2.13982 30.7513
52.8792 2.36382 30.6363

52.5912 6.21882 30.8923
49.9232 5.78682 33.6933
47.3452 7.74682 31.5913
43.7412 7.05982 32.6603

41.7382 6.06882 29.5493
38.6532 4.10082 28.3833
38.5752 1.38382 25.6673
35.5732 0.282819 23.5233

35.8392 -2.43918 20.8253
34.0062 -5.53518 19.4113
34.5842 -7.45218 22.7203
33.1502 -4.70318 25.0363
29.6372 -5.70818 26.2253
26.4742 -3.61218 25.5693
26.1012 -2.50418 29.2573

29.8592 -1.86218 29.8443
29.8502 0.362819 26.6773
27.2892 2.69482 28.3413
29.1382 2.63982 31.7253
32.5742 3.42782 30.1173
30.8332 6.19682 28.0943
29.4992 7.68482 31.3943
32.9762 7.30182 33.0473
34.6242 9.31782 30.1793
31.7762 11.9178 30.2293
31.7022 12.4818 34.0403

35.3352 11.8188 35.1743
37.9192 14.6008 34.4883
40.7222 11.9728 34.9383
39.9112 9.96882 31.7603
41.8802 11.9498 29.1393

41.7382 9.42582 26.2263
38.9782 7.25482 24.7473
40.4402 4.39282 22.6173
37.5842 3.48282 20.2443
37.0102 0.954819 17.4563

35.6982 2.85082 14.3553
33.2692 -0.0591811 13.6463
32.2062 -0.908181 17.2433
31.7192 2.68582 18.6103
29.9972 4.21482 15.4773
26.5362 3.74082 17.1653
24.5382 4.69682 20.3163
27.3052 6.46282 22.3113
27.7542 10.2348 22.9963
31.2072 11.7778 23.7053
30.3702 15.5128 24.1513
33.0802 15.8448 26.9043
35.8642 15.7798 24.2313
36.7482 18.5848 21.7343

39.1952 16.5078 19.5923
38.8862 13.3438 17.4503
42.0532 11.5768 16.1653
41.6762 8.94382 13.4213

44.8362 6.82082 13.8653
43.6272 4.80082 10.8343
41.6162 5.60382 7.6863
38.4232 3.63882 6.8903
37.3372 3.08482 3.2233
33.6912 4.05682 3.9683

33.1512 7.83382 4.6163
29.6782 7.28582 6.1793
31.3792 5.41882 9.0993
33.9982 8.21482 9.5143
31.1612 10.8428 9.6683
29.2812 8.60282 12.2033
32.4592 8.59582 14.3833
32.9332 12.4468 14.1513

29.2352 12.9218 15.1693
29.9092 11.0748 18.4533
31.5302 14.3548 19.7183
29.5982 16.8768 17.5733
26.2142 16.3838 19.3973
23.6742 18.5578 21.2803
25.5982 19.4998 24.4773
28.9062 20.2718 22.6553
30.1352 23.8718 23.3693
33.6572 23.8028 21.7563
34.7602 23.7658 18.0703

35.3822 20.0848 17.2473
38.8722 19.2638 15.9153
39.1342 16.2128 13.5803
42.6952 14.9608 12.8393
43.1992 12.2768 10.1273
46.6192 10.5818 10.6353
48.1522 9.56582 7.2323

51.5412 8.06582 6.2103
53.2422 8.58482 2.7813
54.3482 5.21982 1.2573
51.3252 3.24482 2.6753
47.6532 2.24482 2.0493

46.6412 5.82882 3.1283
47.9602 7.17282 -0.255701
45.1802 5.16482 -2.0657
42.4812 5.24182 0.668299
42.4452 9.05582 1.0883
41.6342 9.89782 -2.6257
39.0492 7.01082 -2.5757
37.3402 8.44782 0.568299
37.3532 11.9608 -1.0487
35.6602 10.8778 -4.3307
33.0592 8.95282 -2.2157
32.2172 12.0878 -0.0967006
31.8572 14.0798 -3.3687
29.3842 11.4348 -4.7337
27.4622 11.7008 -1.4017
27.4772 15.5648 -1.5657
26.2502 15.6488 -5.2357

23.3772 13.3268 -4.1187
22.5772 15.8688 -1.2737
23.6532 13.2678 1.3703
26.6732 15.1748 2.8463
27.8482 18.7898 3.4183
31.3062 17.3508 4.1533
33.7802 18.4868 1.5083
37.2202 16.8148 1.9813
39.1052 18.6208 -0.907701

40.1112 21.7098 1.1743
42.1592 19.5208 3.6173
44.5062 18.2038 0.838299
45.3572 21.6008 -0.720701

46.6222 22.5598 2.8093
49.1072 19.5868 3.2323

End chain 1
