-13.201 -6.296 -53.957
-10.703 -3.406 -53.291
-9.54 -3.087 -49.639
-11.02 0.322 -48.639
-8.614 1.85 -46.053
-10.787 3.126 -43.162

-9.634 6.195 -41.181
-10.061 4.9 -37.589
-10.286 6.838 -34.306
-12.195 7.103 -30.979
-14.163 9.439 -28.711
-12.619 10.223 -25.263
-14.157 12.207 -22.344

-11.943 15.248 -21.466
-14.301 16.978 -18.949
-17.827 16.65 -17.399
-19.139 18.761 -20.353

-16.752 17.96 -23.312
-15.482 14.956 -25.281
-12.62 14.751 -27.824
-12.437 12.939 -31.204
-8.982 11.264 -31.393
-8.672 10.357 -35.1

-6.282 10.744 -38.079
-6.98 13.557 -40.6
-9.895 13.022 -43.051

-11.208 15.853 -45.293
-14.92 14.856 -45.011
-14.611 14.37 -41.226
-13.015 17.857 -40.827
-15.875 19.254 -42.999
-18.403 17.482 -40.669
-16.559 18.759 -37.515
-16.844 22.341 -38.957

-20.697 21.797 -39.029
-20.861 21.033 -35.24
-22.116 23.933 -33.104
-20.016 23.255 -29.939
-16.791 22.621 -31.971

-13.393 23.436 -30.391
-10.011 22.816 -32.063
-6.805 22.812 -29.99

-3.883 23.919 -32.209
-1.328 22.314 -29.773
-2.753 18.736 -29.691
-4.334 19.137 -33.217

-7.578 17.622 -31.79
-11.313 18.386 -31.995
-13.683 18.544 -28.991
-17.466 19.001 -28.65
-20.131 19.402 -25.91

-21.257 16.038 -24.476
-24.923 16.743 -25.497
-23.731 16.722 -29.178
-22.178 13.179 -28.839
-25.228 11.354 -30.322
-25.57 14.044 -33.093
-21.852 13.682 -34.021
-21.815 9.829 -34.037
-25.045 9.774 -36.128
-23.507 12.176 -38.75
-20.093 10.348 -38.803

-21.793 6.948 -39.527
-22.962 8.546 -42.834
-19.328 9.196 -43.991
-17.677 6.563 -46.261
-14.251 5.2 -45.121

-14.46 6.789 -41.562
-14.765 4.819 -38.279
-15.142 6.964 -35.114
-15.663 4.659 -32.101

-18.218 6.249 -29.657
-17.862 6.903 -25.912
-18.35 3.469 -24.195
-21.794 2.549 -22.772
-20.235 2.829 -19.255
-19.534 6.58 -19.812
-22.964 7.196 -21.431
-24.623 5.531 -18.378
-22.42 7.523 -15.909

-23.028 10.919 -17.654
-26.668 10.153 -18.714
-27.851 13.482 -17.123

-25.214 15.594 -18.963
-26 13.8 -22.296
-29.631 15.147 -21.909

-29.014 18.802 -20.797
-28.522 21.656 -23.337
-27.494 23.803 -20.296
-24.374 24.206 -18.108
-26.03 23.63 -14.722
-23.195 22.587 -12.38
-23.731 19.355 -10.334

-27.219 19.392 -8.694
-26.798 20.208 -4.988
-26.578 17.032 -2.906
-29.814 16.999 -0.82
-29.276 16.946 2.956
-30.305 13.551 4.343

-28.0608 13.1284 1.36685
-25.7646 12.9548 -1.58374
-23.6088 12.3871 -4.59543
-25.4324 15.0222 -6.70515
-24.6589 18.6008 -7.61394
-27.2524 21.0962 -6.72617

-30.1346 19.9953 -4.50729
-29.8293 23.1348 -2.38766
-29.8665 25.3432 -5.48032
-32.9812 23.6103 -6.79884
-34.7645 24.0751 -3.47515
-33.898 27.7749 -3.41733

-33.847 27.7769 -7.28333
-31.605 30.5419 -8.69233

-33.266 32.6469 -11.5153
-31.391 30.7379 -14.2823
-32.224 27.3569 -12.6123
-35.956 28.3619 -12.6013
-35.722 29.2729 -16.3313
-34.103 25.8099 -16.9323
-36.948 24.0299 -15.0343
-39.523 26.0389 -17.0873
-37.715 25.1199 -20.3823
-37.59 21.4139 -19.3933
-41.356 21.4459 -18.5503
-42.184 23.2979 -21.8433

-40.133 20.5999 -23.7503
-42.374 18.0029 -21.9483
-39.672 16.6549 -19.5483

-37.512 15.3079 -22.4523
-34.116 17.0729 -22.5153
-30.369 16.9669 -21.9993
-29.455 19.4959 -19.2573

-25.854 20.1499 -20.4063

-25.295 23.1439 -18.0533
-21.664 23.5599 -16.9013

-20.208 21.6699 -13.8803
-21.521 22.9109 -10.4943
-24.393 25.1239 -11.9043
-26.866 22.9359 -9.87033

-28.004 20.3089 -12.4473
-29.172 18.0359 -9.54433
-31.523 20.6689 -7.96233
-33.036 21.4609 -11.4243
-33.442 17.6929 -12.1883
-35.18 16.9969 -8.81733
-37.575 19.9509 -9.48033
-38.407 18.8099 -13.0833
-39.006 15.2319 -11.8153
-41.115 16.4749 -8.81733
-43.387 18.4859 -11.2003

-44.06 15.0129 -12.7713

-44.544 13.2479 -9.29733
-48.046 12.0979 -10.5083
-46.21 9.9989 -13.2163
-43.786 8.0869 -10.8683
-42.141 5.5419 -10.1083

-38.934 7.5069 -10.7903
-35.711 5.8179 -12.0093
-32.395 7.6269 -11.2813
-29.292 6.2159 -13.0553
-25.989 7.5979 -11.6753

-22.21 6.9389 -11.2923
-21.576 4.1349 -8.71133
-20.016 6.6499 -6.18533
-22.849 9.3149 -6.07933

-25.918 7.0869 -5.27533
-26.055 8.2019 -1.60333
-25.314 11.8529 -2.64833
-28.525 11.6509 -4.77233
-30.574 10.0579 -1.90333
-29.428 12.8749 0.450673
-30.269 15.4309 -2.30933
-33.882 14.0659 -2.51833
-34.242 14.0949 1.33267
-32.756 17.6549 1.44467
-34.983 19.1499 -1.30033

-38.281 17.1459 -1.03833
-39.011 16.9049 2.77767
-42.548 15.7459 1.66967
-40.924 12.2539 1.12767
-40.19 9.6699 3.83867

-36.792 7.8509 3.57867
-38.798 4.6349 2.80167
-39.94 6.2879 -0.487327

-36.251 6.1389 -1.70233
-34.665 2.8309 -2.79033
-30.841 2.9139 -3.19733

-29.862 -0.161096 -5.24333
-26.476 -1.3481 -3.90633
-26.361 -4.8821 -5.46533
-27.565 -6.8441 -8.54333
-29.929 -8.8651 -6.20833
-31.948 -5.8531 -4.96133
-35.512 -4.9621 -6.11933
-35.235 -2.0181 -8.57733
-38.976 -1.1471 -8.00533
-39.079 -1.2111 -4.15133
-39.268 2.6229 -3.74233
-41.24 5.4889 -5.28333

-37.748 6.8149 -6.24033
-35.225 4.1219 -7.31333
-31.496 5.0569 -7.47533
-29.169 2.6529 -9.39133
-25.689 2.6599 -10.9873

-24.818 2.2149 -14.7013
-22.917 -1.0541 -13.9033
-25.993 -2.5911 -12.1653
-28.46 -1.8141 -15.0563

-27.086 -4.7601 -17.1383
-27.447 -7.1181 -14.0953
-31.003 -5.7851 -13.4333
-32.174 -5.8601 -17.1393
-34.891 -8.4601 -16.2343
-36.403 -5.8811 -13.7663
-36.115 -2.9391 -16.2893
-39.231 -4.4781 -18.0003
-41.348 -2.4961 -15.4533
-42.254 0.817904 -17.2263
-40.527 3.7199 -15.4363
-42.396 6.7399 -16.9183

-39.864 9.2779 -15.4863
-36.096 8.6569 -15.8493
-33.167 10.8099 -14.6763
-29.677 9.8449 -15.9183

-26.822 11.7179 -14.2193
-23.501 12.0899 -16.1273

-25.226 10.6029 -19.2473
-21.925 10.7479 -21.2463
-21.412 7.2129 -19.7343
-23.934 6.0889 -22.4543

-21.718 7.5189 -25.3323
-21.021 4.0459 -26.8893
-24.073 1.9719 -28.0143
-22.154 -1.3931 -27.9163
-21.546 -1.1611 -24.1173

-23.711 -3.3141 -21.7863
-24.728 -0.167096 -19.7653
-25.992 1.5459 -22.9713
-27.746 -1.6381 -24.2843
-29.621 -1.9501 -20.9263
-30.473 1.8179 -20.6103
-31.625 2.6019 -24.2033
-34.86 0.431904 -24.2813
-36.121 2.1689 -21.0773
-35.164 5.6829 -22.3423
-37.053 5.1289 -25.6643
-40.308 4.0279 -23.8543

-40.232 6.3109 -20.7433
-42.532 9.4129 -20.9823

-39.986 11.8389 -19.3823
-36.179 11.6079 -19.9073
-33.929 14.0319 -17.9883
-30.305 13.4979 -19.1013
-27.587 15.4339 -17.1903

-23.899 16.0199 -18.0973
-21.158 18.6669 -17.7053
-19.45 17.2559 -20.8153
-22.162 15.7329 -23.1103
-19.423 14.9339 -25.6233
-16.004 13.9989 -24.1553
-13.981 14.2279 -27.4343
-16.12 13.7699 -30.6423

-19.646 14.3669 -32.1623
-20.305 10.5589 -32.3793
-20.562 10.4369 -28.5013
-23.779 12.5849 -28.6573
-25.788 10.1089 -30.8063
-27.064 7.9289 -27.8923
-28.141 11.0629 -25.9213
-29.898 12.5489 -29.0363
-31.919 9.3169 -29.6543
-32.705 9.0289 -25.8923
-34.264 12.5719 -25.8743

-35.767 12.3009 -29.4503
-36.152 8.5849 -30.5353
-37.332 9.7039 -34.0583
-34.095 11.6649 -34.7863
-31.497 9.7189 -36.8703
-33.06 6.1699 -36.5073
-29.736 4.7379 -37.8493

-26.261 5.9359 -36.7073
-24.879 5.9329 -40.3103
-27.026 8.9879 -41.3083
-25.725 10.9239 -38.2373
-22.125 9.7559 -38.9463
-22.188 10.7929 -42.6623
-23.398 14.3209 -41.7083
-21.563 15.1349 -38.4203

-18.67 12.6039 -38.0423
-17.011 13.0869 -41.5203
-17.659 9.3779 -42.1363

-15.082 7.7309 -44.4673
-15.331 4.3829 -46.3093
-12.051 2.5399 -45.5523

-11.055 -0.942096 -46.9803
-12.105 -2.5091 -43.5933

-15.461 -0.616096 -43.1863
-16.625 2.8669 -42.0923
-14.535 5.2919 -40.0103

-16.546 7.7629 -37.8163
-13.615 9.3789 -35.8573
-13.946 12.7059 -37.7503
-16.165 15.7929 -37.4043
-18.293 17.8529 -39.8433
-21.048 20.5479 -39.9213

-20.588 21.2649 -36.1463
-22.419 24.6629 -36.2453
-25.519 22.8869 -37.7023
-25.194 20.1729 -34.9983
-25.013 22.9409 -32.3053
-28.221 24.5789 -33.6743
-30.054 21.1839 -33.7833
-28.942 20.3609 -30.1963
-30.001 23.7589 -28.7093
-33.403 23.8089 -30.5223
-34.58 20.1999 -29.9873

-32.349 18.1979 -27.5213

-30.216 20.2559 -25.1373
-30.274 23.1499 -22.6663

-26.671 24.3919 -22.1333
-25.364 27.3929 -20.1443
-21.789 28.2279 -19.1703

-20.263 29.7119 -15.9423
-19.652 32.9159 -17.9643
-23.407 33.1649 -18.8643
-24.847 32.7949 -15.3043

-22.036 33.2899 -12.6823
-20.075 36.5249 -13.5133
-18.661 36.2879 -9.91333
-16.656 33.0199 -10.3293

-12.857 33.7139 -10.3443
-11.104 32.9799 -13.6683

-9.44804 29.6099 -14.4113
-5.83204 30.4579 -15.3893
-4.29504 27.5679 -17.3913
-0.616042 27.0699 -18.3383
1.74596 24.4609 -19.7403
4.78696 23.7659 -17.4993
7.60596 22.2119 -19.5543

9.38596 20.0109 -16.9633
13.101 19.8299 -17.7733

14.085 16.5989 -19.6963
17.7 17.0699 -18.3683
16.662 14.8779 -15.3463

15.621 12.0889 -17.8313
18.759 9.9079 -17.7653

20.265 8.6349 -21.0633
18.953 5.0169 -20.5223
15.331 6.2149 -19.9713
15.608 8.5449 -23.0323
17.037 5.6999 -25.1843
14.099 3.4829 -23.9993
11.553 6.2179 -24.9973
13.35 6.6159 -28.3873
13.263 2.7899 -28.8183
9.48996 2.4809 -28.0703
8.80196 5.5329 -30.3383
10.757 3.8569 -33.2253
8.98296 0.543904 -32.4343
5.48596 2.0959 -33.0183
6.57696 3.4269 -36.4893

8.05696 0.096904 -37.7413
6.22696 -1.0011 -40.9463
6.36796 -4.7811 -40.4113
4.49696 -4.9421 -37.0263
0.923958 -6.1701 -36.5193

-1.87204 -3.7831 -35.3653
-1.55304 -5.4451 -31.9023
2.26896 -4.9861 -31.6133
1.71796 -1.2841 -32.5843
-0.871042 -0.931096 -29.7093
1.49696 -2.7511 -27.2723
4.44596 -0.459096 -28.2293
2.09496 2.5789 -27.7733
1.07996 1.3769 -24.2493
4.79496 0.795904 -23.4423
5.76496 4.3169 -24.7143
2.93796 5.8559 -22.5993
3.89296 3.9069 -19.4013
7.62596 4.8239 -19.9683
6.57596 8.5139 -20.3283
4.92496 8.3249 -16.8683
8.08496 6.7439 -15.2993
10.385 9.3049 -17.0273
8.38596 12.2789 -15.5813
8.33296 11.0829 -11.8833
11.62 12.8359 -10.7463
10.683 16.2689 -12.2183
6.99796 15.9139 -11.1783
8.33896 15.3659 -7.60733
10.811 18.3089 -7.99433
7.88396 20.5599 -9.07733
5.57196 19.4079 -6.18733
8.37696 20.1759 -3.67633
9.03096 23.6259 -5.30133
5.28196 24.4229 -4.82533
5.40896 23.4119 -1.10033
8.73396 25.2769 -0.510327

7.07596 28.3559 -2.19333
4.59596 28.3409 0.780673
1.42696 27.0439 -1.01033
-1.26704 26.0909 1.51767
-3.52004 23.7419 -0.606327

-3.30104 22.1469 -4.08733
-4.46904 19.0709 -6.05833
-2.09904 16.7089 -7.93333
-3.68504 14.6419 -10.7373
-2.06404 11.4869 -12.2083

-3.44604 8.1859 -13.6853
-0.568042 5.6419 -13.6303

-0.437042 3.9579 -10.1773
3.42596 4.1599 -10.1193
3.19596 8.0169 -10.3613
0.592958 8.2019 -7.51733
2.75396 5.7669 -5.43133
6.01896 7.7489 -5.98533
4.34196 11.1279 -5.13933
2.78896 9.6989 -1.90033
6.12496 8.0659 -0.870327
8.06696 11.3689 -1.29033
5.38096 13.3819 0.617673
5.59896 10.7909 3.48267
9.46096 11.0149 3.36767

9.17296 14.8699 3.62367
6.50496 14.4379 6.42467
3.92696 16.3979 4.32267
0.322958 15.7109 5.39167

-1.68004 14.7199 2.28067
-4.76504 12.7519 1.11467
-4.84304 10.0349 -1.60133
-7.84504 8.9339 -3.74533

-7.57904 6.2119 -6.44333
-9.41204 3.1159 -7.85733
-8.83404 1.1989 -4.54833
-10.268 3.9479 -2.23233
-13.781 2.9429 -1.04333
-16.944 5.0389 -1.69933
-17.317 6.1469 1.98867

-13.559 6.7889 2.57567
-13.568 9.0139 -0.591327
-16.129 11.3459 1.07267
-14.28 11.2909 4.45667
-10.844 12.0789 2.84867
-12.585 14.8479 0.825673
-13.919 16.3359 4.12567
-10.442 15.9529 5.77867
-8.79404 17.9689 2.91067
-11.642 20.5689 2.96067
-11.716 21.1329 6.77167

-8.08304 20.4699 7.90567
-5.49904 23.2519 7.21967
-2.69604 20.6239 7.66967
-3.50704 18.6199 4.49167
-1.53804 20.6009 1.87067

-1.68004 18.0769 -1.04233
-4.44004 15.9059 -2.52133
-2.97804 13.0439 -4.65133
-5.83404 12.1339 -7.02433
-6.40804 9.6059 -9.81233

-7.72004 11.5019 -12.9133
-10.149 8.5919 -13.6223
-11.212 7.7429 -10.0253
-11.699 11.3369 -8.65833
-13.421 12.8659 -11.7913
-16.882 12.3919 -10.1033
-18.88 13.3479 -6.95233
-16.113 15.1139 -4.95733
-15.664 18.8859 -4.27233
-12.211 20.4289 -3.56333
-13.048 24.1639 -3.11733
-10.338 24.4959 -0.364327
-7.55404 24.4309 -3.03733
-6.67004 27.2359 -5.53433

-4.22304 25.1589 -7.67633
-4.53204 21.9949 -9.81833
-1.36504 20.2279 -11.1033
-1.74204 17.5949 -13.8473

1.41796 15.4719 -13.4033
0.208958 13.4519 -16.4343
-1.80204 14.2549 -19.5823
-4.99504 12.2899 -20.3783
-6.08104 11.7359 -24.0453
-9.72704 12.7079 -23.3003

-10.267 16.4849 -22.6523
-13.74 15.9369 -21.0893
-12.039 14.0699 -18.1693
-9.42004 16.8659 -17.7543
-12.257 19.4939 -17.6003
-14.137 17.2539 -15.0653
-10.959 17.2469 -12.8853
-10.485 21.0979 -13.1173

-14.183 21.5729 -12.0993
-13.509 19.7259 -8.81533
-11.888 23.0059 -7.55033
-13.82 25.5279 -9.69533
-17.204 25.0349 -7.87133
-19.744 27.2089 -5.98833
-17.82 28.1509 -2.79133
-14.512 28.9229 -4.61333
-13.283 32.5229 -3.89933
-9.76104 32.4539 -5.51233
-8.65804 32.4169 -9.19833

-8.03604 28.7359 -10.0213
-4.54604 27.9149 -11.3533
-4.28404 24.8639 -13.6883
-0.723042 23.6119 -14.4293
-0.219042 20.9279 -17.1413
3.20096 19.2329 -16.6333
4.73396 18.2169 -20.0363

8.12296 16.7169 -21.0583
9.82396 17.2359 -24.4873
10.93 13.8709 -26.0113
7.90696 11.8959 -24.5933
4.23496 10.8959 -25.2193

3.22296 14.4799 -24.1403
4.54196 15.8239 -27.5243
1.76196 13.8159 -29.3343
-0.937042 13.8929 -26.6003
-0.973042 17.7069 -26.1803
-1.78404 18.5489 -29.8943
-4.36904 15.6619 -29.8443
-6.07804 17.0989 -26.7003
-6.06504 20.6119 -28.3173
-7.75804 19.5289 -31.5993
-10.359 17.6039 -29.4843
-11.201 20.7389 -27.3653
-11.561 22.7309 -30.6373
-14.034 20.0859 -32.0023
-15.956 20.3519 -28.6703
-15.941 24.2159 -28.8343
-17.168 24.2999 -32.5043

-20.041 21.9779 -31.3873
-20.841 24.5199 -28.5423
-19.765 21.9189 -25.8983
-16.745 23.8259 -24.4223
-15.57 27.4409 -23.8503
-12.112 26.0019 -23.1153
-9.63804 27.1379 -25.7603
-6.19804 25.4659 -25.2873
-4.31304 27.2719 -28.1763

-3.30704 30.3609 -26.0943
-1.25904 28.1719 -23.6513
1.08796 26.8549 -26.4303
1.93896 30.2519 -27.9893

3.20396 31.2109 -24.4593
5.68896 28.2379 -24.0363

End chain 1
