-13.201 -6.296 -53.957
-10.703 -3.406 -53.291
-9.54 -3.087 -49.639
-11.02 0.322 -48.639
-8.614 1.85 -46.053
-10.787 3.126 -43.162

-9.634 6.195 -41.181
-10.061 4.9 -37.589
-10.286 6.838 -34.306
-12.195 7.103 -30.979
-14.163 9.439 -28.711
-12.619 10.223 -25.263
-14.157 12.207 -22.344

-11.943 15.248 -21.466
-14.301 16.978 -18.949
-17.827 16.65 -17.399
-19.139 18.761 -20.353

-16.752 17.96 -23.312
-15.482 14.956 -25.281
-12.62 14.751 -27.824
-12.437 12.939 -31.204
-8.982 11.264 -31.393
-8.672 10.357 -35.1

-6.282 10.744 -38.079
-6.98 13.557 -40.6
-9.895 13.022 -43.051

-11.208 15.853 -45.293
-14.92 14.856 -45.011
-14.611 14.37 -41.226
-13.015 17.857 -40.827
-15.875 19.254 -42.999
-18.403 17.482 -40.669
-16.559 18.759 -37.515
-16.844 22.341 -38.957

-20.697 21.797 -39.029
-20.861 21.033 -35.24
-22.116 23.933 -33.104
-20.016 23.255 -29.939
-16.791 22.621 -31.971

-13.393 23.436 -30.391
-10.011 22.816 -32.063
-6.805 22.812 -29.99

-3.883 23.919 -32.209
-1.328 22.314 -29.773
-2.753 18.736 -29.691
-4.334 19.137 -33.217

-7.578 17.622 -31.79
-11.313 18.386 -31.995
-13.683 18.544 -28.991
-17.466 19.001 -28.65
-20.131 19.402 -25.91

-21.257 16.038 -24.476
-24.923 16.743 -25.497
-23.731 16.722 -29.178
-22.178 13.179 -28.839
-25.228 11.354 -30.322
-25.57 14.044 -33.093
-21.852 13.682 -34.021
-21.815 9.829 -34.037
-25.045 9.774 -36.128
-23.507 12.176 -38.75
-20.093 10.348 -38.803

-21.793 6.948 -39.527
-22.962 8.546 -42.834
-19.328 9.196 -43.991
-17.677 6.563 -46.261
-14.251 5.2 -45.121

-14.46 6.789 -41.562
-14.765 4.819 -38.279
-15.142 6.964 -35.114
-15.663 4.659 -32.101

-18.218 6.249 -29.657
-17.862 6.903 -25.912
-18.35 3.469 -24.195
-21.794 2.549 -22.772
-20.235 2.829 -19.255
-19.534 6.58 -19.812
-22.964 7.196 -21.431
-24.623 5.531 -18.378
-22.42 7.523 -15.909

-23.028 10.919 -17.654
-26.668 10.153 -18.714
-27.851 13.482 -17.123

-25.214 15.594 -18.963
-26 13.8 -22.296
-29.631 15.147 -21.909

-29.014 18.802 -20.797
-28.522 21.656 -23.337
-27.494 23.803 -20.296
-24.374 24.206 -18.108
-26.03 23.63 -14.722
-23.195 22.587 -12.38
-23.731 19.355 -10.334

-27.219 19.392 -8.694
-26.798 20.208 -4.988
-26.578 17.032 -2.906
-29.814 16.999 -0.82
-29.276 16.946 2.956
-30.305 13.551 4.343

-32.727 13.25 7.268
-30.389 11.851 9.975
-33.077 12.019 12.787
-33.159 8.159 12.923
-29.32 8.149 13.454
-27.82 8.306 16.969

-27.52 12.074 17.913
-23.991 11.509 19.371
-22.796 10.469 15.867
-24.731 13.185 13.93
-23.402 16.008 16.22
-19.738 14.82 15.861

-19.687 14.822 11.995
-17.445 17.587 10.586

-19.106 19.692 7.763
-17.231 17.783 4.996
-18.064 14.402 6.666
-21.796 15.407 6.677
-21.562 16.318 2.947
-19.943 12.855 2.346
-22.788 11.075 4.244
-25.363 13.084 2.191
-23.555 12.165 -1.104
-23.43 8.459 -0.115
-27.196 8.491 0.728
-28.024 10.343 -2.565

-25.973 7.645 -4.472
-28.214 5.048 -2.67
-25.512 3.7 -0.27

-23.352 2.353 -3.174
-19.956 4.118 -3.237
-16.209 4.012 -2.721
-15.295 6.541 0.021

-11.694 7.195 -1.128

-11.135 10.189 1.225
-7.504 10.605 2.377

-6.048 8.715 5.398
-7.361 9.956 8.784
-10.233 12.169 7.374
-12.706 9.981 9.408

-13.844 7.354 6.831
-15.012 5.081 9.734
-17.363 7.714 11.316
-18.876 8.506 7.854
-19.282 4.738 7.09
-21.02 4.042 10.461
-23.415 6.996 9.798
-24.247 5.855 6.195
-24.846 2.277 7.463
-26.955 3.52 10.461
-29.227 5.531 8.078

-29.9 2.058 6.507

-30.384 0.293 9.981
-33.886 -0.857 8.77
-32.05 -2.956 6.062
-29.626 -4.868 8.41
-27.981 -7.413 9.17

-24.774 -5.448 8.488
-21.551 -7.137 7.269
-18.235 -5.328 7.997
-15.132 -6.739 6.223
-11.829 -5.357 7.603

-8.05 -6.016 7.986
-7.416 -8.82 10.567
-5.856 -6.305 13.093
-8.689 -3.64 13.199

-11.758 -5.868 14.003
-11.895 -4.753 17.675
-11.154 -1.102 16.63
-14.365 -1.304 14.506
-16.414 -2.897 17.375
-15.268 -0.08 19.729
-16.109 2.476 16.969
-19.722 1.111 16.76
-20.082 1.14 20.611
-18.596 4.7 20.723
-20.823 6.195 17.978

-24.121 4.191 18.24
-24.851 3.95 22.056
-28.388 2.791 20.948
-26.764 -0.701 20.406
-26.03 -3.285 23.117

-22.632 -5.104 22.857
-24.638 -8.32 22.08
-25.78 -6.667 18.791

-22.091 -6.816 17.576
-20.505 -10.124 16.488
-16.681 -10.041 16.081

-13.9361 -8.36028 14.0933
-10.8589 -8.32928 16.4448
-7.41457 -8.05546 14.9699
-5.45168 -11.1644 13.9968
-2.493 -12.9455 12.3621
-4.37243 -12.6139 9.16498
-6.18495 -9.26434 9.62403
-8.44454 -11.6187 7.82631
-7.33728 -12.8272 4.34062
-7.66191 -10.0713 1.68919
-6.60534 -8.12605 -1.28305
-8.61612 -6.04145 -3.86965

-10.1707 -3.73509 -6.56552
-8.99349 -1.10508 -9.04254
-7.85992 1.60562 -11.5582
-5.85862 2.79176 -14.5021
-3.93937 6.0886 -14.6451

-3.06837 5.6436 -18.3591
-1.16737 2.3746 -17.5611
-4.24337 0.837595 -15.8231
-6.71037 1.6146 -18.7141

-5.33637 -1.3314 -20.7961
-5.69737 -3.6894 -17.7531
-9.25337 -2.3564 -17.0911
-10.4244 -2.4314 -20.7971
-13.1414 -5.0314 -19.8921
-14.6534 -2.4524 -17.4241
-14.3654 0.489595 -19.9471
-17.4814 -1.0494 -21.6581
-19.5984 0.932595 -19.1111
-20.5044 4.2466 -20.8841
-18.7774 7.1486 -19.0941
-20.6464 10.1686 -20.5761

-18.1144 12.7066 -19.1441
-14.3464 12.0856 -19.5071
-11.4174 14.2386 -18.3341
-7.92737 13.2736 -19.5761

-5.07237 15.1466 -17.8771
-1.75137 15.5186 -19.7851

-3.47637 14.0316 -22.9051
-0.175373 14.1766 -24.9041
0.337627 10.6416 -23.3921
-2.18437 9.5176 -26.1121

0.031627 10.9476 -28.9901
0.728627 7.4746 -30.5471
-2.32337 5.4006 -31.6721
-0.404373 2.0356 -31.5741
0.203627 2.2676 -27.7751

-1.96137 0.114595 -25.4441
-2.97837 3.2616 -23.4231
-4.24237 4.9746 -26.6291
-5.99637 1.7906 -27.9421
-7.87137 1.4786 -24.5841
-8.72337 5.2466 -24.2681
-9.87537 6.0306 -27.8611
-13.1104 3.8606 -27.9391
-14.3714 5.5976 -24.7351
-13.4144 9.1116 -26.0001
-15.3034 8.5576 -29.3221
-18.5584 7.4566 -27.5121

-18.4824 9.7396 -24.4011
-20.7824 12.8416 -24.6401

-18.2364 15.2676 -23.0401
-14.4294 15.0366 -23.5651
-12.1794 17.4606 -21.6461
-8.55537 16.9266 -22.7591
-5.83737 18.8626 -20.8481

-2.14937 19.4486 -21.7551
0.591627 22.0956 -21.3631
2.29963 20.6846 -24.4731
-0.412373 19.1616 -26.7681
2.32663 18.3626 -29.2811
5.74563 17.4276 -27.8131
7.76863 17.6566 -31.0921
5.62963 17.1986 -34.3001

2.10363 17.7956 -35.8201
1.44463 13.9876 -36.0371
1.18763 13.8656 -32.1591
-2.02937 16.0136 -32.3151
-4.03837 13.5376 -34.4641
-5.31437 11.3576 -31.5501
-6.39137 14.4916 -29.5791
-8.14837 15.9776 -32.6941
-10.1694 12.7456 -33.3121
-10.9554 12.4576 -29.5501
-12.5144 16.0006 -29.5321

-14.0174 15.7296 -33.1081
-14.4024 12.0136 -34.1931
-15.5824 13.1326 -37.7161
-12.3454 15.0936 -38.4441
-9.74737 13.1476 -40.5281
-11.3104 9.5986 -40.1651
-7.98637 8.1666 -41.5071

-4.51137 9.3646 -40.3651
-3.12937 9.3616 -43.9681
-5.27637 12.4166 -44.9661
-3.97537 14.3526 -41.8951
-0.375373 13.1846 -42.6041
-0.438373 14.2216 -46.3201
-1.64837 17.7496 -45.3661
0.186627 18.5636 -42.0781

3.07963 16.0326 -41.7001
4.73863 16.5156 -45.1781
4.09063 12.8066 -45.7941

6.66763 11.1596 -48.1251
6.41863 7.8116 -49.9671
9.69863 5.9686 -49.2101

10.6946 2.4866 -50.6381
9.64463 0.919595 -47.2511

6.28863 2.8126 -46.8441
5.12463 6.2956 -45.7501
7.21463 8.7206 -43.6681

5.20363 11.1916 -41.4741
8.13463 12.8076 -39.5151
7.80363 16.1346 -41.4081
5.58463 19.2216 -41.0621
3.45663 21.2816 -43.5011
0.701627 23.9766 -43.5791

1.16163 24.6936 -39.8041
-0.669373 28.0916 -39.9031
-3.76937 26.3156 -41.3601
-3.44437 23.6016 -38.6561
-3.26337 26.3696 -35.9631
-6.47137 28.0076 -37.3321
-8.30437 24.6126 -37.4411
-7.19237 23.7896 -33.8541
-8.25137 27.1876 -32.3671
-11.6534 27.2376 -34.1801
-12.8304 23.6286 -33.6451

-10.5994 21.6266 -31.1791

-8.46637 23.6846 -28.7951
-8.52437 26.5786 -26.3241

-4.92137 27.8206 -25.7911
-3.61437 30.8216 -23.8021
-0.039373 31.6566 -22.8281

1.48663 33.1406 -19.6001
2.09763 36.3446 -21.6221
-1.65737 36.5936 -22.5221
-3.09737 36.2236 -18.9621

-0.286373 36.7186 -16.3401
1.67463 39.9536 -17.1711
3.08863 39.7166 -13.5711
5.09363 36.4486 -13.9871

8.89263 37.1426 -14.0021
10.6456 36.4086 -17.3261

12.3016 33.0386 -18.0691
15.9176 33.8866 -19.0471
17.4546 30.9966 -21.0491
21.1336 30.4986 -21.9961
23.4956 27.8896 -23.3981
26.5366 27.1946 -21.1571
29.3556 25.6406 -23.2121

31.1356 23.4396 -20.6211
34.8506 23.2586 -21.4311

35.8346 20.0276 -23.3541
39.4496 20.4986 -22.0261
38.4116 18.3066 -19.0041

37.3706 15.5176 -21.4891
40.5086 13.3366 -21.4231

42.0146 12.0636 -24.7211
40.7026 8.4456 -24.1801
37.0806 9.6436 -23.6291
37.3576 11.9736 -26.6901
38.7866 9.1286 -28.8421
35.8486 6.9116 -27.6571
33.3026 9.6466 -28.6551
35.0996 10.0446 -32.0451
35.0126 6.2186 -32.4761
31.2396 5.9096 -31.7281
30.5516 8.9616 -33.9961
32.5066 7.2856 -36.8831
30.7326 3.9726 -36.0921
27.2356 5.5246 -36.6761
28.3266 6.8556 -40.1471

29.8066 3.5256 -41.3991
27.9766 2.4276 -44.6041
28.1176 -1.3524 -44.0691
26.2466 -1.5134 -40.6841
22.6736 -2.7414 -40.1771

19.8776 -0.354405 -39.0231
20.1966 -2.0164 -35.5601
24.0186 -1.5574 -35.2711
23.4676 2.1446 -36.2421
20.8786 2.4976 -33.3671
23.2466 0.677595 -30.9301
26.1956 2.9696 -31.8871
23.8446 6.0076 -31.4311
22.8296 4.8056 -27.9071
26.5446 4.2246 -27.1001
27.5146 7.7456 -28.3721
24.6876 9.2846 -26.2571
25.6426 7.3356 -23.0591
29.3756 8.2526 -23.6261
28.3256 11.9426 -23.9861
26.6746 11.7536 -20.5261
29.8346 10.1726 -18.9571
32.1346 12.7336 -20.6851
30.1356 15.7076 -19.2391
30.0826 14.5116 -15.5411
33.3696 16.2646 -14.4041
32.4326 19.6976 -15.8761
28.7476 19.3426 -14.8361
30.0886 18.7946 -11.2651
32.5606 21.7376 -11.6521
29.6336 23.9886 -12.7351
27.3216 22.8366 -9.84508
30.1266 23.6046 -7.33408
30.7806 27.0546 -8.95908
27.0316 27.8516 -8.48308
27.1586 26.8406 -4.75808
30.4836 28.7056 -4.16808

28.8256 31.7846 -5.85108
26.3456 31.7696 -2.87708
23.1766 30.4726 -4.66808
20.4826 29.5196 -2.14008
18.2296 27.1706 -4.26408

18.4486 25.5756 -7.74508
17.2806 22.4996 -9.71608
19.6506 20.1376 -11.5911
18.0646 18.0706 -14.3951
19.6856 14.9156 -15.8661

18.3036 11.6146 -17.3431
21.1816 9.0706 -17.2881

21.3126 7.3866 -13.8351
25.1756 7.5886 -13.7771
24.9456 11.4456 -14.0191
22.3426 11.6306 -11.1751
24.5036 9.1956 -9.08908
27.7686 11.1776 -9.64308
26.0916 14.5566 -8.79708
24.5386 13.1276 -5.55808
27.8746 11.4946 -4.52808
29.8166 14.7976 -4.94808
27.1306 16.8106 -3.04008
27.3486 14.2196 -0.175076
31.2106 14.4436 -0.290076

30.9226 18.2986 -0.0340762
28.2546 17.8666 2.76692
25.6766 19.8266 0.664924
22.0726 19.1396 1.73392

20.0696 18.1486 -1.37708
16.9846 16.1806 -2.54308
16.9066 13.4636 -5.25908
13.9046 12.3626 -7.40308

14.1706 9.6406 -10.1011
12.3376 6.5446 -11.5151
12.9156 4.6276 -8.20608
11.4816 7.3766 -5.89008
7.96863 6.3716 -4.70108
4.80563 8.4676 -5.35708
4.43263 9.5756 -1.66908

8.19063 10.2176 -1.08208
8.18163 12.4426 -4.24908
5.62063 14.7746 -2.58508
7.46963 14.7196 0.798924
10.9056 15.5076 -0.809076
9.16463 18.2766 -2.83208
7.83063 19.7646 0.467924
11.3076 19.3816 2.12092
12.9556 21.3976 -0.747076
10.1076 23.9976 -0.697076
10.0336 24.5616 3.11392

13.6666 23.8986 4.24792
16.2506 26.6806 3.56192
19.0536 24.0526 4.01192
18.2426 22.0486 0.833924
20.2116 24.0296 -1.78708

20.0696 21.5056 -4.70008
17.3096 19.3346 -6.17908
18.7716 16.4726 -8.30908
15.9156 15.5626 -10.6821
15.3416 13.0346 -13.4701

14.0296 14.9306 -16.5711
11.6006 12.0206 -17.2801
10.5376 11.1716 -13.6831
10.0506 14.7656 -12.3161
8.32863 16.2946 -15.4491
4.86763 15.8206 -13.7611
2.86963 16.7766 -10.6101
5.63663 18.5426 -8.61508
6.08563 22.3146 -7.93008
9.53863 23.8576 -7.22108
8.70163 27.5926 -6.77508
11.4116 27.9246 -4.02208
14.1956 27.8596 -6.69508
15.0796 30.6646 -9.19208

17.5266 28.5876 -11.3341
17.2176 25.4236 -13.4761
20.3846 23.6566 -14.7611
20.0076 21.0236 -17.5051

23.1676 18.9006 -17.0611
21.9586 16.8806 -20.0921
19.9476 17.6836 -23.2401
16.7546 15.7186 -24.0361
15.6686 15.1646 -27.7031
12.0226 16.1366 -26.9581

11.4826 19.9136 -26.3101
8.00963 19.3656 -24.7471
9.71063 17.4986 -21.8271
12.3296 20.2946 -21.4121
9.49263 22.9226 -21.2581
7.61263 20.6826 -18.7231
10.7906 20.6756 -16.5431
11.2646 24.5266 -16.7751

7.56663 25.0016 -15.7571
8.24063 23.1546 -12.4731
9.86163 26.4346 -11.2081
7.92963 28.9566 -13.3531
4.54563 28.4636 -11.5291
2.00563 30.6376 -9.64608
3.92963 31.5796 -6.44908
7.23763 32.3516 -8.27108
8.46663 35.9516 -7.55708
11.9886 35.8826 -9.17008
13.0916 35.8456 -12.8561

13.7136 32.1646 -13.6791
17.2036 31.3436 -15.0111
17.4656 28.2926 -17.3461
21.0266 27.0406 -18.0871
21.5306 24.3566 -20.7991
24.9506 22.6616 -20.2911
26.4836 21.6456 -23.6941

29.8726 20.1456 -24.7161
31.5736 20.6646 -28.1451
32.6796 17.2996 -29.6691
29.6566 15.3246 -28.2511
25.9846 14.3246 -28.8771

24.9726 17.9086 -27.7981
26.2916 19.2526 -31.1821
23.5116 17.2446 -32.9921
20.8126 17.3216 -30.2581
20.7766 21.1356 -29.8381
19.9656 21.9776 -33.5521
17.3806 19.0906 -33.5021
15.6716 20.5276 -30.3581
15.6846 24.0406 -31.9751
13.9916 22.9576 -35.2571
11.3906 21.0326 -33.1421
10.5486 24.1676 -31.0231
10.1886 26.1596 -34.2951
7.71563 23.5146 -35.6601
5.79363 23.7806 -32.3281
5.80863 27.6446 -32.4921
4.58163 27.7286 -36.1621

1.70863 25.4066 -35.0451
0.908627 27.9486 -32.2001
1.98463 25.3476 -29.5561
5.00463 27.2546 -28.0801
6.17963 30.8696 -27.5081
9.63763 29.4306 -26.7731
12.1116 30.5666 -29.4181
15.5516 28.8946 -28.9451
17.4366 30.7006 -31.8341

18.4426 33.7896 -29.7521
20.4906 31.6006 -27.3091
22.8376 30.2836 -30.0881
23.6886 33.6806 -31.6471

24.9536 34.6396 -28.1171
27.4386 31.6666 -27.6941

End chain 1
