-13.201 -6.296 -53.957
-10.703 -3.406 -53.291
-9.54 -3.087 -49.639
-11.02 0.322 -48.639
-8.614 1.85 -46.053
-10.787 3.126 -43.162

-9.634 6.195 -41.181
-10.061 4.9 -37.589
-10.286 6.838 -34.306
-12.195 7.103 -30.979
-14.163 9.439 -28.711
-12.619 10.223 -25.263
-14.157 12.207 -22.344

-11.943 15.248 -21.466
-14.301 16.978 -18.949
-17.827 16.65 -17.399
-19.139 18.761 -20.353

-16.752 17.96 -23.312
-15.482 14.956 -25.281
-12.62 14.751 -27.824
-12.437 12.939 -31.204
-8.982 11.264 -31.393
-8.672 10.357 -35.1

-6.282 10.744 -38.079
-6.98 13.557 -40.6
-9.895 13.022 -43.051

-11.208 15.853 -45.293
-14.92 14.856 -45.011
-14.611 14.37 -41.226
-13.015 17.857 -40.827
-15.875 19.254 -42.999
-18.403 17.482 -40.669
-16.559 18.759 -37.515
-16.844 22.341 -38.957

-20.697 21.797 -39.029
-20.861 21.033 -35.24
-22.116 23.933 -33.104
-20.016 23.255 -29.939
-16.791 22.621 -31.971

-13.393 23.436 -30.391
-10.011 22.816 -32.063
-6.805 22.812 -29.99

-3.883 23.919 -32.209
-1.328 22.314 -29.773
-2.753 18.736 -29.691
-4.334 19.137 -33.217

-7.578 17.622 -31.79
-11.313 18.386 -31.995
-13.683 18.544 -28.991
-17.466 19.001 -28.65
-20.131 19.402 -25.91

-21.257 16.038 -24.476
-24.923 16.743 -25.497
-23.731 16.722 -29.178
-22.178 13.179 -28.839
-25.228 11.354 -30.322
-25.57 14.044 -33.093
-21.852 13.682 -34.021
-21.815 9.829 -34.037
-25.045 9.774 -36.128
-23.507 12.176 -38.75
-20.093 10.348 -38.803

-21.793 6.948 -39.527
-22.962 8.546 -42.834
-19.328 9.196 -43.991
-17.677 6.563 -46.261
-14.251 5.2 -45.121

-14.46 6.789 -41.562
-14.765 4.819 -38.279
-15.142 6.964 -35.114
-15.663 4.659 -32.101

-18.218 6.249 -29.657
-17.862 6.903 -25.912
-18.35 3.469 -24.195
-21.794 2.549 -22.772
-20.235 2.829 -19.255
-19.534 6.58 -19.812
-22.964 7.196 -21.431
-24.623 5.531 -18.378
-22.42 7.523 -15.909

-23.028 10.919 -17.654
-26.668 10.153 -18.714
-27.851 13.482 -17.123

-25.214 15.594 -18.963
-26 13.8 -22.296
-29.631 15.147 -21.909

-29.014 18.802 -20.797
-28.522 21.656 -23.337
-27.494 23.803 -20.296
-24.374 24.206 -18.108
-26.03 23.63 -14.722
-23.195 22.587 -12.38
-23.731 19.355 -10.334

-27.219 19.392 -8.694
-26.798 20.208 -4.988
-26.578 17.032 -2.906
-29.814 16.999 -0.82
-29.276 16.946 2.956
-30.305 13.551 4.343

-32.727 13.25 7.268
-30.389 11.851 9.975
-33.077 12.019 12.787
-33.159 8.159 12.923
-29.32 8.149 13.454
-27.82 8.306 16.969

-27.52 12.074 17.913
-23.991 11.509 19.371
-22.796 10.469 15.867
-24.731 13.185 13.93
-23.402 16.008 16.22
-19.738 14.82 15.861

-19.687 14.822 11.995
-17.445 17.587 10.586

-19.106 19.692 7.763
-17.231 17.783 4.996
-18.064 14.402 6.666
-21.796 15.407 6.677
-21.562 16.318 2.947
-19.943 12.855 2.346
-22.788 11.075 4.244
-25.363 13.084 2.191
-23.555 12.165 -1.104
-23.43 8.459 -0.115
-27.196 8.491 0.728
-28.024 10.343 -2.565

-25.973 7.645 -4.472
-28.214 5.048 -2.67
-25.512 3.7 -0.27

-23.352 2.353 -3.174
-19.956 4.118 -3.237
-16.209 4.012 -2.721
-15.295 6.541 0.021

-11.694 7.195 -1.128

-11.135 10.189 1.225
-7.504 10.605 2.377

-6.048 8.715 5.398
-7.361 9.956 8.784
-10.233 12.169 7.374
-12.706 9.981 9.408

-13.844 7.354 6.831
-15.012 5.081 9.734
-17.363 7.714 11.316
-18.876 8.506 7.854
-19.282 4.738 7.09
-21.02 4.042 10.461
-23.415 6.996 9.798
-24.247 5.855 6.195
-24.846 2.277 7.463
-26.955 3.52 10.461
-29.227 5.531 8.078

-29.9 2.058 6.507

-30.384 0.293 9.981
-33.886 -0.857 8.77
-32.05 -2.956 6.062
-29.626 -4.868 8.41
-27.981 -7.413 9.17

-24.774 -5.448 8.488
-21.551 -7.137 7.269
-18.235 -5.328 7.997
-15.132 -6.739 6.223
-11.829 -5.357 7.603

-8.05 -6.016 7.986
-7.416 -8.82 10.567
-5.856 -6.305 13.093
-8.689 -3.64 13.199

-11.758 -5.868 14.003
-11.895 -4.753 17.675
-11.154 -1.102 16.63
-14.365 -1.304 14.506
-16.414 -2.897 17.375
-15.268 -0.08 19.729
-16.109 2.476 16.969
-19.722 1.111 16.76
-20.082 1.14 20.611
-18.596 4.7 20.723
-20.823 6.195 17.978

-24.121 4.191 18.24
-24.851 3.95 22.056
-28.388 2.791 20.948
-26.764 -0.701 20.406
-26.03 -3.285 23.117

-22.632 -5.104 22.857
-24.638 -8.32 22.08
-25.78 -6.667 18.791

-22.091 -6.816 17.576
-20.505 -10.124 16.488
-16.681 -10.041 16.081

-15.702 -13.116 14.035
-12.316 -14.303 15.372
-12.201 -17.837 13.813
-13.405 -19.799 10.735
-15.769 -21.82 13.07
-17.788 -18.808 14.317
-21.352 -17.917 13.159
-21.075 -14.973 10.701
-24.816 -14.102 11.273
-24.919 -14.166 15.127
-25.108 -10.332 15.536
-27.08 -7.466 13.995

-23.588 -6.14 13.038
-21.065 -8.833 11.965
-17.336 -7.898 11.803
-15.009 -10.302 9.887
-11.529 -10.295 8.291

-10.658 -10.74 4.577
-8.757 -14.009 5.375
-11.833 -15.546 7.113
-14.3 -14.769 4.222

-12.926 -17.715 2.14
-13.287 -20.073 5.183
-16.843 -18.74 5.845
-18.014 -18.815 2.139
-20.731 -21.415 3.044
-22.243 -18.836 5.512
-21.955 -15.894 2.989
-25.071 -17.433 1.278
-27.188 -15.451 3.825
-28.094 -12.137 2.052
-26.367 -9.235 3.842
-28.236 -6.215 2.36

-25.704 -3.677 3.792
-21.936 -4.298 3.429
-19.007 -2.145 4.602
-15.517 -3.11 3.36

-12.662 -1.237 5.059
-9.341 -0.865 3.151

-11.066 -2.352 0.031
-7.765 -2.207 -1.968
-7.252 -5.742 -0.456
-9.774 -6.866 -3.176

-7.558 -5.436 -6.054
-6.861 -8.909 -7.611
-9.913 -10.983 -8.736
-7.994 -14.348 -8.638
-7.386 -14.116 -4.839

-9.551 -16.269 -2.508
-10.568 -13.122 -0.487
-11.832 -11.409 -3.693
-13.586 -14.593 -5.006
-15.461 -14.905 -1.648
-16.313 -11.137 -1.332
-17.465 -10.353 -4.925
-20.7 -12.523 -5.003
-21.961 -10.786 -1.799
-21.004 -7.272 -3.064
-22.893 -7.826 -6.386
-26.148 -8.927 -4.576

-26.072 -6.644 -1.465
-28.372 -3.542 -1.704

-25.826 -1.116 -0.104
-22.019 -1.347 -0.629
-19.769 1.077 1.29
-16.145 0.543 0.177
-13.427 2.479 2.088

-9.739 3.065 1.181
-6.998 5.712 1.573
-5.29 4.301 -1.537
-8.002 2.778 -3.832
-5.263 1.979 -6.345
-1.844 1.044 -4.877
0.179 1.273 -8.156
-1.96 0.815 -11.364

-5.486 1.412 -12.884
-6.145 -2.396 -13.101
-6.402 -2.518 -9.223
-9.619 -0.37 -9.379
-11.628 -2.846 -11.528
-12.904 -5.026 -8.614
-13.981 -1.892 -6.643
-15.738 -0.406 -9.758
-17.759 -3.638 -10.376
-18.545 -3.926 -6.614
-20.104 -0.383 -6.596

-21.607 -0.654 -10.172
-21.992 -4.37 -11.257
-23.172 -3.251 -14.78
-19.935 -1.29 -15.508
-17.337 -3.236 -17.592
-18.9 -6.785 -17.229
-15.576 -8.217 -18.571

-12.101 -7.019 -17.429
-10.719 -7.022 -21.032
-12.866 -3.967 -22.03
-11.565 -2.031 -18.959
-7.965 -3.199 -19.668
-8.028 -2.162 -23.384
-9.238 1.366 -22.43
-7.403 2.18 -19.142

-4.51 -0.351 -18.764
-2.851 0.132 -22.242
-3.499 -3.577 -22.858

-0.922 -5.224 -25.189
-1.171 -8.572 -27.031
2.109 -10.415 -26.274

3.105 -13.897 -27.702
2.055 -15.464 -24.315

-1.301 -13.571 -23.908
-2.465 -10.088 -22.814
-0.375 -7.663 -20.732

-2.386 -5.192 -18.538
0.545 -3.576 -16.579
0.214 -0.249 -18.472
-2.005 2.838 -18.126
-4.133 4.898 -20.565
-6.888 7.593 -20.643

-6.428 8.31 -16.868
-8.259 11.708 -16.967
-11.359 9.932 -18.424
-11.034 7.218 -15.72
-10.853 9.986 -13.027
-14.061 11.624 -14.396
-15.894 8.229 -14.505
-14.782 7.406 -10.918
-15.841 10.804 -9.431
-19.243 10.854 -11.244
-20.42 7.245 -10.709

-18.189 5.243 -8.243

-16.056 7.301 -5.859
-16.114 10.195 -3.388

-13.0343 12.3682 -4.05966
-10.7807 15.2638 -3.16395
-9.34584 18.5779 -4.53773

-6.53972 17.6346 -6.92072
-5.26365 14.9787 -4.52055
-8.74123 13.4866 -4.16997
-9.16125 13.333 -7.94394

-6.35025 13.828 -5.32194
-4.38925 17.063 -6.15294
-2.97525 16.826 -2.55294
-0.970251 13.558 -2.96894

2.82875 14.252 -2.98394
4.58175 13.518 -6.30794

6.23775 10.148 -7.05094
9.85375 10.996 -8.02894
11.3907 8.10604 -10.0309
15.0697 7.60804 -10.9779
17.4317 4.99904 -12.3799
20.4727 4.30404 -10.1389
23.2917 2.75004 -12.1939

25.0717 0.549037 -9.60294
28.7867 0.368037 -10.4129

29.7707 -2.86296 -12.3359
33.3857 -2.39196 -11.0079
32.3477 -4.58396 -7.98594

31.3067 -7.37296 -10.4709
34.4447 -9.55396 -10.4049

35.9507 -10.827 -13.7029
34.6387 -14.445 -13.1619
31.0167 -13.247 -12.6109
31.2937 -10.917 -15.6719
32.7227 -13.762 -17.8239
29.7847 -15.979 -16.6389
27.2387 -13.244 -17.6369
29.0357 -12.846 -21.0269
28.9487 -16.672 -21.4579
25.1757 -16.981 -20.7099
24.4877 -13.929 -22.9779
26.4427 -15.605 -25.8649
24.6687 -18.918 -25.0739
21.1717 -17.366 -25.6579
22.2627 -16.035 -29.1289

23.7427 -19.365 -30.3809
21.9127 -20.463 -33.5859
22.0537 -24.243 -33.0509
20.1827 -24.404 -29.6659
16.6097 -25.632 -29.1589

13.8137 -23.245 -28.0049
14.1327 -24.907 -24.5419
17.9547 -24.448 -24.2529
17.4037 -20.746 -25.2239
14.8147 -20.393 -22.3489
17.1827 -22.213 -19.9119
20.1317 -19.921 -20.8689
17.7807 -16.883 -20.4129
16.7657 -18.085 -16.8889
20.4807 -18.666 -16.0819
21.4507 -15.145 -17.3539
18.6237 -13.606 -15.2389
19.5787 -15.555 -12.0409
23.3117 -14.638 -12.6079
22.2617 -10.948 -12.9679
20.6107 -11.137 -9.50794
23.7707 -12.718 -7.93894
26.0707 -10.157 -9.66694
24.0717 -7.18296 -8.22094
24.0187 -8.37896 -4.52294
27.3057 -6.62596 -3.38594
26.3687 -3.19296 -4.85794
22.6837 -3.54796 -3.81794
24.0247 -4.09596 -0.246945
26.4967 -1.15296 -0.633945
23.5697 1.09804 -1.71694
21.2577 -0.0539634 1.17306
24.0627 0.714037 3.68406
24.7167 4.16404 2.05906
20.9677 4.96104 2.53506
21.0947 3.95004 6.26006
24.4197 5.81504 6.85006

22.7617 8.89404 5.16706
20.2817 8.87904 8.14106
17.1127 7.58204 6.35006
14.4187 6.62904 8.87806
12.1657 4.28004 6.75406

12.3847 2.68504 3.27306
11.2167 -0.390963 1.30206
13.5867 -2.75296 -0.572945
12.0007 -4.81996 -3.37694
13.6217 -7.97496 -4.84794

12.2397 -11.276 -6.32494
15.1177 -13.82 -6.26994

15.2487 -15.504 -2.81694
19.1117 -15.302 -2.75894
18.8817 -11.445 -3.00094
16.2787 -11.26 -0.156945
18.4397 -13.695 1.92906
21.7047 -11.713 1.37506
20.0277 -8.33396 2.22106
18.4747 -9.76296 5.46006
21.8107 -11.396 6.49006
23.7527 -8.09296 6.07006
21.0667 -6.07996 7.97806
21.2847 -8.67096 10.8431
25.1467 -8.44696 10.7281

24.8587 -4.59196 10.9841
22.1907 -5.02396 13.7851
19.6127 -3.06396 11.6831
16.0087 -3.75096 12.7521

14.0057 -4.74196 9.64106
10.9207 -6.70996 8.47506
10.8427 -9.42696 5.75906
7.84075 -10.528 3.61506

8.10675 -13.25 0.917055
6.27375 -16.346 -0.496945
6.85175 -18.263 2.81206
5.41775 -15.514 5.12806
1.90475 -16.519 6.31706
-1.25825 -14.423 5.66106
-1.63125 -13.315 9.34906

2.12675 -12.673 9.93606
2.11775 -10.448 6.76906
-0.443251 -8.11596 8.43306
1.40575 -8.17096 11.8171
4.84175 -7.38296 10.2091
3.10075 -4.61396 8.18606
1.76675 -3.12596 11.4861
5.24375 -3.50896 13.1391
6.89175 -1.49296 10.2711
4.04375 1.10704 10.3211
3.96975 1.67104 14.1321

7.60275 1.00804 15.2661
10.1867 3.79004 14.5801
12.9897 1.16204 15.0301
12.1787 -0.841963 11.8521
14.1477 1.13904 9.23106

14.0057 -1.38496 6.31806
11.2457 -3.55596 4.83906
12.7077 -6.41796 2.70906
9.85175 -7.32796 0.336055
9.27775 -9.85596 -2.45194

7.96575 -7.95996 -5.55294
5.53675 -10.87 -6.26194
4.47375 -11.719 -2.66494
3.98675 -8.12496 -1.29794
2.26475 -6.59596 -4.43094
-1.19625 -7.06996 -2.74294
-3.19425 -6.11396 0.408055
-0.427251 -4.34796 2.40306
0.0217487 -0.575963 3.08806
3.47475 0.967037 3.79706
2.63775 4.70204 4.24306
5.34775 5.03404 6.99606
8.13175 4.96904 4.32306
9.01575 7.77404 1.82606

11.4627 5.69704 -0.315945
11.1537 2.53304 -2.45794
14.3207 0.766037 -3.74294
13.9437 -1.86696 -6.48694

17.1037 -3.98996 -6.04294
15.8947 -6.00996 -9.07394
13.8837 -5.20696 -12.2219
10.6907 -7.17196 -13.0179
9.60475 -7.72596 -16.6849
5.95875 -6.75396 -15.9399

5.41875 -2.97696 -15.2919
1.94575 -3.52496 -13.7289
3.64675 -5.39196 -10.8089
6.26575 -2.59596 -10.3939
3.42875 0.0320366 -10.2399
1.54875 -2.20796 -7.70494
4.72675 -2.21496 -5.52494
5.20075 1.63604 -5.75694

1.50275 2.11104 -4.73894
2.17675 0.264037 -1.45494
3.79775 3.54404 -0.189945
1.86575 6.06604 -2.33494
-1.51825 5.57304 -0.510945
-4.05825 7.74704 1.37206
-2.13425 8.68904 4.56906
1.17375 9.46104 2.74706
2.40275 13.061 3.46106
5.92475 12.992 1.84806
7.02775 12.955 -1.83794

7.64975 9.27404 -2.66094
11.1397 8.45304 -3.99294
11.4017 5.40204 -6.32794
14.9627 4.15004 -7.06894
15.4667 1.46604 -9.78094
18.8867 -0.228963 -9.27294
20.4197 -1.24496 -12.6759

23.8087 -2.74496 -13.6979
25.5097 -2.22596 -17.1269
26.6157 -5.59096 -18.6509
23.5927 -7.56596 -17.2329
19.9207 -8.56596 -17.8589

18.9087 -4.98196 -16.7799
20.2277 -3.63796 -20.1639
17.4477 -5.64596 -21.9739
14.7487 -5.56896 -19.2399
14.7127 -1.75496 -18.8199
13.9017 -0.912963 -22.5339
11.3167 -3.79996 -22.4839
9.60775 -2.36296 -19.3399
9.62075 1.15004 -20.9569
7.92775 0.0670366 -24.2389
5.32675 -1.85796 -22.1239
4.48475 1.27704 -20.0049
4.12475 3.26904 -23.2769
1.65175 0.624037 -24.6419
-0.270251 0.890037 -21.3099
-0.255251 4.75404 -21.4739
-1.48225 4.83804 -25.1439

-4.35525 2.51604 -24.0269
-5.15525 5.05804 -21.1819
-4.07925 2.45704 -18.5379
-1.05925 4.36404 -17.0619
0.115749 7.97904 -16.4899
3.57375 6.54004 -15.7549
6.04775 7.67604 -18.3999
9.48775 6.00404 -17.9269
11.3727 7.81004 -20.8159

12.3787 10.899 -18.7339
14.4267 8.71004 -16.2909
16.7737 7.39304 -19.0699
17.6247 10.79 -20.6289

18.8897 11.749 -17.0989
21.3747 8.77604 -16.6759

End chain 1
