-13.201 -6.296 -53.957
-10.703 -3.406 -53.291
-9.54 -3.087 -49.639
-11.02 0.322 -48.639
-8.614 1.85 -46.053
-10.787 3.126 -43.162

-9.634 6.195 -41.181
-10.061 4.9 -37.589
-10.286 6.838 -34.306
-12.195 7.103 -30.979
-14.163 9.439 -28.711
-12.619 10.223 -25.263
-14.157 12.207 -22.344

-11.943 15.248 -21.466
-14.301 16.978 -18.949
-17.827 16.65 -17.399
-19.139 18.761 -20.353

-16.752 17.96 -23.312
-15.482 14.956 -25.281
-12.62 14.751 -27.824
-12.437 12.939 -31.204
-8.982 11.264 -31.393
-8.672 10.357 -35.1

-6.282 10.744 -38.079
-6.98 13.557 -40.6
-9.895 13.022 -43.051

-11.208 15.853 -45.293
-14.92 14.856 -45.011
-14.611 14.37 -41.226
-13.015 17.857 -40.827
-15.875 19.254 -42.999
-18.403 17.482 -40.669
-16.559 18.759 -37.515
-16.844 22.341 -38.957

-20.697 21.797 -39.029
-20.861 21.033 -35.24
-22.116 23.933 -33.104
-20.016 23.255 -29.939
-16.791 22.621 -31.971

-13.393 23.436 -30.391
-10.011 22.816 -32.063
-6.805 22.812 -29.99

-3.883 23.919 -32.209
-1.328 22.314 -29.773
-2.753 18.736 -29.691
-4.334 19.137 -33.217

-7.578 17.622 -31.79
-11.313 18.386 -31.995
-13.683 18.544 -28.991
-17.466 19.001 -28.65
-20.131 19.402 -25.91

-21.257 16.038 -24.476
-24.923 16.743 -25.497
-23.731 16.722 -29.178
-22.178 13.179 -28.839
-25.228 11.354 -30.322
-25.57 14.044 -33.093
-21.852 13.682 -34.021
-21.815 9.829 -34.037
-25.045 9.774 -36.128
-23.507 12.176 -38.75
-20.093 10.348 -38.803

-22.0035 7.03473 -39.0335
-23.959 4.06148 -40.2
-26.9931 1.7 -40.7461
-24.5652 0.56864 -38.0576
-22.5916 0.656489 -34.7165

-22.8524 -3.08433 -33.9265
-20.7548 -6.07335 -32.9912
-17.0785 -6.65561 -33.2777
-13.919 -7.05807 -31.1761

-16.474 -5.46807 -28.7321
-16.118 -4.81407 -24.9871
-16.606 -8.24807 -23.2701
-20.05 -9.16807 -21.8471
-18.491 -8.88807 -18.3301
-17.79 -5.13707 -18.8871
-21.22 -4.52107 -20.5061
-22.879 -6.18607 -17.4531
-20.676 -4.19407 -14.9841

-21.284 -0.798067 -16.7291
-24.924 -1.56407 -17.7891
-26.107 1.76493 -16.1981

-23.47 3.87693 -18.0381
-24.256 2.08293 -21.3711
-27.887 3.42993 -20.9841

-27.27 7.08493 -19.8721
-26.778 9.93893 -22.4121
-25.75 12.0859 -19.3711
-22.63 12.4889 -17.1831
-24.286 11.9129 -13.7971
-21.451 10.8699 -11.4551
-21.987 7.63793 -9.40907

-25.475 7.67493 -7.76907
-25.054 8.49093 -4.06307
-24.834 5.31493 -1.98107
-28.07 5.28193 0.104926
-27.532 5.22893 3.88093
-28.561 1.83393 5.26793

-30.983 1.53293 8.19293
-28.645 0.133933 10.8999
-31.333 0.301933 13.7119
-31.415 -3.55807 13.8479
-27.576 -3.56807 14.3789
-26.076 -3.41107 17.8939

-25.776 0.356933 18.8379
-22.247 -0.208067 20.2959
-21.052 -1.24807 16.7919
-22.987 1.46793 14.8549
-21.658 4.29093 17.1449
-17.994 3.10293 16.7859

-17.943 3.10493 12.9199
-15.701 5.86993 11.5109

-17.362 7.97493 8.68793
-15.487 6.06593 5.92093
-16.32 2.68493 7.59093
-20.052 3.68993 7.60193
-19.818 4.60093 3.87193
-18.199 1.13793 3.27093
-21.044 -0.642067 5.16893
-23.619 1.36693 3.11593
-21.811 0.447933 -0.179074
-21.686 -3.25807 0.809926
-25.452 -3.22607 1.65293
-26.28 -1.37407 -1.64007

-24.229 -4.07207 -3.54707
-26.47 -6.66907 -1.74507
-23.768 -8.01707 0.654926

-21.608 -9.36407 -2.24907
-18.212 -7.59907 -2.31207
-14.465 -7.70507 -1.79607
-13.551 -5.17607 0.945926

-9.94999 -4.52207 -0.203074

-9.39099 -1.52807 2.14993
-5.75999 -1.11207 3.30193

-4.30399 -3.00207 6.32293
-5.61699 -1.76107 9.70893
-8.48899 0.451933 8.29893
-10.962 -1.73607 10.3329

-12.1 -4.36307 7.75593
-13.268 -6.63607 10.6589
-15.619 -4.00307 12.2409
-17.132 -3.21107 8.77893
-17.538 -6.97907 8.01493
-19.276 -7.67507 11.3859
-21.671 -4.72107 10.7229
-22.503 -5.86207 7.11993
-23.102 -9.44007 8.38793
-25.211 -8.19707 11.3859
-27.483 -6.18607 9.00293

-28.156 -9.65907 7.43193

-28.64 -11.4241 10.9059
-32.142 -12.5741 9.69493
-30.306 -14.6731 6.98693
-27.882 -16.5851 9.33493
-26.237 -19.1301 10.0949

-23.03 -17.1651 9.41293
-19.807 -18.8541 8.19393
-16.491 -17.0451 8.92193
-13.388 -18.4561 7.14793
-10.085 -17.0741 8.52793

-6.30599 -17.7331 8.91093
-5.67199 -20.5371 11.4919
-4.11199 -18.0221 14.0179
-6.94499 -15.3571 14.1239

-10.014 -17.5851 14.9279
-10.151 -16.4701 18.5999
-9.40999 -12.8191 17.5549
-12.621 -13.0211 15.4309
-14.67 -14.6141 18.2999
-13.524 -11.7971 20.6539
-14.365 -9.24107 17.8939
-17.978 -10.6061 17.6849
-18.338 -10.5771 21.5359
-16.852 -7.01707 21.6479
-19.079 -5.52207 18.9029

-22.377 -7.52607 19.1649
-23.107 -7.76707 22.9809
-26.644 -8.92607 21.8729
-25.02 -12.4181 21.3309
-24.286 -15.0021 24.0419

-20.888 -16.8211 23.7819
-22.894 -20.0371 23.0049
-24.036 -18.3841 19.7159

-20.347 -18.5331 18.5009
-18.761 -21.8411 17.4129
-14.937 -21.7581 17.0059

-13.958 -24.8331 14.9599
-10.572 -26.0201 16.2969
-10.457 -29.5541 14.7379
-11.661 -31.5161 11.6599
-14.025 -33.5371 13.9949
-16.044 -30.5251 15.2419
-19.608 -29.6341 14.0839
-19.331 -26.6901 11.6259
-23.072 -25.8191 12.1979
-23.175 -25.8831 16.0519
-23.364 -22.0491 16.4609
-25.336 -19.1831 14.9199

-21.844 -17.8571 13.9629
-19.321 -20.5501 12.8899
-15.592 -19.6151 12.7279
-13.265 -22.0191 10.8119
-9.78499 -22.0121 9.21593

-8.91399 -22.4571 5.50193
-7.01299 -25.7261 6.29993
-10.089 -27.2631 8.03793
-12.556 -26.4861 5.14693

-11.182 -29.4321 3.06493
-11.543 -31.7901 6.10793
-15.099 -30.4571 6.76993
-16.27 -30.5321 3.06393
-18.987 -33.1321 3.96893
-20.499 -30.5531 6.43693
-20.211 -27.6111 3.91393
-23.327 -29.1501 2.20293
-25.444 -27.1681 4.74993
-26.35 -23.8541 2.97693
-24.623 -20.9521 4.76693
-26.492 -17.9321 3.28493

-23.96 -15.3941 4.71693
-20.192 -16.0151 4.35393
-17.263 -13.8621 5.52693
-13.773 -14.8271 4.28493

-10.918 -12.9541 5.98393
-7.59699 -12.5821 4.07593

-9.32199 -14.0691 0.955926
-6.02099 -13.9241 -1.04307
-5.50799 -17.4591 0.468926
-8.02999 -18.5831 -2.25107

-5.81399 -17.1531 -5.12907
-5.11699 -20.6261 -6.68607
-8.16899 -22.7001 -7.81107
-6.24999 -26.0651 -7.71307
-5.64199 -25.8331 -3.91407

-7.80699 -27.9861 -1.58307
-8.82399 -24.8391 0.437926
-10.088 -23.1261 -2.76807
-11.842 -26.3101 -4.08107
-13.717 -26.6221 -0.723074
-14.569 -22.8541 -0.407074
-15.721 -22.0701 -4.00007
-18.956 -24.2401 -4.07807
-20.217 -22.5031 -0.874074
-19.26 -18.9891 -2.13907
-21.149 -19.5431 -5.46107
-24.404 -20.6441 -3.65107

-24.328 -18.3611 -0.540074
-26.628 -15.2591 -0.779074

-24.082 -12.8331 0.820926
-20.275 -13.0641 0.295926
-18.025 -10.6401 2.21493
-14.401 -11.1741 1.10193
-11.683 -9.23807 3.01293

-7.99499 -8.65207 2.10593
-5.25399 -6.00507 2.49793
-3.54599 -7.41607 -0.612074
-6.25799 -8.93907 -2.90707
-3.51899 -9.73807 -5.42007
-0.0999863 -10.6731 -3.95207
1.92301 -10.4441 -7.23107
-0.215986 -10.9021 -10.4391

-3.74199 -10.3051 -11.9591
-4.40099 -14.1131 -12.1761
-4.65799 -14.2351 -8.29807
-7.87499 -12.0871 -8.45407
-9.88399 -14.5631 -10.6031
-11.16 -16.7431 -7.68907
-12.237 -13.6091 -5.71807
-13.994 -12.1231 -8.83307
-16.015 -15.3551 -9.45107
-16.801 -15.6431 -5.68907
-18.36 -12.1001 -5.67107

-19.863 -12.3711 -9.24707
-20.248 -16.0871 -10.3321
-21.428 -14.9681 -13.8551
-18.191 -13.0071 -14.5831
-15.593 -14.9531 -16.6671
-17.156 -18.5021 -16.3041
-13.832 -19.9341 -17.6461

-10.357 -18.7361 -16.5041
-8.97499 -18.7391 -20.1071
-11.122 -15.6841 -21.1051
-9.82099 -13.7481 -18.0341
-6.22099 -14.9161 -18.7431
-6.28399 -13.8791 -22.4591
-7.49399 -10.3511 -21.5051
-5.65899 -9.53707 -18.2171

-2.76599 -12.0681 -17.8391
-1.10699 -11.5851 -21.3171
-1.75499 -15.2941 -21.9331

0.822014 -16.9411 -24.2641
0.573014 -20.2891 -26.1061
3.85301 -22.1321 -25.3491

4.84901 -25.6141 -26.7771
3.79901 -27.1811 -23.3901

0.443014 -25.2881 -22.9831
-0.720986 -21.8051 -21.8891
1.36901 -19.3801 -19.8071

-0.641986 -16.9091 -17.6131
2.28901 -15.2931 -15.6541
1.95801 -11.9661 -17.5471
-0.260986 -8.87907 -17.2011
-2.38899 -6.81907 -19.6401
-5.14399 -4.12407 -19.7181

-4.68399 -3.40707 -15.9431
-6.51499 -0.00906741 -16.0421
-9.61499 -1.78507 -17.4991
-9.28999 -4.49907 -14.7951
-9.10899 -1.73107 -12.1021
-12.317 -0.0930674 -13.4711
-14.15 -3.48807 -13.5801
-13.038 -4.31107 -9.99307
-14.097 -0.913067 -8.50607
-17.499 -0.863067 -10.3191
-18.676 -4.47207 -9.78407

-16.445 -6.47407 -7.31807

-14.312 -4.41607 -4.93407
-14.37 -1.52207 -2.46307

-10.767 -0.280067 -1.93007
-9.45999 2.72093 0.0589263
-5.88499 3.55593 1.03293

-4.35899 5.03993 4.26093
-3.74799 8.24393 2.23893
-7.50299 8.49293 1.33893
-8.94299 8.12293 4.89893

-6.13199 8.61793 7.52093
-4.17099 11.8529 6.68993
-2.75699 11.6159 10.2899
-0.751986 8.34793 9.87393

3.04701 9.04193 9.85893
4.80001 8.30793 6.53493

6.45601 4.93793 5.79193
10.072 5.78593 4.81393
11.609 2.89593 2.81193
15.288 2.39793 1.86493
17.65 -0.211067 0.462926
20.691 -0.906067 2.70393
23.51 -2.46007 0.648926

25.29 -4.66107 3.23993
29.005 -4.84207 2.42993

29.989 -8.07307 0.506926
33.604 -7.60207 1.83493
32.566 -9.79407 4.85693

31.525 -12.5831 2.37193
34.663 -14.7641 2.43793

36.169 -16.0371 -0.860074
34.857 -19.6551 -0.319074
31.235 -18.4571 0.231926
31.512 -16.1271 -2.82907
32.941 -18.9721 -4.98107
30.003 -21.1891 -3.79607
27.457 -18.4541 -4.79407
29.254 -18.0561 -8.18407
29.167 -21.8821 -8.61507
25.394 -22.1911 -7.86707
24.706 -19.1391 -10.1351
26.661 -20.8151 -13.0221
24.887 -24.1281 -12.2311
21.39 -22.5761 -12.8151
22.481 -21.2451 -16.2861

23.961 -24.5751 -17.5381
22.131 -25.6731 -20.7431
22.272 -29.4531 -20.2081
20.401 -29.6141 -16.8231
16.828 -30.8421 -16.3161

14.032 -28.4551 -15.1621
14.351 -30.1171 -11.6991
18.173 -29.6581 -11.4101
17.622 -25.9561 -12.3811
15.033 -25.6031 -9.50607
17.401 -27.4231 -7.06907
20.35 -25.1311 -8.02607
17.999 -22.0931 -7.57007
16.984 -23.2951 -4.04607
20.699 -23.8761 -3.23907
21.669 -20.3551 -4.51107
18.842 -18.8161 -2.39607
19.797 -20.7651 0.801926
23.53 -19.8481 0.234926
22.48 -16.1581 -0.125074
20.829 -16.3471 3.33493
23.989 -17.9281 4.90393
26.289 -15.3671 3.17593
24.29 -12.3931 4.62193
24.237 -13.5891 8.31993
27.524 -11.8361 9.45693
26.587 -8.40307 7.98493
22.902 -8.75807 9.02493
24.243 -9.30607 12.5959
26.715 -6.36307 12.2089
23.788 -4.11207 11.1259
21.476 -5.26407 14.0159
24.281 -4.49607 16.5269
24.935 -1.04607 14.9019
21.186 -0.249067 15.3779
21.313 -1.26007 19.1029
24.638 0.604933 19.6929

22.98 3.68393 18.0099
20.5 3.66893 20.9839
17.331 2.37193 19.1929
14.637 1.41893 21.7209
12.384 -0.930067 19.5969

12.603 -2.52507 16.1159
11.435 -5.60107 14.1449
13.805 -7.96307 12.2699
12.219 -10.0301 9.46593
13.84 -13.1851 7.99493

12.458 -16.4861 6.51793
15.336 -19.0301 6.57293

15.467 -20.7141 10.0259
19.33 -20.5121 10.0839
19.1 -16.6551 9.84193
16.497 -16.4701 12.6859
18.658 -18.9051 14.7719
21.923 -16.9231 14.2179
20.246 -13.5441 15.0639
18.693 -14.9731 18.3029
22.029 -16.6061 19.3329
23.971 -13.3031 18.9129
21.285 -11.2901 20.8209
21.503 -13.8811 23.6859
25.365 -13.6571 23.5709

25.077 -9.80207 23.8269
22.409 -10.2341 26.6279
19.831 -8.27407 24.5259
16.227 -8.96107 25.5949

14.224 -9.95207 22.4839
11.139 -11.9201 21.3179
11.061 -14.6371 18.6019
8.05901 -15.7381 16.4579

8.32501 -18.4601 13.7599
6.49201 -21.5561 12.3459
7.07001 -23.4731 15.6549
5.63601 -20.7241 17.9709
2.12301 -21.7291 19.1599
-1.03999 -19.6331 18.5039
-1.41299 -18.5251 22.1919

2.34501 -17.8831 22.7789
2.33601 -15.6581 19.6119
-0.224986 -13.3261 21.2759
1.62401 -13.3811 24.6599
5.06001 -12.5931 23.0519
3.31901 -9.82407 21.0289
1.98501 -8.33607 24.3289
5.46201 -8.71907 25.9819
7.11001 -6.70307 23.1139
4.26201 -4.10307 23.1639
4.18801 -3.53907 26.9749

7.82101 -4.20207 28.1089
10.405 -1.42007 27.4229
13.208 -4.04807 27.8729
12.397 -6.05207 24.6949
14.366 -4.07107 22.0739

14.224 -6.59507 19.1609
11.464 -8.76607 17.6819
12.926 -11.6281 15.5519
10.07 -12.5381 13.1789
9.49601 -15.0661 10.3909

8.18401 -13.1701 7.28993
5.75501 -16.0801 6.58093
4.69201 -16.9291 10.1779
4.20501 -13.3351 11.5449
2.48301 -11.8061 8.41193
-0.977986 -12.2801 10.0999
-2.97599 -11.3241 13.2509
-0.208986 -9.55807 15.2459
0.240014 -5.78607 15.9309
3.69301 -4.24307 16.6399
2.85601 -0.508067 17.0859
5.56601 -0.176067 19.8389
8.35001 -0.241067 17.1659
9.23401 2.56393 14.6689

11.681 0.486933 12.5269
11.372 -2.67707 10.3849
14.539 -4.44407 9.09993
14.162 -7.07707 6.35593

17.322 -9.20007 6.79993
16.113 -11.2201 3.76893
14.102 -10.4171 0.620926
10.909 -12.3821 -0.175074
9.82301 -12.9361 -3.84207
6.17701 -11.9641 -3.09707

5.63701 -8.18707 -2.44907
2.16401 -8.73507 -0.886074
3.86501 -10.6021 2.03393
6.48401 -7.80607 2.44893
3.64701 -5.17807 2.60293
1.76701 -7.41807 5.13793
4.94501 -7.42507 7.31793
5.41901 -3.57407 7.08593

1.72101 -3.09907 8.10393
2.39501 -4.94607 11.3879
4.01601 -1.66607 12.6529
2.08401 0.855933 10.5079
-1.29999 0.362933 12.3319
-3.83999 2.53693 14.2149
-1.91599 3.47893 17.4119
1.39201 4.25093 15.5899
2.62101 7.85093 16.3039
6.14301 7.78193 14.6909
7.24601 7.74493 11.0049

7.86801 4.06393 10.1819
11.358 3.24293 8.84993
11.62 0.191933 6.51493
15.181 -1.06007 5.77393
15.685 -3.74407 3.06193
19.105 -5.43907 3.56993
20.638 -6.45507 0.166926

24.027 -7.95507 -0.855074
25.728 -7.43607 -4.28407
26.834 -10.8011 -5.80807
23.811 -12.7761 -4.39007
20.139 -13.7761 -5.01607

19.127 -10.1921 -3.93707
20.446 -8.84807 -7.32107
17.666 -10.8561 -9.13107
14.967 -10.7791 -6.39707
14.931 -6.96507 -5.97707
14.12 -6.12307 -9.69107
11.535 -9.01007 -9.64107
9.82601 -7.57307 -6.49707
9.83901 -4.06007 -8.11407
8.14601 -5.14307 -11.3961
5.54501 -7.06807 -9.28107
4.70301 -3.93307 -7.16207
4.34301 -1.94107 -10.4341
1.87001 -4.58607 -11.7991
-0.0519863 -4.32007 -8.46707
-0.0369863 -0.456067 -8.63107
-1.26399 -0.372067 -12.3011

-4.13699 -2.69407 -11.1841
-4.93699 -0.152067 -8.33907
-3.86099 -2.75307 -5.69507
-0.840986 -0.846067 -4.21907
0.334014 2.76893 -3.64707
3.79201 1.32993 -2.91207
6.26601 2.46593 -5.55707
9.70601 0.793933 -5.08407
11.591 2.59993 -7.97307

12.597 5.68893 -5.89107
14.645 3.49993 -3.44807
16.992 2.18293 -6.22707
17.843 5.57993 -7.78607

19.108 6.53893 -4.25607
21.593 3.56593 -3.83307

End chain 1
