-13.201 -6.296 -53.957
-10.703 -3.406 -53.291
-9.54 -3.087 -49.639
-11.02 0.322 -48.639
-8.614 1.85 -46.053
-10.787 3.126 -43.162

-9.634 6.195 -41.181
-10.061 4.9 -37.589
-10.286 6.838 -34.306
-12.195 7.103 -30.979
-14.163 9.439 -28.711
-12.619 10.223 -25.263
-14.157 12.207 -22.344

-11.943 15.248 -21.466
-14.301 16.978 -18.949
-17.827 16.65 -17.399
-19.139 18.761 -20.353

-16.752 17.96 -23.312
-15.482 14.956 -25.281
-12.62 14.751 -27.824
-12.437 12.939 -31.204
-8.982 11.264 -31.393
-8.672 10.357 -35.1

-6.282 10.744 -38.079
-6.98 13.557 -40.6
-9.895 13.022 -43.051

-11.208 15.853 -45.293
-14.92 14.856 -45.011
-14.611 14.37 -41.226
-13.015 17.857 -40.827
-15.875 19.254 -42.999
-18.403 17.482 -40.669
-16.559 18.759 -37.515
-16.844 22.341 -38.957

-20.697 21.797 -39.029
-20.861 21.033 -35.24
-22.116 23.933 -33.104
-20.016 23.255 -29.939
-16.791 22.621 -31.971

-13.393 23.436 -30.391
-10.011 22.816 -32.063
-6.805 22.812 -29.99

-3.883 23.919 -32.209
-1.328 22.314 -29.773
-2.753 18.736 -29.691
-4.334 19.137 -33.217

-7.578 17.622 -31.79
-11.313 18.386 -31.995
-13.683 18.544 -28.991
-17.466 19.001 -28.65
-20.131 19.402 -25.91

-21.257 16.038 -24.476
-24.923 16.743 -25.497
-23.731 16.722 -29.178
-22.178 13.179 -28.839
-25.228 11.354 -30.322
-25.57 14.044 -33.093
-21.852 13.682 -34.021
-21.815 9.829 -34.037
-25.045 9.774 -36.128
-23.507 12.176 -38.75
-20.093 10.348 -38.803

-21.793 6.948 -39.527
-22.962 8.546 -42.834
-19.328 9.196 -43.991
-17.677 6.563 -46.261
-14.251 5.2 -45.121

-14.46 6.789 -41.562
-14.765 4.819 -38.279
-15.142 6.964 -35.114
-15.663 4.659 -32.101

-18.218 6.249 -29.657
-17.862 6.903 -25.912
-18.35 3.469 -24.195
-21.794 2.549 -22.772
-20.235 2.829 -19.255
-19.534 6.58 -19.812
-22.964 7.196 -21.431
-24.623 5.531 -18.378
-22.42 7.523 -15.909

-23.028 10.919 -17.654
-26.668 10.153 -18.714
-27.851 13.482 -17.123

-25.214 15.594 -18.963
-26 13.8 -22.296
-29.631 15.147 -21.909

-29.014 18.802 -20.797
-28.522 21.656 -23.337
-27.494 23.803 -20.296
-24.374 24.206 -18.108
-26.03 23.63 -14.722
-23.195 22.587 -12.38
-23.731 19.355 -10.334

-27.219 19.392 -8.694
-26.798 20.208 -4.988
-26.578 17.032 -2.906
-29.814 16.999 -0.82
-29.276 16.946 2.956
-30.305 13.551 4.343

-32.727 13.25 7.268
-30.389 11.851 9.975
-33.077 12.019 12.787
-33.159 8.159 12.923
-29.32 8.149 13.454
-27.82 8.306 16.969

-27.52 12.074 17.913
-23.991 11.509 19.371
-22.796 10.469 15.867
-24.731 13.185 13.93
-23.402 16.008 16.22
-19.738 14.82 15.861

-19.687 14.822 11.995
-17.445 17.587 10.586

-19.106 19.692 7.763
-17.231 17.783 4.996
-18.064 14.402 6.666
-21.796 15.407 6.677
-21.562 16.318 2.947
-19.943 12.855 2.346
-22.788 11.075 4.244
-25.363 13.084 2.191
-23.555 12.165 -1.104
-23.43 8.459 -0.115
-27.196 8.491 0.728
-28.024 10.343 -2.565

-25.973 7.645 -4.472
-28.214 5.048 -2.67
-25.512 3.7 -0.27

-23.352 2.353 -3.174
-19.956 4.118 -3.237
-16.209 4.012 -2.721
-15.295 6.541 0.021

-11.694 7.195 -1.128

-11.135 10.189 1.225
-7.504 10.605 2.377

-6.048 8.715 5.398
-7.361 9.956 8.784
-10.233 12.169 7.374
-12.706 9.981 9.408

-13.844 7.354 6.831
-15.012 5.081 9.734
-17.363 7.714 11.316
-18.876 8.506 7.854
-19.282 4.738 7.09
-21.02 4.042 10.461
-23.415 6.996 9.798
-24.247 5.855 6.195
-24.846 2.277 7.463
-26.955 3.52 10.461
-29.227 5.531 8.078

-29.9 2.058 6.507

-30.384 0.293 9.981
-33.886 -0.857 8.77
-32.05 -2.956 6.062
-29.626 -4.868 8.41
-27.981 -7.413 9.17

-24.774 -5.448 8.488
-21.551 -7.137 7.269
-18.235 -5.328 7.997
-15.132 -6.739 6.223
-11.829 -5.357 7.603

-8.03172 -4.56317 7.59885
-4.29344 -4.06496 7.50095
-4.3417 -1.38309 10.1525
-4.69229 2.1473 11.6287

-5.99093 1.54814 15.1497
-6.11116 5.28245 15.8449
-8.04 5.91664 12.6324
-10.5661 3.21354 13.5013
-11.0916 4.68295 16.9665
-11.6628 8.14887 15.516
-14.2198 6.80073 13.0488
-16.0931 5.00301 15.824
-16.2003 8.16382 17.9313
-17.5587 10.1809 15.0108
-20.2811 7.6069 14.3739

-23.5791 5.6029 14.6359
-24.3091 5.3619 18.4519
-27.8461 4.2029 17.3439
-26.2221 0.710898 16.8019
-25.4881 -1.8731 19.5129

-22.0901 -3.6921 19.2529
-24.0961 -6.9081 18.4759
-25.2381 -5.2551 15.1869

-21.5491 -5.4041 13.9719
-19.9631 -8.7121 12.8839
-16.1391 -8.6291 12.4769

-15.1601 -11.7041 10.4309
-11.7741 -12.8911 11.7679
-11.6591 -16.4251 10.2089
-12.8631 -18.3871 7.13086
-15.2271 -20.4081 9.46586
-17.2461 -17.3961 10.7129
-20.8101 -16.5051 9.55486
-20.5331 -13.5611 7.09686
-24.2741 -12.6901 7.66886
-24.3771 -12.7541 11.5229
-24.5661 -8.9201 11.9319
-26.5381 -6.0541 10.3909

-23.0461 -4.7281 9.43386
-20.5231 -7.4211 8.36086
-16.7941 -6.4861 8.19886
-14.4671 -8.8901 6.28286
-10.9871 -8.8831 4.68686

-10.1161 -9.3281 0.972856
-8.21514 -12.5971 1.77086
-11.2911 -14.1341 3.50886
-13.7581 -13.3571 0.617856

-12.3841 -16.3031 -1.46414
-12.7451 -18.6611 1.57886
-16.3011 -17.3281 2.24086
-17.4721 -17.4031 -1.46514
-20.1891 -20.0031 -0.560144
-21.7011 -17.4241 1.90786
-21.4131 -14.4821 -0.615144
-24.5291 -16.0211 -2.32614
-26.6461 -14.0391 0.220856
-27.5521 -10.7251 -1.55214
-25.8251 -7.8231 0.237856
-27.6941 -4.8031 -1.24414

-25.1621 -2.2651 0.187856
-21.3941 -2.8861 -0.175144
-18.4651 -0.733102 0.997856
-14.9751 -1.6981 -0.244144

-12.1201 0.174898 1.45486
-8.79914 0.546898 -0.453144

-10.5241 -0.940102 -3.57314
-7.22314 -0.795102 -5.57214
-6.71014 -4.3301 -4.06014
-9.23214 -5.4541 -6.78014

-7.01614 -4.0241 -9.65814
-6.31914 -7.4971 -11.2151
-9.37114 -9.5711 -12.3401
-7.45214 -12.9361 -12.2421
-6.84414 -12.7041 -8.44314

-9.00914 -14.8571 -6.11214
-10.0261 -11.7101 -4.09114
-11.2901 -9.9971 -7.29714
-13.0441 -13.1811 -8.61014
-14.9191 -13.4931 -5.25214
-15.7711 -9.7251 -4.93614
-16.9231 -8.9411 -8.52914
-20.1581 -11.1111 -8.60714
-21.4191 -9.3741 -5.40314
-20.4621 -5.8601 -6.66814
-22.3511 -6.4141 -9.99014
-25.6061 -7.5151 -8.18014

-25.5301 -5.2321 -5.06914
-27.8301 -2.1301 -5.30814

-25.2841 0.295898 -3.70814
-21.4771 0.0648982 -4.23314
-19.2271 2.4889 -2.31414
-15.6031 1.9549 -3.42714
-12.8851 3.8909 -1.51614

-9.19714 4.4769 -2.42314
-6.45614 7.1239 -2.03114
-4.74814 5.7129 -5.14114
-7.46014 4.1899 -7.43614
-4.72114 3.3909 -9.94914
-1.30214 2.4559 -8.48114
0.720858 2.6849 -11.7601
-1.41814 2.2269 -14.9681

-4.94414 2.8239 -16.4881
-5.60314 -0.984102 -16.7051
-5.86014 -1.1061 -12.8271
-9.07714 1.0419 -12.9831
-11.0861 -1.4341 -15.1321
-12.3621 -3.6141 -12.2181
-13.4391 -0.480102 -10.2471
-15.1961 1.0059 -13.3621
-17.2171 -2.2261 -13.9801
-18.0031 -2.5141 -10.2181
-19.5621 1.0289 -10.2001

-21.0651 0.757898 -13.7761
-21.4501 -2.9581 -14.8611
-22.6301 -1.8391 -18.3841
-19.3931 0.121898 -19.1121
-16.7951 -1.8241 -21.1961
-18.3581 -5.3731 -20.8331
-15.0341 -6.8051 -22.1751

-11.5591 -5.6071 -21.0331
-10.1771 -5.6101 -24.6361
-12.3241 -2.5551 -25.6341
-11.0231 -0.619102 -22.5631
-7.42314 -1.7871 -23.2721
-7.48614 -0.750102 -26.9881
-8.69614 2.7779 -26.0341
-6.86114 3.5919 -22.7461

-3.96814 1.0609 -22.3681
-2.30914 1.5439 -25.8461
-2.95714 -2.1651 -26.4621

-0.380142 -3.8121 -28.7931
-0.629142 -7.1601 -30.6351
2.65086 -9.0031 -29.8781

3.64686 -12.4851 -31.3061
2.59686 -14.0521 -27.9191

-0.759142 -12.1591 -27.5121
-1.92314 -8.6761 -26.4181
0.166858 -6.2511 -24.3361

-1.84414 -3.7801 -22.1421
1.08686 -2.1641 -20.1831
0.755858 1.1629 -22.0761
-1.46314 4.2499 -21.7301
-3.59114 6.3099 -24.1691
-6.34614 9.0049 -24.2471

-5.88614 9.7219 -20.4721
-7.71714 13.1199 -20.5711
-10.8171 11.3439 -22.0281
-10.4921 8.6299 -19.3241
-10.3111 11.3979 -16.6311
-13.5191 13.0359 -18.0001
-15.3521 9.6409 -18.1091
-14.2401 8.8179 -14.5221
-15.2991 12.2159 -13.0351
-18.7011 12.2659 -14.8481
-19.8781 8.6569 -14.3131

-17.6471 6.6549 -11.8471

-15.5141 8.7129 -9.46314
-15.5721 11.6069 -6.99214

-11.9691 12.8489 -6.45914
-10.6621 15.8499 -4.47014
-7.08714 16.6849 -3.49614

-5.56114 18.1689 -0.268144
-4.95014 21.3729 -2.29014
-8.70514 21.6219 -3.19014
-10.1451 21.2519 0.369856

-7.33414 21.7469 2.99186
-5.37314 24.9819 2.16086
-3.95914 24.7449 5.76086
-1.95414 21.4769 5.34486

1.84486 22.1709 5.32986
3.59786 21.4369 2.00586

5.25386 18.0669 1.26286
8.86986 18.9149 0.284856
10.4069 16.0249 -1.71714
14.0859 15.5269 -2.66414
16.4479 12.9179 -4.06614
19.4889 12.2229 -1.82514
22.3079 10.6689 -3.88014

24.0879 8.4679 -1.28914
27.8029 8.2869 -2.09914

28.7869 5.0559 -4.02214
32.4019 5.5269 -2.69414
31.3639 3.3349 0.327856

30.3229 0.545898 -2.15714
33.4609 -1.6351 -2.09114

34.9669 -2.9081 -5.38914
33.6549 -6.5261 -4.84814
30.0329 -5.3281 -4.29714
30.3099 -2.9981 -7.35814
31.7389 -5.8431 -9.51014
28.8009 -8.0601 -8.32514
26.2549 -5.3251 -9.32314
28.0519 -4.9271 -12.7131
27.9649 -8.7531 -13.1441
24.1919 -9.0621 -12.3961
23.5039 -6.0101 -14.6641
25.4589 -7.6861 -17.5511
23.6849 -10.9991 -16.7601
20.1879 -9.4471 -17.3441
21.2789 -8.1161 -20.8151

22.7589 -11.4461 -22.0671
20.9289 -12.5441 -25.2721
21.0699 -16.3241 -24.7371
19.1989 -16.4851 -21.3521
15.6259 -17.7131 -20.8451

12.8299 -15.3261 -19.6911
13.1489 -16.9881 -16.2281
16.9709 -16.5291 -15.9391
16.4199 -12.8271 -16.9101
13.8309 -12.4741 -14.0351
16.1989 -14.2941 -11.5981
19.1479 -12.0021 -12.5551
16.7969 -8.9641 -12.0991
15.7819 -10.1661 -8.57514
19.4969 -10.7471 -7.76814
20.4669 -7.2261 -9.04014
17.6399 -5.6871 -6.92514
18.5949 -7.6361 -3.72714
22.3279 -6.7191 -4.29414
21.2779 -3.0291 -4.65414
19.6269 -3.2181 -1.19414
22.7869 -4.7991 0.374856
25.0869 -2.2381 -1.35314
23.0879 0.735898 0.0928564
23.0349 -0.460102 3.79086
26.3219 1.2929 4.92786
25.3849 4.7259 3.45586
21.6999 4.3709 4.49586
23.0409 3.8229 8.06686
25.5129 6.7659 7.67986
22.5859 9.0169 6.59686
20.2739 7.8649 9.48686
23.0789 8.6329 11.9979
23.7329 12.0829 10.3729
19.9839 12.8799 10.8489
20.1109 11.8689 14.5739
23.4359 13.7339 15.1639

21.7779 16.8129 13.4809
19.2979 16.7979 16.4549
16.1289 15.5009 14.6639
13.4349 14.5479 17.1919
11.1819 12.1989 15.0679

11.4009 10.6039 11.5869
10.2329 7.5279 9.61586
12.6029 5.1659 7.74086
11.0169 3.0989 4.93686
12.6379 -0.0561018 3.46586

11.2559 -3.3571 1.98886
14.1339 -5.9011 2.04386

14.2649 -7.5851 5.49686
18.1279 -7.3831 5.55486
17.8979 -3.5261 5.31286
15.2949 -3.3411 8.15686
17.4559 -5.7761 10.2429
20.7209 -3.7941 9.68886
19.0439 -0.415102 10.5349
17.4909 -1.8441 13.7739
20.8269 -3.4771 14.8039
22.7689 -0.174102 14.3839
20.0829 1.8389 16.2919
20.3009 -0.752102 19.1569
24.1629 -0.528102 19.0419

23.8749 3.3269 19.2979
21.2069 2.8949 22.0989
18.6289 4.8549 19.9969
15.0249 4.1679 21.0659

13.0219 3.1769 17.9549
9.93686 1.2089 16.7889
9.85886 -1.5081 14.0729
6.85686 -2.6091 11.9289

7.12286 -5.3311 9.23086
5.28986 -8.4271 7.81686
5.86786 -10.3441 11.1259
4.43386 -7.5951 13.4419
0.920858 -8.6001 14.6309
-2.24214 -6.5041 13.9749
-2.61514 -5.3961 17.6629

1.14286 -4.7541 18.2499
1.13386 -2.5291 15.0829
-1.42714 -0.197102 16.7469
0.421858 -0.252102 20.1309
3.85786 0.535898 18.5229
2.11686 3.3049 16.4999
0.782858 4.7929 19.7999
4.25986 4.4099 21.4529
5.90786 6.4259 18.5849
3.05986 9.0259 18.6349
2.98586 9.5899 22.4459

6.61886 8.9269 23.5799
9.20286 11.7089 22.8939
12.0059 9.0809 23.3439
11.1949 7.0769 20.1659
13.1639 9.0579 17.5449

13.0219 6.5339 14.6319
10.2619 4.3629 13.1529
11.7239 1.5009 11.0229
8.86786 0.590898 8.64986
8.29386 -1.9371 5.86186

6.98186 -0.0411018 2.76086
4.55286 -2.9511 2.05186
3.48986 -3.8001 5.64886
3.00286 -0.206102 7.01586
1.28086 1.3229 3.88286
-2.18014 0.848898 5.57086
-4.17814 1.8049 8.72186
-1.41114 3.5709 10.7169
-0.962142 7.3429 11.4019
2.49086 8.8859 12.1109
1.65386 12.6209 12.5569
4.36386 12.9529 15.3099
7.14786 12.8879 12.6369
8.03186 15.6929 10.1399

10.4789 13.6159 7.99786
10.1699 10.4519 5.85586
13.3369 8.6849 4.57086
12.9599 6.0519 1.82686

16.1199 3.9289 2.27086
14.9109 1.9089 -0.760144
12.8999 2.7119 -3.90814
9.70686 0.746898 -4.70414
8.62086 0.192898 -8.37114
4.97486 1.1649 -7.62614

4.43486 4.9419 -6.97814
0.961858 4.3939 -5.41514
2.66286 2.5269 -2.49514
5.28186 5.3229 -2.08014
2.44486 7.9509 -1.92614
0.564858 5.7109 0.608856
3.74286 5.7039 2.78886
4.21686 9.5549 2.55686

0.518858 10.0299 3.57486
1.19286 8.1829 6.85886
2.81386 11.4629 8.12386
0.881858 13.9849 5.97886
-2.50214 13.4919 7.80286
-5.04214 15.6659 9.68586
-3.11814 16.6079 12.8829
0.189858 17.3799 11.0609
1.41886 20.9799 11.7749
4.94086 20.9109 10.1619
6.04386 20.8739 6.47586

6.66586 17.1929 5.65286
10.1559 16.3719 4.32086
10.4179 13.3209 1.98586
13.9789 12.0689 1.24486
14.4829 9.3849 -1.46714
17.9029 7.6899 -0.959144
19.4359 6.6739 -4.36214

22.8249 5.1739 -5.38414
24.5259 5.6929 -8.81314
25.6319 2.3279 -10.3371
22.6089 0.352898 -8.91914
18.9369 -0.647102 -9.54514

17.9249 2.9369 -8.46614
19.2439 4.2809 -11.8501
16.4639 2.2729 -13.6601
13.7649 2.3499 -10.9261
13.7289 6.1639 -10.5061
12.9179 7.0059 -14.2201
10.3329 4.1189 -14.1701
8.62386 5.5559 -11.0261
8.63686 9.0689 -12.6431
6.94386 7.9859 -15.9251
4.34286 6.0609 -13.8101
3.50086 9.1959 -11.6911
3.14086 11.1879 -14.9631
0.667858 8.5429 -16.3281
-1.25414 8.8089 -12.9961
-1.23914 12.6729 -13.1601
-2.46614 12.7569 -16.8301

-5.33914 10.4349 -15.7131
-6.13914 12.9769 -12.8681
-5.06314 10.3759 -10.2241
-2.04314 12.2829 -8.74814
-0.868142 15.8979 -8.17614
2.58986 14.4589 -7.44114
5.06386 15.5949 -10.0861
8.50386 13.9229 -9.61314
10.3889 15.7289 -12.5021

11.3949 18.8179 -10.4201
13.4429 16.6289 -7.97714
15.7899 15.3119 -10.7561
16.6409 18.7089 -12.3151

17.9059 19.6679 -8.78514
20.3909 16.6949 -8.36214

End chain 1
