-13.201 -6.296 -53.957
-10.703 -3.406 -53.291
-9.54 -3.087 -49.639
-11.02 0.322 -48.639
-8.614 1.85 -46.053
-10.787 3.126 -43.162

-9.634 6.195 -41.181
-10.061 4.9 -37.589
-10.286 6.838 -34.306
-12.195 7.103 -30.979
-14.163 9.439 -28.711
-12.619 10.223 -25.263
-14.157 12.207 -22.344

-11.943 15.248 -21.466
-14.301 16.978 -18.949
-17.827 16.65 -17.399
-19.139 18.761 -20.353

-16.752 17.96 -23.312
-15.482 14.956 -25.281
-12.62 14.751 -27.824
-12.437 12.939 -31.204
-8.982 11.264 -31.393
-8.672 10.357 -35.1

-6.282 10.744 -38.079
-6.98 13.557 -40.6
-9.895 13.022 -43.051

-11.208 15.853 -45.293
-14.92 14.856 -45.011
-14.611 14.37 -41.226
-13.015 17.857 -40.827
-15.875 19.254 -42.999
-18.403 17.482 -40.669
-16.559 18.759 -37.515
-16.844 22.341 -38.957

-20.697 21.797 -39.029
-20.861 21.033 -35.24
-22.116 23.933 -33.104
-20.016 23.255 -29.939
-16.791 22.621 -31.971

-13.393 23.436 -30.391
-10.011 22.816 -32.063
-6.805 22.812 -29.99

-3.883 23.919 -32.209
-1.328 22.314 -29.773
-2.753 18.736 -29.691
-4.334 19.137 -33.217

-7.578 17.622 -31.79
-11.313 18.386 -31.995
-13.683 18.544 -28.991
-17.466 19.001 -28.65
-20.131 19.402 -25.91

-21.257 16.038 -24.476
-24.923 16.743 -25.497
-23.731 16.722 -29.178
-22.178 13.179 -28.839
-25.228 11.354 -30.322
-25.57 14.044 -33.093
-21.852 13.682 -34.021
-21.815 9.829 -34.037
-25.045 9.774 -36.128
-23.507 12.176 -38.75
-20.093 10.348 -38.803

-21.793 6.948 -39.527
-22.962 8.546 -42.834
-19.328 9.196 -43.991
-17.677 6.563 -46.261
-14.251 5.2 -45.121

-14.46 6.789 -41.562
-14.765 4.819 -38.279
-15.142 6.964 -35.114
-15.663 4.659 -32.101

-18.218 6.249 -29.657
-17.862 6.903 -25.912
-18.35 3.469 -24.195
-21.794 2.549 -22.772
-20.235 2.829 -19.255
-19.534 6.58 -19.812
-22.964 7.196 -21.431
-24.623 5.531 -18.378
-22.42 7.523 -15.909

-23.028 10.919 -17.654
-26.668 10.153 -18.714
-27.851 13.482 -17.123

-25.214 15.594 -18.963
-26 13.8 -22.296
-29.631 15.147 -21.909

-29.014 18.802 -20.797
-28.522 21.656 -23.337
-27.494 23.803 -20.296
-24.374 24.206 -18.108
-26.03 23.63 -14.722
-23.195 22.587 -12.38
-23.731 19.355 -10.334

-27.219 19.392 -8.694
-26.798 20.208 -4.988
-26.578 17.032 -2.906
-29.814 16.999 -0.82
-29.276 16.946 2.956
-30.305 13.551 4.343

-32.727 13.25 7.268
-30.389 11.851 9.975
-33.077 12.019 12.787
-33.159 8.159 12.923
-29.32 8.149 13.454
-27.82 8.306 16.969

-27.52 12.074 17.913
-23.991 11.509 19.371
-22.796 10.469 15.867
-24.731 13.185 13.93
-23.402 16.008 16.22
-19.738 14.82 15.861

-19.687 14.822 11.995
-17.445 17.587 10.586

-19.106 19.692 7.763
-17.231 17.783 4.996
-18.064 14.402 6.666
-21.796 15.407 6.677
-21.562 16.318 2.947
-19.943 12.855 2.346
-22.788 11.075 4.244
-25.363 13.084 2.191
-23.555 12.165 -1.104
-23.43 8.459 -0.115
-27.196 8.491 0.728
-28.024 10.343 -2.565

-25.973 7.645 -4.472
-28.214 5.048 -2.67
-25.512 3.7 -0.27

-23.352 2.353 -3.174
-19.956 4.118 -3.237
-16.209 4.012 -2.721
-15.295 6.541 0.021

-11.694 7.195 -1.128

-11.135 10.189 1.225
-7.504 10.605 2.377

-6.048 8.715 5.398
-7.361 9.956 8.784
-10.233 12.169 7.374
-12.706 9.981 9.408

-13.844 7.354 6.831
-15.012 5.081 9.734
-17.363 7.714 11.316
-18.876 8.506 7.854
-19.282 4.738 7.09
-21.02 4.042 10.461
-23.415 6.996 9.798
-24.247 5.855 6.195
-24.846 2.277 7.463
-26.955 3.52 10.461
-29.227 5.531 8.078

-29.6247 2.82533 5.57976

-29.941 -0.866865 4.73682
-32.3953 -1.40681 7.58774
-34.5229 1.52552 6.44003
-34.6176 0.189839 2.88336
-35.6921 -3.24666 4.09941

-32.4851 -1.28166 3.41741
-29.2621 -2.97066 2.19841
-25.9461 -1.16166 2.92641
-22.8431 -2.57266 1.15241
-19.5401 -1.19066 2.53241

-15.7611 -1.84966 2.91541
-15.1271 -4.65366 5.49641
-13.5671 -2.13866 8.02241
-16.4001 0.526341 8.12841

-19.4691 -1.70166 8.93241
-19.6061 -0.586659 12.6044
-18.8651 3.06434 11.5594
-22.0761 2.86234 9.43541
-24.1251 1.26934 12.3044
-22.9791 4.08634 14.6584
-23.8201 6.64234 11.8984
-27.4331 5.27734 11.6894
-27.7931 5.30634 15.5404
-26.3071 8.86634 15.6524
-28.5341 10.3613 12.9074

-31.8321 8.35734 13.1694
-32.5621 8.11634 16.9854
-36.0991 6.95734 15.8774
-34.4751 3.46534 15.3354
-33.7411 0.881341 18.0464

-30.3431 -0.937659 17.7864
-32.3491 -4.15366 17.0094
-33.4911 -2.50066 13.7204

-29.8021 -2.64966 12.5054
-28.2161 -5.95766 11.4174
-24.3921 -5.87466 11.0104

-23.4131 -8.94966 8.96441
-20.0271 -10.1367 10.3014
-19.9121 -13.6707 8.74241
-21.1161 -15.6327 5.66441
-23.4801 -17.6537 7.99941
-25.4991 -14.6417 9.24641
-29.0631 -13.7507 8.08841
-28.7861 -10.8067 5.63041
-32.5271 -9.93566 6.20241
-32.6301 -9.99966 10.0564
-32.8191 -6.16566 10.4654
-34.7911 -3.29966 8.92441

-31.2991 -1.97366 7.96741
-28.7761 -4.66666 6.89441
-25.0471 -3.73166 6.73241
-22.7201 -6.13566 4.81641
-19.2401 -6.12866 3.22041

-18.3691 -6.57366 -0.493593
-16.4681 -9.84266 0.304407
-19.5441 -11.3797 2.04241
-22.0111 -10.6027 -0.848593

-20.6371 -13.5487 -2.93059
-20.9981 -15.9067 0.112407
-24.5541 -14.5737 0.774407
-25.7251 -14.6487 -2.93159
-28.4421 -17.2487 -2.02659
-29.9541 -14.6697 0.441407
-29.6661 -11.7277 -2.08159
-32.7821 -13.2667 -3.79259
-34.8991 -11.2847 -1.24559
-35.8051 -7.97066 -3.01859
-34.0781 -5.06866 -1.22859
-35.9471 -2.04866 -2.71059

-33.4151 0.489341 -1.27859
-29.6471 -0.131659 -1.64159
-26.7181 2.02134 -0.468593
-23.2281 1.05634 -1.71059

-20.3731 2.92934 -0.0115931
-17.0521 3.30134 -1.91959

-18.7771 1.81434 -5.03959
-15.4761 1.95934 -7.03859
-14.9631 -1.57566 -5.52659
-17.4851 -2.69966 -8.24659

-15.2691 -1.26966 -11.1246
-14.5721 -4.74266 -12.6816
-17.6241 -6.81666 -13.8066
-15.7051 -10.1817 -13.7086
-15.0971 -9.94966 -9.90959

-17.2621 -12.1027 -7.57859
-18.2791 -8.95566 -5.55759
-19.5431 -7.24266 -8.76359
-21.2971 -10.4267 -10.0766
-23.1721 -10.7387 -6.71859
-24.0241 -6.97066 -6.40259
-25.1761 -6.18666 -9.99559
-28.4111 -8.35666 -10.0736
-29.6721 -6.61966 -6.86959
-28.7151 -3.10566 -8.13459
-30.6041 -3.65966 -11.4566
-33.8591 -4.76066 -9.64659

-33.7831 -2.47766 -6.53559
-36.0831 0.624341 -6.77459

-33.5371 3.05034 -5.17459
-29.7301 2.81934 -5.69959
-27.4801 5.24334 -3.78059
-23.8561 4.70934 -4.89359
-21.1381 6.64534 -2.98259

-17.4501 7.23134 -3.88959
-14.7091 9.87834 -3.49759
-13.0011 8.46734 -6.60759
-15.7131 6.94434 -8.90259
-12.9741 6.14534 -11.4156
-9.55509 5.21034 -9.94759
-7.53209 5.43934 -13.2266
-9.67109 4.98134 -16.4346

-13.1971 5.57834 -17.9546
-13.8561 1.77034 -18.1716
-14.1131 1.64834 -14.2936
-17.3301 3.79634 -14.4496
-19.3391 1.32034 -16.5986
-20.6151 -0.859659 -13.6846
-21.6921 2.27434 -11.7136
-23.4491 3.76034 -14.8286
-25.4701 0.528341 -15.4466
-26.2561 0.240341 -11.6846
-27.8151 3.78334 -11.6666

-29.3181 3.51234 -15.2426
-29.7031 -0.203659 -16.3276
-30.8831 0.915341 -19.8506
-27.6461 2.87634 -20.5786
-25.0481 0.930341 -22.6626
-26.6111 -2.61866 -22.2996
-23.2871 -4.05066 -23.6416

-19.8121 -2.85266 -22.4996
-18.4301 -2.85566 -26.1026
-20.5771 0.199341 -27.1006
-19.2761 2.13534 -24.0296
-15.6761 0.967341 -24.7386
-15.7391 2.00434 -28.4546
-16.9491 5.53234 -27.5006
-15.1141 6.34634 -24.2126

-12.2211 3.81534 -23.8346
-10.5621 4.29834 -27.3126
-11.2101 0.589341 -27.9286

-8.63309 -1.05766 -30.2596
-8.88209 -4.40566 -32.1016
-5.60209 -6.24866 -31.3446

-4.60609 -9.73066 -32.7726
-5.65609 -11.2977 -29.3856

-9.01209 -9.40466 -28.9786
-10.1761 -5.92166 -27.8846
-8.08609 -3.49666 -25.8026

-10.0971 -1.02566 -23.6086
-7.16609 0.590341 -21.6496
-7.49709 3.91734 -23.5426
-9.71609 7.00434 -23.1966
-11.8441 9.06434 -25.6356
-14.5991 11.7593 -25.7136

-14.1391 12.4763 -21.9386
-15.9701 15.8743 -22.0376
-19.0701 14.0983 -23.4946
-18.7451 11.3843 -20.7906
-18.5641 14.1523 -18.0976
-21.7721 15.7903 -19.4666
-23.6051 12.3953 -19.5756
-22.4931 11.5723 -15.9886
-23.5521 14.9703 -14.5016
-26.9541 15.0203 -16.3146
-28.1311 11.4113 -15.7796

-25.9001 9.40934 -13.3136

-23.7671 11.4673 -10.9296
-23.8251 14.3613 -8.45859

-20.2221 15.6033 -7.92559
-18.9151 18.6043 -5.93659
-15.3401 19.4393 -4.96259

-13.8141 20.9233 -1.73459
-13.2031 24.1273 -3.75659
-16.9581 24.3763 -4.65659
-18.3981 24.0063 -1.09659

-15.5871 24.5013 1.52541
-13.6261 27.7363 0.694407
-12.2121 27.4993 4.29441
-10.2071 24.2313 3.87841

-6.40809 24.9253 3.86341
-4.65509 24.1913 0.539407

-2.99909 20.8213 -0.203593
0.61691 21.6693 -1.18159
2.15391 18.7793 -3.18359
5.83291 18.2813 -4.13059
8.19491 15.6723 -5.53259
11.2359 14.9773 -3.29159
14.0549 13.4233 -5.34659

15.8349 11.2223 -2.75559
19.5499 11.0413 -3.56559

20.5339 7.81034 -5.48859
24.1489 8.28134 -4.16059
23.1109 6.08934 -1.13859

22.0699 3.30034 -3.62359
25.2079 1.11934 -3.55759

26.7139 -0.153659 -6.85559
25.4019 -3.77166 -6.31459
21.7799 -2.57366 -5.76359
22.0569 -0.243659 -8.82459
23.4859 -3.08866 -10.9766
20.5479 -5.30566 -9.79159
18.0019 -2.57066 -10.7896
19.7989 -2.17266 -14.1796
19.7119 -5.99866 -14.6106
15.9389 -6.30766 -13.8626
15.2509 -3.25566 -16.1306
17.2059 -4.93166 -19.0176
15.4319 -8.24466 -18.2266
11.9349 -6.69266 -18.8106
13.0259 -5.36166 -22.2816

14.5059 -8.69166 -23.5336
12.6759 -9.78966 -26.7386
12.8169 -13.5697 -26.2036
10.9459 -13.7307 -22.8186
7.37291 -14.9587 -22.3116

4.57691 -12.5717 -21.1576
4.89591 -14.2337 -17.6946
8.71791 -13.7747 -17.4056
8.16691 -10.0727 -18.3766
5.57791 -9.71966 -15.5016
7.94591 -11.5397 -13.0646
10.8949 -9.24766 -14.0216
8.54391 -6.20966 -13.5656
7.52891 -7.41166 -10.0416
11.2439 -7.99266 -9.23459
12.2139 -4.47166 -10.5066
9.38691 -2.93266 -8.39159
10.3419 -4.88166 -5.19359
14.0749 -3.96466 -5.76059
13.0249 -0.274659 -6.12059
11.3739 -0.463659 -2.66059
14.5339 -2.04466 -1.09159
16.8339 0.516341 -2.81959
14.8349 3.49034 -1.37359
14.7819 2.29434 2.32441
18.0689 4.04734 3.46141
17.1319 7.48034 1.98941
13.4469 7.12534 3.02941
14.7879 6.57734 6.60041
17.2599 9.52034 6.21341
14.3329 11.7713 5.13041
12.0209 10.6193 8.02041
14.8259 11.3873 10.5314
15.4799 14.8373 8.90641
11.7309 15.6343 9.38241
11.8579 14.6233 13.1074
15.1829 16.4883 13.6974

13.5249 19.5673 12.0144
11.0449 19.5523 14.9884
7.87591 18.2553 13.1974
5.18191 17.3023 15.7254
2.92891 14.9533 13.6014

3.14791 13.3583 10.1204
1.97991 10.2823 8.14941
4.34991 7.92034 6.27441
2.76391 5.85334 3.47041
4.38491 2.69834 1.99941

3.00291 -0.602659 0.522407
5.88091 -3.14666 0.577407

6.01191 -4.83066 4.03041
9.87491 -4.62866 4.08841
9.64491 -0.771659 3.84641
7.04191 -0.586659 6.69041
9.20291 -3.02166 8.77641
12.4679 -1.03966 8.22241
10.7909 2.33934 9.06841
9.23791 0.910341 12.3074
12.5739 -0.722659 13.3374
14.5159 2.58034 12.9174
11.8299 4.59334 14.8254
12.0479 2.00234 17.6904
15.9099 2.22634 17.5754

15.6219 6.08134 17.8314
12.9539 5.64934 20.6324
10.3759 7.60934 18.5304
6.77191 6.92234 19.5994

4.76891 5.93134 16.4884
1.68391 3.96334 15.3224
1.60591 1.24634 12.6064
-1.39609 0.145341 10.4624

-1.13009 -2.57666 7.76441
-2.96309 -5.67266 6.35041
-2.38509 -7.58966 9.65941
-3.81909 -4.84066 11.9754
-7.33209 -5.84566 13.1644
-10.4951 -3.74966 12.5084
-10.8681 -2.64166 16.1964

-7.11009 -1.99966 16.7834
-7.11909 0.225341 13.6164
-9.68009 2.55734 15.2804
-7.83109 2.50234 18.6644
-4.39509 3.29034 17.0564
-6.13609 6.05934 15.0334
-7.47009 7.54734 18.3334
-3.99309 7.16434 19.9864
-2.34509 9.18034 17.1184
-5.19309 11.7803 17.1684
-5.26709 12.3443 20.9794

-1.63409 11.6813 22.1134
0.94991 14.4633 21.4274
3.75291 11.8353 21.8774
2.94191 9.83134 18.6994
4.91091 11.8123 16.0784

4.76891 9.28834 13.1654
2.00891 7.11734 11.6864
3.47091 4.25534 9.55641
0.61491 3.34534 7.18341
0.0409104 0.817341 4.39541

-1.27109 2.71334 1.29441
-3.70009 -0.196659 0.585407
-4.76309 -1.04566 4.18241
-5.25009 2.54834 5.54941
-6.97209 4.07734 2.41641
-10.4331 3.60334 4.10441
-12.4311 4.55934 7.25541
-9.66409 6.32534 9.25041
-9.21509 10.0973 9.93541
-5.76209 11.6403 10.6444
-6.59909 15.3753 11.0904
-3.88909 15.7073 13.8434
-1.10509 15.6423 11.1704
-0.22109 18.4473 8.67341

2.22591 16.3703 6.53141
1.91691 13.2063 4.38941
5.08391 11.4393 3.10441
4.70691 8.80634 0.360407

7.86691 6.68334 0.804407
6.65791 4.66334 -2.22659
4.64691 5.46634 -5.37459
1.45391 3.50134 -6.17059
0.36791 2.94734 -9.83759
-3.27809 3.91934 -9.09259

-3.81809 7.69634 -8.44459
-7.29109 7.14834 -6.88159
-5.59009 5.28134 -3.96159
-2.97109 8.07734 -3.54659
-5.80809 10.7053 -3.39259
-7.68809 8.46534 -0.857593
-4.51009 8.45834 1.32241
-4.03609 12.3093 1.09041

-7.73409 12.7843 2.10841
-7.06009 10.9373 5.39241
-5.43909 14.2173 6.65741
-7.37109 16.7393 4.51241
-10.7551 16.2463 6.33641
-13.2951 18.4203 8.21941
-11.3711 19.3623 11.4164
-8.06309 20.1343 9.59441
-6.83409 23.7343 10.3084
-3.31209 23.6653 8.69541
-2.20909 23.6283 5.00941

-1.58709 19.9473 4.18641
1.90291 19.1263 2.85441
2.16491 16.0753 0.519407
5.72591 14.8233 -0.221593
6.22991 12.1393 -2.93359
9.64991 10.4443 -2.42559
11.1829 9.42834 -5.82859

14.5719 7.92834 -6.85059
16.2729 8.44734 -10.2796
17.3789 5.08234 -11.8036
14.3559 3.10734 -10.3856
10.6839 2.10734 -11.0116

9.67191 5.69134 -9.93259
10.9909 7.03534 -13.3166
8.21091 5.02734 -15.1266
5.51191 5.10434 -12.3926
5.47591 8.91834 -11.9726
4.66491 9.76034 -15.6866
2.07991 6.87334 -15.6366
0.37091 8.31034 -12.4926
0.38391 11.8233 -14.1096
-1.30909 10.7403 -17.3916
-3.91009 8.81534 -15.2766
-4.75209 11.9503 -13.1576
-5.11209 13.9423 -16.4296
-7.58509 11.2973 -17.7946
-9.50709 11.5633 -14.4626
-9.49209 15.4273 -14.6266
-10.7191 15.5113 -18.2966

-13.5921 13.1893 -17.1796
-14.3921 15.7313 -14.3346
-13.3161 13.1303 -11.6906
-10.2961 15.0373 -10.2146
-9.12109 18.6523 -9.64259
-5.66309 17.2133 -8.90759
-3.18909 18.3493 -11.5526
0.25091 16.6773 -11.0796
2.13591 18.4833 -13.9686

3.14191 21.5723 -11.8866
5.18991 19.3833 -9.44359
7.53691 18.0663 -12.2226
8.38791 21.4633 -13.7816

9.65291 22.4223 -10.2516
12.1379 19.4493 -9.82859

End chain 1
