-13.201 -6.296 -53.957
-10.703 -3.406 -53.291
-9.54 -3.087 -49.639
-11.02 0.322 -48.639
-8.614 1.85 -46.053
-10.787 3.126 -43.162

-9.634 6.195 -41.181
-10.061 4.9 -37.589
-10.286 6.838 -34.306
-12.195 7.103 -30.979
-14.163 9.439 -28.711
-12.619 10.223 -25.263
-14.157 12.207 -22.344

-11.943 15.248 -21.466
-14.301 16.978 -18.949
-17.827 16.65 -17.399
-19.139 18.761 -20.353

-16.752 17.96 -23.312
-15.482 14.956 -25.281
-12.62 14.751 -27.824
-12.437 12.939 -31.204
-8.982 11.264 -31.393
-8.672 10.357 -35.1

-6.282 10.744 -38.079
-6.98 13.557 -40.6
-9.895 13.022 -43.051

-11.208 15.853 -45.293
-14.92 14.856 -45.011
-14.611 14.37 -41.226
-13.015 17.857 -40.827
-15.875 19.254 -42.999
-18.403 17.482 -40.669
-16.559 18.759 -37.515
-16.844 22.341 -38.957

-20.697 21.797 -39.029
-20.861 21.033 -35.24
-22.116 23.933 -33.104
-20.016 23.255 -29.939
-16.791 22.621 -31.971

-13.393 23.436 -30.391
-10.011 22.816 -32.063
-6.805 22.812 -29.99

-3.883 23.919 -32.209
-1.328 22.314 -29.773
-2.753 18.736 -29.691
-4.334 19.137 -33.217

-7.578 17.622 -31.79
-11.313 18.386 -31.995
-13.683 18.544 -28.991
-17.466 19.001 -28.65
-20.131 19.402 -25.91

-21.257 16.038 -24.476
-24.923 16.743 -25.497
-23.731 16.722 -29.178
-22.178 13.179 -28.839
-25.228 11.354 -30.322
-25.57 14.044 -33.093
-21.852 13.682 -34.021
-21.815 9.829 -34.037
-25.045 9.774 -36.128
-23.507 12.176 -38.75
-20.093 10.348 -38.803

-21.793 6.948 -39.527
-22.962 8.546 -42.834
-19.328 9.196 -43.991
-17.677 6.563 -46.261
-14.251 5.2 -45.121

-14.46 6.789 -41.562
-14.765 4.819 -38.279
-15.142 6.964 -35.114
-15.663 4.659 -32.101

-18.218 6.249 -29.657
-17.862 6.903 -25.912
-18.35 3.469 -24.195
-21.794 2.549 -22.772
-20.235 2.829 -19.255
-19.534 6.58 -19.812
-22.964 7.196 -21.431
-24.623 5.531 -18.378
-22.42 7.523 -15.909

-23.028 10.919 -17.654
-26.668 10.153 -18.714
-27.851 13.482 -17.123

-25.214 15.594 -18.963
-26 13.8 -22.296
-29.631 15.147 -21.909

-29.014 18.802 -20.797
-28.522 21.656 -23.337
-27.494 23.803 -20.296
-24.374 24.206 -18.108
-26.03 23.63 -14.722
-23.195 22.587 -12.38
-23.731 19.355 -10.334

-27.219 19.392 -8.694
-26.798 20.208 -4.988
-26.578 17.032 -2.906
-29.814 16.999 -0.82
-29.276 16.946 2.956
-30.305 13.551 4.343

-32.727 13.25 7.268
-30.389 11.851 9.975
-33.077 12.019 12.787
-33.159 8.159 12.923
-29.32 8.149 13.454
-27.82 8.306 16.969

-27.52 12.074 17.913
-23.991 11.509 19.371
-22.796 10.469 15.867
-24.731 13.185 13.93
-23.402 16.008 16.22
-19.738 14.82 15.861

-19.687 14.822 11.995
-17.445 17.587 10.586

-19.106 19.692 7.763
-17.231 17.783 4.996
-18.064 14.402 6.666
-21.796 15.407 6.677
-21.562 16.318 2.947
-19.943 12.855 2.346
-22.788 11.075 4.244
-25.363 13.084 2.191
-23.555 12.165 -1.104
-23.43 8.459 -0.115
-27.196 8.491 0.728
-28.024 10.343 -2.565

-25.973 7.645 -4.472
-28.214 5.048 -2.67
-25.512 3.7 -0.27

-23.352 2.353 -3.174
-19.956 4.118 -3.237
-16.209 4.012 -2.721
-15.295 6.541 0.021

-11.9619 7.69964 1.16319

-9.12352 8.77667 3.4494
-9.46517 5.61155 5.52502

-8.00917 3.72155 8.54602
-9.32217 4.96255 11.932
-12.1942 7.17555 10.522
-14.6672 4.98755 12.556

-15.8052 2.36055 9.97902
-16.9732 0.0875488 12.882
-19.3242 2.72055 14.464
-20.8372 3.51255 11.002
-21.2432 -0.255451 10.238
-22.9812 -0.951451 13.609
-25.3762 2.00255 12.946
-26.2082 0.861549 9.34302
-26.8072 -2.71645 10.611
-28.9162 -1.47345 13.609
-31.1882 0.537549 11.226

-31.8612 -2.93545 9.65502

-32.3452 -4.70045 13.129
-35.8472 -5.85045 11.918
-34.0112 -7.94945 9.21002
-31.5872 -9.86145 11.558
-29.9422 -12.4065 12.318

-26.7352 -10.4415 11.636
-23.5122 -12.1305 10.417
-20.1962 -10.3215 11.145
-17.0932 -11.7325 9.37102
-13.7902 -10.3505 10.751

-10.0112 -11.0095 11.134
-9.37717 -13.8135 13.715
-7.81717 -11.2985 16.241
-10.6502 -8.63345 16.347

-13.7192 -10.8615 17.151
-13.8562 -9.74645 20.823
-13.1152 -6.09545 19.778
-16.3262 -6.29745 17.654
-18.3752 -7.89045 20.523
-17.2292 -5.07345 22.877
-18.0702 -2.51745 20.117
-21.6832 -3.88245 19.908
-22.0432 -3.85345 23.759
-20.5572 -0.293451 23.871
-22.7842 1.20155 21.126

-26.0822 -0.802451 21.388
-26.8122 -1.04345 25.204
-30.3492 -2.20245 24.096
-28.7252 -5.69445 23.554
-27.9912 -8.27845 26.265

-24.5932 -10.0975 26.005
-26.5992 -13.3135 25.228
-27.7412 -11.6605 21.939

-24.0522 -11.8095 20.724
-22.4662 -15.1175 19.636
-18.6422 -15.0345 19.229

-17.6632 -18.1095 17.183
-14.2772 -19.2965 18.52
-14.1622 -22.8305 16.961
-15.3662 -24.7925 13.883
-17.7302 -26.8135 16.218
-19.7492 -23.8015 17.465
-23.3132 -22.9105 16.307
-23.0362 -19.9665 13.849
-26.7772 -19.0955 14.421
-26.8802 -19.1595 18.275
-27.0692 -15.3255 18.684
-29.0412 -12.4595 17.143

-25.5492 -11.1335 16.186
-23.0262 -13.8265 15.113
-19.2972 -12.8915 14.951
-16.9702 -15.2955 13.035
-13.4902 -15.2885 11.439

-12.6192 -15.7335 7.72502
-10.7182 -19.0025 8.52302
-13.7942 -20.5395 10.261
-16.2612 -19.7625 7.37002

-14.8872 -22.7085 5.28802
-15.2482 -25.0665 8.33102
-18.8042 -23.7335 8.99302
-19.9752 -23.8085 5.28702
-22.6922 -26.4085 6.19202
-24.2042 -23.8295 8.66002
-23.9162 -20.8875 6.13702
-27.0322 -22.4265 4.42602
-29.1492 -20.4445 6.97302
-30.0552 -17.1305 5.20002
-28.3282 -14.2285 6.99002
-30.1972 -11.2085 5.50802

-27.6652 -8.67045 6.94002
-23.8972 -9.29145 6.57702
-20.9682 -7.13845 7.75002
-17.4782 -8.10345 6.50802

-14.6232 -6.23045 8.20702
-11.3022 -5.85845 6.29902

-13.0272 -7.34545 3.17902
-9.72617 -7.20045 1.18002
-9.21317 -10.7355 2.69202
-11.7352 -11.8595 -0.0279847

-9.51917 -10.4295 -2.90598
-8.82217 -13.9025 -4.46298
-11.8742 -15.9765 -5.58798
-9.95517 -19.3415 -5.48998
-9.34717 -19.1095 -1.69098

-11.5122 -21.2625 0.640015
-12.5292 -18.1155 2.66102
-13.7932 -16.4025 -0.544985
-15.5472 -19.5865 -1.85798
-17.4222 -19.8985 1.50002
-18.2742 -16.1305 1.81602
-19.4262 -15.3465 -1.77698
-22.6612 -17.5165 -1.85498
-23.9222 -15.7795 1.34902
-22.9652 -12.2655 0.0840153
-24.8542 -12.8195 -3.23798
-28.1092 -13.9205 -1.42798

-28.0332 -11.6375 1.68302
-30.3332 -8.53545 1.44402

-27.7872 -6.10945 3.04402
-23.9802 -6.34045 2.51902
-21.7302 -3.91645 4.43802
-18.1062 -4.45045 3.32502
-15.3882 -2.51445 5.23602

-11.7002 -1.92845 4.32902
-8.95917 0.718549 4.72102
-7.25117 -0.692451 1.61102
-9.96317 -2.21545 -0.683985
-7.22417 -3.01445 -3.19698
-3.80517 -3.94945 -1.72898
-1.78217 -3.72045 -5.00798
-3.92117 -4.17845 -8.21598

-7.44717 -3.58145 -9.73598
-8.10617 -7.38945 -9.95298
-8.36317 -7.51145 -6.07498
-11.5802 -5.36345 -6.23098
-13.5892 -7.83945 -8.37998
-14.8652 -10.0195 -5.46598
-15.9422 -6.88545 -3.49498
-17.6992 -5.39945 -6.60998
-19.7202 -8.63145 -7.22798
-20.5062 -8.91945 -3.46598
-22.0652 -5.37645 -3.44798

-23.5682 -5.64745 -7.02398
-23.9532 -9.36345 -8.10898
-25.1332 -8.24445 -11.632
-21.8962 -6.28345 -12.36
-19.2982 -8.22945 -14.444
-20.8612 -11.7785 -14.081
-17.5372 -13.2105 -15.423

-14.0622 -12.0125 -14.281
-12.6802 -12.0155 -17.884
-14.8272 -8.96045 -18.882
-13.5262 -7.02445 -15.811
-9.92617 -8.19245 -16.52
-9.98917 -7.15545 -20.236
-11.1992 -3.62745 -19.282
-9.36417 -2.81345 -15.994

-6.47117 -5.34445 -15.616
-4.81217 -4.86145 -19.094
-5.46017 -8.57045 -19.71

-2.88317 -10.2175 -22.041
-3.13217 -13.5655 -23.883
0.147827 -15.4085 -23.126

1.14383 -18.8905 -24.554
0.0938266 -20.4575 -21.167

-3.26217 -18.5645 -20.76
-4.42617 -15.0815 -19.666
-2.33617 -12.6565 -17.584

-4.34717 -10.1855 -15.39
-1.41617 -8.56945 -13.431
-1.74717 -5.24245 -15.324
-3.96617 -2.15545 -14.978
-6.09417 -0.0954512 -17.417
-8.84917 2.59955 -17.495

-8.38917 3.31655 -13.72
-10.2202 6.71455 -13.819
-13.3202 4.93855 -15.276
-12.9952 2.22455 -12.572
-12.8142 4.99255 -9.87898
-16.0222 6.63055 -11.248
-17.8552 3.23555 -11.357
-16.7432 2.41255 -7.76998
-17.8022 5.81055 -6.28298
-21.2042 5.86055 -8.09598
-22.3812 2.25155 -7.56098

-20.1502 0.249549 -5.09498

-18.0172 2.30755 -2.71098
-18.0752 5.20155 -0.239985

-14.4722 6.44355 0.293015
-13.1652 9.44455 2.28202
-9.59017 10.2795 3.25602

-8.06417 11.7635 6.48402
-7.45317 14.9675 4.46202
-11.2082 15.2165 3.56202
-12.6482 14.8465 7.12202

-9.83717 15.3415 9.74402
-7.87617 18.5765 8.91302
-6.46217 18.3395 12.513
-4.45717 15.0715 12.097

-0.658173 15.7655 12.082
1.09483 15.0315 8.75802

2.75083 11.6615 8.01502
6.36683 12.5095 7.03702
7.90383 9.61955 5.03502
11.5828 9.12155 4.08802
13.9448 6.51255 2.68602
16.9858 5.81755 4.92702
19.8048 4.26355 2.87202

21.5848 2.06255 5.46302
25.2998 1.88155 4.65302

26.2838 -1.34945 2.73002
29.8988 -0.878451 4.05802
28.8608 -3.07045 7.08002

27.8198 -5.85945 4.59502
30.9578 -8.04045 4.66102

32.4638 -9.31345 1.36302
31.1518 -12.9315 1.90402
27.5298 -11.7335 2.45502
27.8068 -9.40345 -0.605985
29.2358 -12.2485 -2.75798
26.2978 -14.4655 -1.57298
23.7518 -11.7305 -2.57098
25.5488 -11.3325 -5.96098
25.4618 -15.1585 -6.39198
21.6888 -15.4675 -5.64398
21.0008 -12.4155 -7.91198
22.9558 -14.0915 -10.799
21.1818 -17.4045 -10.008
17.6848 -15.8525 -10.592
18.7758 -14.5215 -14.063

20.2558 -17.8515 -15.315
18.4258 -18.9495 -18.52
18.5668 -22.7295 -17.985
16.6958 -22.8905 -14.6
13.1228 -24.1185 -14.093

10.3268 -21.7315 -12.939
10.6458 -23.3935 -9.47598
14.4678 -22.9345 -9.18698
13.9168 -19.2325 -10.158
11.3278 -18.8795 -7.28298
13.6958 -20.6995 -4.84598
16.6448 -18.4075 -5.80298
14.2938 -15.3695 -5.34698
13.2788 -16.5715 -1.82298
16.9938 -17.1525 -1.01598
17.9638 -13.6315 -2.28798
15.1368 -12.0925 -0.172985
16.0918 -14.0415 3.02502
19.8248 -13.1245 2.45802
18.7748 -9.43445 2.09802
17.1238 -9.62345 5.55802
20.2838 -11.2045 7.12702
22.5838 -8.64345 5.39902
20.5848 -5.66945 6.84502
20.5318 -6.86545 10.543
23.8188 -5.11245 11.68
22.8818 -1.67945 10.208
19.1968 -2.03445 11.248
20.5378 -2.58245 14.819
23.0098 0.360549 14.432
20.0828 2.61155 13.349
17.7708 1.45955 16.239
20.5758 2.22755 18.75
21.2298 5.67755 17.125
17.4808 6.47455 17.601
17.6078 5.46355 21.326
20.9328 7.32855 21.916

19.2748 10.4075 20.233
16.7948 10.3925 23.207
13.6258 9.09555 21.416
10.9318 8.14255 23.944
8.67883 5.79355 21.82

8.89783 4.19855 18.339
7.72983 1.12255 16.368
10.0998 -1.23945 14.493
8.51383 -3.30645 11.689
10.1348 -6.46145 10.218

8.75283 -9.76245 8.74102
11.6308 -12.3065 8.79602

11.7618 -13.9905 12.249
15.6248 -13.7885 12.307
15.3948 -9.93145 12.065
12.7918 -9.74645 14.909
14.9528 -12.1815 16.995
18.2178 -10.1995 16.441
16.5408 -6.82045 17.287
14.9878 -8.24945 20.526
18.3238 -9.88245 21.556
20.2658 -6.57945 21.136
17.5798 -4.56645 23.044
17.7978 -7.15745 25.909
21.6598 -6.93345 25.794

21.3718 -3.07845 26.05
18.7038 -3.51045 28.851
16.1258 -1.55045 26.749
12.5218 -2.23745 27.818

10.5188 -3.22845 24.707
7.43383 -5.19645 23.541
7.35583 -7.91345 20.825
4.35383 -9.01445 18.681

4.61983 -11.7365 15.983
2.78683 -14.8325 14.569
3.36483 -16.7495 17.878
1.93083 -14.0005 20.194
-1.58217 -15.0055 21.383
-4.74517 -12.9095 20.727
-5.11817 -11.8015 24.415

-1.36017 -11.1595 25.002
-1.36917 -8.93445 21.835
-3.93017 -6.60245 23.499
-2.08117 -6.65745 26.883
1.35483 -5.86945 25.275
-0.386173 -3.10045 23.252
-1.72017 -1.61245 26.552
1.75683 -1.99545 28.205
3.40483 0.0205488 25.337
0.556827 2.62055 25.387
0.482827 3.18455 29.198

4.11583 2.52155 30.332
6.69983 5.30355 29.646
9.50283 2.67555 30.096
8.69183 0.671549 26.918
10.6608 2.65255 24.297

10.5188 0.128549 21.384
7.75883 -2.04245 19.905
9.22083 -4.90445 17.775
6.36483 -5.81445 15.402
5.79083 -8.34245 12.614

4.47883 -6.44645 9.51302
2.04983 -9.35645 8.80402
0.986827 -10.2055 12.401
0.499827 -6.61145 13.768
-1.22217 -5.08245 10.635
-4.68317 -5.55645 12.323
-6.68117 -4.60045 15.474
-3.91417 -2.83445 17.469
-3.46517 0.937549 18.154
-0.0121734 2.48055 18.863
-0.849173 6.21555 19.309
1.86083 6.54755 22.062
4.64483 6.48255 19.389
5.52883 9.28755 16.892

7.97583 7.21055 14.75
7.66683 4.04655 12.608
10.8338 2.27955 11.323
10.4568 -0.353451 8.57902

13.6168 -2.47645 9.02302
12.4078 -4.49645 5.99202
10.3968 -3.69345 2.84402
7.20383 -5.65845 2.04802
6.11783 -6.21245 -1.61898
2.47183 -5.24045 -0.873985

1.93183 -1.46345 -0.225985
-1.54117 -2.01145 1.33702
0.159827 -3.87845 4.25702
2.77883 -1.08245 4.67202
-0.0581734 1.54555 4.82602
-1.93817 -0.694451 7.36102
1.23983 -0.701451 9.54102
1.71383 3.14955 9.30902

-1.98417 3.62455 10.327
-1.31017 1.77755 13.611
0.310827 5.05755 14.876
-1.62117 7.57955 12.731
-5.00517 7.08655 14.555
-7.54517 9.26055 16.438
-5.62117 10.2025 19.635
-2.31317 10.9745 17.813
-1.08417 14.5745 18.527
2.43783 14.5055 16.914
3.54083 14.4685 13.228

4.16283 10.7875 12.405
7.65283 9.96655 11.073
7.91483 6.91555 8.73802
11.4758 5.66355 7.99702
11.9798 2.97955 5.28502
15.3998 1.28455 5.79302
16.9328 0.268549 2.39002

20.3218 -1.23145 1.36802
22.0228 -0.712451 -2.06098
23.1288 -4.07745 -3.58498
20.1058 -6.05245 -2.16698
16.4338 -7.05245 -2.79298

15.4218 -3.46845 -1.71398
16.7408 -2.12445 -5.09798
13.9608 -4.13245 -6.90798
11.2618 -4.05545 -4.17398
11.2258 -0.241451 -3.75398
10.4148 0.600549 -7.46798
7.82983 -2.28645 -7.41798
6.12083 -0.849451 -4.27398
6.13383 2.66355 -5.89098
4.44083 1.58055 -9.17298
1.83983 -0.344451 -7.05798
0.997827 2.79055 -4.93898
0.637827 4.78255 -8.21098
-1.83517 2.13755 -9.57598
-3.75717 2.40355 -6.24398
-3.74217 6.26755 -6.40798
-4.96917 6.35155 -10.078

-7.84217 4.02955 -8.96098
-8.64217 6.57155 -6.11598
-7.56617 3.97055 -3.47198
-4.54617 5.87755 -1.99598
-3.37117 9.49255 -1.42398
0.0868266 8.05355 -0.688985
2.56083 9.18955 -3.33398
6.00083 7.51755 -2.86098
7.88583 9.32355 -5.74998

8.89183 12.4125 -3.66798
10.9398 10.2235 -1.22498
13.2868 8.90655 -4.00398
14.1378 12.3035 -5.56298

15.4028 13.2625 -2.03298
17.8878 10.2895 -1.60998

End chain 1
