-13.201 -6.296 -53.957
-10.703 -3.406 -53.291
-9.54 -3.087 -49.639
-11.02 0.322 -48.639
-8.614 1.85 -46.053
-10.787 3.126 -43.162

-9.634 6.195 -41.181
-10.061 4.9 -37.589
-10.286 6.838 -34.306
-12.195 7.103 -30.979
-14.163 9.439 -28.711
-12.619 10.223 -25.263
-14.157 12.207 -22.344

-11.943 15.248 -21.466
-14.301 16.978 -18.949
-17.827 16.65 -17.399
-19.139 18.761 -20.353

-16.752 17.96 -23.312
-15.482 14.956 -25.281
-12.62 14.751 -27.824
-12.437 12.939 -31.204
-8.982 11.264 -31.393
-8.672 10.357 -35.1

-6.282 10.744 -38.079
-6.98 13.557 -40.6
-9.895 13.022 -43.051

-11.208 15.853 -45.293
-14.92 14.856 -45.011
-14.611 14.37 -41.226
-13.015 17.857 -40.827
-15.875 19.254 -42.999
-18.403 17.482 -40.669
-16.559 18.759 -37.515
-16.844 22.341 -38.957

-20.697 21.797 -39.029
-20.861 21.033 -35.24
-22.116 23.933 -33.104
-20.016 23.255 -29.939
-16.791 22.621 -31.971

-13.393 23.436 -30.391
-10.011 22.816 -32.063
-6.805 22.812 -29.99

-3.883 23.919 -32.209
-1.328 22.314 -29.773
-2.753 18.736 -29.691
-4.334 19.137 -33.217

-7.578 17.622 -31.79
-11.313 18.386 -31.995
-13.683 18.544 -28.991
-17.466 19.001 -28.65
-20.131 19.402 -25.91

-21.257 16.038 -24.476
-24.923 16.743 -25.497
-23.731 16.722 -29.178
-22.178 13.179 -28.839
-25.228 11.354 -30.322
-25.57 14.044 -33.093
-21.852 13.682 -34.021
-21.815 9.829 -34.037
-25.045 9.774 -36.128
-23.507 12.176 -38.75
-20.093 10.348 -38.803

-21.793 6.948 -39.527
-22.962 8.546 -42.834
-19.328 9.196 -43.991
-17.677 6.563 -46.261
-14.251 5.2 -45.121

-14.46 6.789 -41.562
-14.765 4.819 -38.279
-15.142 6.964 -35.114
-15.663 4.659 -32.101

-18.218 6.249 -29.657
-17.862 6.903 -25.912
-18.35 3.469 -24.195
-21.794 2.549 -22.772
-20.235 2.829 -19.255
-19.534 6.58 -19.812
-22.964 7.196 -21.431
-24.623 5.531 -18.378
-22.42 7.523 -15.909

-23.028 10.919 -17.654
-26.668 10.153 -18.714
-27.851 13.482 -17.123

-25.214 15.594 -18.963
-26 13.8 -22.296
-29.631 15.147 -21.909

-29.014 18.802 -20.797
-28.522 21.656 -23.337
-27.494 23.803 -20.296
-24.374 24.206 -18.108
-26.03 23.63 -14.722
-23.195 22.587 -12.38
-23.731 19.355 -10.334

-27.219 19.392 -8.694
-26.798 20.208 -4.988
-26.578 17.032 -2.906
-29.814 16.999 -0.82
-29.276 16.946 2.956
-30.305 13.551 4.343

-32.727 13.25 7.268
-30.389 11.851 9.975
-33.077 12.019 12.787
-33.159 8.159 12.923
-29.32 8.149 13.454
-27.82 8.306 16.969

-27.52 12.074 17.913
-23.991 11.509 19.371
-22.796 10.469 15.867
-24.731 13.185 13.93
-23.402 16.008 16.22
-19.738 14.82 15.861

-19.687 14.822 11.995
-17.445 17.587 10.586

-19.106 19.692 7.763
-17.231 17.783 4.996
-18.064 14.402 6.666
-21.796 15.407 6.677
-21.562 16.318 2.947
-19.943 12.855 2.346
-22.788 11.075 4.244
-25.363 13.084 2.191
-23.555 12.165 -1.104
-23.43 8.459 -0.115
-27.196 8.491 0.728
-28.024 10.343 -2.565

-25.973 7.645 -4.472
-28.214 5.048 -2.67
-25.512 3.7 -0.27

-23.352 2.353 -3.174
-19.956 4.118 -3.237
-16.209 4.012 -2.721
-15.295 6.541 0.021

-11.694 7.195 -1.128

-11.135 10.189 1.225
-7.504 10.605 2.377

-6.048 8.715 5.398
-7.361 9.956 8.784
-10.233 12.169 7.374
-12.706 9.981 9.408

-13.844 7.354 6.831
-15.012 5.081 9.734
-17.363 7.714 11.316
-18.876 8.506 7.854
-19.282 4.738 7.09
-21.02 4.042 10.461
-23.415 6.996 9.798
-24.247 5.855 6.195
-24.846 2.277 7.463
-26.955 3.52 10.461
-29.227 5.531 8.078

-29.8199 2.43885 6.09193

-31.6563 3.45934 2.9251
-33.3272 6.36589 4.71485
-29.9893 7.5763 6.07005
-28.4266 7.44568 2.6083
-31.3021 9.44212 1.12896

-28.0951 11.4071 0.446962
-24.8721 9.71812 -0.772038
-21.5561 11.5271 -0.0440379
-18.4531 10.1161 -1.81804
-15.1501 11.4981 -0.438038

-11.3711 10.8391 -0.0550379
-10.7371 8.03512 2.52596
-9.17712 10.5501 5.05196
-12.0101 13.2151 5.15796

-15.0791 10.9871 5.96196
-15.2161 12.1021 9.63396
-14.4751 15.7531 8.58896
-17.6861 15.5511 6.46496
-19.7351 13.9581 9.33396
-18.5891 16.7751 11.688
-19.4301 19.3311 8.92796
-23.0431 17.9661 8.71896
-23.4031 17.9951 12.57
-21.9171 21.5551 12.682
-24.1441 23.0501 9.93696

-27.4421 21.0461 10.199
-28.1721 20.8051 14.015
-31.7091 19.6461 12.907
-30.0851 16.1541 12.365
-29.3511 13.5701 15.076

-25.9531 11.7511 14.816
-27.9591 8.53512 14.039
-29.1011 10.1881 10.75

-25.4121 10.0391 9.53496
-23.8261 6.73112 8.44696
-20.0021 6.81412 8.03996

-19.0231 3.73912 5.99396
-15.6371 2.55212 7.33096
-15.5221 -0.981877 5.77196
-16.7261 -2.94388 2.69396
-19.0901 -4.96488 5.02896
-21.1091 -1.95288 6.27596
-24.6731 -1.06188 5.11796
-24.3961 1.88212 2.65996
-28.1371 2.75312 3.23196
-28.2401 2.68912 7.08596
-28.4291 6.52312 7.49496
-30.4011 9.38912 5.95396

-26.9091 10.7151 4.99696
-24.3861 8.02212 3.92396
-20.6571 8.95712 3.76196
-18.3301 6.55312 1.84596
-14.8501 6.56012 0.249962

-13.9791 6.11512 -3.46404
-12.0781 2.84612 -2.66604
-15.1541 1.30912 -0.928038
-17.6211 2.08612 -3.81904

-16.2471 -0.859877 -5.90104
-16.6081 -3.21788 -2.85804
-20.1641 -1.88488 -2.19604
-21.3351 -1.95988 -5.90204
-24.0521 -4.55988 -4.99704
-25.5641 -1.98088 -2.52904
-25.2761 0.961123 -5.05204
-28.3921 -0.577877 -6.76304
-30.5091 1.40412 -4.21604
-31.4151 4.71812 -5.98904
-29.6881 7.62012 -4.19904
-31.5571 10.6401 -5.68104

-29.0251 13.1781 -4.24904
-25.2571 12.5571 -4.61204
-22.3281 14.7101 -3.43904
-18.8381 13.7451 -4.68104

-15.9831 15.6181 -2.98204
-12.6621 15.9901 -4.89004

-14.3871 14.5031 -8.01004
-11.0861 14.6481 -10.009
-10.5731 11.1131 -8.49704
-13.0951 9.98912 -11.217

-10.8791 11.4191 -14.095
-10.1821 7.94612 -15.652
-13.2341 5.87212 -16.777
-11.3151 2.50712 -16.679
-10.7071 2.73912 -12.88

-12.8721 0.586123 -10.549
-13.8891 3.73312 -8.52804
-15.1531 5.44612 -11.734
-16.9071 2.26212 -13.047
-18.7821 1.95012 -9.68904
-19.6341 5.71812 -9.37304
-20.7861 6.50212 -12.966
-24.0211 4.33212 -13.044
-25.2821 6.06912 -9.84004
-24.3251 9.58312 -11.105
-26.2141 9.02912 -14.427
-29.4691 7.92812 -12.617

-29.3931 10.2111 -9.50604
-31.6931 13.3131 -9.74504

-29.1471 15.7391 -8.14504
-25.3401 15.5081 -8.67004
-23.0901 17.9321 -6.75104
-19.4661 17.3981 -7.86404
-16.7481 19.3341 -5.95304

-13.0601 19.9201 -6.86004
-10.3191 22.5671 -6.46804
-8.61112 21.1561 -9.57804
-11.3231 19.6331 -11.873
-8.58412 18.8341 -14.386
-5.16512 17.8991 -12.918
-3.14212 18.1281 -16.197
-5.28112 17.6701 -19.405

-8.80712 18.2671 -20.925
-9.46612 14.4591 -21.142
-9.72312 14.3371 -17.264
-12.9401 16.4851 -17.42
-14.9491 14.0091 -19.569
-16.2251 11.8291 -16.655
-17.3021 14.9631 -14.684
-19.0591 16.4491 -17.799
-21.0801 13.2171 -18.417
-21.8661 12.9291 -14.655
-23.4251 16.4721 -14.637

-24.9281 16.2011 -18.213
-25.3131 12.4851 -19.298
-26.4931 13.6041 -22.821
-23.2561 15.5651 -23.549
-20.6581 13.6191 -25.633
-22.2211 10.0701 -25.27
-18.8971 8.63812 -26.612

-15.4221 9.83612 -25.47
-14.0401 9.83312 -29.073
-16.1871 12.8881 -30.071
-14.8861 14.8241 -27
-11.2861 13.6561 -27.709
-11.3491 14.6931 -31.425
-12.5591 18.2211 -30.471
-10.7241 19.0351 -27.183

-7.83112 16.5041 -26.805
-6.17212 16.9871 -30.283
-6.82012 13.2781 -30.899

-4.24312 11.6311 -33.23
-4.49212 8.28312 -35.072
-1.21212 6.44012 -34.315

-0.216118 2.95812 -35.743
-1.26612 1.39112 -32.356

-4.62212 3.28412 -31.949
-5.78612 6.76712 -30.855
-3.69612 9.19212 -28.773

-5.70712 11.6631 -26.579
-2.77612 13.2791 -24.62
-3.10712 16.6061 -26.513
-5.32612 19.6931 -26.167
-7.45412 21.7531 -28.606
-10.2091 24.4481 -28.684

-9.74912 25.1651 -24.909
-11.5801 28.5631 -25.008
-14.6801 26.7871 -26.465
-14.3551 24.0731 -23.761
-14.1741 26.8411 -21.068
-17.3821 28.4791 -22.437
-19.2151 25.0841 -22.546
-18.1031 24.2611 -18.959
-19.1621 27.6591 -17.472
-22.5641 27.7091 -19.285
-23.7411 24.1001 -18.75

-21.5101 22.0981 -16.284

-19.3771 24.1561 -13.9
-19.4351 27.0501 -11.429

-15.8321 28.2921 -10.896
-14.5251 31.2931 -8.90704
-10.9501 32.1281 -7.93304

-9.42412 33.6121 -4.70504
-8.81312 36.8161 -6.72704
-12.5681 37.0651 -7.62704
-14.0081 36.6951 -4.06704

-11.1971 37.1901 -1.44504
-9.23612 40.4251 -2.27604
-7.82212 40.1881 1.32396
-5.81712 36.9201 0.907962

-2.01812 37.6141 0.892962
-0.265118 36.8801 -2.43104

1.39088 33.5101 -3.17404
5.00688 34.3581 -4.15204
6.54388 31.4681 -6.15404
10.2229 30.9701 -7.10104
12.5849 28.3611 -8.50304
15.6259 27.6661 -6.26204
18.4449 26.1121 -8.31704

20.2249 23.9111 -5.72604
23.9399 23.7301 -6.53604

24.9239 20.4991 -8.45904
28.5389 20.9701 -7.13104
27.5009 18.7781 -4.10904

26.4599 15.9891 -6.59404
29.5979 13.8081 -6.52804

31.1039 12.5351 -9.82604
29.7919 8.91712 -9.28504
26.1699 10.1151 -8.73404
26.4469 12.4451 -11.795
27.8759 9.60012 -13.947
24.9379 7.38312 -12.762
22.3919 10.1181 -13.76
24.1889 10.5161 -17.15
24.1019 6.69012 -17.581
20.3289 6.38112 -16.833
19.6409 9.43312 -19.101
21.5959 7.75712 -21.988
19.8219 4.44412 -21.197
16.3249 5.99612 -21.781
17.4159 7.32712 -25.252

18.8959 3.99712 -26.504
17.0659 2.89912 -29.709
17.2069 -0.880877 -29.174
15.3359 -1.04188 -25.789
11.7629 -2.26988 -25.282

8.96688 0.117123 -24.128
9.28588 -1.54488 -20.665
13.1079 -1.08588 -20.376
12.5569 2.61612 -21.347
9.96788 2.96912 -18.472
12.3359 1.14912 -16.035
15.2849 3.44112 -16.992
12.9339 6.47912 -16.536
11.9189 5.27712 -13.012
15.6339 4.69612 -12.205
16.6039 8.21712 -13.477
13.7769 9.75612 -11.362
14.7319 7.80712 -8.16404
18.4649 8.72412 -8.73104
17.4149 12.4141 -9.09104
15.7639 12.2251 -5.63104
18.9239 10.6441 -4.06204
21.2239 13.2051 -5.79004
19.2249 16.1791 -4.34404
19.1719 14.9831 -0.646038
22.4589 16.7361 0.490962
21.5219 20.1691 -0.981038
17.8369 19.8141 0.0589621
19.1779 19.2661 3.62996
21.6499 22.2091 3.24296
18.7229 24.4601 2.15996
16.4109 23.3081 5.04996
19.2159 24.0761 7.56096
19.8699 27.5261 5.93596
16.1209 28.3231 6.41196
16.2479 27.3121 10.137
19.5729 29.1771 10.727

17.9149 32.2561 9.04396
15.4349 32.2411 12.018
12.2659 30.9441 10.227
9.57188 29.9911 12.755
7.31888 27.6421 10.631

7.53788 26.0471 7.14996
6.36988 22.9711 5.17896
8.73988 20.6091 3.30396
7.15388 18.5421 0.499962
8.77488 15.3871 -0.971038

7.39288 12.0861 -2.44804
10.2709 9.54212 -2.39304

10.4019 7.85812 1.05996
14.2649 8.06012 1.11796
14.0349 11.9171 0.875962
11.4319 12.1021 3.71996
13.5929 9.66712 5.80596
16.8579 11.6491 5.25196
15.1809 15.0281 6.09796
13.6279 13.5991 9.33696
16.9639 11.9661 10.367
18.9059 15.2691 9.94696
16.2199 17.2821 11.855
16.4379 14.6911 14.72
20.2999 14.9151 14.605

20.0119 18.7701 14.861
17.3439 18.3381 17.662
14.7659 20.2981 15.56
11.1619 19.6111 16.629

9.15888 18.6201 13.518
6.07388 16.6521 12.352
5.99588 13.9351 9.63596
2.99388 12.8341 7.49196

3.25988 10.1121 4.79396
1.42688 7.01612 3.37996
2.00488 5.09912 6.68896
0.570882 7.84812 9.00496
-2.94212 6.84312 10.194
-6.10512 8.93912 9.53796
-6.47812 10.0471 13.226

-2.72012 10.6891 13.813
-2.72912 12.9141 10.646
-5.29012 15.2461 12.31
-3.44112 15.1911 15.694
-0.00511836 15.9791 14.086
-1.74612 18.7481 12.063
-3.08012 20.2361 15.363
0.396882 19.8531 17.016
2.04488 21.8691 14.148
-0.803118 24.4691 14.198
-0.877118 25.0331 18.009

2.75588 24.3701 19.143
5.33988 27.1521 18.457
8.14288 24.5241 18.907
7.33188 22.5201 15.729
9.30088 24.5011 13.108

9.15888 21.9771 10.195
6.39888 19.8061 8.71596
7.86088 16.9441 6.58596
5.00488 16.0341 4.21296
4.43088 13.5061 1.42496

3.11888 15.4021 -1.67604
0.689882 12.4921 -2.38504
-0.373118 11.6431 1.21196
-0.860118 15.2371 2.57896
-2.58212 16.7661 -0.554038
-6.04312 16.2921 1.13396
-8.04112 17.2481 4.28496
-5.27412 19.0141 6.27996
-4.82512 22.7861 6.96496
-1.37212 24.3291 7.67396
-2.20912 28.0641 8.11996
0.500882 28.3961 10.873
3.28488 28.3311 8.19996
4.16888 31.1361 5.70296

6.61588 29.0591 3.56096
6.30688 25.8951 1.41896
9.47388 24.1281 0.133962
9.09688 21.4951 -2.61004

12.2569 19.3721 -2.16604
11.0479 17.3521 -5.19704
9.03688 18.1551 -8.34504
5.84388 16.1901 -9.14104
4.75788 15.6361 -12.808
1.11188 16.6081 -12.063

0.571882 20.3851 -11.415
-2.90112 19.8371 -9.85204
-1.20012 17.9701 -6.93204
1.41888 20.7661 -6.51704
-1.41812 23.3941 -6.36304
-3.29812 21.1541 -3.82804
-0.120118 21.1471 -1.64804
0.353882 24.9981 -1.88004

-3.34412 25.4731 -0.862038
-2.67012 23.6261 2.42196
-1.04912 26.9061 3.68696
-2.98112 29.4281 1.54196
-6.36512 28.9351 3.36596
-8.90512 31.1091 5.24896
-6.98112 32.0511 8.44596
-3.67312 32.8231 6.62396
-2.44412 36.4231 7.33796
1.07788 36.3541 5.72496
2.18088 36.3171 2.03896

2.80288 32.6361 1.21596
6.29288 31.8151 -0.116038
6.55488 28.7641 -2.45104
10.1159 27.5121 -3.19204
10.6199 24.8281 -5.90404
14.0399 23.1331 -5.39604
15.5729 22.1171 -8.79904

18.9619 20.6171 -9.82104
20.6629 21.1361 -13.25
21.7689 17.7711 -14.774
18.7459 15.7961 -13.356
15.0739 14.7961 -13.982

14.0619 18.3801 -12.903
15.3809 19.7241 -16.287
12.6009 17.7161 -18.097
9.90188 17.7931 -15.363
9.86588 21.6071 -14.943
9.05488 22.4491 -18.657
6.46988 19.5621 -18.607
4.76088 20.9991 -15.463
4.77388 24.5121 -17.08
3.08088 23.4291 -20.362
0.479882 21.5041 -18.247
-0.362118 24.6391 -16.128
-0.722118 26.6311 -19.4
-3.19512 23.9861 -20.765
-5.11712 24.2521 -17.433
-5.10212 28.1161 -17.597
-6.32912 28.2001 -21.267

-9.20212 25.8781 -20.15
-10.0021 28.4201 -17.305
-8.92612 25.8191 -14.661
-5.90612 27.7261 -13.185
-4.73112 31.3411 -12.613
-1.27312 29.9021 -11.878
1.20088 31.0381 -14.523
4.64088 29.3661 -14.05
6.52588 31.1721 -16.939

7.53188 34.2611 -14.857
9.57988 32.0721 -12.414
11.9269 30.7551 -15.193
12.7779 34.1521 -16.752

14.0429 35.1111 -13.222
16.5279 32.1381 -12.799

End chain 1
