-13.201 -6.296 -53.957
-10.703 -3.406 -53.291
-9.54 -3.087 -49.639
-11.02 0.322 -48.639
-8.614 1.85 -46.053
-10.787 3.126 -43.162

-9.634 6.195 -41.181
-10.061 4.9 -37.589
-10.286 6.838 -34.306
-12.195 7.103 -30.979
-14.163 9.439 -28.711
-12.619 10.223 -25.263
-14.157 12.207 -22.344

-11.943 15.248 -21.466
-14.301 16.978 -18.949
-17.827 16.65 -17.399
-19.139 18.761 -20.353

-16.752 17.96 -23.312
-15.482 14.956 -25.281
-12.62 14.751 -27.824
-12.437 12.939 -31.204
-8.982 11.264 -31.393
-8.672 10.357 -35.1

-6.282 10.744 -38.079
-6.98 13.557 -40.6
-9.895 13.022 -43.051

-11.208 15.853 -45.293
-14.92 14.856 -45.011
-14.611 14.37 -41.226
-13.015 17.857 -40.827
-15.875 19.254 -42.999
-18.403 17.482 -40.669
-16.559 18.759 -37.515
-16.844 22.341 -38.957

-20.697 21.797 -39.029
-20.861 21.033 -35.24
-22.116 23.933 -33.104
-20.016 23.255 -29.939
-16.791 22.621 -31.971

-13.393 23.436 -30.391
-10.011 22.816 -32.063
-6.805 22.812 -29.99

-3.883 23.919 -32.209
-1.328 22.314 -29.773
-2.753 18.736 -29.691
-4.334 19.137 -33.217

-7.578 17.622 -31.79
-11.313 18.386 -31.995
-13.683 18.544 -28.991
-17.466 19.001 -28.65
-20.131 19.402 -25.91

-21.257 16.038 -24.476
-24.923 16.743 -25.497
-23.731 16.722 -29.178
-22.178 13.179 -28.839
-25.228 11.354 -30.322
-25.57 14.044 -33.093
-21.852 13.682 -34.021
-21.815 9.829 -34.037
-25.045 9.774 -36.128
-23.507 12.176 -38.75
-20.093 10.348 -38.803

-21.793 6.948 -39.527
-22.962 8.546 -42.834
-19.328 9.196 -43.991
-17.677 6.563 -46.261
-14.251 5.2 -45.121

-14.46 6.789 -41.562
-14.765 4.819 -38.279
-15.142 6.964 -35.114
-15.663 4.659 -32.101

-18.218 6.249 -29.657
-17.862 6.903 -25.912
-18.35 3.469 -24.195
-21.794 2.549 -22.772
-20.235 2.829 -19.255
-19.534 6.58 -19.812
-22.964 7.196 -21.431
-24.623 5.531 -18.378
-22.42 7.523 -15.909

-23.028 10.919 -17.654
-26.668 10.153 -18.714
-27.851 13.482 -17.123

-25.214 15.594 -18.963
-26 13.8 -22.296
-29.631 15.147 -21.909

-29.014 18.802 -20.797
-28.522 21.656 -23.337
-27.494 23.803 -20.296
-24.374 24.206 -18.108
-26.03 23.63 -14.722
-23.195 22.587 -12.38
-23.731 19.355 -10.334

-27.219 19.392 -8.694
-26.798 20.208 -4.988
-26.578 17.032 -2.906
-29.814 16.999 -0.82
-29.276 16.946 2.956
-30.305 13.551 4.343

-32.727 13.25 7.268
-30.389 11.851 9.975
-33.077 12.019 12.787
-33.159 8.159 12.923
-29.32 8.149 13.454
-27.82 8.306 16.969

-27.52 12.074 17.913
-23.991 11.509 19.371
-22.796 10.469 15.867
-24.731 13.185 13.93
-23.402 16.008 16.22
-19.738 14.82 15.861

-19.687 14.822 11.995
-17.445 17.587 10.586

-19.106 19.692 7.763
-17.231 17.783 4.996
-18.064 14.402 6.666
-21.796 15.407 6.677
-21.562 16.318 2.947
-19.943 12.855 2.346
-22.788 11.075 4.244
-25.363 13.084 2.191
-23.555 12.165 -1.104
-23.43 8.459 -0.115
-27.196 8.491 0.728
-28.024 10.343 -2.565

-25.973 7.645 -4.472
-28.214 5.048 -2.67
-25.512 3.7 -0.27

-23.352 2.353 -3.174
-19.956 4.118 -3.237
-16.209 4.012 -2.721
-15.295 6.541 0.021

-11.694 7.195 -1.128

-11.135 10.189 1.225
-7.504 10.605 2.377

-6.048 8.715 5.398
-7.361 9.956 8.784
-10.233 12.169 7.374
-12.706 9.981 9.408

-13.844 7.354 6.831
-15.012 5.081 9.734
-17.363 7.714 11.316
-18.876 8.506 7.854
-19.282 4.738 7.09
-21.02 4.042 10.461
-23.415 6.996 9.798
-24.247 5.855 6.195
-24.846 2.277 7.463
-26.955 3.52 10.461
-29.227 5.531 8.078

-29.9 2.058 6.507

-30.384 0.293 9.981
-33.886 -0.857 8.77
-32.05 -2.956 6.062
-29.626 -4.868 8.41
-27.981 -7.413 9.17

-24.774 -5.448 8.488
-21.551 -7.137 7.269
-18.235 -5.328 7.997
-15.132 -6.739 6.223
-11.829 -5.357 7.603

-8.05 -6.016 7.986
-7.416 -8.82 10.567
-5.856 -6.305 13.093
-8.689 -3.64 13.199

-11.758 -5.868 14.003
-11.895 -4.753 17.675
-11.154 -1.102 16.63
-14.365 -1.304 14.506
-16.414 -2.897 17.375
-15.268 -0.08 19.729
-16.109 2.476 16.969
-19.722 1.111 16.76
-20.082 1.14 20.611
-18.596 4.7 20.723
-20.823 6.195 17.978

-24.121 4.191 18.24
-24.851 3.95 22.056
-28.388 2.791 20.948
-26.764 -0.701 20.406
-26.03 -3.285 23.117

-22.632 -5.104 22.857
-24.638 -8.32 22.08
-25.78 -6.667 18.791

-22.091 -6.816 17.576
-20.505 -10.124 16.488
-16.681 -10.041 16.081

-15.702 -13.116 14.035
-12.316 -14.303 15.372
-12.201 -17.837 13.813
-13.405 -19.799 10.735
-15.769 -21.82 13.07
-17.788 -18.808 14.317
-21.352 -17.917 13.159
-21.075 -14.973 10.701
-24.816 -14.102 11.273
-24.919 -14.166 15.127
-25.108 -10.332 15.536
-27.08 -7.466 13.995

-23.588 -6.14 13.038
-21.065 -8.833 11.965
-17.336 -7.898 11.803
-15.009 -10.302 9.887
-11.529 -10.295 8.291

-10.658 -10.74 4.577
-8.757 -14.009 5.375
-11.833 -15.546 7.113
-14.3 -14.769 4.222

-12.926 -17.715 2.14
-13.287 -20.073 5.183
-16.843 -18.74 5.845
-18.014 -18.815 2.139
-20.731 -21.415 3.044
-22.243 -18.836 5.512
-21.955 -15.894 2.989
-25.071 -17.433 1.278
-27.188 -15.451 3.825
-28.094 -12.137 2.052
-26.367 -9.235 3.842
-28.236 -6.215 2.36

-25.704 -3.677 3.792
-21.936 -4.298 3.429
-19.007 -2.145 4.602
-15.517 -3.11 3.36

-12.662 -1.237 5.059
-9.341 -0.865 3.151

-11.066 -2.352 0.031
-7.765 -2.207 -1.968
-7.252 -5.742 -0.456
-9.774 -6.866 -3.176

-7.558 -5.436 -6.054
-6.861 -8.909 -7.611
-9.913 -10.983 -8.736
-7.994 -14.348 -8.638
-7.386 -14.116 -4.839

-9.551 -16.269 -2.508
-10.568 -13.122 -0.487
-11.832 -11.409 -3.693
-13.586 -14.593 -5.006
-15.461 -14.905 -1.648
-16.313 -11.137 -1.332
-17.465 -10.353 -4.925
-20.7 -12.523 -5.003
-21.961 -10.786 -1.799
-21.004 -7.272 -3.064
-22.893 -7.826 -6.386
-26.148 -8.927 -4.576

-26.072 -6.644 -1.465
-28.372 -3.542 -1.704

-25.826 -1.116 -0.104
-22.019 -1.347 -0.629
-19.769 1.077 1.29
-16.145 0.543 0.177
-13.427 2.479 2.088

-9.739 3.065 1.181
-6.998 5.712 1.573
-5.29 4.301 -1.537
-8.002 2.778 -3.832
-5.263 1.979 -6.345
-1.844 1.044 -4.877
0.179 1.273 -8.156
-1.96 0.815 -11.364

-5.486 1.412 -12.884
-6.145 -2.396 -13.101
-6.402 -2.518 -9.223
-9.619 -0.37 -9.379
-11.628 -2.846 -11.528
-12.904 -5.026 -8.614
-13.981 -1.892 -6.643
-15.738 -0.406 -9.758
-17.759 -3.638 -10.376
-18.545 -3.926 -6.614
-20.104 -0.383 -6.596

-21.607 -0.654 -10.172
-21.992 -4.37 -11.257
-23.172 -3.251 -14.78
-19.935 -1.29 -15.508
-17.337 -3.236 -17.592
-18.9 -6.785 -17.229
-15.576 -8.217 -18.571

-12.101 -7.019 -17.429
-10.719 -7.022 -21.032
-12.866 -3.967 -22.03
-11.565 -2.031 -18.959
-7.965 -3.199 -19.668
-8.028 -2.162 -23.384
-9.238 1.366 -22.43
-7.403 2.18 -19.142

-4.51 -0.351 -18.764
-2.851 0.132 -22.242
-3.499 -3.577 -22.858

-0.922 -5.224 -25.189
-1.171 -8.572 -27.031
2.109 -10.415 -26.274

3.105 -13.897 -27.702
2.055 -15.464 -24.315

-1.301 -13.571 -23.908
-2.465 -10.088 -22.814
-0.375 -7.663 -20.732

-2.386 -5.192 -18.538
0.545 -3.576 -16.579
0.214 -0.249 -18.472
-2.005 2.838 -18.126
-4.133 4.898 -20.565
-6.888 7.593 -20.643

-6.428 8.31 -16.868
-8.259 11.708 -16.967
-11.359 9.932 -18.424
-11.034 7.218 -15.72
-10.853 9.986 -13.027
-14.061 11.624 -14.396
-15.894 8.229 -14.505
-14.782 7.406 -10.918
-15.841 10.804 -9.431
-19.243 10.854 -11.244
-20.42 7.245 -10.709

-18.189 5.243 -8.243

-16.056 7.301 -5.859
-16.114 10.195 -3.388

-12.511 11.437 -2.855
-11.204 14.438 -0.866
-7.629 15.273 0.108

-6.103 16.757 3.336
-5.492 19.961 1.314
-9.247 20.21 0.414
-10.687 19.84 3.974

-7.97489 22.356 4.51812
-4.29278 21.6736 3.92873
-3.85676 19.8952 0.693149
-6.28776 21.3321 -1.72287

-8.81777 22.898 -4.08721
-9.43749 25.7702 -1.67697

-7.78149 22.4002 -2.41997
-4.16549 23.2482 -3.39797
-2.62849 20.3582 -5.39997
1.05051 19.8602 -6.34697
3.41251 17.2512 -7.74897
6.45351 16.5562 -5.50797
9.27251 15.0022 -7.56297

11.0525 12.8012 -4.97197
14.7675 12.6202 -5.78197

15.7515 9.38918 -7.70497
19.3665 9.86018 -6.37697
18.3285 7.66818 -3.35497

17.2875 4.87918 -5.83997
20.4255 2.69818 -5.77397

21.9315 1.42518 -9.07197
20.6195 -2.19282 -8.53097
16.9975 -0.994824 -7.97997
17.2745 1.33518 -11.041
18.7035 -1.50982 -13.193
15.7655 -3.72682 -12.008
13.2195 -0.991824 -13.006
15.0165 -0.593824 -16.396
14.9295 -4.41982 -16.827
11.1565 -4.72882 -16.079
10.4685 -1.67682 -18.347
12.4235 -3.35282 -21.234
10.6495 -6.66582 -20.443
7.15251 -5.11382 -21.027
8.24351 -3.78282 -24.498

9.72351 -7.11282 -25.75
7.89351 -8.21082 -28.955
8.03451 -11.9908 -28.42
6.16351 -12.1518 -25.035
2.59051 -13.3798 -24.528

-0.205486 -10.9928 -23.374
0.113514 -12.6548 -19.911
3.93551 -12.1958 -19.622
3.38451 -8.49382 -20.593
0.795514 -8.14082 -17.718
3.16351 -9.96082 -15.281
6.11251 -7.66882 -16.238
3.76151 -4.63082 -15.782
2.74651 -5.83282 -12.258
6.46151 -6.41382 -11.451
7.43151 -2.89282 -12.723
4.60451 -1.35382 -10.608
5.55951 -3.30282 -7.40997
9.29251 -2.38582 -7.97697
8.24251 1.30418 -8.33697
6.59151 1.11518 -4.87697
9.75151 -0.465824 -3.30797
12.0515 2.09518 -5.03597
10.0525 5.06918 -3.58997
9.99951 3.87318 0.108033
13.2865 5.62618 1.24503
12.3495 9.05918 -0.226967
8.66451 8.70418 0.813033
10.0055 8.15618 4.38403
12.4775 11.0992 3.99703
9.55051 13.3502 2.91403
7.23851 12.1982 5.80403
10.0435 12.9662 8.31503
10.6975 16.4162 6.69003
6.94851 17.2132 7.16603
7.07551 16.2022 10.891
10.4005 18.0672 11.481

8.74251 21.1462 9.79803
6.26251 21.1312 12.772
3.09351 19.8342 10.981
0.399514 18.8812 13.509
-1.85349 16.5322 11.385

-1.63449 14.9372 7.90403
-2.80249 11.8612 5.93303
-0.432486 9.49918 4.05803
-2.01849 7.43218 1.25403
-0.397486 4.27718 -0.216967

-1.77949 0.976176 -1.69397
1.09851 -1.56782 -1.63897

1.22951 -3.25182 1.81403
5.09251 -3.04982 1.87203
4.86251 0.807176 1.63003
2.25951 0.992176 4.47403
4.42051 -1.44282 6.56003
7.68551 0.539176 6.00603
6.00851 3.91818 6.85203
4.45551 2.48918 10.091
7.79151 0.856176 11.121
9.73351 4.15918 10.701
7.04751 6.17218 12.609
7.26551 3.58118 15.474
11.1275 3.80518 15.359

10.8395 7.66018 15.615
8.17151 7.22818 18.416
5.59351 9.18818 16.314
1.98951 8.50118 17.383

-0.0134863 7.51018 14.272
-3.09849 5.54218 13.106
-3.17649 2.82518 10.39
-6.17849 1.72418 8.24603

-5.91249 -0.997824 5.54803
-7.74549 -4.09382 4.13403
-7.16749 -6.01082 7.44303
-8.60149 -3.26182 9.75903
-12.1145 -4.26682 10.948
-15.2775 -2.17082 10.292
-15.6505 -1.06282 13.98

-11.8925 -0.420824 14.567
-11.9015 1.80418 11.4
-14.4625 4.13618 13.064
-12.6135 4.08118 16.448
-9.17749 4.86918 14.84
-10.9185 7.63818 12.817
-12.2525 9.12618 16.117
-8.77549 8.74318 17.77
-7.12749 10.7592 14.902
-9.97549 13.3592 14.952
-10.0495 13.9232 18.763

-6.41649 13.2602 19.897
-3.83249 16.0422 19.211
-1.02949 13.4142 19.661
-1.84049 11.4102 16.483
0.128514 13.3912 13.862

-0.0134863 10.8672 10.949
-2.77349 8.69618 9.47003
-1.31149 5.83418 7.34003
-4.16749 4.92418 4.96703
-4.74149 2.39618 2.17903

-6.05349 4.29218 -0.921967
-8.48249 1.38218 -1.63097
-9.54549 0.533176 1.96603
-10.0325 4.12718 3.33303
-11.7545 5.65618 0.200033
-15.2155 5.18218 1.88803
-17.2135 6.13818 5.03903
-14.4465 7.90418 7.03403
-13.9975 11.6762 7.71903
-10.5445 13.2192 8.42803
-11.3815 16.9542 8.87403
-8.67149 17.2862 11.627
-5.88749 17.2212 8.95403
-5.00349 20.0262 6.45703

-2.55649 17.9492 4.31503
-2.86549 14.7852 2.17303
0.301514 13.0182 0.888033
-0.0754863 10.3852 -1.85597

3.08451 8.26218 -1.41197
1.87551 6.24218 -4.44297
-0.135486 7.04518 -7.59097
-3.32849 5.08018 -8.38697
-4.41449 4.52618 -12.054
-8.06049 5.49818 -11.309

-8.60049 9.27518 -10.661
-12.0735 8.72718 -9.09797
-10.3725 6.86018 -6.17797
-7.75349 9.65618 -5.76297
-10.5905 12.2842 -5.60897
-12.4705 10.0442 -3.07397
-9.29249 10.0372 -0.893967
-8.81849 13.8882 -1.12597

-12.5165 14.3632 -0.107967
-11.8425 12.5162 3.17603
-10.2215 15.7962 4.44103
-12.1535 18.3182 2.29603
-15.5375 17.8252 4.12003
-18.0775 19.9992 6.00303
-16.1535 20.9412 9.20003
-12.8455 21.7132 7.37803
-11.6165 25.3132 8.09203
-8.09449 25.2442 6.47903
-6.99149 25.2072 2.79303

-6.36949 21.5262 1.97003
-2.87949 20.7052 0.638033
-2.61749 17.6542 -1.69697
0.943514 16.4022 -2.43797
1.44751 13.7182 -5.14997
4.86751 12.0232 -4.64197
6.40051 11.0072 -8.04497

9.78951 9.50718 -9.06697
11.4905 10.0262 -12.496
12.5965 6.66118 -14.02
9.57351 4.68618 -12.602
5.90151 3.68618 -13.228

4.88951 7.27018 -12.149
6.20851 8.61418 -15.533
3.42851 6.60618 -17.343
0.729514 6.68318 -14.609
0.693514 10.4972 -14.189
-0.117486 11.3392 -17.903
-2.70249 8.45218 -17.853
-4.41149 9.88918 -14.709
-4.39849 13.4022 -16.326
-6.09149 12.3192 -19.608
-8.69249 10.3942 -17.493
-9.53449 13.5292 -15.374
-9.89449 15.5212 -18.646
-12.3675 12.8762 -20.011
-14.2895 13.1422 -16.679
-14.2745 17.0062 -16.843
-15.5015 17.0902 -20.513

-18.3745 14.7682 -19.396
-19.1745 17.3102 -16.551
-18.0985 14.7092 -13.907
-15.0785 16.6162 -12.431
-13.9035 20.2312 -11.859
-10.4455 18.7922 -11.124
-7.97149 19.9282 -13.769
-4.53149 18.2562 -13.296
-2.64649 20.0622 -16.185

-1.64049 23.1512 -14.103
0.407514 20.9622 -11.66
2.75451 19.6452 -14.439
3.60551 23.0422 -15.998

4.87051 24.0012 -12.468
7.35551 21.0282 -12.045

End chain 1
