-13.201 -6.296 -53.957
-10.703 -3.406 -53.291
-9.54 -3.087 -49.639
-11.02 0.322 -48.639
-8.614 1.85 -46.053
-10.787 3.126 -43.162

-9.634 6.195 -41.181
-10.061 4.9 -37.589
-10.286 6.838 -34.306
-12.195 7.103 -30.979
-14.163 9.439 -28.711
-12.619 10.223 -25.263
-14.157 12.207 -22.344

-11.943 15.248 -21.466
-14.301 16.978 -18.949
-17.827 16.65 -17.399
-19.139 18.761 -20.353

-16.752 17.96 -23.312
-15.482 14.956 -25.281
-12.62 14.751 -27.824
-12.437 12.939 -31.204
-8.982 11.264 -31.393
-8.672 10.357 -35.1

-6.282 10.744 -38.079
-6.98 13.557 -40.6
-9.895 13.022 -43.051

-11.208 15.853 -45.293
-14.92 14.856 -45.011
-14.611 14.37 -41.226
-13.015 17.857 -40.827
-15.875 19.254 -42.999
-18.403 17.482 -40.669
-16.559 18.759 -37.515
-16.844 22.341 -38.957

-20.697 21.797 -39.029
-20.861 21.033 -35.24
-22.116 23.933 -33.104
-20.016 23.255 -29.939
-16.791 22.621 -31.971

-13.393 23.436 -30.391
-10.011 22.816 -32.063
-6.805 22.812 -29.99

-3.883 23.919 -32.209
-1.328 22.314 -29.773
-2.753 18.736 -29.691
-4.334 19.137 -33.217

-7.578 17.622 -31.79
-11.313 18.386 -31.995
-13.683 18.544 -28.991
-17.466 19.001 -28.65
-20.131 19.402 -25.91

-21.257 16.038 -24.476
-24.923 16.743 -25.497
-23.731 16.722 -29.178
-22.178 13.179 -28.839
-25.228 11.354 -30.322
-25.57 14.044 -33.093
-21.852 13.682 -34.021
-21.815 9.829 -34.037
-25.045 9.774 -36.128
-23.507 12.176 -38.75
-20.093 10.348 -38.803

-21.793 6.948 -39.527
-22.962 8.546 -42.834
-19.328 9.196 -43.991
-17.677 6.563 -46.261
-14.251 5.2 -45.121

-14.46 6.789 -41.562
-14.765 4.819 -38.279
-15.142 6.964 -35.114
-15.663 4.659 -32.101

-18.218 6.249 -29.657
-17.862 6.903 -25.912
-18.35 3.469 -24.195
-21.794 2.549 -22.772
-20.235 2.829 -19.255
-19.534 6.58 -19.812
-22.964 7.196 -21.431
-24.623 5.531 -18.378
-22.42 7.523 -15.909

-23.028 10.919 -17.654
-26.668 10.153 -18.714
-27.851 13.482 -17.123

-25.214 15.594 -18.963
-26 13.8 -22.296
-29.631 15.147 -21.909

-29.014 18.802 -20.797
-28.522 21.656 -23.337
-27.494 23.803 -20.296
-24.374 24.206 -18.108
-26.03 23.63 -14.722
-23.195 22.587 -12.38
-23.731 19.355 -10.334

-27.219 19.392 -8.694
-26.798 20.208 -4.988
-26.578 17.032 -2.906
-29.814 16.999 -0.82
-29.276 16.946 2.956
-30.305 13.551 4.343

-32.727 13.25 7.268
-30.389 11.851 9.975
-33.077 12.019 12.787
-33.159 8.159 12.923
-29.32 8.149 13.454
-27.82 8.306 16.969

-27.52 12.074 17.913
-23.991 11.509 19.371
-22.796 10.469 15.867
-24.731 13.185 13.93
-23.402 16.008 16.22
-19.738 14.82 15.861

-19.687 14.822 11.995
-17.445 17.587 10.586

-19.106 19.692 7.763
-17.231 17.783 4.996
-18.064 14.402 6.666
-21.796 15.407 6.677
-21.562 16.318 2.947
-19.943 12.855 2.346
-22.788 11.075 4.244
-25.363 13.084 2.191
-23.555 12.165 -1.104
-23.43 8.459 -0.115
-27.196 8.491 0.728
-28.024 10.343 -2.565

-25.973 7.645 -4.472
-28.214 5.048 -2.67
-25.512 3.7 -0.27

-23.352 2.353 -3.174
-19.956 4.118 -3.237
-16.209 4.012 -2.721
-15.295 6.541 0.021

-11.694 7.195 -1.128

-11.135 10.189 1.225
-7.504 10.605 2.377

-6.048 8.715 5.398
-7.361 9.956 8.784
-10.233 12.169 7.374
-12.706 9.981 9.408

-13.844 7.354 6.831
-15.012 5.081 9.734
-17.363 7.714 11.316
-18.876 8.506 7.854
-19.282 4.738 7.09
-21.02 4.042 10.461
-23.415 6.996 9.798
-24.247 5.855 6.195
-24.846 2.277 7.463
-26.955 3.52 10.461
-29.227 5.531 8.078

-29.9 2.058 6.507

-30.384 0.293 9.981
-33.886 -0.857 8.77
-32.05 -2.956 6.062
-29.626 -4.868 8.41
-27.981 -7.413 9.17

-24.774 -5.448 8.488
-21.551 -7.137 7.269
-18.235 -5.328 7.997
-15.132 -6.739 6.223
-11.829 -5.357 7.603

-8.05 -6.016 7.986
-7.416 -8.82 10.567
-5.856 -6.305 13.093
-8.689 -3.64 13.199

-11.758 -5.868 14.003
-11.895 -4.753 17.675
-11.154 -1.102 16.63
-14.365 -1.304 14.506
-16.414 -2.897 17.375
-15.268 -0.08 19.729
-16.109 2.476 16.969
-19.722 1.111 16.76
-20.082 1.14 20.611
-18.596 4.7 20.723
-20.823 6.195 17.978

-24.121 4.191 18.24
-24.851 3.95 22.056
-28.388 2.791 20.948
-26.764 -0.701 20.406
-26.03 -3.285 23.117

-22.632 -5.104 22.857
-24.638 -8.32 22.08
-25.78 -6.667 18.791

-22.091 -6.816 17.576
-20.505 -10.124 16.488
-16.681 -10.041 16.081

-15.702 -13.116 14.035
-12.316 -14.303 15.372
-12.201 -17.837 13.813
-13.405 -19.799 10.735
-15.769 -21.82 13.07
-17.788 -18.808 14.317
-21.352 -17.917 13.159
-21.075 -14.973 10.701
-24.816 -14.102 11.273
-24.919 -14.166 15.127
-25.108 -10.332 15.536
-27.08 -7.466 13.995

-23.588 -6.14 13.038
-21.065 -8.833 11.965
-17.336 -7.898 11.803
-15.009 -10.302 9.887
-11.529 -10.295 8.291

-10.658 -10.74 4.577
-8.757 -14.009 5.375
-11.833 -15.546 7.113
-14.3 -14.769 4.222

-12.926 -17.715 2.14
-13.287 -20.073 5.183
-16.843 -18.74 5.845
-18.014 -18.815 2.139
-20.731 -21.415 3.044
-22.243 -18.836 5.512
-21.955 -15.894 2.989
-25.071 -17.433 1.278
-27.188 -15.451 3.825
-28.094 -12.137 2.052
-26.367 -9.235 3.842
-28.236 -6.215 2.36

-25.704 -3.677 3.792
-21.936 -4.298 3.429
-19.007 -2.145 4.602
-15.517 -3.11 3.36

-12.662 -1.237 5.059
-9.341 -0.865 3.151

-11.066 -2.352 0.031
-7.765 -2.207 -1.968
-7.252 -5.742 -0.456
-9.774 -6.866 -3.176

-7.558 -5.436 -6.054
-6.861 -8.909 -7.611
-9.913 -10.983 -8.736
-7.994 -14.348 -8.638
-7.386 -14.116 -4.839

-9.551 -16.269 -2.508
-10.568 -13.122 -0.487
-11.832 -11.409 -3.693
-13.586 -14.593 -5.006
-15.461 -14.905 -1.648
-16.313 -11.137 -1.332
-17.465 -10.353 -4.925
-20.7 -12.523 -5.003
-21.961 -10.786 -1.799
-21.004 -7.272 -3.064
-22.893 -7.826 -6.386
-26.148 -8.927 -4.576

-26.072 -6.644 -1.465
-28.372 -3.542 -1.704

-25.826 -1.116 -0.104
-22.019 -1.347 -0.629
-19.769 1.077 1.29
-16.145 0.543 0.177
-13.427 2.479 2.088

-9.739 3.065 1.181
-6.998 5.712 1.573
-5.29 4.301 -1.537
-8.002 2.778 -3.832
-5.263 1.979 -6.345
-1.844 1.044 -4.877
0.179 1.273 -8.156
-1.96 0.815 -11.364

-5.486 1.412 -12.884
-6.145 -2.396 -13.101
-6.402 -2.518 -9.223
-9.619 -0.37 -9.379
-11.628 -2.846 -11.528
-12.904 -5.026 -8.614
-13.981 -1.892 -6.643
-15.738 -0.406 -9.758
-17.759 -3.638 -10.376
-18.545 -3.926 -6.614
-20.104 -0.383 -6.596

-21.607 -0.654 -10.172
-21.992 -4.37 -11.257
-23.172 -3.251 -14.78
-19.935 -1.29 -15.508
-17.337 -3.236 -17.592
-18.9 -6.785 -17.229
-15.576 -8.217 -18.571

-12.101 -7.019 -17.429
-10.719 -7.022 -21.032
-12.866 -3.967 -22.03
-11.565 -2.031 -18.959
-7.965 -3.199 -19.668
-8.028 -2.162 -23.384
-9.238 1.366 -22.43
-7.403 2.18 -19.142

-4.51 -0.351 -18.764
-2.851 0.132 -22.242
-3.499 -3.577 -22.858

-0.922 -5.224 -25.189
-1.171 -8.572 -27.031
2.109 -10.415 -26.274

3.105 -13.897 -27.702
2.055 -15.464 -24.315

-1.301 -13.571 -23.908
-2.465 -10.088 -22.814
-0.375 -7.663 -20.732

-2.386 -5.192 -18.538
0.545 -3.576 -16.579
0.214 -0.249 -18.472
-2.005 2.838 -18.126
-4.133 4.898 -20.565
-6.888 7.593 -20.643

-6.428 8.31 -16.868
-8.259 11.708 -16.967
-11.359 9.932 -18.424
-11.034 7.218 -15.72
-10.853 9.986 -13.027
-14.061 11.624 -14.396
-15.894 8.229 -14.505
-14.782 7.406 -10.918
-15.841 10.804 -9.431
-19.243 10.854 -11.244
-20.42 7.245 -10.709

-18.189 5.243 -8.243

-16.056 7.301 -5.859
-16.114 10.195 -3.388

-12.511 11.437 -2.855
-11.204 14.438 -0.866
-7.629 15.273 0.108

-6.103 16.757 3.336
-5.492 19.961 1.314
-9.247 20.21 0.414
-10.687 19.84 3.974

-8.92643 23.2021 4.73842
-11.286 26.117 4.20706
-11.4667 28.1597 7.37609
-14.4947 27.7557 9.5984

-11.6756 26.5974 11.8687
-14.0791 24.5204 13.9549

-12.4231 21.1504 13.2119
-8.80714 21.9984 12.2339
-7.27014 19.1084 10.2319
-3.59114 18.6104 9.28488
-1.22914 16.0014 7.88288
1.81186 15.3064 10.1239
4.63086 13.7524 8.06888

6.41086 11.5514 10.6599
10.1259 11.3704 9.84988

11.1099 8.13939 7.92688
14.7249 8.61039 9.25488
13.6869 6.41839 12.2769

12.6459 3.62939 9.79188
15.7839 1.44839 9.85788

17.2899 0.175385 6.55988
15.9779 -3.44261 7.10088
12.3559 -2.24461 7.65188
12.6329 0.0853854 4.59088
14.0619 -2.75961 2.43888
11.1239 -4.97661 3.62388
8.57786 -2.24161 2.62588
10.3749 -1.84361 -0.764125
10.2879 -5.66961 -1.19512
6.51486 -5.97861 -0.447125
5.82686 -2.92661 -2.71512
7.78186 -4.60261 -5.60212
6.00786 -7.91561 -4.81112
2.51086 -6.36361 -5.39512
3.60186 -5.03261 -8.86612

5.08186 -8.36261 -10.1181
3.25186 -9.46061 -13.3231
3.39286 -13.2406 -12.7881
1.52186 -13.4016 -9.40312
-2.05114 -14.6296 -8.89612

-4.84714 -12.2426 -7.74212
-4.52814 -13.9046 -4.27912
-0.70614 -13.4456 -3.99012
-1.25714 -9.74361 -4.96112
-3.84614 -9.39061 -2.08612
-1.47814 -11.2106 0.350875
1.47086 -8.91861 -0.606125
-0.88014 -5.88061 -0.150125
-1.89514 -7.08261 3.37388
1.81986 -7.66361 4.18088
2.78986 -4.14261 2.90888
-0.0371397 -2.60361 5.02388
0.91786 -4.55261 8.22188
4.65086 -3.63561 7.65488
3.60086 0.0543854 7.29488
1.94986 -0.134615 10.7549
5.10986 -1.71561 12.3239
7.40986 0.845385 10.5959
5.41086 3.81939 12.0419
5.35786 2.62339 15.7399
8.64486 4.37639 16.8769
7.70786 7.80939 15.4049
4.02286 7.45439 16.4449
5.36386 6.90639 20.0159
7.83586 9.84939 19.6289
4.90886 12.1004 18.5459
2.59686 10.9484 21.4359
5.40186 11.7164 23.9469
6.05586 15.1664 22.3219
2.30686 15.9634 22.7979
2.43386 14.9524 26.5229
5.75886 16.8174 27.1129

4.10086 19.8964 25.4299
1.62086 19.8814 28.4039
-1.54814 18.5844 26.6129
-4.24214 17.6314 29.1409
-6.49514 15.2824 27.0169

-6.27614 13.6874 23.5359
-7.44414 10.6114 21.5649
-5.07414 8.24939 19.6899
-6.66014 6.18239 16.8859
-5.03914 3.02739 15.4149

-6.42114 -0.273615 13.9379
-3.54314 -2.81761 13.9929

-3.41214 -4.50161 17.4459
0.45086 -4.29961 17.5039
0.22086 -0.442615 17.2619
-2.38214 -0.257615 20.1059
-0.22114 -2.69261 22.1919
3.04386 -0.710615 21.6379
1.36686 2.66839 22.4839
-0.18614 1.23939 25.7229
3.14986 -0.393615 26.7529
5.09186 2.90939 26.3329
2.40586 4.92239 28.2409
2.62386 2.33139 31.1059
6.48586 2.55539 30.9909

6.19786 6.41039 31.2469
3.52986 5.97839 34.0479
0.95186 7.93839 31.9459
-2.65214 7.25139 33.0149

-4.65514 6.26039 29.9039
-7.74014 4.29239 28.7379
-7.81814 1.57539 26.0219
-10.8201 0.474385 23.8779

-10.5541 -2.24761 21.1799
-12.3871 -5.34361 19.7659
-11.8091 -7.26061 23.0749
-13.2431 -4.51161 25.3909
-16.7561 -5.51661 26.5799
-19.9191 -3.42061 25.9239
-20.2921 -2.31261 29.6119

-16.5341 -1.67061 30.1989
-16.5431 0.554385 27.0319
-19.1041 2.88639 28.6959
-17.2551 2.83139 32.0799
-13.8191 3.61939 30.4719
-15.5601 6.38839 28.4489
-16.8941 7.87639 31.7489
-13.4171 7.49339 33.4019
-11.7691 9.50939 30.5339
-14.6171 12.1094 30.5839
-14.6911 12.6734 34.3949

-11.0581 12.0104 35.5289
-8.47414 14.7924 34.8429
-5.67114 12.1644 35.2929
-6.48214 10.1604 32.1149
-4.51314 12.1414 29.4939

-4.65514 9.61739 26.5809
-7.41514 7.44639 25.1019
-5.95314 4.58439 22.9719
-8.80914 3.67439 20.5989
-9.38314 1.14639 17.8109

-10.6951 3.04239 14.7099
-13.1241 0.132385 14.0009
-14.1871 -0.716615 17.5979
-14.6741 2.87739 18.9649
-16.3961 4.40639 15.8319
-19.8571 3.93239 17.5199
-21.8551 4.88839 20.6709
-19.0881 6.65439 22.6659
-18.6391 10.4264 23.3509
-15.1861 11.9694 24.0599
-16.0231 15.7044 24.5059
-13.3131 16.0364 27.2589
-10.5291 15.9714 24.5859
-9.64514 18.7764 22.0889

-7.19814 16.6994 19.9469
-7.50714 13.5354 17.8049
-4.34014 11.7684 16.5199
-4.71714 9.13539 13.7759

-1.55714 7.01239 14.2199
-2.76614 4.99239 11.1889
-4.77714 5.79539 8.04088
-7.97014 3.83039 7.24488
-9.05614 3.27639 3.57788
-12.7021 4.24839 4.32288

-13.2421 8.02539 4.97088
-16.7151 7.47739 6.53388
-15.0141 5.61039 9.45388
-12.3951 8.40639 9.86888
-15.2321 11.0344 10.0229
-17.1121 8.79439 12.5579
-13.9341 8.78739 14.7379
-13.4601 12.6384 14.5059

-17.1581 13.1134 15.5239
-16.4841 11.2664 18.8079
-14.8631 14.5464 20.0729
-16.7951 17.0684 17.9279
-20.1791 16.5754 19.7519
-22.7191 18.7494 21.6349
-20.7951 19.6914 24.8319
-17.4871 20.4634 23.0099
-16.2581 24.0634 23.7239
-12.7361 23.9944 22.1109
-11.6331 23.9574 18.4249

-11.0111 20.2764 17.6019
-7.52114 19.4554 16.2699
-7.25914 16.4044 13.9349
-3.69814 15.1524 13.1939
-3.19414 12.4684 10.4819
0.22586 10.7734 10.9899
1.75886 9.75739 7.58688

5.14786 8.25739 6.56488
6.84886 8.77639 3.13588
7.95486 5.41139 1.61188
4.93186 3.43639 3.02988
1.25986 2.43639 2.40388

0.24786 6.02039 3.48288
1.56686 7.36439 0.0988754
-1.21314 5.35639 -1.71112
-3.91214 5.43339 1.02288
-3.94814 9.24739 1.44288
-4.75914 10.0894 -2.27112
-7.34414 7.20239 -2.22112
-9.05314 8.63939 0.922875
-9.04014 12.1524 -0.694125
-10.7331 11.0694 -3.97612
-13.3341 9.14439 -1.86112
-14.1761 12.2794 0.257875
-14.5361 14.2714 -3.01412
-17.0091 11.6264 -4.37912
-18.9311 11.8924 -1.04712
-18.9161 15.7564 -1.21112
-20.1431 15.8404 -4.88112

-23.0161 13.5184 -3.76412
-23.8161 16.0604 -0.919125
-22.7401 13.4594 1.72488
-19.7201 15.3664 3.20088
-18.5451 18.9814 3.77288
-15.0871 17.5424 4.50788
-12.6131 18.6784 1.86288
-9.17314 17.0064 2.33588
-7.28814 18.8124 -0.553125

-6.28214 21.9014 1.52888
-4.23414 19.7124 3.97188
-1.88714 18.3954 1.19288
-1.03614 21.7924 -0.366125

0.22886 22.7514 3.16388
2.71386 19.7784 3.58688

End chain 1
