-13.201 -6.296 -53.957
-10.703 -3.406 -53.291
-9.54 -3.087 -49.639
-11.02 0.322 -48.639
-8.614 1.85 -46.053
-10.787 3.126 -43.162

-9.634 6.195 -41.181
-10.061 4.9 -37.589
-10.286 6.838 -34.306
-12.195 7.103 -30.979
-14.163 9.439 -28.711
-12.619 10.223 -25.263
-14.157 12.207 -22.344

-11.943 15.248 -21.466
-14.301 16.978 -18.949
-17.827 16.65 -17.399
-19.139 18.761 -20.353

-16.752 17.96 -23.312
-15.482 14.956 -25.281
-12.62 14.751 -27.824
-12.437 12.939 -31.204
-8.982 11.264 -31.393
-8.672 10.357 -35.1

-6.282 10.744 -38.079
-6.98 13.557 -40.6
-9.895 13.022 -43.051

-11.208 15.853 -45.293
-14.92 14.856 -45.011
-14.611 14.37 -41.226
-13.015 17.857 -40.827
-15.875 19.254 -42.999
-18.403 17.482 -40.669
-16.559 18.759 -37.515
-16.844 22.341 -38.957

-20.697 21.797 -39.029
-20.861 21.033 -35.24
-22.116 23.933 -33.104
-20.016 23.255 -29.939
-16.791 22.621 -31.971

-13.393 23.436 -30.391
-10.011 22.816 -32.063
-6.805 22.812 -29.99

-3.883 23.919 -32.209
-1.328 22.314 -29.773
-2.753 18.736 -29.691
-4.334 19.137 -33.217

-7.578 17.622 -31.79
-11.313 18.386 -31.995
-13.683 18.544 -28.991
-17.466 19.001 -28.65
-20.131 19.402 -25.91

-21.257 16.038 -24.476
-24.923 16.743 -25.497
-23.731 16.722 -29.178
-22.178 13.179 -28.839
-25.228 11.354 -30.322
-25.57 14.044 -33.093
-21.852 13.682 -34.021
-21.815 9.829 -34.037
-25.045 9.774 -36.128
-23.507 12.176 -38.75
-20.093 10.348 -38.803

-21.793 6.948 -39.527
-22.962 8.546 -42.834
-19.328 9.196 -43.991
-17.677 6.563 -46.261
-14.251 5.2 -45.121

-14.46 6.789 -41.562
-14.765 4.819 -38.279
-15.142 6.964 -35.114
-15.663 4.659 -32.101

-18.218 6.249 -29.657
-17.862 6.903 -25.912
-18.35 3.469 -24.195
-21.794 2.549 -22.772
-20.235 2.829 -19.255
-19.534 6.58 -19.812
-22.964 7.196 -21.431
-24.623 5.531 -18.378
-22.42 7.523 -15.909

-23.028 10.919 -17.654
-26.668 10.153 -18.714
-27.851 13.482 -17.123

-25.214 15.594 -18.963
-26 13.8 -22.296
-29.631 15.147 -21.909

-29.014 18.802 -20.797
-28.522 21.656 -23.337
-27.494 23.803 -20.296
-24.374 24.206 -18.108
-26.03 23.63 -14.722
-23.195 22.587 -12.38
-23.731 19.355 -10.334

-27.219 19.392 -8.694
-26.798 20.208 -4.988
-26.578 17.032 -2.906
-29.814 16.999 -0.82
-29.276 16.946 2.956
-30.305 13.551 4.343

-32.727 13.25 7.268
-30.389 11.851 9.975
-33.077 12.019 12.787
-33.159 8.159 12.923
-29.32 8.149 13.454
-27.82 8.306 16.969

-27.52 12.074 17.913
-23.991 11.509 19.371
-22.796 10.469 15.867
-24.731 13.185 13.93
-23.402 16.008 16.22
-19.738 14.82 15.861

-19.687 14.822 11.995
-17.445 17.587 10.586

-19.106 19.692 7.763
-17.231 17.783 4.996
-18.064 14.402 6.666
-21.796 15.407 6.677
-21.562 16.318 2.947
-19.943 12.855 2.346
-22.788 11.075 4.244
-25.363 13.084 2.191
-23.555 12.165 -1.104
-23.43 8.459 -0.115
-27.196 8.491 0.728
-28.024 10.343 -2.565

-25.973 7.645 -4.472
-28.214 5.048 -2.67
-25.512 3.7 -0.27

-23.352 2.353 -3.174
-19.956 4.118 -3.237
-16.209 4.012 -2.721
-15.295 6.541 0.021

-11.694 7.195 -1.128

-11.135 10.189 1.225
-7.504 10.605 2.377

-6.048 8.715 5.398
-7.361 9.956 8.784
-10.233 12.169 7.374
-12.706 9.981 9.408

-13.844 7.354 6.831
-15.012 5.081 9.734
-17.363 7.714 11.316
-18.876 8.506 7.854
-19.282 4.738 7.09
-21.02 4.042 10.461
-23.415 6.996 9.798
-24.247 5.855 6.195
-24.846 2.277 7.463
-26.955 3.52 10.461
-29.227 5.531 8.078

-29.9 2.058 6.507

-30.384 0.293 9.981
-33.886 -0.857 8.77
-32.05 -2.956 6.062
-29.626 -4.868 8.41
-27.981 -7.413 9.17

-24.774 -5.448 8.488
-21.551 -7.137 7.269
-18.235 -5.328 7.997
-15.132 -6.739 6.223
-11.829 -5.357 7.603

-8.05 -6.016 7.986
-7.416 -8.82 10.567
-5.856 -6.305 13.093
-8.689 -3.64 13.199

-11.758 -5.868 14.003
-11.895 -4.753 17.675
-11.154 -1.102 16.63
-14.365 -1.304 14.506
-16.414 -2.897 17.375
-15.268 -0.08 19.729
-16.109 2.476 16.969
-19.722 1.111 16.76
-20.082 1.14 20.611
-18.596 4.7 20.723
-20.823 6.195 17.978

-24.121 4.191 18.24
-24.851 3.95 22.056
-28.388 2.791 20.948
-26.764 -0.701 20.406
-26.03 -3.285 23.117

-22.632 -5.104 22.857
-24.638 -8.32 22.08
-25.78 -6.667 18.791

-22.091 -6.816 17.576
-20.505 -10.124 16.488
-16.681 -10.041 16.081

-15.702 -13.116 14.035
-12.316 -14.303 15.372
-12.201 -17.837 13.813
-13.405 -19.799 10.735
-15.769 -21.82 13.07
-17.788 -18.808 14.317
-21.352 -17.917 13.159
-21.075 -14.973 10.701
-24.816 -14.102 11.273
-24.919 -14.166 15.127
-25.108 -10.332 15.536
-27.08 -7.466 13.995

-23.588 -6.14 13.038
-21.065 -8.833 11.965
-17.336 -7.898 11.803
-15.009 -10.302 9.887
-11.529 -10.295 8.291

-10.658 -10.74 4.577
-8.757 -14.009 5.375
-11.833 -15.546 7.113
-14.3 -14.769 4.222

-12.926 -17.715 2.14
-13.287 -20.073 5.183
-16.843 -18.74 5.845
-18.014 -18.815 2.139
-20.731 -21.415 3.044
-22.243 -18.836 5.512
-21.955 -15.894 2.989
-25.071 -17.433 1.278
-27.188 -15.451 3.825
-28.094 -12.137 2.052
-26.367 -9.235 3.842
-28.236 -6.215 2.36

-25.704 -3.677 3.792
-21.936 -4.298 3.429
-19.007 -2.145 4.602
-15.517 -3.11 3.36

-12.662 -1.237 5.059
-9.341 -0.865 3.151

-11.066 -2.352 0.031
-7.765 -2.207 -1.968
-7.252 -5.742 -0.456
-9.774 -6.866 -3.176

-7.558 -5.436 -6.054
-6.861 -8.909 -7.611
-9.913 -10.983 -8.736
-7.994 -14.348 -8.638
-7.386 -14.116 -4.839

-9.551 -16.269 -2.508
-10.568 -13.122 -0.487
-11.832 -11.409 -3.693
-13.586 -14.593 -5.006
-15.461 -14.905 -1.648
-16.313 -11.137 -1.332
-17.465 -10.353 -4.925
-20.7 -12.523 -5.003
-21.961 -10.786 -1.799
-21.004 -7.272 -3.064
-22.893 -7.826 -6.386
-26.148 -8.927 -4.576

-26.072 -6.644 -1.465
-28.372 -3.542 -1.704

-25.826 -1.116 -0.104
-22.019 -1.347 -0.629
-19.769 1.077 1.29
-16.145 0.543 0.177
-13.427 2.479 2.088

-9.739 3.065 1.181
-6.998 5.712 1.573
-5.29 4.301 -1.537
-8.002 2.778 -3.832
-5.263 1.979 -6.345
-1.844 1.044 -4.877
0.179 1.273 -8.156
-1.96 0.815 -11.364

-5.486 1.412 -12.884
-6.145 -2.396 -13.101
-6.402 -2.518 -9.223
-9.619 -0.37 -9.379
-11.628 -2.846 -11.528
-12.904 -5.026 -8.614
-13.981 -1.892 -6.643
-15.738 -0.406 -9.758
-17.759 -3.638 -10.376
-18.545 -3.926 -6.614
-20.104 -0.383 -6.596

-21.607 -0.654 -10.172
-21.992 -4.37 -11.257
-23.172 -3.251 -14.78
-19.935 -1.29 -15.508
-17.337 -3.236 -17.592
-18.9 -6.785 -17.229
-15.576 -8.217 -18.571

-12.101 -7.019 -17.429
-10.719 -7.022 -21.032
-12.866 -3.967 -22.03
-11.565 -2.031 -18.959
-7.965 -3.199 -19.668
-8.028 -2.162 -23.384
-9.238 1.366 -22.43
-7.403 2.18 -19.142

-4.51 -0.351 -18.764
-2.851 0.132 -22.242
-3.499 -3.577 -22.858

-0.922 -5.224 -25.189
-1.171 -8.572 -27.031
2.109 -10.415 -26.274

3.105 -13.897 -27.702
2.055 -15.464 -24.315

-1.301 -13.571 -23.908
-2.465 -10.088 -22.814
-0.375 -7.663 -20.732

1.47397 -5.25335 -18.5477
3.24056 -2.75914 -16.3269
4.48962 -4.94023 -13.4135
6.52121 -6.11415 -16.4771
7.27432 -3.52998 -19.1215
10.6154 -1.96275 -19.5854

11.1522 1.66003 -18.5704
13.6633 0.642537 -15.9054
15.5932 -1.48106 -18.3971
15.7356 1.39105 -20.8818
17.0336 3.76397 -18.212
19.7477 1.30158 -17.2056
20.8513 0.892152 -20.8191
21.0562 4.65833 -21.2847
23.1604 5.02978 -18.142
25.553 2.31647 -19.3066
25.9536 3.98913 -22.6955

28.1846 1.98713 -20.2295

30.3176 4.04513 -17.8455
30.2596 6.93913 -15.3745

33.8626 8.18113 -14.8415
35.1696 11.1821 -12.8525
38.7446 12.0171 -11.8785

40.2706 13.5011 -8.65048
40.8816 16.7051 -10.6725
37.1266 16.9541 -11.5725
35.6866 16.5841 -8.01248

38.4976 17.0791 -5.39048
40.4586 20.3141 -6.22148
41.8726 20.0771 -2.62148
43.8776 16.8091 -3.03748

47.6766 17.5031 -3.05248
49.4296 16.7691 -6.37648

51.0856 13.3991 -7.11948
54.7016 14.2471 -8.09748
56.2386 11.3571 -10.0995
59.9176 10.8591 -11.0465
62.2796 8.25013 -12.4485
65.3206 7.55513 -10.2075
68.1396 6.00113 -12.2625

69.9196 3.80013 -9.67148
73.6346 3.61913 -10.4815

74.6186 0.388135 -12.4045
78.2336 0.859135 -11.0765
77.1956 -1.33287 -8.05448

76.1546 -4.12187 -10.5395
79.2926 -6.30287 -10.4735

80.7986 -7.57587 -13.7715
79.4866 -11.1939 -13.2305
75.8646 -9.99587 -12.6795
76.1416 -7.66587 -15.7405
77.5706 -10.5109 -17.8925
74.6326 -12.7279 -16.7075
72.0866 -9.99287 -17.7055
73.8836 -9.59487 -21.0955
73.7966 -13.4209 -21.5265
70.0236 -13.7299 -20.7785
69.3356 -10.6779 -23.0465
71.2906 -12.3539 -25.9335
69.5166 -15.6669 -25.1425
66.0196 -14.1149 -25.7265
67.1106 -12.7839 -29.1975

68.5906 -16.1139 -30.4495
66.7606 -17.2119 -33.6545
66.9016 -20.9919 -33.1195
65.0306 -21.1529 -29.7345
61.4576 -22.3809 -29.2275

58.6616 -19.9939 -28.0735
58.9806 -21.6559 -24.6105
62.8026 -21.1969 -24.3215
62.2516 -17.4949 -25.2925
59.6626 -17.1419 -22.4175
62.0306 -18.9619 -19.9805
64.9796 -16.6699 -20.9375
62.6286 -13.6319 -20.4815
61.6136 -14.8339 -16.9575
65.3286 -15.4149 -16.1505
66.2986 -11.8939 -17.4225
63.4716 -10.3549 -15.3075
64.4266 -12.3039 -12.1095
68.1596 -11.3869 -12.6765
67.1096 -7.69687 -13.0365
65.4586 -7.88587 -9.57648
68.6186 -9.46687 -8.00748
70.9186 -6.90587 -9.73548
68.9196 -3.93187 -8.28948
68.8666 -5.12787 -4.59148
72.1536 -3.37487 -3.45448
71.2166 0.0581347 -4.92648
67.5316 -0.296865 -3.88648
68.8726 -0.844865 -0.31548
71.3446 2.09813 -0.70248
68.4176 4.34913 -1.78548
66.1056 3.19713 1.10452
68.9106 3.96513 3.61552
69.5646 7.41513 1.99052
65.8156 8.21213 2.46652
65.9426 7.20113 6.19152
69.2676 9.06613 6.78152

67.6096 12.1451 5.09852
65.1296 12.1301 8.07252
61.9606 10.8331 6.28152
59.2666 9.88013 8.80952
57.0136 7.53113 6.68552

57.2326 5.93613 3.20452
56.0646 2.86013 1.23352
58.4346 0.498135 -0.64148
56.8486 -1.56887 -3.44548
58.4696 -4.72387 -4.91648

57.0876 -8.02487 -6.39348
59.9656 -10.5689 -6.33848

60.0966 -12.2529 -2.88548
63.9596 -12.0509 -2.82748
63.7296 -8.19387 -3.06948
61.1266 -8.00887 -0.22548
63.2876 -10.4439 1.86052
66.5526 -8.46187 1.30652
64.8756 -5.08287 2.15252
63.3226 -6.51187 5.39152
66.6586 -8.14487 6.42152
68.6006 -4.84187 6.00152
65.9146 -2.82887 7.90952
66.1326 -5.41987 10.7745
69.9946 -5.19587 10.6595

69.7066 -1.34087 10.9155
67.0386 -1.77287 13.7165
64.4606 0.187135 11.6145
60.8566 -0.499865 12.6835

58.8536 -1.49087 9.57252
55.7686 -3.45887 8.40652
55.6906 -6.17587 5.69052
52.6886 -7.27687 3.54652

52.9546 -9.99887 0.84852
51.1216 -13.0949 -0.56548
51.6996 -15.0119 2.74352
50.2656 -12.2629 5.05952
46.7526 -13.2679 6.24852
43.5896 -11.1719 5.59252
43.2166 -10.0639 9.28052

46.9746 -9.42187 9.86752
46.9656 -7.19687 6.70052
44.4046 -4.86487 8.36452
46.2536 -4.91987 11.7485
49.6896 -4.13187 10.1405
47.9486 -1.36287 8.11752
46.6146 0.125135 11.4175
50.0916 -0.257865 13.0705
51.7396 1.75813 10.2025
48.8916 4.35813 10.2525
48.8176 4.92213 14.0635

52.4506 4.25913 15.1975
55.0346 7.04113 14.5115
57.8376 4.41313 14.9615
57.0266 2.40913 11.7835
58.9956 4.39013 9.16252

58.8536 1.86613 6.24952
56.0936 -0.304865 4.77052
57.5556 -3.16687 2.64052
54.6996 -4.07687 0.26752
54.1256 -6.60487 -2.52048

52.8136 -4.70887 -5.62148
50.3846 -7.61887 -6.33048
49.3216 -8.46787 -2.73348
48.8346 -4.87387 -1.36648
47.1126 -3.34487 -4.49948
43.6516 -3.81887 -2.81148
41.6536 -2.86287 0.33952
44.4206 -1.09687 2.33452
44.8696 2.67513 3.01952
48.3226 4.21813 3.72852
47.4856 7.95313 4.17452
50.1956 8.28513 6.92752
52.9796 8.22013 4.25452
53.8636 11.0251 1.75752

56.3106 8.94813 -0.38448
56.0016 5.78413 -2.52648
59.1686 4.01713 -3.81148
58.7916 1.38413 -6.55548

61.9516 -0.738865 -6.11148
60.7426 -2.75887 -9.14248
58.7316 -1.95587 -12.2905
55.5386 -3.92087 -13.0865
54.4526 -4.47487 -16.7535
50.8066 -3.50287 -16.0085

50.2666 0.274135 -15.3605
46.7936 -0.273865 -13.7975
48.4946 -2.14087 -10.8775
51.1136 0.655135 -10.4625
48.2766 3.28313 -10.3085
46.3966 1.04313 -7.77348
49.5746 1.03613 -5.59348
50.0486 4.88713 -5.82548

46.3506 5.36213 -4.80748
47.0246 3.51513 -1.52348
48.6456 6.79513 -0.25848
46.7136 9.31713 -2.40348
43.3296 8.82413 -0.57948
40.7896 10.9981 1.30352
42.7136 11.9401 4.50052
46.0216 12.7121 2.67852
47.2506 16.3121 3.39252
50.7726 16.2431 1.77952
51.8756 16.2061 -1.90648

52.4976 12.5251 -2.72948
55.9876 11.7041 -4.06148
56.2496 8.65313 -6.39648
59.8106 7.40113 -7.13748
60.3146 4.71713 -9.84948
63.7346 3.02213 -9.34148
65.2676 2.00613 -12.7445

68.6566 0.506135 -13.7665
70.3576 1.02513 -17.1955
71.4636 -2.33987 -18.7195
68.4406 -4.31487 -17.3015
64.7686 -5.31487 -17.9275

63.7566 -1.73087 -16.8485
65.0756 -0.386865 -20.2325
62.2956 -2.39487 -22.0425
59.5966 -2.31787 -19.3085
59.5606 1.49613 -18.8885
58.7496 2.33813 -22.6025
56.1646 -0.548865 -22.5525
54.4556 0.888135 -19.4085
54.4686 4.40113 -21.0255
52.7756 3.31813 -24.3075
50.1746 1.39313 -22.1925
49.3326 4.52813 -20.0735
48.9726 6.52013 -23.3455
46.4996 3.87513 -24.7105
44.5776 4.14113 -21.3785
44.5926 8.00513 -21.5425
43.3656 8.08913 -25.2125

40.4926 5.76713 -24.0955
39.6926 8.30913 -21.2505
40.7686 5.70813 -18.6065
43.7886 7.61513 -17.1305
44.9636 11.2301 -16.5585
48.4216 9.79113 -15.8235
50.8956 10.9271 -18.4685
54.3356 9.25513 -17.9955
56.2206 11.0611 -20.8845

57.2266 14.1501 -18.8025
59.2746 11.9611 -16.3595
61.6216 10.6441 -19.1385
62.4726 14.0411 -20.6975

63.7376 15.0001 -17.1675
66.2226 12.0271 -16.7445

End chain 1
