-13.201 -6.296 -53.957
-10.703 -3.406 -53.291
-9.54 -3.087 -49.639
-11.02 0.322 -48.639
-8.614 1.85 -46.053
-10.787 3.126 -43.162

-9.634 6.195 -41.181
-10.061 4.9 -37.589
-10.286 6.838 -34.306
-12.195 7.103 -30.979
-14.163 9.439 -28.711
-12.619 10.223 -25.263
-14.157 12.207 -22.344

-11.943 15.248 -21.466
-14.301 16.978 -18.949
-17.827 16.65 -17.399
-19.139 18.761 -20.353

-16.752 17.96 -23.312
-15.482 14.956 -25.281
-12.62 14.751 -27.824
-12.437 12.939 -31.204
-8.982 11.264 -31.393
-8.672 10.357 -35.1

-6.282 10.744 -38.079
-6.98 13.557 -40.6
-9.895 13.022 -43.051

-11.208 15.853 -45.293
-14.92 14.856 -45.011
-14.611 14.37 -41.226
-13.015 17.857 -40.827
-15.875 19.254 -42.999
-18.403 17.482 -40.669
-16.559 18.759 -37.515
-16.844 22.341 -38.957

-20.697 21.797 -39.029
-20.861 21.033 -35.24
-22.116 23.933 -33.104
-20.016 23.255 -29.939
-16.791 22.621 -31.971

-13.393 23.436 -30.391
-10.011 22.816 -32.063
-6.805 22.812 -29.99

-3.883 23.919 -32.209
-1.328 22.314 -29.773
-2.753 18.736 -29.691
-4.334 19.137 -33.217

-7.578 17.622 -31.79
-11.313 18.386 -31.995
-13.683 18.544 -28.991
-17.466 19.001 -28.65
-20.131 19.402 -25.91

-21.257 16.038 -24.476
-24.923 16.743 -25.497
-23.731 16.722 -29.178
-22.178 13.179 -28.839
-25.228 11.354 -30.322
-25.57 14.044 -33.093
-21.852 13.682 -34.021
-21.815 9.829 -34.037
-25.045 9.774 -36.128
-23.507 12.176 -38.75
-20.093 10.348 -38.803

-21.793 6.948 -39.527
-22.962 8.546 -42.834
-19.328 9.196 -43.991
-17.677 6.563 -46.261
-14.251 5.2 -45.121

-14.46 6.789 -41.562
-14.765 4.819 -38.279
-15.142 6.964 -35.114
-15.663 4.659 -32.101

-18.218 6.249 -29.657
-17.862 6.903 -25.912
-18.35 3.469 -24.195
-21.794 2.549 -22.772
-20.235 2.829 -19.255
-19.534 6.58 -19.812
-22.964 7.196 -21.431
-24.623 5.531 -18.378
-22.42 7.523 -15.909

-23.028 10.919 -17.654
-26.668 10.153 -18.714
-27.851 13.482 -17.123

-25.214 15.594 -18.963
-26 13.8 -22.296
-29.631 15.147 -21.909

-29.014 18.802 -20.797
-28.522 21.656 -23.337
-27.494 23.803 -20.296
-24.374 24.206 -18.108
-26.03 23.63 -14.722
-23.195 22.587 -12.38
-23.731 19.355 -10.334

-27.219 19.392 -8.694
-26.798 20.208 -4.988
-26.578 17.032 -2.906
-29.814 16.999 -0.82
-29.276 16.946 2.956
-30.305 13.551 4.343

-32.727 13.25 7.268
-30.389 11.851 9.975
-33.077 12.019 12.787
-33.159 8.159 12.923
-29.32 8.149 13.454
-27.82 8.306 16.969

-27.52 12.074 17.913
-23.991 11.509 19.371
-22.796 10.469 15.867
-24.731 13.185 13.93
-23.402 16.008 16.22
-19.738 14.82 15.861

-19.687 14.822 11.995
-17.445 17.587 10.586

-19.106 19.692 7.763
-17.231 17.783 4.996
-18.064 14.402 6.666
-21.796 15.407 6.677
-21.562 16.318 2.947
-19.943 12.855 2.346
-22.788 11.075 4.244
-25.363 13.084 2.191
-23.555 12.165 -1.104
-23.43 8.459 -0.115
-27.196 8.491 0.728
-28.024 10.343 -2.565

-25.973 7.645 -4.472
-28.214 5.048 -2.67
-25.512 3.7 -0.27

-23.352 2.353 -3.174
-19.956 4.118 -3.237
-16.209 4.012 -2.721
-15.295 6.541 0.021

-11.694 7.195 -1.128

-11.135 10.189 1.225
-7.504 10.605 2.377

-6.048 8.715 5.398
-7.361 9.956 8.784
-10.233 12.169 7.374
-12.706 9.981 9.408

-13.844 7.354 6.831
-15.012 5.081 9.734
-17.363 7.714 11.316
-18.876 8.506 7.854
-19.282 4.738 7.09
-21.02 4.042 10.461
-23.415 6.996 9.798
-24.247 5.855 6.195
-24.846 2.277 7.463
-26.955 3.52 10.461
-29.227 5.531 8.078

-29.9 2.058 6.507

-30.384 0.293 9.981
-33.886 -0.857 8.77
-32.05 -2.956 6.062
-29.626 -4.868 8.41
-27.981 -7.413 9.17

-24.774 -5.448 8.488
-21.551 -7.137 7.269
-18.235 -5.328 7.997
-15.132 -6.739 6.223
-11.829 -5.357 7.603

-9.34396 -2.56639 7.03333
-7.34213 -1.33667 9.98504
-4.9254 -0.228624 12.6869
-5.66801 -3.35613 14.6633

-3.53177 -5.99141 12.9502
-4.3697 -8.55211 15.6304
-8.08774 -7.8497 15.2759
-7.90613 -8.27043 11.5033
-6.09751 -11.5934 11.8637
-8.71135 -12.8606 14.3142
-11.5311 -11.8862 11.96
-9.86224 -13.6878 9.05966
-9.42981 -16.839 11.1395
-13.0887 -16.7805 12.1652
-14.1965 -16.4038 8.54939

-17.4945 -18.4078 8.81139
-18.2245 -18.6488 12.6274
-21.7615 -19.8078 11.5194
-20.1375 -23.2998 10.9774
-19.4035 -25.8838 13.6884

-16.0055 -27.7028 13.4284
-18.0115 -30.9188 12.6514
-19.1535 -29.2658 9.36239

-15.4645 -29.4148 8.14739
-13.8785 -32.7228 7.05939
-10.0545 -32.6398 6.65239

-9.07546 -35.7148 4.60639
-5.68946 -36.9018 5.94339
-5.57446 -40.4358 4.38439
-6.77846 -42.3978 1.30639
-9.14246 -44.4188 3.64139
-11.1615 -41.4068 4.88839
-14.7255 -40.5158 3.73039
-14.4485 -37.5718 1.27239
-18.1895 -36.7008 1.84439
-18.2925 -36.7648 5.69839
-18.4815 -32.9308 6.10739
-20.4535 -30.0648 4.56639

-16.9615 -28.7388 3.60939
-14.4385 -31.4318 2.53639
-10.7095 -30.4968 2.37439
-8.38246 -32.9008 0.458392
-4.90246 -32.8938 -1.13761

-4.03146 -33.3388 -4.85161
-2.13046 -36.6078 -4.05361
-5.20646 -38.1448 -2.31561
-7.67346 -37.3678 -5.20661

-6.29946 -40.3138 -7.28861
-6.66046 -42.6718 -4.24561
-10.2165 -41.3388 -3.58361
-11.3875 -41.4138 -7.28961
-14.1045 -44.0138 -6.38461
-15.6165 -41.4348 -3.91661
-15.3285 -38.4928 -6.43961
-18.4445 -40.0318 -8.15061
-20.5615 -38.0498 -5.60361
-21.4675 -34.7358 -7.37661
-19.7405 -31.8338 -5.58661
-21.6095 -28.8138 -7.06861

-19.0775 -26.2758 -5.63661
-15.3095 -26.8968 -5.99961
-12.3805 -24.7438 -4.82661
-8.89046 -25.7088 -6.06861

-6.03546 -23.8358 -4.36961
-2.71446 -23.4638 -6.27761

-4.43946 -24.9508 -9.39761
-1.13846 -24.8058 -11.3966
-0.625461 -28.3408 -9.88461
-3.14746 -29.4648 -12.6046

-0.931461 -28.0348 -15.4826
-0.234461 -31.5078 -17.0396
-3.28646 -33.5818 -18.1646
-1.36746 -36.9468 -18.0666
-0.759461 -36.7148 -14.2676

-2.92446 -38.8678 -11.9366
-3.94146 -35.7208 -9.91561
-5.20546 -34.0078 -13.1216
-6.95946 -37.1918 -14.4346
-8.83446 -37.5038 -11.0766
-9.68646 -33.7358 -10.7606
-10.8385 -32.9518 -14.3536
-14.0735 -35.1218 -14.4316
-15.3345 -33.3848 -11.2276
-14.3775 -29.8708 -12.4926
-16.2665 -30.4248 -15.8146
-19.5215 -31.5258 -14.0046

-19.4455 -29.2428 -10.8936
-21.7455 -26.1408 -11.1326

-19.1995 -23.7148 -9.53261
-15.3925 -23.9458 -10.0576
-13.1425 -21.5218 -8.13861
-9.51846 -22.0558 -9.25161
-6.80046 -20.1198 -7.34061

-3.11246 -19.5338 -8.24761
-0.371461 -16.8868 -7.85561
1.33654 -18.2978 -10.9656
-1.37546 -19.8208 -13.2606
1.36354 -20.6198 -15.7736
4.78254 -21.5548 -14.3056
6.80554 -21.3258 -17.5846
4.66654 -21.7838 -20.7926

1.14054 -21.1868 -22.3126
0.481539 -24.9948 -22.5296
0.224539 -25.1168 -18.6516
-2.99246 -22.9688 -18.8076
-5.00146 -25.4448 -20.9566
-6.27746 -27.6248 -18.0426
-7.35446 -24.4908 -16.0716
-9.11146 -23.0048 -19.1866
-11.1325 -26.2368 -19.8046
-11.9185 -26.5248 -16.0426
-13.4775 -22.9818 -16.0246

-14.9805 -23.2528 -19.6006
-15.3655 -26.9688 -20.6856
-16.5455 -25.8498 -24.2086
-13.3085 -23.8888 -24.9366
-10.7105 -25.8348 -27.0206
-12.2735 -29.3838 -26.6576
-8.94946 -30.8158 -27.9996

-5.47446 -29.6178 -26.8576
-4.09246 -29.6208 -30.4606
-6.23946 -26.5658 -31.4586
-4.93846 -24.6298 -28.3876
-1.33846 -25.7978 -29.0966
-1.40146 -24.7608 -32.8126
-2.61146 -21.2328 -31.8586
-0.776461 -20.4188 -28.5706

2.11654 -22.9498 -28.1926
3.77554 -22.4668 -31.6706
3.12754 -26.1758 -32.2866

5.70454 -27.8228 -34.6176
5.45554 -31.1708 -36.4596
8.73554 -33.0138 -35.7026

9.73154 -36.4958 -37.1306
8.68154 -38.0628 -33.7436

5.32554 -36.1698 -33.3366
4.16154 -32.6868 -32.2426
6.25154 -30.2618 -30.1606

4.24054 -27.7908 -27.9666
7.17154 -26.1748 -26.0076
6.84054 -22.8478 -27.9006
4.62154 -19.7608 -27.5546
2.49354 -17.7008 -29.9936
-0.261461 -15.0058 -30.0716

0.198539 -14.2888 -26.2966
-1.63246 -10.8908 -26.3956
-4.73246 -12.6668 -27.8526
-4.40746 -15.3808 -25.1486
-4.22646 -12.6128 -22.4556
-7.43446 -10.9748 -23.8246
-9.26746 -14.3698 -23.9336
-8.15546 -15.1928 -20.3466
-9.21446 -11.7948 -18.8596
-12.6165 -11.7448 -20.6726
-13.7935 -15.3538 -20.1376

-11.5625 -17.3558 -17.6716

-9.42946 -15.2978 -15.2876
-9.48746 -12.4038 -12.8166

-5.88446 -11.1618 -12.2836
-4.57746 -8.16079 -10.2946
-1.00246 -7.32579 -9.32061

0.523539 -5.84179 -6.09261
1.13454 -2.63779 -8.11461
-2.62046 -2.38879 -9.01461
-4.06046 -2.75879 -5.45461

-1.24946 -2.26379 -2.83261
0.711539 0.971209 -3.66361
2.12554 0.734209 -0.0636079
4.13054 -2.53379 -0.479608

7.92954 -1.83979 -0.494608
9.68254 -2.57379 -3.81861

11.3385 -5.94379 -4.56161
14.9545 -5.09579 -5.53961
16.4915 -7.98579 -7.54161
20.1705 -8.48379 -8.48861
22.5325 -11.0928 -9.89061
25.5735 -11.7878 -7.64961
28.3925 -13.3418 -9.70461

30.1725 -15.5428 -7.11361
33.8875 -15.7238 -7.92361

34.8715 -18.9548 -9.84661
38.4865 -18.4838 -8.51861
37.4485 -20.6758 -5.49661

36.4075 -23.4648 -7.98161
39.5455 -25.6458 -7.91561

41.0515 -26.9188 -11.2136
39.7395 -30.5368 -10.6726
36.1175 -29.3388 -10.1216
36.3945 -27.0088 -13.1826
37.8235 -29.8538 -15.3346
34.8855 -32.0708 -14.1496
32.3395 -29.3358 -15.1476
34.1365 -28.9378 -18.5376
34.0495 -32.7638 -18.9686
30.2765 -33.0728 -18.2206
29.5885 -30.0208 -20.4886
31.5435 -31.6968 -23.3756
29.7695 -35.0098 -22.5846
26.2725 -33.4578 -23.1686
27.3635 -32.1268 -26.6396

28.8435 -35.4568 -27.8916
27.0135 -36.5548 -31.0966
27.1545 -40.3348 -30.5616
25.2835 -40.4958 -27.1766
21.7105 -41.7238 -26.6696

18.9145 -39.3368 -25.5156
19.2335 -40.9988 -22.0526
23.0555 -40.5398 -21.7636
22.5045 -36.8378 -22.7346
19.9155 -36.4848 -19.8596
22.2835 -38.3048 -17.4226
25.2325 -36.0128 -18.3796
22.8815 -32.9748 -17.9236
21.8665 -34.1768 -14.3996
25.5815 -34.7578 -13.5926
26.5515 -31.2368 -14.8646
23.7245 -29.6978 -12.7496
24.6795 -31.6468 -9.55161
28.4125 -30.7298 -10.1186
27.3625 -27.0398 -10.4786
25.7115 -27.2288 -7.01861
28.8715 -28.8098 -5.44961
31.1715 -26.2488 -7.17761
29.1725 -23.2748 -5.73161
29.1195 -24.4708 -2.03361
32.4065 -22.7178 -0.896608
31.4695 -19.2848 -2.36861
27.7845 -19.6398 -1.32861
29.1255 -20.1878 2.24239
31.5975 -17.2448 1.85539
28.6705 -14.9938 0.772392
26.3585 -16.1458 3.66239
29.1635 -15.3778 6.17339
29.8175 -11.9278 4.54839
26.0685 -11.1308 5.02439
26.1955 -12.1418 8.74939
29.5205 -10.2768 9.33939

27.8625 -7.19779 7.65639
25.3825 -7.21279 10.6304
22.2135 -8.50979 8.83939
19.5195 -9.46279 11.3674
17.2665 -11.8118 9.24339

17.4855 -13.4068 5.76239
16.3175 -16.4828 3.79139
18.6875 -18.8448 1.91639
17.1015 -20.9118 -0.887608
18.7225 -24.0668 -2.35861

17.3405 -27.3678 -3.83561
20.2185 -29.9118 -3.78061

20.3495 -31.5958 -0.327608
24.2125 -31.3938 -0.269608
23.9825 -27.5368 -0.511608
21.3795 -27.3518 2.33239
23.5405 -29.7868 4.41839
26.8055 -27.8048 3.86439
25.1285 -24.4258 4.71039
23.5755 -25.8548 7.94939
26.9115 -27.4878 8.97939
28.8535 -24.1848 8.55939
26.1675 -22.1718 10.4674
26.3855 -24.7628 13.3324
30.2475 -24.5388 13.2174

29.9595 -20.6838 13.4734
27.2915 -21.1158 16.2744
24.7135 -19.1558 14.1724
21.1095 -19.8428 15.2414

19.1065 -20.8338 12.1304
16.0215 -22.8018 10.9644
15.9435 -25.5188 8.24839
12.9415 -26.6198 6.10439

13.2075 -29.3418 3.40639
11.3745 -32.4378 1.99239
11.9525 -34.3548 5.30139
10.5185 -31.6058 7.61739
7.00554 -32.6108 8.80639
3.84254 -30.5148 8.15039
3.46954 -29.4068 11.8384

7.22754 -28.7648 12.4254
7.21854 -26.5398 9.25839
4.65754 -24.2078 10.9224
6.50654 -24.2628 14.3064
9.94254 -23.4748 12.6984
8.20154 -20.7058 10.6754
6.86754 -19.2178 13.9754
10.3445 -19.6008 15.6284
11.9925 -17.5848 12.7604
9.14454 -14.9848 12.8104
9.07054 -14.4208 16.6214

12.7035 -15.0838 17.7554
15.2875 -12.3018 17.0694
18.0905 -14.9298 17.5194
17.2795 -16.9338 14.3414
19.2485 -14.9528 11.7204

19.1065 -17.4768 8.80739
16.3465 -19.6478 7.32839
17.8085 -22.5098 5.19839
14.9525 -23.4198 2.82539
14.3785 -25.9478 0.0373921

13.0665 -24.0518 -3.06361
10.6375 -26.9618 -3.77261
9.57454 -27.8108 -0.175608
9.08754 -24.2168 1.19139
7.36554 -22.6878 -1.94161
3.90454 -23.1618 -0.253608
1.90654 -22.2058 2.89739
4.67354 -20.4398 4.89239
5.12254 -16.6678 5.57739
8.57554 -15.1248 6.28639
7.73854 -11.3898 6.73239
10.4485 -11.0578 9.48539
13.2325 -11.1228 6.81239
14.1165 -8.31779 4.31539

16.5635 -10.3948 2.17339
16.2545 -13.5588 0.0313921
19.4215 -15.3258 -1.25361
19.0445 -17.9588 -3.99761

22.2045 -20.0818 -3.55361
20.9955 -22.1018 -6.58461
18.9845 -21.2988 -9.73261
15.7915 -23.2638 -10.5286
14.7055 -23.8178 -14.1956
11.0595 -22.8458 -13.4506

10.5195 -19.0688 -12.8026
7.04654 -19.6168 -11.2396
8.74754 -21.4838 -8.31961
11.3665 -18.6878 -7.90461
8.52954 -16.0598 -7.75061
6.64954 -18.2998 -5.21561
9.82754 -18.3068 -3.03561
10.3015 -14.4558 -3.26761

6.60354 -13.9808 -2.24961
7.27754 -15.8278 1.03439
8.89854 -12.5478 2.29939
6.96654 -10.0258 0.154392
3.58254 -10.5188 1.97839
1.04254 -8.34479 3.86139
2.96654 -7.40279 7.05839
6.27454 -6.63079 5.23639
7.50354 -3.03079 5.95039
11.0255 -3.09979 4.33739
12.1285 -3.13679 0.651392

12.7505 -6.81779 -0.171608
16.2405 -7.63879 -1.50361
16.5025 -10.6898 -3.83861
20.0635 -11.9418 -4.57961
20.5675 -14.6258 -7.29161
23.9875 -16.3208 -6.78361
25.5205 -17.3368 -10.1866

28.9095 -18.8368 -11.2086
30.6105 -18.3178 -14.6376
31.7165 -21.6828 -16.1616
28.6935 -23.6578 -14.7436
25.0215 -24.6578 -15.3696

24.0095 -21.0738 -14.2906
25.3285 -19.7298 -17.6746
22.5485 -21.7378 -19.4846
19.8495 -21.6608 -16.7506
19.8135 -17.8468 -16.3306
19.0025 -17.0048 -20.0446
16.4175 -19.8918 -19.9946
14.7085 -18.4548 -16.8506
14.7215 -14.9418 -18.4676
13.0285 -16.0248 -21.7496
10.4275 -17.9498 -19.6346
9.58554 -14.8148 -17.5156
9.22554 -12.8228 -20.7876
6.75254 -15.4678 -22.1526
4.83054 -15.2018 -18.8206
4.84554 -11.3378 -18.9846
3.61854 -11.2538 -22.6546

0.745539 -13.5758 -21.5376
-0.0544606 -11.0338 -18.6926
1.02154 -13.6348 -16.0486
4.04154 -11.7278 -14.5726
5.21654 -8.11279 -14.0006
8.67454 -9.55179 -13.2656
11.1485 -8.41579 -15.9106
14.5885 -10.0878 -15.4376
16.4735 -8.28179 -18.3266

17.4795 -5.19279 -16.2446
19.5275 -7.38179 -13.8016
21.8745 -8.69879 -16.5806
22.7255 -5.30179 -18.1396

23.9905 -4.34279 -14.6096
26.4755 -7.31579 -14.1866

End chain 1
