-13.201 -6.296 -53.957
-10.703 -3.406 -53.291
-9.54 -3.087 -49.639
-11.02 0.322 -48.639
-8.614 1.85 -46.053
-10.787 3.126 -43.162

-9.634 6.195 -41.181
-10.061 4.9 -37.589
-10.286 6.838 -34.306
-12.195 7.103 -30.979
-14.163 9.439 -28.711
-12.619 10.223 -25.263
-14.157 12.207 -22.344

-11.943 15.248 -21.466
-14.301 16.978 -18.949
-17.827 16.65 -17.399
-19.139 18.761 -20.353

-16.752 17.96 -23.312
-15.482 14.956 -25.281
-12.62 14.751 -27.824
-12.437 12.939 -31.204
-8.982 11.264 -31.393
-8.672 10.357 -35.1

-6.282 10.744 -38.079
-6.98 13.557 -40.6
-9.895 13.022 -43.051

-11.208 15.853 -45.293
-14.92 14.856 -45.011
-14.611 14.37 -41.226
-13.015 17.857 -40.827
-15.875 19.254 -42.999
-18.403 17.482 -40.669
-16.559 18.759 -37.515
-16.844 22.341 -38.957

-20.697 21.797 -39.029
-20.861 21.033 -35.24
-22.116 23.933 -33.104
-20.016 23.255 -29.939
-16.791 22.621 -31.971

-13.393 23.436 -30.391
-10.011 22.816 -32.063
-6.805 22.812 -29.99

-3.883 23.919 -32.209
-1.328 22.314 -29.773
-2.753 18.736 -29.691
-4.334 19.137 -33.217

-7.578 17.622 -31.79
-11.313 18.386 -31.995
-13.683 18.544 -28.991
-17.466 19.001 -28.65
-20.131 19.402 -25.91

-21.257 16.038 -24.476
-24.923 16.743 -25.497
-23.731 16.722 -29.178
-22.178 13.179 -28.839
-25.228 11.354 -30.322
-25.57 14.044 -33.093
-21.852 13.682 -34.021
-21.815 9.829 -34.037
-25.045 9.774 -36.128
-23.507 12.176 -38.75
-20.093 10.348 -38.803

-21.9625 7.18535 -39.5526
-24.5585 4.66251 -40.5622
-27.7003 2.43866 -40.7913
-30.7577 0.206988 -41.0789
-34.0127 -1.66272 -40.4882

-35.8301 -2.54526 -43.7949
-36.121 -5.23137 -46.3631
-38.4656 -6.4608 -49.0573
-37.5496 -5.08965 -52.4913

-40.1046 -3.49965 -50.0473
-39.7486 -2.84565 -46.3023
-40.2366 -6.27965 -44.5853
-43.6806 -7.19965 -43.1623
-42.1216 -6.91965 -39.6453
-41.4206 -3.16865 -40.2023
-44.8506 -2.55265 -41.8213
-46.5096 -4.21765 -38.7683
-44.3066 -2.22565 -36.2993

-44.9146 1.17035 -38.0443
-48.5546 0.40435 -39.1043
-49.7376 3.73335 -37.5133

-47.1006 5.84535 -39.3533
-47.8866 4.05135 -42.6863
-51.5176 5.39835 -42.2993

-50.9006 9.05335 -41.1873
-50.4086 11.9074 -43.7273
-49.3806 14.0544 -40.6863
-46.2606 14.4574 -38.4983
-47.9166 13.8814 -35.1123
-45.0816 12.8384 -32.7703
-45.6176 9.60635 -30.7243

-49.1056 9.64335 -29.0843
-48.6846 10.4594 -25.3783
-48.4646 7.28335 -23.2963
-51.7006 7.25035 -21.2103
-51.1626 7.19735 -17.4343
-52.1916 3.80235 -16.0473

-54.6136 3.50135 -13.1223
-52.2756 2.10235 -10.4153
-54.9636 2.27035 -7.60327
-55.0456 -1.58965 -7.46727
-51.2066 -1.59965 -6.93627
-49.7066 -1.44265 -3.42127

-49.4066 2.32535 -2.47727
-45.8776 1.76035 -1.01927
-44.6826 0.72035 -4.52327
-46.6176 3.43635 -6.46027
-45.2886 6.25935 -4.17027
-41.6246 5.07135 -4.52927

-41.5736 5.07335 -8.39527
-39.3316 7.83835 -9.80427

-40.9926 9.94335 -12.6273
-39.1176 8.03435 -15.3943
-39.9506 4.65335 -13.7243
-43.6826 5.65835 -13.7133
-43.4486 6.56935 -17.4433
-41.8296 3.10635 -18.0443
-44.6746 1.32635 -16.1463
-47.2496 3.33535 -18.1993
-45.4416 2.41635 -21.4943
-45.3166 -1.28965 -20.5053
-49.0826 -1.25765 -19.6623
-49.9106 0.59435 -22.9553

-47.8596 -2.10365 -24.8623
-50.1006 -4.70065 -23.0603
-47.3986 -6.04865 -20.6603

-45.2386 -7.39565 -23.5643
-41.8426 -5.63065 -23.6273
-38.0956 -5.73665 -23.1113
-37.1816 -3.20765 -20.3693

-33.5806 -2.55365 -21.5183

-33.0216 0.44035 -19.1653
-29.3906 0.85635 -18.0133

-27.9346 -1.03365 -14.9923
-29.2476 0.20735 -11.6063
-32.1196 2.42035 -13.0163
-34.5926 0.23235 -10.9823

-35.7306 -2.39465 -13.5593
-36.8986 -4.66765 -10.6563
-39.2496 -2.03465 -9.07427
-40.7626 -1.24265 -12.5363
-41.1686 -5.01065 -13.3003
-42.9066 -5.70665 -9.92927
-45.3016 -2.75265 -10.5923
-46.1336 -3.89365 -14.1953
-46.7326 -7.47165 -12.9273
-48.8416 -6.22865 -9.92927
-51.1136 -4.21765 -12.3123

-51.7866 -7.69065 -13.8833

-52.2706 -9.45565 -10.4093
-55.7726 -10.6056 -11.6203
-53.9366 -12.7046 -14.3283
-51.5126 -14.6166 -11.9803
-49.8676 -17.1616 -11.2203

-46.6606 -15.1966 -11.9023
-43.4376 -16.8856 -13.1213
-40.1216 -15.0766 -12.3933
-37.0186 -16.4876 -14.1673
-33.7156 -15.1056 -12.7873

-29.9366 -15.7646 -12.4043
-29.3026 -18.5686 -9.82327
-27.7426 -16.0536 -7.29727
-30.5756 -13.3886 -7.19127

-33.6446 -15.6166 -6.38727
-33.7816 -14.5016 -2.71527
-33.0406 -10.8506 -3.76027
-36.2516 -11.0526 -5.88427
-38.3006 -12.6456 -3.01527
-37.1546 -9.82865 -0.661273
-37.9956 -7.27265 -3.42127
-41.6086 -8.63765 -3.63027
-41.9686 -8.60865 0.220727
-40.4826 -5.04865 0.332727
-42.7096 -3.55365 -2.41227

-46.0076 -5.55765 -2.15027
-46.7376 -5.79865 1.66573
-50.2746 -6.95765 0.557727
-48.6506 -10.4496 0.0157268
-47.9166 -13.0336 2.72673

-44.5186 -14.8526 2.46673
-46.5246 -18.0686 1.68973
-47.6666 -16.4156 -1.59927

-43.9776 -16.5646 -2.81427
-42.3916 -19.8726 -3.90227
-38.5676 -19.7896 -4.30927

-37.5886 -22.8646 -6.35527
-34.2026 -24.0516 -5.01827
-34.0876 -27.5856 -6.57727
-35.2916 -29.5476 -9.65527
-37.6556 -31.5686 -7.32027
-39.6746 -28.5566 -6.07327
-43.2386 -27.6656 -7.23127
-42.9616 -24.7216 -9.68927
-46.7026 -23.8506 -9.11727
-46.8056 -23.9146 -5.26327
-46.9946 -20.0806 -4.85427
-48.9666 -17.2146 -6.39527

-45.4746 -15.8886 -7.35227
-42.9516 -18.5816 -8.42527
-39.2226 -17.6466 -8.58727
-36.8956 -20.0506 -10.5033
-33.4156 -20.0436 -12.0993

-32.5446 -20.4886 -15.8133
-30.6436 -23.7576 -15.0153
-33.7196 -25.2946 -13.2773
-36.1866 -24.5176 -16.1683

-34.8126 -27.4636 -18.2503
-35.1736 -29.8216 -15.2073
-38.7296 -28.4886 -14.5453
-39.9006 -28.5636 -18.2513
-42.6176 -31.1636 -17.3463
-44.1296 -28.5846 -14.8783
-43.8416 -25.6426 -17.4013
-46.9576 -27.1816 -19.1123
-49.0746 -25.1996 -16.5653
-49.9806 -21.8856 -18.3383
-48.2536 -18.9836 -16.5483
-50.1226 -15.9636 -18.0303

-47.5906 -13.4256 -16.5983
-43.8226 -14.0466 -16.9613
-40.8936 -11.8936 -15.7883
-37.4036 -12.8586 -17.0303

-34.5486 -10.9856 -15.3313
-31.2276 -10.6136 -17.2393

-32.9526 -12.1006 -20.3593
-29.6516 -11.9556 -22.3583
-29.1386 -15.4906 -20.8463
-31.6606 -16.6146 -23.5663

-29.4446 -15.1846 -26.4443
-28.7476 -18.6576 -28.0013
-31.7996 -20.7316 -29.1263
-29.8806 -24.0966 -29.0283
-29.2726 -23.8646 -25.2293

-31.4376 -26.0176 -22.8983
-32.4546 -22.8706 -20.8773
-33.7186 -21.1576 -24.0833
-35.4726 -24.3416 -25.3963
-37.3476 -24.6536 -22.0383
-38.1996 -20.8856 -21.7223
-39.3516 -20.1016 -25.3153
-42.5866 -22.2716 -25.3933
-43.8476 -20.5346 -22.1893
-42.8906 -17.0206 -23.4543
-44.7796 -17.5746 -26.7763
-48.0346 -18.6756 -24.9663

-47.9586 -16.3926 -21.8553
-50.2586 -13.2906 -22.0943

-47.7126 -10.8646 -20.4943
-43.9056 -11.0956 -21.0193
-41.6556 -8.67165 -19.1003
-38.0316 -9.20565 -20.2133
-35.3136 -7.26965 -18.3023

-31.6256 -6.68365 -19.2093
-28.8846 -4.03665 -18.8173
-27.1766 -5.44765 -21.9273
-29.8886 -6.97065 -24.2223
-27.1496 -7.76965 -26.7353
-23.7306 -8.70465 -25.2673
-21.7076 -8.47565 -28.5463
-23.8466 -8.93365 -31.7543

-27.3726 -8.33665 -33.2743
-28.0316 -12.1446 -33.4913
-28.2886 -12.2666 -29.6133
-31.5056 -10.1186 -29.7693
-33.5146 -12.5946 -31.9183
-34.7906 -14.7746 -29.0043
-35.8676 -11.6406 -27.0333
-37.6246 -10.1546 -30.1483
-39.6456 -13.3866 -30.7663
-40.4316 -13.6746 -27.0043
-41.9906 -10.1316 -26.9863

-43.4936 -10.4026 -30.5623
-43.8786 -14.1186 -31.6473
-45.0586 -12.9996 -35.1703
-41.8216 -11.0386 -35.8983
-39.2236 -12.9846 -37.9823
-40.7866 -16.5336 -37.6193
-37.4626 -17.9656 -38.9613

-33.9876 -16.7676 -37.8193
-32.6056 -16.7706 -41.4223
-34.7526 -13.7156 -42.4203
-33.4516 -11.7796 -39.3493
-29.8516 -12.9476 -40.0583
-29.9146 -11.9106 -43.7743
-31.1246 -8.38265 -42.8203
-29.2896 -7.56865 -39.5323

-26.3966 -10.0996 -39.1543
-24.7376 -9.61665 -42.6323
-25.3856 -13.3256 -43.2483

-22.8086 -14.9726 -45.5793
-23.0576 -18.3206 -47.4213
-19.7776 -20.1636 -46.6643

-18.7816 -23.6456 -48.0923
-19.8316 -25.2126 -44.7053

-23.1876 -23.3196 -44.2983
-24.3516 -19.8366 -43.2043
-22.2616 -17.4116 -41.1223

-24.2726 -14.9406 -38.9283
-21.3416 -13.3246 -36.9693
-21.6726 -9.99765 -38.8623
-23.8916 -6.91065 -38.5163
-26.0196 -4.85065 -40.9553
-28.7746 -2.15565 -41.0333

-28.3146 -1.43865 -37.2583
-30.1456 1.95935 -37.3573
-33.2456 0.18335 -38.8143
-32.9206 -2.53065 -36.1103
-32.7396 0.23735 -33.4173
-35.9476 1.87535 -34.7863
-37.7806 -1.51965 -34.8953
-36.6686 -2.34265 -31.3083
-37.7276 1.05535 -29.8213
-41.1296 1.10535 -31.6343
-42.3066 -2.50365 -31.0993

-40.0756 -4.50565 -28.6333

-37.9426 -2.44765 -26.2493
-38.0006 0.44635 -23.7783

-34.3976 1.68835 -23.2453
-33.0906 4.68935 -21.2563
-29.5156 5.52435 -20.2823

-27.9896 7.00835 -17.0543
-27.3786 10.2124 -19.0763
-31.1336 10.4614 -19.9763
-32.5736 10.0914 -16.4163

-29.7626 10.5864 -13.7943
-27.8016 13.8214 -14.6253
-26.3876 13.5844 -11.0253
-24.3826 10.3164 -11.4413

-20.5836 11.0104 -11.4563
-18.8306 10.2764 -14.7803

-17.1746 6.90635 -15.5233
-13.5586 7.75435 -16.5013
-12.0216 4.86435 -18.5033
-8.3426 4.36635 -19.4503
-5.9806 1.75735 -20.8523
-2.9396 1.06235 -18.6113
-0.120597 -0.49165 -20.6663

1.6594 -2.69265 -18.0753
5.3744 -2.87365 -18.8853

6.3584 -6.10465 -20.8083
9.9734 -5.63365 -19.4803
8.9354 -7.82565 -16.4583

7.8944 -10.6146 -18.9433
11.0324 -12.7956 -18.8773

12.5384 -14.0686 -22.1753
11.2264 -17.6866 -21.6343
7.6044 -16.4886 -21.0833
7.8814 -14.1586 -24.1443
9.3104 -17.0036 -26.2963
6.3724 -19.2206 -25.1113
3.8264 -16.4856 -26.1093
5.6234 -16.0876 -29.4993
5.5364 -19.9136 -29.9303
1.7634 -20.2226 -29.1823
1.0754 -17.1706 -31.4503
3.0304 -18.8466 -34.3373
1.2564 -22.1596 -33.5463
-2.2406 -20.6076 -34.1303
-1.1496 -19.2766 -37.6013

0.330403 -22.6066 -38.8533
-1.4996 -23.7046 -42.0583
-1.3586 -27.4846 -41.5233
-3.2296 -27.6456 -38.1383
-6.8026 -28.8736 -37.6313

-9.5986 -26.4866 -36.4773
-9.2796 -28.1486 -33.0143
-5.4576 -27.6896 -32.7253
-6.0086 -23.9876 -33.6963
-8.5976 -23.6346 -30.8213
-6.2296 -25.4546 -28.3843
-3.2806 -23.1626 -29.3413
-5.6316 -20.1246 -28.8853
-6.6466 -21.3266 -25.3613
-2.9316 -21.9076 -24.5543
-1.9616 -18.3866 -25.8263
-4.7886 -16.8476 -23.7113
-3.8336 -18.7966 -20.5133
-0.100597 -17.8796 -21.0803
-1.1506 -14.1896 -21.4403
-2.8016 -14.3786 -17.9803
0.358403 -15.9596 -16.4113
2.6584 -13.3986 -18.1393
0.659403 -10.4246 -16.6933
0.606403 -11.6206 -12.9953
3.8934 -9.86765 -11.8583
2.9564 -6.43465 -13.3303
-0.728597 -6.78965 -12.2903
0.612403 -7.33765 -8.71927
3.0844 -4.39465 -9.10627
0.157403 -2.14365 -10.1893
-2.1546 -3.29565 -7.29927
0.650403 -2.52765 -4.78827
1.3044 0.92235 -6.41327
-2.4446 1.71935 -5.93727
-2.3176 0.70835 -2.21227
1.0074 2.57335 -1.62227

-0.650597 5.65235 -3.30527
-3.1306 5.63735 -0.331273
-6.2996 4.34035 -2.12227
-8.9936 3.38735 0.405727
-11.2466 1.03835 -1.71827

-11.0276 -0.55665 -5.19927
-12.1956 -3.63265 -7.17027
-9.8256 -5.99465 -9.04527
-11.4116 -8.06165 -11.8493
-9.7906 -11.2166 -13.3203

-11.1726 -14.5176 -14.7973
-8.2946 -17.0616 -14.7423

-8.1636 -18.7456 -11.2893
-4.3006 -18.5436 -11.2313
-4.5306 -14.6866 -11.4733
-7.1336 -14.5016 -8.62927
-4.9726 -16.9366 -6.54327
-1.7076 -14.9546 -7.09727
-3.3846 -11.5756 -6.25127
-4.9376 -13.0046 -3.01227
-1.6016 -14.6376 -1.98227
0.340403 -11.3346 -2.40227
-2.3456 -9.32165 -0.494273
-2.1276 -11.9126 2.37073
1.7344 -11.6886 2.25573

1.4464 -7.83365 2.51173
-1.2216 -8.26565 5.31273
-3.7996 -6.30565 3.21073
-7.4036 -6.99265 4.27973

-9.4066 -7.98365 1.16873
-12.4916 -9.95165 0.00272684
-12.5696 -12.6686 -2.71327
-15.5716 -13.7696 -4.85727

-15.3056 -16.4916 -7.55527
-17.1386 -19.5876 -8.96927
-16.5606 -21.5046 -5.66027
-17.9946 -18.7556 -3.34427
-21.5076 -19.7606 -2.15527
-24.6706 -17.6646 -2.81127
-25.0436 -16.5566 0.876727

-21.2856 -15.9146 1.46373
-21.2946 -13.6896 -1.70327
-23.8556 -11.3576 -0.0392732
-22.0066 -11.4126 3.34473
-18.5706 -10.6246 1.73673
-20.3116 -7.85565 -0.286273
-21.6456 -6.36765 3.01373
-18.1686 -6.75065 4.66673
-16.5206 -4.73465 1.79873
-19.3686 -2.13465 1.84873
-19.4426 -1.57065 5.65973

-15.8096 -2.23365 6.79373
-13.2256 0.54835 6.10773
-10.4226 -2.07965 6.55773
-11.2336 -4.08365 3.37973
-9.2646 -2.10265 0.758727

-9.4066 -4.62665 -2.15427
-12.1666 -6.79765 -3.63327
-10.7046 -9.65965 -5.76327
-13.5606 -10.5696 -8.13627
-14.1346 -13.0976 -10.9243

-15.4466 -11.2016 -14.0253
-17.8756 -14.1116 -14.7343
-18.9386 -14.9606 -11.1373
-19.4256 -11.3666 -9.77027
-21.1476 -9.83765 -12.9033
-24.6086 -10.3116 -11.2153
-26.6066 -9.35565 -8.06427
-23.8396 -7.58965 -6.06927
-23.3906 -3.81765 -5.38427
-19.9376 -2.27465 -4.67527
-20.7746 1.46035 -4.22927
-18.0646 1.79235 -1.47627
-15.2806 1.72735 -4.14927
-14.3966 4.53235 -6.64627

-11.9496 2.45535 -8.78827
-12.2586 -0.70865 -10.9303
-9.0916 -2.47565 -12.2153
-9.4686 -5.10865 -14.9593

-6.3086 -7.23165 -14.5153
-7.5176 -9.25165 -17.5463
-9.5286 -8.44865 -20.6943
-12.7216 -10.4136 -21.4903
-13.8076 -10.9676 -25.1573
-17.4536 -9.99565 -24.4123

-17.9936 -6.21865 -23.7643
-21.4666 -6.76665 -22.2013
-19.7656 -8.63365 -19.2813
-17.1466 -5.83765 -18.8663
-19.9836 -3.20965 -18.7123
-21.8636 -5.44965 -16.1773
-18.6856 -5.45665 -13.9973
-18.2116 -1.60565 -14.2293

-21.9096 -1.13065 -13.2113
-21.2356 -2.97765 -9.92727
-19.6146 0.30235 -8.66227
-21.5466 2.82435 -10.8073
-24.9306 2.33135 -8.98327
-27.4706 4.50535 -7.10027
-25.5466 5.44735 -3.90327
-22.2386 6.21935 -5.72527
-21.0096 9.81935 -5.01127
-17.4876 9.75035 -6.62427
-16.3846 9.71335 -10.3103

-15.7626 6.03235 -11.1333
-12.2726 5.21135 -12.4653
-12.0106 2.16035 -14.8003
-8.4496 0.90835 -15.5413
-7.9456 -1.77565 -18.2533
-4.5256 -3.47065 -17.7453
-2.9926 -4.48665 -21.1483

0.396403 -5.98665 -22.1703
2.0974 -5.46765 -25.5993
3.2034 -8.83265 -27.1233
0.180403 -10.8076 -25.7053
-3.4916 -11.8076 -26.3313

-4.5036 -8.22365 -25.2523
-3.1846 -6.87965 -28.6363
-5.9646 -8.88765 -30.4463
-8.6636 -8.81065 -27.7123
-8.6996 -4.99665 -27.2923
-9.5106 -4.15465 -31.0063
-12.0956 -7.04165 -30.9563
-13.8046 -5.60465 -27.8123
-13.7916 -2.09165 -29.4293
-15.4846 -3.17465 -32.7113
-18.0856 -5.09965 -30.5963
-18.9276 -1.96465 -28.4773
-19.2876 0.02735 -31.7493
-21.7606 -2.61765 -33.1143
-23.6826 -2.35165 -29.7823
-23.6676 1.51235 -29.9463
-24.8946 1.59635 -33.6163

-27.7676 -0.72565 -32.4993
-28.5676 1.81635 -29.6543
-27.4916 -0.78465 -27.0103
-24.4716 1.12235 -25.5343
-23.2966 4.73735 -24.9623
-19.8386 3.29835 -24.2273
-17.3646 4.43435 -26.8723
-13.9246 2.76235 -26.3993
-12.0396 4.56835 -29.2883

-11.0336 7.65735 -27.2063
-8.9856 5.46835 -24.7633
-6.6386 4.15135 -27.5423
-5.7876 7.54835 -29.1013

-4.5226 8.50735 -25.5713
-2.0376 5.53435 -25.1483

End chain 1
