-13.201 -6.296 -53.957
-10.703 -3.406 -53.291
-9.54 -3.087 -49.639
-11.02 0.322 -48.639
-8.614 1.85 -46.053
-10.787 3.126 -43.162

-9.634 6.195 -41.181
-10.061 4.9 -37.589
-10.286 6.838 -34.306
-12.195 7.103 -30.979
-14.163 9.439 -28.711
-12.619 10.223 -25.263
-14.157 12.207 -22.344

-11.943 15.248 -21.466
-14.301 16.978 -18.949
-17.827 16.65 -17.399
-19.139 18.761 -20.353

-16.752 17.96 -23.312
-15.482 14.956 -25.281
-12.62 14.751 -27.824
-12.437 12.939 -31.204
-8.982 11.264 -31.393
-8.672 10.357 -35.1

-6.282 10.744 -38.079
-6.98 13.557 -40.6
-9.895 13.022 -43.051

-11.208 15.853 -45.293
-14.92 14.856 -45.011
-14.611 14.37 -41.226
-13.015 17.857 -40.827
-15.875 19.254 -42.999
-18.403 17.482 -40.669
-16.559 18.759 -37.515
-16.844 22.341 -38.957

-20.697 21.797 -39.029
-20.861 21.033 -35.24
-22.116 23.933 -33.104
-20.016 23.255 -29.939
-16.791 22.621 -31.971

-13.393 23.436 -30.391
-10.011 22.816 -32.063
-6.805 22.812 -29.99

-3.883 23.919 -32.209
-1.328 22.314 -29.773
-2.753 18.736 -29.691
-4.334 19.137 -33.217

-7.578 17.622 -31.79
-11.313 18.386 -31.995
-13.683 18.544 -28.991
-17.466 19.001 -28.65
-20.131 19.402 -25.91

-21.257 16.038 -24.476
-24.923 16.743 -25.497
-23.731 16.722 -29.178
-22.178 13.179 -28.839
-25.228 11.354 -30.322
-25.57 14.044 -33.093
-21.852 13.682 -34.021
-21.815 9.829 -34.037
-25.045 9.774 -36.128
-23.507 12.176 -38.75
-20.093 10.348 -38.803

-21.793 6.948 -39.527
-22.962 8.546 -42.834
-19.328 9.196 -43.991
-17.677 6.563 -46.261
-14.251 5.2 -45.121

-14.46 6.789 -41.562
-14.765 4.819 -38.279
-15.142 6.964 -35.114
-15.663 4.659 -32.101

-18.218 6.249 -29.657
-17.862 6.903 -25.912
-18.35 3.469 -24.195
-21.794 2.549 -22.772
-20.235 2.829 -19.255
-19.534 6.58 -19.812
-22.964 7.196 -21.431
-24.623 5.531 -18.378
-22.42 7.523 -15.909

-23.5496 10.6372 -17.8436
-23.668 14.3654 -17.4958
-24.3325 17.5464 -19.571

-21.6743 19.7303 -17.9563
-20.7532 16.9698 -15.5121
-20.4218 14.4476 -18.3355

-19.8048 18.1026 -17.2235
-19.3128 20.9566 -19.7635
-18.2848 23.1036 -16.7225
-15.1648 23.5066 -14.5345
-16.8208 22.9306 -11.1485
-13.9858 21.8876 -8.80647
-14.5218 18.6556 -6.76047

-18.0098 18.6926 -5.12047
-17.5888 19.5086 -1.41447
-17.3688 16.3326 0.667531
-20.6048 16.2996 2.75353
-20.0668 16.2466 6.52953
-21.0958 12.8516 7.91653

-23.5178 12.5506 10.8415
-21.1798 11.1516 13.5485
-23.8678 11.3196 16.3605
-23.9498 7.45963 16.4965
-20.1108 7.44963 17.0275
-18.6108 7.60663 20.5425

-18.3108 11.3746 21.4865
-14.7818 10.8096 22.9445
-13.5868 9.76963 19.4405
-15.5218 12.4856 17.5035
-14.1928 15.3086 19.7935
-10.5288 14.1206 19.4345

-10.4778 14.1226 15.5685
-8.23581 16.8876 14.1595

-9.89681 18.9926 11.3365
-8.02181 17.0836 8.56953
-8.85481 13.7026 10.2395
-12.5868 14.7076 10.2505
-12.3528 15.6186 6.52053
-10.7338 12.1556 5.91953
-13.5788 10.3756 7.81753
-16.1538 12.3846 5.76453
-14.3458 11.4656 2.46953
-14.2208 7.75963 3.45853
-17.9868 7.79163 4.30153
-18.8148 9.64363 1.00853

-16.7638 6.94563 -0.898469
-19.0048 4.34863 0.903531
-16.3028 3.00063 3.30353

-14.1428 1.65363 0.399531
-10.7468 3.41863 0.336531
-6.99981 3.31263 0.852531
-6.08581 5.84163 3.59453

-2.48481 6.49563 2.44553

-1.92581 9.48963 4.79853
1.70519 9.90563 5.95053

3.16119 8.01563 8.97153
1.84819 9.25663 12.3575
-1.02381 11.4696 10.9475
-3.49681 9.28163 12.9815

-4.63481 6.65463 10.4045
-5.80281 4.38163 13.3075
-8.15381 7.01463 14.8895
-9.66681 7.80663 11.4275
-10.0728 4.03863 10.6635
-11.8108 3.34263 14.0345
-14.2058 6.29663 13.3715
-15.0378 5.15563 9.76853
-15.6368 1.57763 11.0365
-17.7458 2.82063 14.0345
-20.0178 4.83163 11.6515

-20.6908 1.35863 10.0805

-21.1748 -0.406371 13.5545
-24.6768 -1.55637 12.3435
-22.8408 -3.65537 9.63553
-20.4168 -5.56737 11.9835
-18.7718 -8.11237 12.7435

-15.5648 -6.14737 12.0615
-12.3418 -7.83637 10.8425
-9.02581 -6.02737 11.5705
-5.92281 -7.43837 9.79653
-2.61981 -6.05637 11.1765

1.15919 -6.71537 11.5595
1.79319 -9.51937 14.1405
3.35319 -7.00437 16.6665
0.520186 -4.33937 16.7725

-2.54881 -6.56737 17.5765
-2.68581 -5.45237 21.2485
-1.94481 -1.80137 20.2035
-5.15581 -2.00337 18.0795
-7.20481 -3.59637 20.9485
-6.05881 -0.779371 23.3025
-6.89981 1.77663 20.5425
-10.5128 0.411629 20.3335
-10.8728 0.440629 24.1845
-9.38681 4.00063 24.2965
-11.6138 5.49563 21.5515

-14.9118 3.49163 21.8135
-15.6418 3.25063 25.6295
-19.1788 2.09163 24.5215
-17.5548 -1.40037 23.9795
-16.8208 -3.98437 26.6905

-13.4228 -5.80337 26.4305
-15.4288 -9.01937 25.6535
-16.5708 -7.36637 22.3645

-12.8818 -7.51537 21.1495
-11.2958 -10.8234 20.0615
-7.47181 -10.7404 19.6545

-6.49281 -13.8154 17.6085
-3.10681 -15.0024 18.9455
-2.99181 -18.5364 17.3865
-4.19581 -20.4984 14.3085
-6.55981 -22.5194 16.6435
-8.57881 -19.5074 17.8905
-12.1428 -18.6164 16.7325
-11.8658 -15.6724 14.2745
-15.6068 -14.8014 14.8465
-15.7098 -14.8654 18.7005
-15.8988 -11.0314 19.1095
-17.8708 -8.16537 17.5685

-14.3788 -6.83937 16.6115
-11.8558 -9.53237 15.5385
-8.12681 -8.59737 15.3765
-5.79981 -11.0014 13.4605
-2.31981 -10.9944 11.8645

-1.44881 -11.4394 8.15053
0.452186 -14.7084 8.94853
-2.62381 -16.2454 10.6865
-5.09081 -15.4684 7.79553

-3.71681 -18.4144 5.71353
-4.07781 -20.7724 8.75653
-7.63381 -19.4394 9.41853
-8.80481 -19.5144 5.71253
-11.5218 -22.1144 6.61753
-13.0338 -19.5354 9.08553
-12.7458 -16.5934 6.56253
-15.8618 -18.1324 4.85153
-17.9788 -16.1504 7.39853
-18.8848 -12.8364 5.62553
-17.1578 -9.93437 7.41553
-19.0268 -6.91437 5.93353

-16.4948 -4.37637 7.36553
-12.7268 -4.99737 7.00253
-9.79781 -2.84437 8.17553
-6.30781 -3.80937 6.93353

-3.45281 -1.93637 8.63253
-0.131814 -1.56437 6.72453

-1.85681 -3.05137 3.60453
1.44419 -2.90637 1.60553
1.95719 -6.44137 3.11753
-0.564814 -7.56537 0.397531

1.65119 -6.13537 -2.48047
2.34819 -9.60837 -4.03747
-0.703814 -11.6824 -5.16247
1.21519 -15.0474 -5.06447
1.82319 -14.8154 -1.26547

-0.341814 -16.9684 1.06553
-1.35881 -13.8214 3.08653
-2.62281 -12.1084 -0.119469
-4.37681 -15.2924 -1.43247
-6.25181 -15.6044 1.92553
-7.10381 -11.8364 2.24153
-8.25581 -11.0524 -1.35147
-11.4908 -13.2224 -1.42947
-12.7518 -11.4854 1.77453
-11.7948 -7.97137 0.509531
-13.6838 -8.52537 -2.81247
-16.9388 -9.62637 -1.00247

-16.8628 -7.34337 2.10853
-19.1628 -4.24137 1.86953

-16.6168 -1.81537 3.46953
-12.8098 -2.04637 2.94453
-10.5598 0.377629 4.86353
-6.93581 -0.156371 3.75053
-4.21781 1.77963 5.66153

-0.529814 2.36563 4.75453
2.21119 5.01263 5.14653
3.91919 3.60163 2.03653
1.20719 2.07863 -0.258469
3.94619 1.27963 -2.77147
7.36519 0.344629 -1.30347
9.38819 0.573629 -4.58247
7.24919 0.115629 -7.79047

3.72319 0.712629 -9.31047
3.06419 -3.09537 -9.52747
2.80719 -3.21737 -5.64947
-0.409814 -1.06937 -5.80547
-2.41881 -3.54537 -7.95447
-3.69481 -5.72537 -5.04047
-4.77181 -2.59137 -3.06947
-6.52881 -1.10537 -6.18447
-8.54981 -4.33737 -6.80247
-9.33581 -4.62537 -3.04047
-10.8948 -1.08237 -3.02247

-12.3978 -1.35337 -6.59847
-12.7828 -5.06937 -7.68347
-13.9628 -3.95037 -11.2065
-10.7258 -1.98937 -11.9345
-8.12781 -3.93537 -14.0185
-9.69081 -7.48437 -13.6555
-6.36681 -8.91637 -14.9975

-2.89181 -7.71837 -13.8555
-1.50981 -7.72137 -17.4585
-3.65681 -4.66637 -18.4565
-2.35581 -2.73037 -15.3855
1.24419 -3.89837 -16.0945
1.18119 -2.86137 -19.8105
-0.0288141 0.666629 -18.8565
1.80619 1.48063 -15.5685

4.69919 -1.05037 -15.1905
6.35819 -0.567371 -18.6685
5.71019 -4.27637 -19.2845

8.28719 -5.92337 -21.6155
8.03819 -9.27137 -23.4575
11.3182 -11.1144 -22.7005

12.3142 -14.5964 -24.1285
11.2642 -16.1634 -20.7415

7.90819 -14.2704 -20.3345
6.74419 -10.7874 -19.2405
8.83419 -8.36237 -17.1585

6.82319 -5.89137 -14.9645
9.75419 -4.27537 -13.0055
9.42319 -0.948371 -14.8985
7.20419 2.13863 -14.5525
5.07619 4.19863 -16.9915
2.32119 6.89363 -17.0695

2.78119 7.61063 -13.2945
0.950186 11.0086 -13.3935
-2.14981 9.23263 -14.8505
-1.82481 6.51863 -12.1465
-1.64381 9.28663 -9.45347
-4.85181 10.9246 -10.8225
-6.68481 7.52963 -10.9315
-5.57281 6.70663 -7.34447
-6.63181 10.1046 -5.85747
-10.0338 10.1546 -7.67047
-11.2108 6.54563 -7.13547

-8.97981 4.54363 -4.66947

-6.84681 6.60163 -2.28547
-6.90481 9.49563 0.185531

-3.30181 10.7376 0.718531
-1.99481 13.7386 2.70753
1.58019 14.5736 3.68153

3.10619 16.0576 6.90953
3.71719 19.2616 4.88753
-0.0378141 19.5106 3.98753
-1.47781 19.1406 7.54753

1.33319 19.6356 10.1695
3.29419 22.8706 9.33853
4.70819 22.6336 12.9385
6.71319 19.3656 12.5225

10.5122 20.0596 12.5075
12.2652 19.3256 9.18353

13.9212 15.9556 8.44053
17.5372 16.8036 7.46253
19.0742 13.9136 5.46053
22.7532 13.4156 4.51353
25.1152 10.8066 3.11153
28.1562 10.1116 5.35253
30.9752 8.55763 3.29753

32.7552 6.35663 5.88853
36.4702 6.17563 5.07853

37.4542 2.94463 3.15553
41.0692 3.41563 4.48353
40.0312 1.22363 7.50553

38.9902 -1.56537 5.02053
42.1282 -3.74637 5.08653

43.6342 -5.01937 1.78853
42.3222 -8.63737 2.32953
38.7002 -7.43937 2.88053
38.9772 -5.10937 -0.180469
40.4062 -7.95437 -2.33247
37.4682 -10.1714 -1.14747
34.9222 -7.43637 -2.14547
36.7192 -7.03837 -5.53547
36.6322 -10.8644 -5.96647
32.8592 -11.1734 -5.21847
32.1712 -8.12137 -7.48647
34.1262 -9.79737 -10.3735
32.3522 -13.1104 -9.58247
28.8552 -11.5584 -10.1665
29.9462 -10.2274 -13.6375

31.4262 -13.5574 -14.8895
29.5962 -14.6554 -18.0945
29.7372 -18.4354 -17.5595
27.8662 -18.5964 -14.1745
24.2932 -19.8244 -13.6675

21.4972 -17.4374 -12.5135
21.8162 -19.0994 -9.05047
25.6382 -18.6404 -8.76147
25.0872 -14.9384 -9.73247
22.4982 -14.5854 -6.85747
24.8662 -16.4054 -4.42047
27.8152 -14.1134 -5.37747
25.4642 -11.0754 -4.92147
24.4492 -12.2774 -1.39747
28.1642 -12.8584 -0.590469
29.1342 -9.33737 -1.86247
26.3072 -7.79837 0.252531
27.2622 -9.74737 3.45053
30.9952 -8.83037 2.88353
29.9452 -5.14037 2.52353
28.2942 -5.32937 5.98353
31.4542 -6.91037 7.55253
33.7542 -4.34937 5.82453
31.7552 -1.37537 7.27053
31.7022 -2.57137 10.9685
34.9892 -0.818371 12.1055
34.0522 2.61463 10.6335
30.3672 2.25963 11.6735
31.7082 1.71163 15.2445
34.1802 4.65463 14.8575
31.2532 6.90563 13.7745
28.9412 5.75363 16.6645
31.7462 6.52163 19.1755
32.4002 9.97163 17.5505
28.6512 10.7686 18.0265
28.7782 9.75763 21.7515
32.1032 11.6226 22.3415

30.4452 14.7016 20.6585
27.9652 14.6866 23.6325
24.7962 13.3896 21.8415
22.1022 12.4366 24.3695
19.8492 10.0876 22.2455

20.0682 8.49263 18.7645
18.9002 5.41663 16.7935
21.2702 3.05463 14.9185
19.6842 0.987629 12.1145
21.3052 -2.16737 10.6435

19.9232 -5.46837 9.16653
22.8012 -8.01237 9.22153

22.9322 -9.69637 12.6745
26.7952 -9.49437 12.7325
26.5652 -5.63737 12.4905
23.9622 -5.45237 15.3345
26.1232 -7.88737 17.4205
29.3882 -5.90537 16.8665
27.7112 -2.52637 17.7125
26.1582 -3.95537 20.9515
29.4942 -5.58837 21.9815
31.4362 -2.28537 21.5615
28.7502 -0.272371 23.4695
28.9682 -2.86337 26.3345
32.8302 -2.63937 26.2195

32.5422 1.21563 26.4755
29.8742 0.783629 29.2765
27.2962 2.74363 27.1745
23.6922 2.05663 28.2435

21.6892 1.06563 25.1325
18.6042 -0.902371 23.9665
18.5262 -3.61937 21.2505
15.5242 -4.72037 19.1065

15.7902 -7.44237 16.4085
13.9572 -10.5384 14.9945
14.5352 -12.4554 18.3035
13.1012 -9.70637 20.6195
9.58819 -10.7114 21.8085
6.42519 -8.61537 21.1525
6.05219 -7.50737 24.8405

9.81019 -6.86537 25.4275
9.80119 -4.64037 22.2605
7.24019 -2.30837 23.9245
9.08919 -2.36337 27.3085
12.5252 -1.57537 25.7005
10.7842 1.19363 23.6775
9.45019 2.68163 26.9775
12.9272 2.29863 28.6305
14.5752 4.31463 25.7625
11.7272 6.91463 25.8125
11.6532 7.47863 29.6235

15.2862 6.81563 30.7575
17.8702 9.59763 30.0715
20.6732 6.96963 30.5215
19.8622 4.96563 27.3435
21.8312 6.94663 24.7225

21.6892 4.42263 21.8095
18.9292 2.25163 20.3305
20.3912 -0.610371 18.2005
17.5352 -1.52037 15.8275
16.9612 -4.04837 13.0395

15.6492 -2.15237 9.93853
13.2202 -5.06237 9.22953
12.1572 -5.91137 12.8265
11.6702 -2.31737 14.1935
9.94819 -0.788371 11.0605
6.48719 -1.26237 12.7485
4.48919 -0.306371 15.8995
7.25619 1.45963 17.8945
7.70519 5.23163 18.5795
11.1582 6.77463 19.2885
10.3212 10.5096 19.7345
13.0312 10.8416 22.4875
15.8152 10.7766 19.8145
16.6992 13.5816 17.3175

19.1462 11.5046 15.1755
18.8372 8.34063 13.0335
22.0042 6.57363 11.7485
21.6272 3.94063 9.00453

24.7872 1.81763 9.44853
23.5782 -0.202371 6.41753
21.5672 0.600629 3.26953
18.3742 -1.36437 2.47353
17.2882 -1.91837 -1.19347
13.6422 -0.946371 -0.448469

13.1022 2.83063 0.199531
9.62919 2.28263 1.76253
11.3302 0.415629 4.68253
13.9492 3.21163 5.09753
11.1122 5.83963 5.25153
9.23219 3.59963 7.78653
12.4102 3.59263 9.96653
12.8842 7.44363 9.73453

9.18619 7.91863 10.7525
9.86019 6.07163 14.0365
11.4812 9.35163 15.3015
9.54919 11.8736 13.1565
6.16519 11.3806 14.9805
3.62519 13.5546 16.8635
5.54919 14.4966 20.0605
8.85719 15.2686 18.2385
10.0862 18.8686 18.9525
13.6082 18.7996 17.3395
14.7112 18.7626 13.6535

15.3332 15.0816 12.8305
18.8232 14.2606 11.4985
19.0852 11.2096 9.16353
22.6462 9.95763 8.42253
23.1502 7.27363 5.71053
26.5702 5.57863 6.21853
28.1032 4.56263 2.81553

31.4922 3.06263 1.79353
33.1932 3.58163 -1.63547
34.2992 0.216629 -3.15947
31.2762 -1.75837 -1.74147
27.6042 -2.75837 -2.36747

26.5922 0.825629 -1.28847
27.9112 2.16963 -4.67247
25.1312 0.161629 -6.48247
22.4322 0.238629 -3.74847
22.3962 4.05263 -3.32847
21.5852 4.89463 -7.04247
19.0002 2.00763 -6.99247
17.2912 3.44463 -3.84847
17.3042 6.95763 -5.46547
15.6112 5.87463 -8.74747
13.0102 3.94963 -6.63247
12.1682 7.08463 -4.51347
11.8082 9.07663 -7.78547
9.33519 6.43163 -9.15047
7.41319 6.69763 -5.81847
7.42819 10.5616 -5.98247
6.20119 10.6456 -9.65247

3.32819 8.32363 -8.53547
2.52819 10.8656 -5.69047
3.60419 8.26463 -3.04647
6.62419 10.1716 -1.57047
7.79919 13.7866 -0.998469
11.2572 12.3476 -0.263469
13.7312 13.4836 -2.90847
17.1712 11.8116 -2.43547
19.0562 13.6176 -5.32447

20.0622 16.7066 -3.24247
22.1102 14.5176 -0.799469
24.4572 13.2006 -3.57847
25.3082 16.5976 -5.13747

26.5732 17.5566 -1.60747
29.0582 14.5836 -1.18447

End chain 1
