-13.201 -6.296 -53.957
-10.703 -3.406 -53.291
-9.54 -3.087 -49.639
-11.02 0.322 -48.639
-8.614 1.85 -46.053
-10.787 3.126 -43.162

-9.634 6.195 -41.181
-10.061 4.9 -37.589
-10.286 6.838 -34.306
-12.195 7.103 -30.979
-14.163 9.439 -28.711
-12.619 10.223 -25.263
-14.157 12.207 -22.344

-11.943 15.248 -21.466
-14.301 16.978 -18.949
-17.827 16.65 -17.399
-19.139 18.761 -20.353

-16.752 17.96 -23.312
-15.482 14.956 -25.281
-12.62 14.751 -27.824
-12.437 12.939 -31.204
-8.982 11.264 -31.393
-8.672 10.357 -35.1

-6.282 10.744 -38.079
-6.98 13.557 -40.6
-9.895 13.022 -43.051

-11.208 15.853 -45.293
-14.92 14.856 -45.011
-14.611 14.37 -41.226
-13.015 17.857 -40.827
-15.875 19.254 -42.999
-18.403 17.482 -40.669
-16.559 18.759 -37.515
-16.844 22.341 -38.957

-20.697 21.797 -39.029
-20.861 21.033 -35.24
-22.116 23.933 -33.104
-20.016 23.255 -29.939
-16.791 22.621 -31.971

-13.393 23.436 -30.391
-10.011 22.816 -32.063
-6.805 22.812 -29.99

-3.883 23.919 -32.209
-1.328 22.314 -29.773
-2.753 18.736 -29.691
-4.334 19.137 -33.217

-7.578 17.622 -31.79
-11.313 18.386 -31.995
-13.683 18.544 -28.991
-17.466 19.001 -28.65
-20.131 19.402 -25.91

-21.257 16.038 -24.476
-24.923 16.743 -25.497
-23.731 16.722 -29.178
-22.178 13.179 -28.839
-25.228 11.354 -30.322
-25.57 14.044 -33.093
-21.852 13.682 -34.021
-21.815 9.829 -34.037
-25.045 9.774 -36.128
-23.507 12.176 -38.75
-20.093 10.348 -38.803

-21.5068 6.86861 -38.6725
-23.5413 3.92479 -39.8699
-25.6847 0.852273 -40.8398
-25.4603 -0.821309 -44.2578
-29.1848 -1.37676 -43.8741

-31.7099 1.55745 -44.2483
-34.7279 3.84327 -44.7728
-36.5934 5.95715 -47.4617
-39.448 4.08553 -48.9332

-42.003 5.67553 -46.4892
-41.647 6.32953 -42.7442
-42.135 2.89553 -41.0272
-45.579 1.97553 -39.6042
-44.02 2.25553 -36.0872
-43.319 6.00653 -36.6442
-46.749 6.62253 -38.2632
-48.408 4.95753 -35.2102
-46.205 6.94953 -32.7412

-46.813 10.3455 -34.4862
-50.453 9.57953 -35.5462
-51.636 12.9085 -33.9552

-48.999 15.0205 -35.7952
-49.785 13.2265 -39.1282
-53.416 14.5735 -38.7412

-52.799 18.2285 -37.6292
-52.307 21.0825 -40.1692
-51.279 23.2295 -37.1282
-48.159 23.6325 -34.9402
-49.815 23.0565 -31.5542
-46.98 22.0135 -29.2122
-47.516 18.7815 -27.1662

-51.004 18.8185 -25.5262
-50.583 19.6345 -21.8202
-50.363 16.4585 -19.7382
-53.599 16.4255 -17.6522
-53.061 16.3725 -13.8762
-54.09 12.9775 -12.4892

-56.512 12.6765 -9.56424
-54.174 11.2775 -6.85724
-56.862 11.4455 -4.04524
-56.944 7.58553 -3.90924
-53.105 7.57553 -3.37824
-51.605 7.73253 0.136759

-51.305 11.5005 1.08076
-47.776 10.9355 2.53876
-46.581 9.89553 -0.965241
-48.516 12.6115 -2.90224
-47.187 15.4345 -0.612241
-43.523 14.2465 -0.971241

-43.472 14.2485 -4.83724
-41.23 17.0135 -6.24624

-42.891 19.1185 -9.06924
-41.016 17.2095 -11.8362
-41.849 13.8285 -10.1662
-45.581 14.8335 -10.1552
-45.347 15.7445 -13.8852
-43.728 12.2815 -14.4862
-46.573 10.5015 -12.5882
-49.148 12.5105 -14.6412
-47.34 11.5915 -17.9362
-47.215 7.88553 -16.9472
-50.981 7.91753 -16.1042
-51.809 9.76953 -19.3972

-49.758 7.07153 -21.3042
-51.999 4.47453 -19.5022
-49.297 3.12653 -17.1022

-47.137 1.77953 -20.0062
-43.741 3.54453 -20.0692
-39.994 3.43853 -19.5532
-39.08 5.96753 -16.8112

-35.479 6.62153 -17.9602

-34.92 9.61553 -15.6072
-31.289 10.0315 -14.4552

-29.833 8.14153 -11.4342
-31.146 9.38253 -8.04824
-34.018 11.5955 -9.45824
-36.491 9.40753 -7.42424

-37.629 6.78053 -10.0012
-38.797 4.50753 -7.09824
-41.148 7.14053 -5.51624
-42.661 7.93253 -8.97824
-43.067 4.16453 -9.74224
-44.805 3.46853 -6.37124
-47.2 6.42253 -7.03424
-48.032 5.28153 -10.6372
-48.631 1.70353 -9.36924
-50.74 2.94653 -6.37124
-53.012 4.95753 -8.75424

-53.685 1.48453 -10.3252

-54.169 -0.280473 -6.85124
-57.671 -1.43047 -8.06224
-55.835 -3.52947 -10.7702
-53.411 -5.44147 -8.42224
-51.766 -7.98647 -7.66224

-48.559 -6.02147 -8.34424
-45.336 -7.71047 -9.56324
-42.02 -5.90147 -8.83524
-38.917 -7.31247 -10.6092
-35.614 -5.93047 -9.22924

-31.835 -6.58947 -8.84624
-31.201 -9.39347 -6.26524
-29.641 -6.87847 -3.73924
-32.474 -4.21347 -3.63324

-35.543 -6.44147 -2.82924
-35.68 -5.32647 0.842759
-34.939 -1.67547 -0.202241
-38.15 -1.87747 -2.32624
-40.199 -3.47047 0.542759
-39.053 -0.653473 2.89676
-39.894 1.90253 0.136759
-43.507 0.537527 -0.0722413
-43.867 0.566527 3.77876
-42.381 4.12653 3.89076
-44.608 5.62153 1.14576

-47.906 3.61753 1.40776
-48.636 3.37653 5.22376
-52.173 2.21753 4.11576
-50.549 -1.27447 3.57376
-49.815 -3.85847 6.28476

-46.417 -5.67747 6.02476
-48.423 -8.89347 5.24776
-49.565 -7.24047 1.95876

-45.876 -7.38947 0.743759
-44.29 -10.6975 -0.344241
-40.466 -10.6145 -0.751241

-39.487 -13.6895 -2.79724
-36.101 -14.8765 -1.46024
-35.986 -18.4105 -3.01924
-37.19 -20.3725 -6.09724
-39.554 -22.3935 -3.76224
-41.573 -19.3815 -2.51524
-45.137 -18.4905 -3.67324
-44.86 -15.5465 -6.13124
-48.601 -14.6755 -5.55924
-48.704 -14.7395 -1.70524
-48.893 -10.9055 -1.29624
-50.865 -8.03947 -2.83724

-47.373 -6.71347 -3.79424
-44.85 -9.40647 -4.86724
-41.121 -8.47147 -5.02924
-38.794 -10.8755 -6.94524
-35.314 -10.8685 -8.54124

-34.443 -11.3135 -12.2552
-32.542 -14.5825 -11.4572
-35.618 -16.1195 -9.71924
-38.085 -15.3425 -12.6102

-36.711 -18.2885 -14.6922
-37.072 -20.6465 -11.6492
-40.628 -19.3135 -10.9872
-41.799 -19.3885 -14.6932
-44.516 -21.9885 -13.7882
-46.028 -19.4095 -11.3202
-45.74 -16.4675 -13.8432
-48.856 -18.0065 -15.5542
-50.973 -16.0245 -13.0072
-51.879 -12.7105 -14.7802
-50.152 -9.80847 -12.9902
-52.021 -6.78847 -14.4722

-49.489 -4.25047 -13.0402
-45.721 -4.87147 -13.4032
-42.792 -2.71847 -12.2302
-39.302 -3.68347 -13.4722

-36.447 -1.81047 -11.7732
-33.126 -1.43847 -13.6812

-34.851 -2.92547 -16.8012
-31.55 -2.78047 -18.8002
-31.037 -6.31547 -17.2882
-33.559 -7.43947 -20.0082

-31.343 -6.00947 -22.8862
-30.646 -9.48247 -24.4432
-33.698 -11.5565 -25.5682
-31.779 -14.9215 -25.4702
-31.171 -14.6895 -21.6712

-33.336 -16.8425 -19.3402
-34.353 -13.6955 -17.3192
-35.617 -11.9825 -20.5252
-37.371 -15.1665 -21.8382
-39.246 -15.4785 -18.4802
-40.098 -11.7105 -18.1642
-41.25 -10.9265 -21.7572
-44.485 -13.0965 -21.8352
-45.746 -11.3595 -18.6312
-44.789 -7.84547 -19.8962
-46.678 -8.39947 -23.2182
-49.933 -9.50047 -21.4082

-49.857 -7.21747 -18.2972
-52.157 -4.11547 -18.5362

-49.611 -1.68947 -16.9362
-45.804 -1.92047 -17.4612
-43.554 0.503527 -15.5422
-39.93 -0.0304735 -16.6552
-37.212 1.90553 -14.7442

-33.524 2.49153 -15.6512
-30.783 5.13853 -15.2592
-29.075 3.72753 -18.3692
-31.787 2.20453 -20.6642
-29.048 1.40553 -23.1772
-25.629 0.470527 -21.7092
-23.606 0.699527 -24.9882
-25.745 0.241527 -28.1962

-29.271 0.838527 -29.7162
-29.93 -2.96947 -29.9332
-30.187 -3.09147 -26.0552
-33.404 -0.943473 -26.2112
-35.413 -3.41947 -28.3602
-36.689 -5.59947 -25.4462
-37.766 -2.46547 -23.4752
-39.523 -0.979473 -26.5902
-41.544 -4.21147 -27.2082
-42.33 -4.49947 -23.4462
-43.889 -0.956473 -23.4282

-45.392 -1.22747 -27.0042
-45.777 -4.94347 -28.0892
-46.957 -3.82447 -31.6122
-43.72 -1.86347 -32.3402
-41.122 -3.80947 -34.4242
-42.685 -7.35847 -34.0612
-39.361 -8.79047 -35.4032

-35.886 -7.59247 -34.2612
-34.504 -7.59547 -37.8642
-36.651 -4.54047 -38.8622
-35.35 -2.60447 -35.7912
-31.75 -3.77247 -36.5002
-31.813 -2.73547 -40.2162
-33.023 0.792527 -39.2622
-31.188 1.60653 -35.9742

-28.295 -0.924473 -35.5962
-26.636 -0.441473 -39.0742
-27.284 -4.15047 -39.6902

-24.707 -5.79747 -42.0212
-24.956 -9.14547 -43.8632
-21.676 -10.9885 -43.1062

-20.68 -14.4705 -44.5342
-21.73 -16.0375 -41.1472

-25.086 -14.1445 -40.7402
-26.25 -10.6615 -39.6462
-24.16 -8.23647 -37.5642

-26.171 -5.76547 -35.3702
-23.24 -4.14947 -33.4112
-23.571 -0.822473 -35.3042
-25.79 2.26453 -34.9582
-27.918 4.32453 -37.3972
-30.673 7.01953 -37.4752

-30.213 7.73653 -33.7002
-32.044 11.1345 -33.7992
-35.144 9.35853 -35.2562
-34.819 6.64453 -32.5522
-34.638 9.41253 -29.8592
-37.846 11.0505 -31.2282
-39.679 7.65553 -31.3372
-38.567 6.83253 -27.7502
-39.626 10.2305 -26.2632
-43.028 10.2805 -28.0762
-44.205 6.67153 -27.5412

-41.974 4.66953 -25.0752

-39.841 6.72753 -22.6912
-39.899 9.62153 -20.2202

-36.296 10.8635 -19.6872
-34.989 13.8645 -17.6982
-31.414 14.6995 -16.7242

-29.888 16.1835 -13.4962
-29.277 19.3875 -15.5182
-33.032 19.6365 -16.4182
-34.472 19.2665 -12.8582

-31.661 19.7615 -10.2362
-29.7 22.9965 -11.0672
-28.286 22.7595 -7.46724
-26.281 19.4915 -7.88324

-22.482 20.1855 -7.89824
-20.729 19.4515 -11.2222

-19.073 16.0815 -11.9652
-15.457 16.9295 -12.9432
-13.92 14.0395 -14.9452
-10.241 13.5415 -15.8922
-7.879 10.9325 -17.2942
-4.838 10.2375 -15.0532
-2.019 8.68353 -17.1082

-0.239005 6.48253 -14.5172
3.476 6.30153 -15.3272

4.46 3.07053 -17.2502
8.075 3.54153 -15.9222
7.037 1.34953 -12.9002

5.996 -1.43947 -15.3852
9.134 -3.62047 -15.3192

10.64 -4.89347 -18.6172
9.328 -8.51147 -18.0762
5.706 -7.31347 -17.5252
5.983 -4.98347 -20.5862
7.412 -7.82847 -22.7382
4.474 -10.0455 -21.5532
1.928 -7.31047 -22.5512
3.725 -6.91247 -25.9412
3.638 -10.7385 -26.3722
-0.135005 -11.0475 -25.6242
-0.823005 -7.99547 -27.8922
1.132 -9.67147 -30.7792
-0.642005 -12.9845 -29.9882
-4.139 -11.4325 -30.5722
-3.048 -10.1015 -34.0432

-1.568 -13.4315 -35.2952
-3.398 -14.5295 -38.5002
-3.257 -18.3095 -37.9652
-5.128 -18.4705 -34.5802
-8.701 -19.6985 -34.0732

-11.497 -17.3115 -32.9192
-11.178 -18.9735 -29.4562
-7.356 -18.5145 -29.1672
-7.907 -14.8125 -30.1382
-10.496 -14.4595 -27.2632
-8.128 -16.2795 -24.8262
-5.179 -13.9875 -25.7832
-7.53 -10.9495 -25.3272
-8.545 -12.1515 -21.8032
-4.83 -12.7325 -20.9962
-3.86 -9.21147 -22.2682
-6.687 -7.67247 -20.1532
-5.732 -9.62147 -16.9552
-1.999 -8.70447 -17.5222
-3.049 -5.01447 -17.8822
-4.7 -5.20347 -14.4222
-1.54 -6.78447 -12.8532
0.759995 -4.22347 -14.5812
-1.239 -1.24947 -13.1352
-1.292 -2.44547 -9.43724
1.995 -0.692473 -8.30024
1.058 2.74053 -9.77224
-2.627 2.38553 -8.73224
-1.286 1.83753 -5.16124
1.186 4.78053 -5.54824
-1.741 7.03153 -6.63124
-4.053 5.87953 -3.74124
-1.248 6.64753 -1.23024
-0.594005 10.0975 -2.85524
-4.343 10.8945 -2.37924
-4.216 9.88353 1.34576
-0.891005 11.7485 1.93576

-2.549 14.8275 0.252759
-5.029 14.8125 3.22676
-8.198 13.5155 1.43576
-10.892 12.5625 3.96376
-13.145 10.2135 1.83976

-12.926 8.61853 -1.64124
-14.094 5.54253 -3.61224
-11.724 3.18053 -5.48724
-13.31 1.11353 -8.29124
-11.689 -2.04147 -9.76224

-13.071 -5.34247 -11.2392
-10.193 -7.88647 -11.1842

-10.062 -9.57047 -7.73124
-6.199 -9.36847 -7.67324
-6.429 -5.51147 -7.91524
-9.032 -5.32647 -5.07124
-6.871 -7.76147 -2.98524
-3.606 -5.77947 -3.53924
-5.283 -2.40047 -2.69324
-6.836 -3.82947 0.545759
-3.5 -5.46247 1.57576
-1.558 -2.15947 1.15576
-4.244 -0.146473 3.06376
-4.026 -2.73747 5.92876
-0.164005 -2.51347 5.81376

-0.452005 1.34153 6.06976
-3.12 0.909527 8.87076
-5.698 2.86953 6.76876
-9.302 2.18253 7.83776

-11.305 1.19153 4.72676
-14.39 -0.776473 3.56076
-14.468 -3.49347 0.844759
-17.47 -4.59447 -1.29924

-17.204 -7.31647 -3.99724
-19.037 -10.4125 -5.41124
-18.459 -12.3295 -2.10224
-19.893 -9.58047 0.213759
-23.406 -10.5855 1.40276
-26.569 -8.48947 0.746759
-26.942 -7.38147 4.43476

-23.184 -6.73947 5.02176
-23.193 -4.51447 1.85476
-25.754 -2.18247 3.51876
-23.905 -2.23747 6.90276
-20.469 -1.44947 5.29476
-22.21 1.31953 3.27176
-23.544 2.80753 6.57176
-20.067 2.42453 8.22476
-18.419 4.44053 5.35676
-21.267 7.04053 5.40676
-21.341 7.60453 9.21776

-17.708 6.94153 10.3518
-15.124 9.72353 9.66576
-12.321 7.09553 10.1158
-13.132 5.09153 6.93776
-11.163 7.07253 4.31676

-11.305 4.54853 1.40376
-14.065 2.37753 -0.0752413
-12.603 -0.484473 -2.20524
-15.459 -1.39447 -4.57824
-16.033 -3.92247 -7.36624

-17.345 -2.02647 -10.4672
-19.774 -4.93647 -11.1762
-20.837 -5.78547 -7.57924
-21.324 -2.19147 -6.21224
-23.046 -0.662473 -9.34524
-26.507 -1.13647 -7.65724
-28.505 -0.180473 -4.50624
-25.738 1.58553 -2.51124
-25.289 5.35753 -1.82624
-21.836 6.90053 -1.11724
-22.673 10.6355 -0.671241
-19.963 10.9675 2.08176
-17.179 10.9025 -0.591241
-16.295 13.7075 -3.08824

-13.848 11.6305 -5.23024
-14.157 8.46653 -7.37224
-10.99 6.69953 -8.65724
-11.367 4.06653 -11.4012

-8.207 1.94353 -10.9572
-9.416 -0.0764735 -13.9882
-11.427 0.726527 -17.1362
-14.62 -1.23847 -17.9322
-15.706 -1.79247 -21.5992
-19.352 -0.820473 -20.8542

-19.892 2.95653 -20.2062
-23.365 2.40853 -18.6432
-21.664 0.541527 -15.7232
-19.045 3.33753 -15.3082
-21.882 5.96553 -15.1542
-23.762 3.72553 -12.6192
-20.584 3.71853 -10.4392
-20.11 7.56953 -10.6712

-23.808 8.04453 -9.65324
-23.134 6.19753 -6.36924
-21.513 9.47753 -5.10424
-23.445 11.9995 -7.24924
-26.829 11.5065 -5.42524
-29.369 13.6805 -3.54224
-27.445 14.6225 -0.345241
-24.137 15.3945 -2.16724
-22.908 18.9945 -1.45324
-19.386 18.9255 -3.06624
-18.283 18.8885 -6.75224

-17.661 15.2075 -7.57524
-14.171 14.3865 -8.90724
-13.909 11.3355 -11.2422
-10.348 10.0835 -11.9832
-9.844 7.39953 -14.6952
-6.424 5.70453 -14.1872
-4.891 4.68853 -17.5902

-1.502 3.18853 -18.6122
0.198995 3.70753 -22.0412
1.305 0.342527 -23.5652
-1.718 -1.63247 -22.1472
-5.39 -2.63247 -22.7732

-6.402 0.951527 -21.6942
-5.083 2.29553 -25.0782
-7.863 0.287527 -26.8882
-10.562 0.364527 -24.1542
-10.598 4.17853 -23.7342
-11.409 5.02053 -27.4482
-13.994 2.13353 -27.3982
-15.703 3.57053 -24.2542
-15.69 7.08353 -25.8712
-17.383 6.00053 -29.1532
-19.984 4.07553 -27.0382
-20.826 7.21053 -24.9192
-21.186 9.20253 -28.1912
-23.659 6.55753 -29.5562
-25.581 6.82353 -26.2242
-25.566 10.6875 -26.3882
-26.793 10.7715 -30.0582

-29.666 8.44953 -28.9412
-30.466 10.9915 -26.0962
-29.39 8.39053 -23.4522
-26.37 10.2975 -21.9762
-25.195 13.9125 -21.4042
-21.737 12.4735 -20.6692
-19.263 13.6095 -23.3142
-15.823 11.9375 -22.8412
-13.938 13.7435 -25.7302

-12.932 16.8325 -23.6482
-10.884 14.6435 -21.2052
-8.537 13.3265 -23.9842
-7.686 16.7235 -25.5432

-6.421 17.6825 -22.0132
-3.936 14.7095 -21.5902

End chain 1
