-13.201 -6.296 -53.957
-10.703 -3.406 -53.291
-9.54 -3.087 -49.639
-11.02 0.322 -48.639
-8.614 1.85 -46.053
-10.787 3.126 -43.162

-9.634 6.195 -41.181
-10.061 4.9 -37.589
-10.286 6.838 -34.306
-12.195 7.103 -30.979
-14.163 9.439 -28.711
-12.619 10.223 -25.263
-14.157 12.207 -22.344

-11.943 15.248 -21.466
-14.301 16.978 -18.949
-17.827 16.65 -17.399
-19.139 18.761 -20.353

-16.752 17.96 -23.312
-15.482 14.956 -25.281
-12.62 14.751 -27.824
-12.437 12.939 -31.204
-8.982 11.264 -31.393
-8.672 10.357 -35.1

-6.282 10.744 -38.079
-6.98 13.557 -40.6
-9.895 13.022 -43.051

-11.208 15.853 -45.293
-14.92 14.856 -45.011
-14.611 14.37 -41.226
-13.015 17.857 -40.827
-15.875 19.254 -42.999
-18.403 17.482 -40.669
-16.559 18.759 -37.515
-16.844 22.341 -38.957

-20.697 21.797 -39.029
-20.861 21.033 -35.24
-22.116 23.933 -33.104
-20.016 23.255 -29.939
-16.791 22.621 -31.971

-13.393 23.436 -30.391
-10.011 22.816 -32.063
-6.805 22.812 -29.99

-3.883 23.919 -32.209
-1.328 22.314 -29.773
-2.753 18.736 -29.691
-4.334 19.137 -33.217

-7.578 17.622 -31.79
-11.313 18.386 -31.995
-13.683 18.544 -28.991
-17.466 19.001 -28.65
-20.131 19.402 -25.91

-21.257 16.038 -24.476
-24.923 16.743 -25.497
-23.731 16.722 -29.178
-22.178 13.179 -28.839
-25.228 11.354 -30.322
-25.57 14.044 -33.093
-21.852 13.682 -34.021
-21.815 9.829 -34.037
-25.045 9.774 -36.128
-23.507 12.176 -38.75
-20.093 10.348 -38.803

-21.793 6.948 -39.527
-22.962 8.546 -42.834
-19.328 9.196 -43.991
-17.677 6.563 -46.261
-14.251 5.2 -45.121

-14.46 6.789 -41.562
-14.765 4.819 -38.279
-15.142 6.964 -35.114
-15.663 4.659 -32.101

-18.218 6.249 -29.657
-17.862 6.903 -25.912
-18.35 3.469 -24.195
-21.794 2.549 -22.772
-20.235 2.829 -19.255
-19.534 6.58 -19.812
-22.964 7.196 -21.431
-24.623 5.531 -18.378
-22.42 7.523 -15.909

-23.028 10.919 -17.654
-26.668 10.153 -18.714
-27.851 13.482 -17.123

-25.214 15.594 -18.963
-26 13.8 -22.296
-29.631 15.147 -21.909

-29.014 18.802 -20.797
-28.522 21.656 -23.337
-27.494 23.803 -20.296
-24.374 24.206 -18.108
-26.03 23.63 -14.722
-23.195 22.587 -12.38
-23.731 19.355 -10.334

-27.219 19.392 -8.694
-26.798 20.208 -4.988
-26.578 17.032 -2.906
-29.814 16.999 -0.82
-29.276 16.946 2.956
-30.305 13.551 4.343

-32.727 13.25 7.268
-30.389 11.851 9.975
-33.077 12.019 12.787
-33.159 8.159 12.923
-29.32 8.149 13.454
-27.82 8.306 16.969

-27.52 12.074 17.913
-23.991 11.509 19.371
-22.796 10.469 15.867
-24.731 13.185 13.93
-23.402 16.008 16.22
-19.738 14.82 15.861

-19.687 14.822 11.995
-17.445 17.587 10.586

-19.106 19.692 7.763
-17.231 17.783 4.996
-18.064 14.402 6.666
-21.796 15.407 6.677
-21.562 16.318 2.947
-19.943 12.855 2.346
-22.788 11.075 4.244
-25.363 13.084 2.191
-23.555 12.165 -1.104
-23.43 8.459 -0.115
-27.196 8.491 0.728
-28.024 10.343 -2.565

-25.973 7.645 -4.472
-28.214 5.048 -2.67
-25.512 3.7 -0.27

-23.352 2.353 -3.174
-19.956 4.118 -3.237
-16.209 4.012 -2.721
-15.295 6.541 0.021

-11.694 7.195 -1.128

-11.135 10.189 1.225
-7.504 10.605 2.377

-6.048 8.715 5.398
-7.361 9.956 8.784
-10.233 12.169 7.374
-12.706 9.981 9.408

-13.844 7.354 6.831
-15.012 5.081 9.734
-17.363 7.714 11.316
-18.876 8.506 7.854
-19.282 4.738 7.09
-21.02 4.042 10.461
-23.415 6.996 9.798
-24.247 5.855 6.195
-24.846 2.277 7.463
-26.955 3.52 10.461
-29.227 5.531 8.078

-29.9 2.058 6.507

-30.384 0.293 9.981
-33.886 -0.857 8.77
-32.05 -2.956 6.062
-29.626 -4.868 8.41
-27.981 -7.413 9.17

-24.774 -5.448 8.488
-21.551 -7.137 7.269
-18.235 -5.328 7.997
-15.132 -6.739 6.223
-11.829 -5.357 7.603

-8.05 -6.016 7.986
-7.416 -8.82 10.567
-5.856 -6.305 13.093
-8.689 -3.64 13.199

-11.758 -5.868 14.003
-11.895 -4.753 17.675
-11.154 -1.102 16.63
-14.365 -1.304 14.506
-16.414 -2.897 17.375
-15.268 -0.08 19.729
-16.109 2.476 16.969
-19.722 1.111 16.76
-20.082 1.14 20.611
-18.596 4.7 20.723
-20.823 6.195 17.978

-24.121 4.191 18.24
-24.851 3.95 22.056
-28.388 2.791 20.948
-26.764 -0.701 20.406
-26.03 -3.285 23.117

-22.632 -5.104 22.857
-24.638 -8.32 22.08
-25.78 -6.667 18.791

-22.091 -6.816 17.576
-20.505 -10.124 16.488
-16.681 -10.041 16.081

-15.702 -13.116 14.035
-12.316 -14.303 15.372
-12.201 -17.837 13.813
-13.405 -19.799 10.735
-15.769 -21.82 13.07
-17.788 -18.808 14.317
-21.352 -17.917 13.159
-21.075 -14.973 10.701
-24.816 -14.102 11.273
-24.919 -14.166 15.127
-25.108 -10.332 15.536
-27.08 -7.466 13.995

-23.588 -6.14 13.038
-21.065 -8.833 11.965
-17.336 -7.898 11.803
-15.009 -10.302 9.887
-11.529 -10.295 8.291

-10.658 -10.74 4.577
-8.757 -14.009 5.375
-11.833 -15.546 7.113
-14.3 -14.769 4.222

-12.926 -17.715 2.14
-13.287 -20.073 5.183
-16.843 -18.74 5.845
-18.014 -18.815 2.139
-20.731 -21.415 3.044
-22.243 -18.836 5.512
-21.955 -15.894 2.989
-25.071 -17.433 1.278
-27.188 -15.451 3.825
-28.094 -12.137 2.052
-26.367 -9.235 3.842
-28.236 -6.215 2.36

-25.704 -3.677 3.792
-21.936 -4.298 3.429
-19.007 -2.145 4.602
-15.517 -3.11 3.36

-12.662 -1.237 5.059
-9.341 -0.865 3.151

-11.066 -2.352 0.031
-7.765 -2.207 -1.968
-7.252 -5.742 -0.456
-9.774 -6.866 -3.176

-7.558 -5.436 -6.054
-6.861 -8.909 -7.611
-9.913 -10.983 -8.736
-7.994 -14.348 -8.638
-7.386 -14.116 -4.839

-9.551 -16.269 -2.508
-10.568 -13.122 -0.487
-11.832 -11.409 -3.693
-13.586 -14.593 -5.006
-15.461 -14.905 -1.648
-16.313 -11.137 -1.332
-17.465 -10.353 -4.925
-20.7 -12.523 -5.003
-21.961 -10.786 -1.799
-21.004 -7.272 -3.064
-22.893 -7.826 -6.386
-26.148 -8.927 -4.576

-26.072 -6.644 -1.465
-28.372 -3.542 -1.704

-25.826 -1.116 -0.104
-22.019 -1.347 -0.629
-19.769 1.077 1.29
-16.145 0.543 0.177
-13.427 2.479 2.088

-9.739 3.065 1.181
-6.998 5.712 1.573
-5.29 4.301 -1.537
-8.002 2.778 -3.832
-5.263 1.979 -6.345
-1.844 1.044 -4.877
0.179 1.273 -8.156
-1.96 0.815 -11.364

-5.486 1.412 -12.884
-6.145 -2.396 -13.101
-6.402 -2.518 -9.223
-9.619 -0.37 -9.379
-11.628 -2.846 -11.528
-12.904 -5.026 -8.614
-13.981 -1.892 -6.643
-15.738 -0.406 -9.758
-17.759 -3.638 -10.376
-18.545 -3.926 -6.614
-20.104 -0.383 -6.596

-21.607 -0.654 -10.172
-21.992 -4.37 -11.257
-23.172 -3.251 -14.78
-19.935 -1.29 -15.508
-17.337 -3.236 -17.592
-18.9 -6.785 -17.229
-15.576 -8.217 -18.571

-12.101 -7.019 -17.429
-10.719 -7.022 -21.032
-12.866 -3.967 -22.03
-11.565 -2.031 -18.959
-7.965 -3.199 -19.668
-8.028 -2.162 -23.384
-9.238 1.366 -22.43
-7.403 2.18 -19.142

-4.51 -0.351 -18.764
-2.851 0.132 -22.242
-3.499 -3.577 -22.858

-0.922 -5.224 -25.189
-1.171 -8.572 -27.031
2.109 -10.415 -26.274

3.8041 -13.7846 -25.6727
6.51072 -16.5292 -25.3823

9.94525 -17.0787 -23.7257
13.4169 -17.6689 -22.271
14.1016 -20.4968 -19.7444

12.0906 -18.0258 -17.5504
15.0216 -16.4098 -15.5914
14.6906 -13.0828 -17.4844
12.4716 -9.99577 -17.1384
10.3436 -7.93577 -19.5774
7.58856 -5.24077 -19.6554

8.04856 -4.52377 -15.8804
6.21756 -1.12577 -15.9794
3.11756 -2.90177 -17.4364
3.44256 -5.61577 -14.7324
3.62356 -2.84777 -12.0394
0.415559 -1.20977 -13.4084
-1.41744 -4.60477 -13.5174
-0.305441 -5.42777 -9.93036
-1.36444 -2.02977 -8.44336
-4.76644 -1.97977 -10.2564
-5.94344 -5.58877 -9.72136

-3.71244 -7.59077 -7.25536

-1.57944 -5.53277 -4.87136
-1.63744 -2.63877 -2.40036

1.96556 -1.39677 -1.86736
3.27256 1.60423 0.121638
6.84756 2.43923 1.09564

8.37356 3.92323 4.32364
8.98456 7.12723 2.30164
5.22956 7.37623 1.40164
3.78956 7.00623 4.96164

6.60056 7.50123 7.58364
8.56156 10.7362 6.75264
9.97556 10.4992 10.3526
11.9806 7.23123 9.93664

15.7796 7.92523 9.92164
17.5326 7.19123 6.59764

19.1886 3.82123 5.85464
22.8046 4.66923 4.87664
24.3416 1.77923 2.87464
28.0206 1.28123 1.92764
30.3826 -1.32777 0.525638
33.4236 -2.02277 2.76664
36.2426 -3.57677 0.711638

38.0226 -5.77777 3.30264
41.7376 -5.95877 2.49264

42.7216 -9.18977 0.569638
46.3366 -8.71877 1.89764
45.2986 -10.9108 4.91964

44.2576 -13.6998 2.43464
47.3956 -15.8808 2.50064

48.9016 -17.1538 -0.797362
47.5896 -20.7718 -0.256362
43.9676 -19.5738 0.294638
44.2446 -17.2438 -2.76636
45.6736 -20.0888 -4.91836
42.7356 -22.3058 -3.73336
40.1896 -19.5708 -4.73136
41.9866 -19.1728 -8.12136
41.8996 -22.9988 -8.55236
38.1266 -23.3078 -7.80436
37.4386 -20.2558 -10.0724
39.3936 -21.9318 -12.9594
37.6196 -25.2448 -12.1684
34.1226 -23.6928 -12.7524
35.2136 -22.3618 -16.2234

36.6936 -25.6918 -17.4754
34.8636 -26.7898 -20.6804
35.0046 -30.5698 -20.1454
33.1336 -30.7308 -16.7604
29.5606 -31.9588 -16.2534

26.7646 -29.5718 -15.0994
27.0836 -31.2338 -11.6364
30.9056 -30.7748 -11.3474
30.3546 -27.0728 -12.3184
27.7656 -26.7198 -9.44336
30.1336 -28.5398 -7.00636
33.0826 -26.2478 -7.96336
30.7316 -23.2098 -7.50736
29.7166 -24.4118 -3.98336
33.4316 -24.9928 -3.17636
34.4016 -21.4718 -4.44836
31.5746 -19.9328 -2.33336
32.5296 -21.8818 0.864638
36.2626 -20.9648 0.297638
35.2126 -17.2748 -0.0623618
33.5616 -17.4638 3.39764
36.7216 -19.0448 4.96664
39.0216 -16.4838 3.23864
37.0226 -13.5098 4.68464
36.9696 -14.7058 8.38264
40.2566 -12.9528 9.51964
39.3196 -9.51977 8.04764
35.6346 -9.87477 9.08764
36.9756 -10.4228 12.6586
39.4476 -7.47977 12.2716
36.5206 -5.22877 11.1886
34.2086 -6.38077 14.0786
37.0136 -5.61277 16.5896
37.6676 -2.16277 14.9646
33.9186 -1.36577 15.4406
34.0456 -2.37677 19.1656
37.3706 -0.511774 19.7556

35.7126 2.56723 18.0726
33.2326 2.55223 21.0466
30.0636 1.25523 19.2556
27.3696 0.302226 21.7836
25.1166 -2.04677 19.6596

25.3356 -3.64177 16.1786
24.1676 -6.71777 14.2076
26.5376 -9.07977 12.3326
24.9516 -11.1468 9.52864
26.5726 -14.3018 8.05764

25.1906 -17.6028 6.58064
28.0686 -20.1468 6.63564

28.1996 -21.8308 10.0886
32.0626 -21.6288 10.1466
31.8326 -17.7718 9.90464
29.2296 -17.5868 12.7486
31.3906 -20.0218 14.8346
34.6556 -18.0398 14.2806
32.9786 -14.6608 15.1266
31.4256 -16.0898 18.3656
34.7616 -17.7228 19.3956
36.7036 -14.4198 18.9756
34.0176 -12.4068 20.8836
34.2356 -14.9978 23.7486
38.0976 -14.7738 23.6336

37.8096 -10.9188 23.8896
35.1416 -11.3508 26.6906
32.5636 -9.39077 24.5886
28.9596 -10.0778 25.6576

26.9566 -11.0688 22.5466
23.8716 -13.0368 21.3806
23.7936 -15.7538 18.6646
20.7916 -16.8548 16.5206

21.0576 -19.5768 13.8226
19.2246 -22.6728 12.4086
19.8026 -24.5898 15.7176
18.3686 -21.8408 18.0336
14.8556 -22.8458 19.2226
11.6926 -20.7498 18.5666
11.3196 -19.6418 22.2546

15.0776 -18.9998 22.8416
15.0686 -16.7748 19.6746
12.5076 -14.4428 21.3386
14.3566 -14.4978 24.7226
17.7926 -13.7098 23.1146
16.0516 -10.9408 21.0916
14.7176 -9.45277 24.3916
18.1946 -9.83577 26.0446
19.8426 -7.81977 23.1766
16.9946 -5.21977 23.2266
16.9206 -4.65577 27.0376

20.5536 -5.31877 28.1716
23.1376 -2.53677 27.4856
25.9406 -5.16477 27.9356
25.1296 -7.16877 24.7576
27.0986 -5.18777 22.1366

26.9566 -7.71177 19.2236
24.1966 -9.88277 17.7446
25.6586 -12.7448 15.6146
22.8026 -13.6548 13.2416
22.2286 -16.1828 10.4536

20.9166 -14.2868 7.35264
18.4876 -17.1968 6.64364
17.4246 -18.0458 10.2406
16.9376 -14.4518 11.6076
15.2156 -12.9228 8.47464
11.7546 -13.3968 10.1626
9.75656 -12.4408 13.3136
12.5236 -10.6748 15.3086
12.9726 -6.90277 15.9936
16.4256 -5.35977 16.7026
15.5886 -1.62477 17.1486
18.2986 -1.29277 19.9016
21.0826 -1.35777 17.2286
21.9666 1.44723 14.7316

24.4136 -0.629774 12.5896
24.1046 -3.79377 10.4476
27.2716 -5.56077 9.16264
26.8946 -8.19377 6.41864

30.0546 -10.3168 6.86264
28.8456 -12.3368 3.83164
26.8346 -11.5338 0.683638
23.6416 -13.4988 -0.112362
22.5556 -14.0528 -3.77936
18.9096 -13.0808 -3.03436

18.3696 -9.30377 -2.38636
14.8966 -9.85177 -0.823362
16.5976 -11.7188 2.09664
19.2166 -8.92277 2.51164
16.3796 -6.29477 2.66564
14.4996 -8.53477 5.20064
17.6776 -8.54177 7.38064
18.1516 -4.69077 7.14864

14.4536 -4.21577 8.16664
15.1276 -6.06277 11.4506
16.7486 -2.78277 12.7156
14.8166 -0.260774 10.5706
11.4326 -0.753774 12.3946
8.89256 1.42023 14.2776
10.8166 2.36223 17.4746
14.1246 3.13423 15.6526
15.3536 6.73423 16.3666
18.8756 6.66523 14.7536
19.9786 6.62823 11.0676

20.6006 2.94723 10.2446
24.0906 2.12623 8.91264
24.3526 -0.924774 6.57764
27.9136 -2.17677 5.83664
28.4176 -4.86077 3.12464
31.8376 -6.55577 3.63264
33.3706 -7.57177 0.229638

36.7596 -9.07177 -0.792362
38.4606 -8.55277 -4.22136
39.5666 -11.9178 -5.74536
36.5436 -13.8928 -4.32736
32.8716 -14.8928 -4.95336

31.8596 -11.3088 -3.87436
33.1786 -9.96477 -7.25836
30.3986 -11.9728 -9.06836
27.6996 -11.8958 -6.33436
27.6636 -8.08177 -5.91436
26.8526 -7.23977 -9.62836
24.2676 -10.1268 -9.57836
22.5586 -8.68977 -6.43436
22.5716 -5.17677 -8.05136
20.8786 -6.25977 -11.3334
18.2776 -8.18477 -9.21836
17.4356 -5.04977 -7.09936
17.0756 -3.05777 -10.3714
14.6026 -5.70277 -11.7364
12.6806 -5.43677 -8.40436
12.6956 -1.57277 -8.56836
11.4686 -1.48877 -12.2384

8.59556 -3.81077 -11.1214
7.79556 -1.26877 -8.27636
8.87156 -3.86977 -5.63236
11.8916 -1.96277 -4.15636
13.0666 1.65223 -3.58436
16.5246 0.213226 -2.84936
18.9986 1.34923 -5.49436
22.4386 -0.322774 -5.02136
24.3236 1.48323 -7.91036

25.3296 4.57223 -5.82836
27.3776 2.38323 -3.38536
29.7246 1.06623 -6.16436
30.5756 4.46323 -7.72336

31.8406 5.42223 -4.19336
34.3256 2.44923 -3.77036

End chain 1
