-13.201 -6.296 -53.957
-10.703 -3.406 -53.291
-9.54 -3.087 -49.639
-11.02 0.322 -48.639
-8.614 1.85 -46.053
-10.787 3.126 -43.162

-9.634 6.195 -41.181
-10.061 4.9 -37.589
-10.286 6.838 -34.306
-12.195 7.103 -30.979
-14.163 9.439 -28.711
-12.619 10.223 -25.263
-14.157 12.207 -22.344

-11.943 15.248 -21.466
-14.301 16.978 -18.949
-17.827 16.65 -17.399
-19.139 18.761 -20.353

-16.752 17.96 -23.312
-15.482 14.956 -25.281
-12.62 14.751 -27.824
-12.437 12.939 -31.204
-8.982 11.264 -31.393
-8.672 10.357 -35.1

-6.282 10.744 -38.079
-6.98 13.557 -40.6
-9.895 13.022 -43.051

-11.208 15.853 -45.293
-14.92 14.856 -45.011
-14.611 14.37 -41.226
-13.015 17.857 -40.827
-15.875 19.254 -42.999
-18.403 17.482 -40.669
-16.559 18.759 -37.515
-16.844 22.341 -38.957

-20.697 21.797 -39.029
-20.861 21.033 -35.24
-22.116 23.933 -33.104
-20.016 23.255 -29.939
-16.791 22.621 -31.971

-13.393 23.436 -30.391
-10.011 22.816 -32.063
-6.805 22.812 -29.99

-3.883 23.919 -32.209
-1.328 22.314 -29.773
-2.753 18.736 -29.691
-4.334 19.137 -33.217

-7.578 17.622 -31.79
-11.313 18.386 -31.995
-13.683 18.544 -28.991
-17.466 19.001 -28.65
-20.131 19.402 -25.91

-21.257 16.038 -24.476
-24.923 16.743 -25.497
-23.731 16.722 -29.178
-22.178 13.179 -28.839
-25.228 11.354 -30.322
-25.57 14.044 -33.093
-21.852 13.682 -34.021
-21.815 9.829 -34.037
-25.045 9.774 -36.128
-23.507 12.176 -38.75
-20.093 10.348 -38.803

-21.793 6.948 -39.527
-22.962 8.546 -42.834
-19.328 9.196 -43.991
-17.677 6.563 -46.261
-14.251 5.2 -45.121

-14.46 6.789 -41.562
-14.765 4.819 -38.279
-15.142 6.964 -35.114
-15.663 4.659 -32.101

-18.218 6.249 -29.657
-17.862 6.903 -25.912
-18.35 3.469 -24.195
-21.794 2.549 -22.772
-20.235 2.829 -19.255
-19.534 6.58 -19.812
-22.964 7.196 -21.431
-24.623 5.531 -18.378
-22.42 7.523 -15.909

-23.028 10.919 -17.654
-26.668 10.153 -18.714
-27.851 13.482 -17.123

-25.214 15.594 -18.963
-26 13.8 -22.296
-29.631 15.147 -21.909

-29.014 18.802 -20.797
-28.522 21.656 -23.337
-27.494 23.803 -20.296
-24.374 24.206 -18.108
-26.03 23.63 -14.722
-23.195 22.587 -12.38
-23.731 19.355 -10.334

-27.219 19.392 -8.694
-26.798 20.208 -4.988
-26.578 17.032 -2.906
-29.814 16.999 -0.82
-29.276 16.946 2.956
-30.305 13.551 4.343

-32.727 13.25 7.268
-30.389 11.851 9.975
-33.077 12.019 12.787
-33.159 8.159 12.923
-29.32 8.149 13.454
-27.82 8.306 16.969

-27.52 12.074 17.913
-23.991 11.509 19.371
-22.796 10.469 15.867
-24.731 13.185 13.93
-23.402 16.008 16.22
-19.738 14.82 15.861

-19.687 14.822 11.995
-17.445 17.587 10.586

-19.106 19.692 7.763
-17.231 17.783 4.996
-18.064 14.402 6.666
-21.796 15.407 6.677
-21.562 16.318 2.947
-19.943 12.855 2.346
-22.788 11.075 4.244
-25.363 13.084 2.191
-23.555 12.165 -1.104
-23.43 8.459 -0.115
-27.196 8.491 0.728
-28.024 10.343 -2.565

-25.973 7.645 -4.472
-28.214 5.048 -2.67
-25.512 3.7 -0.27

-23.352 2.353 -3.174
-19.956 4.118 -3.237
-16.209 4.012 -2.721
-15.295 6.541 0.021

-11.694 7.195 -1.128

-11.135 10.189 1.225
-7.504 10.605 2.377

-6.048 8.715 5.398
-7.361 9.956 8.784
-10.233 12.169 7.374
-12.706 9.981 9.408

-13.844 7.354 6.831
-15.012 5.081 9.734
-17.363 7.714 11.316
-18.876 8.506 7.854
-19.282 4.738 7.09
-21.02 4.042 10.461
-23.415 6.996 9.798
-24.247 5.855 6.195
-24.846 2.277 7.463
-26.955 3.52 10.461
-29.227 5.531 8.078

-29.9 2.058 6.507

-30.384 0.293 9.981
-33.886 -0.857 8.77
-32.05 -2.956 6.062
-29.626 -4.868 8.41
-27.981 -7.413 9.17

-24.774 -5.448 8.488
-21.551 -7.137 7.269
-18.235 -5.328 7.997
-15.132 -6.739 6.223
-11.829 -5.357 7.603

-8.05 -6.016 7.986
-7.416 -8.82 10.567
-5.856 -6.305 13.093
-8.689 -3.64 13.199

-11.758 -5.868 14.003
-11.895 -4.753 17.675
-11.154 -1.102 16.63
-14.365 -1.304 14.506
-16.414 -2.897 17.375
-15.268 -0.08 19.729
-16.109 2.476 16.969
-19.722 1.111 16.76
-20.082 1.14 20.611
-18.596 4.7 20.723
-20.823 6.195 17.978

-24.121 4.191 18.24
-24.851 3.95 22.056
-28.388 2.791 20.948
-26.764 -0.701 20.406
-26.03 -3.285 23.117

-22.632 -5.104 22.857
-24.638 -8.32 22.08
-25.78 -6.667 18.791

-22.091 -6.816 17.576
-20.505 -10.124 16.488
-16.681 -10.041 16.081

-15.702 -13.116 14.035
-12.316 -14.303 15.372
-12.201 -17.837 13.813
-13.405 -19.799 10.735
-15.769 -21.82 13.07
-17.788 -18.808 14.317
-21.352 -17.917 13.159
-21.075 -14.973 10.701
-24.816 -14.102 11.273
-24.919 -14.166 15.127
-25.108 -10.332 15.536
-27.08 -7.466 13.995

-23.588 -6.14 13.038
-21.065 -8.833 11.965
-17.336 -7.898 11.803
-15.009 -10.302 9.887
-11.529 -10.295 8.291

-10.658 -10.74 4.577
-8.757 -14.009 5.375
-11.833 -15.546 7.113
-14.3 -14.769 4.222

-12.926 -17.715 2.14
-13.287 -20.073 5.183
-16.843 -18.74 5.845
-18.014 -18.815 2.139
-20.731 -21.415 3.044
-22.243 -18.836 5.512
-21.955 -15.894 2.989
-25.071 -17.433 1.278
-27.188 -15.451 3.825
-28.094 -12.137 2.052
-26.367 -9.235 3.842
-28.236 -6.215 2.36

-25.704 -3.677 3.792
-21.936 -4.298 3.429
-19.007 -2.145 4.602
-15.517 -3.11 3.36

-12.247 -1.72343 4.60102
-8.50751 -1.14505 5.47011

-8.03189 -1.57786 9.21569
-9.29971 -5.15719 9.06097
-6.92275 -5.9784 6.21166
-3.97355 -4.53937 8.12851

-1.75755 -3.10937 5.25051
-1.06055 -6.58237 3.69351
-4.11255 -8.65637 2.56851
-2.19355 -12.0214 2.66651
-1.58555 -11.7894 6.46551

-3.75055 -13.9424 8.79651
-4.76755 -10.7954 10.8175
-6.03155 -9.08237 7.61151
-7.78555 -12.2664 6.29851
-9.66055 -12.5784 9.65651
-10.5126 -8.81037 9.97251
-11.6646 -8.02637 6.37951
-14.8996 -10.1964 6.30151
-16.1606 -8.45937 9.50551
-15.2036 -4.94537 8.24051
-17.0926 -5.49937 4.91851
-20.3476 -6.60037 6.72851

-20.2716 -4.31737 9.83951
-22.5716 -1.21537 9.60051

-20.0256 1.21063 11.2005
-16.2186 0.979629 10.6755
-13.9686 3.40363 12.5945
-10.3446 2.86963 11.4815
-7.62655 4.80563 13.3925

-3.93855 5.39163 12.4855
-1.19755 8.03863 12.8775
0.510448 6.62763 9.76751
-2.20155 5.10463 7.47251
0.537448 4.30563 4.95951
3.95645 3.37063 6.42751
5.97945 3.59963 3.14851
3.84045 3.14163 -0.0594855

0.314448 3.73863 -1.57949
-0.344552 -0.069371 -1.79649
-0.601552 -0.191371 2.08151
-3.81855 1.95663 1.92551
-5.82755 -0.519371 -0.223486
-7.10355 -2.69937 2.69051
-8.18055 0.434629 4.66151
-9.93755 1.92063 1.54651
-11.9586 -1.31137 0.928514
-12.7446 -1.59937 4.69051
-14.3036 1.94363 4.70851

-15.8066 1.67263 1.13251
-16.1916 -2.04337 0.0475145
-17.3716 -0.924371 -3.47549
-14.1346 1.03663 -4.20349
-11.5366 -0.909371 -6.28749
-13.0996 -4.45837 -5.92449
-9.77555 -5.89037 -7.26649

-6.30055 -4.69237 -6.12449
-4.91855 -4.69537 -9.72749
-7.06555 -1.64037 -10.7255
-5.76455 0.295629 -7.65449
-2.16455 -0.872371 -8.36349
-2.22755 0.164629 -12.0795
-3.43755 3.69263 -11.1255
-1.60255 4.50663 -7.83749

1.29045 1.97563 -7.45949
2.94945 2.45863 -10.9375
2.30145 -1.25037 -11.5535

4.87845 -2.89737 -13.8845
4.62945 -6.24537 -15.7265
7.90945 -8.08837 -14.9695

8.90545 -11.5704 -16.3975
7.85545 -13.1374 -13.0105

4.49945 -11.2444 -12.6035
3.33545 -7.76137 -11.5095
5.42545 -5.33637 -9.42749

3.41445 -2.86537 -7.23349
6.34545 -1.24937 -5.27449
6.01445 2.07763 -7.16749
3.79545 5.16463 -6.82149
1.66745 7.22463 -9.26049
-1.08755 9.91963 -9.33849

-0.627552 10.6366 -5.56349
-2.45855 14.0346 -5.66249
-5.55855 12.2586 -7.11949
-5.23355 9.54463 -4.41549
-5.05255 12.3126 -1.72249
-8.26055 13.9506 -3.09149
-10.0936 10.5556 -3.20049
-8.98155 9.73263 0.386514
-10.0406 13.1306 1.87351
-13.4426 13.1806 0.0605145
-14.6196 9.57163 0.595514

-12.3886 7.56963 3.06151

-10.2556 9.62763 5.44551
-10.3136 12.5216 7.91651

-6.71055 13.7636 8.44951
-5.40355 16.7646 10.4385
-1.82855 17.5996 11.4125

-0.302552 19.0836 14.6405
0.308448 22.2876 12.6185
-3.44655 22.5366 11.7185
-4.88655 22.1666 15.2785

-2.07555 22.6616 17.9005
-0.114552 25.8966 17.0695
1.29945 25.6596 20.6695
3.30445 22.3916 20.2535

7.10345 23.0856 20.2385
8.85645 22.3516 16.9145

10.5124 18.9816 16.1715
14.1284 19.8296 15.1935
15.6654 16.9396 13.1915
19.3444 16.4416 12.2445
21.7064 13.8326 10.8425
24.7474 13.1376 13.0835
27.5664 11.5836 11.0285

29.3464 9.38263 13.6195
33.0614 9.20163 12.8095

34.0454 5.97063 10.8865
37.6604 6.44163 12.2145
36.6224 4.24963 15.2365

35.5814 1.46063 12.7515
38.7194 -0.720371 12.8175

40.2254 -1.99337 9.51951
38.9134 -5.61137 10.0605
35.2914 -4.41337 10.6115
35.5684 -2.08337 7.55051
36.9974 -4.92837 5.39851
34.0594 -7.14537 6.58351
31.5134 -4.41037 5.58551
33.3104 -4.01237 2.19551
33.2234 -7.83837 1.76451
29.4504 -8.14737 2.51251
28.7624 -5.09537 0.244514
30.7174 -6.77137 -2.64249
28.9434 -10.0844 -1.85149
25.4464 -8.53237 -2.43549
26.5374 -7.20137 -5.90649

28.0174 -10.5314 -7.15849
26.1874 -11.6294 -10.3635
26.3284 -15.4094 -9.82849
24.4574 -15.5704 -6.44349
20.8844 -16.7984 -5.93649

18.0884 -14.4114 -4.78249
18.4074 -16.0734 -1.31949
22.2294 -15.6144 -1.03049
21.6784 -11.9124 -2.00149
19.0894 -11.5594 0.873514
21.4574 -13.3794 3.31051
24.4064 -11.0874 2.35351
22.0554 -8.04937 2.80951
21.0404 -9.25137 6.33351
24.7554 -9.83237 7.14051
25.7254 -6.31137 5.86851
22.8984 -4.77237 7.98351
23.8534 -6.72137 11.1815
27.5864 -5.80437 10.6145
26.5364 -2.11437 10.2545
24.8854 -2.30337 13.7145
28.0454 -3.88437 15.2835
30.3454 -1.32337 13.5555
28.3464 1.65063 15.0015
28.2934 0.454629 18.6995
31.5804 2.20763 19.8365
30.6434 5.64063 18.3645
26.9584 5.28563 19.4045
28.2994 4.73763 22.9755
30.7714 7.68063 22.5885
27.8444 9.93163 21.5055
25.5324 8.77963 24.3955
28.3374 9.54763 26.9065
28.9914 12.9976 25.2815
25.2424 13.7946 25.7575
25.3694 12.7836 29.4825
28.6944 14.6486 30.0725

27.0364 17.7276 28.3895
24.5564 17.7126 31.3635
21.3874 16.4156 29.5725
18.6934 15.4626 32.1005
16.4404 13.1136 29.9765

16.6594 11.5186 26.4955
15.4914 8.44263 24.5245
17.8614 6.08063 22.6495
16.2754 4.01363 19.8455
17.8964 0.858629 18.3745

16.5144 -2.44237 16.8975
19.3924 -4.98637 16.9525

19.5234 -6.67037 20.4055
23.3864 -6.46837 20.4635
23.1564 -2.61137 20.2215
20.5534 -2.42637 23.0655
22.7144 -4.86137 25.1515
25.9794 -2.87937 24.5975
24.3024 0.499629 25.4435
22.7494 -0.929371 28.6825
26.0854 -2.56237 29.7125
28.0274 0.740629 29.2925
25.3414 2.75363 31.2005
25.5594 0.162629 34.0655
29.4214 0.386629 33.9505

29.1334 4.24163 34.2065
26.4654 3.80963 37.0075
23.8874 5.76963 34.9055
20.2834 5.08263 35.9745

18.2804 4.09163 32.8635
15.1954 2.12363 31.6975
15.1174 -0.593371 28.9815
12.1154 -1.69437 26.8375

12.3814 -4.41637 24.1395
10.5484 -7.51237 22.7255
11.1264 -9.42937 26.0345
9.69245 -6.68037 28.3505
6.17945 -7.68537 29.5395
3.01645 -5.58937 28.8835
2.64345 -4.48137 32.5715

6.40145 -3.83937 33.1585
6.39245 -1.61437 29.9915
3.83145 0.717629 31.6555
5.68045 0.662629 35.0395
9.11645 1.45063 33.4315
7.37545 4.21963 31.4085
6.04145 5.70763 34.7085
9.51845 5.32463 36.3615
11.1664 7.34063 33.4935
8.31845 9.94063 33.5435
8.24445 10.5046 37.3545

11.8774 9.84163 38.4885
14.4614 12.6236 37.8025
17.2644 9.99563 38.2525
16.4534 7.99163 35.0745
18.4224 9.97263 32.4535

18.2804 7.44863 29.5405
15.5204 5.27763 28.0615
16.9824 2.41563 25.9315
14.1264 1.50563 23.5585
13.5524 -1.02237 20.7705

12.2404 0.873629 17.6695
9.81145 -2.03637 16.9605
8.74845 -2.88537 20.5575
8.26145 0.708629 21.9245
6.53945 2.23763 18.7915
3.07845 1.76363 20.4795
1.08045 2.71963 23.6305
3.84745 4.48563 25.6255
4.29645 8.25763 26.3105
7.74945 9.80063 27.0195
6.91245 13.5356 27.4655
9.62245 13.8676 30.2185
12.4064 13.8026 27.5455
13.2904 16.6076 25.0485

15.7374 14.5306 22.9065
15.4284 11.3666 20.7645
18.5954 9.59963 19.4795
18.2184 6.96663 16.7355

21.3784 4.84363 17.1795
20.1694 2.82363 14.1485
18.1584 3.62663 11.0005
14.9654 1.66163 10.2045
13.8794 1.10763 6.53751
10.2334 2.07963 7.28251

9.69345 5.85663 7.93051
6.22045 5.30863 9.49351
7.92145 3.44163 12.4135
10.5404 6.23763 12.8285
7.70345 8.86563 12.9825
5.82345 6.62563 15.5175
9.00145 6.61863 17.6975
9.47545 10.4696 17.4655

5.77745 10.9446 18.4835
6.45145 9.09763 21.7675
8.07245 12.3776 23.0325
6.14045 14.8996 20.8875
2.75645 14.4066 22.7115
0.216448 16.5806 24.5945
2.14045 17.5226 27.7915
5.44845 18.2946 25.9695
6.67745 21.8946 26.6835
10.1994 21.8256 25.0705
11.3024 21.7886 21.3845

11.9244 18.1076 20.5615
15.4144 17.2866 19.2295
15.6764 14.2356 16.8945
19.2374 12.9836 16.1535
19.7414 10.2996 13.4415
23.1614 8.60463 13.9495
24.6944 7.58863 10.5465

28.0834 6.08863 9.52451
29.7844 6.60763 6.09551
30.8904 3.24263 4.57151
27.8674 1.26763 5.98951
24.1954 0.267629 5.36351

23.1834 3.85163 6.44251
24.5024 5.19563 3.05851
21.7224 3.18763 1.24851
19.0234 3.26463 3.98251
18.9874 7.07863 4.40251
18.1764 7.92063 0.688514
15.5914 5.03363 0.738514
13.8824 6.47063 3.88251
13.8954 9.98363 2.26551
12.2024 8.90063 -1.01649
9.60145 6.97563 1.09851
8.75945 10.1106 3.21751
8.39945 12.1026 -0.0544855
5.92645 9.45763 -1.41949
4.00445 9.72363 1.91251
4.01945 13.5876 1.74851
2.79245 13.6716 -1.92149

-0.0805516 11.3496 -0.804486
-0.880552 13.8916 2.04051
0.195448 11.2906 4.68451
3.21545 13.1976 6.16051
4.39045 16.8126 6.73251
7.84845 15.3736 7.46751
10.3224 16.5096 4.82251
13.7624 14.8376 5.29551
15.6474 16.6436 2.40651

16.6534 19.7326 4.48851
18.7014 17.5436 6.93151
21.0484 16.2266 4.15251
21.8994 19.6236 2.59351

23.1644 20.5826 6.12351
25.6494 17.6096 6.54651

End chain 1
