-13.201 -6.296 -53.957
-10.703 -3.406 -53.291
-9.54 -3.087 -49.639
-11.02 0.322 -48.639
-8.614 1.85 -46.053
-10.787 3.126 -43.162

-9.634 6.195 -41.181
-10.061 4.9 -37.589
-10.286 6.838 -34.306
-12.195 7.103 -30.979
-14.163 9.439 -28.711
-12.619 10.223 -25.263
-14.157 12.207 -22.344

-11.943 15.248 -21.466
-14.301 16.978 -18.949
-17.827 16.65 -17.399
-19.139 18.761 -20.353

-16.752 17.96 -23.312
-15.482 14.956 -25.281
-12.62 14.751 -27.824
-12.437 12.939 -31.204
-8.982 11.264 -31.393
-8.672 10.357 -35.1

-6.282 10.744 -38.079
-6.98 13.557 -40.6
-9.895 13.022 -43.051

-11.208 15.853 -45.293
-14.92 14.856 -45.011
-14.611 14.37 -41.226
-13.015 17.857 -40.827
-15.875 19.254 -42.999
-18.403 17.482 -40.669
-16.559 18.759 -37.515
-16.844 22.341 -38.957

-20.697 21.797 -39.029
-20.861 21.033 -35.24
-22.116 23.933 -33.104
-20.016 23.255 -29.939
-16.791 22.621 -31.971

-13.393 23.436 -30.391
-10.011 22.816 -32.063
-6.805 22.812 -29.99

-3.883 23.919 -32.209
-1.328 22.314 -29.773
-2.753 18.736 -29.691
-4.334 19.137 -33.217

-7.578 17.622 -31.79
-11.313 18.386 -31.995
-13.683 18.544 -28.991
-17.466 19.001 -28.65
-20.131 19.402 -25.91

-21.257 16.038 -24.476
-24.923 16.743 -25.497
-23.731 16.722 -29.178
-22.178 13.179 -28.839
-25.228 11.354 -30.322
-25.57 14.044 -33.093
-21.852 13.682 -34.021
-21.815 9.829 -34.037
-25.045 9.774 -36.128
-23.507 12.176 -38.75
-20.093 10.348 -38.803

-20.859 6.69764 -37.9755
-24.3332 5.9876 -39.5154
-27.8334 5.27362 -40.9529
-27.2373 2.85081 -43.7114
-27.363 4.83494 -46.92

-28.2206 7.24944 -49.6762
-25.006 8.89125 -50.7525
-21.7639 10.8862 -50.6515
-19.7046 12.9453 -53.1883

-22.2596 14.5353 -50.7443
-21.9036 15.1893 -46.9993
-22.3916 11.7553 -45.2823
-25.8356 10.8353 -43.8593
-24.2766 11.1153 -40.3423
-23.5756 14.8663 -40.8993
-27.0056 15.4823 -42.5183
-28.6646 13.8173 -39.4653
-26.4616 15.8093 -36.9963

-27.0696 19.2053 -38.7413
-30.7096 18.4393 -39.8013
-31.8926 21.7683 -38.2103

-29.2556 23.8803 -40.0503
-30.0416 22.0863 -43.3833
-33.6726 23.4333 -42.9963

-33.0556 27.0883 -41.8843
-32.5636 29.9423 -44.4243
-31.5356 32.0893 -41.3833
-28.4156 32.4923 -39.1953
-30.0716 31.9163 -35.8093
-27.2366 30.8733 -33.4673
-27.7726 27.6413 -31.4213

-31.2606 27.6783 -29.7813
-30.8396 28.4943 -26.0753
-30.6196 25.3183 -23.9933
-33.8556 25.2853 -21.9073
-33.3176 25.2323 -18.1313
-34.3466 21.8373 -16.7443

-36.7686 21.5363 -13.8193
-34.4306 20.1373 -11.1123
-37.1186 20.3053 -8.30031
-37.2006 16.4453 -8.16431
-33.3616 16.4353 -7.63331
-31.8616 16.5923 -4.11831

-31.5616 20.3603 -3.17431
-28.0326 19.7953 -1.71631
-26.8376 18.7553 -5.22031
-28.7726 21.4713 -7.15731
-27.4436 24.2943 -4.86731
-23.7796 23.1063 -5.22631

-23.7286 23.1083 -9.09231
-21.4866 25.8733 -10.5013

-23.1476 27.9783 -13.3243
-21.2726 26.0693 -16.0913
-22.1056 22.6883 -14.4213
-25.8376 23.6933 -14.4103
-25.6036 24.6043 -18.1403
-23.9846 21.1413 -18.7413
-26.8296 19.3613 -16.8433
-29.4046 21.3703 -18.8963
-27.5966 20.4513 -22.1913
-27.4716 16.7453 -21.2023
-31.2376 16.7773 -20.3593
-32.0656 18.6293 -23.6523

-30.0146 15.9313 -25.5593
-32.2556 13.3343 -23.7573
-29.5536 11.9863 -21.3573

-27.3936 10.6393 -24.2613
-23.9976 12.4043 -24.3243
-20.2506 12.2983 -23.8083
-19.3366 14.8273 -21.0663

-15.7356 15.4813 -22.2153

-15.1766 18.4753 -19.8623
-11.5456 18.8913 -18.7103

-10.0896 17.0013 -15.6893
-11.4026 18.2423 -12.3033
-14.2746 20.4553 -13.7133
-16.7476 18.2673 -11.6793

-17.8856 15.6403 -14.2563
-19.0536 13.3673 -11.3533
-21.4046 16.0003 -9.77131
-22.9176 16.7923 -13.2333
-23.3236 13.0243 -13.9973
-25.0616 12.3283 -10.6263
-27.4566 15.2823 -11.2893
-28.2886 14.1413 -14.8923
-28.8876 10.5633 -13.6243
-30.9966 11.8063 -10.6263
-33.2686 13.8173 -13.0093

-33.9416 10.3443 -14.5803

-34.4256 8.57928 -11.1063
-37.9276 7.42928 -12.3173
-36.0916 5.33028 -15.0253
-33.6676 3.41828 -12.6773
-32.0226 0.873284 -11.9173

-28.8156 2.83828 -12.5993
-25.5926 1.14928 -13.8183
-22.2766 2.95828 -13.0903
-19.1736 1.54728 -14.8643
-15.8706 2.92928 -13.4843

-12.0916 2.27028 -13.1013
-11.4576 -0.533716 -10.5203
-9.89764 1.98128 -7.99431
-12.7306 4.64628 -7.88831

-15.7996 2.41828 -7.08431
-15.9366 3.53328 -3.41231
-15.1956 7.18428 -4.45731
-18.4066 6.98228 -6.58131
-20.4556 5.38928 -3.71231
-19.3096 8.20628 -1.35831
-20.1506 10.7623 -4.11831
-23.7636 9.39728 -4.32731
-24.1236 9.42628 -0.476305
-22.6376 12.9863 -0.364305
-24.8646 14.4813 -3.10931

-28.1626 12.4773 -2.84731
-28.8926 12.2363 0.968695
-32.4296 11.0773 -0.139305
-30.8056 7.58528 -0.681305
-30.0716 5.00128 2.02969

-26.6736 3.18228 1.76969
-28.6796 -0.0337155 0.992695
-29.8216 1.61928 -2.29631

-26.1326 1.47028 -3.51131
-24.5466 -1.83772 -4.59931
-20.7226 -1.75472 -5.00631

-19.7436 -4.82972 -7.05231
-16.3576 -6.01672 -5.71531
-16.2426 -9.55072 -7.27431
-17.4466 -11.5127 -10.3523
-19.8106 -13.5337 -8.01731
-21.8296 -10.5217 -6.77031
-25.3936 -9.63072 -7.92831
-25.1166 -6.68672 -10.3863
-28.8576 -5.81572 -9.81431
-28.9606 -5.87972 -5.96031
-29.1496 -2.04572 -5.55131
-31.1216 0.820284 -7.09231

-27.6296 2.14628 -8.04931
-25.1066 -0.546716 -9.12231
-21.3776 0.388284 -9.28431
-19.0506 -2.01572 -11.2003
-15.5706 -2.00872 -12.7963

-14.6996 -2.45372 -16.5103
-12.7986 -5.72272 -15.7123
-15.8746 -7.25972 -13.9743
-18.3416 -6.48272 -16.8653

-16.9676 -9.42872 -18.9473
-17.3286 -11.7867 -15.9043
-20.8846 -10.4537 -15.2423
-22.0556 -10.5287 -18.9483
-24.7726 -13.1287 -18.0433
-26.2846 -10.5497 -15.5753
-25.9966 -7.60772 -18.0983
-29.1126 -9.14672 -19.8093
-31.2296 -7.16472 -17.2623
-32.1356 -3.85072 -19.0353
-30.4086 -0.948716 -17.2453
-32.2776 2.07128 -18.7273

-29.7456 4.60928 -17.2953
-25.9776 3.98828 -17.6583
-23.0486 6.14128 -16.4853
-19.5586 5.17628 -17.7273

-16.7036 7.04928 -16.0283
-13.3826 7.42128 -17.9363

-15.1076 5.93428 -21.0563
-11.8066 6.07928 -23.0553
-11.2936 2.54428 -21.5433
-13.8156 1.42028 -24.2633

-11.5996 2.85028 -27.1413
-10.9026 -0.622716 -28.6983
-13.9546 -2.69672 -29.8233
-12.0356 -6.06172 -29.7253
-11.4276 -5.82972 -25.9263

-13.5926 -7.98272 -23.5953
-14.6096 -4.83572 -21.5743
-15.8736 -3.12272 -24.7803
-17.6276 -6.30672 -26.0933
-19.5026 -6.61872 -22.7353
-20.3546 -2.85072 -22.4193
-21.5066 -2.06672 -26.0123
-24.7416 -4.23672 -26.0903
-26.0026 -2.49972 -22.8863
-25.0456 1.01428 -24.1513
-26.9346 0.460284 -27.4733
-30.1896 -0.640716 -25.6633

-30.1136 1.64228 -22.5523
-32.4136 4.74428 -22.7913

-29.8676 7.17028 -21.1913
-26.0606 6.93928 -21.7163
-23.8106 9.36328 -19.7973
-20.1866 8.82928 -20.9103
-17.4686 10.7653 -18.9993

-13.7806 11.3513 -19.9063
-11.0396 13.9983 -19.5143
-9.33164 12.5873 -22.6243
-12.0436 11.0643 -24.9193
-9.30464 10.2653 -27.4323
-5.88564 9.33028 -25.9643
-3.86264 9.55928 -29.2433
-6.00164 9.10128 -32.4513

-9.52764 9.69828 -33.9713
-10.1866 5.89028 -34.1883
-10.4436 5.76828 -30.3103
-13.6606 7.91628 -30.4663
-15.6696 5.44028 -32.6153
-16.9456 3.26028 -29.7013
-18.0226 6.39428 -27.7303
-19.7796 7.88028 -30.8453
-21.8006 4.64828 -31.4633
-22.5866 4.36028 -27.7013
-24.1456 7.90328 -27.6833

-25.6486 7.63228 -31.2593
-26.0336 3.91628 -32.3443
-27.2136 5.03528 -35.8673
-23.9766 6.99628 -36.5953
-21.3786 5.05028 -38.6793
-22.9416 1.50128 -38.3163
-19.6176 0.0692845 -39.6583

-16.1426 1.26728 -38.5163
-14.7606 1.26428 -42.1193
-16.9076 4.31928 -43.1173
-15.6066 6.25528 -40.0463
-12.0066 5.08728 -40.7553
-12.0696 6.12428 -44.4713
-13.2796 9.65228 -43.5173
-11.4446 10.4663 -40.2293

-8.55164 7.93528 -39.8513
-6.89264 8.41828 -43.3293
-7.54064 4.70928 -43.9453

-4.96364 3.06228 -46.2763
-5.21264 -0.285716 -48.1183
-1.93264 -2.12872 -47.3613

-0.936638 -5.61072 -48.7893
-1.98664 -7.17772 -45.4023

-5.34264 -5.28472 -44.9953
-6.50664 -1.80172 -43.9013
-4.41664 0.623284 -41.8193

-6.42764 3.09428 -39.6253
-3.49664 4.71028 -37.6663
-3.82764 8.03728 -39.5593
-6.04664 11.1243 -39.2133
-8.17464 13.1843 -41.6523
-10.9296 15.8793 -41.7303

-10.4696 16.5963 -37.9553
-12.3006 19.9943 -38.0543
-15.4006 18.2183 -39.5113
-15.0756 15.5043 -36.8073
-14.8946 18.2723 -34.1143
-18.1026 19.9103 -35.4833
-19.9356 16.5153 -35.5923
-18.8236 15.6923 -32.0053
-19.8826 19.0903 -30.5183
-23.2846 19.1403 -32.3313
-24.4616 15.5313 -31.7963

-22.2306 13.5293 -29.3303

-20.0976 15.5873 -26.9463
-20.1556 18.4813 -24.4753

-16.5526 19.7233 -23.9423
-15.2456 22.7243 -21.9533
-11.6706 23.5593 -20.9793

-10.1446 25.0433 -17.7513
-9.53364 28.2473 -19.7733
-13.2886 28.4963 -20.6733
-14.7286 28.1263 -17.1133

-11.9176 28.6213 -14.4913
-9.95664 31.8563 -15.3223
-8.54264 31.6193 -11.7223
-6.53764 28.3513 -12.1383

-2.73864 29.0453 -12.1533
-0.985638 28.3113 -15.4773

0.670362 24.9413 -16.2203
4.28636 25.7893 -17.1983
5.82336 22.8993 -19.2003
9.50236 22.4013 -20.1473
11.8644 19.7923 -21.5493
14.9054 19.0973 -19.3083
17.7244 17.5433 -21.3633

19.5044 15.3423 -18.7723
23.2194 15.1613 -19.5823

24.2034 11.9303 -21.5053
27.8184 12.4013 -20.1773
26.7804 10.2093 -17.1553

25.7394 7.42028 -19.6403
28.8774 5.23928 -19.5743

30.3834 3.96628 -22.8723
29.0714 0.348284 -22.3313
25.4494 1.54628 -21.7803
25.7264 3.87628 -24.8413
27.1554 1.03128 -26.9933
24.2174 -1.18572 -25.8083
21.6714 1.54928 -26.8063
23.4684 1.94728 -30.1963
23.3814 -1.87872 -30.6273
19.6084 -2.18772 -29.8793
18.9204 0.864284 -32.1473
20.8754 -0.811716 -35.0343
19.1014 -4.12472 -34.2433
15.6044 -2.57272 -34.8273
16.6954 -1.24172 -38.2983

18.1754 -4.57172 -39.5503
16.3454 -5.66972 -42.7553
16.4864 -9.44972 -42.2203
14.6154 -9.61072 -38.8353
11.0424 -10.8387 -38.3283

8.24636 -8.45172 -37.1743
8.56536 -10.1137 -33.7113
12.3874 -9.65472 -33.4223
11.8364 -5.95272 -34.3933
9.24736 -5.59972 -31.5183
11.6154 -7.41972 -29.0813
14.5644 -5.12772 -30.0383
12.2134 -2.08972 -29.5823
11.1984 -3.29172 -26.0583
14.9134 -3.87272 -25.2513
15.8834 -0.351716 -26.5233
13.0564 1.18728 -24.4083
14.0114 -0.761716 -21.2103
17.7444 0.155284 -21.7773
16.6944 3.84528 -22.1373
15.0434 3.65628 -18.6773
18.2034 2.07528 -17.1083
20.5034 4.63628 -18.8363
18.5044 7.61028 -17.3903
18.4514 6.41428 -13.6923
21.7384 8.16728 -12.5553
20.8014 11.6003 -14.0273
17.1164 11.2453 -12.9873
18.4574 10.6973 -9.41631
20.9294 13.6403 -9.80331
18.0024 15.8913 -10.8863
15.6904 14.7393 -7.99631
18.4954 15.5073 -5.48531
19.1494 18.9573 -7.11031
15.4004 19.7543 -6.63431
15.5274 18.7433 -2.90931
18.8524 20.6083 -2.31931

17.1944 23.6873 -4.00231
14.7144 23.6723 -1.02831
11.5454 22.3753 -2.81931
8.85136 21.4223 -0.291305
6.59836 19.0733 -2.41531

6.81736 17.4783 -5.89631
5.64936 14.4023 -7.86731
8.01936 12.0403 -9.74231
6.43336 9.97328 -12.5463
8.05436 6.81828 -14.0173

6.67236 3.51728 -15.4943
9.55036 0.973284 -15.4393

9.68136 -0.710716 -11.9863
13.5444 -0.508716 -11.9283
13.3144 3.34828 -12.1703
10.7114 3.53328 -9.32631
12.8724 1.09828 -7.24031
16.1374 3.08028 -7.79431
14.4604 6.45928 -6.94831
12.9074 5.03028 -3.70931
16.2434 3.39728 -2.67931
18.1854 6.70028 -3.09931
15.4994 8.71328 -1.19131
15.7174 6.12228 1.67369
19.5794 6.34628 1.55869

19.2914 10.2013 1.81469
16.6234 9.76928 4.61569
14.0454 11.7293 2.51369
10.4414 11.0423 3.58269

8.43836 10.0513 0.471695
5.35336 8.08328 -0.694305
5.27536 5.36628 -3.41031
2.27336 4.26528 -5.55431

2.53936 1.54328 -8.25231
0.706362 -1.55272 -9.66631
1.28436 -3.46972 -6.35731
-0.149638 -0.720716 -4.04131
-3.66264 -1.72572 -2.85231
-6.82564 0.370284 -3.50831
-7.19864 1.47828 0.179695

-3.44064 2.12028 0.766695
-3.44964 4.34528 -2.40031
-6.01064 6.67728 -0.736305
-4.16164 6.62228 2.64769
-0.725638 7.41028 1.03969
-2.46664 10.1793 -0.983305
-3.80064 11.6673 2.31669
-0.323638 11.2843 3.96969
1.32436 13.3003 1.10169
-1.52364 15.9003 1.15169
-1.59764 16.4643 4.96269

2.03536 15.8013 6.09669
4.61936 18.5833 5.41069
7.42236 15.9553 5.86069
6.61136 13.9513 2.68269
8.58036 15.9323 0.0616947

8.43836 13.4083 -2.85131
5.67836 11.2373 -4.33031
7.14036 8.37528 -6.46031
4.28436 7.46528 -8.83331
3.71036 4.93728 -11.6213

2.39836 6.83328 -14.7223
-0.0306384 3.92328 -15.4313
-1.09364 3.07428 -11.8343
-1.58064 6.66828 -10.4673
-3.30264 8.19728 -13.6003
-6.76364 7.72328 -11.9123
-8.76164 8.67928 -8.76131
-5.99464 10.4453 -6.76631
-5.54564 14.2173 -6.08131
-2.09264 15.7603 -5.37231
-2.92964 19.4953 -4.92631
-0.219638 19.8273 -2.17331
2.56436 19.7623 -4.84631
3.44836 22.5673 -7.34331

5.89536 20.4903 -9.48531
5.58636 17.3263 -11.6273
8.75336 15.5593 -12.9123
8.37636 12.9263 -15.6563

11.5364 10.8033 -15.2123
10.3274 8.78328 -18.2433
8.31636 9.58628 -21.3913
5.12336 7.62128 -22.1873
4.03736 7.06728 -25.8543
0.391362 8.03928 -25.1093

-0.148638 11.8163 -24.4613
-3.62164 11.2683 -22.8983
-1.92064 9.40128 -19.9783
0.698362 12.1973 -19.5633
-2.13864 14.8253 -19.4093
-4.01864 12.5853 -16.8743
-0.840638 12.5783 -14.6943
-0.366638 16.4293 -14.9263

-4.06464 16.9043 -13.9083
-3.39064 15.0573 -10.6243
-1.76964 18.3373 -9.35931
-3.70164 20.8593 -11.5043
-7.08564 20.3663 -9.68031
-9.62564 22.5403 -7.79731
-7.70164 23.4823 -4.60031
-4.39364 24.2543 -6.42231
-3.16464 27.8543 -5.70831
0.357362 27.7853 -7.32131
1.46036 27.7483 -11.0073

2.08236 24.0673 -11.8303
5.57236 23.2463 -13.1623
5.83436 20.1953 -15.4973
9.39536 18.9433 -16.2383
9.89936 16.2593 -18.9503
13.3194 14.5643 -18.4423
14.8524 13.5483 -21.8453

18.2414 12.0483 -22.8673
19.9424 12.5673 -26.2963
21.0484 9.20228 -27.8203
18.0254 7.22728 -26.4023
14.3534 6.22728 -27.0283

13.3414 9.81128 -25.9493
14.6604 11.1553 -29.3333
11.8804 9.14728 -31.1433
9.18136 9.22428 -28.4093
9.14536 13.0383 -27.9893
8.33436 13.8803 -31.7033
5.74936 10.9933 -31.6533
4.04036 12.4303 -28.5093
4.05336 15.9433 -30.1263
2.36036 14.8603 -33.4083
-0.240638 12.9353 -31.2933
-1.08264 16.0703 -29.1743
-1.44264 18.0623 -32.4463
-3.91564 15.4173 -33.8113
-5.83764 15.6833 -30.4793
-5.82264 19.5473 -30.6433
-7.04964 19.6313 -34.3133

-9.92264 17.3093 -33.1963
-10.7226 19.8513 -30.3513
-9.64664 17.2503 -27.7073
-6.62664 19.1573 -26.2313
-5.45164 22.7723 -25.6593
-1.99364 21.3333 -24.9243
0.480362 22.4693 -27.5693
3.92036 20.7973 -27.0963
5.80536 22.6033 -29.9853

6.81136 25.6923 -27.9033
8.85936 23.5033 -25.4603
11.2064 22.1863 -28.2393
12.0574 25.5833 -29.7983

13.3224 26.5423 -26.2683
15.8074 23.5693 -25.8453

End chain 1
