-13.201 -6.296 -53.957
-10.703 -3.406 -53.291
-9.54 -3.087 -49.639
-11.02 0.322 -48.639
-8.614 1.85 -46.053
-10.787 3.126 -43.162

-9.634 6.195 -41.181
-10.061 4.9 -37.589
-10.286 6.838 -34.306
-12.195 7.103 -30.979
-14.163 9.439 -28.711
-12.619 10.223 -25.263
-14.157 12.207 -22.344

-11.943 15.248 -21.466
-14.301 16.978 -18.949
-17.827 16.65 -17.399
-19.139 18.761 -20.353

-16.752 17.96 -23.312
-15.482 14.956 -25.281
-12.62 14.751 -27.824
-12.437 12.939 -31.204
-8.982 11.264 -31.393
-8.672 10.357 -35.1

-6.282 10.744 -38.079
-6.98 13.557 -40.6
-9.895 13.022 -43.051

-11.208 15.853 -45.293
-14.92 14.856 -45.011
-14.611 14.37 -41.226
-13.015 17.857 -40.827
-15.875 19.254 -42.999
-18.403 17.482 -40.669
-16.559 18.759 -37.515
-16.844 22.341 -38.957

-20.697 21.797 -39.029
-20.861 21.033 -35.24
-22.116 23.933 -33.104
-20.016 23.255 -29.939
-16.791 22.621 -31.971

-13.393 23.436 -30.391
-10.011 22.816 -32.063
-6.805 22.812 -29.99

-3.883 23.919 -32.209
-1.328 22.314 -29.773
-2.753 18.736 -29.691
-4.334 19.137 -33.217

-7.578 17.622 -31.79
-11.313 18.386 -31.995
-13.683 18.544 -28.991
-17.466 19.001 -28.65
-20.131 19.402 -25.91

-21.257 16.038 -24.476
-24.923 16.743 -25.497
-23.731 16.722 -29.178
-22.178 13.179 -28.839
-25.228 11.354 -30.322
-25.57 14.044 -33.093
-21.852 13.682 -34.021
-21.815 9.829 -34.037
-25.045 9.774 -36.128
-23.507 12.176 -38.75
-20.093 10.348 -38.803

-21.793 6.948 -39.527
-22.962 8.546 -42.834
-19.328 9.196 -43.991
-17.677 6.563 -46.261
-14.251 5.2 -45.121

-14.46 6.789 -41.562
-14.765 4.819 -38.279
-15.142 6.964 -35.114
-15.663 4.659 -32.101

-18.218 6.249 -29.657
-17.862 6.903 -25.912
-18.35 3.469 -24.195
-21.794 2.549 -22.772
-20.235 2.829 -19.255
-19.534 6.58 -19.812
-22.964 7.196 -21.431
-24.623 5.531 -18.378
-22.42 7.523 -15.909

-23.028 10.919 -17.654
-26.668 10.153 -18.714
-27.851 13.482 -17.123

-25.214 15.594 -18.963
-26 13.8 -22.296
-29.631 15.147 -21.909

-29.014 18.802 -20.797
-28.522 21.656 -23.337
-27.494 23.803 -20.296
-24.374 24.206 -18.108
-26.03 23.63 -14.722
-23.195 22.587 -12.38
-23.731 19.355 -10.334

-27.219 19.392 -8.694
-26.798 20.208 -4.988
-26.578 17.032 -2.906
-29.814 16.999 -0.82
-29.276 16.946 2.956
-30.305 13.551 4.343

-32.727 13.25 7.268
-30.389 11.851 9.975
-33.077 12.019 12.787
-33.159 8.159 12.923
-29.32 8.149 13.454
-27.82 8.306 16.969

-27.52 12.074 17.913
-23.991 11.509 19.371
-22.796 10.469 15.867
-24.731 13.185 13.93
-23.402 16.008 16.22
-19.738 14.82 15.861

-19.687 14.822 11.995
-17.445 17.587 10.586

-19.106 19.692 7.763
-17.231 17.783 4.996
-18.064 14.402 6.666
-21.796 15.407 6.677
-21.562 16.318 2.947
-19.943 12.855 2.346
-22.788 11.075 4.244
-25.363 13.084 2.191
-23.555 12.165 -1.104
-23.43 8.459 -0.115
-27.196 8.491 0.728
-28.024 10.343 -2.565

-25.973 7.645 -4.472
-28.214 5.048 -2.67
-25.512 3.7 -0.27

-23.352 2.353 -3.174
-19.956 4.118 -3.237
-16.209 4.012 -2.721
-15.295 6.541 0.021

-11.694 7.195 -1.128

-11.135 10.189 1.225
-7.504 10.605 2.377

-6.048 8.715 5.398
-7.361 9.956 8.784
-10.233 12.169 7.374
-12.706 9.981 9.408

-13.844 7.354 6.831
-15.012 5.081 9.734
-17.363 7.714 11.316
-18.876 8.506 7.854
-19.282 4.738 7.09
-21.02 4.042 10.461
-23.415 6.996 9.798
-24.247 5.855 6.195
-24.846 2.277 7.463
-26.955 3.52 10.461
-29.227 5.531 8.078

-29.9 2.058 6.507

-30.384 0.293 9.981
-33.886 -0.857 8.77
-32.05 -2.956 6.062
-29.626 -4.868 8.41
-27.981 -7.413 9.17

-24.774 -5.448 8.488
-21.551 -7.137 7.269
-18.235 -5.328 7.997
-15.132 -6.739 6.223
-11.829 -5.357 7.603

-8.05 -6.016 7.986
-7.416 -8.82 10.567
-5.856 -6.305 13.093
-8.689 -3.64 13.199

-11.758 -5.868 14.003
-11.895 -4.753 17.675
-11.154 -1.102 16.63
-14.365 -1.304 14.506
-16.414 -2.897 17.375
-15.268 -0.08 19.729
-16.109 2.476 16.969
-19.722 1.111 16.76
-20.082 1.14 20.611
-18.596 4.7 20.723
-20.823 6.195 17.978

-24.121 4.191 18.24
-24.851 3.95 22.056
-28.388 2.791 20.948
-26.764 -0.701 20.406
-26.03 -3.285 23.117

-22.632 -5.104 22.857
-24.638 -8.32 22.08
-25.78 -6.667 18.791

-22.091 -6.816 17.576
-20.505 -10.124 16.488
-16.681 -10.041 16.081

-15.702 -13.116 14.035
-12.316 -14.303 15.372
-12.201 -17.837 13.813
-13.405 -19.799 10.735
-15.769 -21.82 13.07
-17.788 -18.808 14.317
-21.352 -17.917 13.159
-21.075 -14.973 10.701
-24.816 -14.102 11.273
-24.919 -14.166 15.127
-25.108 -10.332 15.536
-27.08 -7.466 13.995

-23.588 -6.14 13.038
-21.065 -8.833 11.965
-17.336 -7.898 11.803
-15.009 -10.302 9.887
-11.529 -10.295 8.291

-10.658 -10.74 4.577
-8.757 -14.009 5.375
-11.833 -15.546 7.113
-14.3 -14.769 4.222

-12.926 -17.715 2.14
-13.287 -20.073 5.183
-16.843 -18.74 5.845
-18.014 -18.815 2.139
-20.731 -21.415 3.044
-22.243 -18.836 5.512
-21.955 -15.894 2.989
-25.071 -17.433 1.278
-27.188 -15.451 3.825
-28.094 -12.137 2.052
-26.367 -9.235 3.842
-28.236 -6.215 2.36

-25.704 -3.677 3.792
-21.936 -4.298 3.429
-19.007 -2.145 4.602
-15.517 -3.11 3.36

-12.662 -1.237 5.059
-9.341 -0.865 3.151

-11.066 -2.352 0.031
-7.765 -2.207 -1.968
-7.252 -5.742 -0.456
-9.774 -6.866 -3.176

-7.558 -5.436 -6.054
-6.861 -8.909 -7.611
-9.913 -10.983 -8.736
-7.994 -14.348 -8.638
-7.386 -14.116 -4.839

-9.551 -16.269 -2.508
-10.568 -13.122 -0.487
-11.832 -11.409 -3.693
-13.586 -14.593 -5.006
-15.461 -14.905 -1.648
-16.313 -11.137 -1.332
-17.465 -10.353 -4.925
-20.7 -12.523 -5.003
-21.961 -10.786 -1.799
-21.004 -7.272 -3.064
-22.893 -7.826 -6.386
-26.148 -8.927 -4.576

-26.072 -6.644 -1.465
-28.372 -3.542 -1.704

-25.826 -1.116 -0.104
-22.019 -1.347 -0.629
-19.769 1.077 1.29
-16.145 0.543 0.177
-13.427 2.479 2.088

-9.739 3.065 1.181
-6.998 5.712 1.573
-5.29 4.301 -1.537
-8.002 2.778 -3.832
-5.263 1.979 -6.345
-1.844 1.044 -4.877
0.179 1.273 -8.156
-1.96 0.815 -11.364

-5.486 1.412 -12.884
-6.145 -2.396 -13.101
-6.402 -2.518 -9.223
-9.619 -0.37 -9.379
-11.628 -2.846 -11.528
-12.904 -5.026 -8.614
-13.981 -1.892 -6.643
-15.738 -0.406 -9.758
-17.759 -3.638 -10.376
-18.545 -3.926 -6.614
-20.104 -0.383 -6.596

-21.607 -0.654 -10.172
-21.992 -4.37 -11.257
-23.172 -3.251 -14.78
-19.935 -1.29 -15.508
-17.337 -3.236 -17.592
-18.9 -6.785 -17.229
-15.576 -8.217 -18.571

-12.101 -7.019 -17.429
-10.719 -7.022 -21.032
-12.866 -3.967 -22.03
-11.565 -2.031 -18.959
-7.965 -3.199 -19.668
-8.028 -2.162 -23.384
-9.238 1.366 -22.43
-7.403 2.18 -19.142

-4.7809 0.799024 -21.3689
-2.59825 -1.75822 -19.4857
-2.00043 -4.79462 -17.2664

0.769178 -6.91794 -18.7101
3.59295 -9.16318 -19.8194
6.35297 -11.8801 -19.3932

7.34897 -15.3621 -20.8212
6.29897 -16.9291 -17.4342

2.94297 -15.0361 -17.0272
1.77897 -11.5531 -15.9332
3.86897 -9.12809 -13.8512

1.85797 -6.65709 -11.6572
4.78897 -5.04109 -9.69825
4.45797 -1.71409 -11.5912
2.23897 1.37291 -11.2452
0.110972 3.43291 -13.6842
-2.64403 6.12791 -13.7622

-2.18403 6.84491 -9.98725
-4.01503 10.2429 -10.0862
-7.11503 8.46691 -11.5432
-6.79003 5.75291 -8.83925
-6.60903 8.52091 -6.14625
-9.81703 10.1589 -7.51525
-11.65 6.76391 -7.62425
-10.538 5.94091 -4.03725
-11.597 9.33891 -2.55025
-14.999 9.38891 -4.36325
-16.176 5.77991 -3.82825

-13.945 3.77791 -1.36225

-11.812 5.83591 1.02175
-11.87 8.72991 3.49275

-8.26703 9.97191 4.02575
-6.96003 12.9729 6.01475
-3.38503 13.8079 6.98875

-1.85903 15.2919 10.2168
-1.24803 18.4959 8.19475
-5.00303 18.7449 7.29475
-6.44303 18.3749 10.8548

-3.63203 18.8699 13.4768
-1.67103 22.1049 12.6458
-0.257028 21.8679 16.2458
1.74797 18.5999 15.8298

5.54697 19.2939 15.8148
7.29997 18.5599 12.4908

8.95597 15.1899 11.7478
12.572 16.0379 10.7698
14.109 13.1479 8.76775
17.788 12.6499 7.82075
20.15 10.0409 6.41875
23.191 9.34591 8.65975
26.01 7.79191 6.60475

27.79 5.59091 9.19575
31.505 5.40991 8.38575

32.489 2.17891 6.46275
36.104 2.64991 7.79075
35.066 0.457911 10.8128

34.025 -2.33109 8.32775
37.163 -4.51209 8.39375

38.669 -5.78509 5.09575
37.357 -9.40309 5.63675
33.735 -8.20509 6.18775
34.012 -5.87509 3.12675
35.441 -8.72009 0.974753
32.503 -10.9371 2.15975
29.957 -8.20209 1.16175
31.754 -7.80409 -2.22825
31.667 -11.6301 -2.65925
27.894 -11.9391 -1.91125
27.206 -8.88709 -4.17925
29.161 -10.5631 -7.06625
27.387 -13.8761 -6.27525
23.89 -12.3241 -6.85925
24.981 -10.9931 -10.3302

26.461 -14.3231 -11.5822
24.631 -15.4211 -14.7872
24.772 -19.2011 -14.2522
22.901 -19.3621 -10.8672
19.328 -20.5901 -10.3602

16.532 -18.2031 -9.20625
16.851 -19.8651 -5.74325
20.673 -19.4061 -5.45425
20.122 -15.7041 -6.42525
17.533 -15.3511 -3.55025
19.901 -17.1711 -1.11325
22.85 -14.8791 -2.07025
20.499 -11.8411 -1.61425
19.484 -13.0431 1.90975
23.199 -13.6241 2.71675
24.169 -10.1031 1.44475
21.342 -8.56409 3.55975
22.297 -10.5131 6.75775
26.03 -9.59609 6.19075
24.98 -5.90609 5.83075
23.329 -6.09509 9.29075
26.489 -7.67609 10.8598
28.789 -5.11509 9.13175
26.79 -2.14109 10.5778
26.737 -3.33709 14.2758
30.024 -1.58409 15.4128
29.087 1.84891 13.9408
25.402 1.49391 14.9808
26.743 0.945911 18.5518
29.215 3.88891 18.1648
26.288 6.13991 17.0818
23.976 4.98791 19.9718
26.781 5.75591 22.4828
27.435 9.20591 20.8578
23.686 10.0029 21.3338
23.813 8.99191 25.0588
27.138 10.8569 25.6488

25.48 13.9359 23.9658
23 13.9209 26.9398
19.831 12.6239 25.1488
17.137 11.6709 27.6768
14.884 9.32191 25.5528

15.103 7.72691 22.0718
13.935 4.65091 20.1008
16.305 2.28891 18.2258
14.719 0.221911 15.4218
16.34 -2.93309 13.9508

14.958 -6.23409 12.4738
17.836 -8.77809 12.5288

17.967 -10.4621 15.9818
21.83 -10.2601 16.0398
21.6 -6.40309 15.7978
18.997 -6.21809 18.6418
21.158 -8.65309 20.7278
24.423 -6.67109 20.1738
22.746 -3.29209 21.0198
21.193 -4.72109 24.2588
24.529 -6.35409 25.2888
26.471 -3.05109 24.8688
23.785 -1.03809 26.7768
24.003 -3.62909 29.6418
27.865 -3.40509 29.5268

27.577 0.449911 29.7828
24.909 0.0179106 32.5838
22.331 1.97791 30.4818
18.727 1.29091 31.5508

16.724 0.299911 28.4398
13.639 -1.66809 27.2738
13.561 -4.38509 24.5578
10.559 -5.48609 22.4138

10.825 -8.20809 19.7158
8.99197 -11.3041 18.3018
9.56997 -13.2211 21.6108
8.13597 -10.4721 23.9268
4.62297 -11.4771 25.1158
1.45997 -9.38109 24.4598
1.08697 -8.27309 28.1478

4.84497 -7.63109 28.7348
4.83597 -5.40609 25.5678
2.27497 -3.07409 27.2318
4.12397 -3.12909 30.6158
7.55997 -2.34109 29.0078
5.81897 0.427911 26.9848
4.48497 1.91591 30.2848
7.96197 1.53291 31.9378
9.60997 3.54891 29.0698
6.76197 6.14891 29.1198
6.68797 6.71291 32.9308

10.321 6.04991 34.0648
12.905 8.83191 33.3788
15.708 6.20391 33.8288
14.897 4.19991 30.6508
16.866 6.18091 28.0298

16.724 3.65691 25.1168
13.964 1.48591 23.6378
15.426 -1.37609 21.5078
12.57 -2.28609 19.1348
11.996 -4.81409 16.3468

10.684 -2.91809 13.2458
8.25497 -5.82809 12.5368
7.19197 -6.67709 16.1338
6.70497 -3.08309 17.5008
4.98297 -1.55409 14.3678
1.52197 -2.02809 16.0558
-0.476028 -1.07209 19.2068
2.29097 0.693911 21.2018
2.73997 4.46591 21.8868
6.19297 6.00891 22.5958
5.35597 9.74391 23.0418
8.06597 10.0759 25.7948
10.85 10.0109 23.1218
11.734 12.8159 20.6248

14.181 10.7389 18.4828
13.872 7.57491 16.3408
17.039 5.80791 15.0558
16.662 3.17491 12.3118

19.822 1.05191 12.7558
18.613 -0.968089 9.72475
16.602 -0.165089 6.57675
13.409 -2.13009 5.78075
12.323 -2.68409 2.11375
8.67697 -1.71209 2.85875

8.13697 2.06491 3.50675
4.66397 1.51691 5.06975
6.36497 -0.350089 7.98975
8.98397 2.44591 8.40475
6.14697 5.07391 8.55875
4.26697 2.83391 11.0938
7.44497 2.82691 13.2738
7.91897 6.67791 13.0418

4.22097 7.15291 14.0598
4.89497 5.30591 17.3438
6.51597 8.58591 18.6088
4.58397 11.1079 16.4638
1.19997 10.6149 18.2878
-1.34003 12.7889 20.1708
0.583972 13.7309 23.3678
3.89197 14.5029 21.5458
5.12097 18.1029 22.2598
8.64297 18.0339 20.6468
9.74597 17.9969 16.9608

10.368 14.3159 16.1378
13.858 13.4949 14.8058
14.12 10.4439 12.4708
17.681 9.19191 11.7298
18.185 6.50791 9.01775
21.605 4.81291 9.52575
23.138 3.79691 6.12275

26.527 2.29691 5.10075
28.228 2.81591 1.67175
29.334 -0.549089 0.147753
26.311 -2.52409 1.56575
22.639 -3.52409 0.939753

21.627 0.0599106 2.01875
22.946 1.40391 -1.36525
20.166 -0.604089 -3.17525
17.467 -0.527089 -0.441247
17.431 3.28691 -0.0212474
16.62 4.12891 -3.73525
14.035 1.24191 -3.68525
12.326 2.67891 -0.541247
12.339 6.19191 -2.15825
10.646 5.10891 -5.44025
8.04497 3.18391 -3.32525
7.20297 6.31891 -1.20625
6.84297 8.31091 -4.47825
4.36997 5.66591 -5.84325
2.44797 5.93191 -2.51125
2.46297 9.79591 -2.67525
1.23597 9.87991 -6.34525

-1.63703 7.55791 -5.22825
-2.43703 10.0999 -2.38325
-1.36103 7.49891 0.260753
1.65897 9.40591 1.73675
2.83397 13.0209 2.30875
6.29197 11.5819 3.04375
8.76597 12.7179 0.398753
12.206 11.0459 0.871753
14.091 12.8519 -2.01725

15.097 15.9409 0.0647526
17.145 13.7519 2.50775
19.492 12.4349 -0.271247
20.343 15.8319 -1.83025

21.608 16.7909 1.69975
24.093 13.8179 2.12275

End chain 1
