-13.201 -6.296 -53.957
-10.703 -3.406 -53.291
-9.54 -3.087 -49.639
-11.02 0.322 -48.639
-8.614 1.85 -46.053
-10.787 3.126 -43.162

-9.634 6.195 -41.181
-10.061 4.9 -37.589
-10.286 6.838 -34.306
-12.195 7.103 -30.979
-14.163 9.439 -28.711
-12.619 10.223 -25.263
-14.157 12.207 -22.344

-11.943 15.248 -21.466
-14.301 16.978 -18.949
-17.827 16.65 -17.399
-19.139 18.761 -20.353

-16.752 17.96 -23.312
-15.482 14.956 -25.281
-12.62 14.751 -27.824
-12.437 12.939 -31.204
-8.982 11.264 -31.393
-8.672 10.357 -35.1

-6.282 10.744 -38.079
-6.98 13.557 -40.6
-9.895 13.022 -43.051

-11.208 15.853 -45.293
-14.92 14.856 -45.011
-14.611 14.37 -41.226
-13.015 17.857 -40.827
-15.875 19.254 -42.999
-18.403 17.482 -40.669
-16.559 18.759 -37.515
-16.844 22.341 -38.957

-20.697 21.797 -39.029
-20.861 21.033 -35.24
-22.116 23.933 -33.104
-20.016 23.255 -29.939
-16.791 22.621 -31.971

-13.393 23.436 -30.391
-10.011 22.816 -32.063
-6.805 22.812 -29.99

-3.883 23.919 -32.209
-1.328 22.314 -29.773
-2.753 18.736 -29.691
-4.334 19.137 -33.217

-7.578 17.622 -31.79
-11.313 18.386 -31.995
-13.683 18.544 -28.991
-17.466 19.001 -28.65
-20.131 19.402 -25.91

-21.257 16.038 -24.476
-24.923 16.743 -25.497
-23.731 16.722 -29.178
-22.178 13.179 -28.839
-25.228 11.354 -30.322
-25.57 14.044 -33.093
-21.852 13.682 -34.021
-21.815 9.829 -34.037
-25.045 9.774 -36.128
-23.507 12.176 -38.75
-20.093 10.348 -38.803

-21.793 6.948 -39.527
-22.962 8.546 -42.834
-19.328 9.196 -43.991
-17.677 6.563 -46.261
-14.251 5.2 -45.121

-14.46 6.789 -41.562
-14.765 4.819 -38.279
-15.142 6.964 -35.114
-15.663 4.659 -32.101

-18.218 6.249 -29.657
-17.862 6.903 -25.912
-18.35 3.469 -24.195
-21.794 2.549 -22.772
-20.235 2.829 -19.255
-19.534 6.58 -19.812
-22.964 7.196 -21.431
-24.623 5.531 -18.378
-22.42 7.523 -15.909

-23.028 10.919 -17.654
-26.668 10.153 -18.714
-27.851 13.482 -17.123

-25.214 15.594 -18.963
-26 13.8 -22.296
-29.631 15.147 -21.909

-29.014 18.802 -20.797
-28.522 21.656 -23.337
-27.494 23.803 -20.296
-24.374 24.206 -18.108
-26.03 23.63 -14.722
-23.195 22.587 -12.38
-23.731 19.355 -10.334

-27.219 19.392 -8.694
-26.798 20.208 -4.988
-26.578 17.032 -2.906
-29.814 16.999 -0.82
-29.276 16.946 2.956
-30.305 13.551 4.343

-32.727 13.25 7.268
-30.389 11.851 9.975
-33.077 12.019 12.787
-33.159 8.159 12.923
-29.32 8.149 13.454
-27.82 8.306 16.969

-27.52 12.074 17.913
-23.991 11.509 19.371
-22.796 10.469 15.867
-24.731 13.185 13.93
-23.402 16.008 16.22
-19.738 14.82 15.861

-19.7486 13.4089 12.3841
-19.4962 11.8518 8.98431

-19.7975 14.8657 6.68897
-17.8694 17.0431 9.13518
-15.0883 14.4653 9.38753
-14.8108 14.252 5.60331
-14.5817 18.0341 5.31003
-11.8335 18.1678 7.93157
-9.84639 15.4785 6.12552
-10.1338 17.3447 2.8274
-8.9292 20.5701 4.43632
-5.92956 18.8032 5.96051
-4.99869 17.2813 2.60489
-5.19813 20.673 0.902054

-3.14713 17.975 -1.00495
-5.38813 15.378 0.797054
-2.68613 14.03 3.19705

-0.526127 12.683 0.293054
2.86987 14.448 0.230054
6.61687 14.342 0.746054
7.53087 16.871 3.48805

11.1319 17.525 2.33905

11.6909 20.519 4.69205
15.3219 20.935 5.84405

16.7779 19.045 8.86505
15.4649 20.286 12.2511
12.5929 22.499 10.8411
10.1199 20.311 12.8751

8.98187 17.684 10.2981
7.81387 15.411 13.2011
5.46287 18.044 14.7831
3.94987 18.836 11.3211
3.54387 15.068 10.5571
1.80587 14.372 13.9281
-0.589127 17.326 13.2651
-1.42113 16.185 9.66205
-2.02013 12.607 10.9301
-4.12913 13.85 13.9281
-6.40113 15.861 11.5451

-7.07413 12.388 9.97405

-7.55813 10.623 13.4481
-11.0601 9.47298 12.2371
-9.22413 7.37398 9.52905
-6.80013 5.46198 11.8771
-5.15513 2.91698 12.6371

-1.94813 4.88198 11.9551
1.27487 3.19298 10.7361
4.59087 5.00198 11.4641
7.69387 3.59098 9.69005
10.9969 4.97298 11.0701

14.7759 4.31398 11.4531
15.4099 1.50998 14.0341
16.9699 4.02498 16.5601
14.1369 6.68998 16.6661

11.0679 4.46198 17.4701
10.9309 5.57698 21.1421
11.6719 9.22798 20.0971
8.46087 9.02598 17.9731
6.41187 7.43298 20.8421
7.55787 10.25 23.1961
6.71687 12.806 20.4361
3.10387 11.441 20.2271
2.74387 11.47 24.0781
4.22987 15.03 24.1901
2.00287 16.525 21.4451

-1.29513 14.521 21.7071
-2.02513 14.28 25.5231
-5.56213 13.121 24.4151
-3.93813 9.62898 23.8731
-3.20413 7.04498 26.5841

0.193873 5.22598 26.3241
-1.81213 2.00998 25.5471
-2.95413 3.66298 22.2581

0.734873 3.51398 21.0431
2.32087 0.205978 19.9551
6.14487 0.288978 19.5481

7.12387 -2.78602 17.5021
10.5099 -3.97302 18.8391
10.6249 -7.50702 17.2801
9.42087 -9.46902 14.2021
7.05687 -11.49 16.5371
5.03787 -8.47802 17.7841
1.47387 -7.58702 16.6261
1.75087 -4.64302 14.1681
-1.99013 -3.77202 14.7401
-2.09313 -3.83602 18.5941
-2.28213 -0.00202151 19.0031
-4.25413 2.86398 17.4621

-0.762127 4.18998 16.5051
1.76087 1.49698 15.4321
5.48987 2.43198 15.2701
7.81687 0.0279785 13.3541
11.2969 0.0349785 11.7581

12.1679 -0.410022 8.04405
14.0689 -3.67902 8.84205
10.9929 -5.21602 10.5801
8.52587 -4.43902 7.68905

9.89987 -7.38502 5.60705
9.53887 -9.74302 8.65005
5.98287 -8.41002 9.31205
4.81187 -8.48502 5.60605
2.09487 -11.085 6.51105
0.582873 -8.50602 8.97905
0.870873 -5.56402 6.45605
-2.24513 -7.10302 4.74505
-4.36213 -5.12102 7.29205
-5.26813 -1.80702 5.51905
-3.54113 1.09498 7.30905
-5.41013 4.11498 5.82705

-2.87813 6.65298 7.25905
0.889873 6.03198 6.89605
3.81887 8.18498 8.06905
7.30887 7.21998 6.82705

10.1639 9.09298 8.52605
13.4849 9.46498 6.61805

11.7599 7.97798 3.49805
15.0609 8.12298 1.49905
15.5739 4.58798 3.01105
13.0519 3.46398 0.291054

15.2679 4.89398 -2.58695
15.9649 1.42098 -4.14395
12.9129 -0.653022 -5.26895
14.8319 -4.01802 -5.17095
15.4399 -3.78602 -1.37195

13.2749 -5.93902 0.959054
12.2579 -2.79202 2.98005
10.9939 -1.07902 -0.225946
9.23987 -4.26302 -1.53895
7.36487 -4.57502 1.81905
6.51287 -0.807022 2.13505
5.36087 -0.0230215 -1.45795
2.12587 -2.19302 -1.53595
0.864873 -0.456022 1.66805
1.82187 3.05798 0.403054
-0.0671274 2.50398 -2.91895
-3.32213 1.40298 -1.10895

-3.24613 3.68598 2.00205
-5.54613 6.78798 1.76305

-3.00013 9.21398 3.36305
0.806873 8.98298 2.83805
3.05687 11.407 4.75705
6.68087 10.873 3.64405
9.39887 12.809 5.55505

13.0869 13.395 4.64805
15.8279 16.042 5.04005
17.5359 14.631 1.93005
14.8239 13.108 -0.364946
17.5629 12.309 -2.87795
20.9819 11.374 -1.40995
23.0049 11.603 -4.68895
20.8659 11.145 -7.89695

17.3399 11.742 -9.41695
16.6809 7.93398 -9.63395
16.4239 7.81198 -5.75595
13.2069 9.95998 -5.91195
11.1979 7.48398 -8.06095
9.92187 5.30398 -5.14695
8.84487 8.43798 -3.17595
7.08787 9.92398 -6.29095
5.06687 6.69198 -6.90895
4.28087 6.40398 -3.14695
2.72187 9.94698 -3.12895

1.21887 9.67598 -6.70495
0.833873 5.95998 -7.78995
-0.346127 7.07898 -11.3129
2.89087 9.03998 -12.0409
5.48887 7.09398 -14.1249
3.92587 3.54498 -13.7619
7.24987 2.11298 -15.1039

10.7249 3.31098 -13.9619
12.1069 3.30798 -17.5649
9.95987 6.36298 -18.5629
11.2609 8.29898 -15.4919
14.8609 7.13098 -16.2009
14.7979 8.16798 -19.9169
13.5879 11.696 -18.9629
15.4229 12.51 -15.6749

18.3159 9.97898 -15.2969
19.9749 10.462 -18.7749
19.3269 6.75298 -19.3909

21.9039 5.10598 -21.7219
21.6549 1.75798 -23.5639
24.9349 -0.0850215 -22.8069

25.9309 -3.56702 -24.2349
24.8809 -5.13402 -20.8479

21.5249 -3.24102 -20.4409
20.3609 0.241978 -19.3469
22.4509 2.66698 -17.2649

20.4399 5.13798 -15.0709
23.3709 6.75398 -13.1119
23.0399 10.081 -15.0049
20.8209 13.168 -14.6589
18.6929 15.228 -17.0979
15.9379 17.923 -17.1759

16.3979 18.64 -13.4009
14.5669 22.038 -13.4999
11.4669 20.262 -14.9569
11.7919 17.548 -12.2529
11.9729 20.316 -9.55995
8.76487 21.954 -10.9289
6.93187 18.559 -11.0379
8.04387 17.736 -7.45095
6.98487 21.134 -5.96395
3.58287 21.184 -7.77695
2.40587 17.575 -7.24195

4.63687 15.573 -4.77595

6.76987 17.631 -2.39195
6.71187 20.525 0.079054

10.3149 21.767 0.612054
11.6219 24.768 2.60105
15.1969 25.603 3.57505

16.7229 27.087 6.80305
17.3339 30.291 4.78105
13.5789 30.54 3.88105
12.1389 30.17 7.44105

14.9499 30.665 10.0631
16.9109 33.9 9.23205
18.3249 33.663 12.8321
20.3299 30.395 12.4161

24.1289 31.089 12.4011
25.8819 30.355 9.07705

27.5379 26.985 8.33405
31.1539 27.833 7.35605
32.6909 24.943 5.35405
36.3699 24.445 4.40705
38.7319 21.836 3.00505
41.7729 21.141 5.24605
44.5919 19.587 3.19105

46.3719 17.386 5.78205
50.0869 17.205 4.97205

51.0709 13.974 3.04905
54.6859 14.445 4.37705
53.6479 12.253 7.39905

52.6069 9.46398 4.91405
55.7449 7.28298 4.98005

57.2509 6.00998 1.68205
55.9389 2.39198 2.22305
52.3169 3.58998 2.77405
52.5939 5.91998 -0.286946
54.0229 3.07498 -2.43895
51.0849 0.857978 -1.25395
48.5389 3.59298 -2.25195
50.3359 3.99098 -5.64195
50.2489 0.164978 -6.07295
46.4759 -0.144022 -5.32495
45.7879 2.90798 -7.59295
47.7429 1.23198 -10.4799
45.9689 -2.08102 -9.68895
42.4719 -0.529022 -10.2729
43.5629 0.801978 -13.7439

45.0429 -2.52802 -14.9959
43.2129 -3.62602 -18.2009
43.3539 -7.40602 -17.6659
41.4829 -7.56702 -14.2809
37.9099 -8.79502 -13.7739

35.1139 -6.40802 -12.6199
35.4329 -8.07002 -9.15695
39.2549 -7.61102 -8.86795
38.7039 -3.90902 -9.83895
36.1149 -3.55602 -6.96395
38.4829 -5.37602 -4.52695
41.4319 -3.08402 -5.48395
39.0809 -0.0460215 -5.02795
38.0659 -1.24802 -1.50395
41.7809 -1.82902 -0.696946
42.7509 1.69198 -1.96895
39.9239 3.23098 0.146054
40.8789 1.28198 3.34405
44.6119 2.19898 2.77705
43.5619 5.88898 2.41705
41.9109 5.69998 5.87705
45.0709 4.11898 7.44605
47.3709 6.67998 5.71805
45.3719 9.65398 7.16405
45.3189 8.45798 10.8621
48.6059 10.211 11.9991
47.6689 13.644 10.5271
43.9839 13.289 11.5671
45.3249 12.741 15.1381
47.7969 15.684 14.7511
44.8699 17.935 13.6681
42.5579 16.783 16.5581
45.3629 17.551 19.0691
46.0169 21.001 17.4441
42.2679 21.798 17.9201
42.3949 20.787 21.6451
45.7199 22.652 22.2351

44.0619 25.731 20.5521
41.5819 25.716 23.5261
38.4129 24.419 21.7351
35.7189 23.466 24.2631
33.4659 21.117 22.1391

33.6849 19.522 18.6581
32.5169 16.446 16.6871
34.8869 14.084 14.8121
33.3009 12.017 12.0081
34.9219 8.86198 10.5371

33.5399 5.56098 9.06005
36.4179 3.01698 9.11505

36.5489 1.33298 12.5681
40.4119 1.53498 12.6261
40.1819 5.39198 12.3841
37.5789 5.57698 15.2281
39.7399 3.14198 17.3141
43.0049 5.12398 16.7601
41.3279 8.50298 17.6061
39.7749 7.07398 20.8451
43.1109 5.44098 21.8751
45.0529 8.74398 21.4551
42.3669 10.757 23.3631
42.5849 8.16598 26.2281
46.4469 8.38998 26.1131

46.1589 12.245 26.3691
43.4909 11.813 29.1701
40.9129 13.773 27.0681
37.3089 13.086 28.1371

35.3059 12.095 25.0261
32.2209 10.127 23.8601
32.1429 7.40998 21.1441
29.1409 6.30898 19.0001

29.4069 3.58698 16.3021
27.5739 0.490978 14.8881
28.1519 -1.42602 18.1971
26.7179 1.32298 20.5131
23.2049 0.317978 21.7021
20.0419 2.41398 21.0461
19.6689 3.52198 24.7341

23.4269 4.16398 25.3211
23.4179 6.38898 22.1541
20.8569 8.72098 23.8181
22.7059 8.66598 27.2021
26.1419 9.45398 25.5941
24.4009 12.223 23.5711
23.0669 13.711 26.8711
26.5439 13.328 28.5241
28.1919 15.344 25.6561
25.3439 17.944 25.7061
25.2699 18.508 29.5171

28.9029 17.845 30.6511
31.4869 20.627 29.9651
34.2899 17.999 30.4151
33.4789 15.995 27.2371
35.4479 17.976 24.6161

35.3059 15.452 21.7031
32.5459 13.281 20.2241
34.0079 10.419 18.0941
31.1519 9.50898 15.7211
30.5779 6.98098 12.9331

29.2659 8.87698 9.83205
26.8369 5.96698 9.12305
25.7739 5.11798 12.7201
25.2869 8.71198 14.0871
23.5649 10.241 10.9541
20.1039 9.76698 12.6421
18.1059 10.723 15.7931
20.8729 12.489 17.7881
21.3219 16.261 18.4731
24.7749 17.804 19.1821
23.9379 21.539 19.6281
26.6479 21.871 22.3811
29.4319 21.806 19.7081
30.3159 24.611 17.2111

32.7629 22.534 15.0691
32.4539 19.37 12.9271
35.6209 17.603 11.6421
35.2439 14.97 8.89805

38.4039 12.847 9.34205
37.1949 10.827 6.31105
35.1839 11.63 3.16305
31.9909 9.66498 2.36705
30.9049 9.11098 -1.29995
27.2589 10.083 -0.554946

26.7189 13.86 0.093054
23.2459 13.312 1.65605
24.9469 11.445 4.57605
27.5659 14.241 4.99105
24.7289 16.869 5.14505
22.8489 14.629 7.68005
26.0269 14.622 9.86005
26.5009 18.473 9.62805

22.8029 18.948 10.6461
23.4769 17.101 13.9301
25.0979 20.381 15.1951
23.1659 22.903 13.0501
19.7819 22.41 14.8741
17.2419 24.584 16.7571
19.1659 25.526 19.9541
22.4739 26.298 18.1321
23.7029 29.898 18.8461
27.2249 29.829 17.2331
28.3279 29.792 13.5471

28.9499 26.111 12.7241
32.4399 25.29 11.3921
32.7019 22.239 9.05705
36.2629 20.987 8.31605
36.7669 18.303 5.60405
40.1869 16.608 6.11205
41.7199 15.592 2.70905

45.1089 14.092 1.68705
46.8099 14.611 -1.74195
47.9159 11.246 -3.26595
44.8929 9.27098 -1.84795
41.2209 8.27098 -2.47395

40.2089 11.855 -1.39495
41.5279 13.199 -4.77895
38.7479 11.191 -6.58895
36.0489 11.268 -3.85495
36.0129 15.082 -3.43495
35.2019 15.924 -7.14895
32.6169 13.037 -7.09895
30.9079 14.474 -3.95495
30.9209 17.987 -5.57195
29.2279 16.904 -8.85395
26.6269 14.979 -6.73895
25.7849 18.114 -4.61995
25.4249 20.106 -7.89195
22.9519 17.461 -9.25695
21.0299 17.727 -5.92495
21.0449 21.591 -6.08895
19.8179 21.675 -9.75895

16.9449 19.353 -8.64195
16.1449 21.895 -5.79695
17.2209 19.294 -3.15295
20.2409 21.201 -1.67695
21.4159 24.816 -1.10495
24.8739 23.377 -0.369946
27.3479 24.513 -3.01495
30.7879 22.841 -2.54195
32.6729 24.647 -5.43095

33.6789 27.736 -3.34895
35.7269 25.547 -0.905946
38.0739 24.23 -3.68495
38.9249 27.627 -5.24395

40.1899 28.586 -1.71395
42.6749 25.613 -1.29095

End chain 1
