-13.201 -6.296 -53.957
-10.703 -3.406 -53.291
-9.54 -3.087 -49.639
-11.02 0.322 -48.639
-8.614 1.85 -46.053
-10.787 3.126 -43.162

-9.634 6.195 -41.181
-10.061 4.9 -37.589
-10.286 6.838 -34.306
-12.195 7.103 -30.979
-14.163 9.439 -28.711
-12.619 10.223 -25.263
-14.157 12.207 -22.344

-11.943 15.248 -21.466
-14.301 16.978 -18.949
-17.827 16.65 -17.399
-19.139 18.761 -20.353

-16.752 17.96 -23.312
-15.482 14.956 -25.281
-12.62 14.751 -27.824
-12.437 12.939 -31.204
-8.982 11.264 -31.393
-8.672 10.357 -35.1

-6.282 10.744 -38.079
-6.98 13.557 -40.6
-9.895 13.022 -43.051

-11.208 15.853 -45.293
-14.92 14.856 -45.011
-14.611 14.37 -41.226
-13.015 17.857 -40.827
-15.875 19.254 -42.999
-18.403 17.482 -40.669
-16.559 18.759 -37.515
-16.844 22.341 -38.957

-20.697 21.797 -39.029
-20.861 21.033 -35.24
-22.116 23.933 -33.104
-20.016 23.255 -29.939
-16.791 22.621 -31.971

-13.393 23.436 -30.391
-10.011 22.816 -32.063
-6.805 22.812 -29.99

-3.883 23.919 -32.209
-1.328 22.314 -29.773
-2.753 18.736 -29.691
-4.334 19.137 -33.217

-7.578 17.622 -31.79
-11.313 18.386 -31.995
-13.683 18.544 -28.991
-17.466 19.001 -28.65
-20.131 19.402 -25.91

-21.257 16.038 -24.476
-24.923 16.743 -25.497
-23.731 16.722 -29.178
-22.178 13.179 -28.839
-25.228 11.354 -30.322
-25.57 14.044 -33.093
-21.852 13.682 -34.021
-21.815 9.829 -34.037
-25.045 9.774 -36.128
-23.507 12.176 -38.75
-20.093 10.348 -38.803

-21.793 6.948 -39.527
-22.962 8.546 -42.834
-19.328 9.196 -43.991
-17.677 6.563 -46.261
-14.251 5.2 -45.121

-14.46 6.789 -41.562
-14.765 4.819 -38.279
-15.142 6.964 -35.114
-15.663 4.659 -32.101

-18.218 6.249 -29.657
-17.862 6.903 -25.912
-18.35 3.469 -24.195
-21.794 2.549 -22.772
-20.235 2.829 -19.255
-19.534 6.58 -19.812
-22.964 7.196 -21.431
-24.623 5.531 -18.378
-22.42 7.523 -15.909

-23.028 10.919 -17.654
-26.668 10.153 -18.714
-27.851 13.482 -17.123

-25.214 15.594 -18.963
-26 13.8 -22.296
-29.631 15.147 -21.909

-29.014 18.802 -20.797
-28.522 21.656 -23.337
-27.494 23.803 -20.296
-24.374 24.206 -18.108
-26.03 23.63 -14.722
-23.195 22.587 -12.38
-23.731 19.355 -10.334

-27.219 19.392 -8.694
-26.798 20.208 -4.988
-26.578 17.032 -2.906
-29.814 16.999 -0.82
-29.276 16.946 2.956
-30.305 13.551 4.343

-32.727 13.25 7.268
-30.389 11.851 9.975
-33.077 12.019 12.787
-33.159 8.159 12.923
-29.32 8.149 13.454
-27.82 8.306 16.969

-27.52 12.074 17.913
-23.991 11.509 19.371
-22.796 10.469 15.867
-24.731 13.185 13.93
-23.402 16.008 16.22
-19.738 14.82 15.861

-19.687 14.822 11.995
-17.445 17.587 10.586

-19.106 19.692 7.763
-17.231 17.783 4.996
-18.064 14.402 6.666
-21.796 15.407 6.677
-21.562 16.318 2.947
-19.943 12.855 2.346
-22.788 11.075 4.244
-25.363 13.084 2.191
-23.555 12.165 -1.104
-23.43 8.459 -0.115
-27.196 8.491 0.728
-28.024 10.343 -2.565

-25.973 7.645 -4.472
-28.214 5.048 -2.67
-25.512 3.7 -0.27

-23.352 2.353 -3.174
-19.956 4.118 -3.237
-16.209 4.012 -2.721
-15.295 6.541 0.021

-11.694 7.195 -1.128

-11.135 10.189 1.225
-7.504 10.605 2.377

-6.048 8.715 5.398
-7.361 9.956 8.784
-10.233 12.169 7.374
-12.706 9.981 9.408

-13.844 7.354 6.831
-15.012 5.081 9.734
-17.363 7.714 11.316
-18.876 8.506 7.854
-19.282 4.738 7.09
-21.02 4.042 10.461
-23.415 6.996 9.798
-24.247 5.855 6.195
-24.846 2.277 7.463
-26.955 3.52 10.461
-29.227 5.531 8.078

-29.9 2.058 6.507

-30.384 0.293 9.981
-33.886 -0.857 8.77
-32.05 -2.956 6.062
-29.626 -4.868 8.41
-27.981 -7.413 9.17

-24.774 -5.448 8.488
-21.551 -7.137 7.269
-18.235 -5.328 7.997
-15.132 -6.739 6.223
-11.829 -5.357 7.603

-8.05 -6.016 7.986
-7.416 -8.82 10.567
-5.856 -6.305 13.093
-8.689 -3.64 13.199

-11.758 -5.868 14.003
-11.895 -4.753 17.675
-11.154 -1.102 16.63
-14.365 -1.304 14.506
-16.414 -2.897 17.375
-15.268 -0.08 19.729
-16.109 2.476 16.969
-19.722 1.111 16.76
-20.082 1.14 20.611
-18.596 4.7 20.723
-20.823 6.195 17.978

-24.121 4.191 18.24
-24.851 3.95 22.056
-28.388 2.791 20.948
-26.764 -0.701 20.406
-26.03 -3.285 23.117

-22.632 -5.104 22.857
-24.638 -8.32 22.08
-25.78 -6.667 18.791

-22.091 -6.816 17.576
-20.505 -10.124 16.488
-16.681 -10.041 16.081

-15.702 -13.116 14.035
-12.316 -14.303 15.372
-12.201 -17.837 13.813
-13.405 -19.799 10.735
-15.769 -21.82 13.07
-17.788 -18.808 14.317
-21.352 -17.917 13.159
-21.075 -14.973 10.701
-24.816 -14.102 11.273
-24.919 -14.166 15.127
-25.108 -10.332 15.536
-27.08 -7.466 13.995

-23.588 -6.14 13.038
-21.065 -8.833 11.965
-17.336 -7.898 11.803
-15.009 -10.302 9.887
-11.529 -10.295 8.291

-10.658 -10.74 4.577
-8.757 -14.009 5.375
-11.833 -15.546 7.113
-14.3 -14.769 4.222

-11.5958 -17.027 2.5853
-8.3907 -15.5733 1.36792
-7.58297 -13.5897 4.44557
-6.98685 -16.6523 6.49205
-6.93781 -20.2604 7.88585
-8.89795 -22.3853 10.3187
-11.1673 -23.9555 7.78933
-13.6773 -25.7898 10.0225
-16.6174 -25.1808 12.2496
-19.2448 -25.1592 15.0881
-21.8356 -26.0628 12.3311
-20.2717 -28.8887 10.3057

-22.184 -32.1328 10.867
-23.2505 -35.7678 10.7293
-24.2767 -39.4638 10.6649
-25.7624 -40.9248 7.60277

-22.9074 -39.0518 9.30177
-19.5864 -38.6798 7.39377

-21.3114 -40.1668 4.27377
-18.0104 -40.0218 2.27477
-17.4974 -43.5568 3.78677
-20.0194 -44.6808 1.06677

-17.8034 -43.2508 -1.81123
-17.1064 -46.7238 -3.36823
-20.1584 -48.7978 -4.49323
-18.2394 -52.1628 -4.39523
-17.6314 -51.9308 -0.59623

-19.7964 -54.0838 1.73477
-20.8134 -50.9368 3.75577
-22.0774 -49.2238 0.54977
-23.8314 -52.4078 -0.76323
-25.7064 -52.7198 2.59477
-26.5584 -48.9518 2.91077
-27.7104 -48.1678 -0.68223
-30.9454 -50.3378 -0.76023
-32.2064 -48.6008 2.44377
-31.2494 -45.0868 1.17877
-33.1384 -45.6408 -2.14323
-36.3934 -46.7418 -0.33323

-36.3174 -44.4588 2.77777
-38.6174 -41.3568 2.53877

-36.0714 -38.9308 4.13877
-32.2644 -39.1618 3.61377
-30.0144 -36.7378 5.53277
-26.3904 -37.2718 4.41977
-23.6724 -35.3358 6.33077

-19.9844 -34.7498 5.42377
-17.2434 -32.1028 5.81577
-15.5354 -33.5138 2.70577
-18.2474 -35.0368 0.41077
-15.5084 -35.8358 -2.10223
-12.0894 -36.7708 -0.63423
-10.0664 -36.5418 -3.91323
-12.2054 -36.9998 -7.12123

-15.7314 -36.4028 -8.64123
-16.3904 -40.2108 -8.85823
-16.6474 -40.3328 -4.98023
-19.8644 -38.1848 -5.13623
-21.8734 -40.6608 -7.28523
-23.1494 -42.8408 -4.37123
-24.2264 -39.7068 -2.40023
-25.9834 -38.2208 -5.51523
-28.0044 -41.4528 -6.13323
-28.7904 -41.7408 -2.37123
-30.3494 -38.1978 -2.35323

-31.8524 -38.4688 -5.92923
-32.2374 -42.1848 -7.01423
-33.4174 -41.0658 -10.5372
-30.1804 -39.1048 -11.2652
-27.5824 -41.0508 -13.3492
-29.1454 -44.5998 -12.9862
-25.8214 -46.0318 -14.3282

-22.3464 -44.8338 -13.1862
-20.9644 -44.8368 -16.7892
-23.1114 -41.7818 -17.7872
-21.8104 -39.8458 -14.7162
-18.2104 -41.0138 -15.4252
-18.2734 -39.9768 -19.1412
-19.4834 -36.4488 -18.1872
-17.6484 -35.6348 -14.8992

-14.7554 -38.1658 -14.5212
-13.0964 -37.6828 -17.9992
-13.7444 -41.3918 -18.6152

-11.1674 -43.0388 -20.9462
-11.4164 -46.3868 -22.7882
-8.13635 -48.2298 -22.0312

-7.14035 -51.7118 -23.4592
-8.19035 -53.2788 -20.0722

-11.5464 -51.3858 -19.6652
-12.7104 -47.9028 -18.5712
-10.6204 -45.4778 -16.4892

-12.6314 -43.0068 -14.2952
-9.70035 -41.3908 -12.3362
-10.0314 -38.0638 -14.2292
-12.2504 -34.9768 -13.8832
-14.3784 -32.9168 -16.3222
-17.1334 -30.2218 -16.4002

-16.6734 -29.5048 -12.6252
-18.5044 -26.1068 -12.7242
-21.6044 -27.8828 -14.1812
-21.2794 -30.5968 -11.4772
-21.0984 -27.8288 -8.78423
-24.3064 -26.1908 -10.1532
-26.1394 -29.5858 -10.2622
-25.0274 -30.4088 -6.67523
-26.0864 -27.0108 -5.18823
-29.4884 -26.9608 -7.00123
-30.6654 -30.5698 -6.46623

-28.4344 -32.5718 -4.00023

-26.3014 -30.5138 -1.61623
-26.3594 -27.6198 0.85477

-22.7564 -26.3778 1.38777
-21.4494 -23.3768 3.37677
-17.8744 -22.5418 4.35077

-16.3484 -21.0578 7.57877
-15.7374 -17.8538 5.55677
-19.4924 -17.6048 4.65677
-20.9324 -17.9748 8.21677

-18.1214 -17.4798 10.8388
-16.1604 -14.2448 10.0078
-14.7464 -14.4818 13.6078
-12.7414 -17.7498 13.1918

-8.94235 -17.0558 13.1768
-7.18935 -17.7898 9.85277

-5.53335 -21.1598 9.10977
-1.91735 -20.3118 8.13177
-0.380352 -23.2018 6.12977
3.29865 -23.6998 5.18277
5.66065 -26.3088 3.78077
8.70165 -27.0038 6.02177
11.5206 -28.5578 3.96677

13.3006 -30.7588 6.55777
17.0156 -30.9398 5.74777

17.9996 -34.1708 3.82477
21.6146 -33.6998 5.15277
20.5766 -35.8918 8.17477

19.5356 -38.6808 5.68977
22.6736 -40.8618 5.75577

24.1796 -42.1348 2.45777
22.8676 -45.7528 2.99877
19.2456 -44.5548 3.54977
19.5226 -42.2248 0.48877
20.9516 -45.0698 -1.66323
18.0136 -47.2868 -0.47823
15.4676 -44.5518 -1.47623
17.2646 -44.1538 -4.86623
17.1776 -47.9798 -5.29723
13.4046 -48.2888 -4.54923
12.7166 -45.2368 -6.81723
14.6716 -46.9128 -9.70423
12.8976 -50.2258 -8.91323
9.40065 -48.6738 -9.49723
10.4916 -47.3428 -12.9682

11.9716 -50.6728 -14.2202
10.1416 -51.7708 -17.4252
10.2826 -55.5508 -16.8902
8.41165 -55.7118 -13.5052
4.83865 -56.9398 -12.9982

2.04265 -54.5528 -11.8442
2.36165 -56.2148 -8.38123
6.18365 -55.7558 -8.09223
5.63265 -52.0538 -9.06323
3.04365 -51.7008 -6.18823
5.41165 -53.5208 -3.75123
8.36065 -51.2288 -4.70823
6.00965 -48.1908 -4.25223
4.99465 -49.3928 -0.72823
8.70965 -49.9738 0.0787698
9.67965 -46.4528 -1.19323
6.85265 -44.9138 0.92177
7.80765 -46.8628 4.11977
11.5406 -45.9458 3.55277
10.4906 -42.2558 3.19277
8.83965 -42.4448 6.65277
11.9996 -44.0258 8.22177
14.2996 -41.4648 6.49377
12.3006 -38.4908 7.93977
12.2476 -39.6868 11.6378
15.5346 -37.9338 12.7748
14.5976 -34.5008 11.3028
10.9126 -34.8558 12.3428
12.2536 -35.4038 15.9138
14.7256 -32.4608 15.5268
11.7986 -30.2098 14.4438
9.48665 -31.3618 17.3338
12.2916 -30.5938 19.8448
12.9456 -27.1438 18.2198
9.19665 -26.3468 18.6958
9.32365 -27.3578 22.4208
12.6486 -25.4928 23.0108

10.9906 -22.4138 21.3278
8.51065 -22.4288 24.3018
5.34165 -23.7258 22.5108
2.64765 -24.6788 25.0388
0.394648 -27.0278 22.9148

0.613648 -28.6228 19.4338
-0.554352 -31.6988 17.4628
1.81565 -34.0608 15.5878
0.229648 -36.1278 12.7838
1.85065 -39.2828 11.3128

0.468648 -42.5838 9.83577
3.34665 -45.1278 9.89077

3.47765 -46.8118 13.3438
7.34065 -46.6098 13.4018
7.11065 -42.7528 13.1598
4.50765 -42.5678 16.0038
6.66865 -45.0028 18.0898
9.93365 -43.0208 17.5358
8.25665 -39.6418 18.3818
6.70365 -41.0708 21.6208
10.0396 -42.7038 22.6508
11.9816 -39.4008 22.2308
9.29565 -37.3878 24.1388
9.51365 -39.9788 27.0038
13.3756 -39.7548 26.8888

13.0876 -35.8998 27.1448
10.4196 -36.3318 29.9458
7.84165 -34.3718 27.8438
4.23765 -35.0588 28.9128

2.23465 -36.0498 25.8018
-0.850352 -38.0178 24.6358
-0.928352 -40.7348 21.9198
-3.93035 -41.8358 19.7758

-3.66435 -44.5578 17.0778
-5.49735 -47.6538 15.6638
-4.91935 -49.5708 18.9728
-6.35335 -46.8218 21.2888
-9.86635 -47.8268 22.4778
-13.0294 -45.7308 21.8218
-13.4024 -44.6228 25.5098

-9.64435 -43.9808 26.0968
-9.65335 -41.7558 22.9298
-12.2144 -39.4238 24.5938
-10.3654 -39.4788 27.9778
-6.92935 -38.6908 26.3698
-8.67035 -35.9218 24.3468
-10.0044 -34.4338 27.6468
-6.52735 -34.8168 29.2998
-4.87935 -32.8008 26.4318
-7.72735 -30.2008 26.4818
-7.80135 -29.6368 30.2928

-4.16835 -30.2998 31.4268
-1.58435 -27.5178 30.7408
1.21865 -30.1458 31.1908
0.407648 -32.1498 28.0128
2.37665 -30.1688 25.3918

2.23465 -32.6928 22.4788
-0.525352 -34.8638 20.9998
0.936648 -37.7258 18.8698
-1.91935 -38.6358 16.4968
-2.49335 -41.1638 13.7088

-3.80535 -39.2678 10.6078
-6.23435 -42.1778 9.89877
-7.29735 -43.0268 13.4958
-7.78435 -39.4328 14.8628
-9.50635 -37.9038 11.7298
-12.9674 -38.3778 13.4178
-14.9654 -37.4218 16.5688
-12.1984 -35.6558 18.5638
-11.7494 -31.8838 19.2488
-8.29635 -30.3408 19.9578
-9.13335 -26.6058 20.4038
-6.42335 -26.2738 23.1568
-3.63935 -26.3388 20.4838
-2.75535 -23.5338 17.9868

-0.308352 -25.6108 15.8448
-0.617352 -28.7748 13.7028
2.54965 -30.5418 12.4178
2.17265 -33.1748 9.67377

5.33265 -35.2978 10.1178
4.12365 -37.3178 7.08677
2.11265 -36.5148 3.93877
-1.08035 -38.4798 3.14277
-2.16635 -39.0338 -0.52423
-5.81235 -38.0618 0.22077

-6.35235 -34.2848 0.86877
-9.82535 -34.8328 2.43177
-8.12435 -36.6998 5.35177
-5.50535 -33.9038 5.76677
-8.34235 -31.2758 5.92077
-10.2224 -33.5158 8.45577
-7.04435 -33.5228 10.6358
-6.57035 -29.6718 10.4038

-10.2684 -29.1968 11.4218
-9.59435 -31.0438 14.7058
-7.97335 -27.7638 15.9708
-9.90535 -25.2418 13.8258
-13.2894 -25.7348 15.6498
-15.8294 -23.5608 17.5328
-13.9054 -22.6188 20.7298
-10.5974 -21.8468 18.9078
-9.36835 -18.2468 19.6218
-5.84635 -18.3158 18.0088
-4.74335 -18.3528 14.3228

-4.12135 -22.0338 13.4998
-0.631352 -22.8548 12.1678
-0.369352 -25.9058 9.83277
3.19165 -27.1578 9.09177
3.69565 -29.8418 6.37977
7.11565 -31.5368 6.88777
8.64865 -32.5528 3.48477

12.0376 -34.0528 2.46277
13.7386 -33.5338 -0.96623
14.8446 -36.8988 -2.49023
11.8216 -38.8738 -1.07223
8.14965 -39.8738 -1.69823

7.13765 -36.2898 -0.61923
8.45665 -34.9458 -4.00323
5.67665 -36.9538 -5.81323
2.97765 -36.8768 -3.07923
2.94165 -33.0628 -2.65923
2.13065 -32.2208 -6.37323
-0.454352 -35.1078 -6.32323
-2.16335 -33.6708 -3.17923
-2.15035 -30.1578 -4.79623
-3.84335 -31.2408 -8.07823
-6.44435 -33.1658 -5.96323
-7.28635 -30.0308 -3.84423
-7.64635 -28.0388 -7.11623
-10.1194 -30.6838 -8.48123
-12.0414 -30.4178 -5.14923
-12.0264 -26.5538 -5.31323
-13.2534 -26.4698 -8.98323

-16.1264 -28.7918 -7.86623
-16.9264 -26.2498 -5.02123
-15.8504 -28.8508 -2.37723
-12.8304 -26.9438 -0.90123
-11.6554 -23.3288 -0.32923
-8.19735 -24.7678 0.40577
-5.72335 -23.6318 -2.23923
-2.28335 -25.3038 -1.76623
-0.398352 -23.4978 -4.65523

0.607648 -20.4088 -2.57323
2.65565 -22.5978 -0.13023
5.00265 -23.9148 -2.90923
5.85365 -20.5178 -4.46823

7.11865 -19.5588 -0.93823
9.60365 -22.5318 -0.51523

End chain 1
