-13.201 -6.296 -53.957
-10.703 -3.406 -53.291
-9.54 -3.087 -49.639
-11.02 0.322 -48.639
-8.614 1.85 -46.053
-10.787 3.126 -43.162

-9.634 6.195 -41.181
-10.061 4.9 -37.589
-10.286 6.838 -34.306
-12.195 7.103 -30.979
-14.163 9.439 -28.711
-12.619 10.223 -25.263
-14.157 12.207 -22.344

-11.943 15.248 -21.466
-14.301 16.978 -18.949
-17.827 16.65 -17.399
-19.139 18.761 -20.353

-16.752 17.96 -23.312
-15.482 14.956 -25.281
-12.62 14.751 -27.824
-12.437 12.939 -31.204
-8.982 11.264 -31.393
-8.672 10.357 -35.1

-6.282 10.744 -38.079
-6.98 13.557 -40.6
-9.895 13.022 -43.051

-11.208 15.853 -45.293
-14.92 14.856 -45.011
-14.611 14.37 -41.226
-13.015 17.857 -40.827
-15.875 19.254 -42.999
-18.403 17.482 -40.669
-16.559 18.759 -37.515
-16.844 22.341 -38.957

-20.697 21.797 -39.029
-20.861 21.033 -35.24
-22.116 23.933 -33.104
-20.016 23.255 -29.939
-16.791 22.621 -31.971

-13.393 23.436 -30.391
-10.011 22.816 -32.063
-6.805 22.812 -29.99

-3.883 23.919 -32.209
-1.328 22.314 -29.773
-2.753 18.736 -29.691
-4.334 19.137 -33.217

-7.578 17.622 -31.79
-11.313 18.386 -31.995
-13.683 18.544 -28.991
-17.466 19.001 -28.65
-20.131 19.402 -25.91

-21.257 16.038 -24.476
-24.923 16.743 -25.497
-23.731 16.722 -29.178
-22.178 13.179 -28.839
-25.228 11.354 -30.322
-25.57 14.044 -33.093
-21.852 13.682 -34.021
-21.815 9.829 -34.037
-25.045 9.774 -36.128
-23.507 12.176 -38.75
-20.093 10.348 -38.803

-21.793 6.948 -39.527
-22.962 8.546 -42.834
-19.328 9.196 -43.991
-17.677 6.563 -46.261
-14.251 5.2 -45.121

-14.46 6.789 -41.562
-14.765 4.819 -38.279
-15.142 6.964 -35.114
-15.663 4.659 -32.101

-18.218 6.249 -29.657
-17.862 6.903 -25.912
-18.35 3.469 -24.195
-21.794 2.549 -22.772
-20.235 2.829 -19.255
-19.534 6.58 -19.812
-22.964 7.196 -21.431
-24.623 5.531 -18.378
-22.42 7.523 -15.909

-23.028 10.919 -17.654
-26.668 10.153 -18.714
-27.851 13.482 -17.123

-25.214 15.594 -18.963
-26 13.8 -22.296
-29.631 15.147 -21.909

-29.014 18.802 -20.797
-28.522 21.656 -23.337
-27.494 23.803 -20.296
-24.374 24.206 -18.108
-26.03 23.63 -14.722
-23.195 22.587 -12.38
-23.731 19.355 -10.334

-27.219 19.392 -8.694
-26.798 20.208 -4.988
-26.578 17.032 -2.906
-29.814 16.999 -0.82
-29.276 16.946 2.956
-30.305 13.551 4.343

-32.727 13.25 7.268
-30.389 11.851 9.975
-33.077 12.019 12.787
-33.159 8.159 12.923
-29.32 8.149 13.454
-27.82 8.306 16.969

-27.52 12.074 17.913
-23.991 11.509 19.371
-22.796 10.469 15.867
-24.731 13.185 13.93
-23.402 16.008 16.22
-19.738 14.82 15.861

-19.9306 16.0083 12.2534
-21.8292 19.0771 13.3529

-20.0357 19.7622 16.6327
-20.4957 16.1587 17.7488
-19.1053 14.8605 14.4588
-16.056 17.1101 14.7483
-15.3902 15.9144 18.2937
-15.6174 12.2779 17.2133
-13.1741 12.8711 14.3635
-10.696 14.546 16.708
-10.8995 11.6435 19.1528
-10.2762 9.13031 16.3711
-7.23692 11.0693 15.1685
-5.80081 11.1884 18.6851

-3.74981 8.49039 16.7781
-5.99081 5.89339 18.5801
-3.28881 4.54539 20.9801

-1.12881 3.19839 18.0761
2.26719 4.96339 18.0131
6.01419 4.85739 18.5291
6.92819 7.38639 21.2711

10.5292 8.04039 20.1221

11.0882 11.0344 22.4751
14.7192 11.4504 23.6271

16.1752 9.56039 26.6481
14.8622 10.8014 30.0341
11.9902 13.0144 28.6241
9.51719 10.8264 30.6581

8.37919 8.19939 28.0811
7.21119 5.92639 30.9841
4.86019 8.55939 32.5661
3.34719 9.35139 29.1041
2.94119 5.58339 28.3401
1.20319 4.88739 31.7111
-1.19181 7.84139 31.0481
-2.02381 6.70039 27.4451
-2.62281 3.12239 28.7131
-4.73181 4.36539 31.7111
-7.00381 6.37639 29.3281

-7.67681 2.90339 27.7571

-8.16081 1.13839 31.2311
-11.6628 -0.0116067 30.0201
-9.82681 -2.11061 27.3121
-7.40281 -4.02261 29.6601
-5.75781 -6.56761 30.4201

-2.55081 -4.60261 29.7381
0.672189 -6.29161 28.5191
3.98819 -4.48261 29.2471
7.09119 -5.89361 27.4731
10.3942 -4.51161 28.8531

14.1732 -5.17061 29.2361
14.8072 -7.97461 31.8171
16.3672 -5.45961 34.3431
13.5342 -2.79461 34.4491

10.4652 -5.02261 35.2531
10.3282 -3.90761 38.9251
11.0692 -0.256607 37.8801
7.85819 -0.458607 35.7561
5.80919 -2.05161 38.6251
6.95519 0.765393 40.9791
6.11419 3.32139 38.2191
2.50119 1.95639 38.0101
2.14119 1.98539 41.8611
3.62719 5.54539 41.9731
1.40019 7.04039 39.2281

-1.89781 5.03639 39.4901
-2.62781 4.79539 43.3061
-6.16481 3.63639 42.1981
-4.54081 0.144393 41.6561
-3.80681 -2.43961 44.3671

-0.408811 -4.25861 44.1071
-2.41481 -7.47461 43.3301
-3.55681 -5.82161 40.0411

0.132189 -5.97061 38.8261
1.71819 -9.27861 37.7381
5.54219 -9.19561 37.3311

6.52119 -12.2706 35.2851
9.90719 -13.4576 36.6221
10.0222 -16.9916 35.0631
8.81819 -18.9536 31.9851
6.45419 -20.9746 34.3201
4.43519 -17.9626 35.5671
0.871189 -17.0716 34.4091
1.14819 -14.1276 31.9511
-2.59281 -13.2566 32.5231
-2.69581 -13.3206 36.3771
-2.88481 -9.48661 36.7861
-4.85681 -6.62061 35.2451

-1.36481 -5.29461 34.2881
1.15819 -7.98761 33.2151
4.88719 -7.05261 33.0531
7.21419 -9.45661 31.1371
10.6942 -9.44961 29.5411

11.5652 -9.89461 25.8271
13.4662 -13.1636 26.6251
10.3902 -14.7006 28.3631
7.92319 -13.9236 25.4721

9.29719 -16.8696 23.3901
8.93619 -19.2276 26.4331
5.38019 -17.8946 27.0951
4.20919 -17.9696 23.3891
1.49219 -20.5696 24.2941
-0.0198107 -17.9906 26.7621
0.268189 -15.0486 24.2391
-2.84781 -16.5876 22.5281
-4.96481 -14.6056 25.0751
-5.87081 -11.2916 23.3021
-4.14381 -8.38961 25.0921
-6.01281 -5.36961 23.6101

-3.48081 -2.83161 25.0421
0.287189 -3.45261 24.6791
3.21619 -1.29961 25.8521
6.70619 -2.26461 24.6101

9.56119 -0.391607 26.3091
12.8822 -0.0196067 24.4011

11.1572 -1.50661 21.2811
14.4582 -1.36161 19.2821
14.9712 -4.89661 20.7941
12.4492 -6.02061 18.0741

14.6652 -4.59061 15.1961
15.3622 -8.06361 13.6391
12.3102 -10.1376 12.5141
14.2292 -13.5026 12.6121
14.8372 -13.2706 16.4111

12.6722 -15.4236 18.7421
11.6552 -12.2766 20.7631
10.3912 -10.5636 17.5571
8.63719 -13.7476 16.2441
6.76219 -14.0596 19.6021
5.91019 -10.2916 19.9181
4.75819 -9.50761 16.3251
1.52319 -11.6776 16.2471
0.262189 -9.94061 19.4511
1.21919 -6.42661 18.1861
-0.669811 -6.98061 14.8641
-3.92481 -8.08161 16.6741

-3.84881 -5.79861 19.7851
-6.14881 -2.69661 19.5461

-3.60281 -0.270607 21.1461
0.204189 -0.501607 20.6211
2.45419 1.92239 22.5401
6.07819 1.38839 21.4271
8.79619 3.32439 23.3381

12.4842 3.91039 22.4311
15.2252 6.55739 22.8231
16.9332 5.14639 19.7131
14.2212 3.62339 17.4181
16.9602 2.82439 14.9051
20.3792 1.88939 16.3731
22.4022 2.11839 13.0941
20.2632 1.66039 9.88606

16.7372 2.25739 8.36606
16.0782 -1.55061 8.14906
15.8212 -1.67261 12.0271
12.6042 0.475393 11.8711
10.5952 -2.00061 9.72206
9.31919 -4.18061 12.6361
8.24219 -1.04661 14.6071
6.48519 0.439393 11.4921
4.46419 -2.79261 10.8741
3.67819 -3.08061 14.6361
2.11919 0.462393 14.6541

0.616189 0.191393 11.0781
0.231189 -3.52461 9.99306
-0.948811 -2.40561 6.47006
2.28819 -0.444607 5.74206
4.88619 -2.39061 3.65806
3.32319 -5.93961 4.02106
6.64719 -7.37161 2.67906

10.1222 -6.17361 3.82106
11.5042 -6.17661 0.218062
9.35719 -3.12161 -0.779938
10.6582 -1.18561 2.29106
14.2582 -2.35361 1.58206
14.1952 -1.31661 -2.13394
12.9852 2.21139 -1.17994
14.8202 3.02539 2.10806

17.7132 0.494393 2.48606
19.3722 0.977393 -0.991938
18.7242 -2.73161 -1.60794

21.3012 -4.37861 -3.93894
21.0522 -7.72661 -5.78094
24.3322 -9.56961 -5.02394

25.3282 -13.0516 -6.45194
24.2782 -14.6186 -3.06494

20.9222 -12.7256 -2.65794
19.7582 -9.24261 -1.56394
21.8482 -6.81761 0.518062

19.8372 -4.34661 2.71206
22.7682 -2.73061 4.67106
22.4372 0.596393 2.77806
20.2182 3.68339 3.12406
18.0902 5.74339 0.685062
15.3352 8.43839 0.607062

15.7952 9.15539 4.38206
13.9642 12.5534 4.28306
10.8642 10.7774 2.82606
11.1892 8.06339 5.53006
11.3702 10.8314 8.22306
8.16219 12.4694 6.85406
6.32919 9.07439 6.74506
7.44119 8.25139 10.3321
6.38219 11.6494 11.8191
2.98019 11.6994 10.0061
1.80319 8.09039 10.5411

4.03419 6.08839 13.0071

6.16719 8.14639 15.3911
6.10919 11.0404 17.8621

9.71219 12.2824 18.3951
11.0192 15.2834 20.3841
14.5942 16.1184 21.3581

16.1202 17.6024 24.5861
16.7312 20.8064 22.5641
12.9762 21.0554 21.6641
11.5362 20.6854 25.2241

14.3472 21.1804 27.8461
16.3082 24.4154 27.0151
17.7222 24.1784 30.6151
19.7272 20.9104 30.1991

23.5262 21.6044 30.1841
25.2792 20.8704 26.8601

26.9352 17.5004 26.1171
30.5512 18.3484 25.1391
32.0882 15.4584 23.1371
35.7672 14.9604 22.1901
38.1292 12.3514 20.7881
41.1702 11.6564 23.0291
43.9892 10.1024 20.9741

45.7692 7.90139 23.5651
49.4842 7.72039 22.7551

50.4682 4.48939 20.8321
54.0832 4.96039 22.1601
53.0452 2.76839 25.1821

52.0042 -0.0206067 22.6971
55.1422 -2.20161 22.7631

56.6482 -3.47461 19.4651
55.3362 -7.09261 20.0061
51.7142 -5.89461 20.5571
51.9912 -3.56461 17.4961
53.4202 -6.40961 15.3441
50.4822 -8.62661 16.5291
47.9362 -5.89161 15.5311
49.7332 -5.49361 12.1411
49.6462 -9.31961 11.7101
45.8732 -9.62861 12.4581
45.1852 -6.57661 10.1901
47.1402 -8.25261 7.30306
45.3662 -11.5656 8.09406
41.8692 -10.0136 7.51006
42.9602 -8.68261 4.03906

44.4402 -12.0126 2.78706
42.6102 -13.1106 -0.417938
42.7512 -16.8906 0.117062
40.8802 -17.0516 3.50206
37.3072 -18.2796 4.00906

34.5112 -15.8926 5.16306
34.8302 -17.5546 8.62606
38.6522 -17.0956 8.91506
38.1012 -13.3936 7.94406
35.5122 -13.0406 10.8191
37.8802 -14.8606 13.2561
40.8292 -12.5686 12.2991
38.4782 -9.53061 12.7551
37.4632 -10.7326 16.2791
41.1782 -11.3136 17.0861
42.1482 -7.79261 15.8141
39.3212 -6.25361 17.9291
40.2762 -8.20261 21.1271
44.0092 -7.28561 20.5601
42.9592 -3.59561 20.2001
41.3082 -3.78461 23.6601
44.4682 -5.36561 25.2291
46.7682 -2.80461 23.5011
44.7692 0.169393 24.9471
44.7162 -1.02661 28.6451
48.0032 0.726393 29.7821
47.0662 4.15939 28.3101
43.3812 3.80439 29.3501
44.7222 3.25639 32.9211
47.1942 6.19939 32.5341
44.2672 8.45039 31.4511
41.9552 7.29839 34.3411
44.7602 8.06639 36.8521
45.4142 11.5164 35.2271
41.6652 12.3134 35.7031
41.7922 11.3024 39.4281
45.1172 13.1674 40.0181

43.4592 16.2464 38.3351
40.9792 16.2314 41.3091
37.8102 14.9344 39.5181
35.1162 13.9814 42.0461
32.8632 11.6324 39.9221

33.0822 10.0374 36.4411
31.9142 6.96139 34.4701
34.2842 4.59939 32.5951
32.6982 2.53239 29.7911
34.3192 -0.622607 28.3201

32.9372 -3.92361 26.8431
35.8152 -6.46761 26.8981

35.9462 -8.15161 30.3511
39.8092 -7.94961 30.4091
39.5792 -4.09261 30.1671
36.9762 -3.90761 33.0111
39.1372 -6.34261 35.0971
42.4022 -4.36061 34.5431
40.7252 -0.981607 35.3891
39.1722 -2.41061 38.6281
42.5082 -4.04361 39.6581
44.4502 -0.740607 39.2381
41.7642 1.27239 41.1461
41.9822 -1.31861 44.0111
45.8442 -1.09461 43.8961

45.5562 2.76039 44.1521
42.8882 2.32839 46.9531
40.3102 4.28839 44.8511
36.7062 3.60139 45.9201

34.7032 2.61039 42.8091
31.6182 0.642393 41.6431
31.5402 -2.07461 38.9271
28.5382 -3.17561 36.7831

28.8042 -5.89761 34.0851
26.9712 -8.99361 32.6711
27.5492 -10.9106 35.9801
26.1152 -8.16161 38.2961
22.6022 -9.16661 39.4851
19.4392 -7.07061 38.8291
19.0662 -5.96261 42.5171

22.8242 -5.32061 43.1041
22.8152 -3.09561 39.9371
20.2542 -0.763607 41.6011
22.1032 -0.818607 44.9851
25.5392 -0.0306067 43.3771
23.7982 2.73839 41.3541
22.4642 4.22639 44.6541
25.9412 3.84339 46.3071
27.5892 5.85939 43.4391
24.7412 8.45939 43.4891
24.6672 9.02339 47.3001

28.3002 8.36039 48.4341
30.8842 11.1424 47.7481
33.6872 8.51439 48.1981
32.8762 6.51039 45.0201
34.8452 8.49139 42.3991

34.7032 5.96739 39.4861
31.9432 3.79639 38.0071
33.4052 0.934393 35.8771
30.5492 0.0243933 33.5041
29.9752 -2.50361 30.7161

28.6632 -0.607607 27.6151
26.2342 -3.51761 26.9061
25.1712 -4.36661 30.5031
24.6842 -0.772607 31.8701
22.9622 0.756393 28.7371
19.5012 0.282393 30.4251
17.5032 1.23839 33.5761
20.2702 3.00439 35.5711
20.7192 6.77639 36.2561
24.1722 8.31939 36.9651
23.3352 12.0544 37.4111
26.0452 12.3864 40.1641
28.8292 12.3214 37.4911
29.7132 15.1264 34.9941

32.1602 13.0494 32.8521
31.8512 9.88539 30.7101
35.0182 8.11839 29.4251
34.6412 5.48539 26.6811

37.8012 3.36239 27.1251
36.5922 1.34239 24.0941
34.5812 2.14539 20.9461
31.3882 0.180393 20.1501
30.3022 -0.373607 16.4831
26.6562 0.598393 17.2281

26.1162 4.37539 17.8761
22.6432 3.82739 19.4391
24.3442 1.96039 22.3591
26.9632 4.75639 22.7741
24.1262 7.38439 22.9281
22.2462 5.14439 25.4631
25.4242 5.13739 27.6431
25.8982 8.98839 27.4111

22.2002 9.46339 28.4291
22.8742 7.61639 31.7131
24.4952 10.8964 32.9781
22.5632 13.4184 30.8331
19.1792 12.9254 32.6571
16.6392 15.0994 34.5401
18.5632 16.0414 37.7371
21.8712 16.8134 35.9151
23.1002 20.4134 36.6291
26.6222 20.3444 35.0161
27.7252 20.3074 31.3301

28.3472 16.6264 30.5071
31.8372 15.8054 29.1751
32.0992 12.7544 26.8401
35.6602 11.5024 26.0991
36.1642 8.81839 23.3871
39.5842 7.12339 23.8951
41.1172 6.10739 20.4921

44.5062 4.60739 19.4701
46.2072 5.12639 16.0411
47.3132 1.76139 14.5171
44.2902 -0.213607 15.9351
40.6182 -1.21361 15.3091

39.6062 2.37039 16.3881
40.9252 3.71439 13.0041
38.1452 1.70639 11.1941
35.4462 1.78339 13.9281
35.4102 5.59739 14.3481
34.5992 6.43939 10.6341
32.0142 3.55239 10.6841
30.3052 4.98939 13.8281
30.3182 8.50239 12.2111
28.6252 7.41939 8.92906
26.0242 5.49439 11.0441
25.1822 8.62939 13.1631
24.8222 10.6214 9.89106
22.3492 7.97639 8.52606
20.4272 8.24239 11.8581
20.4422 12.1064 11.6941
19.2152 12.1904 8.02406

16.3422 9.86839 9.14106
15.5422 12.4104 11.9861
16.6182 9.80939 14.6301
19.6382 11.7164 16.1061
20.8132 15.3314 16.6781
24.2712 13.8924 17.4131
26.7452 15.0284 14.7681
30.1852 13.3564 15.2411
32.0702 15.1624 12.3521

33.0762 18.2514 14.4341
35.1242 16.0624 16.8771
37.4712 14.7454 14.0981
38.3222 18.1424 12.5391

39.5872 19.1014 16.0691
42.0722 16.1284 16.4921

End chain 1
