-13.201 -6.296 -53.957
-10.703 -3.406 -53.291
-9.54 -3.087 -49.639
-11.02 0.322 -48.639
-8.614 1.85 -46.053
-10.787 3.126 -43.162

-9.634 6.195 -41.181
-10.061 4.9 -37.589
-10.286 6.838 -34.306
-12.195 7.103 -30.979
-14.163 9.439 -28.711
-12.619 10.223 -25.263
-14.157 12.207 -22.344

-11.943 15.248 -21.466
-14.301 16.978 -18.949
-17.827 16.65 -17.399
-19.139 18.761 -20.353

-16.752 17.96 -23.312
-15.482 14.956 -25.281
-12.62 14.751 -27.824
-12.437 12.939 -31.204
-8.982 11.264 -31.393
-8.672 10.357 -35.1

-6.282 10.744 -38.079
-6.98 13.557 -40.6
-9.895 13.022 -43.051

-11.208 15.853 -45.293
-14.92 14.856 -45.011
-14.611 14.37 -41.226
-13.015 17.857 -40.827
-15.875 19.254 -42.999
-18.403 17.482 -40.669
-16.559 18.759 -37.515
-16.844 22.341 -38.957

-20.697 21.797 -39.029
-20.861 21.033 -35.24
-22.116 23.933 -33.104
-20.016 23.255 -29.939
-16.791 22.621 -31.971

-13.393 23.436 -30.391
-10.011 22.816 -32.063
-6.805 22.812 -29.99

-3.883 23.919 -32.209
-1.328 22.314 -29.773
-2.753 18.736 -29.691
-4.334 19.137 -33.217

-7.578 17.622 -31.79
-11.313 18.386 -31.995
-13.683 18.544 -28.991
-17.466 19.001 -28.65
-20.131 19.402 -25.91

-21.257 16.038 -24.476
-24.923 16.743 -25.497
-23.731 16.722 -29.178
-22.178 13.179 -28.839
-25.228 11.354 -30.322
-25.57 14.044 -33.093
-21.852 13.682 -34.021
-21.815 9.829 -34.037
-25.045 9.774 -36.128
-23.507 12.176 -38.75
-20.093 10.348 -38.803

-21.793 6.948 -39.527
-22.962 8.546 -42.834
-19.328 9.196 -43.991
-17.677 6.563 -46.261
-14.251 5.2 -45.121

-14.46 6.789 -41.562
-14.765 4.819 -38.279
-15.142 6.964 -35.114
-15.663 4.659 -32.101

-18.218 6.249 -29.657
-17.862 6.903 -25.912
-18.35 3.469 -24.195
-21.794 2.549 -22.772
-20.235 2.829 -19.255
-19.534 6.58 -19.812
-22.964 7.196 -21.431
-24.623 5.531 -18.378
-22.42 7.523 -15.909

-23.028 10.919 -17.654
-26.668 10.153 -18.714
-27.851 13.482 -17.123

-25.214 15.594 -18.963
-26 13.8 -22.296
-29.631 15.147 -21.909

-29.014 18.802 -20.797
-28.522 21.656 -23.337
-27.494 23.803 -20.296
-24.374 24.206 -18.108
-26.03 23.63 -14.722
-23.195 22.587 -12.38
-23.731 19.355 -10.334

-27.219 19.392 -8.694
-26.798 20.208 -4.988
-26.578 17.032 -2.906
-29.814 16.999 -0.82
-29.276 16.946 2.956
-30.305 13.551 4.343

-32.727 13.25 7.268
-30.389 11.851 9.975
-33.077 12.019 12.787
-33.159 8.159 12.923
-29.32 8.149 13.454
-27.82 8.306 16.969

-27.52 12.074 17.913
-23.991 11.509 19.371
-22.796 10.469 15.867
-24.731 13.185 13.93
-23.402 16.008 16.22
-19.738 14.82 15.861

-19.687 14.822 11.995
-17.445 17.587 10.586

-19.106 19.692 7.763
-17.231 17.783 4.996
-18.064 14.402 6.666
-21.796 15.407 6.677
-21.562 16.318 2.947
-19.943 12.855 2.346
-22.788 11.075 4.244
-25.363 13.084 2.191
-23.555 12.165 -1.104
-23.43 8.459 -0.115
-27.196 8.491 0.728
-28.024 10.343 -2.565

-26.0032 9.54173 -5.7524
-26.2628 10.2559 -9.39269
-22.8223 9.21424 -10.2923

-21.6266 5.69812 -9.88013
-20.0105 2.22771 -9.49744
-19.0189 -1.32538 -8.5011
-15.6254 -2.91867 -7.87118

-12.0244 -2.26467 -9.02018

-11.4654 0.729328 -6.66718
-7.83444 1.14533 -5.51518

-6.37844 -0.744672 -2.49418
-7.69144 0.496328 0.891815
-10.5634 2.70933 -0.518185
-13.0364 0.521328 1.51582

-14.1744 -2.10567 -1.06118
-15.3424 -4.37867 1.84182
-17.6934 -1.74567 3.42382
-19.2064 -0.953672 -0.0381845
-19.6124 -4.72167 -0.802185
-21.3504 -5.41767 2.56882
-23.7454 -2.46367 1.90582
-24.5774 -3.60467 -1.69718
-25.1764 -7.18267 -0.429185
-27.2854 -5.93967 2.56882
-29.5574 -3.92867 0.185815

-30.2304 -7.40167 -1.38518

-30.7144 -9.16667 2.08882
-34.2164 -10.3167 0.877815
-32.3804 -12.4157 -1.83018
-29.9564 -14.3277 0.517815
-28.3114 -16.8727 1.27782

-25.1044 -14.9077 0.595815
-21.8814 -16.5967 -0.623185
-18.5654 -14.7877 0.104815
-15.4624 -16.1987 -1.66918
-12.1594 -14.8167 -0.289185

-8.38044 -15.4757 0.0938155
-7.74644 -18.2797 2.67482
-6.18644 -15.7647 5.20082
-9.01944 -13.0997 5.30682

-12.0884 -15.3277 6.11082
-12.2254 -14.2127 9.78282
-11.4844 -10.5617 8.73782
-14.6954 -10.7637 6.61382
-16.7444 -12.3567 9.48282
-15.5984 -9.53967 11.8368
-16.4394 -6.98367 9.07682
-20.0524 -8.34867 8.86782
-20.4124 -8.31967 12.7188
-18.9264 -4.75967 12.8308
-21.1534 -3.26467 10.0858

-24.4514 -5.26867 10.3478
-25.1814 -5.50967 14.1638
-28.7184 -6.66867 13.0558
-27.0944 -10.1607 12.5138
-26.3604 -12.7447 15.2248

-22.9624 -14.5637 14.9648
-24.9684 -17.7797 14.1878
-26.1104 -16.1267 10.8988

-22.4214 -16.2757 9.68382
-20.8354 -19.5837 8.59582
-17.0114 -19.5007 8.18882

-16.0324 -22.5757 6.14282
-12.6464 -23.7627 7.47982
-12.5314 -27.2967 5.92082
-13.7354 -29.2587 2.84282
-16.0994 -31.2797 5.17782
-18.1184 -28.2677 6.42482
-21.6824 -27.3767 5.26682
-21.4054 -24.4327 2.80882
-25.1464 -23.5617 3.38082
-25.2494 -23.6257 7.23482
-25.4384 -19.7917 7.64382
-27.4104 -16.9257 6.10282

-23.9184 -15.5997 5.14582
-21.3954 -18.2927 4.07282
-17.6664 -17.3577 3.91082
-15.3394 -19.7617 1.99482
-11.8594 -19.7547 0.398815

-10.9884 -20.1997 -3.31518
-9.08744 -23.4687 -2.51718
-12.1634 -25.0057 -0.779185
-14.6304 -24.2287 -3.67018

-13.2564 -27.1747 -5.75218
-13.6174 -29.5327 -2.70918
-17.1734 -28.1997 -2.04718
-18.3444 -28.2747 -5.75318
-21.0614 -30.8747 -4.84818
-22.5734 -28.2957 -2.38018
-22.2854 -25.3537 -4.90318
-25.4014 -26.8927 -6.61418
-27.5184 -24.9107 -4.06718
-28.4244 -21.5967 -5.84018
-26.6974 -18.6947 -4.05018
-28.5664 -15.6747 -5.53218

-26.0344 -13.1367 -4.10018
-22.2664 -13.7577 -4.46318
-19.3374 -11.6047 -3.29018
-15.8474 -12.5697 -4.53218

-12.9924 -10.6967 -2.83318
-9.67144 -10.3247 -4.74118

-11.3964 -11.8117 -7.86118
-8.09544 -11.6667 -9.86018
-7.58244 -15.2017 -8.34818
-10.1044 -16.3257 -11.0682

-7.88844 -14.8957 -13.9462
-7.19144 -18.3687 -15.5032
-10.2434 -20.4427 -16.6282
-8.32444 -23.8077 -16.5302
-7.71644 -23.5757 -12.7312

-9.88144 -25.7287 -10.4002
-10.8984 -22.5817 -8.37918
-12.1624 -20.8687 -11.5852
-13.9164 -24.0527 -12.8982
-15.7914 -24.3647 -9.54018
-16.6434 -20.5967 -9.22418
-17.7954 -19.8127 -12.8172
-21.0304 -21.9827 -12.8952
-22.2914 -20.2457 -9.69118
-21.3344 -16.7317 -10.9562
-23.2234 -17.2857 -14.2782
-26.4784 -18.3867 -12.4682

-26.4024 -16.1037 -9.35718
-28.7024 -13.0017 -9.59618

-26.1564 -10.5757 -7.99618
-22.3494 -10.8067 -8.52118
-20.0994 -8.38267 -6.60218
-16.4754 -8.91667 -7.71518
-13.7574 -6.98067 -5.80418

-10.0694 -6.39467 -6.71118
-7.32844 -3.74767 -6.31918
-5.62044 -5.15867 -9.42918
-8.33244 -6.68167 -11.7242
-5.59344 -7.48067 -14.2372
-2.17444 -8.41567 -12.7692
-0.151441 -8.18667 -16.0482
-2.29044 -8.64467 -19.2562

-5.81644 -8.04767 -20.7762
-6.47544 -11.8557 -20.9932
-6.73244 -11.9777 -17.1152
-9.94944 -9.82967 -17.2712
-11.9584 -12.3057 -19.4202
-13.2344 -14.4857 -16.5062
-14.3114 -11.3517 -14.5352
-16.0684 -9.86567 -17.6502
-18.0894 -13.0977 -18.2682
-18.8754 -13.3857 -14.5062
-20.4344 -9.84267 -14.4882

-21.9374 -10.1137 -18.0642
-22.3224 -13.8297 -19.1492
-23.5024 -12.7107 -22.6722
-20.2654 -10.7497 -23.4002
-17.6674 -12.6957 -25.4842
-19.2304 -16.2447 -25.1212
-15.9064 -17.6767 -26.4632

-12.4314 -16.4787 -25.3212
-11.0494 -16.4817 -28.9242
-13.1964 -13.4267 -29.9222
-11.8954 -11.4907 -26.8512
-8.29544 -12.6587 -27.5602
-8.35844 -11.6217 -31.2762
-9.56844 -8.09367 -30.3222
-7.73344 -7.27967 -27.0342

-4.84044 -9.81067 -26.6562
-3.18144 -9.32767 -30.1342
-3.82944 -13.0367 -30.7502

-1.25244 -14.6837 -33.0812
-1.50144 -18.0317 -34.9232
1.77856 -19.8747 -34.1662

2.77456 -23.3567 -35.5942
1.72456 -24.9237 -32.2072

-1.63144 -23.0307 -31.8002
-2.79544 -19.5477 -30.7062
-0.705441 -17.1227 -28.6242

-2.71644 -14.6517 -26.4302
0.214559 -13.0357 -24.4712
-0.116441 -9.70867 -26.3642
-2.33544 -6.62167 -26.0182
-4.46344 -4.56167 -28.4572
-7.21844 -1.86667 -28.5352

-6.75844 -1.14967 -24.7602
-8.58944 2.24833 -24.8592
-11.6894 0.472328 -26.3162
-11.3644 -2.24167 -23.6122
-11.1834 0.526328 -20.9192
-14.3914 2.16433 -22.2882
-16.2244 -1.23067 -22.3972
-15.1124 -2.05367 -18.8102
-16.1714 1.34433 -17.3232
-19.5734 1.39433 -19.1362
-20.7504 -2.21467 -18.6012

-18.5194 -4.21667 -16.1352

-16.3864 -2.15867 -13.7512
-16.4444 0.735328 -11.2802

-12.8414 1.97733 -10.7472
-11.5344 4.97833 -8.75818
-7.95944 5.81333 -7.78418

-6.43344 7.29733 -4.55618
-5.82244 10.5013 -6.57818
-9.57744 10.7503 -7.47818
-11.0174 10.3803 -3.91818

-8.20644 10.8753 -1.29618
-6.24544 14.1103 -2.12718
-4.83144 13.8733 1.47282
-2.82644 10.6053 1.05682

0.972559 11.2993 1.04182
2.72556 10.5653 -2.28218

4.38156 7.19533 -3.02518
7.99756 8.04333 -4.00318
9.53456 5.15333 -6.00518
13.2136 4.65533 -6.95218
15.5756 2.04633 -8.35418
18.6166 1.35133 -6.11318
21.4356 -0.202672 -8.16818

23.2156 -2.40367 -5.57718
26.9306 -2.58467 -6.38718

27.9146 -5.81567 -8.31018
31.5296 -5.34467 -6.98218
30.4916 -7.53667 -3.96018

29.4506 -10.3257 -6.44518
32.5886 -12.5067 -6.37918

34.0946 -13.7797 -9.67718
32.7826 -17.3977 -9.13618
29.1606 -16.1997 -8.58518
29.4376 -13.8697 -11.6462
30.8666 -16.7147 -13.7982
27.9286 -18.9317 -12.6132
25.3826 -16.1967 -13.6112
27.1796 -15.7987 -17.0012
27.0926 -19.6247 -17.4322
23.3196 -19.9337 -16.6842
22.6316 -16.8817 -18.9522
24.5866 -18.5577 -21.8392
22.8126 -21.8707 -21.0482
19.3156 -20.3187 -21.6322
20.4066 -18.9877 -25.1032

21.8866 -22.3177 -26.3552
20.0566 -23.4157 -29.5602
20.1976 -27.1957 -29.0252
18.3266 -27.3567 -25.6402
14.7536 -28.5847 -25.1332

11.9576 -26.1977 -23.9792
12.2766 -27.8597 -20.5162
16.0986 -27.4007 -20.2272
15.5476 -23.6987 -21.1982
12.9586 -23.3457 -18.3232
15.3266 -25.1657 -15.8862
18.2756 -22.8737 -16.8432
15.9246 -19.8357 -16.3872
14.9096 -21.0377 -12.8632
18.6246 -21.6187 -12.0562
19.5946 -18.0977 -13.3282
16.7676 -16.5587 -11.2132
17.7226 -18.5077 -8.01518
21.4556 -17.5907 -8.58218
20.4056 -13.9007 -8.94218
18.7546 -14.0897 -5.48218
21.9146 -15.6707 -3.91318
24.2146 -13.1097 -5.64118
22.2156 -10.1357 -4.19518
22.1626 -11.3317 -0.497185
25.4496 -9.57867 0.639815
24.5126 -6.14567 -0.832185
20.8276 -6.50067 0.207815
22.1686 -7.04867 3.77882
24.6406 -4.10567 3.39182
21.7136 -1.85467 2.30882
19.4016 -3.00667 5.19882
22.2066 -2.23867 7.70982
22.8606 1.21133 6.08482
19.1116 2.00833 6.56082
19.2386 0.997328 10.2858
22.5636 2.86233 10.8758

20.9056 5.94133 9.19282
18.4256 5.92633 12.1668
15.2566 4.62933 10.3758
12.5626 3.67633 12.9038
10.3096 1.32733 10.7798

10.5286 -0.267672 7.29882
9.36056 -3.34367 5.32782
11.7306 -5.70567 3.45282
10.1446 -7.77267 0.648815
11.7656 -10.9277 -0.822185

10.3836 -14.2287 -2.29918
13.2616 -16.7727 -2.24418

13.3926 -18.4567 1.20882
17.2556 -18.2547 1.26682
17.0256 -14.3977 1.02482
14.4226 -14.2127 3.86882
16.5836 -16.6477 5.95482
19.8486 -14.6657 5.40082
18.1716 -11.2867 6.24682
16.6186 -12.7157 9.48582
19.9546 -14.3487 10.5158
21.8966 -11.0457 10.0958
19.2106 -9.03267 12.0038
19.4286 -11.6237 14.8688
23.2906 -11.3997 14.7538

23.0026 -7.54467 15.0098
20.3346 -7.97667 17.8108
17.7566 -6.01667 15.7088
14.1526 -6.70367 16.7778

12.1496 -7.69467 13.6668
9.06456 -9.66267 12.5008
8.98656 -12.3797 9.78482
5.98456 -13.4807 7.64082

6.25056 -16.2027 4.94282
4.41756 -19.2987 3.52882
4.99556 -21.2157 6.83782
3.56156 -18.4667 9.15382
0.0485587 -19.4717 10.3428
-3.11444 -17.3757 9.68682
-3.48744 -16.2677 13.3748

0.270559 -15.6257 13.9618
0.261559 -13.4007 10.7948
-2.29944 -11.0687 12.4588
-0.450441 -11.1237 15.8428
2.98556 -10.3357 14.2348
1.24456 -7.56667 12.2118
-0.0894413 -6.07867 15.5118
3.38756 -6.46167 17.1648
5.03556 -4.44567 14.2968
2.18756 -1.84567 14.3468
2.11356 -1.28167 18.1578

5.74656 -1.94467 19.2918
8.33056 0.837328 18.6058
11.1336 -1.79067 19.0558
10.3226 -3.79467 15.8778
12.2916 -1.81367 13.2568

12.1496 -4.33767 10.3438
9.38956 -6.50867 8.86482
10.8516 -9.37067 6.73482
7.99556 -10.2807 4.36182
7.42156 -12.8087 1.57382

6.10956 -10.9127 -1.52718
3.68056 -13.8227 -2.23618
2.61756 -14.6717 1.36082
2.13056 -11.0777 2.72782
0.408559 -9.54867 -0.405185
-3.05244 -10.0227 1.28282
-5.05044 -9.06667 4.43382
-2.28344 -7.30067 6.42882
-1.83444 -3.52867 7.11382
1.61856 -1.98567 7.82282
0.781559 1.74933 8.26882
3.49156 2.08133 11.0218
6.27556 2.01633 8.34882
7.15956 4.82133 5.85182

9.60656 2.74433 3.70982
9.29756 -0.419672 1.56782
12.4646 -2.18667 0.282815
12.0876 -4.81967 -2.46118

15.2476 -6.94267 -2.01718
14.0386 -8.96267 -5.04818
12.0276 -8.15967 -8.19618
8.83456 -10.1247 -8.99218
7.74856 -10.6787 -12.6592
4.10256 -9.70667 -11.9142

3.56256 -5.92967 -11.2662
0.0895587 -6.47767 -9.70318
1.79056 -8.34467 -6.78318
4.40956 -5.54867 -6.36818
1.57256 -2.92067 -6.21418
-0.307441 -5.16067 -3.67918
2.87056 -5.16767 -1.49918
3.34456 -1.31667 -1.73118

-0.353441 -0.841672 -0.713185
0.320559 -2.68867 2.57082
1.94156 0.591328 3.83582
0.00955866 3.11333 1.69082
-3.37444 2.62033 3.51482
-5.91444 4.79433 5.39782
-3.99044 5.73633 8.59482
-0.682441 6.50833 6.77282
0.546559 10.1083 7.48682
4.06856 10.0393 5.87382
5.17156 10.0023 2.18782

5.79356 6.32133 1.36482
9.28356 5.50033 0.0328155
9.54556 2.44933 -2.30218
13.1066 1.19733 -3.04318
13.6106 -1.48667 -5.75518
17.0306 -3.18167 -5.24718
18.5636 -4.19767 -8.65018

21.9526 -5.69767 -9.67218
23.6536 -5.17867 -13.1012
24.7596 -8.54367 -14.6252
21.7366 -10.5187 -13.2072
18.0646 -11.5187 -13.8332

17.0526 -7.93467 -12.7542
18.3716 -6.59067 -16.1382
15.5916 -8.59867 -17.9482
12.8926 -8.52167 -15.2142
12.8566 -4.70767 -14.7942
12.0456 -3.86567 -18.5082
9.46056 -6.75267 -18.4582
7.75156 -5.31567 -15.3142
7.76456 -1.80267 -16.9312
6.07156 -2.88567 -20.2132
3.47056 -4.81067 -18.0982
2.62856 -1.67567 -15.9792
2.26856 0.316328 -19.2512
-0.204441 -2.32867 -20.6162
-2.12644 -2.06267 -17.2842
-2.11144 1.80133 -17.4482
-3.33844 1.88533 -21.1182

-6.21144 -0.436672 -20.0012
-7.01144 2.10533 -17.1562
-5.93544 -0.495672 -14.5122
-2.91544 1.41133 -13.0362
-1.74044 5.02633 -12.4642
1.71756 3.58733 -11.7292
4.19156 4.72333 -14.3742
7.63156 3.05133 -13.9012
9.51656 4.85733 -16.7902

10.5226 7.94633 -14.7082
12.5706 5.75733 -12.2652
14.9176 4.44033 -15.0442
15.7686 7.83733 -16.6032

17.0336 8.79633 -13.0732
19.5186 5.82333 -12.6502

End chain 1
