-13.201 -6.296 -53.957
-10.703 -3.406 -53.291
-9.54 -3.087 -49.639
-11.02 0.322 -48.639
-8.614 1.85 -46.053
-10.787 3.126 -43.162

-9.634 6.195 -41.181
-10.061 4.9 -37.589
-10.286 6.838 -34.306
-12.195 7.103 -30.979
-14.163 9.439 -28.711
-12.619 10.223 -25.263
-14.157 12.207 -22.344

-11.943 15.248 -21.466
-14.301 16.978 -18.949
-17.827 16.65 -17.399
-19.139 18.761 -20.353

-16.752 17.96 -23.312
-15.482 14.956 -25.281
-12.62 14.751 -27.824
-12.437 12.939 -31.204
-8.982 11.264 -31.393
-8.672 10.357 -35.1

-6.282 10.744 -38.079
-6.98 13.557 -40.6
-9.895 13.022 -43.051

-11.208 15.853 -45.293
-14.92 14.856 -45.011
-14.611 14.37 -41.226
-13.015 17.857 -40.827
-15.875 19.254 -42.999
-18.403 17.482 -40.669
-16.559 18.759 -37.515
-16.844 22.341 -38.957

-20.697 21.797 -39.029
-20.861 21.033 -35.24
-22.116 23.933 -33.104
-20.016 23.255 -29.939
-16.791 22.621 -31.971

-13.393 23.436 -30.391
-10.011 22.816 -32.063
-6.805 22.812 -29.99

-3.883 23.919 -32.209
-1.328 22.314 -29.773
-2.753 18.736 -29.691
-4.334 19.137 -33.217

-7.578 17.622 -31.79
-11.313 18.386 -31.995
-13.683 18.544 -28.991
-17.466 19.001 -28.65
-20.131 19.402 -25.91

-21.257 16.038 -24.476
-24.923 16.743 -25.497
-23.731 16.722 -29.178
-22.178 13.179 -28.839
-25.228 11.354 -30.322
-25.57 14.044 -33.093
-21.852 13.682 -34.021
-21.815 9.829 -34.037
-25.045 9.774 -36.128
-23.507 12.176 -38.75
-20.093 10.348 -38.803

-21.793 6.948 -39.527
-22.962 8.546 -42.834
-19.328 9.196 -43.991
-17.677 6.563 -46.261
-14.251 5.2 -45.121

-14.46 6.789 -41.562
-14.765 4.819 -38.279
-15.142 6.964 -35.114
-15.663 4.659 -32.101

-18.218 6.249 -29.657
-17.862 6.903 -25.912
-18.35 3.469 -24.195
-21.794 2.549 -22.772
-20.235 2.829 -19.255
-19.534 6.58 -19.812
-22.964 7.196 -21.431
-24.623 5.531 -18.378
-22.42 7.523 -15.909

-23.028 10.919 -17.654
-26.668 10.153 -18.714
-27.851 13.482 -17.123

-25.214 15.594 -18.963
-26 13.8 -22.296
-29.631 15.147 -21.909

-29.014 18.802 -20.797
-28.522 21.656 -23.337
-27.494 23.803 -20.296
-24.374 24.206 -18.108
-26.03 23.63 -14.722
-23.195 22.587 -12.38
-23.731 19.355 -10.334

-27.219 19.392 -8.694
-26.798 20.208 -4.988
-26.578 17.032 -2.906
-29.814 16.999 -0.82
-29.276 16.946 2.956
-30.305 13.551 4.343

-32.727 13.25 7.268
-30.389 11.851 9.975
-33.077 12.019 12.787
-33.159 8.159 12.923
-29.32 8.149 13.454
-27.82 8.306 16.969

-27.52 12.074 17.913
-23.991 11.509 19.371
-22.796 10.469 15.867
-24.731 13.185 13.93
-23.402 16.008 16.22
-19.738 14.82 15.861

-19.687 14.822 11.995
-17.445 17.587 10.586

-19.106 19.692 7.763
-17.231 17.783 4.996
-18.064 14.402 6.666
-21.796 15.407 6.677
-21.562 16.318 2.947
-19.943 12.855 2.346
-22.788 11.075 4.244
-25.363 13.084 2.191
-23.555 12.165 -1.104
-23.43 8.459 -0.115
-27.196 8.491 0.728
-28.024 10.343 -2.565

-25.973 7.645 -4.472
-28.214 5.048 -2.67
-25.512 3.7 -0.27

-23.352 2.353 -3.174
-19.956 4.118 -3.237
-16.209 4.012 -2.721
-15.295 6.541 0.021

-11.694 7.195 -1.128

-11.135 10.189 1.225
-7.504 10.605 2.377

-6.048 8.715 5.398
-7.361 9.956 8.784
-10.233 12.169 7.374
-12.706 9.981 9.408

-13.844 7.354 6.831
-15.012 5.081 9.734
-17.363 7.714 11.316
-18.876 8.506 7.854
-19.282 4.738 7.09
-21.02 4.042 10.461
-23.415 6.996 9.798
-24.247 5.855 6.195
-24.846 2.277 7.463
-26.955 3.52 10.461
-29.227 5.531 8.078

-29.9 2.058 6.507

-30.384 0.293 9.981
-33.886 -0.857 8.77
-32.05 -2.956 6.062
-29.626 -4.868 8.41
-27.981 -7.413 9.17

-24.774 -5.448 8.488
-21.551 -7.137 7.269
-18.235 -5.328 7.997
-15.132 -6.739 6.223
-11.829 -5.357 7.603

-8.05 -6.016 7.986
-7.416 -8.82 10.567
-5.856 -6.305 13.093
-8.689 -3.64 13.199

-11.758 -5.868 14.003
-11.895 -4.753 17.675
-11.154 -1.102 16.63
-14.365 -1.304 14.506
-16.414 -2.897 17.375
-15.268 -0.08 19.729
-16.109 2.476 16.969
-19.722 1.111 16.76
-20.082 1.14 20.611
-18.596 4.7 20.723
-20.823 6.195 17.978

-24.121 4.191 18.24
-24.851 3.95 22.056
-28.388 2.791 20.948
-26.764 -0.701 20.406
-26.03 -3.285 23.117

-22.632 -5.104 22.857
-24.638 -8.32 22.08
-25.78 -6.667 18.791

-22.091 -6.816 17.576
-20.505 -10.124 16.488
-16.681 -10.041 16.081

-15.702 -13.116 14.035
-12.316 -14.303 15.372
-12.201 -17.837 13.813
-13.405 -19.799 10.735
-15.769 -21.82 13.07
-17.788 -18.808 14.317
-21.352 -17.917 13.159
-21.075 -14.973 10.701
-24.816 -14.102 11.273
-24.919 -14.166 15.127
-25.108 -10.332 15.536
-27.08 -7.466 13.995

-23.588 -6.14 13.038
-21.065 -8.833 11.965
-17.336 -7.898 11.803
-15.009 -10.302 9.887
-11.529 -10.295 8.291

-10.658 -10.74 4.577
-8.757 -14.009 5.375
-11.833 -15.546 7.113
-14.3 -14.769 4.222

-11.5935 -15.2007 1.60713
-8.78612 -17.7661 1.64911
-6.10237 -20.3736 2.25246
-4.0837 -17.6091 3.93103
-6.82761 -15.8817 5.8935
-6.26654 -12.2352 6.55378
-7.26593 -9.44811 8.90275
-10.6991 -7.62268 9.19016
-13.5419 -5.18976 9.89375
-14.4156 -4.55599 6.32294
-16.3815 -1.43783 5.5069
-18.6205 0.456865 3.02998

-16.6605 3.72226 3.54395
-13.4927 4.85609 5.18506
-10.9204 5.16814 7.84707
-9.39012 8.67814 7.99284

-6.53512 10.5511 9.69184
-3.21412 10.9231 7.78384

-4.93912 9.43614 4.66384
-1.63812 9.58114 2.66484
-1.12512 6.04614 4.17684
-3.64712 4.92214 1.45684

-1.43112 6.35214 -1.42116
-0.734118 2.87914 -2.97816
-3.78612 0.80514 -4.10316
-1.86712 -2.55986 -4.00516
-1.25912 -2.32786 -0.206161

-3.42412 -4.48086 2.12484
-4.44112 -1.33386 4.14584
-5.70512 0.37914 0.939839
-7.45912 -2.80486 -0.373161
-9.33412 -3.11686 2.98484
-10.1861 0.65114 3.30084
-11.3381 1.43514 -0.292161
-14.5731 -0.73486 -0.370161
-15.8341 1.00214 2.83384
-14.8771 4.51614 1.56884
-16.7661 3.96214 -1.75316
-20.0211 2.86114 0.0568387

-19.9451 5.14414 3.16784
-22.2451 8.24614 2.92884

-19.6991 10.6721 4.52884
-15.8921 10.4411 4.00384
-13.6421 12.8651 5.92284
-10.0181 12.3311 4.80984
-7.30012 14.2671 6.72084

-3.61212 14.8531 5.81384
-0.871118 17.5001 6.20584
0.836882 16.0891 3.09584
-1.87512 14.5661 0.800839
0.863882 13.7671 -1.71216
4.28288 12.8321 -0.244161
6.30588 13.0611 -3.52316
4.16688 12.6031 -6.73116

0.640882 13.2001 -8.25116
-0.0181177 9.39214 -8.46816
-0.275118 9.27014 -4.59016
-3.49212 11.4181 -4.74616
-5.50112 8.94214 -6.89516
-6.77712 6.76214 -3.98116
-7.85412 9.89614 -2.01016
-9.61112 11.3821 -5.12516
-11.6321 8.15014 -5.74316
-12.4181 7.86214 -1.98116
-13.9771 11.4051 -1.96316

-15.4801 11.1341 -5.53916
-15.8651 7.41814 -6.62416
-17.0451 8.53714 -10.1472
-13.8081 10.4981 -10.8752
-11.2101 8.55214 -12.9592
-12.7731 5.00314 -12.5962
-9.44912 3.57114 -13.9382

-5.97412 4.76914 -12.7962
-4.59212 4.76614 -16.3992
-6.73912 7.82114 -17.3972
-5.43812 9.75714 -14.3262
-1.83812 8.58914 -15.0352
-1.90112 9.62614 -18.7512
-3.11112 13.1541 -17.7972
-1.27612 13.9681 -14.5092

1.61688 11.4371 -14.1312
3.27588 11.9201 -17.6092
2.62788 8.21114 -18.2252

5.20488 6.56414 -20.5562
4.95588 3.21614 -22.3982
8.23588 1.37314 -21.6412

9.23188 -2.10886 -23.0692
8.18188 -3.67586 -19.6822

4.82588 -1.78286 -19.2752
3.66188 1.70014 -18.1812
5.75188 4.12514 -16.0992

3.74088 6.59614 -13.9052
6.67188 8.21214 -11.9462
6.34088 11.5391 -13.8392
4.12188 14.6261 -13.4932
1.99388 16.6861 -15.9322
-0.761118 19.3811 -16.0102

-0.301118 20.0981 -12.2352
-2.13212 23.4961 -12.3342
-5.23212 21.7201 -13.7912
-4.90712 19.0061 -11.0872
-4.72612 21.7741 -8.39416
-7.93412 23.4121 -9.76316
-9.76712 20.0171 -9.87216
-8.65512 19.1941 -6.28516
-9.71412 22.5921 -4.79816
-13.1161 22.6421 -6.61116
-14.2931 19.0331 -6.07616

-12.0621 17.0311 -3.61016

-9.92912 19.0891 -1.22616
-9.98712 21.9831 1.24484

-6.38412 23.2251 1.77784
-5.07712 26.2261 3.76684
-1.50212 27.0611 4.74084

0.0238823 28.5451 7.96884
0.634882 31.7491 5.94684
-3.12012 31.9981 5.04684
-4.56012 31.6281 8.60684

-1.74912 32.1231 11.2288
0.211882 35.3581 10.3978
1.62588 35.1211 13.9978
3.63088 31.8531 13.5818

7.42988 32.5471 13.5668
9.18288 31.8131 10.2428

10.8389 28.4431 9.49984
14.4549 29.2911 8.52184
15.9919 26.4011 6.51984
19.6709 25.9031 5.57284
22.0329 23.2941 4.17084
25.0739 22.5991 6.41184
27.8929 21.0451 4.35684

29.6729 18.8441 6.94784
33.3879 18.6631 6.13784

34.3719 15.4321 4.21484
37.9869 15.9031 5.54284
36.9489 13.7111 8.56484

35.9079 10.9221 6.07984
39.0459 8.74114 6.14584

40.5519 7.46814 2.84784
39.2399 3.85014 3.38884
35.6179 5.04814 3.93984
35.8949 7.37814 0.878839
37.3239 4.53314 -1.27316
34.3859 2.31614 -0.0881613
31.8399 5.05114 -1.08616
33.6369 5.44914 -4.47616
33.5499 1.62314 -4.90716
29.7769 1.31414 -4.15916
29.0889 4.36614 -6.42716
31.0439 2.69014 -9.31416
29.2699 -0.62286 -8.52316
25.7729 0.92914 -9.10716
26.8639 2.26014 -12.5782

28.3439 -1.06986 -13.8302
26.5139 -2.16786 -17.0352
26.6549 -5.94786 -16.5002
24.7839 -6.10886 -13.1152
21.2109 -7.33686 -12.6082

18.4149 -4.94986 -11.4542
18.7339 -6.61186 -7.99116
22.5559 -6.15286 -7.70216
22.0049 -2.45086 -8.67316
19.4159 -2.09786 -5.79816
21.7839 -3.91786 -3.36116
24.7329 -1.62586 -4.31816
22.3819 1.41214 -3.86216
21.3669 0.21014 -0.338161
25.0819 -0.37086 0.468839
26.0519 3.15014 -0.803161
23.2249 4.68914 1.31184
24.1799 2.74014 4.50984
27.9129 3.65714 3.94284
26.8629 7.34714 3.58284
25.2119 7.15814 7.04284
28.3719 5.57714 8.61184
30.6719 8.13814 6.88384
28.6729 11.1121 8.32984
28.6199 9.91614 12.0278
31.9069 11.6691 13.1648
30.9699 15.1021 11.6928
27.2849 14.7471 12.7328
28.6259 14.1991 16.3038
31.0979 17.1421 15.9168
28.1709 19.3931 14.8338
25.8589 18.2411 17.7238
28.6639 19.0091 20.2348
29.3179 22.4591 18.6098
25.5689 23.2561 19.0858
25.6959 22.2451 22.8108
29.0209 24.1101 23.4008

27.3629 27.1891 21.7178
24.8829 27.1741 24.6918
21.7139 25.8771 22.9008
19.0199 24.9241 25.4288
16.7669 22.5751 23.3048

16.9859 20.9801 19.8238
15.8179 17.9041 17.8528
18.1879 15.5421 15.9778
16.6019 13.4751 13.1738
18.2229 10.3201 11.7028

16.8409 7.01914 10.2258
19.7189 4.47514 10.2808

19.8499 2.79114 13.7338
23.7129 2.99314 13.7918
23.4829 6.85014 13.5498
20.8799 7.03514 16.3938
23.0409 4.60014 18.4798
26.3059 6.58214 17.9258
24.6289 9.96114 18.7718
23.0759 8.53214 22.0108
26.4119 6.89914 23.0408
28.3539 10.2021 22.6208
25.6679 12.2151 24.5288
25.8859 9.62414 27.3938
29.7479 9.84814 27.2788

29.4599 13.7031 27.5348
26.7919 13.2711 30.3358
24.2139 15.2311 28.2338
20.6099 14.5441 29.3028

18.6069 13.5531 26.1918
15.5219 11.5851 25.0258
15.4439 8.86814 22.3098
12.4419 7.76714 20.1658

12.7079 5.04514 17.4678
10.8749 1.94914 16.0538
11.4529 0.0321404 19.3628
10.0189 2.78114 21.6788
6.50588 1.77614 22.8678
3.34288 3.87214 22.2118
2.96988 4.98014 25.8998

6.72788 5.62214 26.4868
6.71888 7.84714 23.3198
4.15788 10.1791 24.9838
6.00688 10.1241 28.3678
9.44288 10.9121 26.7598
7.70188 13.6811 24.7368
6.36788 15.1691 28.0368
9.84488 14.7861 29.6898
11.4929 16.8021 26.8218
8.64488 19.4021 26.8718
8.57088 19.9661 30.6828

12.2039 19.3031 31.8168
14.7879 22.0851 31.1308
17.5909 19.4571 31.5808
16.7799 17.4531 28.4028
18.7489 19.4341 25.7818

18.6069 16.9101 22.8688
15.8469 14.7391 21.3898
17.3089 11.8771 19.2598
14.4529 10.9671 16.8868
13.8789 8.43914 14.0988

12.5669 10.3351 10.9978
10.1379 7.42514 10.2888
9.07488 6.57614 13.8858
8.58788 10.1701 15.2528
6.86588 11.6991 12.1198
3.40488 11.2251 13.8078
1.40688 12.1811 16.9588
4.17388 13.9471 18.9538
4.62288 17.7191 19.6388
8.07588 19.2621 20.3478
7.23888 22.9971 20.7938
9.94888 23.3291 23.5468
12.7329 23.2641 20.8738
13.6169 26.0691 18.3768

16.0639 23.9921 16.2348
15.7549 20.8281 14.0928
18.9219 19.0611 12.8078
18.5449 16.4281 10.0638

21.7049 14.3051 10.5078
20.4959 12.2851 7.47684
18.4849 13.0881 4.32884
15.2919 11.1231 3.53284
14.2059 10.5691 -0.134161
10.5599 11.5411 0.610839

10.0199 15.3181 1.25884
6.54688 14.7701 2.82184
8.24788 12.9031 5.74184
10.8669 15.6991 6.15684
8.02988 18.3271 6.31084
6.14988 16.0871 8.84584
9.32788 16.0801 11.0258
9.80188 19.9311 10.7938

6.10388 20.4061 11.8118
6.77788 18.5591 15.0958
8.39888 21.8391 16.3608
6.46688 24.3611 14.2158
3.08288 23.8681 16.0398
0.542882 26.0421 17.9228
2.46688 26.9841 21.1198
5.77488 27.7561 19.2978
7.00388 31.3561 20.0118
10.5259 31.2871 18.3988
11.6289 31.2501 14.7128

12.2509 27.5691 13.8898
15.7409 26.7481 12.5578
16.0029 23.6971 10.2228
19.5639 22.4451 9.48184
20.0679 19.7611 6.76984
23.4879 18.0661 7.27784
25.0209 17.0501 3.87484

28.4099 15.5501 2.85284
30.1109 16.0691 -0.576161
31.2169 12.7041 -2.10016
28.1939 10.7291 -0.682161
24.5219 9.72914 -1.30816

23.5099 13.3131 -0.229161
24.8289 14.6571 -3.61316
22.0489 12.6491 -5.42316
19.3499 12.7261 -2.68916
19.3139 16.5401 -2.26916
18.5029 17.3821 -5.98316
15.9179 14.4951 -5.93316
14.2089 15.9321 -2.78916
14.2219 19.4451 -4.40616
12.5289 18.3621 -7.68816
9.92788 16.4371 -5.57316
9.08588 19.5721 -3.45416
8.72588 21.5641 -6.72616
6.25288 18.9191 -8.09116
4.33088 19.1851 -4.75916
4.34588 23.0491 -4.92316
3.11888 23.1331 -8.59316

0.245882 20.8111 -7.47616
-0.554118 23.3531 -4.63116
0.521882 20.7521 -1.98716
3.54188 22.6591 -0.511161
4.71688 26.2741 0.0608387
8.17488 24.8351 0.795839
10.6489 25.9711 -1.84916
14.0889 24.2991 -1.37616
15.9739 26.1051 -4.26516

16.9799 29.1941 -2.18316
19.0279 27.0051 0.259839
21.3749 25.6881 -2.51916
22.2259 29.0851 -4.07816

23.4909 30.0441 -0.548161
25.9759 27.0711 -0.125161

End chain 1
