-13.201 -6.296 -53.957
-10.703 -3.406 -53.291
-9.54 -3.087 -49.639
-11.02 0.322 -48.639
-8.614 1.85 -46.053
-10.787 3.126 -43.162

-9.634 6.195 -41.181
-10.061 4.9 -37.589
-10.286 6.838 -34.306
-12.195 7.103 -30.979
-14.163 9.439 -28.711
-12.619 10.223 -25.263
-14.157 12.207 -22.344

-11.943 15.248 -21.466
-14.301 16.978 -18.949
-17.827 16.65 -17.399
-19.139 18.761 -20.353

-16.752 17.96 -23.312
-15.482 14.956 -25.281
-12.62 14.751 -27.824
-12.437 12.939 -31.204
-8.982 11.264 -31.393
-8.672 10.357 -35.1

-6.282 10.744 -38.079
-6.98 13.557 -40.6
-9.895 13.022 -43.051

-11.208 15.853 -45.293
-14.92 14.856 -45.011
-14.611 14.37 -41.226
-13.015 17.857 -40.827
-15.875 19.254 -42.999
-18.403 17.482 -40.669
-16.559 18.759 -37.515
-16.844 22.341 -38.957

-20.697 21.797 -39.029
-20.861 21.033 -35.24
-22.116 23.933 -33.104
-20.016 23.255 -29.939
-16.791 22.621 -31.971

-13.393 23.436 -30.391
-10.011 22.816 -32.063
-6.805 22.812 -29.99

-3.883 23.919 -32.209
-1.328 22.314 -29.773
-2.753 18.736 -29.691
-4.334 19.137 -33.217

-7.578 17.622 -31.79
-11.313 18.386 -31.995
-13.683 18.544 -28.991
-17.466 19.001 -28.65
-20.131 19.402 -25.91

-21.257 16.038 -24.476
-24.923 16.743 -25.497
-23.731 16.722 -29.178
-22.178 13.179 -28.839
-25.228 11.354 -30.322
-25.57 14.044 -33.093
-21.852 13.682 -34.021
-21.815 9.829 -34.037
-25.045 9.774 -36.128
-23.507 12.176 -38.75
-20.093 10.348 -38.803

-21.793 6.948 -39.527
-22.962 8.546 -42.834
-19.328 9.196 -43.991
-17.677 6.563 -46.261
-14.251 5.2 -45.121

-14.46 6.789 -41.562
-14.765 4.819 -38.279
-15.142 6.964 -35.114
-15.663 4.659 -32.101

-18.218 6.249 -29.657
-17.862 6.903 -25.912
-18.35 3.469 -24.195
-21.794 2.549 -22.772
-20.235 2.829 -19.255
-19.534 6.58 -19.812
-22.964 7.196 -21.431
-24.623 5.531 -18.378
-22.42 7.523 -15.909

-23.028 10.919 -17.654
-26.668 10.153 -18.714
-27.851 13.482 -17.123

-25.214 15.594 -18.963
-26 13.8 -22.296
-29.631 15.147 -21.909

-29.4359 17.9648 -19.2656
-30.2666 20.5682 -16.5607
-31.3473 23.4114 -14.3919
-28.6622 25.9378 -15.6167
-30.6968 28.7363 -17.2174
-32.4171 32.0288 -16.455
-29.681 32.3878 -13.7549

-26.5532 31.585 -11.751
-28.4866 29.2086 -9.50219
-29.96 27.4089 -12.5077
-26.52 26.9976 -14.0698
-25.1189 25.5633 -10.8414
-27.976 23.0694 -10.5957

-30.398 22.7684 -7.67074
-28.06 21.3694 -4.96374
-30.748 21.5374 -2.15174
-30.83 17.6774 -2.01574
-26.991 17.6674 -1.48474
-25.491 17.8244 2.03026

-25.191 21.5924 2.97426
-21.662 21.0274 4.43226
-20.467 19.9874 0.928259
-22.402 22.7034 -1.00874
-21.073 25.5264 1.28126
-17.409 24.3384 0.922259

-17.358 24.3404 -2.94374
-15.116 27.1054 -4.35274

-16.777 29.2104 -7.17574
-14.902 27.3014 -9.94274
-15.735 23.9204 -8.27274
-19.467 24.9254 -8.26174
-19.233 25.8364 -11.9917
-17.614 22.3734 -12.5927
-20.459 20.5934 -10.6947
-23.034 22.6024 -12.7477
-21.226 21.6834 -16.0427
-21.101 17.9774 -15.0537
-24.867 18.0094 -14.2107
-25.695 19.8614 -17.5037

-23.644 17.1634 -19.4107
-25.885 14.5664 -17.6087
-23.183 13.2184 -15.2087

-21.023 11.8714 -18.1127
-17.627 13.6364 -18.1757
-13.88 13.5304 -17.6597
-12.966 16.0594 -14.9177

-9.36499 16.7134 -16.0667

-8.80599 19.7074 -13.7137
-5.17499 20.1234 -12.5617

-3.71899 18.2334 -9.54074
-5.03199 19.4744 -6.15474
-7.90399 21.6874 -7.56474
-10.377 19.4994 -5.53074

-11.515 16.8724 -8.10774
-12.683 14.5994 -5.20474
-15.034 17.2324 -3.62274
-16.547 18.0244 -7.08474
-16.953 14.2564 -7.84874
-18.691 13.5604 -4.47774
-21.086 16.5144 -5.14074
-21.918 15.3734 -8.74374
-22.517 11.7954 -7.47574
-24.626 13.0384 -4.47774
-26.898 15.0494 -6.86074

-27.571 11.5764 -8.43174

-28.055 9.81145 -4.95774
-31.557 8.66145 -6.16874
-29.721 6.56245 -8.87674
-27.297 4.65045 -6.52874
-25.652 2.10545 -5.76874

-22.445 4.07045 -6.45074
-19.222 2.38145 -7.66974
-15.906 4.19045 -6.94174
-12.803 2.77945 -8.71574
-9.49999 4.16145 -7.33574

-5.72099 3.50245 -6.95274
-5.08699 0.698448 -4.37174
-3.52699 3.21345 -1.84574
-6.35999 5.87845 -1.73974

-9.42899 3.65045 -0.935741
-9.56599 4.76545 2.73626
-8.82499 8.41645 1.69126
-12.036 8.21445 -0.432741
-14.085 6.62145 2.43626
-12.939 9.43845 4.79026
-13.78 11.9944 2.03026
-17.393 10.6294 1.82126
-17.753 10.6584 5.67226
-16.267 14.2184 5.78426
-18.494 15.7134 3.03926

-21.792 13.7094 3.30126
-22.522 13.4684 7.11726
-26.059 12.3094 6.00926
-24.435 8.81745 5.46726
-23.701 6.23345 8.17826

-20.303 4.41445 7.91826
-22.309 1.19845 7.14126
-23.451 2.85145 3.85226

-19.762 2.70245 2.63726
-18.176 -0.605552 1.54926
-14.352 -0.522552 1.14226

-13.373 -3.59755 -0.903741
-9.98699 -4.78455 0.433259
-9.87199 -8.31855 -1.12574
-11.076 -10.2806 -4.20374
-13.44 -12.3016 -1.86874
-15.459 -9.28955 -0.621741
-19.023 -8.39855 -1.77974
-18.746 -5.45455 -4.23774
-22.487 -4.58355 -3.66574
-22.59 -4.64755 0.188259
-22.779 -0.813552 0.597259
-24.751 2.05245 -0.943741

-21.259 3.37845 -1.90074
-18.736 0.685448 -2.97374
-15.007 1.62045 -3.13574
-12.68 -0.783552 -5.05174
-9.19999 -0.776552 -6.64774

-8.32899 -1.22155 -10.3617
-6.42799 -4.49055 -9.56374
-9.50399 -6.02755 -7.82574
-11.971 -5.25055 -10.7167

-10.597 -8.19655 -12.7987
-10.958 -10.5546 -9.75574
-14.514 -9.22155 -9.09374
-15.685 -9.29655 -12.7997
-18.402 -11.8966 -11.8947
-19.914 -9.31755 -9.42674
-19.626 -6.37555 -11.9497
-22.742 -7.91455 -13.6607
-24.859 -5.93255 -11.1137
-25.765 -2.61855 -12.8867
-24.038 0.283448 -11.0967
-25.907 3.30345 -12.5787

-23.375 5.84145 -11.1467
-19.607 5.22045 -11.5097
-16.678 7.37345 -10.3367
-13.188 6.40845 -11.5787

-10.333 8.28145 -9.87974
-7.01199 8.65345 -11.7877

-8.73699 7.16645 -14.9077
-5.43599 7.31145 -16.9067
-4.92299 3.77645 -15.3947
-7.44499 2.65245 -18.1147

-5.22899 4.08245 -20.9927
-4.53199 0.609448 -22.5497
-7.58399 -1.46455 -23.6747
-5.66499 -4.82955 -23.5767
-5.05699 -4.59755 -19.7777

-7.22199 -6.75055 -17.4467
-8.23899 -3.60355 -15.4257
-9.50299 -1.89055 -18.6317
-11.257 -5.07455 -19.9447
-13.132 -5.38655 -16.5867
-13.984 -1.61855 -16.2707
-15.136 -0.834552 -19.8637
-18.371 -3.00455 -19.9417
-19.632 -1.26755 -16.7377
-18.675 2.24645 -18.0027
-20.564 1.69245 -21.3247
-23.819 0.591448 -19.5147

-23.743 2.87445 -16.4037
-26.043 5.97645 -16.6427

-23.497 8.40245 -15.0427
-19.69 8.17145 -15.5677
-17.44 10.5954 -13.6487
-13.816 10.0614 -14.7617
-11.098 11.9974 -12.8507

-7.40999 12.5834 -13.7577
-4.66899 15.2304 -13.3657
-2.96099 13.8194 -16.4757
-5.67299 12.2964 -18.7707
-2.93399 11.4974 -21.2837
0.485007 10.5624 -19.8157
2.50801 10.7914 -23.0947
0.369007 10.3334 -26.3027

-3.15699 10.9304 -27.8227
-3.81599 7.12245 -28.0397
-4.07299 7.00045 -24.1617
-7.28999 9.14845 -24.3177
-9.29899 6.67245 -26.4667
-10.575 4.49245 -23.5527
-11.652 7.62645 -21.5817
-13.409 9.11245 -24.6967
-15.43 5.88045 -25.3147
-16.216 5.59245 -21.5527
-17.775 9.13545 -21.5347

-19.278 8.86445 -25.1107
-19.663 5.14845 -26.1957
-20.843 6.26745 -29.7187
-17.606 8.22845 -30.4467
-15.008 6.28245 -32.5307
-16.571 2.73345 -32.1677
-13.247 1.30145 -33.5097

-9.77199 2.49945 -32.3677
-8.38999 2.49645 -35.9707
-10.537 5.55145 -36.9687
-9.23599 7.48745 -33.8977
-5.63599 6.31945 -34.6067
-5.69899 7.35645 -38.3227
-6.90899 10.8844 -37.3687
-5.07399 11.6984 -34.0807

-2.18099 9.16745 -33.7027
-0.521993 9.65045 -37.1807
-1.16999 5.94145 -37.7967

1.40701 4.29445 -40.1277
1.15801 0.946448 -41.9697
4.43801 -0.896552 -41.2127

5.43401 -4.37855 -42.6407
4.38401 -5.94555 -39.2537

1.02801 -4.05255 -38.8467
-0.135993 -0.569552 -37.7527
1.95401 1.85545 -35.6707

-0.0569926 4.32645 -33.4767
2.87401 5.94245 -31.5177
2.54301 9.26945 -33.4107
0.324007 12.3564 -33.0647
-1.80399 14.4164 -35.5037
-4.55899 17.1114 -35.5817

-4.09899 17.8284 -31.8067
-5.92999 21.2264 -31.9057
-9.02999 19.4504 -33.3627
-8.70499 16.7364 -30.6587
-8.52399 19.5044 -27.9657
-11.732 21.1424 -29.3347
-13.565 17.7474 -29.4437
-12.453 16.9244 -25.8567
-13.512 20.3224 -24.3697
-16.914 20.3724 -26.1827
-18.091 16.7634 -25.6477

-15.86 14.7614 -23.1817

-13.727 16.8194 -20.7977
-13.785 19.7134 -18.3267

-10.182 20.9554 -17.7937
-8.87499 23.9564 -15.8047
-5.29999 24.7914 -14.8307

-3.77399 26.2754 -11.6027
-3.16299 29.4794 -13.6247
-6.91799 29.7284 -14.5247
-8.35799 29.3584 -10.9647

-5.54699 29.8534 -8.34274
-3.58599 33.0884 -9.17374
-2.17199 32.8514 -5.57374
-0.166993 29.5834 -5.98974

3.63201 30.2774 -6.00474
5.38501 29.5434 -9.32874

7.04101 26.1734 -10.0717
10.657 27.0214 -11.0497
12.194 24.1314 -13.0517
15.873 23.6334 -13.9987
18.235 21.0244 -15.4007
21.276 20.3294 -13.1597
24.095 18.7754 -15.2147

25.875 16.5744 -12.6237
29.59 16.3934 -13.4337

30.574 13.1624 -15.3567
34.189 13.6334 -14.0287
33.151 11.4414 -11.0067

32.11 8.65245 -13.4917
35.248 6.47145 -13.4257

36.754 5.19845 -16.7237
35.442 1.58045 -16.1827
31.82 2.77845 -15.6317
32.097 5.10845 -18.6927
33.526 2.26345 -20.8447
30.588 0.0464484 -19.6597
28.042 2.78145 -20.6577
29.839 3.17945 -24.0477
29.752 -0.646552 -24.4787
25.979 -0.955552 -23.7307
25.291 2.09645 -25.9987
27.246 0.420448 -28.8857
25.472 -2.89255 -28.0947
21.975 -1.34055 -28.6787
23.066 -0.00955161 -32.1497

24.546 -3.33955 -33.4017
22.716 -4.43755 -36.6067
22.857 -8.21755 -36.0717
20.986 -8.37855 -32.6867
17.413 -9.60655 -32.1797

14.617 -7.21955 -31.0257
14.936 -8.88155 -27.5627
18.758 -8.42255 -27.2737
18.207 -4.72055 -28.2447
15.618 -4.36755 -25.3697
17.986 -6.18755 -22.9327
20.935 -3.89555 -23.8897
18.584 -0.857552 -23.4337
17.569 -2.05955 -19.9097
21.284 -2.64055 -19.1027
22.254 0.880448 -20.3747
19.427 2.41945 -18.2597
20.382 0.470448 -15.0617
24.115 1.38745 -15.6287
23.065 5.07745 -15.9887
21.414 4.88845 -12.5287
24.574 3.30745 -10.9597
26.874 5.86845 -12.6877
24.875 8.84245 -11.2417
24.822 7.64645 -7.54374
28.109 9.39945 -6.40674
27.172 12.8324 -7.87874
23.487 12.4774 -6.83874
24.828 11.9294 -3.26774
27.3 14.8724 -3.65474
24.373 17.1234 -4.73774
22.061 15.9714 -1.84774
24.866 16.7394 0.663259
25.52 20.1894 -0.961741
21.771 20.9864 -0.485741
21.898 19.9754 3.23926
25.223 21.8404 3.82926

23.565 24.9194 2.14626
21.085 24.9044 5.12026
17.916 23.6074 3.32926
15.222 22.6544 5.85726
12.969 20.3054 3.73326

13.188 18.7104 0.252259
12.02 15.6344 -1.71874
14.39 13.2724 -3.59374
12.804 11.2054 -6.39774
14.425 8.05045 -7.86874

13.043 4.74945 -9.34574
15.921 2.20545 -9.29074

16.052 0.521448 -5.83774
19.915 0.723448 -5.77974
19.685 4.58045 -6.02174
17.082 4.76545 -3.17774
19.243 2.33045 -1.09174
22.508 4.31245 -1.64574
20.831 7.69145 -0.799741
19.278 6.26245 2.43926
22.614 4.62945 3.46926
24.556 7.93245 3.04926
21.87 9.94545 4.95726
22.088 7.35445 7.82226
25.95 7.57845 7.70726

25.662 11.4334 7.96326
22.994 11.0014 10.7643
20.416 12.9614 8.66226
16.812 12.2744 9.73126

14.809 11.2834 6.62026
11.724 9.31545 5.45426
11.646 6.59845 2.73826
8.64401 5.49745 0.594259

8.91001 2.77545 -2.10374
7.07701 -0.320552 -3.51774
7.65501 -2.23755 -0.208741
6.22101 0.511448 2.10726
2.70801 -0.493552 3.29626
-0.454993 1.60245 2.64026
-0.827993 2.71045 6.32826

2.93001 3.35245 6.91526
2.92101 5.57745 3.74826
0.360007 7.90945 5.41226
2.20901 7.85445 8.79626
5.64501 8.64245 7.18826
3.90401 11.4114 5.16526
2.57001 12.8994 8.46526
6.04701 12.5164 10.1183
7.69501 14.5324 7.25026
4.84701 17.1324 7.30026
4.77301 17.6964 11.1113

8.40601 17.0334 12.2453
10.99 19.8154 11.5593
13.793 17.1874 12.0093
12.982 15.1834 8.83126
14.951 17.1644 6.21026

14.809 14.6404 3.29726
12.049 12.4694 1.81826
13.511 9.60745 -0.311741
10.655 8.69745 -2.68474
10.081 6.16945 -5.47274

8.76901 8.06545 -8.57374
6.34001 5.15545 -9.28274
5.27701 4.30645 -5.68574
4.79001 7.90045 -4.31874
3.06801 9.42945 -7.45174
-0.392993 8.95545 -5.76374
-2.39099 9.91145 -2.61274
0.376007 11.6774 -0.617741
0.825007 15.4494 0.0672587
4.27801 16.9924 0.776259
3.44101 20.7274 1.22226
6.15101 21.0594 3.97526
8.93501 20.9944 1.30226
9.81901 23.7994 -1.19474

12.266 21.7224 -3.33674
11.957 18.5584 -5.47874
15.124 16.7914 -6.76374
14.747 14.1584 -9.50774

17.907 12.0354 -9.06374
16.698 10.0154 -12.0947
14.687 10.8184 -15.2427
11.494 8.85345 -16.0387
10.408 8.29945 -19.7057
6.76201 9.27145 -18.9607

6.22201 13.0484 -18.3127
2.74901 12.5004 -16.7497
4.45001 10.6334 -13.8297
7.06901 13.4294 -13.4147
4.23201 16.0574 -13.2607
2.35201 13.8174 -10.7257
5.53001 13.8104 -8.54574
6.00401 17.6614 -8.77774

2.30601 18.1364 -7.75974
2.98001 16.2894 -4.47574
4.60101 19.5694 -3.21074
2.66901 22.0914 -5.35574
-0.714993 21.5984 -3.53174
-3.25499 23.7724 -1.64874
-1.33099 24.7144 1.54826
1.97701 25.4864 -0.273741
3.20601 29.0864 0.440259
6.72801 29.0174 -1.17274
7.83101 28.9804 -4.85874

8.45301 25.2994 -5.68174
11.943 24.4784 -7.01374
12.205 21.4274 -9.34874
15.766 20.1754 -10.0897
16.27 17.4914 -12.8017
19.69 15.7964 -12.2937
21.223 14.7804 -15.6967

24.612 13.2804 -16.7187
26.313 13.7994 -20.1477
27.419 10.4344 -21.6717
24.396 8.45945 -20.2537
20.724 7.45945 -20.8797

19.712 11.0434 -19.8007
21.031 12.3874 -23.1847
18.251 10.3794 -24.9947
15.552 10.4564 -22.2607
15.516 14.2704 -21.8407
14.705 15.1124 -25.5547
12.12 12.2254 -25.5047
10.411 13.6624 -22.3607
10.424 17.1754 -23.9777
8.73101 16.0924 -27.2597
6.13001 14.1674 -25.1447
5.28801 17.3024 -23.0257
4.92801 19.2944 -26.2977
2.45501 16.6494 -27.6627
0.533007 16.9154 -24.3307
0.548007 20.7794 -24.4947
-0.678993 20.8634 -28.1647

-3.55199 18.5414 -27.0477
-4.35199 21.0834 -24.2027
-3.27599 18.4824 -21.5587
-0.255993 20.3894 -20.0827
0.919007 24.0044 -19.5107
4.37701 22.5654 -18.7757
6.85101 23.7014 -21.4207
10.291 22.0294 -20.9477
12.176 23.8354 -23.8367

13.182 26.9244 -21.7547
15.23 24.7354 -19.3117
17.577 23.4184 -22.0907
18.428 26.8154 -23.6497

19.693 27.7744 -20.1197
22.178 24.8014 -19.6967

End chain 1
