-13.201 -6.296 -53.957
-10.703 -3.406 -53.291
-9.54 -3.087 -49.639
-11.02 0.322 -48.639
-8.614 1.85 -46.053
-10.787 3.126 -43.162

-9.634 6.195 -41.181
-10.061 4.9 -37.589
-10.286 6.838 -34.306
-12.195 7.103 -30.979
-14.163 9.439 -28.711
-12.619 10.223 -25.263
-14.157 12.207 -22.344

-11.943 15.248 -21.466
-14.301 16.978 -18.949
-17.827 16.65 -17.399
-19.139 18.761 -20.353

-16.752 17.96 -23.312
-15.482 14.956 -25.281
-12.62 14.751 -27.824
-12.437 12.939 -31.204
-8.982 11.264 -31.393
-8.672 10.357 -35.1

-6.282 10.744 -38.079
-6.98 13.557 -40.6
-9.895 13.022 -43.051

-11.208 15.853 -45.293
-14.92 14.856 -45.011
-14.611 14.37 -41.226
-13.015 17.857 -40.827
-15.875 19.254 -42.999
-18.403 17.482 -40.669
-16.559 18.759 -37.515
-16.844 22.341 -38.957

-20.697 21.797 -39.029
-20.861 21.033 -35.24
-22.116 23.933 -33.104
-20.016 23.255 -29.939
-16.791 22.621 -31.971

-13.393 23.436 -30.391
-10.011 22.816 -32.063
-6.805 22.812 -29.99

-3.883 23.919 -32.209
-1.328 22.314 -29.773
-2.753 18.736 -29.691
-4.334 19.137 -33.217

-7.578 17.622 -31.79
-11.313 18.386 -31.995
-13.683 18.544 -28.991
-17.466 19.001 -28.65
-20.131 19.402 -25.91

-21.257 16.038 -24.476
-24.923 16.743 -25.497
-23.731 16.722 -29.178
-22.178 13.179 -28.839
-25.228 11.354 -30.322
-25.57 14.044 -33.093
-21.852 13.682 -34.021
-21.815 9.829 -34.037
-25.045 9.774 -36.128
-23.507 12.176 -38.75
-20.093 10.348 -38.803

-21.793 6.948 -39.527
-22.962 8.546 -42.834
-19.328 9.196 -43.991
-17.677 6.563 -46.261
-14.251 5.2 -45.121

-14.46 6.789 -41.562
-14.765 4.819 -38.279
-15.142 6.964 -35.114
-15.663 4.659 -32.101

-18.218 6.249 -29.657
-17.862 6.903 -25.912
-18.35 3.469 -24.195
-21.794 2.549 -22.772
-20.235 2.829 -19.255
-19.534 6.58 -19.812
-22.964 7.196 -21.431
-24.623 5.531 -18.378
-22.42 7.523 -15.909

-23.028 10.919 -17.654
-26.668 10.153 -18.714
-27.851 13.482 -17.123

-25.214 15.594 -18.963
-26 13.8 -22.296
-29.631 15.147 -21.909

-29.014 18.802 -20.797
-28.522 21.656 -23.337
-27.494 23.803 -20.296
-24.374 24.206 -18.108
-26.03 23.63 -14.722
-23.195 22.587 -12.38
-23.731 19.355 -10.334

-27.219 19.392 -8.694
-26.798 20.208 -4.988
-26.578 17.032 -2.906
-29.814 16.999 -0.82
-29.276 16.946 2.956
-30.305 13.551 4.343

-32.727 13.25 7.268
-30.389 11.851 9.975
-33.077 12.019 12.787
-33.159 8.159 12.923
-29.32 8.149 13.454
-27.82 8.306 16.969

-27.52 12.074 17.913
-23.991 11.509 19.371
-22.796 10.469 15.867
-24.731 13.185 13.93
-23.402 16.008 16.22
-19.738 14.82 15.861

-19.687 14.822 11.995
-17.445 17.587 10.586

-19.106 19.692 7.763
-17.231 17.783 4.996
-18.064 14.402 6.666
-21.796 15.407 6.677
-21.562 16.318 2.947
-19.943 12.855 2.346
-22.788 11.075 4.244
-25.363 13.084 2.191
-23.555 12.165 -1.104
-23.43 8.459 -0.115
-27.196 8.491 0.728
-28.024 10.343 -2.565

-25.973 7.645 -4.472
-28.214 5.048 -2.67
-25.512 3.7 -0.27

-23.352 2.353 -3.174
-19.956 4.118 -3.237
-16.209 4.012 -2.721
-15.295 6.541 0.021

-11.694 7.195 -1.128

-11.135 10.189 1.225
-7.504 10.605 2.377

-6.048 8.715 5.398
-7.361 9.956 8.784
-10.233 12.169 7.374
-12.706 9.981 9.408

-13.844 7.354 6.831
-15.012 5.081 9.734
-17.363 7.714 11.316
-18.876 8.506 7.854
-19.282 4.738 7.09
-21.02 4.042 10.461
-23.415 6.996 9.798
-24.247 5.855 6.195
-24.846 2.277 7.463
-26.955 3.52 10.461
-29.227 5.531 8.078

-29.9 2.058 6.507

-30.384 0.293 9.981
-33.886 -0.857 8.77
-32.05 -2.956 6.062
-29.626 -4.868 8.41
-27.981 -7.413 9.17

-24.774 -5.448 8.488
-21.551 -7.137 7.269
-18.235 -5.328 7.997
-15.132 -6.739 6.223
-11.829 -5.357 7.603

-8.05 -6.016 7.986
-7.416 -8.82 10.567
-5.856 -6.305 13.093
-8.689 -3.64 13.199

-11.758 -5.868 14.003
-11.895 -4.753 17.675
-11.154 -1.102 16.63
-14.365 -1.304 14.506
-16.414 -2.897 17.375
-15.268 -0.08 19.729
-16.109 2.476 16.969
-19.722 1.111 16.76
-20.082 1.14 20.611
-18.596 4.7 20.723
-20.823 6.195 17.978

-24.121 4.191 18.24
-24.851 3.95 22.056
-28.388 2.791 20.948
-26.764 -0.701 20.406
-26.03 -3.285 23.117

-22.632 -5.104 22.857
-24.638 -8.32 22.08
-25.78 -6.667 18.791

-22.091 -6.816 17.576
-20.505 -10.124 16.488
-16.681 -10.041 16.081

-15.702 -13.116 14.035
-12.316 -14.303 15.372
-12.201 -17.837 13.813
-13.405 -19.799 10.735
-15.769 -21.82 13.07
-17.788 -18.808 14.317
-21.352 -17.917 13.159
-21.075 -14.973 10.701
-24.816 -14.102 11.273
-24.919 -14.166 15.127
-25.108 -10.332 15.536
-27.08 -7.466 13.995

-23.588 -6.14 13.038
-21.065 -8.833 11.965
-17.336 -7.898 11.803
-15.009 -10.302 9.887
-11.529 -10.295 8.291

-10.658 -10.74 4.577
-8.757 -14.009 5.375
-11.833 -15.546 7.113
-14.3 -14.769 4.222

-12.926 -17.715 2.14
-13.287 -20.073 5.183
-16.843 -18.74 5.845
-18.014 -18.815 2.139
-20.731 -21.415 3.044
-22.243 -18.836 5.512
-21.955 -15.894 2.989
-25.071 -17.433 1.278
-27.188 -15.451 3.825
-28.094 -12.137 2.052
-26.367 -9.235 3.842
-28.236 -6.215 2.36

-25.704 -3.677 3.792
-21.936 -4.298 3.429
-19.007 -2.145 4.602
-15.517 -3.11 3.36

-12.662 -1.237 5.059
-9.341 -0.865 3.151

-11.066 -2.352 0.031
-7.765 -2.207 -1.968
-7.252 -5.742 -0.456
-9.774 -6.866 -3.176

-7.558 -5.436 -6.054
-6.861 -8.909 -7.611
-9.913 -10.983 -8.736
-7.994 -14.348 -8.638
-7.386 -14.116 -4.839

-9.551 -16.269 -2.508
-10.568 -13.122 -0.487
-11.832 -11.409 -3.693
-13.586 -14.593 -5.006
-15.461 -14.905 -1.648
-16.313 -11.137 -1.332
-17.465 -10.353 -4.925
-20.7 -12.523 -5.003
-21.961 -10.786 -1.799
-21.004 -7.272 -3.064
-22.893 -7.826 -6.386
-26.148 -8.927 -4.576

-26.072 -6.644 -1.465
-28.372 -3.542 -1.704

-25.826 -1.116 -0.104
-22.019 -1.347 -0.629
-19.769 1.077 1.29
-16.145 0.543 0.177
-13.427 2.479 2.088

-9.739 3.065 1.181
-6.998 5.712 1.573
-5.29 4.301 -1.537
-8.002 2.778 -3.832
-5.263 1.979 -6.345
-1.844 1.044 -4.877
0.179 1.273 -8.156
-1.96 0.815 -11.364

-5.486 1.412 -12.884
-6.145 -2.396 -13.101
-6.402 -2.518 -9.223
-9.619 -0.37 -9.379
-11.628 -2.846 -11.528
-12.904 -5.026 -8.614
-13.981 -1.892 -6.643
-15.738 -0.406 -9.758
-17.759 -3.638 -10.376
-18.545 -3.926 -6.614
-20.104 -0.383 -6.596

-21.607 -0.654 -10.172
-21.992 -4.37 -11.257
-23.172 -3.251 -14.78
-19.935 -1.29 -15.508
-17.337 -3.236 -17.592
-18.9 -6.785 -17.229
-15.576 -8.217 -18.571

-12.101 -7.019 -17.429
-10.719 -7.022 -21.032
-12.866 -3.967 -22.03
-11.565 -2.031 -18.959
-7.965 -3.199 -19.668
-8.028 -2.162 -23.384
-9.238 1.366 -22.43
-7.403 2.18 -19.142

-4.51 -0.351 -18.764
-2.851 0.132 -22.242
-3.499 -3.577 -22.858

-0.922 -5.224 -25.189
-1.171 -8.572 -27.031
2.109 -10.415 -26.274

3.105 -13.897 -27.702
2.055 -15.464 -24.315

-1.301 -13.571 -23.908
-2.465 -10.088 -22.814
-0.375 -7.663 -20.732

-2.386 -5.192 -18.538
0.545 -3.576 -16.579
0.214 -0.249 -18.472
-2.005 2.838 -18.126
-4.133 4.898 -20.565
-6.888 7.593 -20.643

-6.428 8.31 -16.868
-8.259 11.708 -16.967
-11.359 9.932 -18.424
-11.034 7.218 -15.72
-10.853 9.986 -13.027
-14.061 11.624 -14.396
-15.894 8.229 -14.505
-14.782 7.406 -10.918
-15.841 10.804 -9.431
-19.243 10.854 -11.244
-20.42 7.245 -10.709

-18.189 5.243 -8.243

-16.056 7.301 -5.859
-16.114 10.195 -3.388

-12.511 11.437 -2.855
-11.204 14.438 -0.866
-7.629 15.273 0.108

-6.103 16.757 3.336
-5.492 19.961 1.314
-9.247 20.21 0.414
-10.687 19.84 3.974

-8.46915 22.7475 4.76837
-4.85059 23.2038 5.78321
-3.46112 23.919 9.34945
-5.82527 21.8959 11.669

-3.98031 18.5743 11.7432
-6.15981 17.3169 14.5913

-4.50381 13.9469 13.8483
-0.887812 14.7949 12.8703
0.649188 11.9049 10.8683
4.32819 11.4069 9.92133
6.69019 8.79794 8.51933
9.73119 8.10294 10.7603
12.5502 6.54894 8.70533

14.3302 4.34794 11.2963
18.0452 4.16694 10.4863

19.0292 0.93594 8.56333
22.6442 1.40694 9.89133
21.6062 -0.78506 12.9133

20.5652 -3.57406 10.4283
23.7032 -5.75506 10.4943

25.2092 -7.02806 7.19633
23.8972 -10.6461 7.73733
20.2752 -9.44806 8.28833
20.5522 -7.11806 5.22733
21.9812 -9.96306 3.07533
19.0432 -12.1801 4.26033
16.4972 -9.44506 3.26233
18.2942 -9.04706 -0.127673
18.2072 -12.8731 -0.558673
14.4342 -13.1821 0.189327
13.7462 -10.1301 -2.07867
15.7012 -11.8061 -4.96567
13.9272 -15.1191 -4.17467
10.4302 -13.5671 -4.75867
11.5212 -12.2361 -8.22967

13.0012 -15.5661 -9.48167
11.1712 -16.6641 -12.6867
11.3122 -20.4441 -12.1517
9.44119 -20.6051 -8.76667
5.86819 -21.8331 -8.25967

3.07219 -19.4461 -7.10567
3.39119 -21.1081 -3.64267
7.21319 -20.6491 -3.35367
6.66219 -16.9471 -4.32467
4.07319 -16.5941 -1.44967
6.44119 -18.4141 0.987327
9.39019 -16.1221 0.0303269
7.03919 -13.0841 0.486327
6.02419 -14.2861 4.01033
9.73919 -14.8671 4.81733
10.7092 -11.3461 3.54533
7.88219 -9.80706 5.66033
8.83719 -11.7561 8.85833
12.5702 -10.8391 8.29133
11.5202 -7.14906 7.93133
9.86919 -7.33806 11.3913
13.0292 -8.91906 12.9603
15.3292 -6.35806 11.2323
13.3302 -3.38406 12.6783
13.2772 -4.58006 16.3763
16.5642 -2.82706 17.5133
15.6272 0.60594 16.0413
11.9422 0.25094 17.0813
13.2832 -0.29706 20.6523
15.7552 2.64594 20.2653
12.8282 4.89694 19.1823
10.5162 3.74494 22.0723
13.3212 4.51294 24.5833
13.9752 7.96294 22.9583
10.2262 8.75994 23.4343
10.3532 7.74894 27.1593
13.6782 9.61394 27.7493

12.0202 12.6929 26.0663
9.54019 12.6779 29.0403
6.37119 11.3809 27.2493
3.67719 10.4279 29.7773
1.42419 8.07894 27.6533

1.64319 6.48394 24.1723
0.475188 3.40794 22.2013
2.84519 1.04594 20.3263
1.25919 -1.02106 17.5223
2.88019 -4.17606 16.0513

1.49819 -7.47706 14.5743
4.37619 -10.0211 14.6293

4.50719 -11.7051 18.0823
8.37019 -11.5031 18.1403
8.14019 -7.64606 17.8983
5.53719 -7.46106 20.7423
7.69819 -9.89606 22.8283
10.9632 -7.91406 22.2743
9.28619 -4.53506 23.1203
7.73319 -5.96406 26.3593
11.0692 -7.59706 27.3893
13.0112 -4.29406 26.9693
10.3252 -2.28106 28.8773
10.5432 -4.87206 31.7423
14.4052 -4.64806 31.6273

14.1172 -0.79306 31.8833
11.4492 -1.22506 34.6843
8.87119 0.73494 32.5823
5.26719 0.04794 33.6513

3.26419 -0.94306 30.5403
0.179188 -2.91106 29.3743
0.101188 -5.62806 26.6583
-2.90081 -6.72906 24.5143

-2.63481 -9.45106 21.8163
-4.46781 -12.5471 20.4023
-3.88981 -14.4641 23.7113
-5.32381 -11.7151 26.0273
-8.83681 -12.7201 27.2163
-11.9998 -10.6241 26.5603
-12.3728 -9.51606 30.2483

-8.61481 -8.87406 30.8353
-8.62381 -6.64906 27.6683
-11.1848 -4.31706 29.3323
-9.33581 -4.37206 32.7163
-5.89981 -3.58406 31.1083
-7.64081 -0.81506 29.0853
-8.97481 0.67294 32.3853
-5.49781 0.28994 34.0383
-3.84981 2.30594 31.1703
-6.69781 4.90594 31.2203
-6.77181 5.46994 35.0313

-3.13881 4.80694 36.1653
-0.554812 7.58894 35.4793
2.24819 4.96094 35.9293
1.43719 2.95694 32.7513
3.40619 4.93794 30.1303

3.26419 2.41394 27.2173
0.504188 0.24294 25.7383
1.96619 -2.61906 23.6083
-0.889812 -3.52906 21.2353
-1.46381 -6.05706 18.4473

-2.77581 -4.16106 15.3463
-5.20481 -7.07106 14.6373
-6.26781 -7.92006 18.2343
-6.75481 -4.32606 19.6013
-8.47681 -2.79706 16.4683
-11.9378 -3.27106 18.1563
-13.9358 -2.31506 21.3073
-11.1688 -0.54906 23.3023
-10.7198 3.22294 23.9873
-7.26681 4.76594 24.6963
-8.10381 8.50094 25.1423
-5.39381 8.83294 27.8953
-2.60981 8.76794 25.2223
-1.72581 11.5729 22.7253

0.721188 9.49594 20.5833
0.412188 6.33194 18.4413
3.57919 4.56494 17.1563
3.20219 1.93194 14.4123

6.36219 -0.19106 14.8563
5.15319 -2.21106 11.8253
3.14219 -1.40806 8.67733
-0.0508122 -3.37306 7.88133
-1.13681 -3.92706 4.21433
-4.78281 -2.95506 4.95933

-5.32281 0.82194 5.60733
-8.79581 0.27394 7.17033
-7.09481 -1.59306 10.0903
-4.47581 1.20294 10.5053
-7.31281 3.83094 10.6593
-9.19281 1.59094 13.1943
-6.01481 1.58394 15.3743
-5.54081 5.43494 15.1423

-9.23881 5.90994 16.1603
-8.56481 4.06294 19.4443
-6.94381 7.34294 20.7093
-8.87581 9.86494 18.5643
-12.2598 9.37194 20.3883
-14.7998 11.5459 22.2713
-12.8758 12.4879 25.4683
-9.56781 13.2599 23.6463
-8.33881 16.8599 24.3603
-4.81681 16.7909 22.7473
-3.71381 16.7539 19.0613

-3.09181 13.0729 18.2383
0.398188 12.2519 16.9063
0.660188 9.20094 14.5713
4.22119 7.94894 13.8303
4.72519 5.26494 11.1183
8.14519 3.56994 11.6263
9.67819 2.55394 8.22333

13.0672 1.05394 7.20133
14.7682 1.57294 3.77233
15.8742 -1.79206 2.24833
12.8512 -3.76706 3.66633
9.17919 -4.76706 3.04033

8.16719 -1.18306 4.11933
9.48619 0.16094 0.735327
6.70619 -1.84706 -1.07467
4.00719 -1.77006 1.65933
3.97119 2.04394 2.07933
3.16019 2.88594 -1.63467
0.575188 -0.00106003 -1.58467
-1.13381 1.43594 1.55933
-1.12081 4.94894 -0.0576731
-2.81381 3.86594 -3.33967
-5.41481 1.94094 -1.22467
-6.25681 5.07594 0.894327
-6.61681 7.06794 -2.37767
-9.08981 4.42294 -3.74267
-11.0118 4.68894 -0.410673
-10.9968 8.55294 -0.574673
-12.2238 8.63694 -4.24467

-15.0968 6.31494 -3.12767
-15.8968 8.85694 -0.282673
-14.8208 6.25594 2.36133
-11.8008 8.16294 3.83733
-10.6258 11.7779 4.40933
-7.16781 10.3389 5.14433
-4.69381 11.4749 2.49933
-1.25381 9.80294 2.97233
0.631188 11.6089 0.0833269

1.63719 14.6979 2.16533
3.68519 12.5089 4.60833
6.03219 11.1919 1.82933
6.88319 14.5889 0.270327

8.14819 15.5479 3.80033
10.6332 12.5749 4.22333

End chain 1
