-13.201 -6.296 -53.957
-10.703 -3.406 -53.291
-9.54 -3.087 -49.639
-11.02 0.322 -48.639
-8.614 1.85 -46.053
-10.787 3.126 -43.162

-9.634 6.195 -41.181
-10.061 4.9 -37.589
-10.286 6.838 -34.306
-12.195 7.103 -30.979
-14.163 9.439 -28.711
-12.619 10.223 -25.263
-14.157 12.207 -22.344

-11.943 15.248 -21.466
-14.301 16.978 -18.949
-17.827 16.65 -17.399
-19.139 18.761 -20.353

-16.752 17.96 -23.312
-15.482 14.956 -25.281
-12.62 14.751 -27.824
-12.437 12.939 -31.204
-8.982 11.264 -31.393
-8.672 10.357 -35.1

-6.282 10.744 -38.079
-6.98 13.557 -40.6
-9.895 13.022 -43.051

-11.208 15.853 -45.293
-14.92 14.856 -45.011
-14.611 14.37 -41.226
-13.015 17.857 -40.827
-15.875 19.254 -42.999
-18.403 17.482 -40.669
-16.559 18.759 -37.515
-16.844 22.341 -38.957

-20.6199 22.1396 -38.8632
-23.8423 23.8831 -39.9665
-26.9093 26.0294 -40.6531
-30.1612 24.2702 -41.5591
-30.7713 20.7565 -42.7178

-31.8107 17.4842 -44.2011
-34.9209 16.4802 -46.0207
-37.3645 19.0637 -47.6207

-34.4425 20.1707 -49.8397
-31.8875 18.5657 -47.4037
-33.3125 14.9877 -47.3217
-34.8935 15.3887 -50.8477

-38.1375 13.8737 -49.4207
-41.8725 14.6377 -49.6257
-44.2425 14.7957 -46.6217
-48.0255 15.2527 -46.2807
-50.6905 15.6537 -43.5407

-51.8165 12.2897 -42.1067
-55.4825 12.9947 -43.1277
-54.2905 12.9737 -46.8087
-52.7375 9.43067 -46.4697
-55.7875 7.60567 -47.9527
-56.1295 10.2957 -50.7237
-52.4115 9.93367 -51.6517
-52.3745 6.08067 -51.6677
-55.6045 6.02567 -53.7587
-54.0665 8.42767 -56.3807
-50.6525 6.59967 -56.4337

-52.3525 3.19967 -57.1577
-53.5215 4.79767 -60.4647
-49.8875 5.44767 -61.6217
-48.2365 2.81467 -63.8917
-44.8105 1.45167 -62.7517

-45.0195 3.04067 -59.1927
-45.3245 1.07067 -55.9097
-45.7015 3.21567 -52.7447
-46.2225 0.910665 -49.7317

-48.7775 2.50067 -47.2877
-48.4215 3.15467 -43.5427
-48.9095 -0.279335 -41.8257
-52.3535 -1.19933 -40.4027
-50.7945 -0.919335 -36.8857
-50.0935 2.83167 -37.4427
-53.5235 3.44767 -39.0617
-55.1825 1.78267 -36.0087
-52.9795 3.77467 -33.5397

-53.5875 7.17067 -35.2847
-57.2275 6.40467 -36.3447
-58.4105 9.73367 -34.7537

-55.7735 11.8457 -36.5937
-56.5595 10.0517 -39.9267
-60.1905 11.3987 -39.5397

-59.5735 15.0537 -38.4277
-59.0815 17.9077 -40.9677
-58.0535 20.0547 -37.9267
-54.9335 20.4577 -35.7387
-56.5895 19.8817 -32.3527
-53.7545 18.8387 -30.0107
-54.2905 15.6067 -27.9647

-57.7785 15.6437 -26.3247
-57.3575 16.4597 -22.6187
-57.1375 13.2837 -20.5367
-60.3735 13.2507 -18.4507
-59.8355 13.1977 -14.6747
-60.8645 9.80267 -13.2877

-63.2865 9.50167 -10.3627
-60.9485 8.10267 -7.65571
-63.6365 8.27067 -4.84371
-63.7185 4.41067 -4.70771
-59.8795 4.40067 -4.17671
-58.3795 4.55767 -0.661706

-58.0795 8.32567 0.282294
-54.5505 7.76067 1.74029
-53.3555 6.72067 -1.76371
-55.2905 9.43667 -3.70071
-53.9615 12.2597 -1.41071
-50.2975 11.0717 -1.76971

-50.2465 11.0737 -5.63571
-48.0045 13.8387 -7.04471

-49.6655 15.9437 -9.86771
-47.7905 14.0347 -12.6347
-48.6235 10.6537 -10.9647
-52.3555 11.6587 -10.9537
-52.1215 12.5697 -14.6837
-50.5025 9.10667 -15.2847
-53.3475 7.32667 -13.3867
-55.9225 9.33567 -15.4397
-54.1145 8.41667 -18.7347
-53.9895 4.71067 -17.7457
-57.7555 4.74267 -16.9027
-58.5835 6.59467 -20.1957

-56.5325 3.89667 -22.1027
-58.7735 1.29967 -20.3007
-56.0715 -0.0483347 -17.9007

-53.9115 -1.39533 -20.8047
-50.5155 0.369665 -20.8677
-46.7685 0.263665 -20.3517
-45.8545 2.79267 -17.6097

-42.2535 3.44667 -18.7587

-41.6945 6.44067 -16.4057
-38.0635 6.85667 -15.2537

-36.6075 4.96667 -12.2327
-37.9205 6.20767 -8.84671
-40.7925 8.42067 -10.2567
-43.2655 6.23267 -8.22271

-44.4035 3.60567 -10.7997
-45.5715 1.33267 -7.89671
-47.9225 3.96567 -6.31471
-49.4355 4.75767 -9.77671
-49.8415 0.989665 -10.5407
-51.5795 0.293665 -7.16971
-53.9745 3.24767 -7.83271
-54.8065 2.10667 -11.4357
-55.4055 -1.47133 -10.1677
-57.5145 -0.228335 -7.16971
-59.7865 1.78267 -9.55271

-60.4595 -1.69033 -11.1237

-60.9435 -3.45533 -7.64971
-64.4455 -4.60533 -8.86071
-62.6095 -6.70433 -11.5687
-60.1855 -8.61633 -9.22071
-58.5405 -11.1613 -8.46071

-55.3335 -9.19633 -9.14271
-52.1105 -10.8853 -10.3617
-48.7945 -9.07633 -9.63371
-45.6915 -10.4873 -11.4077
-42.3885 -9.10533 -10.0277

-38.6095 -9.76433 -9.64471
-37.9755 -12.5683 -7.06371
-36.4155 -10.0533 -4.53771
-39.2485 -7.38833 -4.43171

-42.3175 -9.61633 -3.62771
-42.4545 -8.50133 0.0442943
-41.7135 -4.85033 -1.00071
-44.9245 -5.05233 -3.12471
-46.9735 -6.64533 -0.255706
-45.8275 -3.82833 2.09829
-46.6685 -1.27233 -0.661706
-50.2815 -2.63733 -0.870706
-50.6415 -2.60833 2.98029
-49.1555 0.951665 3.09229
-51.3825 2.44667 0.347294

-54.6805 0.442665 0.609294
-55.4105 0.201665 4.42529
-58.9475 -0.957335 3.31729
-57.3235 -4.44933 2.77529
-56.5895 -7.03333 5.48629

-53.1915 -8.85233 5.22629
-55.1975 -12.0683 4.44929
-56.3395 -10.4153 1.16029

-52.6505 -10.5643 -0.0547057
-51.0645 -13.8723 -1.14271
-47.2405 -13.7893 -1.54971

-46.2615 -16.8643 -3.59571
-42.8755 -18.0513 -2.25871
-42.7605 -21.5853 -3.81771
-43.9645 -23.5473 -6.89571
-46.3285 -25.5683 -4.56071
-48.3475 -22.5563 -3.31371
-51.9115 -21.6653 -4.47171
-51.6345 -18.7213 -6.92971
-55.3755 -17.8503 -6.35771
-55.4785 -17.9143 -2.50371
-55.6675 -14.0803 -2.09471
-57.6395 -11.2143 -3.63571

-54.1475 -9.88833 -4.59271
-51.6245 -12.5813 -5.66571
-47.8955 -11.6463 -5.82771
-45.5685 -14.0503 -7.74371
-42.0885 -14.0433 -9.33971

-41.2175 -14.4883 -13.0537
-39.3165 -17.7573 -12.2557
-42.3925 -19.2943 -10.5177
-44.8595 -18.5173 -13.4087

-43.4855 -21.4633 -15.4907
-43.8465 -23.8213 -12.4477
-47.4025 -22.4883 -11.7857
-48.5735 -22.5633 -15.4917
-51.2905 -25.1633 -14.5867
-52.8025 -22.5843 -12.1187
-52.5145 -19.6423 -14.6417
-55.6305 -21.1813 -16.3527
-57.7475 -19.1993 -13.8057
-58.6535 -15.8853 -15.5787
-56.9265 -12.9833 -13.7887
-58.7955 -9.96333 -15.2707

-56.2635 -7.42533 -13.8387
-52.4955 -8.04633 -14.2017
-49.5665 -5.89333 -13.0287
-46.0765 -6.85833 -14.2707

-43.2215 -4.98533 -12.5717
-39.9005 -4.61333 -14.4797

-41.6255 -6.10033 -17.5997
-38.3245 -5.95533 -19.5987
-37.8115 -9.49033 -18.0867
-40.3335 -10.6143 -20.8067

-38.1175 -9.18433 -23.6847
-37.4205 -12.6573 -25.2417
-40.4725 -14.7313 -26.3667
-38.5535 -18.0963 -26.2687
-37.9455 -17.8643 -22.4697

-40.1105 -20.0173 -20.1387
-41.1275 -16.8703 -18.1177
-42.3915 -15.1573 -21.3237
-44.1455 -18.3413 -22.6367
-46.0205 -18.6533 -19.2787
-46.8725 -14.8853 -18.9627
-48.0245 -14.1013 -22.5557
-51.2595 -16.2713 -22.6337
-52.5205 -14.5343 -19.4297
-51.5635 -11.0203 -20.6947
-53.4525 -11.5743 -24.0167
-56.7075 -12.6753 -22.2067

-56.6315 -10.3923 -19.0957
-58.9315 -7.29033 -19.3347

-56.3855 -4.86433 -17.7347
-52.5785 -5.09533 -18.2597
-50.3285 -2.67133 -16.3407
-46.7045 -3.20533 -17.4537
-43.9865 -1.26933 -15.5427

-40.2985 -0.683335 -16.4497
-37.5575 1.96367 -16.0577
-35.8495 0.552665 -19.1677
-38.5615 -0.970335 -21.4627
-35.8225 -1.76933 -23.9757
-32.4035 -2.70433 -22.5077
-30.3805 -2.47533 -25.7867
-32.5195 -2.93333 -28.9947

-36.0455 -2.33633 -30.5147
-36.7045 -6.14433 -30.7317
-36.9615 -6.26633 -26.8537
-40.1785 -4.11833 -27.0097
-42.1875 -6.59433 -29.1587
-43.4635 -8.77433 -26.2447
-44.5405 -5.64033 -24.2737
-46.2975 -4.15433 -27.3887
-48.3185 -7.38633 -28.0067
-49.1045 -7.67433 -24.2447
-50.6635 -4.13133 -24.2267

-52.1665 -4.40233 -27.8027
-52.5515 -8.11833 -28.8877
-53.7315 -6.99933 -32.4107
-50.4945 -5.03833 -33.1387
-47.8965 -6.98433 -35.2227
-49.4595 -10.5333 -34.8597
-46.1355 -11.9653 -36.2017

-42.6605 -10.7673 -35.0597
-41.2785 -10.7703 -38.6627
-43.4255 -7.71533 -39.6607
-42.1245 -5.77933 -36.5897
-38.5245 -6.94733 -37.2987
-38.5875 -5.91033 -41.0147
-39.7975 -2.38233 -40.0607
-37.9625 -1.56833 -36.7727

-35.0695 -4.09933 -36.3947
-33.4105 -3.61633 -39.8727
-34.0585 -7.32533 -40.4887

-31.4815 -8.97233 -42.8197
-31.7305 -12.3203 -44.6617
-28.4505 -14.1633 -43.9047

-27.4545 -17.6453 -45.3327
-28.5045 -19.2123 -41.9457

-31.8605 -17.3193 -41.5387
-33.0245 -13.8363 -40.4447
-30.9345 -11.4113 -38.3627

-32.9455 -8.94033 -36.1687
-30.0145 -7.32433 -34.2097
-30.3455 -3.99733 -36.1027
-32.5645 -0.910335 -35.7567
-34.6925 1.14967 -38.1957
-37.4475 3.84467 -38.2737

-36.9875 4.56167 -34.4987
-38.8185 7.95967 -34.5977
-41.9185 6.18367 -36.0547
-41.5935 3.46967 -33.3507
-41.4125 6.23767 -30.6577
-44.6205 7.87567 -32.0267
-46.4535 4.48067 -32.1357
-45.3415 3.65767 -28.5487
-46.4005 7.05567 -27.0617
-49.8025 7.10567 -28.8747
-50.9795 3.49667 -28.3397

-48.7485 1.49467 -25.8737

-46.6155 3.55267 -23.4897
-46.6735 6.44667 -21.0187

-43.0705 7.68867 -20.4857
-41.7635 10.6897 -18.4967
-38.1885 11.5247 -17.5227

-36.6625 13.0087 -14.2947
-36.0515 16.2127 -16.3167
-39.8065 16.4617 -17.2167
-41.2465 16.0917 -13.6567

-38.4355 16.5867 -11.0347
-36.4745 19.8217 -11.8657
-35.0605 19.5847 -8.26571
-33.0555 16.3167 -8.68171

-29.2565 17.0107 -8.69671
-27.5035 16.2767 -12.0207

-25.8475 12.9067 -12.7637
-22.2315 13.7547 -13.7417
-20.6945 10.8647 -15.7437
-17.0155 10.3667 -16.6907
-14.6535 7.75767 -18.0927
-11.6125 7.06267 -15.8517
-8.79346 5.50867 -17.9067

-7.01346 3.30767 -15.3157
-3.29846 3.12667 -16.1257

-2.31446 -0.104335 -18.0487
1.30054 0.366665 -16.7207
0.262537 -1.82533 -13.6987

-0.778463 -4.61433 -16.1837
2.35954 -6.79533 -16.1177

3.86554 -8.06833 -19.4157
2.55354 -11.6863 -18.8747
-1.06846 -10.4883 -18.3237
-0.791463 -8.15833 -21.3847
0.637537 -11.0033 -23.5367
-2.30046 -13.2203 -22.3517
-4.84646 -10.4853 -23.3497
-3.04946 -10.0873 -26.7397
-3.13646 -13.9133 -27.1707
-6.90946 -14.2223 -26.4227
-7.59746 -11.1703 -28.6907
-5.64246 -12.8463 -31.5777
-7.41646 -16.1593 -30.7867
-10.9135 -14.6073 -31.3707
-9.82246 -13.2763 -34.8417

-8.34246 -16.6063 -36.0937
-10.1725 -17.7043 -39.2987
-10.0315 -21.4843 -38.7637
-11.9025 -21.6453 -35.3787
-15.4755 -22.8733 -34.8717

-18.2715 -20.4863 -33.7177
-17.9525 -22.1483 -30.2547
-14.1305 -21.6893 -29.9657
-14.6815 -17.9873 -30.9367
-17.2705 -17.6343 -28.0617
-14.9025 -19.4543 -25.6247
-11.9535 -17.1623 -26.5817
-14.3045 -14.1243 -26.1257
-15.3195 -15.3263 -22.6017
-11.6045 -15.9073 -21.7947
-10.6345 -12.3863 -23.0667
-13.4615 -10.8473 -20.9517
-12.5065 -12.7963 -17.7537
-8.77346 -11.8793 -18.3207
-9.82346 -8.18933 -18.6807
-11.4745 -8.37833 -15.2207
-8.31446 -9.95933 -13.6517
-6.01446 -7.39833 -15.3797
-8.01346 -4.42433 -13.9337
-8.06646 -5.62033 -10.2357
-4.77946 -3.86733 -9.09871
-5.71646 -0.434335 -10.5707
-9.40146 -0.789335 -9.53071
-8.06046 -1.33733 -5.95971
-5.58846 1.60567 -6.34671
-8.51546 3.85667 -7.42971
-10.8275 2.70467 -4.53971
-8.02246 3.47267 -2.02871
-7.36846 6.92267 -3.65371
-11.1175 7.71967 -3.17771
-10.9905 6.70867 0.547294
-7.66546 8.57367 1.13729

-9.32346 11.6527 -0.545706
-11.8035 11.6377 2.42829
-14.9725 10.3407 0.637294
-17.6665 9.38767 3.16529
-19.9195 7.03867 1.04129

-19.7005 5.44367 -2.43971
-20.8685 2.36767 -4.41071
-18.4985 0.00566532 -6.28571
-20.0845 -2.06133 -9.08971
-18.4635 -5.21633 -10.5607

-19.8455 -8.51733 -12.0377
-16.9675 -11.0613 -11.9827

-16.8365 -12.7453 -8.52971
-12.9735 -12.5433 -8.47171
-13.2035 -8.68633 -8.71371
-15.8065 -8.50133 -5.86971
-13.6455 -10.9363 -3.78371
-10.3805 -8.95433 -4.33771
-12.0575 -5.57533 -3.49171
-13.6105 -7.00433 -0.252706
-10.2745 -8.63733 0.777294
-8.33246 -5.33433 0.357294
-11.0185 -3.32133 2.26529
-10.8005 -5.91233 5.13029
-6.93846 -5.68833 5.01529

-7.22646 -1.83333 5.27129
-9.89446 -2.26533 8.07229
-12.4725 -0.305335 5.97029
-16.0765 -0.992335 7.03929

-18.0795 -1.98333 3.92829
-21.1645 -3.95133 2.76229
-21.2425 -6.66833 0.0462943
-24.2445 -7.76933 -2.09771

-23.9785 -10.4913 -4.79571
-25.8115 -13.5873 -6.20971
-25.2335 -15.5043 -2.90071
-26.6675 -12.7553 -0.584706
-30.1805 -13.7603 0.604294
-33.3435 -11.6643 -0.0517057
-33.7165 -10.5563 3.63629

-29.9585 -9.91433 4.22329
-29.9675 -7.68933 1.05629
-32.5285 -5.35733 2.72029
-30.6795 -5.41233 6.10429
-27.2435 -4.62433 4.49629
-28.9845 -1.85533 2.47329
-30.3185 -0.367335 5.77329
-26.8415 -0.750335 7.42629
-25.1935 1.26567 4.55829
-28.0415 3.86567 4.60829
-28.1155 4.42967 8.41929

-24.4825 3.76667 9.55329
-21.8985 6.54867 8.86729
-19.0955 3.92067 9.31729
-19.9065 1.91667 6.13929
-17.9375 3.89767 3.51829

-18.0795 1.37367 0.605294
-20.8395 -0.797335 -0.873706
-19.3775 -3.65933 -3.00371
-22.2335 -4.56933 -5.37671
-22.8075 -7.09733 -8.16471

-24.1195 -5.20133 -11.2657
-26.5485 -8.11133 -11.9747
-27.6115 -8.96033 -8.37771
-28.0985 -5.36633 -7.01071
-29.8205 -3.83733 -10.1437
-33.2815 -4.31133 -8.45571
-35.2795 -3.35533 -5.30471
-32.5125 -1.58933 -3.30971
-32.0635 2.18267 -2.62471
-28.6105 3.72567 -1.91571
-29.4475 7.46067 -1.46971
-26.7375 7.79267 1.28329
-23.9535 7.72767 -1.38971
-23.0695 10.5327 -3.88671

-20.6225 8.45567 -6.02871
-20.9315 5.29167 -8.17071
-17.7645 3.52467 -9.45571
-18.1415 0.891665 -12.1997

-14.9815 -1.23133 -11.7557
-16.1905 -3.25133 -14.7867
-18.2015 -2.44833 -17.9347
-21.3945 -4.41333 -18.7307
-22.4805 -4.96733 -22.3977
-26.1265 -3.99533 -21.6527

-26.6665 -0.218335 -21.0047
-30.1395 -0.766335 -19.4417
-28.4385 -2.63333 -16.5217
-25.8195 0.162665 -16.1067
-28.6565 2.79067 -15.9527
-30.5365 0.550665 -13.4177
-27.3585 0.543665 -11.2377
-26.8845 4.39467 -11.4697

-30.5825 4.86967 -10.4517
-29.9085 3.02267 -7.16771
-28.2875 6.30267 -5.90271
-30.2195 8.82467 -8.04771
-33.6035 8.33167 -6.22371
-36.1435 10.5057 -4.34071
-34.2195 11.4477 -1.14371
-30.9115 12.2197 -2.96571
-29.6825 15.8197 -2.25171
-26.1605 15.7507 -3.86471
-25.0575 15.7137 -7.55071

-24.4355 12.0327 -8.37371
-20.9455 11.2117 -9.70571
-20.6835 8.16067 -12.0407
-17.1225 6.90867 -12.7817
-16.6185 4.22467 -15.4937
-13.1985 2.52967 -14.9857
-11.6655 1.51367 -18.3887

-8.27646 0.0136653 -19.4107
-6.57546 0.532665 -22.8397
-5.46946 -2.83233 -24.3637
-8.49246 -4.80733 -22.9457
-12.1645 -5.80733 -23.5717

-13.1765 -2.22333 -22.4927
-11.8575 -0.879335 -25.8767
-14.6375 -2.88733 -27.6867
-17.3365 -2.81033 -24.9527
-17.3725 1.00367 -24.5327
-18.1835 1.84567 -28.2467
-20.7685 -1.04133 -28.1967
-22.4775 0.395665 -25.0527
-22.4645 3.90867 -26.6697
-24.1575 2.82567 -29.9517
-26.7585 0.900665 -27.8367
-27.6005 4.03567 -25.7177
-27.9605 6.02767 -28.9897
-30.4335 3.38267 -30.3547
-32.3555 3.64867 -27.0227
-32.3405 7.51267 -27.1867
-33.5675 7.59667 -30.8567

-36.4405 5.27467 -29.7397
-37.2405 7.81667 -26.8947
-36.1645 5.21567 -24.2507
-33.1445 7.12267 -22.7747
-31.9695 10.7377 -22.2027
-28.5115 9.29867 -21.4677
-26.0375 10.4347 -24.1127
-22.5975 8.76267 -23.6397
-20.7125 10.5687 -26.5287

-19.7065 13.6577 -24.4467
-17.6585 11.4687 -22.0037
-15.3115 10.1517 -24.7827
-14.4605 13.5487 -26.3417

-13.1955 14.5077 -22.8117
-10.7105 11.5347 -22.3887

End chain 1
