-13.201 -6.296 -53.957
-10.703 -3.406 -53.291
-9.54 -3.087 -49.639
-11.02 0.322 -48.639
-8.614 1.85 -46.053
-10.787 3.126 -43.162

-9.634 6.195 -41.181
-10.061 4.9 -37.589
-10.286 6.838 -34.306
-12.195 7.103 -30.979
-14.163 9.439 -28.711
-12.619 10.223 -25.263
-14.157 12.207 -22.344

-11.943 15.248 -21.466
-14.301 16.978 -18.949
-17.827 16.65 -17.399
-19.139 18.761 -20.353

-16.752 17.96 -23.312
-15.482 14.956 -25.281
-12.62 14.751 -27.824
-12.437 12.939 -31.204
-8.982 11.264 -31.393
-8.672 10.357 -35.1

-7.75112 7.75832 -37.6727
-7.27748 5.96243 -41.009
-8.43852 2.40761 -41.4185

-11.7491 1.65369 -39.7113
-11.2835 4.56182 -37.3095
-10.5292 6.93692 -40.1787
-13.6438 5.82125 -42.0489
-15.804 6.36033 -38.9689
-14.4019 9.85843 -38.4788
-15.0989 10.751 -42.1065
-18.6836 9.52172 -41.8212

-22.5366 8.97772 -41.8932
-22.7006 8.21372 -38.1042
-23.9556 11.1137 -35.9682
-21.8556 10.4357 -32.8032
-18.6306 9.80172 -34.8352

-15.2326 10.6167 -33.2552
-11.8506 9.99672 -34.9272
-8.64464 9.99272 -32.8542

-5.72264 11.0997 -35.0732
-3.16764 9.49472 -32.6372
-4.59264 5.91672 -32.5552
-6.17364 6.31772 -36.0812

-9.41764 4.80272 -34.6542
-13.1526 5.56672 -34.8592
-15.5226 5.72472 -31.8552
-19.3056 6.18172 -31.5142
-21.9706 6.58272 -28.7742

-23.0966 3.21872 -27.3402
-26.7626 3.92372 -28.3612
-25.5706 3.90272 -32.0422
-24.0176 0.359721 -31.7032
-27.0676 -1.46528 -33.1862
-27.4096 1.22472 -35.9572
-23.6916 0.862721 -36.8852
-23.6546 -2.99028 -36.9012
-26.8846 -3.04528 -38.9922
-25.3466 -0.643279 -41.6142
-21.9326 -2.47128 -41.6672

-23.6326 -5.87128 -42.3912
-24.8016 -4.27328 -45.6982
-21.1676 -3.62328 -46.8552
-19.5166 -6.25628 -49.1252
-16.0906 -7.61928 -47.9852

-16.2996 -6.03028 -44.4262
-16.6046 -8.00028 -41.1432
-16.9816 -5.85528 -37.9782
-17.5026 -8.16028 -34.9652

-20.0576 -6.57028 -32.5212
-19.7016 -5.91628 -28.7762
-20.1896 -9.35028 -27.0592
-23.6336 -10.2703 -25.6362
-22.0746 -9.99028 -22.1192
-21.3736 -6.23928 -22.6762
-24.8036 -5.62328 -24.2952
-26.4626 -7.28828 -21.2422
-24.2596 -5.29628 -18.7732

-24.8676 -1.90028 -20.5182
-28.5076 -2.66628 -21.5782
-29.6906 0.662721 -19.9872

-27.0536 2.77472 -21.8272
-27.8396 0.980721 -25.1602
-31.4706 2.32772 -24.7732

-30.8536 5.98272 -23.6612
-30.3616 8.83672 -26.2012
-29.3336 10.9837 -23.1602
-26.2136 11.3867 -20.9722
-27.8696 10.8107 -17.5862
-25.0346 9.76772 -15.2442
-25.5706 6.53572 -13.1982

-29.0586 6.57272 -11.5582
-28.6376 7.38872 -7.85222
-28.4176 4.21272 -5.77022
-31.6536 4.17972 -3.68422
-31.1156 4.12672 0.0917771
-32.1446 0.731721 1.47878

-34.5666 0.430721 4.40378
-32.2286 -0.968279 7.11078
-34.9166 -0.800279 9.92278
-34.9986 -4.66028 10.0588
-31.1596 -4.67028 10.5898
-29.6596 -4.51328 14.1048

-29.3596 -0.745279 15.0488
-25.8306 -1.31028 16.5068
-24.6356 -2.35028 13.0028
-26.5706 0.365721 11.0658
-25.2416 3.18872 13.3558
-21.5776 2.00072 12.9968

-21.5266 2.00272 9.13078
-19.2846 4.76772 7.72178

-20.9456 6.87272 4.89878
-19.0706 4.96372 2.13178
-19.9036 1.58272 3.80178
-23.6356 2.58772 3.81278
-23.4016 3.49872 0.0827771
-21.7826 0.0357213 -0.518223
-24.6276 -1.74428 1.37978
-27.2026 0.264721 -0.673223
-25.3946 -0.654279 -3.96822
-25.2696 -4.36028 -2.97922
-29.0356 -4.32828 -2.13622
-29.8636 -2.47628 -5.42922

-27.8126 -5.17428 -7.33622
-30.0536 -7.77128 -5.53422
-27.3516 -9.11928 -3.13422

-25.1916 -10.4663 -6.03822
-21.7956 -8.70128 -6.10122
-18.0486 -8.80728 -5.58522
-17.1346 -6.27828 -2.84322

-13.5336 -5.62428 -3.99222

-12.9746 -2.63028 -1.63922
-9.34364 -2.21428 -0.487223

-7.88764 -4.10428 2.53378
-9.20064 -2.86328 5.91978
-12.0726 -0.650279 4.50978
-14.5456 -2.83828 6.54378

-15.6836 -5.46528 3.96678
-16.8516 -7.73828 6.86978
-19.2026 -5.10528 8.45178
-20.7156 -4.31328 4.98978
-21.1216 -8.08128 4.22578
-22.8596 -8.77728 7.59678
-25.2546 -5.82328 6.93378
-26.0866 -6.96428 3.33078
-26.6856 -10.5423 4.59878
-28.7946 -9.29928 7.59678
-31.0666 -7.28828 5.21378

-31.7396 -10.7613 3.64278

-32.2236 -12.5263 7.11678
-35.7256 -13.6763 5.90578
-33.8896 -15.7753 3.19778
-31.4656 -17.6873 5.54578
-29.8206 -20.2323 6.30578

-26.6136 -18.2673 5.62378
-23.3906 -19.9563 4.40478
-20.0746 -18.1473 5.13278
-16.9716 -19.5583 3.35878
-13.6686 -18.1763 4.73878

-9.88964 -18.8353 5.12178
-9.25564 -21.6393 7.70278
-7.69564 -19.1243 10.2288
-10.5286 -16.4593 10.3348

-13.5976 -18.6873 11.1388
-13.7346 -17.5723 14.8108
-12.9936 -13.9213 13.7658
-16.2046 -14.1233 11.6418
-18.2536 -15.7163 14.5108
-17.1076 -12.8993 16.8648
-17.9486 -10.3433 14.1048
-21.5616 -11.7083 13.8958
-21.9216 -11.6793 17.7468
-20.4356 -8.11928 17.8588
-22.6626 -6.62428 15.1138

-25.9606 -8.62828 15.3758
-26.6906 -8.86928 19.1918
-30.2276 -10.0283 18.0838
-28.6036 -13.5203 17.5418
-27.8696 -16.1043 20.2528

-24.4716 -17.9233 19.9928
-26.4776 -21.1393 19.2158
-27.6196 -19.4863 15.9268

-23.9306 -19.6353 14.7118
-22.3446 -22.9433 13.6238
-18.5206 -22.8603 13.2168

-17.5416 -25.9353 11.1708
-14.1556 -27.1223 12.5078
-14.0406 -30.6563 10.9488
-15.2446 -32.6183 7.87078
-17.6086 -34.6393 10.2058
-19.6276 -31.6273 11.4528
-23.1916 -30.7363 10.2948
-22.9146 -27.7923 7.83678
-26.6556 -26.9213 8.40878
-26.7586 -26.9853 12.2628
-26.9476 -23.1513 12.6718
-28.9196 -20.2853 11.1308

-25.4276 -18.9593 10.1738
-22.9046 -21.6523 9.10078
-19.1756 -20.7173 8.93878
-16.8486 -23.1213 7.02278
-13.3686 -23.1143 5.42678

-12.4976 -23.5593 1.71278
-10.5966 -26.8283 2.51078
-13.6726 -28.3653 4.24878
-16.1396 -27.5883 1.35778

-14.7656 -30.5343 -0.724223
-15.1266 -32.8923 2.31878
-18.6826 -31.5593 2.98078
-19.8536 -31.6343 -0.725223
-22.5706 -34.2343 0.179777
-24.0826 -31.6553 2.64778
-23.7946 -28.7133 0.124777
-26.9106 -30.2523 -1.58622
-29.0276 -28.2703 0.960777
-29.9336 -24.9563 -0.812223
-28.2066 -22.0543 0.977777
-30.0756 -19.0343 -0.504223

-27.5436 -16.4963 0.927777
-23.7756 -17.1173 0.564777
-20.8466 -14.9643 1.73778
-17.3566 -15.9293 0.495777

-14.5016 -14.0563 2.19478
-11.1806 -13.6843 0.286777

-12.9056 -15.1713 -2.83322
-9.60464 -15.0263 -4.83222
-9.09164 -18.5613 -3.32022
-11.6136 -19.6853 -6.04022

-9.39764 -18.2553 -8.91822
-8.70064 -21.7283 -10.4752
-11.7526 -23.8023 -11.6002
-9.83364 -27.1673 -11.5022
-9.22564 -26.9353 -7.70322

-11.3906 -29.0883 -5.37222
-12.4076 -25.9413 -3.35122
-13.6716 -24.2283 -6.55722
-15.4256 -27.4123 -7.87022
-17.3006 -27.7243 -4.51222
-18.1526 -23.9563 -4.19622
-19.3046 -23.1723 -7.78922
-22.5396 -25.3423 -7.86722
-23.8006 -23.6053 -4.66322
-22.8436 -20.0913 -5.92822
-24.7326 -20.6453 -9.25022
-27.9876 -21.7463 -7.44022

-27.9116 -19.4633 -4.32922
-30.2116 -16.3613 -4.56822

-27.6656 -13.9353 -2.96822
-23.8586 -14.1663 -3.49322
-21.6086 -11.7423 -1.57422
-17.9846 -12.2763 -2.68722
-15.2666 -10.3403 -0.776223

-11.5786 -9.75428 -1.68322
-8.83764 -7.10728 -1.29122
-7.12964 -8.51828 -4.40122
-9.84164 -10.0413 -6.69622
-7.10264 -10.8403 -9.20922
-3.68364 -11.7753 -7.74122
-1.66064 -11.5463 -11.0202
-3.79964 -12.0043 -14.2282

-7.32564 -11.4073 -15.7482
-7.98464 -15.2153 -15.9652
-8.24164 -15.3373 -12.0872
-11.4586 -13.1893 -12.2432
-13.4676 -15.6653 -14.3922
-14.7436 -17.8453 -11.4782
-15.8206 -14.7113 -9.50722
-17.5776 -13.2253 -12.6222
-19.5986 -16.4573 -13.2402
-20.3846 -16.7453 -9.47822
-21.9436 -13.2023 -9.46022

-23.4466 -13.4733 -13.0362
-23.8316 -17.1893 -14.1212
-25.0116 -16.0703 -17.6442
-21.7746 -14.1093 -18.3722
-19.1766 -16.0553 -20.4562
-20.7396 -19.6043 -20.0932
-17.4156 -21.0363 -21.4352

-13.9406 -19.8383 -20.2932
-12.5586 -19.8413 -23.8962
-14.7056 -16.7863 -24.8942
-13.4046 -14.8503 -21.8232
-9.80464 -16.0183 -22.5322
-9.86764 -14.9813 -26.2482
-11.0776 -11.4533 -25.2942
-9.24264 -10.6393 -22.0062

-6.34964 -13.1703 -21.6282
-4.69064 -12.6873 -25.1062
-5.33864 -16.3963 -25.7222

-2.76164 -18.0433 -28.0532
-3.01064 -21.3913 -29.8952
0.269359 -23.2343 -29.1382

1.26536 -26.7163 -30.5662
0.215359 -28.2833 -27.1792

-3.14064 -26.3903 -26.7722
-4.30464 -22.9073 -25.6782
-2.21464 -20.4823 -23.5962

-4.22564 -18.0113 -21.4022
-1.29464 -16.3953 -19.4432
-1.62564 -13.0683 -21.3362
-3.84464 -9.98128 -20.9902
-5.97264 -7.92128 -23.4292
-8.72764 -5.22628 -23.5072

-8.26764 -4.50928 -19.7322
-10.0986 -1.11128 -19.8312
-13.1986 -2.88728 -21.2882
-12.8736 -5.60128 -18.5842
-12.6926 -2.83328 -15.8912
-15.9006 -1.19528 -17.2602
-17.7336 -4.59028 -17.3692
-16.6216 -5.41328 -13.7822
-17.6806 -2.01528 -12.2952
-21.0826 -1.96528 -14.1082
-22.2596 -5.57428 -13.5732

-20.0286 -7.57628 -11.1072

-17.8956 -5.51828 -8.72322
-17.9536 -2.62428 -6.25222

-14.3506 -1.38228 -5.71922
-13.0436 1.61872 -3.73022
-9.46864 2.45372 -2.75622

-7.94264 3.93772 0.471777
-7.33164 7.14172 -1.55022
-11.0866 7.39072 -2.45022
-12.5266 7.02072 1.10978

-9.71564 7.51572 3.73178
-7.75464 10.7507 2.90078
-6.34064 10.5137 6.50078
-4.33564 7.24572 6.08478

-0.536641 7.93972 6.06978
1.21636 7.20572 2.74578

2.87236 3.83572 2.00278
6.48836 4.68372 1.02478
8.02536 1.79372 -0.977223
11.7044 1.29572 -1.92422
14.0664 -1.31328 -3.32622
17.1074 -2.00828 -1.08522
19.9264 -3.56228 -3.14022

21.7064 -5.76328 -0.549223
25.4214 -5.94428 -1.35922

26.4054 -9.17528 -3.28222
30.0204 -8.70428 -1.95422
28.9824 -10.8963 1.06778

27.9414 -13.6853 -1.41722
31.0794 -15.8663 -1.35122

32.5854 -17.1393 -4.64922
31.2734 -20.7573 -4.10822
27.6514 -19.5593 -3.55722
27.9284 -17.2293 -6.61822
29.3574 -20.0743 -8.77022
26.4194 -22.2913 -7.58522
23.8734 -19.5563 -8.58322
25.6704 -19.1583 -11.9732
25.5834 -22.9843 -12.4042
21.8104 -23.2933 -11.6562
21.1224 -20.2413 -13.9242
23.0774 -21.9173 -16.8112
21.3034 -25.2303 -16.0202
17.8064 -23.6783 -16.6042
18.8974 -22.3473 -20.0752

20.3774 -25.6773 -21.3272
18.5474 -26.7753 -24.5322
18.6884 -30.5553 -23.9972
16.8174 -30.7163 -20.6122
13.2444 -31.9443 -20.1052

10.4484 -29.5573 -18.9512
10.7674 -31.2193 -15.4882
14.5894 -30.7603 -15.1992
14.0384 -27.0583 -16.1702
11.4494 -26.7053 -13.2952
13.8174 -28.5253 -10.8582
16.7664 -26.2333 -11.8152
14.4154 -23.1953 -11.3592
13.4004 -24.3973 -7.83522
17.1154 -24.9783 -7.02822
18.0854 -21.4573 -8.30022
15.2584 -19.9183 -6.18522
16.2134 -21.8673 -2.98722
19.9464 -20.9503 -3.55422
18.8964 -17.2603 -3.91422
17.2454 -17.4493 -0.454223
20.4054 -19.0303 1.11478
22.7054 -16.4693 -0.613223
20.7064 -13.4953 0.832777
20.6534 -14.6913 4.53078
23.9404 -12.9383 5.66778
23.0034 -9.50528 4.19578
19.3184 -9.86028 5.23578
20.6594 -10.4083 8.80678
23.1314 -7.46528 8.41978
20.2044 -5.21428 7.33678
17.8924 -6.36628 10.2268
20.6974 -5.59828 12.7378
21.3514 -2.14828 11.1128
17.6024 -1.35128 11.5888
17.7294 -2.36228 15.3138
21.0544 -0.497279 15.9038

19.3964 2.58172 14.2208
16.9164 2.56672 17.1948
13.7474 1.26972 15.4038
11.0534 0.316721 17.9318
8.80036 -2.03228 15.8078

9.01936 -3.62728 12.3268
7.85136 -6.70328 10.3558
10.2214 -9.06528 8.48078
8.63536 -11.1323 5.67678
10.2564 -14.2873 4.20578

8.87436 -17.5883 2.72878
11.7524 -20.1323 2.78378

11.8834 -21.8163 6.23678
15.7464 -21.6143 6.29478
15.5164 -17.7573 6.05278
12.9134 -17.5723 8.89678
15.0744 -20.0073 10.9828
18.3394 -18.0253 10.4288
16.6624 -14.6463 11.2748
15.1094 -16.0753 14.5138
18.4454 -17.7083 15.5438
20.3874 -14.4053 15.1238
17.7014 -12.3923 17.0318
17.9194 -14.9833 19.8968
21.7814 -14.7593 19.7818

21.4934 -10.9043 20.0378
18.8254 -11.3363 22.8388
16.2474 -9.37628 20.7368
12.6434 -10.0633 21.8058

10.6404 -11.0543 18.6948
7.55536 -13.0223 17.5288
7.47736 -15.7393 14.8128
4.47536 -16.8403 12.6688

4.74136 -19.5623 9.97078
2.90836 -22.6583 8.55678
3.48636 -24.5753 11.8658
2.05236 -21.8263 14.1818
-1.46064 -22.8313 15.3708
-4.62364 -20.7353 14.7148
-4.99664 -19.6273 18.4028

-1.23864 -18.9853 18.9898
-1.24764 -16.7603 15.8228
-3.80864 -14.4283 17.4868
-1.95964 -14.4833 20.8708
1.47636 -13.6953 19.2628
-0.264641 -10.9263 17.2398
-1.59864 -9.43828 20.5398
1.87836 -9.82128 22.1928
3.52636 -7.80528 19.3248
0.678359 -5.20528 19.3748
0.604359 -4.64128 23.1858

4.23736 -5.30428 24.3198
6.82136 -2.52228 23.6338
9.62436 -5.15028 24.0838
8.81336 -7.15428 20.9058
10.7824 -5.17328 18.2848

10.6404 -7.69728 15.3718
7.88036 -9.86828 13.8928
9.34236 -12.7303 11.7628
6.48636 -13.6403 9.38978
5.91236 -16.1683 6.60178

4.60036 -14.2723 3.50078
2.17136 -17.1823 2.79178
1.10836 -18.0313 6.38878
0.621359 -14.4373 7.75578
-1.10064 -12.9083 4.62278
-4.56164 -13.3823 6.31078
-6.55964 -12.4263 9.46178
-3.79264 -10.6603 11.4568
-3.34364 -6.88828 12.1418
0.109359 -5.34528 12.8508
-0.727641 -1.61028 13.2968
1.98236 -1.27828 16.0498
4.76636 -1.34328 13.3768
5.65036 1.46172 10.8798

8.09736 -0.615279 8.73778
7.78836 -3.77928 6.59578
10.9554 -5.54628 5.31078
10.5784 -8.17928 2.56678

13.7384 -10.3023 3.01078
12.5294 -12.3223 -0.0202229
10.5184 -11.5193 -3.16822
7.32536 -13.4843 -3.96422
6.23936 -14.0383 -7.63122
2.59336 -13.0663 -6.88622

2.05336 -9.28928 -6.23822
-1.41964 -9.83728 -4.67522
0.281359 -11.7043 -1.75522
2.90036 -8.90828 -1.34022
0.0633591 -6.28028 -1.18622
-1.81664 -8.52028 1.34878
1.36136 -8.52728 3.52878
1.83536 -4.67628 3.29678

-1.86264 -4.20128 4.31478
-1.18864 -6.04828 7.59878
0.432359 -2.76828 8.86378
-1.49964 -0.246279 6.71878
-4.88364 -0.739279 8.54278
-7.42364 1.43472 10.4258
-5.49964 2.37672 13.6228
-2.19164 3.14872 11.8008
-0.962641 6.74872 12.5148
2.55936 6.67972 10.9018
3.66236 6.64272 7.21578

4.28436 2.96172 6.39278
7.77436 2.14072 5.06078
8.03636 -0.910279 2.72578
11.5974 -2.16228 1.98478
12.1014 -4.84628 -0.727223
15.5214 -6.54128 -0.219223
17.0544 -7.55728 -3.62222

20.4434 -9.05728 -4.64422
22.1444 -8.53828 -8.07322
23.2504 -11.9033 -9.59722
20.2274 -13.8783 -8.17922
16.5554 -14.8783 -8.80522

15.5434 -11.2943 -7.72622
16.8624 -9.95028 -11.1102
14.0824 -11.9583 -12.9202
11.3834 -11.8813 -10.1862
11.3474 -8.06728 -9.76622
10.5364 -7.22528 -13.4802
7.95136 -10.1123 -13.4302
6.24236 -8.67528 -10.2862
6.25536 -5.16228 -11.9032
4.56236 -6.24528 -15.1852
1.96136 -8.17028 -13.0702
1.11936 -5.03528 -10.9512
0.759359 -3.04328 -14.2232
-1.71364 -5.68828 -15.5882
-3.63564 -5.42228 -12.2562
-3.62064 -1.55828 -12.4202
-4.84764 -1.47428 -16.0902

-7.72064 -3.79628 -14.9732
-8.52064 -1.25428 -12.1282
-7.44464 -3.85528 -9.48422
-4.42464 -1.94828 -8.00822
-3.24964 1.66672 -7.43622
0.208359 0.227721 -6.70122
2.68236 1.36372 -9.34622
6.12236 -0.308279 -8.87322
8.00736 1.49772 -11.7622

9.01336 4.58672 -9.68022
11.0614 2.39772 -7.23722
13.4084 1.08072 -10.0162
14.2594 4.47772 -11.5752

15.5244 5.43672 -8.04522
18.0094 2.46372 -7.62222

End chain 1
