0 0 0
0 0 3.79959
0.0813952 0.672392 7.51413
-3.30265 -1.24457 7.56355
-4.28839 -3.90002 10.0945
-1.48218 -4.84126 12.3565

0.600074 -6.10268 15.3836
2.65419 -7.41485 18.3519
4.86634 -8.62856 21.1015
5.13582 -7.03162 24.4605
5.68826 -6.41209 28.176
7.70176 -9.63221 28.8459
10.552 -7.10114 29.5993

12.766 -4.06014 30.4773
10.408 -2.33014 32.9943
6.88195 -2.65814 34.5443
5.56995 -0.547143 31.5903

7.95695 -1.34814 28.6313
9.22695 -4.35214 26.6623
12.089 -4.55714 24.1193
12.272 -6.36914 20.7393
15.727 -8.04414 20.5503
16.037 -8.95114 16.8433

18.427 -8.56414 13.8643
17.729 -5.75114 11.3433
14.814 -6.28614 8.89232

13.501 -3.45514 6.65032
9.78895 -4.45214 6.93232
10.098 -4.93814 10.7173
11.694 -1.45114 11.1163
8.83395 -0.0541428 8.94432
6.30595 -1.82614 11.2743
8.14995 -0.549143 14.4283
7.86495 3.03286 12.9863

4.01195 2.48886 12.9143
3.84795 1.72486 16.7033
2.59295 4.62486 18.8393
4.69295 3.94686 22.0043
7.91795 3.31286 19.9723

11.316 4.12786 21.5523
14.698 3.50786 19.8803
17.904 3.50386 21.9533

20.826 4.61086 19.7343
23.381 3.00586 22.1703
21.956 -0.572143 22.2523
20.375 -0.171143 18.7263

17.131 -1.68614 20.1533
13.396 -0.922143 19.9483
11.026 -0.764143 22.9523
7.24295 -0.307143 23.2933
4.57795 0.0938572 26.0333

3.45195 -3.27014 27.4673
-0.214045 -2.56514 26.4463
0.977955 -2.58614 22.7653
2.53095 -6.12914 23.1043
-0.519045 -7.95414 21.6213
-0.861045 -5.26414 18.8503
2.85695 -5.62614 17.9223
2.89395 -9.47914 17.9063
-0.336045 -9.53414 15.8153
1.20195 -7.13214 13.1933
4.61595 -8.96014 13.1403

2.91595 -12.3601 12.4163
1.74695 -10.7621 9.10932
5.38095 -10.1121 7.95232
7.03195 -12.7451 5.68232
10.458 -14.1081 6.82232

10.249 -12.5191 10.3813
9.94395 -14.4891 13.6643
9.56695 -12.3441 16.8293
9.04595 -14.6491 19.8423

6.49095 -13.0591 22.2863
6.84695 -12.4051 26.0313
6.35895 -15.8391 27.7483
2.91495 -16.7591 29.1713
4.47395 -16.4791 32.6883
5.17495 -12.7281 32.1313
1.74495 -12.1121 30.5123
0.0859549 -13.7771 33.5653
2.28895 -11.7851 36.0343

1.68095 -8.38914 34.2893
-1.95905 -9.15514 33.2293
-3.14205 -5.82614 34.8203

-0.505045 -3.71414 32.9803
-1.29105 -5.50814 29.6473
-4.92205 -4.16114 30.0343

-4.30505 -0.506143 31.1463
-3.81305 2.34786 28.6063
-2.78505 4.49486 31.6473
0.334955 4.89786 33.8353
-1.32105 4.32186 37.2213
1.51395 3.27886 39.5633
0.977955 0.0468572 41.6093

-2.51005 0.0838572 43.2493
-2.08905 0.899857 46.9553
-1.86905 -2.27614 49.0373
-5.10505 -2.30914 51.1233
-4.56705 -2.36214 54.8993
-5.59605 -5.75714 56.2863

-8.01805 -6.05814 59.2113
-5.68005 -7.45714 61.9183
-8.36805 -7.28914 64.7303
-8.45005 -11.1491 64.8663
-4.61105 -11.1591 65.3973
-3.11105 -11.0021 68.9123

-2.81105 -7.23414 69.8563
0.717955 -7.79914 71.3143
1.91295 -8.83914 67.8103
-0.0220451 -6.12314 65.8733
1.30695 -3.30014 68.1633
4.97095 -4.48814 67.8043

5.02195 -4.48614 63.9383
7.26395 -1.72114 62.5293

5.60295 0.383857 59.7063
7.47795 -1.52514 56.9393
6.64495 -4.90614 58.6093
2.91295 -3.90114 58.6203
3.14695 -2.99014 54.8903
4.76595 -6.45314 54.2893
1.92095 -8.23314 56.1873
-0.654045 -6.22414 54.1343
1.15395 -7.14314 50.8393
1.27895 -10.8491 51.8283
-2.48705 -10.8171 52.6713
-3.31505 -8.96514 49.3783

-1.26405 -11.6631 47.4713
-3.50505 -14.2601 49.2733
-0.803045 -15.6081 51.6733

1.35695 -16.9551 48.7693
4.75295 -15.1901 48.7063
8.49995 -15.2961 49.2223
9.41395 -12.7671 51.9643

13.015 -12.1131 50.8153

13.574 -9.11914 53.1683
17.205 -8.70314 54.3203

18.661 -10.5931 57.3413
17.348 -9.35214 60.7273
14.476 -7.13914 59.3173
12.003 -9.32714 61.3513

10.865 -11.9541 58.7743
9.69695 -14.2271 61.6773
7.34595 -11.5941 63.2593
5.83295 -10.8021 59.7973
5.42695 -14.5701 59.0333
3.68895 -15.2661 62.4043
1.29395 -12.3121 61.7413
0.461955 -13.4531 58.1383
-0.137045 -17.0311 59.4063
-2.24605 -15.7881 62.4043
-4.51805 -13.7771 60.0213

-5.19105 -17.2501 58.4503

-5.67505 -19.0151 61.9243
-9.17705 -20.1651 60.7133
-7.34105 -22.2641 58.0053
-4.91705 -24.1761 60.3533
-3.27205 -26.7211 61.1133

-0.0650451 -24.7561 60.4313
3.15795 -26.4451 59.2123
6.47395 -24.6361 59.9403
9.57695 -26.0471 58.1663
12.88 -24.6651 59.5463

16.659 -25.3241 59.9293
17.293 -28.1281 62.5103
18.853 -25.6131 65.0363
16.02 -22.9481 65.1423

12.951 -25.1761 65.9463
12.814 -24.0611 69.6183
13.555 -20.4101 68.5733
10.344 -20.6121 66.4493
8.29495 -22.2051 69.3183
9.44095 -19.3881 71.6723
8.59995 -16.8321 68.9123
4.98695 -18.1971 68.7033
4.62695 -18.1681 72.5543
6.11295 -14.6081 72.6663
3.88595 -13.1131 69.9213

0.587955 -15.1171 70.1833
-0.142045 -15.3581 73.9993
-3.67905 -16.5171 72.8913
-2.05505 -20.0091 72.3493
-1.32105 -22.5931 75.0603

2.07695 -24.4121 74.8003
0.0709549 -27.6281 74.0233
-1.07105 -25.9751 70.7343

2.61795 -26.1241 69.5193
4.20395 -29.4321 68.4313
8.02795 -29.3491 68.0243

9.00695 -32.4241 65.9783
12.393 -33.6111 67.3153
12.508 -37.1451 65.7563
11.304 -39.1071 62.6783
8.93995 -41.1281 65.0133
6.92095 -38.1161 66.2603
3.35695 -37.2251 65.1023
3.63395 -34.2811 62.6443
-0.107045 -33.4101 63.2163
-0.210045 -33.4741 67.0703
-0.399045 -29.6401 67.4793
-2.37105 -26.7741 65.9383

1.12095 -25.4481 64.9813
3.64395 -28.1411 63.9083
7.37295 -27.2061 63.7463
9.69995 -29.6101 61.8303
13.18 -29.6031 60.2343

14.051 -30.0481 56.5203
15.952 -33.3171 57.3183
12.876 -34.8541 59.0563
10.409 -34.0771 56.1653

11.783 -37.0231 54.0833
11.422 -39.3811 57.1263
7.86595 -38.0481 57.7883
6.69495 -38.1231 54.0823
3.97795 -40.7231 54.9873
2.46595 -38.1441 57.4553
2.75395 -35.2021 54.9323
-0.362045 -36.7411 53.2213
-2.47905 -34.7591 55.7683
-3.38505 -31.4451 53.9953
-1.65805 -28.5431 55.7853
-3.52705 -25.5231 54.3033

-0.995045 -22.9851 55.7353
2.77295 -23.6061 55.3723
5.70195 -21.4531 56.5453
9.19195 -22.4181 55.3033

12.047 -20.5451 57.0023
15.368 -20.1731 55.0943

13.643 -21.6601 51.9743
16.944 -21.5151 49.9753
17.457 -25.0501 51.4873
14.935 -26.1741 48.7673

17.151 -24.7441 45.8893
17.848 -28.2171 44.3323
14.796 -30.2911 43.2073
16.715 -33.6561 43.3053
17.323 -33.4241 47.1043

15.158 -35.5771 49.4353
14.141 -32.4301 51.4563
12.877 -30.7171 48.2503
11.123 -33.9011 46.9373
9.24795 -34.2131 50.2953
8.39595 -30.4451 50.6113
7.24395 -29.6611 47.0183
4.00895 -31.8311 46.9403
2.74795 -30.0941 50.1443
3.70495 -26.5801 48.8793
1.81595 -27.1341 45.5573
-1.43905 -28.2351 47.3673

-1.36305 -25.9521 50.4783
-3.66305 -22.8501 50.2393

-1.11705 -20.4241 51.8393
2.68995 -20.6551 51.3143
4.93995 -18.2311 53.2333
8.56395 -18.7651 52.1203
11.282 -16.8291 54.0313

14.97 -16.2431 53.1243
17.711 -13.5961 53.5163
19.419 -15.0071 50.4063
16.707 -16.5301 48.1113
19.446 -17.3291 45.5983
22.865 -18.2641 47.0663
24.888 -18.0351 43.7873
22.749 -18.4931 40.5793

19.223 -17.8961 39.0593
18.564 -21.7041 38.8423
18.307 -21.8261 42.7203
15.09 -19.6781 42.5643
13.081 -22.1541 40.4153
11.805 -24.3341 43.3293
10.728 -21.2001 45.3003
8.97095 -19.7141 42.1853
6.94995 -22.9461 41.5673
6.16395 -23.2341 45.3293
4.60495 -19.6911 45.3473

3.10195 -19.9621 41.7713
2.71695 -23.6781 40.6863
1.53695 -22.5591 37.1633
4.77395 -20.5981 36.4353
7.37195 -22.5441 34.3513
5.80895 -26.0931 34.7143
9.13295 -27.5251 33.3723

12.608 -26.3271 34.5143
13.99 -26.3301 30.9113
11.843 -23.2751 29.9133
13.144 -21.3391 32.9843
16.744 -22.5071 32.2753
16.681 -21.4701 28.5593
15.471 -17.9421 29.5133
17.306 -17.1281 32.8013

20.199 -19.6591 33.1793
21.858 -19.1761 29.7013
21.21 -22.8851 29.0853

23.787 -24.5321 26.7543
23.538 -27.8801 24.9123
26.818 -29.7231 25.6693

27.814 -33.2051 24.2413
26.764 -34.7721 27.6283

23.408 -32.8791 28.0353
22.244 -29.3961 29.1293
24.334 -26.9711 31.2113

22.323 -24.5001 33.4053
25.254 -22.8841 35.3643
24.923 -19.5571 33.4713
22.704 -16.4701 33.8173
20.576 -14.4101 31.3783
17.821 -11.7151 31.3003

18.281 -10.9981 35.0753
16.45 -7.60014 34.9763
13.35 -9.37614 33.5193
13.675 -12.0901 36.2233
13.856 -9.32214 38.9163
10.648 -7.68414 37.5473
8.81495 -11.0791 37.4383
9.92695 -11.9021 41.0253
8.86795 -8.50414 42.5123
5.46595 -8.45414 40.6993
4.28895 -12.0631 41.2343

6.51995 -14.0651 43.7003

8.65295 -12.0071 46.0843
8.59495 -9.11314 48.5553

12.198 -7.87114 49.0883
13.505 -4.87014 51.0773
17.08 -4.03514 52.0513

18.606 -2.55114 55.2793
19.217 0.652857 53.2573
15.462 0.901857 52.3573
14.022 0.531857 55.9173

16.833 1.02686 58.5393
18.794 4.26186 57.7083
20.208 4.02486 61.3083
22.213 0.756857 60.8923

26.012 1.45086 60.8773
27.765 0.716857 57.5533

29.421 -2.65314 56.8103
33.037 -1.80514 55.8323
34.574 -4.69514 53.8303
38.253 -5.19314 52.8833
40.615 -7.80214 51.4813
43.656 -8.49714 53.7223
46.475 -10.0511 51.6673

48.255 -12.2521 54.2583
51.97 -12.4331 53.4483

52.954 -15.6641 51.5253
56.569 -15.1931 52.8533
55.531 -17.3851 55.8753

54.49 -20.1741 53.3903
57.628 -22.3551 53.4563

59.134 -23.6281 50.1583
57.822 -27.2461 50.6993
54.2 -26.0481 51.2503
54.477 -23.7181 48.1893
55.906 -26.5631 46.0373
52.968 -28.7801 47.2223
50.422 -26.0451 46.2243
52.219 -25.6471 42.8343
52.132 -29.4731 42.4033
48.359 -29.7821 43.1513
47.671 -26.7301 40.8833
49.626 -28.4061 37.9963
47.852 -31.7191 38.7873
44.355 -30.1671 38.2033
45.446 -28.8361 34.7323

46.926 -32.1661 33.4803
45.096 -33.2641 30.2753
45.237 -37.0441 30.8103
43.366 -37.2051 34.1953
39.793 -38.4331 34.7023

36.997 -36.0461 35.8563
37.316 -37.7081 39.3193
41.138 -37.2491 39.6083
40.587 -33.5471 38.6373
37.998 -33.1941 41.5123
40.366 -35.0141 43.9493
43.315 -32.7221 42.9923
40.964 -29.6841 43.4483
39.949 -30.8861 46.9723
43.664 -31.4671 47.7793
44.634 -27.9461 46.5073
41.807 -26.4071 48.6223
42.762 -28.3561 51.8203
46.495 -27.4391 51.2533
45.445 -23.7491 50.8933
43.794 -23.9381 54.3533
46.954 -25.5191 55.9223
49.254 -22.9581 54.1943
47.255 -19.9841 55.6403
47.202 -21.1801 59.3383
50.489 -19.4271 60.4753
49.552 -15.9941 59.0033
45.867 -16.3491 60.0433
47.208 -16.8971 63.6143
49.68 -13.9541 63.2273
46.753 -11.7031 62.1443
44.441 -12.8551 65.0343
47.246 -12.0871 67.5453
47.9 -8.63714 65.9203
44.151 -7.84014 66.3963
44.278 -8.85114 70.1213
47.603 -6.98614 70.7113

45.945 -3.90714 69.0283
43.465 -3.92214 72.0023
40.296 -5.21914 70.2113
37.602 -6.17214 72.7393
35.349 -8.52114 70.6153

35.568 -10.1161 67.1343
34.4 -13.1921 65.1633
36.77 -15.5541 63.2883
35.184 -17.6211 60.4843
36.805 -20.7761 59.0133

35.423 -24.0771 57.5363
38.301 -26.6211 57.5913

38.432 -28.3051 61.0443
42.295 -28.1031 61.1023
42.065 -24.2461 60.8603
39.462 -24.0611 63.7043
41.623 -26.4961 65.7903
44.888 -24.5141 65.2363
43.211 -21.1351 66.0823
41.658 -22.5641 69.3213
44.994 -24.1971 70.3513
46.936 -20.8941 69.9313
44.25 -18.8811 71.8393
44.468 -21.4721 74.7043
48.33 -21.2481 74.5893

48.042 -17.3931 74.8453
45.374 -17.8251 77.6463
42.796 -15.8651 75.5443
39.192 -16.5521 76.6133

37.189 -17.5431 73.5023
34.104 -19.5111 72.3363
34.026 -22.2281 69.6203
31.024 -23.3291 67.4763

31.29 -26.0511 64.7783
29.457 -29.1471 63.3643
30.035 -31.0641 66.6733
28.601 -28.3151 68.9893
25.088 -29.3201 70.1783
21.925 -27.2241 69.5223
21.552 -26.1161 73.2103

25.31 -25.4741 73.7973
25.301 -23.2491 70.6303
22.74 -20.9171 72.2943
24.589 -20.9721 75.6783
28.025 -20.1841 74.0703
26.284 -17.4151 72.0473
24.95 -15.9271 75.3473
28.427 -16.3101 77.0003
30.075 -14.2941 74.1323
27.227 -11.6941 74.1823
27.153 -11.1301 77.9933

30.786 -11.7931 79.1273
33.37 -9.01114 78.4413
36.173 -11.6391 78.8913
35.362 -13.6431 75.7133
37.331 -11.6621 73.0923

37.189 -14.1861 70.1793
34.429 -16.3571 68.7003
35.891 -19.2191 66.5703
33.035 -20.1291 64.1973
32.461 -22.6571 61.4093

31.149 -20.7611 58.3083
28.72 -23.6711 57.5993
27.657 -24.5201 61.1963
27.17 -20.9261 62.5633
25.448 -19.3971 59.4303
21.987 -19.8711 61.1183
19.989 -18.9151 64.2693
22.756 -17.1491 66.2643
23.205 -13.3771 66.9493
26.658 -11.8341 67.6583
25.821 -8.09914 68.1043
28.531 -7.76714 70.8573
31.315 -7.83214 68.1843
32.199 -5.02714 65.6873

34.646 -7.10414 63.5453
34.337 -10.2681 61.4033
37.504 -12.0351 60.1183
37.127 -14.6681 57.3743

40.287 -16.7911 57.8183
39.078 -18.8111 54.7873
37.067 -18.0081 51.6393
33.874 -19.9731 50.8433
32.788 -20.5271 47.1763
29.142 -19.5551 47.9213

28.602 -15.7781 48.5693
25.129 -16.3261 50.1323
26.83 -18.1931 53.0523
29.449 -15.3971 53.4673
26.612 -12.7691 53.6213
24.732 -15.0091 56.1563
27.91 -15.0161 58.3363
28.384 -11.1651 58.1043

24.686 -10.6901 59.1223
25.36 -12.5371 62.4063
26.981 -9.25714 63.6713
25.049 -6.73514 61.5263
21.665 -7.22814 63.3503
19.125 -5.05414 65.2333
21.049 -4.11214 68.4303
24.357 -3.34014 66.6083
25.586 0.259857 67.3223
29.108 0.190857 65.7093
30.211 0.153857 62.0233

30.833 -3.52714 61.2003
34.323 -4.34814 59.8683
34.585 -7.39914 57.5333
38.146 -8.65114 56.7923
38.65 -11.3351 54.0803
42.07 -13.0301 54.5883
43.603 -14.0461 51.1853

46.992 -15.5461 50.1633
48.693 -15.0271 46.7343
49.799 -18.3921 45.2103
46.776 -20.3671 46.6283
43.104 -21.3671 46.0023

42.092 -17.7831 47.0813
43.411 -16.4391 43.6973
40.631 -18.4471 41.8873
37.932 -18.3701 44.6213
37.896 -14.5561 45.0413
37.085 -13.7141 41.3273
34.5 -16.6011 41.3773
32.791 -15.1641 44.5213
32.804 -11.6511 42.9043
31.111 -12.7341 39.6223
28.51 -14.6591 41.7373
27.668 -11.5241 43.8563
27.308 -9.53214 40.5843
24.835 -12.1771 39.2193
22.913 -11.9111 42.5513
22.928 -8.04714 42.3873
21.701 -7.96314 38.7173

18.828 -10.2851 39.8343
18.028 -7.74314 42.6793
19.104 -10.3441 45.3233
22.124 -8.43714 46.7993
23.299 -4.82214 47.3713
26.757 -6.26114 48.1063
29.231 -5.12514 45.4613
32.671 -6.79714 45.9343
34.556 -4.99114 43.0453

35.562 -1.90214 45.1273
37.61 -4.09114 47.5703
39.957 -5.40814 44.7913
40.808 -2.01114 43.2323

42.073 -1.05214 46.7623
44.558 -4.02514 47.1853

End chain 1
