-13.201 -6.296 -53.957
-10.703 -3.406 -53.291
-9.54 -3.087 -49.639
-11.02 0.322 -48.639
-8.614 1.85 -46.053
-10.787 3.126 -43.162

-9.634 6.195 -41.181
-10.061 4.9 -37.589
-10.286 6.838 -34.306
-12.195 7.103 -30.979
-14.163 9.439 -28.711
-12.619 10.223 -25.263
-14.157 12.207 -22.344

-11.943 15.248 -21.466
-14.301 16.978 -18.949
-17.827 16.65 -17.399
-19.139 18.761 -20.353

-16.752 17.96 -23.312
-15.482 14.956 -25.281
-12.62 14.751 -27.824
-12.437 12.939 -31.204
-8.982 11.264 -31.393
-8.672 10.357 -35.1

-6.282 10.744 -38.079
-6.98 13.557 -40.6
-9.895 13.022 -43.051

-11.208 15.853 -45.293
-14.92 14.856 -45.011
-14.611 14.37 -41.226
-13.015 17.857 -40.827
-15.875 19.254 -42.999
-18.403 17.482 -40.669
-16.559 18.759 -37.515
-16.844 22.341 -38.957

-20.697 21.797 -39.029
-20.861 21.033 -35.24
-22.116 23.933 -33.104
-20.016 23.255 -29.939
-16.791 22.621 -31.971

-13.393 23.436 -30.391
-10.011 22.816 -32.063
-6.805 22.812 -29.99

-3.883 23.919 -32.209
-1.328 22.314 -29.773
-2.753 18.736 -29.691
-4.334 19.137 -33.217

-7.578 17.622 -31.79
-11.313 18.386 -31.995
-13.683 18.544 -28.991
-17.466 19.001 -28.65
-20.131 19.402 -25.91

-21.257 16.038 -24.476
-24.923 16.743 -25.497
-23.731 16.722 -29.178
-22.178 13.179 -28.839
-25.228 11.354 -30.322
-25.57 14.044 -33.093
-21.852 13.682 -34.021
-21.815 9.829 -34.037
-25.045 9.774 -36.128
-23.507 12.176 -38.75
-20.093 10.348 -38.803

-21.793 6.948 -39.527
-22.962 8.546 -42.834
-19.328 9.196 -43.991
-17.677 6.563 -46.261
-14.251 5.2 -45.121

-14.46 6.789 -41.562
-14.765 4.819 -38.279
-15.142 6.964 -35.114
-15.663 4.659 -32.101

-18.218 6.249 -29.657
-17.862 6.903 -25.912
-18.35 3.469 -24.195
-21.794 2.549 -22.772
-20.235 2.829 -19.255
-19.534 6.58 -19.812
-22.964 7.196 -21.431
-24.623 5.531 -18.378
-22.42 7.523 -15.909

-23.028 10.919 -17.654
-26.668 10.153 -18.714
-27.851 13.482 -17.123

-25.214 15.594 -18.963
-26 13.8 -22.296
-29.631 15.147 -21.909

-29.014 18.802 -20.797
-28.522 21.656 -23.337
-27.494 23.803 -20.296
-24.374 24.206 -18.108
-26.03 23.63 -14.722
-23.195 22.587 -12.38
-23.731 19.355 -10.334

-27.219 19.392 -8.694
-26.798 20.208 -4.988
-26.578 17.032 -2.906
-29.814 16.999 -0.82
-29.276 16.946 2.956
-30.305 13.551 4.343

-32.727 13.25 7.268
-30.389 11.851 9.975
-33.077 12.019 12.787
-33.159 8.159 12.923
-29.32 8.149 13.454
-27.82 8.306 16.969

-27.52 12.074 17.913
-23.991 11.509 19.371
-22.796 10.469 15.867
-24.731 13.185 13.93
-23.402 16.008 16.22
-19.738 14.82 15.861

-19.687 14.822 11.995
-17.445 17.587 10.586

-19.106 19.692 7.763
-17.231 17.783 4.996
-18.064 14.402 6.666
-21.796 15.407 6.677
-21.562 16.318 2.947
-19.943 12.855 2.346
-22.788 11.075 4.244
-25.363 13.084 2.191
-23.555 12.165 -1.104
-23.43 8.459 -0.115
-27.196 8.491 0.728
-28.024 10.343 -2.565

-26.5553 7.23456 -4.26463
-25.6026 3.69002 -3.45277
-23.4258 0.506363 -4.0108

-26.0712 -1.9389 -5.0222
-29.1596 -4.09027 -4.40279
-27.7218 -7.37937 -5.67787
-29.2731 -10.8557 -5.21281

-25.6721 -10.2017 -6.36181

-25.1131 -7.20766 -4.00881
-21.4821 -6.79166 -2.85681

-20.0261 -8.68166 0.16419
-21.3391 -7.44066 3.55019
-24.2111 -5.22766 2.14019
-26.6841 -7.41566 4.17419

-27.8221 -10.0427 1.59719
-28.9901 -12.3157 4.50019
-31.3411 -9.68266 6.08219
-32.8541 -8.89066 2.62019
-33.2601 -12.6587 1.85619
-34.9981 -13.3547 5.22719
-37.3931 -10.4007 4.56419
-38.2251 -11.5417 0.96119
-38.8241 -15.1197 2.22919
-40.9331 -13.8767 5.22719
-43.2051 -11.8657 2.84419

-43.8781 -15.3387 1.27319

-44.3621 -17.1037 4.74719
-47.8641 -18.2537 3.53619
-46.0281 -20.3527 0.82819
-43.6041 -22.2647 3.17619
-41.9591 -24.8097 3.93619

-38.7521 -22.8447 3.25419
-35.5291 -24.5337 2.03519
-32.2131 -22.7247 2.76319
-29.1101 -24.1357 0.98919
-25.8071 -22.7537 2.36919

-22.0281 -23.4127 2.75219
-21.3941 -26.2167 5.33319
-19.8341 -23.7017 7.85919
-22.6671 -21.0367 7.96519

-25.7361 -23.2647 8.76919
-25.8731 -22.1497 12.4412
-25.1321 -18.4987 11.3962
-28.3431 -18.7007 9.27219
-30.3921 -20.2937 12.1412
-29.2461 -17.4767 14.4952
-30.0871 -14.9207 11.7352
-33.7001 -16.2857 11.5262
-34.0601 -16.2567 15.3772
-32.5741 -12.6967 15.4892
-34.8011 -11.2017 12.7442

-38.0991 -13.2057 13.0062
-38.8291 -13.4467 16.8222
-42.3661 -14.6057 15.7142
-40.7421 -18.0977 15.1722
-40.0081 -20.6817 17.8832

-36.6101 -22.5007 17.6232
-38.6161 -25.7167 16.8462
-39.7581 -24.0637 13.5572

-36.0691 -24.2127 12.3422
-34.4831 -27.5207 11.2542
-30.6591 -27.4377 10.8472

-29.6801 -30.5127 8.80119
-26.2941 -31.6997 10.1382
-26.1791 -35.2337 8.57919
-27.3831 -37.1957 5.50119
-29.7471 -39.2167 7.83619
-31.7661 -36.2047 9.08319
-35.3301 -35.3137 7.92519
-35.0531 -32.3697 5.46719
-38.7941 -31.4987 6.03919
-38.8971 -31.5627 9.89319
-39.0861 -27.7287 10.3022
-41.0581 -24.8627 8.76119

-37.5661 -23.5367 7.80419
-35.0431 -26.2297 6.73119
-31.3141 -25.2947 6.56919
-28.9871 -27.6987 4.65319
-25.5071 -27.6917 3.05719

-24.6361 -28.1367 -0.65681
-22.7351 -31.4057 0.14119
-25.8111 -32.9427 1.87919
-28.2781 -32.1657 -1.01181

-26.9041 -35.1117 -3.09381
-27.2651 -37.4697 -0.0508104
-30.8211 -36.1367 0.61119
-31.9921 -36.2117 -3.09481
-34.7091 -38.8117 -2.18981
-36.2211 -36.2327 0.27819
-35.9331 -33.2907 -2.24481
-39.0491 -34.8297 -3.95581
-41.1661 -32.8477 -1.40881
-42.0721 -29.5337 -3.18181
-40.3451 -26.6317 -1.39181
-42.2141 -23.6117 -2.87381

-39.6821 -21.0737 -1.44181
-35.9141 -21.6947 -1.80481
-32.9851 -19.5417 -0.63181
-29.4951 -20.5067 -1.87381

-26.6401 -18.6337 -0.17481
-23.3191 -18.2617 -2.08281

-25.0441 -19.7487 -5.20281
-21.7431 -19.6037 -7.20181
-21.2301 -23.1387 -5.68981
-23.7521 -24.2627 -8.40981

-21.5361 -22.8327 -11.2878
-20.8391 -26.3057 -12.8448
-23.8911 -28.3797 -13.9698
-21.9721 -31.7447 -13.8718
-21.3641 -31.5127 -10.0728

-23.5291 -33.6657 -7.74181
-24.5461 -30.5187 -5.72081
-25.8101 -28.8057 -8.92681
-27.5641 -31.9897 -10.2398
-29.4391 -32.3017 -6.88181
-30.2911 -28.5337 -6.56581
-31.4431 -27.7497 -10.1588
-34.6781 -29.9197 -10.2368
-35.9391 -28.1827 -7.03281
-34.9821 -24.6687 -8.29781
-36.8711 -25.2227 -11.6198
-40.1261 -26.3237 -9.80981

-40.0501 -24.0407 -6.69881
-42.3501 -20.9387 -6.93781

-39.8041 -18.5127 -5.33781
-35.9971 -18.7437 -5.86281
-33.7471 -16.3197 -3.94381
-30.1231 -16.8537 -5.05681
-27.4051 -14.9177 -3.14581

-23.7171 -14.3317 -4.05281
-20.9761 -11.6847 -3.66081
-19.2681 -13.0957 -6.77081
-21.9801 -14.6187 -9.06581
-19.2411 -15.4177 -11.5788
-15.8221 -16.3527 -10.1108
-13.7991 -16.1237 -13.3898
-15.9381 -16.5817 -16.5978

-19.4641 -15.9847 -18.1178
-20.1231 -19.7927 -18.3348
-20.3801 -19.9147 -14.4568
-23.5971 -17.7667 -14.6128
-25.6061 -20.2427 -16.7618
-26.8821 -22.4227 -13.8478
-27.9591 -19.2887 -11.8768
-29.7161 -17.8027 -14.9918
-31.7371 -21.0347 -15.6098
-32.5231 -21.3227 -11.8478
-34.0821 -17.7797 -11.8298

-35.5851 -18.0507 -15.4058
-35.9701 -21.7667 -16.4908
-37.1501 -20.6477 -20.0138
-33.9131 -18.6867 -20.7418
-31.3151 -20.6327 -22.8258
-32.8781 -24.1817 -22.4628
-29.5541 -25.6137 -23.8048

-26.0791 -24.4157 -22.6628
-24.6971 -24.4187 -26.2658
-26.8441 -21.3637 -27.2638
-25.5431 -19.4277 -24.1928
-21.9431 -20.5957 -24.9018
-22.0061 -19.5587 -28.6178
-23.2161 -16.0307 -27.6638
-21.3811 -15.2167 -24.3758

-18.4881 -17.7477 -23.9978
-16.8291 -17.2647 -27.4758
-17.4771 -20.9737 -28.0918

-14.9001 -22.6207 -30.4228
-15.1491 -25.9687 -32.2648
-11.8691 -27.8117 -31.5078

-10.8731 -31.2937 -32.9358
-11.9231 -32.8607 -29.5488

-15.2791 -30.9677 -29.1418
-16.4431 -27.4847 -28.0478
-14.3531 -25.0597 -25.9658

-16.3641 -22.5887 -23.7718
-13.4331 -20.9727 -21.8128
-13.7641 -17.6457 -23.7058
-15.9831 -14.5587 -23.3598
-18.1111 -12.4987 -25.7988
-20.8661 -9.80366 -25.8768

-20.4061 -9.08666 -22.1018
-22.2371 -5.68866 -22.2008
-25.3371 -7.46466 -23.6578
-25.0121 -10.1787 -20.9538
-24.8311 -7.41066 -18.2608
-28.0391 -5.77266 -19.6298
-29.8721 -9.16766 -19.7388
-28.7601 -9.99066 -16.1518
-29.8191 -6.59266 -14.6648
-33.2211 -6.54266 -16.4778
-34.3981 -10.1517 -15.9428

-32.1671 -12.1537 -13.4768

-30.0341 -10.0957 -11.0928
-30.0921 -7.20166 -8.62181

-26.4891 -5.95966 -8.08881
-25.1821 -2.95866 -6.09981
-21.6071 -2.12366 -5.12581

-20.0811 -0.639656 -1.89781
-19.4701 2.56434 -3.91981
-23.2251 2.81334 -4.81981
-24.6651 2.44334 -1.25981

-21.8541 2.93834 1.36219
-19.8931 6.17334 0.53119
-18.4791 5.93634 4.13119
-16.4741 2.66834 3.71519

-12.6751 3.36234 3.70019
-10.9221 2.62834 0.37619

-9.26608 -0.741656 -0.36681
-5.65008 0.106344 -1.34481
-4.11308 -2.78366 -3.34681
-0.434078 -3.28166 -4.29381
1.92792 -5.89066 -5.69581
4.96892 -6.58566 -3.45481
7.78792 -8.13966 -5.50981

9.56792 -10.3407 -2.91881
13.2829 -10.5217 -3.72881

14.2669 -13.7527 -5.65181
17.8819 -13.2817 -4.32381
16.8439 -15.4737 -1.30181

15.8029 -18.2627 -3.78681
18.9409 -20.4437 -3.72081

20.4469 -21.7167 -7.01881
19.1349 -25.3347 -6.47781
15.5129 -24.1367 -5.92681
15.7899 -21.8067 -8.98781
17.2189 -24.6517 -11.1398
14.2809 -26.8687 -9.95481
11.7349 -24.1337 -10.9528
13.5319 -23.7357 -14.3428
13.4449 -27.5617 -14.7738
9.67192 -27.8707 -14.0258
8.98392 -24.8187 -16.2938
10.9389 -26.4947 -19.1808
9.16492 -29.8077 -18.3898
5.66792 -28.2557 -18.9738
6.75892 -26.9247 -22.4448

8.23892 -30.2547 -23.6968
6.40892 -31.3527 -26.9018
6.54992 -35.1327 -26.3668
4.67892 -35.2937 -22.9818
1.10592 -36.5217 -22.4748

-1.69008 -34.1347 -21.3208
-1.37108 -35.7967 -17.8578
2.45092 -35.3377 -17.5688
1.89992 -31.6357 -18.5398
-0.689078 -31.2827 -15.6648
1.67892 -33.1027 -13.2278
4.62792 -30.8107 -14.1848
2.27692 -27.7727 -13.7288
1.26192 -28.9747 -10.2048
4.97692 -29.5557 -9.39781
5.94692 -26.0347 -10.6698
3.11992 -24.4957 -8.55481
4.07492 -26.4447 -5.35681
7.80792 -25.5277 -5.92381
6.75792 -21.8377 -6.28381
5.10692 -22.0267 -2.82381
8.26692 -23.6077 -1.25481
10.5669 -21.0467 -2.98281
8.56792 -18.0727 -1.53681
8.51492 -19.2687 2.16119
11.8019 -17.5157 3.29819
10.8649 -14.0827 1.82619
7.17992 -14.4377 2.86619
8.52092 -14.9857 6.43719
10.9929 -12.0427 6.05019
8.06592 -9.79166 4.96719
5.75392 -10.9437 7.85719
8.55892 -10.1757 10.3682
9.21292 -6.72566 8.74319
5.46392 -5.92866 9.21919
5.59092 -6.93966 12.9442
8.91592 -5.07466 13.5342

7.25792 -1.99566 11.8512
4.77792 -2.01066 14.8252
1.60892 -3.30766 13.0342
-1.08508 -4.26066 15.5622
-3.33808 -6.60966 13.4382

-3.11908 -8.20466 9.95719
-4.28708 -11.2807 7.98619
-1.91708 -13.6427 6.11119
-3.50308 -15.7097 3.30719
-1.88208 -18.8647 1.83619

-3.26408 -22.1657 0.35919
-0.386078 -24.7097 0.41419

-0.255078 -26.3937 3.86719
3.60792 -26.1917 3.92519
3.37792 -22.3347 3.68319
0.774922 -22.1497 6.52719
2.93592 -24.5847 8.61319
6.20092 -22.6027 8.05919
4.52392 -19.2237 8.90519
2.97092 -20.6527 12.1442
6.30692 -22.2857 13.1742
8.24892 -18.9827 12.7542
5.56292 -16.9697 14.6622
5.78092 -19.5607 17.5272
9.64292 -19.3367 17.4122

9.35492 -15.4817 17.6682
6.68692 -15.9137 20.4692
4.10892 -13.9537 18.3672
0.504922 -14.6407 19.4362

-1.49808 -15.6317 16.3252
-4.58308 -17.5997 15.1592
-4.66108 -20.3167 12.4432
-7.66308 -21.4177 10.2992

-7.39708 -24.1397 7.60119
-9.23008 -27.2357 6.18719
-8.65208 -29.1527 9.49619
-10.0861 -26.4037 11.8122
-13.5991 -27.4087 13.0012
-16.7621 -25.3127 12.3452
-17.1351 -24.2047 16.0332

-13.3771 -23.5627 16.6202
-13.3861 -21.3377 13.4532
-15.9471 -19.0057 15.1172
-14.0981 -19.0607 18.5012
-10.6621 -18.2727 16.8932
-12.4031 -15.5037 14.8702
-13.7371 -14.0157 18.1702
-10.2601 -14.3987 19.8232
-8.61208 -12.3827 16.9552
-11.4601 -9.78266 17.0052
-11.5341 -9.21866 20.8162

-7.90108 -9.88166 21.9502
-5.31708 -7.09966 21.2642
-2.51408 -9.72766 21.7142
-3.32508 -11.7317 18.5362
-1.35608 -9.75066 15.9152

-1.49808 -12.2747 13.0022
-4.25808 -14.4457 11.5232
-2.79608 -17.3077 9.39319
-5.65208 -18.2177 7.02019
-6.22608 -20.7457 4.23219

-7.53808 -18.8497 1.13119
-9.96708 -21.7597 0.42219
-11.0301 -22.6087 4.01919
-11.5171 -19.0147 5.38619
-13.2391 -17.4857 2.25319
-16.7001 -17.9597 3.94119
-18.6981 -17.0037 7.09219
-15.9311 -15.2377 9.08719
-15.4821 -11.4657 9.77219
-12.0291 -9.92266 10.4812
-12.8661 -6.18766 10.9272
-10.1561 -5.85566 13.6802
-7.37208 -5.92066 11.0072
-6.48808 -3.11566 8.51019

-4.04108 -5.19266 6.36819
-4.35008 -8.35666 4.22619
-1.18308 -10.1237 2.94119
-1.56008 -12.7567 0.19719

1.59992 -14.8797 0.64119
0.390922 -16.8997 -2.38981
-1.62008 -16.0967 -5.53781
-4.81308 -18.0617 -6.33381
-5.89908 -18.6157 -10.0008
-9.54508 -17.6437 -9.25581

-10.0851 -13.8667 -8.60781
-13.5581 -14.4147 -7.04481
-11.8571 -16.2817 -4.12481
-9.23808 -13.4857 -3.70981
-12.0751 -10.8577 -3.55581
-13.9551 -13.0977 -1.02081
-10.7771 -13.1047 1.15919
-10.3031 -9.25366 0.92719

-14.0011 -8.77866 1.94519
-13.3271 -10.6257 5.22919
-11.7061 -7.34566 6.49419
-13.6381 -4.82366 4.34919
-17.0221 -5.31666 6.17319
-19.5621 -3.14266 8.05619
-17.6381 -2.20066 11.2532
-14.3301 -1.42866 9.43119
-13.1011 2.17134 10.1452
-9.57908 2.10234 8.53219
-8.47608 2.06534 4.84619

-7.85408 -1.61566 4.02319
-4.36408 -2.43666 2.69119
-4.10208 -5.48766 0.35619
-0.541078 -6.73966 -0.38481
-0.0370781 -9.42366 -3.09681
3.38292 -11.1187 -2.58881
4.91592 -12.1347 -5.99181

8.30492 -13.6347 -7.01381
10.0059 -13.1157 -10.4428
11.1119 -16.4807 -11.9668
8.08892 -18.4557 -10.5488
4.41692 -19.4557 -11.1748

3.40492 -15.8717 -10.0958
4.72392 -14.5277 -13.4798
1.94392 -16.5357 -15.2898
-0.755078 -16.4587 -12.5558
-0.791078 -12.6447 -12.1358
-1.60208 -11.8027 -15.8498
-4.18708 -14.6897 -15.7998
-5.89608 -13.2527 -12.6558
-5.88308 -9.73966 -14.2728
-7.57608 -10.8227 -17.5548
-10.1771 -12.7477 -15.4398
-11.0191 -9.61266 -13.3208
-11.3791 -7.62066 -16.5928
-13.8521 -10.2657 -17.9578
-15.7741 -9.99966 -14.6258
-15.7591 -6.13566 -14.7898
-16.9861 -6.05166 -18.4598

-19.8591 -8.37366 -17.3428
-20.6591 -5.83166 -14.4978
-19.5831 -8.43266 -11.8538
-16.5631 -6.52566 -10.3778
-15.3881 -2.91066 -9.80581
-11.9301 -4.34966 -9.07081
-9.45608 -3.21366 -11.7158
-6.01608 -4.88566 -11.2428
-4.13108 -3.07966 -14.1318

-3.12508 0.00934384 -12.0498
-1.07708 -2.17966 -9.60681
1.26992 -3.49666 -12.3858
2.12092 -0.0996562 -13.9448

3.38592 0.859344 -10.4148
5.87092 -2.11366 -9.99181

End chain 1
