-13.201 -6.296 -53.957
-10.703 -3.406 -53.291
-9.54 -3.087 -49.639
-11.02 0.322 -48.639
-8.614 1.85 -46.053
-10.787 3.126 -43.162

-9.634 6.195 -41.181
-10.061 4.9 -37.589
-10.286 6.838 -34.306
-12.195 7.103 -30.979
-14.163 9.439 -28.711
-12.619 10.223 -25.263
-14.157 12.207 -22.344

-11.943 15.248 -21.466
-14.301 16.978 -18.949
-17.827 16.65 -17.399
-19.139 18.761 -20.353

-16.752 17.96 -23.312
-15.482 14.956 -25.281
-12.62 14.751 -27.824
-12.437 12.939 -31.204
-8.982 11.264 -31.393
-8.672 10.357 -35.1

-6.282 10.744 -38.079
-6.98 13.557 -40.6
-9.895 13.022 -43.051

-11.208 15.853 -45.293
-14.92 14.856 -45.011
-14.611 14.37 -41.226
-13.015 17.857 -40.827
-15.875 19.254 -42.999
-18.403 17.482 -40.669
-16.559 18.759 -37.515
-16.844 22.341 -38.957

-20.697 21.797 -39.029
-20.861 21.033 -35.24
-22.116 23.933 -33.104
-20.016 23.255 -29.939
-16.791 22.621 -31.971

-13.393 23.436 -30.391
-10.011 22.816 -32.063
-6.805 22.812 -29.99

-3.883 23.919 -32.209
-1.328 22.314 -29.773
-2.753 18.736 -29.691
-4.334 19.137 -33.217

-7.578 17.622 -31.79
-11.313 18.386 -31.995
-13.683 18.544 -28.991
-17.466 19.001 -28.65
-20.131 19.402 -25.91

-21.257 16.038 -24.476
-24.923 16.743 -25.497
-23.731 16.722 -29.178
-22.178 13.179 -28.839
-25.228 11.354 -30.322
-25.57 14.044 -33.093
-21.852 13.682 -34.021
-21.815 9.829 -34.037
-25.045 9.774 -36.128
-23.507 12.176 -38.75
-20.093 10.348 -38.803

-21.793 6.948 -39.527
-22.962 8.546 -42.834
-19.328 9.196 -43.991
-17.677 6.563 -46.261
-14.251 5.2 -45.121

-14.46 6.789 -41.562
-14.765 4.819 -38.279
-15.142 6.964 -35.114
-15.663 4.659 -32.101

-18.218 6.249 -29.657
-17.862 6.903 -25.912
-18.35 3.469 -24.195
-21.794 2.549 -22.772
-20.235 2.829 -19.255
-19.534 6.58 -19.812
-22.964 7.196 -21.431
-24.623 5.531 -18.378
-22.42 7.523 -15.909

-23.028 10.919 -17.654
-26.668 10.153 -18.714
-27.851 13.482 -17.123

-25.214 15.594 -18.963
-26 13.8 -22.296
-29.631 15.147 -21.909

-29.014 18.802 -20.797
-28.522 21.656 -23.337
-27.494 23.803 -20.296
-24.374 24.206 -18.108
-26.03 23.63 -14.722
-23.195 22.587 -12.38
-23.731 19.355 -10.334

-27.219 19.392 -8.694
-26.798 20.208 -4.988
-26.578 17.032 -2.906
-29.814 16.999 -0.82
-29.276 16.946 2.956
-30.305 13.551 4.343

-32.727 13.25 7.268
-30.389 11.851 9.975
-33.077 12.019 12.787
-33.159 8.159 12.923
-29.32 8.149 13.454
-27.82 8.306 16.969

-27.52 12.074 17.913
-23.991 11.509 19.371
-22.796 10.469 15.867
-24.731 13.185 13.93
-23.402 16.008 16.22
-19.738 14.82 15.861

-19.687 14.822 11.995
-17.445 17.587 10.586

-19.106 19.692 7.763
-17.231 17.783 4.996
-18.064 14.402 6.666
-21.796 15.407 6.677
-21.562 16.318 2.947
-19.943 12.855 2.346
-22.788 11.075 4.244
-25.363 13.084 2.191
-23.555 12.165 -1.104
-23.43 8.459 -0.115
-27.196 8.491 0.728
-28.024 10.343 -2.565

-25.973 7.645 -4.472
-28.214 5.048 -2.67
-25.512 3.7 -0.27

-23.352 2.353 -3.174
-19.956 4.118 -3.237
-16.209 4.012 -2.721
-15.295 6.541 0.021

-11.694 7.195 -1.128

-11.135 10.189 1.225
-7.504 10.605 2.377

-6.048 8.715 5.398
-7.361 9.956 8.784
-10.233 12.169 7.374
-12.706 9.981 9.408

-13.844 7.354 6.831
-15.012 5.081 9.734
-17.363 7.714 11.316
-18.876 8.506 7.854
-19.282 4.738 7.09
-21.02 4.042 10.461
-23.415 6.996 9.798
-24.247 5.855 6.195
-24.846 2.277 7.463
-26.955 3.52 10.461
-29.227 5.531 8.078

-29.9 2.058 6.507

-30.384 0.293 9.981
-33.886 -0.857 8.77
-32.05 -2.956 6.062
-29.626 -4.868 8.41
-27.981 -7.413 9.17

-24.774 -5.448 8.488
-21.551 -7.137 7.269
-18.235 -5.328 7.997
-15.132 -6.739 6.223
-11.829 -5.357 7.603

-8.05 -6.016 7.986
-7.416 -8.82 10.567
-5.856 -6.305 13.093
-8.689 -3.64 13.199

-11.758 -5.868 14.003
-11.895 -4.753 17.675
-11.154 -1.102 16.63
-14.365 -1.304 14.506
-16.414 -2.897 17.375
-15.268 -0.08 19.729
-16.109 2.476 16.969
-19.722 1.111 16.76
-20.082 1.14 20.611
-18.596 4.7 20.723
-20.823 6.195 17.978

-24.121 4.191 18.24
-24.851 3.95 22.056
-28.388 2.791 20.948
-26.764 -0.701 20.406
-26.03 -3.285 23.117

-22.632 -5.104 22.857
-24.638 -8.32 22.08
-25.78 -6.667 18.791

-22.091 -6.816 17.576
-20.505 -10.124 16.488
-16.681 -10.041 16.081

-15.702 -13.116 14.035
-12.316 -14.303 15.372
-12.201 -17.837 13.813
-13.405 -19.799 10.735
-15.769 -21.82 13.07
-17.788 -18.808 14.317
-21.352 -17.917 13.159
-21.075 -14.973 10.701
-24.816 -14.102 11.273
-24.919 -14.166 15.127
-25.108 -10.332 15.536
-27.08 -7.466 13.995

-23.588 -6.14 13.038
-21.065 -8.833 11.965
-17.336 -7.898 11.803
-15.009 -10.302 9.887
-11.529 -10.295 8.291

-10.658 -10.74 4.577
-8.757 -14.009 5.375
-11.833 -15.546 7.113
-14.3 -14.769 4.222

-12.926 -17.715 2.14
-13.287 -20.073 5.183
-16.843 -18.74 5.845
-18.014 -18.815 2.139
-20.731 -21.415 3.044
-22.243 -18.836 5.512
-21.955 -15.894 2.989
-25.071 -17.433 1.278
-27.188 -15.451 3.825
-28.094 -12.137 2.052
-26.367 -9.235 3.842
-28.236 -6.215 2.36

-25.704 -3.677 3.792
-21.936 -4.298 3.429
-19.007 -2.145 4.602
-15.517 -3.11 3.36

-12.662 -1.237 5.059
-9.341 -0.865 3.151

-11.066 -2.352 0.031
-7.765 -2.207 -1.968
-7.252 -5.742 -0.456
-9.774 -6.866 -3.176

-7.558 -5.436 -6.054
-6.861 -8.909 -7.611
-9.913 -10.983 -8.736
-7.994 -14.348 -8.638
-7.386 -14.116 -4.839

-9.551 -16.269 -2.508
-10.568 -13.122 -0.487
-11.832 -11.409 -3.693
-13.586 -14.593 -5.006
-15.461 -14.905 -1.648
-16.313 -11.137 -1.332
-17.465 -10.353 -4.925
-20.7 -12.523 -5.003
-21.961 -10.786 -1.799
-21.004 -7.272 -3.064
-22.893 -7.826 -6.386
-26.148 -8.927 -4.576

-26.072 -6.644 -1.465
-28.372 -3.542 -1.704

-25.826 -1.116 -0.104
-22.019 -1.347 -0.629
-19.769 1.077 1.29
-16.145 0.543 0.177
-13.427 2.479 2.088

-9.739 3.065 1.181
-6.998 5.712 1.573
-5.29 4.301 -1.537
-8.002 2.778 -3.832
-5.263 1.979 -6.345
-1.844 1.044 -4.877
0.179 1.273 -8.156
-1.96 0.815 -11.364

-5.486 1.412 -12.884
-6.145 -2.396 -13.101
-6.402 -2.518 -9.223
-9.619 -0.37 -9.379
-11.628 -2.846 -11.528
-12.904 -5.026 -8.614
-13.981 -1.892 -6.643
-15.738 -0.406 -9.758
-17.759 -3.638 -10.376
-18.545 -3.926 -6.614
-20.104 -0.383 -6.596

-21.607 -0.654 -10.172
-21.992 -4.37 -11.257
-23.172 -3.251 -14.78
-19.935 -1.29 -15.508
-17.337 -3.236 -17.592
-18.9 -6.785 -17.229
-15.576 -8.217 -18.571

-12.101 -7.019 -17.429
-10.719 -7.022 -21.032
-12.866 -3.967 -22.03
-11.565 -2.031 -18.959
-7.965 -3.199 -19.668
-8.028 -2.162 -23.384
-9.238 1.366 -22.43
-7.403 2.18 -19.142

-4.51 -0.351 -18.764
-2.851 0.132 -22.242
-3.499 -3.577 -22.858

-0.922 -5.224 -25.189
-1.171 -8.572 -27.031
2.109 -10.415 -26.274

3.105 -13.897 -27.702
2.055 -15.464 -24.315

-1.301 -13.571 -23.908
-2.465 -10.088 -22.814
-0.375 -7.663 -20.732

-2.386 -5.192 -18.538
0.545 -3.576 -16.579
0.214 -0.249 -18.472
-2.005 2.838 -18.126
-4.133 4.898 -20.565
-6.888 7.593 -20.643

-6.428 8.31 -16.868
-8.259 11.708 -16.967
-11.359 9.932 -18.424
-11.034 7.218 -15.72
-10.853 9.986 -13.027
-14.061 11.624 -14.396
-15.894 8.229 -14.505
-14.782 7.406 -10.918
-15.841 10.804 -9.431
-19.243 10.854 -11.244
-20.42 7.245 -10.709

-18.189 5.243 -8.243

-16.056 7.301 -5.859
-16.114 10.195 -3.388

-12.511 11.437 -2.855
-11.204 14.438 -0.866
-7.629 15.273 0.108

-6.103 16.757 3.336
-5.492 19.961 1.314
-9.247 20.21 0.414
-10.687 19.84 3.974

-7.876 20.335 6.596
-5.915 23.57 5.765
-4.501 23.333 9.365
-2.496 20.065 8.949

1.303 20.759 8.934
3.056 20.025 5.61

4.712 16.655 4.867
8.328 17.503 3.889
9.865 14.613 1.887
13.544 14.115 0.94
15.906 11.506 -0.462
18.947 10.811 1.779
21.766 9.257 -0.276

23.546 7.056 2.315
27.261 6.875 1.505

28.245 3.644 -0.418
31.86 4.115 0.91
30.822 1.923 3.932

29.781 -0.866 1.447
32.919 -3.047 1.513

34.425 -4.32 -1.785
33.113 -7.938 -1.244
29.491 -6.74 -0.693
29.768 -4.41 -3.754
31.197 -7.255 -5.906
28.259 -9.472 -4.721
25.713 -6.737 -5.719
27.51 -6.339 -9.109
27.423 -10.165 -9.54
23.65 -10.474 -8.792
22.962 -7.422 -11.06
24.917 -9.098 -13.947
23.143 -12.411 -13.156
19.646 -10.859 -13.74
20.737 -9.528 -17.211

21.7575 -13.0694 -17.9276
23.2849 -16.5535 -18.6624
24.4763 -19.6322 -20.4007
21.2799 -20.5616 -22.4031
18.5186 -22.8712 -23.6069

18.3752 -23.6048 -27.3331
18.5141 -27.3494 -26.6996
15.6871 -27.1243 -24.1697
13.5308 -25.1637 -26.6088
14.1249 -27.7306 -29.3477
13.1646 -30.578 -27.0212
9.95326 -28.8079 -26.0226
9.01974 -28.241 -29.6627
9.60523 -31.905 -30.4842
7.42482 -33.0062 -27.5729
4.6142 -30.7001 -28.6796
4.77197 -32.0516 -32.228
4.60611 -35.6352 -30.9738
1.57585 -34.8439 -28.8211
-0.210346 -33.2262 -31.7597
0.468103 -36.2491 -33.9609
-0.889498 -38.6071 -31.3076
-4.05749 -36.5382 -30.9518
-4.60768 -36.5568 -34.7121
-4.18868 -40.3314 -34.8523
-6.69891 -40.8116 -32.0396
-9.23707 -38.5944 -33.7959
-8.83703 -40.5384 -37.0369
-9.3532 -43.8426 -35.2319
-12.5132 -42.5486 -33.5636
-13.9074 -41.3719 -36.8974
-13.2252 -44.7557 -38.4871
-14.976 -46.5569 -35.6352
-18.0214 -44.306 -35.9546
-18.2178 -44.9398 -39.6966
-18.0351 -48.6988 -39.1674
-20.8231 -48.5687 -36.5882

-22.4811 -45.4897 -38.2712
-24.9611 -45.5047 -35.2972
-28.1301 -46.8017 -37.0882
-30.8241 -47.7547 -34.5602
-33.0771 -50.1037 -36.6842

-32.8581 -51.6987 -40.1652
-34.0261 -54.7747 -42.1362
-31.6561 -57.1367 -44.0112
-33.2421 -59.2037 -46.8152
-31.6211 -62.3587 -48.2862

-33.0031 -65.6597 -49.7632
-30.1251 -68.2037 -49.7082

-29.9941 -69.8877 -46.2552
-26.1311 -69.6857 -46.1972
-26.3611 -65.8287 -46.4392
-28.9641 -65.6437 -43.5952
-26.8031 -68.0787 -41.5092
-23.5381 -66.0967 -42.0632
-25.2151 -62.7177 -41.2172
-26.7681 -64.1467 -37.9782
-23.4321 -65.7797 -36.9482
-21.4901 -62.4767 -37.3682
-24.1761 -60.4637 -35.4602
-23.9581 -63.0547 -32.5952
-20.0961 -62.8307 -32.7102

-20.3841 -58.9757 -32.4542
-23.0521 -59.4077 -29.6532
-25.6301 -57.4477 -31.7552
-29.2341 -58.1347 -30.6862

-31.2371 -59.1257 -33.7972
-34.3221 -61.0937 -34.9632
-34.4001 -63.8107 -37.6792
-37.4021 -64.9117 -39.8232

-37.1361 -67.6337 -42.5212
-38.9691 -70.7297 -43.9352
-38.3911 -72.6467 -40.6262
-39.8251 -69.8977 -38.3102
-43.3381 -70.9027 -37.1212
-46.5011 -68.8067 -37.7772
-46.8741 -67.6987 -34.0892

-43.1161 -67.0567 -33.5022
-43.1251 -64.8317 -36.6692
-45.6861 -62.4997 -35.0052
-43.8371 -62.5547 -31.6212
-40.4011 -61.7667 -33.2292
-42.1421 -58.9977 -35.2522
-43.4761 -57.5097 -31.9522
-39.9991 -57.8927 -30.2992
-38.3511 -55.8767 -33.1672
-41.1991 -53.2767 -33.1172
-41.2731 -52.7127 -29.3062

-37.6401 -53.3757 -28.1722
-35.0561 -50.5937 -28.8582
-32.2531 -53.2217 -28.4082
-33.0641 -55.2257 -31.5862
-31.0951 -53.2447 -34.2072

-31.2371 -55.7687 -37.1202
-33.9971 -57.9397 -38.5992
-32.5351 -60.8017 -40.7292
-35.3911 -61.7117 -43.1022
-35.9651 -64.2397 -45.8902

-37.2771 -62.3437 -48.9912
-39.7061 -65.2537 -49.7002
-40.7691 -66.1027 -46.1032
-41.2561 -62.5087 -44.7362
-42.9781 -60.9797 -47.8692
-46.4391 -61.4537 -46.1812
-48.4371 -60.4977 -43.0302
-45.6701 -58.7317 -41.0352
-45.2211 -54.9597 -40.3502
-41.7681 -53.4167 -39.6412
-42.6051 -49.6817 -39.1952
-39.8951 -49.3497 -36.4422
-37.1111 -49.4147 -39.1152
-36.2271 -46.6097 -41.6122

-33.7801 -48.6867 -43.7542
-34.0891 -51.8507 -45.8962
-30.9221 -53.6177 -47.1812
-31.2991 -56.2507 -49.9252

-28.1391 -58.3737 -49.4812
-29.3481 -60.3937 -52.5122
-31.3591 -59.5907 -55.6602
-34.5521 -61.5557 -56.4562
-35.6381 -62.1097 -60.1232
-39.2841 -61.1377 -59.3782

-39.8241 -57.3607 -58.7302
-43.2971 -57.9087 -57.1672
-41.5961 -59.7757 -54.2472
-38.9771 -56.9797 -53.8322
-41.8141 -54.3517 -53.6782
-43.6941 -56.5917 -51.1432
-40.5161 -56.5987 -48.9632
-40.0421 -52.7477 -49.1952

-43.7401 -52.2727 -48.1772
-43.0661 -54.1197 -44.8932
-41.4451 -50.8397 -43.6282
-43.3771 -48.3177 -45.7732
-46.7611 -48.8107 -43.9492
-49.3011 -46.6367 -42.0662
-47.3771 -45.6947 -38.8692
-44.0691 -44.9227 -40.6912
-42.8401 -41.3227 -39.9772
-39.3181 -41.3917 -41.5902
-38.2151 -41.4287 -45.2762

-37.5931 -45.1097 -46.0992
-34.1031 -45.9307 -47.4312
-33.8411 -48.9817 -49.7662
-30.2801 -50.2337 -50.5072
-29.7761 -52.9177 -53.2192
-26.3561 -54.6127 -52.7112
-24.8231 -55.6287 -56.1142

-21.4341 -57.1287 -57.1362
-19.7331 -56.6097 -60.5652
-18.6271 -59.9747 -62.0892
-21.6501 -61.9497 -60.6712
-25.3221 -62.9497 -61.2972

-26.3341 -59.3657 -60.2182
-25.0151 -58.0217 -63.6022
-27.7951 -60.0297 -65.4122
-30.4941 -59.9527 -62.6782
-30.5301 -56.1387 -62.2582
-31.3411 -55.2967 -65.9722
-33.9261 -58.1837 -65.9222
-35.6351 -56.7467 -62.7782
-35.6221 -53.2337 -64.3952
-37.3151 -54.3167 -67.6772
-39.9161 -56.2417 -65.5622
-40.7581 -53.1067 -63.4432
-41.1181 -51.1147 -66.7152
-43.5911 -53.7597 -68.0802
-45.5131 -53.4937 -64.7482
-45.4981 -49.6297 -64.9122
-46.7251 -49.5457 -68.5822

-49.5981 -51.8677 -67.4652
-50.3981 -49.3257 -64.6202
-49.3221 -51.9267 -61.9762
-46.3021 -50.0197 -60.5002
-45.1271 -46.4047 -59.9282
-41.6691 -47.8437 -59.1932
-39.1951 -46.7077 -61.8382
-35.7551 -48.3797 -61.3652
-33.8701 -46.5737 -64.2542

-32.8641 -43.4847 -62.1722
-30.8161 -45.6737 -59.7292
-28.4691 -46.9907 -62.5082
-27.6181 -43.5937 -64.0672

-26.3531 -42.6347 -60.5372
-23.8681 -45.6077 -60.1142

End chain 1
