-13.201 -6.296 -53.957
-10.703 -3.406 -53.291
-9.54 -3.087 -49.639
-11.02 0.322 -48.639
-8.614 1.85 -46.053
-10.787 3.126 -43.162

-9.634 6.195 -41.181
-10.061 4.9 -37.589
-10.286 6.838 -34.306
-12.195 7.103 -30.979
-14.163 9.439 -28.711
-12.619 10.223 -25.263
-14.157 12.207 -22.344

-11.943 15.248 -21.466
-14.301 16.978 -18.949
-17.827 16.65 -17.399
-19.139 18.761 -20.353

-16.752 17.96 -23.312
-15.482 14.956 -25.281
-12.62 14.751 -27.824
-12.437 12.939 -31.204
-8.982 11.264 -31.393
-8.672 10.357 -35.1

-6.282 10.744 -38.079
-6.98 13.557 -40.6
-9.895 13.022 -43.051

-11.208 15.853 -45.293
-14.92 14.856 -45.011
-14.611 14.37 -41.226
-13.015 17.857 -40.827
-15.875 19.254 -42.999
-18.403 17.482 -40.669
-16.559 18.759 -37.515
-16.844 22.341 -38.957

-20.697 21.797 -39.029
-20.861 21.033 -35.24
-22.116 23.933 -33.104
-20.016 23.255 -29.939
-16.791 22.621 -31.971

-13.393 23.436 -30.391
-10.011 22.816 -32.063
-6.805 22.812 -29.99

-3.883 23.919 -32.209
-1.328 22.314 -29.773
-2.753 18.736 -29.691
-4.334 19.137 -33.217

-7.578 17.622 -31.79
-11.313 18.386 -31.995
-13.683 18.544 -28.991
-17.466 19.001 -28.65
-20.131 19.402 -25.91

-21.257 16.038 -24.476
-24.923 16.743 -25.497
-23.731 16.722 -29.178
-22.178 13.179 -28.839
-25.228 11.354 -30.322
-25.57 14.044 -33.093
-21.852 13.682 -34.021
-21.815 9.829 -34.037
-25.045 9.774 -36.128
-23.507 12.176 -38.75
-20.093 10.348 -38.803

-21.793 6.948 -39.527
-22.962 8.546 -42.834
-19.328 9.196 -43.991
-17.677 6.563 -46.261
-14.251 5.2 -45.121

-14.46 6.789 -41.562
-14.765 4.819 -38.279
-15.142 6.964 -35.114
-15.663 4.659 -32.101

-18.218 6.249 -29.657
-17.862 6.903 -25.912
-18.35 3.469 -24.195
-21.794 2.549 -22.772
-20.235 2.829 -19.255
-19.534 6.58 -19.812
-22.964 7.196 -21.431
-24.623 5.531 -18.378
-22.42 7.523 -15.909

-23.028 10.919 -17.654
-26.668 10.153 -18.714
-27.851 13.482 -17.123

-25.214 15.594 -18.963
-26 13.8 -22.296
-29.631 15.147 -21.909

-29.014 18.802 -20.797
-28.522 21.656 -23.337
-27.494 23.803 -20.296
-24.374 24.206 -18.108
-26.03 23.63 -14.722
-23.195 22.587 -12.38
-23.731 19.355 -10.334

-27.219 19.392 -8.694
-26.798 20.208 -4.988
-26.578 17.032 -2.906
-29.814 16.999 -0.82
-29.276 16.946 2.956
-30.305 13.551 4.343

-32.727 13.25 7.268
-30.389 11.851 9.975
-33.077 12.019 12.787
-33.159 8.159 12.923
-29.32 8.149 13.454
-27.82 8.306 16.969

-27.52 12.074 17.913
-23.991 11.509 19.371
-22.796 10.469 15.867
-24.731 13.185 13.93
-23.402 16.008 16.22
-19.738 14.82 15.861

-19.687 14.822 11.995
-17.445 17.587 10.586

-19.106 19.692 7.763
-17.231 17.783 4.996
-18.064 14.402 6.666
-21.796 15.407 6.677
-21.562 16.318 2.947
-19.943 12.855 2.346
-22.788 11.075 4.244
-25.363 13.084 2.191
-23.555 12.165 -1.104
-23.43 8.459 -0.115
-27.196 8.491 0.728
-28.024 10.343 -2.565

-25.973 7.645 -4.472
-28.214 5.048 -2.67
-25.512 3.7 -0.27

-23.352 2.353 -3.174
-19.956 4.118 -3.237
-16.209 4.012 -2.721
-15.295 6.541 0.021

-11.694 7.195 -1.128

-11.135 10.189 1.225
-7.504 10.605 2.377

-6.048 8.715 5.398
-7.361 9.956 8.784
-10.233 12.169 7.374
-12.706 9.981 9.408

-13.844 7.354 6.831
-15.012 5.081 9.734
-17.363 7.714 11.316
-18.876 8.506 7.854
-19.282 4.738 7.09
-21.02 4.042 10.461
-23.415 6.996 9.798
-24.247 5.855 6.195
-24.846 2.277 7.463
-26.955 3.52 10.461
-29.227 5.531 8.078

-29.9 2.058 6.507

-30.384 0.293 9.981
-33.886 -0.857 8.77
-32.05 -2.956 6.062
-29.626 -4.868 8.41
-27.981 -7.413 9.17

-24.774 -5.448 8.488
-21.551 -7.137 7.269
-18.235 -5.328 7.997
-15.132 -6.739 6.223
-11.829 -5.357 7.603

-8.05 -6.016 7.986
-7.416 -8.82 10.567
-5.856 -6.305 13.093
-8.689 -3.64 13.199

-11.758 -5.868 14.003
-11.895 -4.753 17.675
-11.154 -1.102 16.63
-14.365 -1.304 14.506
-16.414 -2.897 17.375
-15.268 -0.08 19.729
-16.109 2.476 16.969
-19.722 1.111 16.76
-20.082 1.14 20.611
-18.596 4.7 20.723
-20.823 6.195 17.978

-24.121 4.191 18.24
-24.851 3.95 22.056
-28.388 2.791 20.948
-26.764 -0.701 20.406
-26.03 -3.285 23.117

-22.632 -5.104 22.857
-24.638 -8.32 22.08
-25.78 -6.667 18.791

-22.091 -6.816 17.576
-20.505 -10.124 16.488
-16.681 -10.041 16.081

-15.702 -13.116 14.035
-12.316 -14.303 15.372
-12.201 -17.837 13.813
-13.405 -19.799 10.735
-15.769 -21.82 13.07
-17.788 -18.808 14.317
-21.352 -17.917 13.159
-21.075 -14.973 10.701
-24.816 -14.102 11.273
-24.919 -14.166 15.127
-25.108 -10.332 15.536
-27.08 -7.466 13.995

-23.588 -6.14 13.038
-21.065 -8.833 11.965
-17.336 -7.898 11.803
-15.009 -10.302 9.887
-11.529 -10.295 8.291

-10.658 -10.74 4.577
-8.757 -14.009 5.375
-11.833 -15.546 7.113
-14.3 -14.769 4.222

-12.926 -17.715 2.14
-13.287 -20.073 5.183
-16.843 -18.74 5.845
-18.014 -18.815 2.139
-20.731 -21.415 3.044
-22.243 -18.836 5.512
-21.955 -15.894 2.989
-25.071 -17.433 1.278
-27.188 -15.451 3.825
-28.094 -12.137 2.052
-26.367 -9.235 3.842
-28.236 -6.215 2.36

-25.704 -3.677 3.792
-21.936 -4.298 3.429
-19.007 -2.145 4.602
-15.517 -3.11 3.36

-12.662 -1.237 5.059
-9.341 -0.865 3.151

-11.066 -2.352 0.031
-7.765 -2.207 -1.968
-7.252 -5.742 -0.456
-9.774 -6.866 -3.176

-7.558 -5.436 -6.054
-6.861 -8.909 -7.611
-9.913 -10.983 -8.736
-7.994 -14.348 -8.638
-7.386 -14.116 -4.839

-9.551 -16.269 -2.508
-10.568 -13.122 -0.487
-11.832 -11.409 -3.693
-13.586 -14.593 -5.006
-15.461 -14.905 -1.648
-16.313 -11.137 -1.332
-17.465 -10.353 -4.925
-20.7 -12.523 -5.003
-21.961 -10.786 -1.799
-21.004 -7.272 -3.064
-22.893 -7.826 -6.386
-26.148 -8.927 -4.576

-26.072 -6.644 -1.465
-28.372 -3.542 -1.704

-25.826 -1.116 -0.104
-22.019 -1.347 -0.629
-19.769 1.077 1.29
-16.145 0.543 0.177
-13.427 2.479 2.088

-9.9587 4.04012 2.74382
-9.37698 7.86831 2.52501
-9.52569 11.3977 1.30843
-9.30174 15.0686 0.259775
-11.9871 17.0813 2.12428
-9.67889 15.5837 4.77842
-5.90831 15.0543 4.12338
-5.28701 15.7512 0.472759

-4.05231 12.1594 0.341183
-6.34401 11.1646 3.205
-9.33866 12.7556 1.48929
-8.58102 10.9187 -1.75025
-8.32618 7.59752 0.0793998
-11.6621 8.18122 1.80396
-13.3413 8.9944 -1.50689
-11.9622 5.82895 -3.0946
-13.2224 3.71249 -0.200598
-16.693 5.23758 -0.469876
-16.8138 4.54352 -4.20439

-18.3168 4.27252 -7.78039
-18.7018 0.556524 -8.86539
-19.8818 1.67552 -12.3884
-16.6448 3.63652 -13.1164
-14.0468 1.69052 -15.2004
-15.6098 -1.85848 -14.8374
-12.2858 -3.29048 -16.1794

-8.81084 -2.09248 -15.0374
-7.42884 -2.09548 -18.6404
-9.57584 0.959524 -19.6384
-8.27484 2.89552 -16.5674
-4.67484 1.72752 -17.2764
-4.73784 2.76452 -20.9924
-5.94784 6.29252 -20.0384
-4.11284 7.10652 -16.7504

-1.21984 4.57552 -16.3724
0.439158 5.05852 -19.8504
-0.208842 1.34952 -20.4664

2.36816 -0.297476 -22.7974
2.11916 -3.64548 -24.6394
5.39916 -5.48848 -23.8824

6.39516 -8.97048 -25.3104
5.34516 -10.5375 -21.9234

1.98916 -8.64448 -21.5164
0.825158 -5.16148 -20.4224
2.91516 -2.73648 -18.3404

0.904158 -0.265476 -16.1464
3.83516 1.35052 -14.1874
3.50416 4.67752 -16.0804
1.28516 7.76452 -15.7344
-0.842842 9.82452 -18.1734
-3.59784 12.5195 -18.2514

-3.13784 13.2365 -14.4764
-4.96884 16.6345 -14.5754
-8.06884 14.8585 -16.0324
-7.74384 12.1445 -13.3284
-7.56284 14.9125 -10.6354
-10.7708 16.5505 -12.0044
-12.6038 13.1555 -12.1134
-11.4918 12.3325 -8.52639
-12.5508 15.7305 -7.03939
-15.9528 15.7805 -8.85239
-17.1298 12.1715 -8.31739

-14.8988 10.1695 -5.85139

-12.7658 12.2275 -3.46739
-12.8238 15.1215 -0.996386

-9.22084 16.3635 -0.463386
-7.91384 19.3645 1.52561
-4.33884 20.1995 2.49961

-2.81284 21.6835 5.72761
-2.20184 24.8875 3.70561
-5.95684 25.1365 2.80561
-7.39684 24.7665 6.36561

-4.58584 25.2615 8.98761
-2.62484 28.4965 8.15661
-1.21084 28.2595 11.7566
0.794158 24.9915 11.3406

4.59316 25.6855 11.3256
6.34616 24.9515 8.00161

8.00216 21.5815 7.25861
11.6182 22.4295 6.28061
13.1552 19.5395 4.27861
16.8342 19.0415 3.33161
19.1962 16.4325 1.92961
22.2372 15.7375 4.17061
25.0562 14.1835 2.11561

26.8362 11.9825 4.70661
30.5512 11.8015 3.89661

31.5352 8.57052 1.97361
35.1502 9.04152 3.30161
34.1122 6.84952 6.32361

33.0712 4.06052 3.83861
36.2092 1.87952 3.90461

37.7152 0.606524 0.606614
36.4032 -3.01148 1.14761
32.7812 -1.81348 1.69861
33.0582 0.516524 -1.36239
34.4872 -2.32848 -3.51439
31.5492 -4.54548 -2.32939
29.0032 -1.81048 -3.32739
30.8002 -1.41248 -6.71739
30.7132 -5.23848 -7.14839
26.9402 -5.54748 -6.40039
26.2522 -2.49548 -8.66839
28.2072 -4.17148 -11.5554
26.4332 -7.48448 -10.7644
22.9362 -5.93248 -11.3484
24.0272 -4.60148 -14.8194

25.5072 -7.93148 -16.0714
23.6772 -9.02948 -19.2764
23.8182 -12.8095 -18.7414
21.9472 -12.9705 -15.3564
18.3742 -14.1985 -14.8494

15.5782 -11.8115 -13.6954
15.8972 -13.4735 -10.2324
19.7192 -13.0145 -9.94339
19.1682 -9.31248 -10.9144
16.5792 -8.95948 -8.03939
18.9472 -10.7795 -5.60239
21.8962 -8.48748 -6.55939
19.5452 -5.44948 -6.10339
18.5302 -6.65148 -2.57939
22.2452 -7.23248 -1.77239
23.2152 -3.71148 -3.04439
20.3882 -2.17248 -0.929386
21.3432 -4.12148 2.26861
25.0762 -3.20448 1.70161
24.0262 0.485524 1.34161
22.3752 0.296524 4.80161
25.5352 -1.28448 6.37061
27.8352 1.27652 4.64261
25.8362 4.25052 6.08861
25.7832 3.05452 9.78661
29.0702 4.80752 10.9236
28.1332 8.24052 9.45161
24.4482 7.88552 10.4916
25.7892 7.33752 14.0626
28.2612 10.2805 13.6756
25.3342 12.5315 12.5926
23.0222 11.3795 15.4826
25.8272 12.1475 17.9936
26.4812 15.5975 16.3686
22.7322 16.3945 16.8446
22.8592 15.3835 20.5696
26.1842 17.2485 21.1596

24.5262 20.3275 19.4766
22.0462 20.3125 22.4506
18.8772 19.0155 20.6596
16.1832 18.0625 23.1876
13.9302 15.7135 21.0636

14.1492 14.1185 17.5826
12.9812 11.0425 15.6116
15.3512 8.68052 13.7366
13.7652 6.61352 10.9326
15.3862 3.45852 9.46161

14.0042 0.157524 7.98461
16.8822 -2.38648 8.03961

17.0132 -4.07048 11.4926
20.8762 -3.86848 11.5506
20.6462 -0.0114764 11.3086
18.0432 0.173524 14.1526
20.2042 -2.26148 16.2386
23.4692 -0.279476 15.6846
21.7922 3.09952 16.5306
20.2392 1.67052 19.7696
23.5752 0.0375236 20.7996
25.5172 3.34052 20.3796
22.8312 5.35352 22.2876
23.0492 2.76252 25.1526
26.9112 2.98652 25.0376

26.6232 6.84152 25.2936
23.9552 6.40952 28.0946
21.3772 8.36952 25.9926
17.7732 7.68252 27.0616

15.7702 6.69152 23.9506
12.6852 4.72352 22.7846
12.6072 2.00652 20.0686
9.60516 0.905524 17.9246

9.87116 -1.81648 15.2266
8.03816 -4.91248 13.8126
8.61616 -6.82948 17.1216
7.18216 -4.08048 19.4376
3.66916 -5.08548 20.6266
0.506158 -2.98948 19.9706
0.133158 -1.88148 23.6586

3.89116 -1.23948 24.2456
3.88216 0.985524 21.0786
1.32116 3.31752 22.7426
3.17016 3.26252 26.1266
6.60616 4.05052 24.5186
4.86516 6.81952 22.4956
3.53116 8.30752 25.7956
7.00816 7.92452 27.4486
8.65616 9.94052 24.5806
5.80816 12.5405 24.6306
5.73416 13.1045 28.4416

9.36716 12.4415 29.5756
11.9512 15.2235 28.8896
14.7542 12.5955 29.3396
13.9432 10.5915 26.1616
15.9122 12.5725 23.5406

15.7702 10.0485 20.6276
13.0102 7.87752 19.1486
14.4722 5.01552 17.0186
11.6162 4.10552 14.6456
11.0422 1.57752 11.8576

9.73016 3.47352 8.75661
7.30116 0.563524 8.04761
6.23816 -0.285476 11.6446
5.75116 3.30852 13.0116
4.02916 4.83752 9.87861
0.568158 4.36352 11.5666
-1.42984 5.31952 14.7176
1.33716 7.08552 16.7126
1.78616 10.8575 17.3976
5.23916 12.4005 18.1066
4.40216 16.1355 18.5526
7.11216 16.4675 21.3056
9.89616 16.4025 18.6326
10.7802 19.2075 16.1356

13.2272 17.1305 13.9936
12.9182 13.9665 11.8516
16.0852 12.1995 10.5666
15.7082 9.56652 7.82261

18.8682 7.44352 8.26661
17.6592 5.42352 5.23561
15.6482 6.22652 2.08761
12.4552 4.26152 1.29161
11.3692 3.70752 -2.37539
7.72316 4.67952 -1.63039

7.18316 8.45652 -0.982386
3.71016 7.90852 0.580614
5.41116 6.04152 3.50061
8.03016 8.83752 3.91561
5.19316 11.4655 4.06961
3.31316 9.22552 6.60461
6.49116 9.21852 8.78461
6.96516 13.0695 8.55261

3.26716 13.5445 9.57061
3.94116 11.6975 12.8546
5.56216 14.9775 14.1196
3.63016 17.4995 11.9746
0.246158 17.0065 13.7986
-2.29384 19.1805 15.6816
-0.369842 20.1225 18.8786
2.93816 20.8945 17.0566
4.16716 24.4945 17.7706
7.68916 24.4255 16.1576
8.79216 24.3885 12.4716

9.41416 20.7075 11.6486
12.9042 19.8865 10.3166
13.1662 16.8355 7.98161
16.7272 15.5835 7.24061
17.2312 12.8995 4.52861
20.6512 11.2045 5.03661
22.1842 10.1885 1.63361

25.5732 8.68852 0.611614
27.2742 9.20752 -2.81739
28.3802 5.84252 -4.34139
25.3572 3.86752 -2.92339
21.6852 2.86752 -3.54939

20.6732 6.45152 -2.47039
21.9922 7.79552 -5.85439
19.2122 5.78752 -7.66439
16.5132 5.86452 -4.93039
16.4772 9.67852 -4.51039
15.6662 10.5205 -8.22439
13.0812 7.63352 -8.17439
11.3722 9.07052 -5.03039
11.3852 12.5835 -6.64739
9.69216 11.5005 -9.92939
7.09116 9.57552 -7.81439
6.24916 12.7105 -5.69539
5.88916 14.7025 -8.96739
3.41616 12.0575 -10.3324
1.49416 12.3235 -7.00039
1.50916 16.1875 -7.16439
0.282158 16.2715 -10.8344

-2.59084 13.9495 -9.71739
-3.39084 16.4915 -6.87239
-2.31484 13.8905 -4.22839
0.705158 15.7975 -2.75239
1.88016 19.4125 -2.18039
5.33816 17.9735 -1.44539
7.81216 19.1095 -4.09039
11.2522 17.4375 -3.61739
13.1372 19.2435 -6.50639

14.1432 22.3325 -4.42439
16.1912 20.1435 -1.98139
18.5382 18.8265 -4.76039
19.3892 22.2235 -6.31939

20.6542 23.1825 -2.78939
23.1392 20.2095 -2.36639

End chain 1
