-13.201 -6.296 -53.957
-10.703 -3.406 -53.291
-9.54 -3.087 -49.639
-11.02 0.322 -48.639
-8.614 1.85 -46.053
-10.787 3.126 -43.162

-9.634 6.195 -41.181
-10.061 4.9 -37.589
-10.286 6.838 -34.306
-12.195 7.103 -30.979
-14.163 9.439 -28.711
-12.619 10.223 -25.263
-14.157 12.207 -22.344

-11.943 15.248 -21.466
-14.301 16.978 -18.949
-17.827 16.65 -17.399
-19.139 18.761 -20.353

-16.752 17.96 -23.312
-15.482 14.956 -25.281
-12.62 14.751 -27.824
-12.437 12.939 -31.204
-8.982 11.264 -31.393
-8.672 10.357 -35.1

-6.282 10.744 -38.079
-6.98 13.557 -40.6
-9.895 13.022 -43.051

-11.208 15.853 -45.293
-14.92 14.856 -45.011
-14.611 14.37 -41.226
-13.015 17.857 -40.827
-15.875 19.254 -42.999
-18.403 17.482 -40.669
-16.559 18.759 -37.515
-16.844 22.341 -38.957

-20.697 21.797 -39.029
-20.861 21.033 -35.24
-22.116 23.933 -33.104
-20.016 23.255 -29.939
-16.791 22.621 -31.971

-13.393 23.436 -30.391
-10.011 22.816 -32.063
-6.805 22.812 -29.99

-3.883 23.919 -32.209
-1.328 22.314 -29.773
-2.753 18.736 -29.691
-4.334 19.137 -33.217

-7.578 17.622 -31.79
-11.313 18.386 -31.995
-13.683 18.544 -28.991
-17.466 19.001 -28.65
-20.131 19.402 -25.91

-21.257 16.038 -24.476
-24.923 16.743 -25.497
-23.731 16.722 -29.178
-22.178 13.179 -28.839
-25.228 11.354 -30.322
-25.57 14.044 -33.093
-21.852 13.682 -34.021
-21.815 9.829 -34.037
-25.045 9.774 -36.128
-23.507 12.176 -38.75
-20.093 10.348 -38.803

-21.793 6.948 -39.527
-22.962 8.546 -42.834
-19.328 9.196 -43.991
-17.677 6.563 -46.261
-14.251 5.2 -45.121

-14.46 6.789 -41.562
-14.765 4.819 -38.279
-15.142 6.964 -35.114
-15.663 4.659 -32.101

-18.218 6.249 -29.657
-17.862 6.903 -25.912
-18.35 3.469 -24.195
-21.794 2.549 -22.772
-20.235 2.829 -19.255
-19.534 6.58 -19.812
-22.964 7.196 -21.431
-24.623 5.531 -18.378
-22.42 7.523 -15.909

-23.028 10.919 -17.654
-26.668 10.153 -18.714
-27.851 13.482 -17.123

-25.214 15.594 -18.963
-26 13.8 -22.296
-29.631 15.147 -21.909

-29.014 18.802 -20.797
-28.522 21.656 -23.337
-27.494 23.803 -20.296
-24.374 24.206 -18.108
-26.03 23.63 -14.722
-23.195 22.587 -12.38
-23.731 19.355 -10.334

-27.219 19.392 -8.694
-26.798 20.208 -4.988
-26.578 17.032 -2.906
-29.814 16.999 -0.82
-29.276 16.946 2.956
-30.305 13.551 4.343

-32.727 13.25 7.268
-30.389 11.851 9.975
-33.077 12.019 12.787
-33.159 8.159 12.923
-29.32 8.149 13.454
-27.82 8.306 16.969

-27.52 12.074 17.913
-23.991 11.509 19.371
-22.796 10.469 15.867
-24.731 13.185 13.93
-23.402 16.008 16.22
-19.738 14.82 15.861

-19.687 14.822 11.995
-17.445 17.587 10.586

-19.106 19.692 7.763
-17.231 17.783 4.996
-18.064 14.402 6.666
-21.796 15.407 6.677
-21.562 16.318 2.947
-19.943 12.855 2.346
-22.788 11.075 4.244
-25.363 13.084 2.191
-23.555 12.165 -1.104
-23.43 8.459 -0.115
-27.196 8.491 0.728
-28.024 10.343 -2.565

-25.973 7.645 -4.472
-28.214 5.048 -2.67
-25.512 3.7 -0.27

-23.352 2.353 -3.174
-19.956 4.118 -3.237
-16.209 4.012 -2.721
-15.295 6.541 0.021

-11.694 7.195 -1.128

-11.135 10.189 1.225
-7.504 10.605 2.377

-6.048 8.715 5.398
-7.361 9.956 8.784
-10.233 12.169 7.374
-12.706 9.981 9.408

-13.844 7.354 6.831
-15.012 5.081 9.734
-17.363 7.714 11.316
-18.876 8.506 7.854
-19.282 4.738 7.09
-21.02 4.042 10.461
-23.415 6.996 9.798
-24.247 5.855 6.195
-24.846 2.277 7.463
-26.955 3.52 10.461
-29.227 5.531 8.078

-29.9 2.058 6.507

-30.384 0.293 9.981
-33.886 -0.857 8.77
-32.05 -2.956 6.062
-29.626 -4.868 8.41
-27.981 -7.413 9.17

-24.774 -5.448 8.488
-21.551 -7.137 7.269
-18.235 -5.328 7.997
-15.132 -6.739 6.223
-11.829 -5.357 7.603

-8.05 -6.016 7.986
-7.416 -8.82 10.567
-5.856 -6.305 13.093
-8.689 -3.64 13.199

-11.758 -5.868 14.003
-11.895 -4.753 17.675
-11.154 -1.102 16.63
-14.365 -1.304 14.506
-16.414 -2.897 17.375
-15.268 -0.08 19.729
-16.109 2.476 16.969
-19.722 1.111 16.76
-20.082 1.14 20.611
-18.596 4.7 20.723
-20.823 6.195 17.978

-24.121 4.191 18.24
-24.851 3.95 22.056
-28.388 2.791 20.948
-26.764 -0.701 20.406
-26.03 -3.285 23.117

-22.632 -5.104 22.857
-24.638 -8.32 22.08
-25.78 -6.667 18.791

-22.091 -6.816 17.576
-20.505 -10.124 16.488
-16.681 -10.041 16.081

-15.702 -13.116 14.035
-12.316 -14.303 15.372
-12.201 -17.837 13.813
-13.405 -19.799 10.735
-15.769 -21.82 13.07
-17.788 -18.808 14.317
-21.352 -17.917 13.159
-21.075 -14.973 10.701
-24.816 -14.102 11.273
-24.919 -14.166 15.127
-25.108 -10.332 15.536
-27.08 -7.466 13.995

-23.588 -6.14 13.038
-21.065 -8.833 11.965
-17.336 -7.898 11.803
-15.009 -10.302 9.887
-11.529 -10.295 8.291

-10.658 -10.74 4.577
-8.757 -14.009 5.375
-11.833 -15.546 7.113
-14.3 -14.769 4.222

-12.926 -17.715 2.14
-13.287 -20.073 5.183
-16.843 -18.74 5.845
-18.014 -18.815 2.139
-20.731 -21.415 3.044
-22.243 -18.836 5.512
-21.955 -15.894 2.989
-25.071 -17.433 1.278
-27.188 -15.451 3.825
-28.094 -12.137 2.052
-26.367 -9.235 3.842
-28.236 -6.215 2.36

-25.704 -3.677 3.792
-21.936 -4.298 3.429
-19.007 -2.145 4.602
-15.517 -3.11 3.36

-12.662 -1.237 5.059
-9.341 -0.865 3.151

-11.066 -2.352 0.031
-7.765 -2.207 -1.968
-7.252 -5.742 -0.456
-9.774 -6.866 -3.176

-7.558 -5.436 -6.054
-6.861 -8.909 -7.611
-9.913 -10.983 -8.736
-7.994 -14.348 -8.638
-7.386 -14.116 -4.839

-9.551 -16.269 -2.508
-10.568 -13.122 -0.487
-11.832 -11.409 -3.693
-13.586 -14.593 -5.006
-15.461 -14.905 -1.648
-16.313 -11.137 -1.332
-17.465 -10.353 -4.925
-20.7 -12.523 -5.003
-21.961 -10.786 -1.799
-21.004 -7.272 -3.064
-22.893 -7.826 -6.386
-26.148 -8.927 -4.576

-26.072 -6.644 -1.465
-28.372 -3.542 -1.704

-25.826 -1.116 -0.104
-22.019 -1.347 -0.629
-19.769 1.077 1.29
-16.145 0.543 0.177
-13.427 2.479 2.088

-9.739 3.065 1.181
-6.998 5.712 1.573
-5.29 4.301 -1.537
-8.002 2.778 -3.832
-5.263 1.979 -6.345
-1.844 1.044 -4.877
0.179 1.273 -8.156
-1.96 0.815 -11.364

-5.486 1.412 -12.884
-6.145 -2.396 -13.101
-6.402 -2.518 -9.223
-9.619 -0.37 -9.379
-11.628 -2.846 -11.528
-12.904 -5.026 -8.614
-13.981 -1.892 -6.643
-15.738 -0.406 -9.758
-17.759 -3.638 -10.376
-18.545 -3.926 -6.614
-20.104 -0.383 -6.596

-21.607 -0.654 -10.172
-21.992 -4.37 -11.257
-23.172 -3.251 -14.78
-19.935 -1.29 -15.508
-17.337 -3.236 -17.592
-18.9 -6.785 -17.229
-15.576 -8.217 -18.571

-12.101 -7.019 -17.429
-10.719 -7.022 -21.032
-12.866 -3.967 -22.03
-11.565 -2.031 -18.959
-7.965 -3.199 -19.668
-8.028 -2.162 -23.384
-9.238 1.366 -22.43
-7.403 2.18 -19.142

-4.51 -0.351 -18.764
-2.851 0.132 -22.242
-3.499 -3.577 -22.858

-0.922 -5.224 -25.189
-1.171 -8.572 -27.031
2.109 -10.415 -26.274

3.105 -13.897 -27.702
2.055 -15.464 -24.315

-1.301 -13.571 -23.908
-2.465 -10.088 -22.814
-0.375 -7.663 -20.732

-2.386 -5.192 -18.538
0.545 -3.576 -16.579
0.214 -0.249 -18.472
-2.005 2.838 -18.126
-4.133 4.898 -20.565
-6.888 7.593 -20.643

-6.428 8.31 -16.868
-8.259 11.708 -16.967
-11.359 9.932 -18.424
-11.034 7.218 -15.72
-10.853 9.986 -13.027
-14.061 11.624 -14.396
-15.894 8.229 -14.505
-14.782 7.406 -10.918
-15.841 10.804 -9.431
-19.243 10.854 -11.244
-20.42 7.245 -10.709

-19.2256 7.75746 -7.12087

-20.385 6.88586 -3.50939
-23.9456 8.19522 -3.44434

-20.3426 9.43722 -2.91134
-19.0356 12.4382 -0.922337
-15.4606 13.2732 0.051663

-13.9346 14.7572 3.27966
-13.3236 17.9612 1.25766
-17.0786 18.2102 0.357663
-18.5186 17.8402 3.91766

-15.7076 18.3352 6.53966
-13.7466 21.5702 5.70866
-12.3326 21.3332 9.30866
-10.3276 18.0652 8.89266

-6.52858 18.7592 8.87766
-4.77558 18.0252 5.55366

-3.11958 14.6552 4.81066
0.496416 15.5032 3.83266
2.03342 12.6132 1.83066
5.71242 12.1152 0.883663
8.07442 9.50622 -0.518337
11.1154 8.81122 1.72266
13.9344 7.25722 -0.332337

15.7144 5.05622 2.25866
19.4294 4.87522 1.44866

20.4134 1.64422 -0.474337
24.0284 2.11522 0.853663
22.9904 -0.0767775 3.87566

21.9494 -2.86578 1.39066
25.0874 -5.04678 1.45666

26.5934 -6.31978 -1.84134
25.2814 -9.93778 -1.30034
21.6594 -8.73978 -0.749337
21.9364 -6.40978 -3.81034
23.3654 -9.25478 -5.96234
20.4274 -11.4718 -4.77734
17.8814 -8.73678 -5.77534
19.6784 -8.33878 -9.16534
19.5914 -12.1648 -9.59634
15.8184 -12.4738 -8.84834
15.1304 -9.42178 -11.1163
17.0854 -11.0978 -14.0033
15.3114 -14.4108 -13.2123
11.8144 -12.8588 -13.7963
12.9054 -11.5278 -17.2673

14.3854 -14.8578 -18.5193
12.5554 -15.9558 -21.7243
12.6964 -19.7358 -21.1893
10.8254 -19.8968 -17.8043
7.25242 -21.1248 -17.2973

4.45642 -18.7378 -16.1433
4.77542 -20.3998 -12.6803
8.59742 -19.9408 -12.3913
8.04642 -16.2388 -13.3623
5.45742 -15.8858 -10.4873
7.82542 -17.7058 -8.05034
10.7744 -15.4138 -9.00734
8.42342 -12.3758 -8.55134
7.40842 -13.5778 -5.02734
11.1234 -14.1588 -4.22034
12.0934 -10.6378 -5.49234
9.26642 -9.09878 -3.37734
10.2214 -11.0478 -0.179337
13.9544 -10.1308 -0.746337
12.9044 -6.44078 -1.10634
11.2534 -6.62978 2.35366
14.4134 -8.21078 3.92266
16.7134 -5.64978 2.19466
14.7144 -2.67578 3.64066
14.6614 -3.87178 7.33866
17.9484 -2.11878 8.47566
17.0114 1.31422 7.00366
13.3264 0.959223 8.04366
14.6674 0.411223 11.6147
17.1394 3.35422 11.2277
14.2124 5.60522 10.1447
11.9004 4.45322 13.0347
14.7054 5.22122 15.5457
15.3594 8.67122 13.9207
11.6104 9.46822 14.3967
11.7374 8.45722 18.1217
15.0624 10.3222 18.7117

13.4044 13.4012 17.0287
10.9244 13.3862 20.0027
7.75542 12.0892 18.2117
5.06142 11.1362 20.7397
2.80842 8.78722 18.6157

3.02742 7.19222 15.1347
1.85942 4.11622 13.1637
4.22942 1.75422 11.2887
2.64342 -0.312777 8.48466
4.26442 -3.46778 7.01366

2.88242 -6.76878 5.53666
5.76042 -9.31278 5.59166

5.89142 -10.9968 9.04466
9.75442 -10.7948 9.10266
9.52442 -6.93778 8.86066
6.92142 -6.75278 11.7047
9.08242 -9.18778 13.7907
12.3474 -7.20578 13.2367
10.6704 -3.82678 14.0827
9.11742 -5.25578 17.3217
12.4534 -6.88878 18.3517
14.3954 -3.58578 17.9317
11.7094 -1.57278 19.8397
11.9274 -4.16378 22.7047
15.7894 -3.93978 22.5897

15.5014 -0.0847775 22.8457
12.8334 -0.516777 25.6467
10.2554 1.44322 23.5447
6.65142 0.756223 24.6137

4.64842 -0.234777 21.5027
1.56342 -2.20278 20.3367
1.48542 -4.91978 17.6207
-1.51658 -6.02078 15.4767

-1.25058 -8.74278 12.7787
-3.08358 -11.8388 11.3647
-2.50558 -13.7558 14.6737
-3.93958 -11.0068 16.9897
-7.45258 -12.0118 18.1787
-10.6156 -9.91578 17.5227
-10.9886 -8.80778 21.2107

-7.23058 -8.16578 21.7977
-7.23958 -5.94078 18.6307
-9.80058 -3.60878 20.2947
-7.95158 -3.66378 23.6787
-4.51558 -2.87578 22.0707
-6.25658 -0.106777 20.0477
-7.59058 1.38122 23.3477
-4.11358 0.998223 25.0007
-2.46558 3.01422 22.1327
-5.31358 5.61422 22.1827
-5.38758 6.17822 25.9937

-1.75458 5.51522 27.1277
0.829416 8.29722 26.4417
3.63242 5.66922 26.8917
2.82142 3.66522 23.7137
4.79042 5.64622 21.0927

4.64842 3.12222 18.1797
1.88842 0.951223 16.7007
3.35042 -1.91078 14.5707
0.494416 -2.82078 12.1977
-0.079584 -5.34878 9.40966

-1.39158 -3.45278 6.30866
-3.82058 -6.36278 5.59966
-4.88358 -7.21178 9.19666
-5.37058 -3.61778 10.5637
-7.09258 -2.08878 7.43066
-10.5536 -2.56278 9.11866
-12.5516 -1.60678 12.2697
-9.78458 0.159223 14.2647
-9.33558 3.93122 14.9497
-5.88258 5.47422 15.6587
-6.71958 9.20922 16.1047
-4.00958 9.54122 18.8577
-1.22558 9.47622 16.1847
-0.341584 12.2812 13.6877

2.10542 10.2042 11.5457
1.79642 7.04022 9.40366
4.96342 5.27322 8.11866
4.58642 2.64022 5.37466

7.74642 0.517223 5.81866
6.53742 -1.50278 2.78766
4.52642 -0.699777 -0.360337
1.33342 -2.66478 -1.15634
0.247416 -3.21878 -4.82334
-3.39858 -2.24678 -4.07834

-3.93858 1.53022 -3.43034
-7.41158 0.982223 -1.86734
-5.71058 -0.884777 1.05266
-3.09158 1.91122 1.46766
-5.92858 4.53922 1.62166
-7.80858 2.29922 4.15666
-4.63058 2.29222 6.33666
-4.15658 6.14322 6.10466

-7.85458 6.61822 7.12266
-7.18058 4.77122 10.4067
-5.55958 8.05122 11.6717
-7.49158 10.5732 9.52666
-10.8756 10.0802 11.3507
-13.4156 12.2542 13.2337
-11.4916 13.1962 16.4307
-8.18358 13.9682 14.6087
-6.95458 17.5682 15.3227
-3.43258 17.4992 13.7097
-2.32958 17.4622 10.0237

-1.70758 13.7812 9.20066
1.78242 12.9602 7.86866
2.04442 9.90922 5.53366
5.60542 8.65722 4.79266
6.10942 5.97322 2.08066
9.52942 4.27822 2.58866
11.0624 3.26222 -0.814337

14.4514 1.76222 -1.83634
16.1524 2.28122 -5.26534
17.2584 -1.08378 -6.78934
14.2354 -3.05878 -5.37134
10.5634 -4.05878 -5.99734

9.55142 -0.474777 -4.91834
10.8704 0.869223 -8.30234
8.09042 -1.13878 -10.1123
5.39142 -1.06178 -7.37834
5.35542 2.75222 -6.95834
4.54442 3.59422 -10.6723
1.95942 0.707223 -10.6223
0.250416 2.14422 -7.47834
0.263416 5.65722 -9.09534
-1.42958 4.57422 -12.3773
-4.03058 2.64922 -10.2623
-4.87258 5.78422 -8.14334
-5.23258 7.77622 -11.4153
-7.70558 5.13122 -12.7803
-9.62758 5.39722 -9.44834
-9.61258 9.26122 -9.61234
-10.8396 9.34522 -13.2823

-13.7126 7.02322 -12.1653
-14.5126 9.56522 -9.32034
-13.4366 6.96422 -6.67634
-10.4166 8.87122 -5.20034
-9.24158 12.4862 -4.62834
-5.78358 11.0472 -3.89334
-3.30958 12.1832 -6.53834
0.130416 10.5112 -6.06534
2.01542 12.3172 -8.95434

3.02142 15.4062 -6.87234
5.06942 13.2172 -4.42934
7.41642 11.9002 -7.20834
8.26742 15.2972 -8.76734

9.53242 16.2562 -5.23734
12.0174 13.2832 -4.81434

End chain 1
