-13.201 -6.296 -53.957
-10.703 -3.406 -53.291
-9.54 -3.087 -49.639
-11.02 0.322 -48.639
-8.614 1.85 -46.053
-10.787 3.126 -43.162

-9.634 6.195 -41.181
-10.061 4.9 -37.589
-10.286 6.838 -34.306
-12.195 7.103 -30.979
-14.163 9.439 -28.711
-12.619 10.223 -25.263
-14.157 12.207 -22.344

-11.943 15.248 -21.466
-14.301 16.978 -18.949
-17.827 16.65 -17.399
-19.139 18.761 -20.353

-16.752 17.96 -23.312
-15.482 14.956 -25.281
-12.62 14.751 -27.824
-12.437 12.939 -31.204
-8.982 11.264 -31.393
-8.672 10.357 -35.1

-6.282 10.744 -38.079
-6.98 13.557 -40.6
-9.895 13.022 -43.051

-11.208 15.853 -45.293
-14.92 14.856 -45.011
-14.611 14.37 -41.226
-13.015 17.857 -40.827
-15.875 19.254 -42.999
-18.403 17.482 -40.669
-16.559 18.759 -37.515
-16.844 22.341 -38.957

-20.697 21.797 -39.029
-20.861 21.033 -35.24
-22.116 23.933 -33.104
-20.016 23.255 -29.939
-16.791 22.621 -31.971

-13.393 23.436 -30.391
-10.011 22.816 -32.063
-6.805 22.812 -29.99

-3.883 23.919 -32.209
-1.328 22.314 -29.773
-2.753 18.736 -29.691
-4.334 19.137 -33.217

-7.578 17.622 -31.79
-11.313 18.386 -31.995
-13.683 18.544 -28.991
-17.466 19.001 -28.65
-20.131 19.402 -25.91

-21.257 16.038 -24.476
-24.923 16.743 -25.497
-23.731 16.722 -29.178
-22.178 13.179 -28.839
-25.228 11.354 -30.322
-25.57 14.044 -33.093
-21.852 13.682 -34.021
-21.815 9.829 -34.037
-25.045 9.774 -36.128
-23.507 12.176 -38.75
-20.093 10.348 -38.803

-21.793 6.948 -39.527
-22.962 8.546 -42.834
-19.328 9.196 -43.991
-17.677 6.563 -46.261
-14.251 5.2 -45.121

-14.46 6.789 -41.562
-14.765 4.819 -38.279
-15.142 6.964 -35.114
-15.663 4.659 -32.101

-18.218 6.249 -29.657
-17.862 6.903 -25.912
-18.35 3.469 -24.195
-21.794 2.549 -22.772
-20.235 2.829 -19.255
-19.534 6.58 -19.812
-22.964 7.196 -21.431
-24.623 5.531 -18.378
-22.42 7.523 -15.909

-23.028 10.919 -17.654
-26.668 10.153 -18.714
-27.851 13.482 -17.123

-25.214 15.594 -18.963
-26 13.8 -22.296
-29.631 15.147 -21.909

-29.014 18.802 -20.797
-28.522 21.656 -23.337
-27.494 23.803 -20.296
-24.374 24.206 -18.108
-26.03 23.63 -14.722
-23.195 22.587 -12.38
-23.731 19.355 -10.334

-27.219 19.392 -8.694
-26.798 20.208 -4.988
-26.578 17.032 -2.906
-29.814 16.999 -0.82
-29.276 16.946 2.956
-30.305 13.551 4.343

-32.727 13.25 7.268
-30.389 11.851 9.975
-33.077 12.019 12.787
-33.159 8.159 12.923
-29.32 8.149 13.454
-27.82 8.306 16.969

-27.52 12.074 17.913
-23.991 11.509 19.371
-22.796 10.469 15.867
-24.731 13.185 13.93
-23.402 16.008 16.22
-19.738 14.82 15.861

-19.687 14.822 11.995
-17.445 17.587 10.586

-19.106 19.692 7.763
-17.231 17.783 4.996
-18.064 14.402 6.666
-21.796 15.407 6.677
-21.562 16.318 2.947
-19.943 12.855 2.346
-22.788 11.075 4.244
-25.363 13.084 2.191
-23.555 12.165 -1.104
-23.43 8.459 -0.115
-27.196 8.491 0.728
-28.024 10.343 -2.565

-25.973 7.645 -4.472
-28.214 5.048 -2.67
-25.512 3.7 -0.27

-23.352 2.353 -3.174
-19.956 4.118 -3.237
-16.209 4.012 -2.721
-15.295 6.541 0.021

-11.694 7.195 -1.128

-11.135 10.189 1.225
-7.504 10.605 2.377

-6.048 8.715 5.398
-7.361 9.956 8.784
-10.233 12.169 7.374
-12.706 9.981 9.408

-13.844 7.354 6.831
-15.012 5.081 9.734
-17.363 7.714 11.316
-18.876 8.506 7.854
-19.282 4.738 7.09
-21.02 4.042 10.461
-23.415 6.996 9.798
-24.247 5.855 6.195
-24.846 2.277 7.463
-26.955 3.52 10.461
-29.227 5.531 8.078

-29.9 2.058 6.507

-30.384 0.293 9.981
-33.886 -0.857 8.77
-32.05 -2.956 6.062
-29.626 -4.868 8.41
-27.981 -7.413 9.17

-24.774 -5.448 8.488
-21.551 -7.137 7.269
-18.235 -5.328 7.997
-15.132 -6.739 6.223
-11.829 -5.357 7.603

-8.05 -6.016 7.986
-7.416 -8.82 10.567
-5.856 -6.305 13.093
-8.689 -3.64 13.199

-11.758 -5.868 14.003
-11.895 -4.753 17.675
-11.154 -1.102 16.63
-14.365 -1.304 14.506
-16.414 -2.897 17.375
-15.268 -0.08 19.729
-16.109 2.476 16.969
-19.722 1.111 16.76
-20.082 1.14 20.611
-18.596 4.7 20.723
-20.823 6.195 17.978

-23.6502 4.68032 19.8714
-26.4569 3.63164 22.062
-29.3506 2.51451 24.2433
-30.7702 2.16826 27.6602
-32.6157 -0.953761 28.7379

-35.1912 -2.83017 30.809
-35.769 0.206925 33.0192
-36.269 2.44042 29.9853

-32.58 2.29142 28.7703
-30.994 -1.01658 27.6823
-27.17 -0.93358 27.2753

-26.191 -4.00858 25.2293
-22.805 -5.19558 26.5663
-22.69 -8.72958 25.0073
-23.894 -10.6916 21.9293
-26.258 -12.7126 24.2643
-28.277 -9.70058 25.5113
-31.841 -8.80958 24.3533
-31.564 -5.86558 21.8953
-35.305 -4.99458 22.4673
-35.408 -5.05858 26.3213
-35.597 -1.22458 26.7303
-37.569 1.64142 25.1893

-34.077 2.96742 24.2323
-31.554 0.27442 23.1593
-27.825 1.20942 22.9973
-25.498 -1.19458 21.0813
-22.018 -1.18758 19.4853

-21.147 -1.63258 15.7713
-19.246 -4.90158 16.5693
-22.322 -6.43858 18.3073
-24.789 -5.66158 15.4163

-23.415 -8.60758 13.3343
-23.776 -10.9656 16.3773
-27.332 -9.63258 17.0393
-28.503 -9.70758 13.3333
-31.22 -12.3076 14.2383
-32.732 -9.72858 16.7063
-32.444 -6.78658 14.1833
-35.56 -8.32558 12.4723
-37.677 -6.34358 15.0193
-38.583 -3.02958 13.2463
-36.856 -0.12758 15.0363
-38.725 2.89242 13.5543

-36.193 5.43042 14.9863
-32.425 4.80942 14.6233
-29.496 6.96242 15.7963
-26.006 5.99742 14.5543

-23.151 7.87042 16.2533
-19.83 8.24242 14.3453

-21.555 6.75542 11.2253
-18.254 6.90042 9.22633
-17.741 3.36542 10.7383
-20.263 2.24142 8.01833

-18.047 3.67142 5.14033
-17.35 0.19842 3.58333
-20.402 -1.87558 2.45833
-18.483 -5.24058 2.55633
-17.875 -5.00858 6.35533

-20.04 -7.16158 8.68633
-21.057 -4.01458 10.7073
-22.321 -2.30158 7.50133
-24.075 -5.48558 6.18833
-25.95 -5.79758 9.54633
-26.802 -2.02958 9.86233
-27.954 -1.24558 6.26933
-31.189 -3.41558 6.19133
-32.45 -1.67858 9.39533
-31.493 1.83542 8.13033
-33.382 1.28142 4.80833
-36.637 0.18042 6.61833

-36.561 2.46342 9.72933
-38.861 5.56542 9.49033

-36.315 7.99142 11.0903
-32.508 7.76042 10.5653
-30.258 10.1844 12.4843
-26.634 9.65042 11.3713
-23.916 11.5864 13.2823

-20.228 12.1724 12.3753
-17.487 14.8194 12.7673
-15.779 13.4084 9.65733
-18.491 11.8854 7.36233
-15.752 11.0864 4.84933
-12.333 10.1514 6.31733
-10.31 10.3804 3.03833
-12.449 9.92242 -0.169674

-15.975 10.5194 -1.68967
-16.634 6.71142 -1.90667
-16.891 6.58942 1.97133
-20.108 8.73742 1.81533
-22.117 6.26142 -0.333674
-23.393 4.08142 2.58033
-24.47 7.21542 4.55133
-26.227 8.70142 1.43633
-28.248 5.46942 0.818326
-29.034 5.18142 4.58033
-30.593 8.72442 4.59833

-32.096 8.45342 1.02233
-32.481 4.73742 -0.062674
-33.661 5.85642 -3.58567
-30.424 7.81742 -4.31367
-27.826 5.87142 -6.39767
-29.389 2.32242 -6.03467
-26.065 0.89042 -7.37667

-22.59 2.08842 -6.23467
-21.208 2.08542 -9.83767
-23.355 5.14042 -10.8357
-22.054 7.07642 -7.76467
-18.454 5.90842 -8.47367
-18.517 6.94542 -12.1897
-19.727 10.4734 -11.2357
-17.892 11.2874 -7.94767

-14.999 8.75642 -7.56967
-13.34 9.23942 -11.0477
-13.988 5.53042 -11.6637

-11.411 3.88342 -13.9947
-11.66 0.53542 -15.8367
-8.37998 -1.30758 -15.0797

-7.38398 -4.78958 -16.5077
-8.43398 -6.35658 -13.1207

-11.79 -4.46358 -12.7137
-12.954 -0.98058 -11.6197
-10.864 1.44442 -9.53767

-12.875 3.91542 -7.34367
-9.94398 5.53142 -5.38467
-10.275 8.85842 -7.27767
-12.494 11.9454 -6.93167
-14.622 14.0054 -9.37067
-17.377 16.7004 -9.44867

-16.917 17.4174 -5.67367
-18.748 20.8154 -5.77267
-21.848 19.0394 -7.22967
-21.523 16.3254 -4.52567
-21.342 19.0934 -1.83267
-24.55 20.7314 -3.20167
-26.383 17.3364 -3.31067
-25.271 16.5134 0.276326
-26.33 19.9114 1.76333
-29.732 19.9614 -0.049674
-30.909 16.3524 0.485326

-28.678 14.3504 2.95133

-26.545 16.4084 5.33533
-26.603 19.3024 7.80633

-23 20.5444 8.33933
-21.693 23.5454 10.3283
-18.118 24.3804 11.3023

-16.592 25.8644 14.5303
-15.981 29.0684 12.5083
-19.736 29.3174 11.6083
-21.176 28.9474 15.1683

-18.365 29.4424 17.7903
-16.404 32.6774 16.9593
-14.99 32.4404 20.5593
-12.985 29.1724 20.1433

-9.18598 29.8664 20.1283
-7.43298 29.1324 16.8043

-5.77698 25.7624 16.0613
-2.16098 26.6104 15.0833
-0.623984 23.7204 13.0813
3.05502 23.2224 12.1343
5.41702 20.6134 10.7323
8.45802 19.9184 12.9733
11.277 18.3644 10.9183

13.057 16.1634 13.5093
16.772 15.9824 12.6993

17.756 12.7514 10.7763
21.371 13.2224 12.1043
20.333 11.0304 15.1263

19.292 8.24142 12.6413
22.43 6.06042 12.7073

23.936 4.78742 9.40933
22.624 1.16942 9.95033
19.002 2.36742 10.5013
19.279 4.69742 7.44033
20.708 1.85242 5.28833
17.77 -0.36458 6.47333
15.224 2.37042 5.47533
17.021 2.76842 2.08533
16.934 -1.05758 1.65433
13.161 -1.36658 2.40233
12.473 1.68542 0.134326
14.428 0.00942035 -2.75267
12.654 -3.30358 -1.96167
9.15702 -1.75158 -2.54567
10.248 -0.42058 -6.01667

11.728 -3.75058 -7.26867
9.89802 -4.84858 -10.4737
10.039 -8.62858 -9.93867
8.16802 -8.78958 -6.55367
4.59502 -10.0176 -6.04667

1.79902 -7.63058 -4.89267
2.11802 -9.29258 -1.42967
5.94002 -8.83358 -1.14067
5.38902 -5.13158 -2.11167
2.80002 -4.77858 0.763326
5.16802 -6.59858 3.20033
8.11702 -4.30658 2.24333
5.76602 -1.26858 2.69933
4.75102 -2.47058 6.22333
8.46602 -3.05158 7.03033
9.43602 0.46942 5.75833
6.60902 2.00842 7.87333
7.56402 0.0594203 11.0713
11.297 0.97642 10.5043
10.247 4.66642 10.1443
8.59602 4.47742 13.6043
11.756 2.89642 15.1733
14.056 5.45742 13.4453
12.057 8.43142 14.8913
12.004 7.23542 18.5893
15.291 8.98842 19.7263
14.354 12.4214 18.2543
10.669 12.0664 19.2943
12.01 11.5184 22.8653
14.482 14.4614 22.4783
11.555 16.7124 21.3953
9.24302 15.5604 24.2853
12.048 16.3284 26.7963
12.702 19.7784 25.1713
8.95302 20.5754 25.6473
9.08002 19.5644 29.3723
12.405 21.4294 29.9623

10.747 24.5084 28.2793
8.26702 24.4934 31.2533
5.09802 23.1964 29.4623
2.40402 22.2434 31.9903
0.151016 19.8944 29.8663

0.370016 18.2994 26.3853
-0.797984 15.2234 24.4143
1.57202 12.8614 22.5393
-0.013984 10.7944 19.7353
1.60702 7.63942 18.2643

0.225016 4.33842 16.7873
3.10302 1.79442 16.8423

3.23402 0.11042 20.2953
7.09702 0.31242 20.3533
6.86702 4.16942 20.1113
4.26402 4.35442 22.9553
6.42502 1.91942 25.0413
9.69002 3.90142 24.4873
8.01302 7.28042 25.3333
6.46002 5.85142 28.5723
9.79602 4.21842 29.6023
11.738 7.52142 29.1823
9.05202 9.53442 31.0903
9.27002 6.94342 33.9553
13.132 7.16742 33.8403

12.844 11.0224 34.0963
10.176 10.5904 36.8973
7.59802 12.5504 34.7953
3.99402 11.8634 35.8643

1.99102 10.8724 32.7533
-1.09398 8.90442 31.5873
-1.17198 6.18742 28.8713
-4.17398 5.08642 26.7273

-3.90798 2.36442 24.0293
-5.74098 -0.73158 22.6153
-5.16298 -2.64858 25.9243
-6.59698 0.10042 28.2403
-10.11 -0.90458 29.4293
-13.273 1.19142 28.7733
-13.646 2.29942 32.4613

-9.88798 2.94142 33.0483
-9.89698 5.16642 29.8813
-12.458 7.49842 31.5453
-10.609 7.44342 34.9293
-7.17298 8.23142 33.3213
-8.91398 11.0004 31.2983
-10.248 12.4884 34.5983
-6.77098 12.1054 36.2513
-5.12298 14.1214 33.3833
-7.97098 16.7214 33.4333
-8.04498 17.2854 37.2443

-4.41198 16.6224 38.3783
-1.82798 19.4044 37.6923
0.975016 16.7764 38.1423
0.164016 14.7724 34.9643
2.13302 16.7534 32.3433

1.99102 14.2294 29.4303
-0.768984 12.0584 27.9513
0.693016 9.19642 25.8213
-2.16298 8.28642 23.4483
-2.73698 5.75842 20.6603

-4.04898 7.65442 17.5593
-6.47798 4.74442 16.8503
-7.54098 3.89542 20.4473
-8.02798 7.48942 21.8143
-9.74998 9.01842 18.6813
-13.211 8.54442 20.3693
-15.209 9.50042 23.5203
-12.442 11.2664 25.5153
-11.993 15.0384 26.2003
-8.53998 16.5814 26.9093
-9.37698 20.3164 27.3553
-6.66698 20.6484 30.1083
-3.88298 20.5834 27.4353
-2.99898 23.3884 24.9383

-0.551984 21.3114 22.7963
-0.860984 18.1474 20.6543
2.30602 16.3804 19.3693
1.92902 13.7474 16.6253

5.08902 11.6244 17.0693
3.88002 9.60442 14.0383
1.86902 10.4074 10.8903
-1.32398 8.44242 10.0943
-2.40998 7.88842 6.42733
-6.05598 8.86042 7.17233

-6.59598 12.6374 7.82033
-10.069 12.0894 9.38333
-8.36798 10.2224 12.3033
-5.74898 13.0184 12.7183
-8.58598 15.6464 12.8723
-10.466 13.4064 15.4073
-7.28798 13.3994 17.5873
-6.81398 17.2504 17.3553

-10.512 17.7254 18.3733
-9.83798 15.8784 21.6573
-8.21698 19.1584 22.9223
-10.149 21.6804 20.7773
-13.533 21.1874 22.6013
-16.073 23.3614 24.4843
-14.149 24.3034 27.6813
-10.841 25.0754 25.8593
-9.61198 28.6754 26.5733
-6.08998 28.6064 24.9603
-4.98698 28.5694 21.2743

-4.36498 24.8884 20.4513
-0.874984 24.0674 19.1193
-0.612984 21.0164 16.7843
2.94802 19.7644 16.0433
3.45202 17.0804 13.3313
6.87202 15.3854 13.8393
8.40502 14.3694 10.4363

11.794 12.8694 9.41433
13.495 13.3884 5.98533
14.601 10.0234 4.46133
11.578 8.04842 5.87933
7.90602 7.04842 5.25333

6.89402 10.6324 6.33233
8.21302 11.9764 2.94833
5.43302 9.96842 1.13833
2.73402 10.0454 3.87233
2.69802 13.8594 4.29233
1.88702 14.7014 0.578326
-0.697984 11.8144 0.628326
-2.40698 13.2514 3.77233
-2.39398 16.7644 2.15533
-4.08698 15.6814 -1.12667
-6.68798 13.7564 0.988326
-7.52998 16.8914 3.10733
-7.88998 18.8834 -0.164674
-10.363 16.2384 -1.52967
-12.285 16.5044 1.80233
-12.27 20.3684 1.63833
-13.497 20.4524 -2.03167

-16.37 18.1304 -0.914674
-17.17 20.6724 1.93033
-16.094 18.0714 4.57433
-13.074 19.9784 6.05033
-11.899 23.5934 6.62233
-8.44098 22.1544 7.35733
-5.96698 23.2904 4.71233
-2.52698 21.6184 5.18533
-0.641984 23.4244 2.29633

0.364016 26.5134 4.37833
2.41202 24.3244 6.82133
4.75902 23.0074 4.04233
5.61002 26.4044 2.48333

6.87502 27.3634 6.01333
9.36002 24.3904 6.43633

End chain 1
