-13.201 -6.296 -53.957
-10.703 -3.406 -53.291
-9.54 -3.087 -49.639
-11.02 0.322 -48.639
-8.614 1.85 -46.053
-10.787 3.126 -43.162

-9.634 6.195 -41.181
-10.061 4.9 -37.589
-10.286 6.838 -34.306
-12.195 7.103 -30.979
-14.163 9.439 -28.711
-12.619 10.223 -25.263
-14.157 12.207 -22.344

-11.943 15.248 -21.466
-14.301 16.978 -18.949
-17.827 16.65 -17.399
-19.139 18.761 -20.353

-16.752 17.96 -23.312
-15.482 14.956 -25.281
-12.62 14.751 -27.824
-12.437 12.939 -31.204
-8.982 11.264 -31.393
-8.672 10.357 -35.1

-6.282 10.744 -38.079
-6.98 13.557 -40.6
-9.895 13.022 -43.051

-11.208 15.853 -45.293
-14.92 14.856 -45.011
-14.611 14.37 -41.226
-13.015 17.857 -40.827
-15.875 19.254 -42.999
-18.403 17.482 -40.669
-16.559 18.759 -37.515
-16.844 22.341 -38.957

-20.5671 21.8731 -39.8147
-24.3521 21.7477 -40.6333
-25.191 20.6502 -44.1847
-25.2543 23.9163 -46.1048
-25.6563 27.5752 -46.7523

-22.0172 28.2555 -47.1759
-18.5719 29.1861 -48.2885
-18.3599 30.3966 -51.8404

-15.4379 31.5036 -54.0594
-12.8829 29.8986 -51.6234
-14.3079 26.3206 -51.5414
-15.8889 26.7216 -55.0674

-19.1329 25.2066 -53.6404
-22.8679 25.9706 -53.8454
-25.2379 26.1286 -50.8414
-29.0209 26.5856 -50.5004
-31.6859 26.9866 -47.7604

-32.8119 23.6226 -46.3264
-36.4779 24.3276 -47.3474
-35.2859 24.3066 -51.0284
-33.7329 20.7636 -50.6894
-36.7829 18.9386 -52.1724
-37.1249 21.6286 -54.9434
-33.4069 21.2666 -55.8714
-33.3699 17.4136 -55.8874
-36.5999 17.3586 -57.9784
-35.0619 19.7606 -60.6004
-31.6479 17.9326 -60.6534

-33.3479 14.5326 -61.3774
-34.5169 16.1306 -64.6844
-30.8829 16.7806 -65.8414
-29.2319 14.1476 -68.1114
-25.8059 12.7846 -66.9714

-26.0149 14.3736 -63.4124
-26.3199 12.4036 -60.1294
-26.6969 14.5486 -56.9644
-27.2179 12.2436 -53.9514

-29.7729 13.8336 -51.5074
-29.4169 14.4876 -47.7624
-29.9049 11.0536 -46.0454
-33.3489 10.1336 -44.6224
-31.7899 10.4136 -41.1054
-31.0889 14.1646 -41.6624
-34.5189 14.7806 -43.2814
-36.1779 13.1156 -40.2284
-33.9749 15.1076 -37.7594

-34.5829 18.5036 -39.5044
-38.2229 17.7376 -40.5644
-39.4059 21.0666 -38.9734

-36.7689 23.1786 -40.8134
-37.5549 21.3846 -44.1464
-41.1859 22.7316 -43.7594

-40.5689 26.3866 -42.6474
-40.0769 29.2406 -45.1874
-39.0489 31.3876 -42.1464
-35.9289 31.7906 -39.9584
-37.5849 31.2146 -36.5724
-34.7499 30.1716 -34.2304
-35.2859 26.9396 -32.1844

-38.7739 26.9766 -30.5444
-38.3529 27.7926 -26.8384
-38.1329 24.6166 -24.7564
-41.3689 24.5836 -22.6704
-40.8309 24.5306 -18.8944
-41.8599 21.1356 -17.5074

-44.2819 20.8346 -14.5824
-41.9439 19.4356 -11.8754
-44.6319 19.6036 -9.06343
-44.7139 15.7436 -8.92743
-40.8749 15.7336 -8.39643
-39.3749 15.8906 -4.88143

-39.0749 19.6586 -3.93743
-35.5459 19.0936 -2.47943
-34.3509 18.0536 -5.98343
-36.2859 20.7696 -7.92043
-34.9569 23.5926 -5.63043
-31.2929 22.4046 -5.98943

-31.2419 22.4066 -9.85543
-28.9999 25.1716 -11.2644

-30.6609 27.2766 -14.0874
-28.7859 25.3676 -16.8544
-29.6189 21.9866 -15.1844
-33.3509 22.9916 -15.1734
-33.1169 23.9026 -18.9034
-31.4979 20.4396 -19.5044
-34.3429 18.6596 -17.6064
-36.9179 20.6686 -19.6594
-35.1099 19.7496 -22.9544
-34.9849 16.0436 -21.9654
-38.7509 16.0756 -21.1224
-39.5789 17.9276 -24.4154

-37.5279 15.2296 -26.3224
-39.7689 12.6326 -24.5204
-37.0669 11.2846 -22.1204

-34.9069 9.93762 -25.0244
-31.5109 11.7026 -25.0874
-27.7639 11.5966 -24.5714
-26.8499 14.1256 -21.8294

-23.2489 14.7796 -22.9784

-22.6899 17.7736 -20.6254
-19.0589 18.1896 -19.4734

-17.6029 16.2996 -16.4524
-18.9159 17.5406 -13.0664
-21.7879 19.7536 -14.4764
-24.2609 17.5656 -12.4424

-25.3989 14.9386 -15.0194
-26.5669 12.6656 -12.1164
-28.9179 15.2986 -10.5344
-30.4309 16.0906 -13.9964
-30.8369 12.3226 -14.7604
-32.5749 11.6266 -11.3894
-34.9699 14.5806 -12.0524
-35.8019 13.4396 -15.6554
-36.4009 9.86162 -14.3874
-38.5099 11.1046 -11.3894
-40.7819 13.1156 -13.7724

-41.4549 9.64262 -15.3434

-41.9389 7.87762 -11.8694
-45.4409 6.72762 -13.0804
-43.6049 4.62862 -15.7884
-41.1809 2.71662 -13.4404
-39.5359 0.17162 -12.6804

-36.3289 2.13662 -13.3624
-33.1059 0.44762 -14.5814
-29.7899 2.25662 -13.8534
-26.6869 0.84562 -15.6274
-23.3839 2.22762 -14.2474

-19.6049 1.56862 -13.8644
-18.9709 -1.23538 -11.2834
-17.4109 1.27962 -8.75743
-20.2439 3.94462 -8.65143

-23.3129 1.71662 -7.84743
-23.4499 2.83162 -4.17543
-22.7089 6.48262 -5.22043
-25.9199 6.28062 -7.34443
-27.9689 4.68762 -4.47543
-26.8229 7.50462 -2.12143
-27.6639 10.0606 -4.88143
-31.2769 8.69562 -5.09043
-31.6369 8.72462 -1.23943
-30.1509 12.2846 -1.12743
-32.3779 13.7796 -3.87243

-35.6759 11.7756 -3.61043
-36.4059 11.5346 0.205567
-39.9429 10.3756 -0.902433
-38.3189 6.88362 -1.44443
-37.5849 4.29962 1.26657

-34.1869 2.48062 1.00657
-36.1929 -0.73538 0.229567
-37.3349 0.91762 -3.05943

-33.6459 0.76862 -4.27443
-32.0599 -2.53938 -5.36243
-28.2359 -2.45638 -5.76943

-27.2569 -5.53138 -7.81543
-23.8709 -6.71838 -6.47843
-23.7559 -10.2524 -8.03743
-24.9599 -12.2144 -11.1154
-27.3239 -14.2354 -8.78043
-29.3429 -11.2234 -7.53343
-32.9069 -10.3324 -8.69143
-32.6299 -7.38838 -11.1494
-36.3709 -6.51738 -10.5774
-36.4739 -6.58138 -6.72343
-36.6629 -2.74738 -6.31443
-38.6349 0.11862 -7.85543

-35.1429 1.44462 -8.81243
-32.6199 -1.24838 -9.88543
-28.8909 -0.31338 -10.0474
-26.5639 -2.71738 -11.9634
-23.0839 -2.71038 -13.5594

-22.2129 -3.15538 -17.2734
-20.3119 -6.42438 -16.4754
-23.3879 -7.96138 -14.7374
-25.8549 -7.18438 -17.6284

-24.4809 -10.1304 -19.7104
-24.8419 -12.4884 -16.6674
-28.3979 -11.1554 -16.0054
-29.5689 -11.2304 -19.7114
-32.2859 -13.8304 -18.8064
-33.7979 -11.2514 -16.3384
-33.5099 -8.30938 -18.8614
-36.6259 -9.84838 -20.5724
-38.7429 -7.86638 -18.0254
-39.6489 -4.55238 -19.7984
-37.9219 -1.65038 -18.0084
-39.7909 1.36962 -19.4904

-37.2589 3.90762 -18.0584
-33.4909 3.28662 -18.4214
-30.5619 5.43962 -17.2484
-27.0719 4.47462 -18.4904

-24.2169 6.34762 -16.7914
-20.8959 6.71962 -18.6994

-22.6209 5.23262 -21.8194
-19.3199 5.37762 -23.8184
-18.8069 1.84262 -22.3064
-21.3289 0.71862 -25.0264

-19.1129 2.14862 -27.9044
-18.4159 -1.32438 -29.4614
-21.4679 -3.39838 -30.5864
-19.5489 -6.76338 -30.4884
-18.9409 -6.53138 -26.6894

-21.1059 -8.68438 -24.3584
-22.1229 -5.53738 -22.3374
-23.3869 -3.82438 -25.5434
-25.1409 -7.00838 -26.8564
-27.0159 -7.32038 -23.4984
-27.8679 -3.55238 -23.1824
-29.0199 -2.76838 -26.7754
-32.2549 -4.93838 -26.8534
-33.5159 -3.20138 -23.6494
-32.5589 0.31262 -24.9144
-34.4479 -0.24138 -28.2364
-37.7029 -1.34238 -26.4264

-37.6269 0.94062 -23.3154
-39.9269 4.04262 -23.5544

-37.3809 6.46862 -21.9544
-33.5739 6.23762 -22.4794
-31.3239 8.66162 -20.5604
-27.6999 8.12762 -21.6734
-24.9819 10.0636 -19.7624

-21.2939 10.6496 -20.6694
-18.5529 13.2966 -20.2774
-16.8449 11.8856 -23.3874
-19.5569 10.3626 -25.6824
-16.8179 9.56362 -28.1954
-13.3989 8.62862 -26.7274
-11.3759 8.85762 -30.0064
-13.5149 8.39962 -33.2144

-17.0409 8.99662 -34.7344
-17.6999 5.18862 -34.9514
-17.9569 5.06662 -31.0734
-21.1739 7.21462 -31.2294
-23.1829 4.73862 -33.3784
-24.4589 2.55862 -30.4644
-25.5359 5.69262 -28.4934
-27.2929 7.17862 -31.6084
-29.3139 3.94662 -32.2264
-30.0999 3.65862 -28.4644
-31.6589 7.20162 -28.4464

-33.1619 6.93062 -32.0224
-33.5469 3.21462 -33.1074
-34.7269 4.33362 -36.6304
-31.4899 6.29462 -37.3584
-28.8919 4.34862 -39.4424
-30.4549 0.79962 -39.0794
-27.1309 -0.63238 -40.4214

-23.6559 0.56562 -39.2794
-22.2739 0.56262 -42.8824
-24.4209 3.61762 -43.8804
-23.1199 5.55362 -40.8094
-19.5199 4.38562 -41.5184
-19.5829 5.42262 -45.2344
-20.7929 8.95062 -44.2804
-18.9579 9.76462 -40.9924

-16.0649 7.23362 -40.6144
-14.4059 7.71662 -44.0924
-15.0539 4.00762 -44.7084

-12.4769 2.36062 -47.0394
-12.7259 -0.98738 -48.8814
-9.44586 -2.83038 -48.1244

-8.44986 -6.31238 -49.5524
-9.49986 -7.87938 -46.1654

-12.8559 -5.98638 -45.7584
-14.0199 -2.50338 -44.6644
-11.9299 -0.0783801 -42.5824

-13.9409 2.39262 -40.3884
-11.0099 4.00862 -38.4294
-11.3409 7.33562 -40.3224
-13.5599 10.4226 -39.9764
-15.6879 12.4826 -42.4154
-18.4429 15.1776 -42.4934

-17.9829 15.8946 -38.7184
-19.8139 19.2926 -38.8174
-22.9139 17.5166 -40.2744
-22.5889 14.8026 -37.5704
-22.4079 17.5706 -34.8774
-25.6159 19.2086 -36.2464
-27.4489 15.8136 -36.3554
-26.3369 14.9906 -32.7684
-27.3959 18.3886 -31.2814
-30.7979 18.4386 -33.0944
-31.9749 14.8296 -32.5594

-29.7439 12.8276 -30.0934

-27.6109 14.8856 -27.7094
-27.6689 17.7796 -25.2384

-24.0659 19.0216 -24.7054
-22.7589 22.0226 -22.7164
-19.1839 22.8576 -21.7424

-17.6579 24.3416 -18.5144
-17.0469 27.5456 -20.5364
-20.8019 27.7946 -21.4364
-22.2419 27.4246 -17.8764

-19.4309 27.9196 -15.2544
-17.4699 31.1546 -16.0854
-16.0559 30.9176 -12.4854
-14.0509 27.6496 -12.9014

-10.2519 28.3436 -12.9164
-8.49886 27.6096 -16.2404

-6.84286 24.2396 -16.9834
-3.22686 25.0876 -17.9614
-1.68986 22.1976 -19.9634
1.98914 21.6996 -20.9104
4.35114 19.0906 -22.3124
7.39214 18.3956 -20.0714
10.2111 16.8416 -22.1264

11.9911 14.6406 -19.5354
15.7061 14.4596 -20.3454

16.6901 11.2286 -22.2684
20.3051 11.6996 -20.9404
19.2671 9.50762 -17.9184

18.2261 6.71862 -20.4034
21.3641 4.53762 -20.3374

22.8701 3.26462 -23.6354
21.5581 -0.35338 -23.0944
17.9361 0.84462 -22.5434
18.2131 3.17462 -25.6044
19.6421 0.32962 -27.7564
16.7041 -1.88738 -26.5714
14.1581 0.84762 -27.5694
15.9551 1.24562 -30.9594
15.8681 -2.58038 -31.3904
12.0951 -2.88938 -30.6424
11.4071 0.16262 -32.9104
13.3621 -1.51338 -35.7974
11.5881 -4.82638 -35.0064
8.09114 -3.27438 -35.5904
9.18214 -1.94338 -39.0614

10.6621 -5.27338 -40.3134
8.83214 -6.37138 -43.5184
8.97314 -10.1514 -42.9834
7.10214 -10.3124 -39.5984
3.52914 -11.5404 -39.0914

0.733135 -9.15338 -37.9374
1.05214 -10.8154 -34.4744
4.87414 -10.3564 -34.1854
4.32314 -6.65438 -35.1564
1.73414 -6.30138 -32.2814
4.10214 -8.12138 -29.8444
7.05114 -5.82938 -30.8014
4.70014 -2.79138 -30.3454
3.68514 -3.99338 -26.8214
7.40014 -4.57438 -26.0144
8.37014 -1.05338 -27.2864
5.54314 0.48562 -25.1714
6.49814 -1.46338 -21.9734
10.2311 -0.54638 -22.5404
9.18114 3.14362 -22.9004
7.53014 2.95462 -19.4404
10.6901 1.37362 -17.8714
12.9901 3.93462 -19.5994
10.9911 6.90862 -18.1534
10.9381 5.71262 -14.4554
14.2251 7.46562 -13.3184
13.2881 10.8986 -14.7904
9.60314 10.5436 -13.7504
10.9441 9.99562 -10.1794
13.4161 12.9386 -10.5664
10.4891 15.1896 -11.6494
8.17714 14.0376 -8.75943
10.9821 14.8056 -6.24843
11.6361 18.2556 -7.87343
7.88714 19.0526 -7.39743
8.01414 18.0416 -3.67243
11.3391 19.9066 -3.08243

9.68114 22.9856 -4.76543
7.20114 22.9706 -1.79143
4.03214 21.6736 -3.58243
1.33814 20.7206 -1.05443
-0.914865 18.3716 -3.17843

-0.695865 16.7766 -6.65943
-1.86386 13.7006 -8.63043
0.506135 11.3386 -10.5054
-1.07986 9.27162 -13.3094
0.541135 6.11662 -14.7804

-0.840865 2.81562 -16.2574
2.03714 0.27162 -16.2024

2.16814 -1.41238 -12.7494
6.03114 -1.21038 -12.6914
5.80114 2.64662 -12.9334
3.19814 2.83162 -10.0894
5.35914 0.39662 -8.00343
8.62414 2.37862 -8.55743
6.94714 5.75762 -7.71143
5.39414 4.32862 -4.47243
8.73014 2.69562 -3.44243
10.6721 5.99862 -3.86243
7.98614 8.01162 -1.95443
8.20414 5.42062 0.910567
12.0661 5.64462 0.795567

11.7781 9.49962 1.05157
9.11014 9.06762 3.85257
6.53214 11.0276 1.75057
2.92814 10.3406 2.81957

0.925135 9.34962 -0.291433
-2.15986 7.38162 -1.45743
-2.23786 4.66462 -4.17343
-5.23986 3.56362 -6.31743

-4.97386 0.84162 -9.01543
-6.80686 -2.25438 -10.4294
-6.22886 -4.17138 -7.12043
-7.66286 -1.42238 -4.80443
-11.1759 -2.42738 -3.61543
-14.3389 -0.33138 -4.27143
-14.7119 0.77662 -0.583433

-10.9539 1.41862 0.00356707
-10.9629 3.64362 -3.16343
-13.5239 5.97562 -1.49943
-11.6749 5.92062 1.88457
-8.23886 6.70862 0.276567
-9.97986 9.47762 -1.74643
-11.3139 10.9656 1.55357
-7.83686 10.5826 3.20657
-6.18886 12.5986 0.338567
-9.03686 15.1986 0.388567
-9.11086 15.7626 4.19957

-5.47786 15.0996 5.33357
-2.89386 17.8816 4.64757
-0.0908647 15.2536 5.09757
-0.901865 13.2496 1.91957
1.06714 15.2306 -0.701433

0.925135 12.7066 -3.61443
-1.83486 10.5356 -5.09343
-0.372865 7.67362 -7.22343
-3.22886 6.76362 -9.59643
-3.80286 4.23562 -12.3844

-5.11486 6.13162 -15.4854
-7.54386 3.22162 -16.1944
-8.60686 2.37262 -12.5974
-9.09386 5.96662 -11.2304
-10.8159 7.49562 -14.3634
-14.2769 7.02162 -12.6754
-16.2749 7.97762 -9.52443
-13.5079 9.74362 -7.52943
-13.0589 13.5156 -6.84443
-9.60586 15.0586 -6.13543
-10.4429 18.7936 -5.68943
-7.73286 19.1256 -2.93643
-4.94886 19.0606 -5.60943
-4.06486 21.8656 -8.10643

-1.61786 19.7886 -10.2484
-1.92686 16.6246 -12.3904
1.24014 14.8576 -13.6754
0.863135 12.2246 -16.4194

4.02314 10.1016 -15.9754
2.81414 8.08162 -19.0064
0.803135 8.88462 -22.1544
-2.38986 6.91962 -22.9504
-3.47586 6.36562 -26.6174
-7.12186 7.33762 -25.8724

-7.66186 11.1146 -25.2244
-11.1349 10.5666 -23.6614
-9.43386 8.69962 -20.7414
-6.81486 11.4956 -20.3264
-9.65186 14.1236 -20.1724
-11.5319 11.8836 -17.6374
-8.35386 11.8766 -15.4574
-7.87986 15.7276 -15.6894

-11.5779 16.2026 -14.6714
-10.9039 14.3556 -11.3874
-9.28286 17.6356 -10.1224
-11.2149 20.1576 -12.2674
-14.5989 19.6646 -10.4434
-17.1389 21.8386 -8.56043
-15.2149 22.7806 -5.36343
-11.9069 23.5526 -7.18543
-10.6779 27.1526 -6.47143
-7.15586 27.0836 -8.08443
-6.05286 27.0466 -11.7704

-5.43086 23.3656 -12.5934
-1.94086 22.5446 -13.9254
-1.67886 19.4936 -16.2604
1.88214 18.2416 -17.0014
2.38614 15.5576 -19.7134
5.80614 13.8626 -19.2054
7.33914 12.8466 -22.6084

10.7281 11.3466 -23.6304
12.4291 11.8656 -27.0594
13.5351 8.50062 -28.5834
10.5121 6.52562 -27.1654
6.84014 5.52562 -27.7914

5.82814 9.10962 -26.7124
7.14714 10.4536 -30.0964
4.36714 8.44562 -31.9064
1.66814 8.52262 -29.1724
1.63214 12.3366 -28.7524
0.821135 13.1786 -32.4664
-1.76386 10.2916 -32.4164
-3.47286 11.7286 -29.2724
-3.45986 15.2416 -30.8894
-5.15286 14.1586 -34.1714
-7.75386 12.2336 -32.0564
-8.59586 15.3686 -29.9374
-8.95586 17.3606 -33.2094
-11.4289 14.7156 -34.5744
-13.3509 14.9816 -31.2424
-13.3359 18.8456 -31.4064
-14.5629 18.9296 -35.0764

-17.4359 16.6076 -33.9594
-18.2359 19.1496 -31.1144
-17.1599 16.5486 -28.4704
-14.1399 18.4556 -26.9944
-12.9649 22.0706 -26.4224
-9.50686 20.6316 -25.6874
-7.03286 21.7676 -28.3324
-3.59286 20.0956 -27.8594
-1.70786 21.9016 -30.7484

-0.701865 24.9906 -28.6664
1.34614 22.8016 -26.2234
3.69314 21.4846 -29.0024
4.54414 24.8816 -30.5614

5.80914 25.8406 -27.0314
8.29414 22.8676 -26.6084

End chain 1
