-13.201 -6.296 -53.957
-10.703 -3.406 -53.291
-9.54 -3.087 -49.639
-11.02 0.322 -48.639
-8.614 1.85 -46.053
-10.787 3.126 -43.162

-9.634 6.195 -41.181
-10.061 4.9 -37.589
-10.286 6.838 -34.306
-12.195 7.103 -30.979
-14.163 9.439 -28.711
-12.619 10.223 -25.263
-14.157 12.207 -22.344

-11.943 15.248 -21.466
-14.301 16.978 -18.949
-17.827 16.65 -17.399
-19.139 18.761 -20.353

-16.752 17.96 -23.312
-15.482 14.956 -25.281
-12.62 14.751 -27.824
-12.437 12.939 -31.204
-8.982 11.264 -31.393
-8.672 10.357 -35.1

-6.282 10.744 -38.079
-6.98 13.557 -40.6
-9.895 13.022 -43.051

-11.208 15.853 -45.293
-14.92 14.856 -45.011
-14.611 14.37 -41.226
-13.015 17.857 -40.827
-15.875 19.254 -42.999
-18.403 17.482 -40.669
-16.559 18.759 -37.515
-16.844 22.341 -38.957

-20.697 21.797 -39.029
-20.861 21.033 -35.24
-22.116 23.933 -33.104
-20.016 23.255 -29.939
-16.791 22.621 -31.971

-13.393 23.436 -30.391
-10.011 22.816 -32.063
-6.805 22.812 -29.99

-3.883 23.919 -32.209
-1.328 22.314 -29.773
-2.753 18.736 -29.691
-4.334 19.137 -33.217

-7.578 17.622 -31.79
-11.313 18.386 -31.995
-13.683 18.544 -28.991
-17.466 19.001 -28.65
-20.131 19.402 -25.91

-21.257 16.038 -24.476
-24.923 16.743 -25.497
-23.731 16.722 -29.178
-22.178 13.179 -28.839
-25.228 11.354 -30.322
-25.57 14.044 -33.093
-21.852 13.682 -34.021
-21.815 9.829 -34.037
-25.045 9.774 -36.128
-23.507 12.176 -38.75
-20.093 10.348 -38.803

-21.793 6.948 -39.527
-22.962 8.546 -42.834
-19.328 9.196 -43.991
-17.677 6.563 -46.261
-14.251 5.2 -45.121

-14.46 6.789 -41.562
-14.765 4.819 -38.279
-15.142 6.964 -35.114
-15.663 4.659 -32.101

-18.218 6.249 -29.657
-17.862 6.903 -25.912
-18.35 3.469 -24.195
-21.794 2.549 -22.772
-20.235 2.829 -19.255
-19.534 6.58 -19.812
-22.964 7.196 -21.431
-24.623 5.531 -18.378
-22.42 7.523 -15.909

-23.028 10.919 -17.654
-26.668 10.153 -18.714
-27.851 13.482 -17.123

-25.214 15.594 -18.963
-26 13.8 -22.296
-29.631 15.147 -21.909

-29.014 18.802 -20.797
-28.522 21.656 -23.337
-27.494 23.803 -20.296
-24.374 24.206 -18.108
-26.03 23.63 -14.722
-23.195 22.587 -12.38
-23.731 19.355 -10.334

-27.219 19.392 -8.694
-26.798 20.208 -4.988
-26.578 17.032 -2.906
-29.814 16.999 -0.82
-29.276 16.946 2.956
-30.305 13.551 4.343

-32.727 13.25 7.268
-30.389 11.851 9.975
-33.077 12.019 12.787
-33.159 8.159 12.923
-29.32 8.149 13.454
-27.82 8.306 16.969

-27.52 12.074 17.913
-23.991 11.509 19.371
-22.796 10.469 15.867
-24.731 13.185 13.93
-23.402 16.008 16.22
-19.738 14.82 15.861

-19.687 14.822 11.995
-17.445 17.587 10.586

-19.106 19.692 7.763
-17.231 17.783 4.996
-18.064 14.402 6.666
-21.796 15.407 6.677
-21.562 16.318 2.947
-19.943 12.855 2.346
-22.788 11.075 4.244
-25.363 13.084 2.191
-23.555 12.165 -1.104
-23.43 8.459 -0.115
-27.196 8.491 0.728
-28.024 10.343 -2.565

-25.973 7.645 -4.472
-28.214 5.048 -2.67
-25.512 3.7 -0.27

-23.352 2.353 -3.174
-19.956 4.118 -3.237
-16.209 4.012 -2.721
-15.295 6.541 0.021

-11.694 7.195 -1.128

-11.135 10.189 1.225
-7.504 10.605 2.377

-6.048 8.715 5.398
-7.361 9.956 8.784
-10.233 12.169 7.374
-12.706 9.981 9.408

-13.844 7.354 6.831
-15.012 5.081 9.734
-17.363 7.714 11.316
-18.876 8.506 7.854
-19.282 4.738 7.09
-21.02 4.042 10.461
-23.415 6.996 9.798
-24.247 5.855 6.195
-24.846 2.277 7.463
-26.955 3.52 10.461
-29.227 5.531 8.078

-29.9 2.058 6.507

-30.384 0.293 9.981
-33.886 -0.857 8.77
-32.05 -2.956 6.062
-29.626 -4.868 8.41
-27.981 -7.413 9.17

-24.774 -5.448 8.488
-21.551 -7.137 7.269
-18.235 -5.328 7.997
-15.132 -6.739 6.223
-11.829 -5.357 7.603

-8.05 -6.016 7.986
-7.416 -8.82 10.567
-5.856 -6.305 13.093
-8.689 -3.64 13.199

-11.758 -5.868 14.003
-11.895 -4.753 17.675
-11.154 -1.102 16.63
-14.365 -1.304 14.506
-16.414 -2.897 17.375
-15.268 -0.08 19.729
-16.109 2.476 16.969
-19.722 1.111 16.76
-20.082 1.14 20.611
-18.596 4.7 20.723
-20.823 6.195 17.978

-24.121 4.191 18.24
-24.851 3.95 22.056
-28.388 2.791 20.948
-26.764 -0.701 20.406
-26.03 -3.285 23.117

-22.632 -5.104 22.857
-24.638 -8.32 22.08
-25.78 -6.667 18.791

-22.091 -6.816 17.576
-20.505 -10.124 16.488
-16.681 -10.041 16.081

-15.702 -13.116 14.035
-12.316 -14.303 15.372
-12.201 -17.837 13.813
-13.405 -19.799 10.735
-15.769 -21.82 13.07
-17.788 -18.808 14.317
-21.352 -17.917 13.159
-21.075 -14.973 10.701
-24.816 -14.102 11.273
-24.919 -14.166 15.127
-25.108 -10.332 15.536
-27.08 -7.466 13.995

-23.588 -6.14 13.038
-21.065 -8.833 11.965
-17.336 -7.898 11.803
-15.009 -10.302 9.887
-11.529 -10.295 8.291

-10.658 -10.74 4.577
-8.757 -14.009 5.375
-11.833 -15.546 7.113
-14.3 -14.769 4.222

-12.926 -17.715 2.14
-13.287 -20.073 5.183
-16.843 -18.74 5.845
-18.014 -18.815 2.139
-20.731 -21.415 3.044
-22.243 -18.836 5.512
-21.955 -15.894 2.989
-25.071 -17.433 1.278
-27.188 -15.451 3.825
-28.094 -12.137 2.052
-26.367 -9.235 3.842
-28.236 -6.215 2.36

-25.704 -3.677 3.792
-21.936 -4.298 3.429
-19.007 -2.145 4.602
-15.517 -3.11 3.36

-12.662 -1.237 5.059
-9.341 -0.865 3.151

-11.066 -2.352 0.031
-7.765 -2.207 -1.968
-7.252 -5.742 -0.456
-9.774 -6.866 -3.176

-7.558 -5.436 -6.054
-6.861 -8.909 -7.611
-9.913 -10.983 -8.736
-7.994 -14.348 -8.638
-7.386 -14.116 -4.839

-9.551 -16.269 -2.508
-10.568 -13.122 -0.487
-11.832 -11.409 -3.693
-13.586 -14.593 -5.006
-15.461 -14.905 -1.648
-16.313 -11.137 -1.332
-17.465 -10.353 -4.925
-20.7 -12.523 -5.003
-21.961 -10.786 -1.799
-21.004 -7.272 -3.064
-22.893 -7.826 -6.386
-26.148 -8.927 -4.576

-26.072 -6.644 -1.465
-28.372 -3.542 -1.704

-25.826 -1.116 -0.104
-22.019 -1.347 -0.629
-19.769 1.077 1.29
-16.145 0.543 0.177
-13.427 2.479 2.088

-9.739 3.065 1.181
-6.998 5.712 1.573
-5.29 4.301 -1.537
-8.002 2.778 -3.832
-5.263 1.979 -6.345
-1.844 1.044 -4.877
0.179 1.273 -8.156
-1.96 0.815 -11.364

-5.486 1.412 -12.884
-6.145 -2.396 -13.101
-6.402 -2.518 -9.223
-9.619 -0.37 -9.379
-11.628 -2.846 -11.528
-12.904 -5.026 -8.614
-13.981 -1.892 -6.643
-15.738 -0.406 -9.758
-17.759 -3.638 -10.376
-18.545 -3.926 -6.614
-20.104 -0.383 -6.596

-21.607 -0.654 -10.172
-21.992 -4.37 -11.257
-23.172 -3.251 -14.78
-19.935 -1.29 -15.508
-17.337 -3.236 -17.592
-18.9 -6.785 -17.229
-15.576 -8.217 -18.571

-12.101 -7.019 -17.429
-10.719 -7.022 -21.032
-12.866 -3.967 -22.03
-11.565 -2.031 -18.959
-7.965 -3.199 -19.668
-8.028 -2.162 -23.384
-9.238 1.366 -22.43
-7.403 2.18 -19.142

-4.51 -0.351 -18.764
-2.851 0.132 -22.242
-3.499 -3.577 -22.858

-0.922 -5.224 -25.189
-1.171 -8.572 -27.031
2.109 -10.415 -26.274

3.105 -13.897 -27.702
2.055 -15.464 -24.315

-1.301 -13.571 -23.908
-2.465 -10.088 -22.814
-0.375 -7.663 -20.732

-2.386 -5.192 -18.538
0.545 -3.576 -16.579
0.214 -0.249 -18.472
-2.005 2.838 -18.126
-4.133 4.898 -20.565
-6.888 7.593 -20.643

-6.428 8.31 -16.868
-8.259 11.708 -16.967
-11.359 9.932 -18.424
-11.034 7.218 -15.72
-10.853 9.986 -13.027
-14.061 11.624 -14.396
-15.894 8.229 -14.505
-14.782 7.406 -10.918
-15.841 10.804 -9.431
-19.243 10.854 -11.244
-20.42 7.245 -10.709

-18.189 5.243 -8.243

-16.056 7.301 -5.859
-16.114 10.195 -3.388

-12.511 11.437 -2.855
-11.204 14.438 -0.866
-7.629 15.273 0.108

-6.103 16.757 3.336
-5.492 19.961 1.314
-9.247 20.21 0.414
-10.687 19.84 3.974

-7.876 20.335 6.596
-5.915 23.57 5.765
-4.501 23.333 9.365
-2.496 20.065 8.949

1.303 20.759 8.934
3.056 20.025 5.61

4.712 16.655 4.867
8.328 17.503 3.889
9.865 14.613 1.887
13.544 14.115 0.94
15.906 11.506 -0.462
18.947 10.811 1.779
21.766 9.257 -0.276

23.546 7.056 2.315
27.261 6.875 1.505

28.245 3.644 -0.418
31.86 4.115 0.91
30.822 1.923 3.932

29.8443 -0.874521 1.52891
30.4035 -3.57956 -1.08581

33.7158 -2.22072 -2.36057
35.6164 -3.96699 0.428891
33.9024 -7.27062 -0.339956
34.7616 -6.96869 -4.02961
38.4086 -6.26801 -3.22239
38.5865 -9.30101 -0.939378
37.0914 -11.533 -3.62746
39.6029 -10.2887 -6.19394
42.5 -10.9625 -3.82841
41.2666 -14.4962 -3.1693
40.9749 -15.1928 -6.89388
44.5111 -13.9412 -7.5034
45.8755 -16.1526 -4.73021
44.1099 -19.1996 -6.15907
45.5219 -18.5149 -9.62036

47.0019 -21.8449 -10.8724
45.1719 -22.9429 -14.0774
45.3129 -26.7229 -13.5424
43.4419 -26.8839 -10.1574
39.8689 -28.1119 -9.65036

37.0729 -25.7249 -8.49636
37.3919 -27.3869 -5.03336
41.2139 -26.9279 -4.74436
40.6629 -23.2259 -5.71536
38.0739 -22.8729 -2.84036
40.4419 -24.6929 -0.40336
43.3909 -22.4009 -1.36036
41.0399 -19.3629 -0.90436
40.0249 -20.5649 2.61964
43.7399 -21.1459 3.42664
44.7099 -17.6249 2.15464
41.8829 -16.0859 4.26964
42.8379 -18.0349 7.46764
46.5709 -17.1179 6.90064
45.5209 -13.4279 6.54064
43.8699 -13.6169 10.0006
47.0299 -15.1979 11.5696
49.3299 -12.6369 9.84164
47.3309 -9.66295 11.2876
47.2779 -10.8589 14.9856
50.5649 -9.10595 16.1226
49.6279 -5.67295 14.6506
45.9429 -6.02795 15.6906
47.2839 -6.57595 19.2616
49.7559 -3.63295 18.8746
46.8289 -1.38195 17.7916
44.5169 -2.53395 20.6816
47.3219 -1.76595 23.1926
47.9759 1.68405 21.5676
44.2269 2.48105 22.0436
44.3539 1.47005 25.7686
47.6789 3.33505 26.3586

46.0209 6.41405 24.6756
43.5409 6.39905 27.6496
40.3719 5.10205 25.8586
37.6779 4.14905 28.3866
35.4249 1.80005 26.2626

35.6439 0.205052 22.7816
34.4759 -2.87095 20.8106
36.8459 -5.23295 18.9356
35.2599 -7.29995 16.1316
36.8809 -10.4549 14.6606

35.4989 -13.7559 13.1836
38.3769 -16.2999 13.2386

38.5079 -17.9839 16.6916
42.3709 -17.7819 16.7496
42.1409 -13.9249 16.5076
39.5379 -13.7399 19.3516
41.6989 -16.1749 21.4376
44.9639 -14.1929 20.8836
43.2869 -10.8139 21.7296
41.7339 -12.2429 24.9686
45.0699 -13.8759 25.9986
47.0119 -10.5729 25.5786
44.3259 -8.55995 27.4866
44.5439 -11.1509 30.3516
48.4059 -10.9269 30.2366

48.1179 -7.07195 30.4926
45.4499 -7.50395 33.2936
42.8719 -5.54395 31.1916
39.2679 -6.23095 32.2606

37.2649 -7.22195 29.1496
34.1799 -9.18995 27.9836
34.1019 -11.9069 25.2676
31.0999 -13.0079 23.1236

31.3659 -15.7299 20.4256
29.5329 -18.8259 19.0116
30.1109 -20.7429 22.3206
28.6769 -17.9939 24.6366
25.1639 -18.9989 25.8256
22.0009 -16.9029 25.1696
21.6279 -15.7949 28.8576

25.3859 -15.1529 29.4446
25.3769 -12.9279 26.2776
22.8159 -10.5959 27.9416
24.6649 -10.6509 31.3256
28.1009 -9.86295 29.7176
26.3599 -7.09395 27.6946
25.0259 -5.60595 30.9946
28.5029 -5.98895 32.6476
30.1509 -3.97295 29.7796
27.3029 -1.37295 29.8296
27.2289 -0.808948 33.6406

30.8619 -1.47195 34.7746
33.4459 1.31005 34.0886
36.2489 -1.31795 34.5386
35.4379 -3.32195 31.3606
37.4069 -1.34095 28.7396

37.2649 -3.86495 25.8266
34.5049 -6.03595 24.3476
35.9669 -8.89795 22.2176
33.1109 -9.80795 19.8446
32.5369 -12.3359 17.0566

31.2249 -10.4399 13.9556
28.7959 -13.3499 13.2466
27.7329 -14.1989 16.8436
27.2459 -10.6049 18.2106
25.5239 -9.07595 15.0776
22.0629 -9.54995 16.7656
20.0649 -8.59395 19.9166
22.8319 -6.82795 21.9116
23.2809 -3.05595 22.5966
26.7339 -1.51295 23.3056
25.8969 2.22205 23.7516
28.6069 2.55405 26.5046
31.3909 2.48905 23.8316
32.2749 5.29405 21.3346

34.7219 3.21705 19.1926
34.4129 0.0530518 17.0506
37.5799 -1.71395 15.7656
37.2029 -4.34695 13.0216

40.3629 -6.46995 13.4656
39.1539 -8.48995 10.4346
37.1429 -7.68695 7.28664
33.9499 -9.65195 6.49064
32.8639 -10.2059 2.82364
29.2179 -9.23395 3.56864

28.6779 -5.45695 4.21664
25.2049 -6.00495 5.77964
26.9059 -7.87195 8.69964
29.5249 -5.07595 9.11464
26.6879 -2.44795 9.26864
24.8079 -4.68795 11.8036
27.9859 -4.69495 13.9836
28.4599 -0.843948 13.7516

24.7619 -0.368948 14.7696
25.4359 -2.21595 18.0536
27.0569 1.06405 19.3186
25.1249 3.58605 17.1736
21.7409 3.09305 18.9976
19.2009 5.26705 20.8806
21.1249 6.20905 24.0776
24.4329 6.98105 22.2556
25.6619 10.5811 22.9696
29.1839 10.5121 21.3566
30.2869 10.4751 17.6706

30.9089 6.79405 16.8476
34.3989 5.97305 15.5156
34.6609 2.92205 13.1806
38.2219 1.67005 12.4396
38.7259 -1.01395 9.72764
42.1459 -2.70895 10.2356
43.6789 -3.72495 6.83264

47.0679 -5.22495 5.81064
48.7689 -4.70595 2.38164
49.8749 -8.07095 0.85764
46.8519 -10.0459 2.27564
43.1799 -11.0459 1.64964

42.1679 -7.46195 2.72864
43.4869 -6.11795 -0.65536
40.7069 -8.12595 -2.46536
38.0079 -8.04895 0.26864
37.9719 -4.23495 0.68864
37.1609 -3.39295 -3.02536
34.5759 -6.27995 -2.97536
32.8669 -4.84295 0.16864
32.8799 -1.32995 -1.44836
31.1869 -2.41295 -4.73036
28.5859 -4.33795 -2.61536
27.7439 -1.20295 -0.49636
27.3839 0.789052 -3.76836
24.9109 -1.85595 -5.13336
22.9889 -1.58995 -1.80136
23.0039 2.27405 -1.96536
21.7769 2.35805 -5.63536

18.9039 0.0360518 -4.51836
18.1039 2.57805 -1.67336
19.1799 -0.0229482 0.97064
22.1999 1.88405 2.44664
23.3749 5.49905 3.01864
26.8329 4.06005 3.75364
29.3069 5.19605 1.10864
32.7469 3.52405 1.58164
34.6319 5.33005 -1.30736

35.6379 8.41905 0.77464
37.6859 6.23005 3.21764
40.0329 4.91305 0.43864
40.8839 8.31005 -1.12036

42.1489 9.26905 2.40964
44.6339 6.29605 2.83264

End chain 1
