-13.201 -6.296 -53.957
-10.703 -3.406 -53.291
-9.54 -3.087 -49.639
-11.02 0.322 -48.639
-8.614 1.85 -46.053
-10.787 3.126 -43.162

-9.634 6.195 -41.181
-10.061 4.9 -37.589
-10.286 6.838 -34.306
-12.195 7.103 -30.979
-14.163 9.439 -28.711
-12.619 10.223 -25.263
-14.157 12.207 -22.344

-11.943 15.248 -21.466
-14.301 16.978 -18.949
-17.827 16.65 -17.399
-19.139 18.761 -20.353

-16.752 17.96 -23.312
-15.482 14.956 -25.281
-12.62 14.751 -27.824
-12.437 12.939 -31.204
-8.982 11.264 -31.393
-8.672 10.357 -35.1

-6.282 10.744 -38.079
-6.98 13.557 -40.6
-9.895 13.022 -43.051

-11.208 15.853 -45.293
-14.92 14.856 -45.011
-14.611 14.37 -41.226
-13.015 17.857 -40.827
-15.875 19.254 -42.999
-18.403 17.482 -40.669
-16.559 18.759 -37.515
-16.844 22.341 -38.957

-20.5527 21.7903 -39.6083
-22.0157 22.188 -43.0435
-23.5556 22.4712 -46.5155
-25.5255 25.6619 -47.2357
-28.9691 23.8537 -47.0774

-32.4142 22.584 -48.3464
-34.6089 23.964 -51.2222
-35.3256 27.6569 -50.6535

-32.4036 28.7639 -52.8725
-29.8486 27.1589 -50.4365
-31.2736 23.5809 -50.3545
-32.8546 23.9819 -53.8805

-36.0986 22.4669 -52.4535
-39.8336 23.2309 -52.6585
-42.2036 23.3889 -49.6545
-45.9866 23.8459 -49.3135
-48.6516 24.2469 -46.5735

-49.7776 20.8829 -45.1395
-53.4436 21.5879 -46.1605
-52.2516 21.5669 -49.8415
-50.6986 18.0239 -49.5025
-53.7486 16.1989 -50.9855
-54.0906 18.8889 -53.7565
-50.3726 18.5269 -54.6845
-50.3356 14.6739 -54.7005
-53.5656 14.6189 -56.7915
-52.0276 17.0209 -59.4135
-48.6136 15.1929 -59.4665

-50.3136 11.7929 -60.1905
-51.4826 13.3909 -63.4975
-47.8486 14.0409 -64.6545
-46.1976 11.4079 -66.9245
-42.7716 10.0449 -65.7845

-42.9806 11.6339 -62.2255
-43.2856 9.66391 -58.9425
-43.6626 11.8089 -55.7775
-44.1836 9.50391 -52.7645

-46.7386 11.0939 -50.3205
-46.3826 11.7479 -46.5755
-46.8706 8.31391 -44.8585
-50.3146 7.39391 -43.4355
-48.7556 7.67391 -39.9185
-48.0546 11.4249 -40.4755
-51.4846 12.0409 -42.0945
-53.1436 10.3759 -39.0415
-50.9406 12.3679 -36.5725

-51.5486 15.7639 -38.3175
-55.1886 14.9979 -39.3775
-56.3716 18.3269 -37.7865

-53.7346 20.4389 -39.6265
-54.5206 18.6449 -42.9595
-58.1516 19.9919 -42.5725

-57.5346 23.6469 -41.4605
-57.0426 26.5009 -44.0005
-56.0146 28.6479 -40.9595
-52.8946 29.0509 -38.7715
-54.5506 28.4749 -35.3855
-51.7156 27.4319 -33.0435
-52.2516 24.1999 -30.9975

-55.7396 24.2369 -29.3575
-55.3186 25.0529 -25.6515
-55.0986 21.8769 -23.5695
-58.3346 21.8439 -21.4835
-57.7966 21.7909 -17.7075
-58.8256 18.3959 -16.3205

-61.2476 18.0949 -13.3955
-58.9096 16.6959 -10.6885
-61.5976 16.8639 -7.87651
-61.6796 13.0039 -7.74051
-57.8406 12.9939 -7.20951
-56.3406 13.1509 -3.69451

-56.0406 16.9189 -2.75051
-52.5116 16.3539 -1.29251
-51.3166 15.3139 -4.79651
-53.2516 18.0299 -6.73351
-51.9226 20.8529 -4.44351
-48.2586 19.6649 -4.80251

-48.2076 19.6669 -8.66851
-45.9656 22.4319 -10.0775

-47.6266 24.5369 -12.9005
-45.7516 22.6279 -15.6675
-46.5846 19.2469 -13.9975
-50.3166 20.2519 -13.9865
-50.0826 21.1629 -17.7165
-48.4636 17.6999 -18.3175
-51.3086 15.9199 -16.4195
-53.8836 17.9289 -18.4725
-52.0756 17.0099 -21.7675
-51.9506 13.3039 -20.7785
-55.7166 13.3359 -19.9355
-56.5446 15.1879 -23.2285

-54.4936 12.4899 -25.1355
-56.7346 9.89291 -23.3335
-54.0326 8.54491 -20.9335

-51.8726 7.19791 -23.8375
-48.4766 8.96291 -23.9005
-44.7296 8.85691 -23.3845
-43.8156 11.3859 -20.6425

-40.2146 12.0399 -21.7915

-39.6556 15.0339 -19.4385
-36.0246 15.4499 -18.2865

-34.5686 13.5599 -15.2655
-35.8816 14.8009 -11.8795
-38.7536 17.0139 -13.2895
-41.2266 14.8259 -11.2555

-42.3646 12.1989 -13.8325
-43.5326 9.92591 -10.9295
-45.8836 12.5589 -9.34751
-47.3966 13.3509 -12.8095
-47.8026 9.58291 -13.5735
-49.5406 8.88691 -10.2025
-51.9356 11.8409 -10.8655
-52.7676 10.6999 -14.4685
-53.3666 7.12191 -13.2005
-55.4756 8.36491 -10.2025
-57.7476 10.3759 -12.5855

-58.4206 6.90291 -14.1565

-58.9046 5.13791 -10.6825
-62.4066 3.98791 -11.8935
-60.5706 1.88891 -14.6015
-58.1466 -0.023092 -12.2535
-56.5016 -2.56809 -11.4935

-53.2946 -0.603092 -12.1755
-50.0716 -2.29209 -13.3945
-46.7556 -0.483092 -12.6665
-43.6526 -1.89409 -14.4405
-40.3496 -0.512092 -13.0605

-36.5706 -1.17109 -12.6775
-35.9366 -3.97509 -10.0965
-34.3766 -1.46009 -7.57051
-37.2096 1.20491 -7.46451

-40.2786 -1.02309 -6.66051
-40.4156 0.091908 -2.98851
-39.6746 3.74291 -4.03351
-42.8856 3.54091 -6.15751
-44.9346 1.94791 -3.28851
-43.7886 4.76491 -0.934505
-44.6296 7.32091 -3.69451
-48.2426 5.95591 -3.90351
-48.6026 5.98491 -0.0525052
-47.1166 9.54491 0.0594948
-49.3436 11.0399 -2.68551

-52.6416 9.03591 -2.42351
-53.3716 8.79491 1.39249
-56.9086 7.63591 0.284495
-55.2846 4.14391 -0.257505
-54.5506 1.55991 2.45349

-51.1526 -0.259092 2.19349
-53.1586 -3.47509 1.41649
-54.3006 -1.82209 -1.87251

-50.6116 -1.97109 -3.08751
-49.0256 -5.27909 -4.17551
-45.2016 -5.19609 -4.58251

-44.2226 -8.27109 -6.62851
-40.8366 -9.45809 -5.29151
-40.7216 -12.9921 -6.85051
-41.9256 -14.9541 -9.92851
-44.2896 -16.9751 -7.59351
-46.3086 -13.9631 -6.34651
-49.8726 -13.0721 -7.50451
-49.5956 -10.1281 -9.96251
-53.3366 -9.25709 -9.39051
-53.4396 -9.32109 -5.53651
-53.6286 -5.48709 -5.12751
-55.6006 -2.62109 -6.66851

-52.1086 -1.29509 -7.62551
-49.5856 -3.98809 -8.69851
-45.8566 -3.05309 -8.86051
-43.5296 -5.45709 -10.7765
-40.0496 -5.45009 -12.3725

-39.1786 -5.89509 -16.0865
-37.2776 -9.16409 -15.2885
-40.3536 -10.7011 -13.5505
-42.8206 -9.92409 -16.4415

-41.4466 -12.8701 -18.5235
-41.8076 -15.2281 -15.4805
-45.3636 -13.8951 -14.8185
-46.5346 -13.9701 -18.5245
-49.2516 -16.5701 -17.6195
-50.7636 -13.9911 -15.1515
-50.4756 -11.0491 -17.6745
-53.5916 -12.5881 -19.3855
-55.7086 -10.6061 -16.8385
-56.6146 -7.29209 -18.6115
-54.8876 -4.39009 -16.8215
-56.7566 -1.37009 -18.3035

-54.2246 1.16791 -16.8715
-50.4566 0.546908 -17.2345
-47.5276 2.69991 -16.0615
-44.0376 1.73491 -17.3035

-41.1826 3.60791 -15.6045
-37.8616 3.97991 -17.5125

-39.5866 2.49291 -20.6325
-36.2856 2.63791 -22.6315
-35.7726 -0.897092 -21.1195
-38.2946 -2.02109 -23.8395

-36.0786 -0.591092 -26.7175
-35.3816 -4.06409 -28.2745
-38.4336 -6.13809 -29.3995
-36.5146 -9.50309 -29.3015
-35.9066 -9.27109 -25.5025

-38.0716 -11.4241 -23.1715
-39.0886 -8.27709 -21.1505
-40.3526 -6.56409 -24.3565
-42.1066 -9.74809 -25.6695
-43.9816 -10.0601 -22.3115
-44.8336 -6.29209 -21.9955
-45.9856 -5.50809 -25.5885
-49.2206 -7.67809 -25.6665
-50.4816 -5.94109 -22.4625
-49.5246 -2.42709 -23.7275
-51.4136 -2.98109 -27.0495
-54.6686 -4.08209 -25.2395

-54.5926 -1.79909 -22.1285
-56.8926 1.30291 -22.3675

-54.3466 3.72891 -20.7675
-50.5396 3.49791 -21.2925
-48.2896 5.92191 -19.3735
-44.6656 5.38791 -20.4865
-41.9476 7.32391 -18.5755

-38.2596 7.90991 -19.4825
-35.5186 10.5569 -19.0905
-33.8106 9.14591 -22.2005
-36.5226 7.62291 -24.4955
-33.7836 6.82391 -27.0085
-30.3646 5.88891 -25.5405
-28.3416 6.11791 -28.8195
-30.4806 5.65991 -32.0275

-34.0066 6.25691 -33.5475
-34.6656 2.44891 -33.7645
-34.9226 2.32691 -29.8865
-38.1396 4.47491 -30.0425
-40.1486 1.99891 -32.1915
-41.4246 -0.181092 -29.2775
-42.5016 2.95291 -27.3065
-44.2586 4.43891 -30.4215
-46.2796 1.20691 -31.0395
-47.0656 0.918908 -27.2775
-48.6246 4.46191 -27.2595

-50.1276 4.19091 -30.8355
-50.5126 0.474908 -31.9205
-51.6926 1.59391 -35.4435
-48.4556 3.55491 -36.1715
-45.8576 1.60891 -38.2555
-47.4206 -1.94009 -37.8925
-44.0966 -3.37209 -39.2345

-40.6216 -2.17409 -38.0925
-39.2396 -2.17709 -41.6955
-41.3866 0.877908 -42.6935
-40.0856 2.81391 -39.6225
-36.4856 1.64591 -40.3315
-36.5486 2.68291 -44.0475
-37.7586 6.21091 -43.0935
-35.9236 7.02491 -39.8055

-33.0306 4.49391 -39.4275
-31.3716 4.97691 -42.9055
-32.0196 1.26791 -43.5215

-29.4426 -0.379092 -45.8525
-29.6916 -3.72709 -47.6945
-26.4116 -5.57009 -46.9375

-25.4156 -9.05209 -48.3655
-26.4656 -10.6191 -44.9785

-29.8216 -8.72609 -44.5715
-30.9856 -5.24309 -43.4775
-28.8956 -2.81809 -41.3955

-30.9066 -0.347092 -39.2015
-27.9756 1.26891 -37.2425
-28.3066 4.59591 -39.1355
-30.5256 7.68291 -38.7895
-32.6536 9.74291 -41.2285
-35.4086 12.4379 -41.3065

-34.9486 13.1549 -37.5315
-36.7796 16.5529 -37.6305
-39.8796 14.7769 -39.0875
-39.5546 12.0629 -36.3835
-39.3736 14.8309 -33.6905
-42.5816 16.4689 -35.0595
-44.4146 13.0739 -35.1685
-43.3026 12.2509 -31.5815
-44.3616 15.6489 -30.0945
-47.7636 15.6989 -31.9075
-48.9406 12.0899 -31.3725

-46.7096 10.0879 -28.9065

-44.5766 12.1459 -26.5225
-44.6346 15.0399 -24.0515

-41.0316 16.2819 -23.5185
-39.7246 19.2829 -21.5295
-36.1496 20.1179 -20.5555

-34.6236 21.6019 -17.3275
-34.0126 24.8059 -19.3495
-37.7676 25.0549 -20.2495
-39.2076 24.6849 -16.6895

-36.3966 25.1799 -14.0675
-34.4356 28.4149 -14.8985
-33.0216 28.1779 -11.2985
-31.0166 24.9099 -11.7145

-27.2176 25.6039 -11.7295
-25.4646 24.8699 -15.0535

-23.8086 21.4999 -15.7965
-20.1926 22.3479 -16.7745
-18.6556 19.4579 -18.7765
-14.9766 18.9599 -19.7235
-12.6146 16.3509 -21.1255
-9.57361 15.6559 -18.8845
-6.75461 14.1019 -20.9395

-4.97461 11.9009 -18.3485
-1.25961 11.7199 -19.1585

-0.275614 8.48891 -21.0815
3.33939 8.95991 -19.7535
2.30139 6.76791 -16.7315

1.26039 3.97891 -19.2165
4.39839 1.79791 -19.1505

5.90439 0.524908 -22.4485
4.59239 -3.09309 -21.9075
0.970386 -1.89509 -21.3565
1.24739 0.434908 -24.4175
2.67639 -2.41009 -26.5695
-0.261614 -4.62709 -25.3845
-2.80761 -1.89209 -26.3825
-1.01061 -1.49409 -29.7725
-1.09761 -5.32009 -30.2035
-4.87061 -5.62909 -29.4555
-5.55861 -2.57709 -31.7235
-3.60361 -4.25309 -34.6105
-5.37761 -7.56609 -33.8195
-8.87461 -6.01409 -34.4035
-7.78361 -4.68309 -37.8745

-6.30361 -8.01309 -39.1265
-8.13361 -9.11109 -42.3315
-7.99261 -12.8911 -41.7965
-9.86361 -13.0521 -38.4115
-13.4366 -14.2801 -37.9045

-16.2326 -11.8931 -36.7505
-15.9136 -13.5551 -33.2875
-12.0916 -13.0961 -32.9985
-12.6426 -9.39409 -33.9695
-15.2316 -9.04109 -31.0945
-12.8636 -10.8611 -28.6575
-9.91461 -8.56909 -29.6145
-12.2656 -5.53109 -29.1585
-13.2806 -6.73309 -25.6345
-9.56561 -7.31409 -24.8275
-8.59561 -3.79309 -26.0995
-11.4226 -2.25409 -23.9845
-10.4676 -4.20309 -20.7865
-6.73461 -3.28609 -21.3535
-7.78461 0.403908 -21.7135
-9.43561 0.214908 -18.2535
-6.27561 -1.36609 -16.6845
-3.97561 1.19491 -18.4125
-5.97461 4.16891 -16.9665
-6.02761 2.97291 -13.2685
-2.74061 4.72591 -12.1315
-3.67761 8.15891 -13.6035
-7.36261 7.80391 -12.5635
-6.02161 7.25591 -8.99251
-3.54961 10.1989 -9.37951
-6.47661 12.4499 -10.4625
-8.78861 11.2979 -7.57251
-5.98361 12.0659 -5.06151
-5.32961 15.5159 -6.68651
-9.07861 16.3129 -6.21051
-8.95161 15.3019 -2.48551
-5.62661 17.1669 -1.89551

-7.28461 20.2459 -3.57851
-9.76461 20.2309 -0.604505
-12.9336 18.9339 -2.39551
-15.6276 17.9809 0.132495
-17.8806 15.6319 -1.99151

-17.6616 14.0369 -5.47251
-18.8296 10.9609 -7.44351
-16.4596 8.59891 -9.31851
-18.0456 6.53191 -12.1225
-16.4246 3.37691 -13.5935

-17.8066 0.075908 -15.0705
-14.9286 -2.46809 -15.0155

-14.7976 -4.15209 -11.5625
-10.9346 -3.95009 -11.5045
-11.1646 -0.093092 -11.7465
-13.7676 0.091908 -8.90251
-11.6066 -2.34309 -6.81651
-8.34161 -0.361092 -7.37051
-10.0186 3.01791 -6.52451
-11.5716 1.58891 -3.28551
-8.23561 -0.044092 -2.25551
-6.29361 3.25891 -2.67551
-8.97961 5.27191 -0.767505
-8.76161 2.68091 2.09749
-4.89961 2.90491 1.98249

-5.18761 6.75991 2.23849
-7.85561 6.32791 5.03949
-10.4336 8.28791 2.93749
-14.0376 7.60091 4.00649

-16.0406 6.60991 0.895495
-19.1256 4.64191 -0.270505
-19.2036 1.92491 -2.98651
-22.2056 0.823908 -5.13051

-21.9396 -1.89809 -7.82851
-23.7726 -4.99409 -9.24251
-23.1946 -6.91109 -5.93351
-24.6286 -4.16209 -3.61751
-28.1416 -5.16709 -2.42851
-31.3046 -3.07109 -3.08451
-31.6776 -1.96309 0.603495

-27.9196 -1.32109 1.19049
-27.9286 0.903908 -1.97651
-30.4896 3.23591 -0.312505
-28.6406 3.18091 3.07149
-25.2046 3.96891 1.46349
-26.9456 6.73791 -0.559505
-28.2796 8.22591 2.74049
-24.8026 7.84291 4.39349
-23.1546 9.85891 1.52549
-26.0026 12.4589 1.57549
-26.0766 13.0229 5.38649

-22.4436 12.3599 6.52049
-19.8596 15.1419 5.83449
-17.0566 12.5139 6.28449
-17.8676 10.5099 3.10649
-15.8986 12.4909 0.485495

-16.0406 9.96691 -2.42751
-18.8006 7.79591 -3.90651
-17.3386 4.93391 -6.03651
-20.1946 4.02391 -8.40951
-20.7686 1.49591 -11.1975

-22.0806 3.39191 -14.2985
-24.5096 0.481908 -15.0075
-25.5726 -0.367092 -11.4105
-26.0596 3.22691 -10.0435
-27.7816 4.75591 -13.1765
-31.2426 4.28191 -11.4885
-33.2406 5.23791 -8.33751
-30.4736 7.00391 -6.34251
-30.0246 10.7759 -5.65751
-26.5716 12.3189 -4.94851
-27.4086 16.0539 -4.50251
-24.6986 16.3859 -1.74951
-21.9146 16.3209 -4.42251
-21.0306 19.1259 -6.91951

-18.5836 17.0489 -9.06151
-18.8926 13.8849 -11.2035
-15.7256 12.1179 -12.4885
-16.1026 9.48491 -15.2325

-12.9426 7.36191 -14.7885
-14.1516 5.34191 -17.8195
-16.1626 6.14491 -20.9675
-19.3556 4.17991 -21.7635
-20.4416 3.62591 -25.4305
-24.0876 4.59791 -24.6855

-24.6276 8.37491 -24.0375
-28.1006 7.82691 -22.4745
-26.3996 5.95991 -19.5545
-23.7806 8.75591 -19.1395
-26.6176 11.3839 -18.9855
-28.4976 9.14391 -16.4505
-25.3196 9.13691 -14.2705
-24.8456 12.9879 -14.5025

-28.5436 13.4629 -13.4845
-27.8696 11.6159 -10.2005
-26.2486 14.8959 -8.93551
-28.1806 17.4179 -11.0805
-31.5646 16.9249 -9.25651
-34.1046 19.0989 -7.37351
-32.1806 20.0409 -4.17651
-28.8726 20.8129 -5.99851
-27.6436 24.4129 -5.28451
-24.1216 24.3439 -6.89751
-23.0186 24.3069 -10.5835

-22.3966 20.6259 -11.4065
-18.9066 19.8049 -12.7385
-18.6446 16.7539 -15.0735
-15.0836 15.5019 -15.8145
-14.5796 12.8179 -18.5265
-11.1596 11.1229 -18.0185
-9.62661 10.1069 -21.4215

-6.23761 8.60691 -22.4435
-4.53661 9.12591 -25.8725
-3.43061 5.76091 -27.3965
-6.45361 3.78591 -25.9785
-10.1256 2.78591 -26.6045

-11.1376 6.36991 -25.5255
-9.81861 7.71391 -28.9095
-12.5986 5.70591 -30.7195
-15.2976 5.78291 -27.9855
-15.3336 9.59691 -27.5655
-16.1446 10.4389 -31.2795
-18.7296 7.55191 -31.2295
-20.4386 8.98891 -28.0855
-20.4256 12.5019 -29.7025
-22.1186 11.4189 -32.9845
-24.7196 9.49391 -30.8695
-25.5616 12.6289 -28.7505
-25.9216 14.6209 -32.0225
-28.3946 11.9759 -33.3875
-30.3166 12.2419 -30.0555
-30.3016 16.1059 -30.2195
-31.5286 16.1899 -33.8895

-34.4016 13.8679 -32.7725
-35.2016 16.4099 -29.9275
-34.1256 13.8089 -27.2835
-31.1056 15.7159 -25.8075
-29.9306 19.3309 -25.2355
-26.4726 17.8919 -24.5005
-23.9986 19.0279 -27.1455
-20.5586 17.3559 -26.6725
-18.6736 19.1619 -29.5615

-17.6676 22.2509 -27.4795
-15.6196 20.0619 -25.0365
-13.2726 18.7449 -27.8155
-12.4216 22.1419 -29.3745

-11.1566 23.1009 -25.8445
-8.67161 20.1279 -25.4215

End chain 1
