-13.201 -6.296 -53.957
-10.703 -3.406 -53.291
-9.54 -3.087 -49.639
-11.02 0.322 -48.639
-8.614 1.85 -46.053
-10.787 3.126 -43.162

-9.634 6.195 -41.181
-10.061 4.9 -37.589
-10.286 6.838 -34.306
-12.195 7.103 -30.979
-14.163 9.439 -28.711
-12.619 10.223 -25.263
-14.157 12.207 -22.344

-11.943 15.248 -21.466
-14.301 16.978 -18.949
-17.827 16.65 -17.399
-19.139 18.761 -20.353

-16.752 17.96 -23.312
-15.482 14.956 -25.281
-12.62 14.751 -27.824
-12.437 12.939 -31.204
-8.982 11.264 -31.393
-8.672 10.357 -35.1

-6.282 10.744 -38.079
-6.98 13.557 -40.6
-9.895 13.022 -43.051

-11.208 15.853 -45.293
-14.92 14.856 -45.011
-14.611 14.37 -41.226
-13.015 17.857 -40.827
-15.875 19.254 -42.999
-18.403 17.482 -40.669
-16.559 18.759 -37.515
-16.844 22.341 -38.957

-20.697 21.797 -39.029
-20.861 21.033 -35.24
-22.116 23.933 -33.104
-20.016 23.255 -29.939
-16.791 22.621 -31.971

-13.393 23.436 -30.391
-10.011 22.816 -32.063
-6.805 22.812 -29.99

-3.883 23.919 -32.209
-1.328 22.314 -29.773
-2.753 18.736 -29.691
-4.334 19.137 -33.217

-7.578 17.622 -31.79
-11.313 18.386 -31.995
-13.683 18.544 -28.991
-17.466 19.001 -28.65
-20.131 19.402 -25.91

-21.257 16.038 -24.476
-24.923 16.743 -25.497
-23.731 16.722 -29.178
-22.178 13.179 -28.839
-25.228 11.354 -30.322
-25.57 14.044 -33.093
-21.852 13.682 -34.021
-21.815 9.829 -34.037
-25.045 9.774 -36.128
-23.507 12.176 -38.75
-20.093 10.348 -38.803

-21.793 6.948 -39.527
-22.962 8.546 -42.834
-19.328 9.196 -43.991
-17.677 6.563 -46.261
-14.251 5.2 -45.121

-14.46 6.789 -41.562
-14.765 4.819 -38.279
-15.142 6.964 -35.114
-15.663 4.659 -32.101

-18.218 6.249 -29.657
-17.862 6.903 -25.912
-18.35 3.469 -24.195
-21.794 2.549 -22.772
-20.235 2.829 -19.255
-19.534 6.58 -19.812
-22.964 7.196 -21.431
-24.623 5.531 -18.378
-22.42 7.523 -15.909

-23.028 10.919 -17.654
-26.668 10.153 -18.714
-27.851 13.482 -17.123

-25.214 15.594 -18.963
-26 13.8 -22.296
-29.631 15.147 -21.909

-29.014 18.802 -20.797
-28.522 21.656 -23.337
-27.494 23.803 -20.296
-24.374 24.206 -18.108
-26.03 23.63 -14.722
-23.195 22.587 -12.38
-23.731 19.355 -10.334

-27.219 19.392 -8.694
-26.798 20.208 -4.988
-26.578 17.032 -2.906
-29.814 16.999 -0.82
-29.276 16.946 2.956
-30.305 13.551 4.343

-32.727 13.25 7.268
-30.389 11.851 9.975
-33.077 12.019 12.787
-33.159 8.159 12.923
-29.32 8.149 13.454
-27.82 8.306 16.969

-27.52 12.074 17.913
-23.991 11.509 19.371
-22.796 10.469 15.867
-24.731 13.185 13.93
-23.402 16.008 16.22
-19.738 14.82 15.861

-19.687 14.822 11.995
-17.445 17.587 10.586

-19.106 19.692 7.763
-17.231 17.783 4.996
-18.064 14.402 6.666
-21.796 15.407 6.677
-21.562 16.318 2.947
-19.943 12.855 2.346
-22.788 11.075 4.244
-25.363 13.084 2.191
-23.555 12.165 -1.104
-23.43 8.459 -0.115
-27.196 8.491 0.728
-28.024 10.343 -2.565

-25.973 7.645 -4.472
-28.214 5.048 -2.67
-25.512 3.7 -0.27

-23.352 2.353 -3.174
-19.956 4.118 -3.237
-16.209 4.012 -2.721
-15.295 6.541 0.021

-11.694 7.195 -1.128

-11.135 10.189 1.225
-7.504 10.605 2.377

-6.048 8.715 5.398
-7.361 9.956 8.784
-10.233 12.169 7.374
-12.706 9.981 9.408

-13.844 7.354 6.831
-15.012 5.081 9.734
-17.363 7.714 11.316
-18.876 8.506 7.854
-19.282 4.738 7.09
-21.02 4.042 10.461
-23.415 6.996 9.798
-24.247 5.855 6.195
-24.846 2.277 7.463
-26.955 3.52 10.461
-29.227 5.531 8.078

-29.9 2.058 6.507

-30.384 0.293 9.981
-33.886 -0.857 8.77
-32.05 -2.956 6.062
-29.626 -4.868 8.41
-27.981 -7.413 9.17

-24.774 -5.448 8.488
-21.551 -7.137 7.269
-18.235 -5.328 7.997
-15.132 -6.739 6.223
-11.829 -5.357 7.603

-8.05 -6.016 7.986
-7.416 -8.82 10.567
-5.856 -6.305 13.093
-8.689 -3.64 13.199

-11.758 -5.868 14.003
-11.895 -4.753 17.675
-11.154 -1.102 16.63
-14.365 -1.304 14.506
-16.414 -2.897 17.375
-15.268 -0.08 19.729
-16.109 2.476 16.969
-19.722 1.111 16.76
-20.082 1.14 20.611
-18.596 4.7 20.723
-20.823 6.195 17.978

-24.121 4.191 18.24
-24.851 3.95 22.056
-28.388 2.791 20.948
-26.764 -0.701 20.406
-26.03 -3.285 23.117

-22.632 -5.104 22.857
-24.638 -8.32 22.08
-25.78 -6.667 18.791

-22.091 -6.816 17.576
-20.505 -10.124 16.488
-16.681 -10.041 16.081

-15.702 -13.116 14.035
-12.316 -14.303 15.372
-12.201 -17.837 13.813
-13.405 -19.799 10.735
-15.769 -21.82 13.07
-17.788 -18.808 14.317
-21.352 -17.917 13.159
-21.075 -14.973 10.701
-24.816 -14.102 11.273
-24.919 -14.166 15.127
-25.108 -10.332 15.536
-27.08 -7.466 13.995

-23.588 -6.14 13.038
-21.065 -8.833 11.965
-17.336 -7.898 11.803
-15.009 -10.302 9.887
-11.529 -10.295 8.291

-10.658 -10.74 4.577
-8.757 -14.009 5.375
-11.833 -15.546 7.113
-14.3 -14.769 4.222

-12.926 -17.715 2.14
-13.287 -20.073 5.183
-16.843 -18.74 5.845
-18.014 -18.815 2.139
-20.731 -21.415 3.044
-22.243 -18.836 5.512
-21.955 -15.894 2.989
-25.071 -17.433 1.278
-27.188 -15.451 3.825
-28.094 -12.137 2.052
-26.367 -9.235 3.842
-28.236 -6.215 2.36

-25.704 -3.677 3.792
-21.936 -4.298 3.429
-19.007 -2.145 4.602
-15.517 -3.11 3.36

-12.662 -1.237 5.059
-9.341 -0.865 3.151

-11.066 -2.352 0.031
-7.765 -2.207 -1.968
-7.252 -5.742 -0.456
-9.774 -6.866 -3.176

-7.558 -5.436 -6.054
-6.861 -8.909 -7.611
-9.913 -10.983 -8.736
-7.994 -14.348 -8.638
-7.386 -14.116 -4.839

-9.551 -16.269 -2.508
-10.568 -13.122 -0.487
-11.832 -11.409 -3.693
-13.586 -14.593 -5.006
-15.461 -14.905 -1.648
-16.313 -11.137 -1.332
-17.465 -10.353 -4.925
-20.7 -12.523 -5.003
-21.961 -10.786 -1.799
-21.004 -7.272 -3.064
-22.893 -7.826 -6.386
-26.148 -8.927 -4.576

-26.072 -6.644 -1.465
-28.372 -3.542 -1.704

-25.826 -1.116 -0.104
-22.019 -1.347 -0.629
-19.769 1.077 1.29
-16.145 0.543 0.177
-13.427 2.479 2.088

-9.739 3.065 1.181
-6.998 5.712 1.573
-5.29 4.301 -1.537
-8.002 2.778 -3.832
-5.263 1.979 -6.345
-1.844 1.044 -4.877
0.179 1.273 -8.156
-1.96 0.815 -11.364

-5.486 1.412 -12.884
-6.145 -2.396 -13.101
-6.402 -2.518 -9.223
-9.619 -0.37 -9.379
-11.628 -2.846 -11.528
-12.904 -5.026 -8.614
-13.981 -1.892 -6.643
-15.738 -0.406 -9.758
-17.759 -3.638 -10.376
-18.545 -3.926 -6.614
-20.104 -0.383 -6.596

-21.607 -0.654 -10.172
-21.992 -4.37 -11.257
-23.172 -3.251 -14.78
-19.935 -1.29 -15.508
-17.337 -3.236 -17.592
-18.9 -6.785 -17.229
-15.576 -8.217 -18.571

-12.101 -7.019 -17.429
-10.719 -7.022 -21.032
-12.866 -3.967 -22.03
-11.565 -2.031 -18.959
-7.965 -3.199 -19.668
-8.028 -2.162 -23.384
-9.238 1.366 -22.43
-7.403 2.18 -19.142

-4.51 -0.351 -18.764
-2.851 0.132 -22.242
-3.499 -3.577 -22.858

-0.922 -5.224 -25.189
-1.171 -8.572 -27.031
2.109 -10.415 -26.274

3.105 -13.897 -27.702
2.055 -15.464 -24.315

-1.301 -13.571 -23.908
-2.465 -10.088 -22.814
-0.375 -7.663 -20.732

-2.386 -5.192 -18.538
0.545 -3.576 -16.579
0.214 -0.249 -18.472
-2.005 2.838 -18.126
-4.133 4.898 -20.565
-6.888 7.593 -20.643

-6.428 8.31 -16.868
-8.259 11.708 -16.967
-11.359 9.932 -18.424
-11.034 7.218 -15.72
-10.853 9.986 -13.027
-14.061 11.624 -14.396
-15.894 8.229 -14.505
-14.782 7.406 -10.918
-15.841 10.804 -9.431
-19.243 10.854 -11.244
-20.42 7.245 -10.709

-18.189 5.243 -8.243

-16.056 7.301 -5.859
-16.114 10.195 -3.388

-14.2237 13.1968 -4.85981
-12.2913 16.2451 -6.33438
-10.1614 19.1899 -7.53689

-12.0446 22.4625 -7.10508
-9.71483 23.5457 -4.30472
-6.65439 22.7792 -6.42348
-8.04162 24.7967 -9.3301

-5.23062 25.2917 -6.7081
-3.26962 28.5267 -7.5391
-1.85562 28.2897 -3.9391
0.149376 25.0217 -4.3551

3.94838 25.7157 -4.3701
5.70138 24.9817 -7.6941

7.35738 21.6117 -8.4371
10.9734 22.4597 -9.4151
12.5104 19.5697 -11.4171
16.1894 19.0717 -12.3641
18.5514 16.4627 -13.7661
21.5924 15.7677 -11.5251
24.4114 14.2137 -13.5801

26.1914 12.0127 -10.9891
29.9064 11.8317 -11.7991

30.8904 8.60067 -13.7221
34.5054 9.07167 -12.3941
33.4674 6.87967 -9.3721

32.4264 4.09067 -11.8571
35.5644 1.90967 -11.7911

37.0704 0.636672 -15.0891
35.7584 -2.98133 -14.5481
32.1364 -1.78333 -13.9971
32.4134 0.546672 -17.0581
33.8424 -2.29833 -19.2101
30.9044 -4.51533 -18.0251
28.3584 -1.78033 -19.0231
30.1554 -1.38233 -22.4131
30.0684 -5.20833 -22.8441
26.2954 -5.51733 -22.0961
25.6074 -2.46533 -24.3641
27.5624 -4.14133 -27.2511
25.7884 -7.45433 -26.4601
22.2914 -5.90233 -27.0441
23.3824 -4.57133 -30.5151

24.8624 -7.90133 -31.7671
23.0324 -8.99933 -34.9721
23.1734 -12.7793 -34.4371
21.3024 -12.9403 -31.0521
17.7294 -14.1683 -30.5451

14.9334 -11.7813 -29.3911
15.2524 -13.4433 -25.9281
19.0744 -12.9843 -25.6391
18.5234 -9.28233 -26.6101
15.9344 -8.92933 -23.7351
18.3024 -10.7493 -21.2981
21.2514 -8.45733 -22.2551
18.9004 -5.41933 -21.7991
17.8854 -6.62133 -18.2751
21.6004 -7.20233 -17.4681
22.5704 -3.68133 -18.7401
19.7434 -2.14233 -16.6251
20.6984 -4.09133 -13.4271
24.4314 -3.17433 -13.9941
23.3814 0.515672 -14.3541
21.7304 0.326672 -10.8941
24.8904 -1.25433 -9.3251
27.1904 1.30667 -11.0531
25.1914 4.28067 -9.6071
25.1384 3.08467 -5.9091
28.4254 4.83767 -4.7721
27.4884 8.27067 -6.2441
23.8034 7.91567 -5.2041
25.1444 7.36767 -1.6331
27.6164 10.3107 -2.0201
24.6894 12.5617 -3.1031
22.3774 11.4097 -0.213096
25.1824 12.1777 2.2979
25.8364 15.6277 0.672904
22.0874 16.4247 1.1489
22.2144 15.4137 4.8739
25.5394 17.2787 5.4639

23.8814 20.3577 3.7809
21.4014 20.3427 6.7549
18.2324 19.0457 4.9639
15.5384 18.0927 7.4919
13.2854 15.7437 5.3679

13.5044 14.1487 1.8869
12.3364 11.0727 -0.0840958
14.7064 8.71067 -1.9591
13.1204 6.64367 -4.7631
14.7414 3.48867 -6.2341

13.3594 0.187672 -7.7111
16.2374 -2.35633 -7.6561

16.3684 -4.04033 -4.2031
20.2314 -3.83833 -4.1451
20.0014 0.0186722 -4.3871
17.3984 0.203672 -1.5431
19.5594 -2.23133 0.542904
22.8244 -0.249328 -0.0110958
21.1474 3.12967 0.834904
19.5944 1.70067 4.0739
22.9304 0.0676722 5.1039
24.8724 3.37067 4.6839
22.1864 5.38367 6.5919
22.4044 2.79267 9.4569
26.2664 3.01667 9.3419

25.9784 6.87167 9.5979
23.3104 6.43967 12.3989
20.7324 8.39967 10.2969
17.1284 7.71267 11.3659

15.1254 6.72167 8.2549
12.0404 4.75367 7.0889
11.9624 2.03667 4.3729
8.96038 0.935672 2.2289

9.22638 -1.78633 -0.469096
7.39338 -4.88233 -1.8831
7.97138 -6.79933 1.4259
6.53738 -4.05033 3.7419
3.02438 -5.05533 4.9309
-0.138624 -2.95933 4.2749
-0.511624 -1.85133 7.9629

3.24638 -1.20933 8.5499
3.23738 1.01567 5.3829
0.676376 3.34767 7.0469
2.52538 3.29267 10.4309
5.96138 4.08067 8.8229
4.22038 6.84967 6.7999
2.88638 8.33767 10.0999
6.36338 7.95467 11.7529
8.01138 9.97067 8.8849
5.16338 12.5707 8.9349
5.08938 13.1347 12.7459

8.72238 12.4717 13.8799
11.3064 15.2537 13.1939
14.1094 12.6257 13.6439
13.2984 10.6217 10.4659
15.2674 12.6027 7.8449

15.1254 10.0787 4.9319
12.3654 7.90767 3.4529
13.8274 5.04567 1.3229
10.9714 4.13567 -1.0501
10.3974 1.60767 -3.8381

9.08538 3.50367 -6.9391
6.65638 0.593672 -7.6481
5.59338 -0.255328 -4.0511
5.10638 3.33867 -2.6841
3.38438 4.86767 -5.8171
-0.0766239 4.39367 -4.1291
-2.07462 5.34967 -0.978096
0.692376 7.11567 1.0169
1.14138 10.8877 1.7019
4.59438 12.4307 2.4109
3.75738 16.1657 2.8569
6.46738 16.4977 5.6099
9.25138 16.4327 2.9369
10.1354 19.2377 0.439904

12.5824 17.1607 -1.7021
12.2734 13.9967 -3.8441
15.4404 12.2297 -5.1291
15.0634 9.59667 -7.8731

18.2234 7.47367 -7.4291
17.0144 5.45367 -10.4601
15.0034 6.25667 -13.6081
11.8104 4.29167 -14.4041
10.7244 3.73767 -18.0711
7.07838 4.70967 -17.3261

6.53838 8.48667 -16.6781
3.06538 7.93867 -15.1151
4.76638 6.07167 -12.1951
7.38538 8.86767 -11.7801
4.54838 11.4957 -11.6261
2.66838 9.25567 -9.0911
5.84638 9.24867 -6.9111
6.32038 13.0997 -7.1431

2.62238 13.5747 -6.1251
3.29638 11.7277 -2.8411
4.91738 15.0077 -1.5761
2.98538 17.5297 -3.7211
-0.398624 17.0367 -1.8971
-2.93862 19.2107 -0.0140958
-1.01462 20.1527 3.1829
2.29338 20.9247 1.3609
3.52238 24.5247 2.0749
7.04438 24.4557 0.461904
8.14738 24.4187 -3.2241

8.76938 20.7377 -4.0471
12.2594 19.9167 -5.3791
12.5214 16.8657 -7.7141
16.0824 15.6137 -8.4551
16.5864 12.9297 -11.1671
20.0064 11.2347 -10.6591
21.5394 10.2187 -14.0621

24.9284 8.71867 -15.0841
26.6294 9.23767 -18.5131
27.7354 5.87267 -20.0371
24.7124 3.89767 -18.6191
21.0404 2.89767 -19.2451

20.0284 6.48167 -18.1661
21.3474 7.82567 -21.5501
18.5674 5.81767 -23.3601
15.8684 5.89467 -20.6261
15.8324 9.70867 -20.2061
15.0214 10.5507 -23.9201
12.4364 7.66367 -23.8701
10.7274 9.10067 -20.7261
10.7404 12.6137 -22.3431
9.04738 11.5307 -25.6251
6.44638 9.60567 -23.5101
5.60438 12.7407 -21.3911
5.24438 14.7327 -24.6631
2.77138 12.0877 -26.0281
0.849376 12.3537 -22.6961
0.864376 16.2177 -22.8601
-0.362624 16.3017 -26.5301

-3.23562 13.9797 -25.4131
-4.03562 16.5217 -22.5681
-2.95962 13.9207 -19.9241
0.0603761 15.8277 -18.4481
1.23538 19.4427 -17.8761
4.69338 18.0037 -17.1411
7.16738 19.1397 -19.7861
10.6074 17.4677 -19.3131
12.4924 19.2737 -22.2021

13.4984 22.3627 -20.1201
15.5464 20.1737 -17.6771
17.8934 18.8567 -20.4561
18.7444 22.2537 -22.0151

20.0094 23.2127 -18.4851
22.4944 20.2397 -18.0621

End chain 1
