-13.201 -6.296 -53.957
-10.703 -3.406 -53.291
-9.54 -3.087 -49.639
-11.02 0.322 -48.639
-8.614 1.85 -46.053
-10.787 3.126 -43.162

-9.634 6.195 -41.181
-10.061 4.9 -37.589
-10.286 6.838 -34.306
-12.195 7.103 -30.979
-14.163 9.439 -28.711
-12.619 10.223 -25.263
-14.157 12.207 -22.344

-11.943 15.248 -21.466
-14.301 16.978 -18.949
-17.827 16.65 -17.399
-19.139 18.761 -20.353

-16.752 17.96 -23.312
-15.482 14.956 -25.281
-12.62 14.751 -27.824
-12.437 12.939 -31.204
-8.982 11.264 -31.393
-8.672 10.357 -35.1

-6.282 10.744 -38.079
-6.98 13.557 -40.6
-9.895 13.022 -43.051

-11.208 15.853 -45.293
-14.92 14.856 -45.011
-14.611 14.37 -41.226
-13.015 17.857 -40.827
-15.875 19.254 -42.999
-18.403 17.482 -40.669
-16.559 18.759 -37.515
-16.844 22.341 -38.957

-20.697 21.797 -39.029
-20.861 21.033 -35.24
-22.116 23.933 -33.104
-20.016 23.255 -29.939
-16.791 22.621 -31.971

-13.393 23.436 -30.391
-10.011 22.816 -32.063
-6.805 22.812 -29.99

-3.883 23.919 -32.209
-1.328 22.314 -29.773
-2.753 18.736 -29.691
-4.334 19.137 -33.217

-7.578 17.622 -31.79
-11.313 18.386 -31.995
-13.683 18.544 -28.991
-17.466 19.001 -28.65
-20.131 19.402 -25.91

-21.257 16.038 -24.476
-24.923 16.743 -25.497
-23.731 16.722 -29.178
-22.178 13.179 -28.839
-25.228 11.354 -30.322
-25.57 14.044 -33.093
-21.852 13.682 -34.021
-21.815 9.829 -34.037
-25.045 9.774 -36.128
-23.507 12.176 -38.75
-20.093 10.348 -38.803

-21.793 6.948 -39.527
-22.962 8.546 -42.834
-19.328 9.196 -43.991
-17.677 6.563 -46.261
-14.251 5.2 -45.121

-14.46 6.789 -41.562
-14.765 4.819 -38.279
-15.142 6.964 -35.114
-15.663 4.659 -32.101

-18.218 6.249 -29.657
-17.862 6.903 -25.912
-18.35 3.469 -24.195
-21.794 2.549 -22.772
-20.235 2.829 -19.255
-19.534 6.58 -19.812
-22.964 7.196 -21.431
-24.623 5.531 -18.378
-22.42 7.523 -15.909

-23.028 10.919 -17.654
-26.668 10.153 -18.714
-27.851 13.482 -17.123

-25.214 15.594 -18.963
-26 13.8 -22.296
-29.631 15.147 -21.909

-29.014 18.802 -20.797
-28.522 21.656 -23.337
-27.494 23.803 -20.296
-24.374 24.206 -18.108
-26.03 23.63 -14.722
-23.195 22.587 -12.38
-23.731 19.355 -10.334

-27.219 19.392 -8.694
-26.798 20.208 -4.988
-26.578 17.032 -2.906
-29.814 16.999 -0.82
-29.276 16.946 2.956
-30.305 13.551 4.343

-32.727 13.25 7.268
-30.389 11.851 9.975
-33.077 12.019 12.787
-33.159 8.159 12.923
-29.32 8.149 13.454
-27.82 8.306 16.969

-27.52 12.074 17.913
-23.991 11.509 19.371
-22.796 10.469 15.867
-24.731 13.185 13.93
-23.402 16.008 16.22
-19.738 14.82 15.861

-19.687 14.822 11.995
-17.445 17.587 10.586

-19.106 19.692 7.763
-17.231 17.783 4.996
-18.064 14.402 6.666
-21.796 15.407 6.677
-21.562 16.318 2.947
-19.943 12.855 2.346
-22.788 11.075 4.244
-25.363 13.084 2.191
-23.555 12.165 -1.104
-23.43 8.459 -0.115
-27.196 8.491 0.728
-28.024 10.343 -2.565

-25.973 7.645 -4.472
-28.214 5.048 -2.67
-25.512 3.7 -0.27

-23.352 2.353 -3.174
-19.956 4.118 -3.237
-16.209 4.012 -2.721
-15.295 6.541 0.021

-11.694 7.195 -1.128

-11.135 10.189 1.225
-7.504 10.605 2.377

-6.048 8.715 5.398
-7.361 9.956 8.784
-10.233 12.169 7.374
-12.706 9.981 9.408

-13.844 7.354 6.831
-15.012 5.081 9.734
-17.363 7.714 11.316
-18.876 8.506 7.854
-19.282 4.738 7.09
-21.02 4.042 10.461
-23.415 6.996 9.798
-24.247 5.855 6.195
-24.846 2.277 7.463
-26.955 3.52 10.461
-29.227 5.531 8.078

-29.9 2.058 6.507

-30.384 0.293 9.981
-33.886 -0.857 8.77
-32.05 -2.956 6.062
-29.626 -4.868 8.41
-27.981 -7.413 9.17

-24.774 -5.448 8.488
-21.551 -7.137 7.269
-18.235 -5.328 7.997
-15.132 -6.739 6.223
-11.829 -5.357 7.603

-8.05 -6.016 7.986
-7.416 -8.82 10.567
-5.856 -6.305 13.093
-8.689 -3.64 13.199

-11.758 -5.868 14.003
-11.895 -4.753 17.675
-11.154 -1.102 16.63
-14.365 -1.304 14.506
-16.414 -2.897 17.375
-15.268 -0.08 19.729
-16.109 2.476 16.969
-19.722 1.111 16.76
-20.082 1.14 20.611
-18.596 4.7 20.723
-20.823 6.195 17.978

-24.121 4.191 18.24
-24.851 3.95 22.056
-28.388 2.791 20.948
-26.764 -0.701 20.406
-26.03 -3.285 23.117

-22.632 -5.104 22.857
-24.638 -8.32 22.08
-25.78 -6.667 18.791

-22.091 -6.816 17.576
-20.505 -10.124 16.488
-16.681 -10.041 16.081

-15.702 -13.116 14.035
-12.316 -14.303 15.372
-12.201 -17.837 13.813
-13.405 -19.799 10.735
-15.769 -21.82 13.07
-17.788 -18.808 14.317
-21.352 -17.917 13.159
-21.075 -14.973 10.701
-24.816 -14.102 11.273
-24.919 -14.166 15.127
-25.108 -10.332 15.536
-27.08 -7.466 13.995

-23.588 -6.14 13.038
-21.065 -8.833 11.965
-17.336 -7.898 11.803
-15.009 -10.302 9.887
-11.529 -10.295 8.291

-10.658 -10.74 4.577
-8.757 -14.009 5.375
-11.833 -15.546 7.113
-14.3 -14.769 4.222

-12.926 -17.715 2.14
-13.287 -20.073 5.183
-16.843 -18.74 5.845
-18.014 -18.815 2.139
-20.731 -21.415 3.044
-22.243 -18.836 5.512
-21.955 -15.894 2.989
-25.071 -17.433 1.278
-27.188 -15.451 3.825
-28.094 -12.137 2.052
-26.367 -9.235 3.842
-28.236 -6.215 2.36

-25.704 -3.677 3.792
-21.936 -4.298 3.429
-19.007 -2.145 4.602
-15.517 -3.11 3.36

-12.662 -1.237 5.059
-9.341 -0.865 3.151

-11.066 -2.352 0.031
-7.765 -2.207 -1.968
-7.252 -5.742 -0.456
-9.774 -6.866 -3.176

-7.558 -5.436 -6.054
-6.861 -8.909 -7.611
-9.913 -10.983 -8.736
-7.994 -14.348 -8.638
-7.386 -14.116 -4.839

-9.551 -16.269 -2.508
-10.568 -13.122 -0.487
-11.832 -11.409 -3.693
-13.586 -14.593 -5.006
-15.461 -14.905 -1.648
-16.313 -11.137 -1.332
-17.465 -10.353 -4.925
-20.7 -12.523 -5.003
-21.961 -10.786 -1.799
-21.004 -7.272 -3.064
-22.893 -7.826 -6.386
-26.148 -8.927 -4.576

-26.072 -6.644 -1.465
-28.372 -3.542 -1.704

-25.826 -1.116 -0.104
-22.019 -1.347 -0.629
-19.769 1.077 1.29
-16.145 0.543 0.177
-13.427 2.479 2.088

-9.739 3.065 1.181
-6.998 5.712 1.573
-5.29 4.301 -1.537
-8.002 2.778 -3.832
-5.263 1.979 -6.345
-1.844 1.044 -4.877
0.179 1.273 -8.156
-1.96 0.815 -11.364

-5.486 1.412 -12.884
-6.145 -2.396 -13.101
-6.402 -2.518 -9.223
-9.619 -0.37 -9.379
-11.628 -2.846 -11.528
-12.904 -5.026 -8.614
-13.981 -1.892 -6.643
-15.738 -0.406 -9.758
-17.759 -3.638 -10.376
-18.545 -3.926 -6.614
-20.104 -0.383 -6.596

-21.607 -0.654 -10.172
-21.992 -4.37 -11.257
-23.172 -3.251 -14.78
-19.935 -1.29 -15.508
-17.337 -3.236 -17.592
-18.9 -6.785 -17.229
-15.576 -8.217 -18.571

-12.101 -7.019 -17.429
-10.719 -7.022 -21.032
-12.866 -3.967 -22.03
-11.565 -2.031 -18.959
-7.965 -3.199 -19.668
-8.028 -2.162 -23.384
-9.238 1.366 -22.43
-7.403 2.18 -19.142

-4.51 -0.351 -18.764
-2.851 0.132 -22.242
-3.499 -3.577 -22.858

-0.922 -5.224 -25.189
-1.171 -8.572 -27.031
2.109 -10.415 -26.274

3.105 -13.897 -27.702
2.055 -15.464 -24.315

-1.301 -13.571 -23.908
-2.465 -10.088 -22.814
-0.375 -7.663 -20.732

-2.386 -5.192 -18.538
0.545 -3.576 -16.579
0.214 -0.249 -18.472
-2.005 2.838 -18.126
-4.133 4.898 -20.565
-6.888 7.593 -20.643

-6.428 8.31 -16.868
-8.259 11.708 -16.967
-11.359 9.932 -18.424
-11.034 7.218 -15.72
-10.853 9.986 -13.027
-14.061 11.624 -14.396
-15.894 8.229 -14.505
-14.782 7.406 -10.918
-15.841 10.804 -9.431
-19.243 10.854 -11.244
-20.42 7.245 -10.709

-18.189 5.243 -8.243

-16.056 7.301 -5.859
-16.114 10.195 -3.388

-12.511 11.437 -2.855
-11.204 14.438 -0.866
-7.629 15.273 0.108

-6.103 16.757 3.336
-5.492 19.961 1.314
-9.247 20.21 0.414
-10.687 19.84 3.974

-7.876 20.335 6.596
-5.915 23.57 5.765
-4.501 23.333 9.365
-2.496 20.065 8.949

1.303 20.759 8.934
3.056 20.025 5.61

4.712 16.655 4.867
8.328 17.503 3.889
9.865 14.613 1.887
13.544 14.115 0.94
15.906 11.506 -0.462
18.947 10.811 1.779
21.766 9.257 -0.276

23.546 7.056 2.315
27.261 6.875 1.505

28.245 3.644 -0.418
31.86 4.115 0.91
30.822 1.923 3.932

29.781 -0.866 1.447
32.919 -3.047 1.513

34.425 -4.32 -1.785
33.113 -7.938 -1.244
29.491 -6.74 -0.693
29.768 -4.41 -3.754
31.197 -7.255 -5.906
28.259 -9.472 -4.721
25.713 -6.737 -5.719
27.51 -6.339 -9.109
27.423 -10.165 -9.54
23.65 -10.474 -8.792
22.962 -7.422 -11.06
24.917 -9.098 -13.947
23.143 -12.411 -13.156
19.646 -10.859 -13.74
20.737 -9.528 -17.211

23.3098 -12.1096 -18.4714
24.0276 -15.6235 -19.8488
24.1373 -19.2404 -20.6482
25.256 -20.9895 -23.8027
27.3367 -17.926 -22.7445

29.039 -17.1454 -19.4375
28.8329 -20.7844 -18.3616
30.3509 -21.9427 -21.6475
33.2232 -19.4784 -21.3008
33.9363 -20.659 -17.7595
33.9889 -24.2909 -18.8774
36.4129 -23.4902 -21.6927
38.7354 -21.6626 -19.3034
38.7191 -24.5976 -16.8891
39.5559 -27.0291 -19.6874
42.4574 -24.8598 -20.8357
43.8423 -24.6724 -17.3017
43.6498 -28.4489 -16.9222
45.4808 -28.9698 -20.2114
48.2389 -26.5729 -19.1672
48.6757 -28.3692 -15.8467
48.9312 -31.7358 -17.5912
51.5664 -30.4047 -19.9843
53.6181 -29.0128 -17.1041
53.4777 -32.3382 -15.2697
54.6251 -34.2085 -18.3726
57.5509 -31.8291 -18.8432
58.6173 -32.2704 -15.2223
58.503 -36.055 -15.5485
60.6273 -35.9446 -18.6978
63.2131 -33.7425 -16.9928
63.4119 -36.1075 -14.0246
63.9162 -39.0967 -16.3166
66.7094 -37.3181 -18.1815
68.4615 -36.4474 -14.9235
68.2594 -40.0527 -13.7387
69.7262 -41.3119 -17.0107

68.0682 -38.2329 -18.6937
65.5882 -38.2479 -15.7197
62.4192 -39.5449 -17.5107
59.7252 -40.4979 -14.9827
57.4722 -42.8469 -17.1067

57.6912 -44.4419 -20.5877
56.5232 -47.5179 -22.5587
58.8932 -49.8799 -24.4337
57.3072 -51.9469 -27.2377
58.9282 -55.1019 -28.7087

57.5462 -58.4029 -30.1857
60.4242 -60.9469 -30.1307

60.5552 -62.6309 -26.6777
64.4182 -62.4289 -26.6197
64.1882 -58.5719 -26.8617
61.5852 -58.3869 -24.0177
63.7462 -60.8219 -21.9317
67.0112 -58.8399 -22.4857
65.3342 -55.4609 -21.6397
63.7812 -56.8899 -18.4007
67.1172 -58.5229 -17.3707
69.0592 -55.2199 -17.7907
66.3732 -53.2069 -15.8827
66.5912 -55.7979 -13.0177
70.4532 -55.5739 -13.1327

70.1652 -51.7189 -12.8767
67.4972 -52.1509 -10.0757
64.9192 -50.1909 -12.1777
61.3152 -50.8779 -11.1087

59.3122 -51.8689 -14.2197
56.2272 -53.8369 -15.3857
56.1492 -56.5539 -18.1017
53.1472 -57.6549 -20.2457

53.4132 -60.3769 -22.9437
51.5802 -63.4729 -24.3577
52.1582 -65.3899 -21.0487
50.7242 -62.6409 -18.7327
47.2112 -63.6459 -17.5437
44.0482 -61.5499 -18.1997
43.6752 -60.4419 -14.5117

47.4332 -59.7999 -13.9247
47.4242 -57.5749 -17.0917
44.8632 -55.2429 -15.4277
46.7122 -55.2979 -12.0437
50.1482 -54.5099 -13.6517
48.4072 -51.7409 -15.6747
47.0732 -50.2529 -12.3747
50.5502 -50.6359 -10.7217
52.1982 -48.6199 -13.5897
49.3502 -46.0199 -13.5397
49.2762 -45.4559 -9.7287

52.9092 -46.1189 -8.5947
55.4932 -43.3369 -9.2807
58.2962 -45.9649 -8.8307
57.4852 -47.9689 -12.0087
59.4542 -45.9879 -14.6297

59.3122 -48.5119 -17.5427
56.5522 -50.6829 -19.0217
58.0142 -53.5449 -21.1517
55.1582 -54.4549 -23.5247
54.5842 -56.9829 -26.3127

53.2722 -55.0869 -29.4137
50.8432 -57.9969 -30.1227
49.7802 -58.8459 -26.5257
49.2932 -55.2519 -25.1587
47.5712 -53.7229 -28.2917
44.1102 -54.1969 -26.6037
42.1122 -53.2409 -23.4527
44.8792 -51.4749 -21.4577
45.3282 -47.7029 -20.7727
48.7812 -46.1599 -20.0637
47.9442 -42.4249 -19.6177
50.6542 -42.0929 -16.8647
53.4382 -42.1579 -19.5377
54.3222 -39.3529 -22.0347

56.7692 -41.4299 -24.1767
56.4602 -44.5939 -26.3187
59.6272 -46.3609 -27.6037
59.2502 -48.9939 -30.3477

62.4102 -51.1169 -29.9037
61.2012 -53.1369 -32.9347
59.1902 -52.3339 -36.0827
55.9972 -54.2989 -36.8787
54.9112 -54.8529 -40.5457
51.2652 -53.8809 -39.8007

50.7252 -50.1039 -39.1527
47.2522 -50.6519 -37.5897
48.9532 -52.5189 -34.6697
51.5722 -49.7229 -34.2547
48.7352 -47.0949 -34.1007
46.8552 -49.3349 -31.5657
50.0332 -49.3419 -29.3857
50.5072 -45.4909 -29.6177

46.8092 -45.0159 -28.5997
47.4832 -46.8629 -25.3157
49.1042 -43.5829 -24.0507
47.1722 -41.0609 -26.1957
43.7882 -41.5539 -24.3717
41.2482 -39.3799 -22.4887
43.1722 -38.4379 -19.2917
46.4802 -37.6659 -21.1137
47.7092 -34.0659 -20.3997
51.2312 -34.1349 -22.0127
52.3342 -34.1719 -25.6987

52.9562 -37.8529 -26.5217
56.4462 -38.6739 -27.8537
56.7082 -41.7249 -30.1887
60.2692 -42.9769 -30.9297
60.7732 -45.6609 -33.6417
64.1932 -47.3559 -33.1337
65.7262 -48.3719 -36.5367

69.1152 -49.8719 -37.5587
70.8162 -49.3529 -40.9877
71.9222 -52.7179 -42.5117
68.8992 -54.6929 -41.0937
65.2272 -55.6929 -41.7197

64.2152 -52.1089 -40.6407
65.5342 -50.7649 -44.0247
62.7542 -52.7729 -45.8347
60.0552 -52.6959 -43.1007
60.0192 -48.8819 -42.6807
59.2082 -48.0399 -46.3947
56.6232 -50.9269 -46.3447
54.9142 -49.4899 -43.2007
54.9272 -45.9769 -44.8177
53.2342 -47.0599 -48.0997
50.6332 -48.9849 -45.9847
49.7912 -45.8499 -43.8657
49.4312 -43.8579 -47.1377
46.9582 -46.5029 -48.5027
45.0362 -46.2369 -45.1707
45.0512 -42.3729 -45.3347
43.8242 -42.2889 -49.0047

40.9512 -44.6109 -47.8877
40.1512 -42.0689 -45.0427
41.2272 -44.6699 -42.3987
44.2472 -42.7629 -40.9227
45.4222 -39.1479 -40.3507
48.8802 -40.5869 -39.6157
51.3542 -39.4509 -42.2607
54.7942 -41.1229 -41.7877
56.6792 -39.3169 -44.6767

57.6852 -36.2279 -42.5947
59.7332 -38.4169 -40.1517
62.0802 -39.7339 -42.9307
62.9312 -36.3369 -44.4897

64.1962 -35.3779 -40.9597
66.6812 -38.3509 -40.5367

End chain 1
