-13.201 -6.296 -53.957
-10.703 -3.406 -53.291
-9.54 -3.087 -49.639
-11.02 0.322 -48.639
-8.614 1.85 -46.053
-10.787 3.126 -43.162

-9.634 6.195 -41.181
-10.061 4.9 -37.589
-10.286 6.838 -34.306
-12.195 7.103 -30.979
-14.163 9.439 -28.711
-12.619 10.223 -25.263
-14.157 12.207 -22.344

-11.943 15.248 -21.466
-14.301 16.978 -18.949
-17.827 16.65 -17.399
-19.139 18.761 -20.353

-16.752 17.96 -23.312
-15.482 14.956 -25.281
-12.62 14.751 -27.824
-12.437 12.939 -31.204
-8.982 11.264 -31.393
-8.672 10.357 -35.1

-7.40923 7.67639 -37.4259
-7.72869 4.05892 -38.7762
-7.77434 0.399733 -39.7753

-5.32221 0.698747 -42.6633
-2.55374 -0.895105 -40.6046
-4.80966 -3.79727 -39.6397
-5.76741 -4.38617 -43.2699
-2.11791 -4.41008 -44.3299
-1.24706 -6.92882 -41.6206
-4.09058 -9.21086 -42.6927
-2.96189 -9.07414 -46.3191

-6.81489 -9.61814 -46.3911
-6.97889 -10.3821 -42.6021
-8.23389 -7.48214 -40.4661
-6.13389 -8.16014 -37.3011
-2.90889 -8.79414 -39.3331

0.489111 -7.97914 -37.7531
3.87111 -8.59914 -39.4251
7.07711 -8.60314 -37.3521

9.99911 -7.49614 -39.5711
12.5541 -9.10114 -37.1351
11.1291 -12.6791 -37.0531
9.54811 -12.2781 -40.5791

6.30411 -13.7931 -39.1521
2.56911 -13.0291 -39.3571
0.199111 -12.8711 -36.3531
-3.58389 -12.4141 -36.0121
-6.24889 -12.0131 -33.2721

-7.37489 -15.3771 -31.8381
-11.0409 -14.6721 -32.8591
-9.84889 -14.6931 -36.5401
-8.29589 -18.2361 -36.2011
-11.3459 -20.0611 -37.6841
-11.6879 -17.3711 -40.4551
-7.96989 -17.7331 -41.3831
-7.93289 -21.5861 -41.3991
-11.1629 -21.6411 -43.4901
-9.62489 -19.2391 -46.1121
-6.21089 -21.0671 -46.1651

-7.91089 -24.4671 -46.8891
-9.07989 -22.8691 -50.1961
-5.44589 -22.2191 -51.3531
-3.79489 -24.8521 -53.6231
-0.368889 -26.2151 -52.4831

-0.577889 -24.6261 -48.9241
-0.882889 -26.5961 -45.6411
-1.25989 -24.4511 -42.4761
-1.78089 -26.7561 -39.4631

-4.33589 -25.1661 -37.0191
-3.97989 -24.5121 -33.2741
-4.46789 -27.9461 -31.5571
-7.91189 -28.8661 -30.1341
-6.35289 -28.5861 -26.6171
-5.65189 -24.8351 -27.1741
-9.08189 -24.2191 -28.7931
-10.7409 -25.8841 -25.7401
-8.53789 -23.8921 -23.2711

-9.14589 -20.4961 -25.0161
-12.7859 -21.2621 -26.0761
-13.9689 -17.9331 -24.4851

-11.3319 -15.8211 -26.3251
-12.1179 -17.6151 -29.6581
-15.7489 -16.2681 -29.2711

-15.1319 -12.6131 -28.1591
-14.6399 -9.75914 -30.6991
-13.6119 -7.61214 -27.6581
-10.4919 -7.20914 -25.4701
-12.1479 -7.78514 -22.0841
-9.31289 -8.82814 -19.7421
-9.84889 -12.0601 -17.6961

-13.3369 -12.0231 -16.0561
-12.9159 -11.2071 -12.3501
-12.6959 -14.3831 -10.2681
-15.9319 -14.4161 -8.18207
-15.3939 -14.4691 -4.40607
-16.4229 -17.8641 -3.01907

-18.8449 -18.1651 -0.0940731
-16.5069 -19.5641 2.61293
-19.1949 -19.3961 5.42493
-19.2769 -23.2561 5.56093
-15.4379 -23.2661 6.09193
-13.9379 -23.1091 9.60693

-13.6379 -19.3411 10.5509
-10.1089 -19.9061 12.0089
-8.91389 -20.9461 8.50493
-10.8489 -18.2301 6.56793
-9.51989 -15.4071 8.85793
-5.85589 -16.5951 8.49893

-5.80489 -16.5931 4.63293
-3.56289 -13.8281 3.22393

-5.22389 -11.7231 0.400927
-3.34889 -13.6321 -2.36607
-4.18189 -17.0131 -0.696073
-7.91389 -16.0081 -0.685073
-7.67989 -15.0971 -4.41507
-6.06089 -18.5601 -5.01607
-8.90589 -20.3401 -3.11807
-11.4809 -18.3311 -5.17107
-9.67289 -19.2501 -8.46607
-9.54789 -22.9561 -7.47707
-13.3139 -22.9241 -6.63407
-14.1419 -21.0721 -9.92707

-12.0909 -23.7701 -11.8341
-14.3319 -26.3671 -10.0321
-11.6299 -27.7151 -7.63207

-9.46989 -29.0621 -10.5361
-6.07389 -27.2971 -10.5991
-2.32689 -27.4031 -10.0831
-1.41289 -24.8741 -7.34107

2.18811 -24.2201 -8.49007

2.74711 -21.2261 -6.13707
6.37811 -20.8101 -4.98507

7.83411 -22.7001 -1.96407
6.52111 -21.4591 1.42193
3.64911 -19.2461 0.0119269
1.17611 -21.4341 2.04593

0.0381106 -24.0611 -0.531073
-1.12989 -26.3341 2.37193
-3.48089 -23.7011 3.95393
-4.99389 -22.9091 0.491927
-5.39989 -26.6771 -0.272073
-7.13789 -27.3731 3.09893
-9.53289 -24.4191 2.43593
-10.3649 -25.5601 -1.16707
-10.9639 -29.1381 0.100927
-13.0729 -27.8951 3.09893
-15.3449 -25.8841 0.715927

-16.0179 -29.3571 -0.855073

-16.5019 -31.1221 2.61893
-20.0039 -32.2721 1.40793
-18.1679 -34.3711 -1.30007
-15.7439 -36.2831 1.04793
-14.0989 -38.8281 1.80793

-10.8919 -36.8631 1.12593
-7.66889 -38.5521 -0.0930731
-4.35289 -36.7431 0.634927
-1.24989 -38.1541 -1.13907
2.05311 -36.7721 0.240927

5.83211 -37.4311 0.623927
6.46611 -40.2351 3.20493
8.02611 -37.7201 5.73093
5.19311 -35.0551 5.83693

2.12411 -37.2831 6.64093
1.98711 -36.1681 10.3129
2.72811 -32.5171 9.26793
-0.482889 -32.7191 7.14393
-2.53189 -34.3121 10.0129
-1.38589 -31.4951 12.3669
-2.22689 -28.9391 9.60693
-5.83989 -30.3041 9.39793
-6.19989 -30.2751 13.2489
-4.71389 -26.7151 13.3609
-6.94089 -25.2201 10.6159

-10.2389 -27.2241 10.8779
-10.9689 -27.4651 14.6939
-14.5059 -28.6241 13.5859
-12.8819 -32.1161 13.0439
-12.1479 -34.7001 15.7549

-8.74989 -36.5191 15.4949
-10.7559 -39.7351 14.7179
-11.8979 -38.0821 11.4289

-8.20889 -38.2311 10.2139
-6.62289 -41.5391 9.12593
-2.79889 -41.4561 8.71893

-1.81989 -44.5311 6.67293
1.56611 -45.7181 8.00993
1.68111 -49.2521 6.45093
0.477111 -51.2141 3.37293
-1.88689 -53.2351 5.70793
-3.90589 -50.2231 6.95493
-7.46989 -49.3321 5.79693
-7.19289 -46.3881 3.33893
-10.9339 -45.5171 3.91093
-11.0369 -45.5811 7.76493
-11.2259 -41.7471 8.17393
-13.1979 -38.8811 6.63293

-9.70589 -37.5551 5.67593
-7.18289 -40.2481 4.60293
-3.45389 -39.3131 4.44093
-1.12689 -41.7171 2.52493
2.35311 -41.7101 0.928927

3.22411 -42.1551 -2.78507
5.12511 -45.4241 -1.98707
2.04911 -46.9611 -0.249073
-0.417889 -46.1841 -3.14007

0.956111 -49.1301 -5.22207
0.595111 -51.4881 -2.17907
-2.96089 -50.1551 -1.51707
-4.13189 -50.2301 -5.22307
-6.84889 -52.8301 -4.31807
-8.36089 -50.2511 -1.85007
-8.07289 -47.3091 -4.37307
-11.1889 -48.8481 -6.08407
-13.3059 -46.8661 -3.53707
-14.2119 -43.5521 -5.31007
-12.4849 -40.6501 -3.52007
-14.3539 -37.6301 -5.00207

-11.8219 -35.0921 -3.57007
-8.05389 -35.7131 -3.93307
-5.12489 -33.5601 -2.76007
-1.63489 -34.5251 -4.00207

1.22011 -32.6521 -2.30307
4.54111 -32.2801 -4.21107

2.81611 -33.7671 -7.33107
6.11711 -33.6221 -9.33007
6.63011 -37.1571 -7.81807
4.10811 -38.2811 -10.5381

6.32411 -36.8511 -13.4161
7.02111 -40.3241 -14.9731
3.96911 -42.3981 -16.0981
5.88811 -45.7631 -16.0001
6.49611 -45.5311 -12.2011

4.33111 -47.6841 -9.87007
3.31411 -44.5371 -7.84907
2.05011 -42.8241 -11.0551
0.296111 -46.0081 -12.3681
-1.57889 -46.3201 -9.01007
-2.43089 -42.5521 -8.69407
-3.58289 -41.7681 -12.2871
-6.81789 -43.9381 -12.3651
-8.07889 -42.2011 -9.16107
-7.12189 -38.6871 -10.4261
-9.01089 -39.2411 -13.7481
-12.2659 -40.3421 -11.9381

-12.1899 -38.0591 -8.82707
-14.4899 -34.9571 -9.06607

-11.9439 -32.5311 -7.46607
-8.13689 -32.7621 -7.99107
-5.88689 -30.3381 -6.07207
-2.26289 -30.8721 -7.18507
0.455111 -28.9361 -5.27407

4.14311 -28.3501 -6.18107
6.88411 -25.7031 -5.78907
8.59211 -27.1141 -8.89907
5.88011 -28.6371 -11.1941
8.61911 -29.4361 -13.7071
12.0381 -30.3711 -12.2391
14.0611 -30.1421 -15.5181
11.9221 -30.6001 -18.7261

8.39611 -30.0031 -20.2461
7.73711 -33.8111 -20.4631
7.48011 -33.9331 -16.5851
4.26311 -31.7851 -16.7411
2.25411 -34.2611 -18.8901
0.978111 -36.4411 -15.9761
-0.0988894 -33.3071 -14.0051
-1.85589 -31.8211 -17.1201
-3.87689 -35.0531 -17.7381
-4.66289 -35.3411 -13.9761
-6.22189 -31.7981 -13.9581

-7.72489 -32.0691 -17.5341
-8.10989 -35.7851 -18.6191
-9.28989 -34.6661 -22.1421
-6.05289 -32.7051 -22.8701
-3.45489 -34.6511 -24.9541
-5.01789 -38.2001 -24.5911
-1.69389 -39.6321 -25.9331

1.78111 -38.4341 -24.7911
3.16311 -38.4371 -28.3941
1.01611 -35.3821 -29.3921
2.31711 -33.4461 -26.3211
5.91711 -34.6141 -27.0301
5.85411 -33.5771 -30.7461
4.64411 -30.0491 -29.7921
6.47911 -29.2351 -26.5041

9.37211 -31.7661 -26.1261
11.0311 -31.2831 -29.6041
10.3831 -34.9921 -30.2201

12.9601 -36.6391 -32.5511
12.7111 -39.9871 -34.3931
15.9911 -41.8301 -33.6361

16.9871 -45.3121 -35.0641
15.9371 -46.8791 -31.6771

12.5811 -44.9861 -31.2701
11.4171 -41.5031 -30.1761
13.5071 -39.0781 -28.0941

11.4961 -36.6071 -25.9001
14.4271 -34.9911 -23.9411
14.0961 -31.6641 -25.8341
11.8771 -28.5771 -25.4881
9.74911 -26.5171 -27.9271
6.99411 -23.8221 -28.0051

7.45411 -23.1051 -24.2301
5.62311 -19.7071 -24.3291
2.52311 -21.4831 -25.7861
2.84811 -24.1971 -23.0821
3.02911 -21.4291 -20.3891
-0.178889 -19.7911 -21.7581
-2.01189 -23.1861 -21.8671
-0.899889 -24.0091 -18.2801
-1.95889 -20.6111 -16.7931
-5.36089 -20.5611 -18.6061
-6.53789 -24.1701 -18.0711

-4.30689 -26.1721 -15.6051

-2.17389 -24.1141 -13.2211
-2.23189 -21.2201 -10.7501

1.37111 -19.9781 -10.2171
2.67811 -16.9771 -8.22807
6.25311 -16.1421 -7.25407

7.77911 -14.6581 -4.02607
8.39011 -11.4541 -6.04807
4.63511 -11.2051 -6.94807
3.19511 -11.5751 -3.38807

6.00611 -11.0801 -0.766073
7.96711 -7.84514 -1.59707
9.38111 -8.08214 2.00293
11.3861 -11.3501 1.58693

15.1851 -10.6561 1.57193
16.9381 -11.3901 -1.75207

18.5941 -14.7601 -2.49507
22.2101 -13.9121 -3.47307
23.7471 -16.8021 -5.47507
27.4261 -17.3001 -6.42207
29.7881 -19.9091 -7.82407
32.8291 -20.6041 -5.58307
35.6481 -22.1581 -7.63807

37.4281 -24.3591 -5.04707
41.1431 -24.5401 -5.85707

42.1271 -27.7711 -7.78007
45.7421 -27.3001 -6.45207
44.7041 -29.4921 -3.43007

43.6631 -32.2811 -5.91507
46.8011 -34.4621 -5.84907

48.3071 -35.7351 -9.14707
46.9951 -39.3531 -8.60607
43.3731 -38.1551 -8.05507
43.6501 -35.8251 -11.1161
45.0791 -38.6701 -13.2681
42.1411 -40.8871 -12.0831
39.5951 -38.1521 -13.0811
41.3921 -37.7541 -16.4711
41.3051 -41.5801 -16.9021
37.5321 -41.8891 -16.1541
36.8441 -38.8371 -18.4221
38.7991 -40.5131 -21.3091
37.0251 -43.8261 -20.5181
33.5281 -42.2741 -21.1021
34.6191 -40.9431 -24.5731

36.0991 -44.2731 -25.8251
34.2691 -45.3711 -29.0301
34.4101 -49.1511 -28.4951
32.5391 -49.3121 -25.1101
28.9661 -50.5401 -24.6031

26.1701 -48.1531 -23.4491
26.4891 -49.8151 -19.9861
30.3111 -49.3561 -19.6971
29.7601 -45.6541 -20.6681
27.1711 -45.3011 -17.7931
29.5391 -47.1211 -15.3561
32.4881 -44.8291 -16.3131
30.1371 -41.7911 -15.8571
29.1221 -42.9931 -12.3331
32.8371 -43.5741 -11.5261
33.8071 -40.0531 -12.7981
30.9801 -38.5141 -10.6831
31.9351 -40.4631 -7.48507
35.6681 -39.5461 -8.05207
34.6181 -35.8561 -8.41207
32.9671 -36.0451 -4.95207
36.1271 -37.6261 -3.38307
38.4271 -35.0651 -5.11107
36.4281 -32.0911 -3.66507
36.3751 -33.2871 0.0329269
39.6621 -31.5341 1.16993
38.7251 -28.1011 -0.302073
35.0401 -28.4561 0.737927
36.3811 -29.0041 4.30893
38.8531 -26.0611 3.92193
35.9261 -23.8101 2.83893
33.6141 -24.9621 5.72893
36.4191 -24.1941 8.23993
37.0731 -20.7441 6.61493
33.3241 -19.9471 7.09093
33.4511 -20.9581 10.8159
36.7761 -19.0931 11.4059

35.1181 -16.0141 9.72293
32.6381 -16.0291 12.6969
29.4691 -17.3261 10.9059
26.7751 -18.2791 13.4339
24.5221 -20.6281 11.3099

24.7411 -22.2231 7.82893
23.5731 -25.2991 5.85793
25.9431 -27.6611 3.98293
24.3571 -29.7281 1.17893
25.9781 -32.8831 -0.292073

24.5961 -36.1841 -1.76907
27.4741 -38.7281 -1.71407

27.6051 -40.4121 1.73893
31.4681 -40.2101 1.79693
31.2381 -36.3531 1.55493
28.6351 -36.1681 4.39893
30.7961 -38.6031 6.48493
34.0611 -36.6211 5.93093
32.3841 -33.2421 6.77693
30.8311 -34.6711 10.0159
34.1671 -36.3041 11.0459
36.1091 -33.0011 10.6259
33.4231 -30.9881 12.5339
33.6411 -33.5791 15.3989
37.5031 -33.3551 15.2839

37.2151 -29.5001 15.5399
34.5471 -29.9321 18.3409
31.9691 -27.9721 16.2389
28.3651 -28.6591 17.3079

26.3621 -29.6501 14.1969
23.2771 -31.6181 13.0309
23.1991 -34.3351 10.3149
20.1971 -35.4361 8.17093

20.4631 -38.1581 5.47293
18.6301 -41.2541 4.05893
19.2081 -43.1711 7.36793
17.7741 -40.4221 9.68393
14.2611 -41.4271 10.8729
11.0981 -39.3311 10.2169
10.7251 -38.2231 13.9049

14.4831 -37.5811 14.4919
14.4741 -35.3561 11.3249
11.9131 -33.0241 12.9889
13.7621 -33.0791 16.3729
17.1981 -32.2911 14.7649
15.4571 -29.5221 12.7419
14.1231 -28.0341 16.0419
17.6001 -28.4171 17.6949
19.2481 -26.4011 14.8269
16.4001 -23.8011 14.8769
16.3261 -23.2371 18.6879

19.9591 -23.9001 19.8219
22.5431 -21.1181 19.1359
25.3461 -23.7461 19.5859
24.5351 -25.7501 16.4079
26.5041 -23.7691 13.7869

26.3621 -26.2931 10.8739
23.6021 -28.4641 9.39493
25.0641 -31.3261 7.26493
22.2081 -32.2361 4.89193
21.6341 -34.7641 2.10393

20.3221 -32.8681 -0.997073
17.8931 -35.7781 -1.70607
16.8301 -36.6271 1.89093
16.3431 -33.0331 3.25793
14.6211 -31.5041 0.124927
11.1601 -31.9781 1.81293
9.16211 -31.0221 4.96393
11.9291 -29.2561 6.95893
12.3781 -25.4841 7.64393
15.8311 -23.9411 8.35293
14.9941 -20.2061 8.79893
17.7041 -19.8741 11.5519
20.4881 -19.9391 8.87893
21.3721 -17.1341 6.38193

23.8191 -19.2111 4.23993
23.5101 -22.3751 2.09793
26.6771 -24.1421 0.812927
26.3001 -26.7751 -1.93107

29.4601 -28.8981 -1.48707
28.2511 -30.9181 -4.51807
26.2401 -30.1151 -7.66607
23.0471 -32.0801 -8.46207
21.9611 -32.6341 -12.1291
18.3151 -31.6621 -11.3841

17.7751 -27.8851 -10.7361
14.3021 -28.4331 -9.17307
16.0031 -30.3001 -6.25307
18.6221 -27.5041 -5.83807
15.7851 -24.8761 -5.68407
13.9051 -27.1161 -3.14907
17.0831 -27.1231 -0.969073
17.5571 -23.2721 -1.20107

13.8591 -22.7971 -0.183073
14.5331 -24.6441 3.10093
16.1541 -21.3641 4.36593
14.2221 -18.8421 2.22093
10.8381 -19.3351 4.04493
8.29811 -17.1611 5.92793
10.2221 -16.2191 9.12493
13.5301 -15.4471 7.30293
14.7591 -11.8471 8.01693
18.2811 -11.9161 6.40393
19.3841 -11.9531 2.71793

20.0061 -15.6341 1.89493
23.4961 -16.4551 0.562927
23.7581 -19.5061 -1.77207
27.3191 -20.7581 -2.51307
27.8231 -23.4421 -5.22507
31.2431 -25.1371 -4.71707
32.7761 -26.1531 -8.12007

36.1651 -27.6531 -9.14207
37.8661 -27.1341 -12.5711
38.9721 -30.4991 -14.0951
35.9491 -32.4741 -12.6771
32.2771 -33.4741 -13.3031

31.2651 -29.8901 -12.2241
32.5841 -28.5461 -15.6081
29.8041 -30.5541 -17.4181
27.1051 -30.4771 -14.6841
27.0691 -26.6631 -14.2641
26.2581 -25.8211 -17.9781
23.6731 -28.7081 -17.9281
21.9641 -27.2711 -14.7841
21.9771 -23.7581 -16.4011
20.2841 -24.8411 -19.6831
17.6831 -26.7661 -17.5681
16.8411 -23.6311 -15.4491
16.4811 -21.6391 -18.7211
14.0081 -24.2841 -20.0861
12.0861 -24.0181 -16.7541
12.1011 -20.1541 -16.9181
10.8741 -20.0701 -20.5881

8.00111 -22.3921 -19.4711
7.20111 -19.8501 -16.6261
8.27711 -22.4511 -13.9821
11.2971 -20.5441 -12.5061
12.4721 -16.9291 -11.9341
15.9301 -18.3681 -11.1991
18.4041 -17.2321 -13.8441
21.8441 -18.9041 -13.3711
23.7291 -17.0981 -16.2601

24.7351 -14.0091 -14.1781
26.7831 -16.1981 -11.7351
29.1301 -17.5151 -14.5141
29.9811 -14.1181 -16.0731

31.2461 -13.1591 -12.5431
33.7311 -16.1321 -12.1201

End chain 1
