-13.201 -6.296 -53.957
-10.703 -3.406 -53.291
-9.54 -3.087 -49.639
-11.02 0.322 -48.639
-8.614 1.85 -46.053
-10.787 3.126 -43.162

-9.634 6.195 -41.181
-10.061 4.9 -37.589
-10.286 6.838 -34.306
-12.195 7.103 -30.979
-14.163 9.439 -28.711
-12.619 10.223 -25.263
-14.157 12.207 -22.344

-11.943 15.248 -21.466
-14.301 16.978 -18.949
-17.827 16.65 -17.399
-19.139 18.761 -20.353

-16.752 17.96 -23.312
-15.482 14.956 -25.281
-12.62 14.751 -27.824
-12.437 12.939 -31.204
-8.982 11.264 -31.393
-8.672 10.357 -35.1

-6.282 10.744 -38.079
-6.98 13.557 -40.6
-9.895 13.022 -43.051

-11.208 15.853 -45.293
-14.92 14.856 -45.011
-14.611 14.37 -41.226
-13.015 17.857 -40.827
-15.875 19.254 -42.999
-18.403 17.482 -40.669
-16.559 18.759 -37.515
-16.844 22.341 -38.957

-20.697 21.797 -39.029
-20.861 21.033 -35.24
-22.116 23.933 -33.104
-20.016 23.255 -29.939
-16.791 22.621 -31.971

-13.393 23.436 -30.391
-10.011 22.816 -32.063
-6.805 22.812 -29.99

-3.883 23.919 -32.209
-1.328 22.314 -29.773
-2.753 18.736 -29.691
-4.334 19.137 -33.217

-7.578 17.622 -31.79
-11.313 18.386 -31.995
-13.683 18.544 -28.991
-17.466 19.001 -28.65
-20.131 19.402 -25.91

-21.257 16.038 -24.476
-24.923 16.743 -25.497
-23.731 16.722 -29.178
-22.178 13.179 -28.839
-25.228 11.354 -30.322
-25.57 14.044 -33.093
-21.852 13.682 -34.021
-21.815 9.829 -34.037
-25.045 9.774 -36.128
-23.507 12.176 -38.75
-20.093 10.348 -38.803

-21.793 6.948 -39.527
-22.962 8.546 -42.834
-19.328 9.196 -43.991
-17.677 6.563 -46.261
-14.251 5.2 -45.121

-14.46 6.789 -41.562
-14.765 4.819 -38.279
-15.142 6.964 -35.114
-15.663 4.659 -32.101

-18.218 6.249 -29.657
-17.862 6.903 -25.912
-18.35 3.469 -24.195
-21.794 2.549 -22.772
-20.235 2.829 -19.255
-19.534 6.58 -19.812
-22.964 7.196 -21.431
-24.623 5.531 -18.378
-22.42 7.523 -15.909

-23.028 10.919 -17.654
-26.668 10.153 -18.714
-27.851 13.482 -17.123

-25.214 15.594 -18.963
-26 13.8 -22.296
-29.631 15.147 -21.909

-28.8545 18.8438 -20.9875
-26.2217 19.2243 -18.3845
-23.6653 20.2776 -15.8209
-20.1071 18.9549 -15.5185
-18.5658 16.0953 -13.7338
-15.7544 14.1549 -12.1789
-13.8133 16.8304 -14.0833

-15.3926 20.2339 -13.479
-12.9051 21.0045 -10.7111
-9.97937 20.0596 -12.945
-11.2613 22.2988 -15.7352
-11.6293 25.2303 -13.345
-8.08339 24.7553 -12.0629

-10.5054 24.4543 -9.13794
-8.16739 23.0553 -6.43094
-10.8554 23.2233 -3.61894
-10.9374 19.3633 -3.48294
-7.09839 19.3533 -2.95194
-5.59839 19.5103 0.563062

-5.29839 23.2783 1.50706
-1.76939 22.7133 2.96506
-0.574387 21.6733 -0.538938
-2.50939 24.3893 -2.47594
-1.18039 27.2123 -0.185938
2.48361 26.0243 -0.544938

2.53461 26.0263 -4.41094
4.77661 28.7913 -5.81994

3.11561 30.8963 -8.64294
4.99061 28.9873 -11.4099
4.15761 25.6063 -9.73994
0.425613 26.6113 -9.72894
0.659613 27.5223 -13.4589
2.27861 24.0593 -14.0599
-0.566387 22.2793 -12.1619
-3.14139 24.2883 -14.2149
-1.33339 23.3693 -17.5099
-1.20839 19.6633 -16.5209
-4.97439 19.6953 -15.6779
-5.80239 21.5473 -18.9709

-3.75139 18.8493 -20.8779
-5.99239 16.2523 -19.0759
-3.29039 14.9043 -16.6759

-1.13039 13.5573 -19.5799
2.26561 15.3223 -19.6429
6.01261 15.2163 -19.1269
6.92661 17.7453 -16.3849

10.5276 18.3993 -17.5339

11.0866 21.3933 -15.1809
14.7176 21.8093 -14.0289

16.1736 19.9193 -11.0079
14.8606 21.1603 -7.62194
11.9886 23.3733 -9.03194
9.51561 21.1853 -6.99794

8.37761 18.5583 -9.57494
7.20961 16.2853 -6.67194
4.85861 18.9183 -5.08994
3.34561 19.7103 -8.55194
2.93961 15.9423 -9.31594
1.20161 15.2463 -5.94494
-1.19339 18.2003 -6.60794
-2.02539 17.0593 -10.2109
-2.62439 13.4813 -8.94294
-4.73339 14.7243 -5.94494
-7.00539 16.7353 -8.32794

-7.67839 13.2623 -9.89894

-8.16239 11.4973 -6.42494
-11.6644 10.3473 -7.63594
-9.82839 8.2483 -10.3439
-7.40439 6.3363 -7.99594
-5.75939 3.7913 -7.23594

-2.55239 5.7563 -7.91794
0.670613 4.0673 -9.13694
3.98661 5.8763 -8.40894
7.08961 4.4653 -10.1829
10.3926 5.8473 -8.80294

14.1716 5.1883 -8.41994
14.8056 2.3843 -5.83894
16.3656 4.8993 -3.31294
13.5326 7.5643 -3.20694

10.4636 5.3363 -2.40294
10.3266 6.4513 1.26906
11.0676 10.1023 0.224062
7.85661 9.9003 -1.89994
5.80761 8.3073 0.969062
6.95361 11.1243 3.32306
6.11261 13.6803 0.563062
2.49961 12.3153 0.354062
2.13961 12.3443 4.20506
3.62561 15.9043 4.31706
1.39861 17.3993 1.57206

-1.89939 15.3953 1.83406
-2.62939 15.1543 5.65006
-6.16639 13.9953 4.54206
-4.54239 10.5033 4.00006
-3.80839 7.9193 6.71106

-0.410387 6.1003 6.45106
-2.41639 2.8843 5.67406
-3.55839 4.5373 2.38506

0.130613 4.3883 1.17006
1.71661 1.0803 0.0820619
5.54061 1.1633 -0.324938

6.51961 -1.9117 -2.37094
9.90561 -3.0987 -1.03394
10.0206 -6.6327 -2.59294
8.81661 -8.5947 -5.67094
6.45261 -10.6157 -3.33594
4.43361 -7.6037 -2.08894
0.869613 -6.7127 -3.24694
1.14661 -3.7687 -5.70494
-2.59439 -2.8977 -5.13294
-2.69739 -2.9617 -1.27894
-2.88639 0.872295 -0.869938
-4.85839 3.7383 -2.41094

-1.36639 5.0643 -3.36794
1.15661 2.3713 -4.44094
4.88561 3.3063 -4.60294
7.21261 0.902295 -6.51894
10.6926 0.909295 -8.11494

11.5636 0.464295 -11.8289
13.4646 -2.8047 -11.0309
10.3886 -4.3417 -9.29294
7.92161 -3.5647 -12.1839

9.29561 -6.5107 -14.2659
8.93461 -8.8687 -11.2229
5.37861 -7.5357 -10.5609
4.20761 -7.6107 -14.2669
1.49061 -10.2107 -13.3619
-0.0213873 -7.6317 -10.8939
0.266613 -4.6897 -13.4169
-2.84939 -6.2287 -15.1279
-4.96639 -4.2467 -12.5809
-5.87239 -0.932705 -14.3539
-4.14539 1.9693 -12.5639
-6.01439 4.9893 -14.0459

-3.48239 7.5273 -12.6139
0.285613 6.9063 -12.9769
3.21461 9.0593 -11.8039
6.70461 8.0943 -13.0459

9.55961 9.9673 -11.3469
12.8806 10.3393 -13.2549

11.1556 8.8523 -16.3749
14.4566 8.9973 -18.3739
14.9696 5.4623 -16.8619
12.4476 4.3383 -19.5819

14.6636 5.7683 -22.4599
15.3606 2.2953 -24.0169
12.3086 0.221295 -25.1419
14.2276 -3.1437 -25.0439
14.8356 -2.9117 -21.2449

12.6706 -5.0647 -18.9139
11.6536 -1.9177 -16.8929
10.3896 -0.204705 -20.0989
8.63561 -3.3887 -21.4119
6.76061 -3.7007 -18.0539
5.90861 0.0672951 -17.7379
4.75661 0.851295 -21.3309
1.52161 -1.3187 -21.4089
0.260613 0.418295 -18.2049
1.21761 3.9323 -19.4699
-0.671387 3.3783 -22.7919
-3.92639 2.2773 -20.9819

-3.85039 4.5603 -17.8709
-6.15039 7.6623 -18.1099

-3.60439 10.0883 -16.5099
0.202613 9.8573 -17.0349
2.45261 12.2813 -15.1159
6.07661 11.7473 -16.2289
8.79461 13.6833 -14.3179

12.4826 14.2693 -15.2249
15.2236 16.9163 -14.8329
16.9316 15.5053 -17.9429
14.2196 13.9823 -20.2379
16.9586 13.1833 -22.7509
20.3776 12.2483 -21.2829
22.4006 12.4773 -24.5619
20.2616 12.0193 -27.7699

16.7356 12.6163 -29.2899
16.0766 8.8083 -29.5069
15.8196 8.6863 -25.6289
12.6026 10.8343 -25.7849
10.5936 8.3583 -27.9339
9.31761 6.1783 -25.0199
8.24061 9.3123 -23.0489
6.48361 10.7983 -26.1639
4.46261 7.5663 -26.7819
3.67661 7.2783 -23.0199
2.11761 10.8213 -23.0019

0.614613 10.5503 -26.5779
0.229613 6.8343 -27.6629
-0.950387 7.9533 -31.1859
2.28661 9.9143 -31.9139
4.88461 7.9683 -33.9979
3.32161 4.4193 -33.6349
6.64561 2.9873 -34.9769

10.1206 4.1853 -33.8349
11.5026 4.1823 -37.4379
9.35561 7.2373 -38.4359
10.6566 9.1733 -35.3649
14.2566 8.0053 -36.0739
14.1936 9.0423 -39.7899
12.9836 12.5703 -38.8359
14.8186 13.3843 -35.5479

17.7116 10.8533 -35.1699
19.3706 11.3363 -38.6479
18.7226 7.6273 -39.2639

21.2996 5.9803 -41.5949
21.0506 2.6323 -43.4369
24.3306 0.789295 -42.6799

25.3266 -2.6927 -44.1079
24.2766 -4.2597 -40.7209

20.9206 -2.3667 -40.3139
19.7566 1.1163 -39.2199
21.8466 3.5413 -37.1379

19.8356 6.0123 -34.9439
22.7666 7.6283 -32.9849
22.4356 10.9553 -34.8779
20.2166 14.0423 -34.5319
18.0886 16.1023 -36.9709
15.3336 18.7973 -37.0489

15.7936 19.5143 -33.2739
13.9626 22.9123 -33.3729
10.8626 21.1363 -34.8299
11.1876 18.4223 -32.1259
11.3686 21.1903 -29.4329
8.16061 22.8283 -30.8019
6.32761 19.4333 -30.9109
7.43961 18.6103 -27.3239
6.38061 22.0083 -25.8369
2.97861 22.0583 -27.6499
1.80161 18.4493 -27.1149

4.03261 16.4473 -24.6489

6.16561 18.5053 -22.2649
6.10761 21.3993 -19.7939

9.71061 22.6413 -19.2609
11.0176 25.6423 -17.2719
14.5926 26.4773 -16.2979

16.1186 27.9613 -13.0699
16.7296 31.1653 -15.0919
12.9746 31.4143 -15.9919
11.5346 31.0443 -12.4319

14.3456 31.5393 -9.80994
16.3066 34.7743 -10.6409
17.7206 34.5373 -7.04094
19.7256 31.2693 -7.45694

23.5246 31.9633 -7.47194
25.2776 31.2293 -10.7959

26.9336 27.8593 -11.5389
30.5496 28.7073 -12.5169
32.0866 25.8173 -14.5189
35.7656 25.3193 -15.4659
38.1276 22.7103 -16.8679
41.1686 22.0153 -14.6269
43.9876 20.4613 -16.6819

45.7676 18.2603 -14.0909
49.4826 18.0793 -14.9009

50.4666 14.8483 -16.8239
54.0816 15.3193 -15.4959
53.0436 13.1273 -12.4739

52.0026 10.3383 -14.9589
55.1406 8.1573 -14.8929

56.6466 6.8843 -18.1909
55.3346 3.2663 -17.6499
51.7126 4.4643 -17.0989
51.9896 6.7943 -20.1599
53.4186 3.9493 -22.3119
50.4806 1.7323 -21.1269
47.9346 4.4673 -22.1249
49.7316 4.8653 -25.5149
49.6446 1.0393 -25.9459
45.8716 0.730295 -25.1979
45.1836 3.7823 -27.4659
47.1386 2.1063 -30.3529
45.3646 -1.2067 -29.5619
41.8676 0.345295 -30.1459
42.9586 1.6763 -33.6169

44.4386 -1.6537 -34.8689
42.6086 -2.7517 -38.0739
42.7496 -6.5317 -37.5389
40.8786 -6.6927 -34.1539
37.3056 -7.9207 -33.6469

34.5096 -5.5337 -32.4929
34.8286 -7.1957 -29.0299
38.6506 -6.7367 -28.7409
38.0996 -3.0347 -29.7119
35.5106 -2.6817 -26.8369
37.8786 -4.5017 -24.3999
40.8276 -2.2097 -25.3569
38.4766 0.828295 -24.9009
37.4616 -0.373705 -21.3769
41.1766 -0.954705 -20.5699
42.1466 2.5663 -21.8419
39.3196 4.1053 -19.7269
40.2746 2.1563 -16.5289
44.0076 3.0733 -17.0959
42.9576 6.7633 -17.4559
41.3066 6.5743 -13.9959
44.4666 4.9933 -12.4269
46.7666 7.5543 -14.1549
44.7676 10.5283 -12.7089
44.7146 9.3323 -9.01094
48.0016 11.0853 -7.87394
47.0646 14.5183 -9.34594
43.3796 14.1633 -8.30594
44.7206 13.6153 -4.73494
47.1926 16.5583 -5.12194
44.2656 18.8093 -6.20494
41.9536 17.6573 -3.31494
44.7586 18.4253 -0.803938
45.4126 21.8753 -2.42894
41.6636 22.6723 -1.95294
41.7906 21.6613 1.77206
45.1156 23.5263 2.36206

43.4576 26.6053 0.679062
40.9776 26.5903 3.65306
37.8086 25.2933 1.86206
35.1146 24.3403 4.39006
32.8616 21.9913 2.26606

33.0806 20.3963 -1.21494
31.9126 17.3203 -3.18594
34.2826 14.9583 -5.06094
32.6966 12.8913 -7.86494
34.3176 9.7363 -9.33594

32.9356 6.4353 -10.8129
35.8136 3.8913 -10.7579

35.9446 2.2073 -7.30494
39.8076 2.4093 -7.24694
39.5776 6.2663 -7.48894
36.9746 6.4513 -4.64494
39.1356 4.0163 -2.55894
42.4006 5.9983 -3.11294
40.7236 9.3773 -2.26694
39.1706 7.9483 0.972062
42.5066 6.3153 2.00206
44.4486 9.6183 1.58206
41.7626 11.6313 3.49006
41.9806 9.0403 6.35506
45.8426 9.2643 6.24006

45.5546 13.1193 6.49606
42.8866 12.6873 9.29706
40.3086 14.6473 7.19506
36.7046 13.9603 8.26406

34.7016 12.9693 5.15306
31.6166 11.0013 3.98706
31.5386 8.2843 1.27106
28.5366 7.1833 -0.872938

28.8026 4.4613 -3.57094
26.9696 1.3653 -4.98494
27.5476 -0.551705 -1.67594
26.1136 2.1973 0.640062
22.6006 1.1923 1.82906
19.4376 3.2883 1.17306
19.0646 4.3963 4.86106

22.8226 5.0383 5.44806
22.8136 7.2633 2.28106
20.2526 9.5953 3.94506
22.1016 9.5403 7.32906
25.5376 10.3283 5.72106
23.7966 13.0973 3.69806
22.4626 14.5853 6.99806
25.9396 14.2023 8.65106
27.5876 16.2183 5.78306
24.7396 18.8183 5.83306
24.6656 19.3823 9.64406

28.2986 18.7193 10.7781
30.8826 21.5013 10.0921
33.6856 18.8733 10.5421
32.8746 16.8693 7.36406
34.8436 18.8503 4.74306

34.7016 16.3263 1.83006
31.9416 14.1553 0.351062
33.4036 11.2933 -1.77894
30.5476 10.3833 -4.15194
29.9736 7.8553 -6.93994

28.6616 9.7513 -10.0409
26.2326 6.8413 -10.7499
25.1696 5.9923 -7.15294
24.6826 9.5863 -5.78594
22.9606 11.1153 -8.91894
19.4996 10.6413 -7.23094
17.5016 11.5973 -4.07994
20.2686 13.3633 -2.08494
20.7176 17.1353 -1.39994
24.1706 18.6783 -0.690938
23.3336 22.4133 -0.244938
26.0436 22.7453 2.50806
28.8276 22.6803 -0.164938
29.7116 25.4853 -2.66194

32.1586 23.4083 -4.80394
31.8496 20.2443 -6.94594
35.0166 18.4773 -8.23094
34.6396 15.8443 -10.9749

37.7996 13.7213 -10.5309
36.5906 11.7013 -13.5619
34.5796 12.5043 -16.7099
31.3866 10.5393 -17.5059
30.3006 9.9853 -21.1729
26.6546 10.9573 -20.4279

26.1146 14.7343 -19.7799
22.6416 14.1863 -18.2169
24.3426 12.3193 -15.2969
26.9616 15.1153 -14.8819
24.1246 17.7433 -14.7279
22.2446 15.5033 -12.1929
25.4226 15.4963 -10.0129
25.8966 19.3473 -10.2449

22.1986 19.8223 -9.22694
22.8726 17.9753 -5.94294
24.4936 21.2553 -4.67794
22.5616 23.7773 -6.82294
19.1776 23.2843 -4.99894
16.6376 25.4583 -3.11594
18.5616 26.4003 0.0810619
21.8696 27.1723 -1.74094
23.0986 30.7723 -1.02694
26.6206 30.7033 -2.63994
27.7236 30.6663 -6.32594

28.3456 26.9853 -7.14894
31.8356 26.1643 -8.48094
32.0976 23.1133 -10.8159
35.6586 21.8613 -11.5569
36.1626 19.1773 -14.2689
39.5826 17.4823 -13.7609
41.1156 16.4663 -17.1639

44.5046 14.9663 -18.1859
46.2056 15.4853 -21.6149
47.3116 12.1203 -23.1389
44.2886 10.1453 -21.7209
40.6166 9.1453 -22.3469

39.6046 12.7293 -21.2679
40.9236 14.0733 -24.6519
38.1436 12.0653 -26.4619
35.4446 12.1423 -23.7279
35.4086 15.9563 -23.3079
34.5976 16.7983 -27.0219
32.0126 13.9113 -26.9719
30.3036 15.3483 -23.8279
30.3166 18.8613 -25.4449
28.6236 17.7783 -28.7269
26.0226 15.8533 -26.6119
25.1806 18.9883 -24.4929
24.8206 20.9803 -27.7649
22.3476 18.3353 -29.1299
20.4256 18.6013 -25.7979
20.4406 22.4653 -25.9619
19.2136 22.5493 -29.6319

16.3406 20.2273 -28.5149
15.5406 22.7693 -25.6699
16.6166 20.1683 -23.0259
19.6366 22.0753 -21.5499
20.8116 25.6903 -20.9779
24.2696 24.2513 -20.2429
26.7436 25.3873 -22.8879
30.1836 23.7153 -22.4149
32.0686 25.5213 -25.3039

33.0746 28.6103 -23.2219
35.1226 26.4213 -20.7789
37.4696 25.1043 -23.5579
38.3206 28.5013 -25.1169

39.5856 29.4603 -21.5869
42.0706 26.4873 -21.1639

End chain 1
