-13.201 -6.296 -53.957
-10.703 -3.406 -53.291
-9.54 -3.087 -49.639
-11.02 0.322 -48.639
-8.614 1.85 -46.053
-10.787 3.126 -43.162

-9.634 6.195 -41.181
-10.061 4.9 -37.589
-10.286 6.838 -34.306
-12.195 7.103 -30.979
-14.163 9.439 -28.711
-12.619 10.223 -25.263
-14.157 12.207 -22.344

-11.943 15.248 -21.466
-14.301 16.978 -18.949
-17.827 16.65 -17.399
-19.139 18.761 -20.353

-16.752 17.96 -23.312
-15.482 14.956 -25.281
-12.62 14.751 -27.824
-12.437 12.939 -31.204
-8.982 11.264 -31.393
-8.672 10.357 -35.1

-6.282 10.744 -38.079
-6.98 13.557 -40.6
-9.895 13.022 -43.051

-11.208 15.853 -45.293
-14.92 14.856 -45.011
-14.611 14.37 -41.226
-13.015 17.857 -40.827
-15.875 19.254 -42.999
-18.403 17.482 -40.669
-16.559 18.759 -37.515
-16.844 22.341 -38.957

-20.2952 22.905 -40.3568
-23.7418 22.9589 -41.718
-27.3253 23.0562 -43.1829
-30.6622 21.2267 -43.482
-34.1387 19.6856 -43.8879

-35.4052 23.1902 -43.7553
-33.4652 24.6853 -46.5503
-30.969 27.2911 -47.9028

-28.047 28.3981 -50.1218
-25.492 26.7931 -47.6858
-26.917 23.2151 -47.6038
-28.498 23.6161 -51.1298

-31.742 22.1011 -49.7028
-35.477 22.8651 -49.9078
-37.847 23.0231 -46.9038
-41.63 23.4801 -46.5628
-44.295 23.8811 -43.8228

-45.421 20.5171 -42.3888
-49.087 21.2221 -43.4098
-47.895 21.2011 -47.0908
-46.342 17.6581 -46.7518
-49.392 15.8331 -48.2348
-49.734 18.5231 -51.0058
-46.016 18.1611 -51.9338
-45.979 14.3081 -51.9498
-49.209 14.2531 -54.0408
-47.671 16.6551 -56.6628
-44.257 14.8271 -56.7158

-45.957 11.4271 -57.4398
-47.126 13.0251 -60.7468
-43.492 13.6751 -61.9038
-41.841 11.0421 -64.1738
-38.415 9.67907 -63.0338

-38.624 11.2681 -59.4748
-38.929 9.29807 -56.1918
-39.306 11.4431 -53.0268
-39.827 9.13807 -50.0138

-42.382 10.7281 -47.5698
-42.026 11.3821 -43.8248
-42.514 7.94807 -42.1078
-45.958 7.02807 -40.6848
-44.399 7.30807 -37.1678
-43.698 11.0591 -37.7248
-47.128 11.6751 -39.3438
-48.787 10.0101 -36.2908
-46.584 12.0021 -33.8218

-47.192 15.3981 -35.5668
-50.832 14.6321 -36.6268
-52.015 17.9611 -35.0358

-49.378 20.0731 -36.8758
-50.164 18.2791 -40.2088
-53.795 19.6261 -39.8218

-53.178 23.2811 -38.7098
-52.686 26.1351 -41.2498
-51.658 28.2821 -38.2088
-48.538 28.6851 -36.0208
-50.194 28.1091 -32.6348
-47.359 27.0661 -30.2928
-47.895 23.8341 -28.2468

-51.383 23.8711 -26.6068
-50.962 24.6871 -22.9008
-50.742 21.5111 -20.8188
-53.978 21.4781 -18.7328
-53.44 21.4251 -14.9568
-54.469 18.0301 -13.5698

-56.891 17.7291 -10.6448
-54.553 16.3301 -7.93783
-57.241 16.4981 -5.12583
-57.323 12.6381 -4.98983
-53.484 12.6281 -4.45883
-51.984 12.7851 -0.943834

-51.684 16.5531 0.000165702
-48.155 15.9881 1.45817
-46.96 14.9481 -2.04583
-48.895 17.6641 -3.98283
-47.566 20.4871 -1.69283
-43.902 19.2991 -2.05183

-43.851 19.3011 -5.91783
-41.609 22.0661 -7.32683

-43.27 24.1711 -10.1498
-41.395 22.2621 -12.9168
-42.228 18.8811 -11.2468
-45.96 19.8861 -11.2358
-45.726 20.7971 -14.9658
-44.107 17.3341 -15.5668
-46.952 15.5541 -13.6688
-49.527 17.5631 -15.7218
-47.719 16.6441 -19.0168
-47.594 12.9381 -18.0278
-51.36 12.9701 -17.1848
-52.188 14.8221 -20.4778

-50.137 12.1241 -22.3848
-52.378 9.52707 -20.5828
-49.676 8.17907 -18.1828

-47.516 6.83207 -21.0868
-44.12 8.59707 -21.1498
-40.373 8.49107 -20.6338
-39.459 11.0201 -17.8918

-35.858 11.6741 -19.0408

-35.299 14.6681 -16.6878
-31.668 15.0841 -15.5358

-30.212 13.1941 -12.5148
-31.525 14.4351 -9.12883
-34.397 16.6481 -10.5388
-36.87 14.4601 -8.50483

-38.008 11.8331 -11.0818
-39.176 9.56007 -8.17883
-41.527 12.1931 -6.59683
-43.04 12.9851 -10.0588
-43.446 9.21707 -10.8228
-45.184 8.52107 -7.45183
-47.579 11.4751 -8.11483
-48.411 10.3341 -11.7178
-49.01 6.75607 -10.4498
-51.119 7.99907 -7.45183
-53.391 10.0101 -9.83483

-54.064 6.53707 -11.4058

-54.548 4.77207 -7.93183
-58.05 3.62207 -9.14283
-56.214 1.52307 -11.8508
-53.79 -0.388929 -9.50283
-52.145 -2.93393 -8.74283

-48.938 -0.968929 -9.42483
-45.715 -2.65793 -10.6438
-42.399 -0.848929 -9.91583
-39.296 -2.25993 -11.6898
-35.993 -0.877929 -10.3098

-32.214 -1.53693 -9.92683
-31.58 -4.34093 -7.34583
-30.02 -1.82593 -4.81983
-32.853 0.839071 -4.71383

-35.922 -1.38893 -3.90983
-36.059 -0.273929 -0.237834
-35.318 3.37707 -1.28283
-38.529 3.17507 -3.40683
-40.578 1.58207 -0.537834
-39.432 4.39907 1.81617
-40.273 6.95507 -0.943834
-43.886 5.59007 -1.15283
-44.246 5.61907 2.69817
-42.76 9.17907 2.81017
-44.987 10.6741 0.0651657

-48.285 8.67007 0.327166
-49.015 8.42907 4.14317
-52.552 7.27007 3.03517
-50.928 3.77807 2.49317
-50.194 1.19407 5.20417

-46.796 -0.624929 4.94417
-48.802 -3.84093 4.16717
-49.944 -2.18793 0.878166

-46.255 -2.33693 -0.336834
-44.669 -5.64493 -1.42483
-40.845 -5.56193 -1.83183

-39.866 -8.63693 -3.87783
-36.48 -9.82393 -2.54083
-36.365 -13.3579 -4.09983
-37.569 -15.3199 -7.17783
-39.933 -17.3409 -4.84283
-41.952 -14.3289 -3.59583
-45.516 -13.4379 -4.75383
-45.239 -10.4939 -7.21183
-48.98 -9.62293 -6.63983
-49.083 -9.68693 -2.78583
-49.272 -5.85293 -2.37683
-51.244 -2.98693 -3.91783

-47.752 -1.66093 -4.87483
-45.229 -4.35393 -5.94783
-41.5 -3.41893 -6.10983
-39.173 -5.82293 -8.02583
-35.693 -5.81593 -9.62183

-34.822 -6.26093 -13.3358
-32.921 -9.52993 -12.5378
-35.997 -11.0669 -10.7998
-38.464 -10.2899 -13.6908

-37.09 -13.2359 -15.7728
-37.451 -15.5939 -12.7298
-41.007 -14.2609 -12.0678
-42.178 -14.3359 -15.7738
-44.895 -16.9359 -14.8688
-46.407 -14.3569 -12.4008
-46.119 -11.4149 -14.9238
-49.235 -12.9539 -16.6348
-51.352 -10.9719 -14.0878
-52.258 -7.65793 -15.8608
-50.531 -4.75593 -14.0708
-52.4 -1.73593 -15.5528

-49.868 0.802071 -14.1208
-46.1 0.181071 -14.4838
-43.171 2.33407 -13.3108
-39.681 1.36907 -14.5528

-36.826 3.24207 -12.8538
-33.505 3.61407 -14.7618

-35.23 2.12707 -17.8818
-31.929 2.27207 -19.8808
-31.416 -1.26293 -18.3688
-33.938 -2.38693 -21.0888

-31.722 -0.956929 -23.9668
-31.025 -4.42993 -25.5238
-34.077 -6.50393 -26.6488
-32.158 -9.86893 -26.5508
-31.55 -9.63693 -22.7518

-33.715 -11.7899 -20.4208
-34.732 -8.64293 -18.3998
-35.996 -6.92993 -21.6058
-37.75 -10.1139 -22.9188
-39.625 -10.4259 -19.5608
-40.477 -6.65793 -19.2448
-41.629 -5.87393 -22.8378
-44.864 -8.04393 -22.9158
-46.125 -6.30693 -19.7118
-45.168 -2.79293 -20.9768
-47.057 -3.34693 -24.2988
-50.312 -4.44793 -22.4888

-50.236 -2.16493 -19.3778
-52.536 0.937071 -19.6168

-49.99 3.36307 -18.0168
-46.183 3.13207 -18.5418
-43.933 5.55607 -16.6228
-40.309 5.02207 -17.7358
-37.591 6.95807 -15.8248

-33.903 7.54407 -16.7318
-31.162 10.1911 -16.3398
-29.454 8.78007 -19.4498
-32.166 7.25707 -21.7448
-29.427 6.45807 -24.2578
-26.008 5.52307 -22.7898
-23.985 5.75207 -26.0688
-26.124 5.29407 -29.2768

-29.65 5.89107 -30.7968
-30.309 2.08307 -31.0138
-30.566 1.96107 -27.1358
-33.783 4.10907 -27.2918
-35.792 1.63307 -29.4408
-37.068 -0.546929 -26.5268
-38.145 2.58707 -24.5558
-39.902 4.07307 -27.6708
-41.923 0.841071 -28.2888
-42.709 0.553071 -24.5268
-44.268 4.09607 -24.5088

-45.771 3.82507 -28.0848
-46.156 0.109071 -29.1698
-47.336 1.22807 -32.6928
-44.099 3.18907 -33.4208
-41.501 1.24307 -35.5048
-43.064 -2.30593 -35.1418
-39.74 -3.73793 -36.4838

-36.265 -2.53993 -35.3418
-34.883 -2.54293 -38.9448
-37.03 0.512071 -39.9428
-35.729 2.44807 -36.8718
-32.129 1.28007 -37.5808
-32.192 2.31707 -41.2968
-33.402 5.84507 -40.3428
-31.567 6.65907 -37.0548

-28.674 4.12807 -36.6768
-27.015 4.61107 -40.1548
-27.663 0.902071 -40.7708

-25.086 -0.744929 -43.1018
-25.335 -4.09293 -44.9438
-22.055 -5.93593 -44.1868

-21.059 -9.41793 -45.6148
-22.109 -10.9849 -42.2278

-25.465 -9.09193 -41.8208
-26.629 -5.60893 -40.7268
-24.539 -3.18393 -38.6448

-26.55 -0.712929 -36.4508
-23.619 0.903071 -34.4918
-23.95 4.23007 -36.3848
-26.169 7.31707 -36.0388
-28.297 9.37707 -38.4778
-31.052 12.0721 -38.5558

-30.592 12.7891 -34.7808
-32.423 16.1871 -34.8798
-35.523 14.4111 -36.3368
-35.198 11.6971 -33.6328
-35.017 14.4651 -30.9398
-38.225 16.1031 -32.3088
-40.058 12.7081 -32.4178
-38.946 11.8851 -28.8308
-40.005 15.2831 -27.3438
-43.407 15.3331 -29.1568
-44.584 11.7241 -28.6218

-42.353 9.72207 -26.1558

-40.22 11.7801 -23.7718
-40.278 14.6741 -21.3008

-36.675 15.9161 -20.7678
-35.368 18.9171 -18.7788
-31.793 19.7521 -17.8048

-30.267 21.2361 -14.5768
-29.656 24.4401 -16.5988
-33.411 24.6891 -17.4988
-34.851 24.3191 -13.9388

-32.04 24.8141 -11.3168
-30.079 28.0491 -12.1478
-28.665 27.8121 -8.54783
-26.66 24.5441 -8.96383

-22.861 25.2381 -8.97883
-21.108 24.5041 -12.3028

-19.452 21.1341 -13.0458
-15.836 21.9821 -14.0238
-14.299 19.0921 -16.0258
-10.62 18.5941 -16.9728
-8.25797 15.9851 -18.3748
-5.21697 15.2901 -16.1338
-2.39797 13.7361 -18.1888

-0.617967 11.5351 -15.5978
3.09703 11.3541 -16.4078

4.08103 8.12307 -18.3308
7.69603 8.59407 -17.0028
6.65803 6.40207 -13.9808

5.61703 3.61307 -16.4658
8.75503 1.43207 -16.3998

10.261 0.159071 -19.6978
8.94903 -3.45893 -19.1568
5.32703 -2.26093 -18.6058
5.60403 0.0690714 -21.6668
7.03303 -2.77593 -23.8188
4.09503 -4.99293 -22.6338
1.54903 -2.25793 -23.6318
3.34603 -1.85993 -27.0218
3.25903 -5.68593 -27.4528
-0.513967 -5.99493 -26.7048
-1.20197 -2.94293 -28.9728
0.753033 -4.61893 -31.8598
-1.02097 -7.93193 -31.0688
-4.51797 -6.37993 -31.6528
-3.42697 -5.04893 -35.1238

-1.94697 -8.37893 -36.3758
-3.77697 -9.47693 -39.5808
-3.63597 -13.2569 -39.0458
-5.50697 -13.4179 -35.6608
-9.07997 -14.6459 -35.1538

-11.876 -12.2589 -33.9998
-11.557 -13.9209 -30.5368
-7.73497 -13.4619 -30.2478
-8.28597 -9.75993 -31.2188
-10.875 -9.40693 -28.3438
-8.50697 -11.2269 -25.9068
-5.55797 -8.93493 -26.8638
-7.90897 -5.89693 -26.4078
-8.92397 -7.09893 -22.8838
-5.20897 -7.67993 -22.0768
-4.23897 -4.15893 -23.3488
-7.06597 -2.61993 -21.2338
-6.11097 -4.56893 -18.0358
-2.37797 -3.65193 -18.6028
-3.42797 0.0380714 -18.9628
-5.07897 -0.150929 -15.5028
-1.91897 -1.73193 -13.9338
0.381033 0.829071 -15.6618
-1.61797 3.80307 -14.2158
-1.67097 2.60707 -10.5178
1.61603 4.36007 -9.38083
0.679033 7.79307 -10.8528
-3.00597 7.43807 -9.81283
-1.66497 6.89007 -6.24183
0.807033 9.83307 -6.62883
-2.11997 12.0841 -7.71183
-4.43197 10.9321 -4.82183
-1.62697 11.7001 -2.31083
-0.972967 15.1501 -3.93583
-4.72197 15.9471 -3.45983
-4.59497 14.9361 0.265166
-1.26997 16.8011 0.855166

-2.92797 19.8801 -0.827834
-5.40797 19.8651 2.14617
-8.57697 18.5681 0.355166
-11.271 17.6151 2.88317
-13.524 15.2661 0.759166

-13.305 13.6711 -2.72183
-14.473 10.5951 -4.69283
-12.103 8.23307 -6.56783
-13.689 6.16607 -9.37183
-12.068 3.01107 -10.8428

-13.45 -0.289929 -12.3198
-10.572 -2.83393 -12.2648

-10.441 -4.51793 -8.81183
-6.57797 -4.31593 -8.75383
-6.80797 -0.458929 -8.99583
-9.41097 -0.273929 -6.15183
-7.24997 -2.70893 -4.06583
-3.98497 -0.726929 -4.61983
-5.66197 2.65207 -3.77383
-7.21497 1.22307 -0.534834
-3.87897 -0.409929 0.495166
-1.93697 2.89307 0.0751657
-4.62297 4.90607 1.98317
-4.40497 2.31507 4.84817
-0.542967 2.53907 4.73317

-0.830967 6.39407 4.98917
-3.49897 5.96207 7.79017
-6.07697 7.92207 5.68817
-9.68097 7.23507 6.75717

-11.684 6.24407 3.64617
-14.769 4.27607 2.48017
-14.847 1.55907 -0.235834
-17.849 0.458071 -2.37983

-17.583 -2.26393 -5.07783
-19.416 -5.35993 -6.49183
-18.838 -7.27693 -3.18283
-20.272 -4.52793 -0.866834
-23.785 -5.53293 0.322166
-26.948 -3.43693 -0.333834
-27.321 -2.32893 3.35417

-23.563 -1.68693 3.94117
-23.572 0.538071 0.774166
-26.133 2.87007 2.43817
-24.284 2.81507 5.82217
-20.848 3.60307 4.21417
-22.589 6.37207 2.19117
-23.923 7.86007 5.49117
-20.446 7.47707 7.14417
-18.798 9.49307 4.27617
-21.646 12.0931 4.32617
-21.72 12.6571 8.13717

-18.087 11.9941 9.27117
-15.503 14.7761 8.58517
-12.7 12.1481 9.03517
-13.511 10.1441 5.85717
-11.542 12.1251 3.23617

-11.684 9.60107 0.323166
-14.444 7.43007 -1.15583
-12.982 4.56807 -3.28583
-15.838 3.65807 -5.65883
-16.412 1.13007 -8.44683

-17.724 3.02607 -11.5478
-20.153 0.116071 -12.2568
-21.216 -0.732929 -8.65983
-21.703 2.86107 -7.29283
-23.425 4.39007 -10.4258
-26.886 3.91607 -8.73783
-28.884 4.87207 -5.58683
-26.117 6.63807 -3.59183
-25.668 10.4101 -2.90683
-22.215 11.9531 -2.19783
-23.052 15.6881 -1.75183
-20.342 16.0201 1.00117
-17.558 15.9551 -1.67183
-16.674 18.7601 -4.16883

-14.227 16.6831 -6.31083
-14.536 13.5191 -8.45283
-11.369 11.7521 -9.73783
-11.746 9.11907 -12.4818

-8.58597 6.99607 -12.0378
-9.79497 4.97607 -15.0688
-11.806 5.77907 -18.2168
-14.999 3.81407 -19.0128
-16.085 3.26007 -22.6798
-19.731 4.23207 -21.9348

-20.271 8.00907 -21.2868
-23.744 7.46107 -19.7238
-22.043 5.59407 -16.8038
-19.424 8.39007 -16.3888
-22.261 11.0181 -16.2348
-24.141 8.77807 -13.6998
-20.963 8.77107 -11.5198
-20.489 12.6221 -11.7518

-24.187 13.0971 -10.7338
-23.513 11.2501 -7.44983
-21.892 14.5301 -6.18483
-23.824 17.0521 -8.32983
-27.208 16.5591 -6.50583
-29.748 18.7331 -4.62283
-27.824 19.6751 -1.42583
-24.516 20.4471 -3.24783
-23.287 24.0471 -2.53383
-19.765 23.9781 -4.14683
-18.662 23.9411 -7.83283

-18.04 20.2601 -8.65583
-14.55 19.4391 -9.98783
-14.288 16.3881 -12.3228
-10.727 15.1361 -13.0638
-10.223 12.4521 -15.7758
-6.80297 10.7571 -15.2678
-5.26997 9.74107 -18.6708

-1.88097 8.24107 -19.6928
-0.179967 8.76007 -23.1218
0.926033 5.39507 -24.6458
-2.09697 3.42007 -23.2278
-5.76897 2.42007 -23.8538

-6.78097 6.00407 -22.7748
-5.46197 7.34807 -26.1588
-8.24197 5.34007 -27.9688
-10.941 5.41707 -25.2348
-10.977 9.23107 -24.8148
-11.788 10.0731 -28.5288
-14.373 7.18607 -28.4788
-16.082 8.62307 -25.3348
-16.069 12.1361 -26.9518
-17.762 11.0531 -30.2338
-20.363 9.12807 -28.1188
-21.205 12.2631 -25.9998
-21.565 14.2551 -29.2718
-24.038 11.6101 -30.6368
-25.96 11.8761 -27.3048
-25.945 15.7401 -27.4688
-27.172 15.8241 -31.1388

-30.045 13.5021 -30.0218
-30.845 16.0441 -27.1768
-29.769 13.4431 -24.5328
-26.749 15.3501 -23.0568
-25.574 18.9651 -22.4848
-22.116 17.5261 -21.7498
-19.642 18.6621 -24.3948
-16.202 16.9901 -23.9218
-14.317 18.7961 -26.8108

-13.311 21.8851 -24.7288
-11.263 19.6961 -22.2858
-8.91597 18.3791 -25.0648
-8.06497 21.7761 -26.6238

-6.79997 22.7351 -23.0938
-4.31497 19.7621 -22.6708

End chain 1
