-13.201 -6.296 -53.957
-10.703 -3.406 -53.291
-9.54 -3.087 -49.639
-11.02 0.322 -48.639
-8.614 1.85 -46.053
-10.787 3.126 -43.162

-9.634 6.195 -41.181
-10.061 4.9 -37.589
-10.286 6.838 -34.306
-12.195 7.103 -30.979
-14.163 9.439 -28.711
-12.619 10.223 -25.263
-14.157 12.207 -22.344

-11.943 15.248 -21.466
-14.301 16.978 -18.949
-17.827 16.65 -17.399
-19.139 18.761 -20.353

-16.752 17.96 -23.312
-15.482 14.956 -25.281
-12.62 14.751 -27.824
-12.437 12.939 -31.204
-8.982 11.264 -31.393
-8.672 10.357 -35.1

-6.282 10.744 -38.079
-6.98 13.557 -40.6
-9.895 13.022 -43.051

-11.208 15.853 -45.293
-14.92 14.856 -45.011
-14.611 14.37 -41.226
-13.015 17.857 -40.827
-15.875 19.254 -42.999
-18.403 17.482 -40.669
-16.559 18.759 -37.515
-16.844 22.341 -38.957

-20.697 21.797 -39.029
-20.861 21.033 -35.24
-22.116 23.933 -33.104
-20.016 23.255 -29.939
-16.791 22.621 -31.971

-13.393 23.436 -30.391
-10.011 22.816 -32.063
-6.805 22.812 -29.99

-3.883 23.919 -32.209
-1.328 22.314 -29.773
-2.753 18.736 -29.691
-4.334 19.137 -33.217

-7.578 17.622 -31.79
-11.313 18.386 -31.995
-13.683 18.544 -28.991
-17.466 19.001 -28.65
-20.131 19.402 -25.91

-21.257 16.038 -24.476
-24.923 16.743 -25.497
-23.731 16.722 -29.178
-22.178 13.179 -28.839
-25.228 11.354 -30.322
-25.57 14.044 -33.093
-21.852 13.682 -34.021
-21.815 9.829 -34.037
-25.045 9.774 -36.128
-23.507 12.176 -38.75
-20.093 10.348 -38.803

-21.793 6.948 -39.527
-22.962 8.546 -42.834
-19.328 9.196 -43.991
-17.677 6.563 -46.261
-14.251 5.2 -45.121

-14.46 6.789 -41.562
-14.765 4.819 -38.279
-15.142 6.964 -35.114
-15.663 4.659 -32.101

-18.218 6.249 -29.657
-17.862 6.903 -25.912
-18.35 3.469 -24.195
-21.794 2.549 -22.772
-20.235 2.829 -19.255
-19.534 6.58 -19.812
-22.964 7.196 -21.431
-24.623 5.531 -18.378
-22.42 7.523 -15.909

-23.028 10.919 -17.654
-26.668 10.153 -18.714
-27.851 13.482 -17.123

-25.214 15.594 -18.963
-26 13.8 -22.296
-29.631 15.147 -21.909

-29.014 18.802 -20.797
-28.522 21.656 -23.337
-27.494 23.803 -20.296
-24.374 24.206 -18.108
-26.03 23.63 -14.722
-23.195 22.587 -12.38
-23.731 19.355 -10.334

-27.219 19.392 -8.694
-26.798 20.208 -4.988
-26.578 17.032 -2.906
-29.814 16.999 -0.82
-29.276 16.946 2.956
-30.305 13.551 4.343

-32.727 13.25 7.268
-30.389 11.851 9.975
-33.077 12.019 12.787
-33.159 8.159 12.923
-29.32 8.149 13.454
-27.82 8.306 16.969

-27.52 12.074 17.913
-23.991 11.509 19.371
-22.796 10.469 15.867
-24.731 13.185 13.93
-23.402 16.008 16.22
-19.738 14.82 15.861

-19.687 14.822 11.995
-17.445 17.587 10.586

-19.106 19.692 7.763
-17.231 17.783 4.996
-18.064 14.402 6.666
-21.796 15.407 6.677
-21.562 16.318 2.947
-19.943 12.855 2.346
-22.788 11.075 4.244
-25.363 13.084 2.191
-23.555 12.165 -1.104
-23.43 8.459 -0.115
-27.196 8.491 0.728
-28.024 10.343 -2.565

-25.973 7.645 -4.472
-28.214 5.048 -2.67
-25.512 3.7 -0.27

-23.352 2.353 -3.174
-19.956 4.118 -3.237
-16.209 4.012 -2.721
-15.295 6.541 0.021

-11.694 7.195 -1.128

-11.135 10.189 1.225
-7.504 10.605 2.377

-7.70734 9.76701 -1.39854
-5.98901 6.42217 -0.942038
-5.04014 2.90271 -0.209812
-1.81486 2.50567 1.92764

1.13121 1.53091 -0.266315
2.23953 -1.11235 2.22922
-1.26088 -2.58546 2.37046
-1.4426 -2.76609 -1.42128
1.918 -4.53218 -1.5949
0.821638 -7.08129 1.00181
-2.38487 -7.79333 -0.909794
-0.456341 -8.31266 -4.14305
1.93226 -10.731 -2.4433
-0.962014 -12.7318 -1.00705
-2.61878 -12.9678 -4.41913

-3.29178 -16.4408 -5.99013

-3.77578 -18.2058 -2.51613
-7.27778 -19.3558 -3.72713
-5.44178 -21.4548 -6.43513
-3.01778 -23.3668 -4.08713
-1.37278 -25.9118 -3.32713

1.83422 -23.9468 -4.00913
5.05722 -25.6358 -5.22813
8.37322 -23.8268 -4.50013
11.4762 -25.2378 -6.27413
14.7792 -23.8558 -4.89413

18.5582 -24.5148 -4.51113
19.1922 -27.3188 -1.93013
20.7522 -24.8038 0.595869
17.9192 -22.1388 0.701869

14.8502 -24.3668 1.50587
14.7132 -23.2518 5.17787
15.4542 -19.6008 4.13287
12.2432 -19.8028 2.00887
10.1942 -21.3958 4.87787
11.3402 -18.5788 7.23187
10.4992 -16.0228 4.47187
6.88622 -17.3878 4.26287
6.52622 -17.3588 8.11387
8.01222 -13.7988 8.22587
5.78522 -12.3038 5.48087

2.48722 -14.3078 5.74287
1.75722 -14.5488 9.55887
-1.77978 -15.7078 8.45087
-0.155782 -19.1998 7.90887
0.578218 -21.7838 10.6199

3.97622 -23.6028 10.3599
1.97022 -26.8188 9.58287
0.828218 -25.1658 6.29387

4.51722 -25.3148 5.07887
6.10322 -28.6228 3.99087
9.92722 -28.5398 3.58387

10.9062 -31.6148 1.53787
14.2922 -32.8018 2.87487
14.4072 -36.3358 1.31587
13.2032 -38.2978 -1.76213
10.8392 -40.3188 0.572869
8.82022 -37.3068 1.81987
5.25622 -36.4158 0.661869
5.53322 -33.4718 -1.79613
1.79222 -32.6008 -1.22413
1.68922 -32.6648 2.62987
1.50022 -28.8308 3.03887
-0.471782 -25.9648 1.49787

3.02022 -24.6388 0.540869
5.54322 -27.3318 -0.532131
9.27222 -26.3968 -0.694131
11.5992 -28.8008 -2.61013
15.0792 -28.7938 -4.20613

15.9502 -29.2388 -7.92013
17.8512 -32.5078 -7.12213
14.7752 -34.0448 -5.38413
12.3082 -33.2678 -8.27513

13.6822 -36.2138 -10.3571
13.3212 -38.5718 -7.31413
9.76522 -37.2388 -6.65213
8.59422 -37.3138 -10.3581
5.87722 -39.9138 -9.45313
4.36522 -37.3348 -6.98513
4.65322 -34.3928 -9.50813
1.53722 -35.9318 -11.2191
-0.579782 -33.9498 -8.67213
-1.48578 -30.6358 -10.4451
0.241218 -27.7338 -8.65513
-1.62778 -24.7138 -10.1371

0.904218 -22.1758 -8.70513
4.67222 -22.7968 -9.06813
7.60122 -20.6438 -7.89513
11.0912 -21.6088 -9.13713

13.9462 -19.7358 -7.43813
17.2672 -19.3638 -9.34613

15.5422 -20.8508 -12.4661
18.8432 -20.7058 -14.4651
19.3562 -24.2408 -12.9531
16.8342 -25.3648 -15.6731

19.0502 -23.9348 -18.5511
19.7472 -27.4078 -20.1081
16.6952 -29.4818 -21.2331
18.6142 -32.8468 -21.1351
19.2222 -32.6148 -17.3361

17.0572 -34.7678 -15.0051
16.0402 -31.6208 -12.9841
14.7762 -29.9078 -16.1901
13.0222 -33.0918 -17.5031
11.1472 -33.4038 -14.1451
10.2952 -29.6358 -13.8291
9.14322 -28.8518 -17.4221
5.90822 -31.0218 -17.5001
4.64722 -29.2848 -14.2961
5.60422 -25.7708 -15.5611
3.71522 -26.3248 -18.8831
0.460218 -27.4258 -17.0731

0.536218 -25.1428 -13.9621
-1.76378 -22.0408 -14.2011

0.782218 -19.6148 -12.6011
4.58922 -19.8458 -13.1261
6.83922 -17.4218 -11.2071
10.4632 -17.9558 -12.3201
13.1812 -16.0198 -10.4091

16.8692 -15.4338 -11.3161
19.6102 -12.7868 -10.9241
21.3182 -14.1978 -14.0341
18.6062 -15.7208 -16.3291
21.3452 -16.5198 -18.8421
24.7642 -17.4548 -17.3741
26.7872 -17.2258 -20.6531
24.6482 -17.6838 -23.8611

21.1222 -17.0868 -25.3811
20.4632 -20.8948 -25.5981
20.2062 -21.0168 -21.7201
16.9892 -18.8688 -21.8761
14.9802 -21.3448 -24.0251
13.7042 -23.5248 -21.1111
12.6272 -20.3908 -19.1401
10.8702 -18.9048 -22.2551
8.84922 -22.1368 -22.8731
8.06322 -22.4248 -19.1111
6.50422 -18.8818 -19.0931

5.00122 -19.1528 -22.6691
4.61622 -22.8688 -23.7541
3.43622 -21.7498 -27.2771
6.67322 -19.7888 -28.0051
9.27122 -21.7348 -30.0891
7.70822 -25.2838 -29.7261
11.0322 -26.7158 -31.0681

14.5072 -25.5178 -29.9261
15.8892 -25.5208 -33.5291
13.7422 -22.4658 -34.5271
15.0432 -20.5298 -31.4561
18.6432 -21.6978 -32.1651
18.5802 -20.6608 -35.8811
17.3702 -17.1328 -34.9271
19.2052 -16.3188 -31.6391

22.0982 -18.8498 -31.2611
23.7572 -18.3668 -34.7391
23.1092 -22.0758 -35.3551

25.6862 -23.7228 -37.6861
25.4372 -27.0708 -39.5281
28.7172 -28.9138 -38.7711

29.7132 -32.3958 -40.1991
28.6632 -33.9628 -36.8121

25.3072 -32.0698 -36.4051
24.1432 -28.5868 -35.3111
26.2332 -26.1618 -33.2291

24.2222 -23.6908 -31.0351
27.1532 -22.0748 -29.0761
26.8222 -18.7478 -30.9691
24.6032 -15.6608 -30.6231
22.4752 -13.6008 -33.0621
19.7202 -10.9058 -33.1401

20.1802 -10.1888 -29.3651
18.3492 -6.79079 -29.4641
15.2492 -8.56679 -30.9211
15.5742 -11.2808 -28.2171
15.7552 -8.51279 -25.5241
12.5472 -6.87479 -26.8931
10.7142 -10.2698 -27.0021
11.8262 -11.0928 -23.4151
10.7672 -7.69479 -21.9281
7.36522 -7.64479 -23.7411
6.18822 -11.2538 -23.2061

8.41922 -13.2558 -20.7401

10.5522 -11.1978 -18.3561
10.4942 -8.30379 -15.8851

14.0972 -7.06179 -15.3521
15.4042 -4.06079 -13.3631
18.9792 -3.22579 -12.3891

20.5052 -1.74179 -9.16113
21.1162 1.46221 -11.1831
17.3612 1.71121 -12.0831
15.9212 1.34121 -8.52313

18.7322 1.83621 -5.90113
20.6932 5.07121 -6.73213
22.1072 4.83421 -3.13213
24.1122 1.56621 -3.54813

27.9112 2.26021 -3.56313
29.6642 1.52621 -6.88713

31.3202 -1.84379 -7.63013
34.9362 -0.995791 -8.60813
36.4732 -3.88579 -10.6101
40.1522 -4.38379 -11.5571
42.5142 -6.99279 -12.9591
45.5552 -7.68779 -10.7181
48.3742 -9.24179 -12.7731

50.1542 -11.4428 -10.1821
53.8692 -11.6238 -10.9921

54.8532 -14.8548 -12.9151
58.4682 -14.3838 -11.5871
57.4302 -16.5758 -8.56513

56.3892 -19.3648 -11.0501
59.5272 -21.5458 -10.9841

61.0332 -22.8188 -14.2821
59.7212 -26.4368 -13.7411
56.0992 -25.2388 -13.1901
56.3762 -22.9088 -16.2511
57.8052 -25.7538 -18.4031
54.8672 -27.9708 -17.2181
52.3212 -25.2358 -18.2161
54.1182 -24.8378 -21.6061
54.0312 -28.6638 -22.0371
50.2582 -28.9728 -21.2891
49.5702 -25.9208 -23.5571
51.5252 -27.5968 -26.4441
49.7512 -30.9098 -25.6531
46.2542 -29.3578 -26.2371
47.3452 -28.0268 -29.7081

48.8252 -31.3568 -30.9601
46.9952 -32.4548 -34.1651
47.1362 -36.2348 -33.6301
45.2652 -36.3958 -30.2451
41.6922 -37.6238 -29.7381

38.8962 -35.2368 -28.5841
39.2152 -36.8988 -25.1211
43.0372 -36.4398 -24.8321
42.4862 -32.7378 -25.8031
39.8972 -32.3848 -22.9281
42.2652 -34.2048 -20.4911
45.2142 -31.9128 -21.4481
42.8632 -28.8748 -20.9921
41.8482 -30.0768 -17.4681
45.5632 -30.6578 -16.6611
46.5332 -27.1368 -17.9331
43.7062 -25.5978 -15.8181
44.6612 -27.5468 -12.6201
48.3942 -26.6298 -13.1871
47.3442 -22.9398 -13.5471
45.6932 -23.1288 -10.0871
48.8532 -24.7098 -8.51813
51.1532 -22.1488 -10.2461
49.1542 -19.1748 -8.80013
49.1012 -20.3708 -5.10213
52.3882 -18.6178 -3.96513
51.4512 -15.1848 -5.43713
47.7662 -15.5398 -4.39713
49.1072 -16.0878 -0.826131
51.5792 -13.1448 -1.21313
48.6522 -10.8938 -2.29613
46.3402 -12.0458 0.593869
49.1452 -11.2778 3.10487
49.7992 -7.82779 1.47987
46.0502 -7.03079 1.95587
46.1772 -8.04179 5.68087
49.5022 -6.17679 6.27087

47.8442 -3.09779 4.58787
45.3642 -3.11279 7.56187
42.1952 -4.40979 5.77087
39.5012 -5.36279 8.29887
37.2482 -7.71179 6.17487

37.4672 -9.30679 2.69387
36.2992 -12.3828 0.722869
38.6692 -14.7448 -1.15213
37.0832 -16.8118 -3.95613
38.7042 -19.9668 -5.42713

37.3222 -23.2678 -6.90413
40.2002 -25.8118 -6.84913

40.3312 -27.4958 -3.39613
44.1942 -27.2938 -3.33813
43.9642 -23.4368 -3.58013
41.3612 -23.2518 -0.736131
43.5222 -25.6868 1.34987
46.7872 -23.7048 0.795869
45.1102 -20.3258 1.64187
43.5572 -21.7548 4.88087
46.8932 -23.3878 5.91087
48.8352 -20.0848 5.49087
46.1492 -18.0718 7.39887
46.3672 -20.6628 10.2639
50.2292 -20.4388 10.1489

49.9412 -16.5838 10.4049
47.2732 -17.0158 13.2059
44.6952 -15.0558 11.1039
41.0912 -15.7428 12.1729

39.0882 -16.7338 9.06187
36.0032 -18.7018 7.89587
35.9252 -21.4188 5.17987
32.9232 -22.5198 3.03587

33.1892 -25.2418 0.337869
31.3562 -28.3378 -1.07613
31.9342 -30.2548 2.23287
30.5002 -27.5058 4.54887
26.9872 -28.5108 5.73787
23.8242 -26.4148 5.08187
23.4512 -25.3068 8.76987

27.2092 -24.6648 9.35687
27.2002 -22.4398 6.18987
24.6392 -20.1078 7.85387
26.4882 -20.1628 11.2379
29.9242 -19.3748 9.62987
28.1832 -16.6058 7.60687
26.8492 -15.1178 10.9069
30.3262 -15.5008 12.5599
31.9742 -13.4848 9.69187
29.1262 -10.8848 9.74187
29.0522 -10.3208 13.5529

32.6852 -10.9838 14.6869
35.2692 -8.20179 14.0009
38.0722 -10.8298 14.4509
37.2612 -12.8338 11.2729
39.2302 -10.8528 8.65187

39.0882 -13.3768 5.73887
36.3282 -15.5478 4.25987
37.7902 -18.4098 2.12987
34.9342 -19.3198 -0.243131
34.3602 -21.8478 -3.03113

33.0482 -19.9518 -6.13213
30.6192 -22.8618 -6.84113
29.5562 -23.7108 -3.24413
29.0692 -20.1168 -1.87713
27.3472 -18.5878 -5.01013
23.8862 -19.0618 -3.32213
21.8882 -18.1058 -0.171131
24.6552 -16.3398 1.82387
25.1042 -12.5678 2.50887
28.5572 -11.0248 3.21787
27.7202 -7.28979 3.66387
30.4302 -6.95779 6.41687
33.2142 -7.02279 3.74387
34.0982 -4.21779 1.24687

36.5452 -6.29479 -0.895131
36.2362 -9.45879 -3.03713
39.4032 -11.2258 -4.32213
39.0262 -13.8588 -7.06613

42.1862 -15.9818 -6.62213
40.9772 -18.0018 -9.65313
38.9662 -17.1988 -12.8011
35.7732 -19.1638 -13.5971
34.6872 -19.7178 -17.2641
31.0412 -18.7458 -16.5191

30.5012 -14.9688 -15.8711
27.0282 -15.5168 -14.3081
28.7292 -17.3838 -11.3881
31.3482 -14.5878 -10.9731
28.5112 -11.9598 -10.8191
26.6312 -14.1998 -8.28413
29.8092 -14.2068 -6.10413
30.2832 -10.3558 -6.33613

26.5852 -9.88079 -5.31813
27.2592 -11.7278 -2.03413
28.8802 -8.44779 -0.769131
26.9482 -5.92579 -2.91413
23.5642 -6.41879 -1.09013
21.0242 -4.24479 0.792869
22.9482 -3.30279 3.98987
26.2562 -2.53079 2.16787
27.4852 1.06921 2.88187
31.0072 1.00021 1.26887
32.1102 0.963209 -2.41713

32.7322 -2.71779 -3.24013
36.2222 -3.53879 -4.57213
36.4842 -6.58979 -6.90713
40.0452 -7.84179 -7.64813
40.5492 -10.5258 -10.3601
43.9692 -12.2208 -9.85213
45.5022 -13.2368 -13.2551

48.8912 -14.7368 -14.2771
50.5922 -14.2178 -17.7061
51.6982 -17.5828 -19.2301
48.6752 -19.5578 -17.8121
45.0032 -20.5578 -18.4381

43.9912 -16.9738 -17.3591
45.3102 -15.6298 -20.7431
42.5302 -17.6378 -22.5531
39.8312 -17.5608 -19.8191
39.7952 -13.7468 -19.3991
38.9842 -12.9048 -23.1131
36.3992 -15.7918 -23.0631
34.6902 -14.3548 -19.9191
34.7032 -10.8418 -21.5361
33.0102 -11.9248 -24.8181
30.4092 -13.8498 -22.7031
29.5672 -10.7148 -20.5841
29.2072 -8.72279 -23.8561
26.7342 -11.3678 -25.2211
24.8122 -11.1018 -21.8891
24.8272 -7.23779 -22.0531
23.6002 -7.15379 -25.7231

20.7272 -9.47579 -24.6061
19.9272 -6.93379 -21.7611
21.0032 -9.53479 -19.1171
24.0232 -7.62779 -17.6411
25.1982 -4.01279 -17.0691
28.6562 -5.45179 -16.3341
31.1302 -4.31579 -18.9791
34.5702 -5.98779 -18.5061
36.4552 -4.18179 -21.3951

37.4612 -1.09279 -19.3131
39.5092 -3.28179 -16.8701
41.8562 -4.59879 -19.6491
42.7072 -1.20179 -21.2081

43.9722 -0.242791 -17.6781
46.4572 -3.21579 -17.2551

End chain 1
