-13.201 -6.296 -53.957
-10.703 -3.406 -53.291
-9.54 -3.087 -49.639
-11.02 0.322 -48.639
-8.614 1.85 -46.053
-10.787 3.126 -43.162

-9.634 6.195 -41.181
-10.061 4.9 -37.589
-10.286 6.838 -34.306
-12.195 7.103 -30.979
-14.163 9.439 -28.711
-12.619 10.223 -25.263
-14.157 12.207 -22.344

-11.943 15.248 -21.466
-14.301 16.978 -18.949
-17.827 16.65 -17.399
-19.139 18.761 -20.353

-16.752 17.96 -23.312
-15.482 14.956 -25.281
-12.62 14.751 -27.824
-12.437 12.939 -31.204
-8.982 11.264 -31.393
-8.672 10.357 -35.1

-6.282 10.744 -38.079
-6.98 13.557 -40.6
-9.895 13.022 -43.051

-11.208 15.853 -45.293
-14.92 14.856 -45.011
-14.611 14.37 -41.226
-13.015 17.857 -40.827
-15.875 19.254 -42.999
-18.403 17.482 -40.669
-16.559 18.759 -37.515
-16.844 22.341 -38.957

-20.697 21.797 -39.029
-20.861 21.033 -35.24
-22.116 23.933 -33.104
-20.016 23.255 -29.939
-16.791 22.621 -31.971

-13.393 23.436 -30.391
-10.011 22.816 -32.063
-6.805 22.812 -29.99

-3.883 23.919 -32.209
-1.328 22.314 -29.773
-2.753 18.736 -29.691
-4.334 19.137 -33.217

-7.578 17.622 -31.79
-11.313 18.386 -31.995
-13.683 18.544 -28.991
-17.466 19.001 -28.65
-20.131 19.402 -25.91

-21.257 16.038 -24.476
-24.923 16.743 -25.497
-23.731 16.722 -29.178
-22.178 13.179 -28.839
-25.228 11.354 -30.322
-25.57 14.044 -33.093
-21.852 13.682 -34.021
-21.815 9.829 -34.037
-25.045 9.774 -36.128
-23.507 12.176 -38.75
-20.093 10.348 -38.803

-21.793 6.948 -39.527
-22.962 8.546 -42.834
-19.328 9.196 -43.991
-17.677 6.563 -46.261
-14.251 5.2 -45.121

-14.46 6.789 -41.562
-14.765 4.819 -38.279
-15.142 6.964 -35.114
-15.663 4.659 -32.101

-18.218 6.249 -29.657
-17.862 6.903 -25.912
-18.35 3.469 -24.195
-21.794 2.549 -22.772
-20.235 2.829 -19.255
-19.534 6.58 -19.812
-22.964 7.196 -21.431
-24.623 5.531 -18.378
-22.42 7.523 -15.909

-23.028 10.919 -17.654
-26.668 10.153 -18.714
-27.851 13.482 -17.123

-25.214 15.594 -18.963
-26 13.8 -22.296
-29.631 15.147 -21.909

-29.014 18.802 -20.797
-28.522 21.656 -23.337
-27.494 23.803 -20.296
-24.374 24.206 -18.108
-26.03 23.63 -14.722
-23.195 22.587 -12.38
-23.731 19.355 -10.334

-27.219 19.392 -8.694
-26.798 20.208 -4.988
-26.578 17.032 -2.906
-29.814 16.999 -0.82
-29.276 16.946 2.956
-30.305 13.551 4.343

-32.727 13.25 7.268
-30.389 11.851 9.975
-33.077 12.019 12.787
-33.159 8.159 12.923
-29.32 8.149 13.454
-27.82 8.306 16.969

-27.52 12.074 17.913
-23.991 11.509 19.371
-22.796 10.469 15.867
-24.731 13.185 13.93
-23.402 16.008 16.22
-19.738 14.82 15.861

-19.687 14.822 11.995
-17.445 17.587 10.586

-19.106 19.692 7.763
-17.231 17.783 4.996
-18.064 14.402 6.666
-21.796 15.407 6.677
-21.562 16.318 2.947
-19.943 12.855 2.346
-22.788 11.075 4.244
-25.363 13.084 2.191
-23.555 12.165 -1.104
-23.43 8.459 -0.115
-27.196 8.491 0.728
-28.024 10.343 -2.565

-25.973 7.645 -4.472
-28.214 5.048 -2.67
-25.512 3.7 -0.27

-23.352 2.353 -3.174
-19.956 4.118 -3.237
-16.209 4.012 -2.721
-15.295 6.541 0.021

-11.694 7.195 -1.128

-11.135 10.189 1.225
-7.504 10.605 2.377

-6.048 8.715 5.398
-7.361 9.956 8.784
-10.233 12.169 7.374
-12.706 9.981 9.408

-13.844 7.354 6.831
-15.012 5.081 9.734
-17.363 7.714 11.316
-18.876 8.506 7.854
-19.282 4.738 7.09
-21.02 4.042 10.461
-23.415 6.996 9.798
-24.247 5.855 6.195
-24.846 2.277 7.463
-26.955 3.52 10.461
-29.227 5.531 8.078

-29.9 2.058 6.507

-30.384 0.293 9.981
-33.886 -0.857 8.77
-32.05 -2.956 6.062
-29.626 -4.868 8.41
-27.981 -7.413 9.17

-24.774 -5.448 8.488
-21.551 -7.137 7.269
-18.235 -5.328 7.997
-15.132 -6.739 6.223
-11.829 -5.357 7.603

-8.05 -6.016 7.986
-7.416 -8.82 10.567
-5.856 -6.305 13.093
-8.689 -3.64 13.199

-11.758 -5.868 14.003
-11.895 -4.753 17.675
-11.154 -1.102 16.63
-14.365 -1.304 14.506
-16.414 -2.897 17.375
-15.268 -0.08 19.729
-16.109 2.476 16.969
-19.722 1.111 16.76
-20.082 1.14 20.611
-18.596 4.7 20.723
-20.823 6.195 17.978

-24.121 4.191 18.24
-24.851 3.95 22.056
-28.388 2.791 20.948
-26.764 -0.701 20.406
-26.03 -3.285 23.117

-22.632 -5.104 22.857
-24.638 -8.32 22.08
-25.78 -6.667 18.791

-22.091 -6.816 17.576
-20.505 -10.124 16.488
-16.681 -10.041 16.081

-15.702 -13.116 14.035
-12.316 -14.303 15.372
-12.201 -17.837 13.813
-13.405 -19.799 10.735
-15.769 -21.82 13.07
-17.788 -18.808 14.317
-21.352 -17.917 13.159
-21.075 -14.973 10.701
-24.816 -14.102 11.273
-24.919 -14.166 15.127
-25.108 -10.332 15.536
-27.08 -7.466 13.995

-23.588 -6.14 13.038
-21.065 -8.833 11.965
-17.336 -7.898 11.803
-15.009 -10.302 9.887
-11.529 -10.295 8.291

-10.658 -10.74 4.577
-8.757 -14.009 5.375
-11.833 -15.546 7.113
-14.3 -14.769 4.222

-12.926 -17.715 2.14
-13.287 -20.073 5.183
-16.843 -18.74 5.845
-18.014 -18.815 2.139
-20.731 -21.415 3.044
-22.243 -18.836 5.512
-21.955 -15.894 2.989
-25.071 -17.433 1.278
-27.188 -15.451 3.825
-28.094 -12.137 2.052
-26.367 -9.235 3.842
-28.236 -6.215 2.36

-25.704 -3.677 3.792
-21.936 -4.298 3.429
-19.007 -2.145 4.602
-15.517 -3.11 3.36

-12.662 -1.237 5.059
-9.341 -0.865 3.151

-11.066 -2.352 0.031
-7.765 -2.207 -1.968
-7.252 -5.742 -0.456
-9.774 -6.866 -3.176

-10.2763 -4.65325 -6.27237
-7.66907 -5.09558 -8.96466
-4.99275 -6.88293 -6.96307
-1.78279 -6.29934 -4.88223
-3.18227 -2.97848 -5.86225

-6.7577 -1.75306 -6.25918
-6.33794 0.700965 -3.38787
-3.13139 2.0706 -4.89952
-4.81553 2.56007 -8.27102
-7.7149 4.41677 -6.66191
-5.3331 6.71428 -4.79341
-3.43309 7.50293 -7.98886
-6.65944 8.33561 -9.81648
-7.75671 10.663 -7.01968
-4.41177 12.4661 -7.0767
-4.62335 12.9429 -10.8411
-8.1343 14.3702 -10.5604

-8.0583 16.6532 -7.44937
-10.3583 19.7552 -7.68837

-7.8123 22.1812 -6.08837
-4.0053 21.9502 -6.61337
-1.7553 24.3742 -4.69437
1.8687 23.8402 -5.80737
4.5867 25.7762 -3.89637

8.2747 26.3622 -4.80337
11.0157 29.0092 -4.41137
12.7237 27.5982 -7.52137
10.0117 26.0752 -9.81637
12.7507 25.2762 -12.3294
16.1697 24.3412 -10.8614
18.1927 24.5702 -14.1404
16.0537 24.1122 -17.3484

12.5277 24.7092 -18.8684
11.8687 20.9012 -19.0854
11.6117 20.7792 -15.2074
8.3947 22.9272 -15.3634
6.3857 20.4512 -17.5124
5.1097 18.2712 -14.5984
4.0327 21.4052 -12.6274
2.2757 22.8912 -15.7424
0.254697 19.6592 -16.3604
-0.531303 19.3712 -12.5984
-2.0903 22.9142 -12.5804

-3.5933 22.6432 -16.1564
-3.9783 18.9272 -17.2414
-5.1583 20.0462 -20.7644
-1.9213 22.0072 -21.4924
0.676697 20.0612 -23.5764
-0.886303 16.5122 -23.2134
2.4377 15.0802 -24.5554

5.9127 16.2782 -23.4134
7.2947 16.2752 -27.0164
5.1477 19.3302 -28.0144
6.4487 21.2662 -24.9434
10.0487 20.0982 -25.6524
9.9857 21.1352 -29.3684
8.7757 24.6632 -28.4144
10.6107 25.4772 -25.1264

13.5037 22.9462 -24.7484
15.1627 23.4292 -28.2264
14.5147 19.7202 -28.8424

17.0917 18.0732 -31.1734
16.8427 14.7252 -33.0154
20.1227 12.8822 -32.2584

21.1187 9.40023 -33.6864
20.0687 7.83323 -30.2994

16.7127 9.72623 -29.8924
15.5487 13.2092 -28.7984
17.6387 15.6342 -26.7164

15.6277 18.1052 -24.5224
18.5587 19.7212 -22.5634
18.2277 23.0482 -24.4564
16.0087 26.1352 -24.1104
13.8807 28.1952 -26.5494
11.1257 30.8902 -26.6274

11.5857 31.6072 -22.8524
9.7547 35.0052 -22.9514
6.6547 33.2292 -24.4084
6.9797 30.5152 -21.7044
7.1607 33.2832 -19.0114
3.9527 34.9212 -20.3804
2.1197 31.5262 -20.4894
3.2317 30.7032 -16.9024
2.1727 34.1012 -15.4154
-1.2293 34.1512 -17.2284
-2.4063 30.5422 -16.6934

-0.175303 28.5402 -14.2274

1.9577 30.5982 -11.8434
1.8997 33.4922 -9.37237

5.5027 34.7342 -8.83937
6.8097 37.7352 -6.85037
10.3847 38.5702 -5.87637

11.9107 40.0542 -2.64837
12.5217 43.2582 -4.67037
8.7667 43.5072 -5.57037
7.3267 43.1372 -2.01037

10.1377 43.6322 0.611627
12.0987 46.8672 -0.219373
13.5127 46.6302 3.38063
15.5177 43.3622 2.96463

19.3167 44.0562 2.94963
21.0697 43.3222 -0.374373

22.7257 39.9522 -1.11737
26.3417 40.8002 -2.09537
27.8787 37.9102 -4.09737
31.5577 37.4122 -5.04437
33.9197 34.8032 -6.44637
36.9607 34.1082 -4.20537
39.7797 32.5542 -6.26037

41.5597 30.3532 -3.66937
45.2747 30.1722 -4.47937

46.2587 26.9412 -6.40237
49.8737 27.4122 -5.07437
48.8357 25.2202 -2.05237

47.7947 22.4312 -4.53737
50.9327 20.2502 -4.47137

52.4387 18.9772 -7.76937
51.1267 15.3592 -7.22837
47.5047 16.5572 -6.67737
47.7817 18.8872 -9.73837
49.2107 16.0422 -11.8904
46.2727 13.8252 -10.7054
43.7267 16.5602 -11.7034
45.5237 16.9582 -15.0934
45.4367 13.1322 -15.5244
41.6637 12.8232 -14.7764
40.9757 15.8752 -17.0444
42.9307 14.1992 -19.9314
41.1567 10.8862 -19.1404
37.6597 12.4382 -19.7244
38.7507 13.7692 -23.1954

40.2307 10.4392 -24.4474
38.4007 9.34123 -27.6524
38.5417 5.56123 -27.1174
36.6707 5.40023 -23.7324
33.0977 4.17223 -23.2254

30.3017 6.55923 -22.0714
30.6207 4.89723 -18.6084
34.4427 5.35623 -18.3194
33.8917 9.05823 -19.2904
31.3027 9.41123 -16.4154
33.6707 7.59123 -13.9784
36.6197 9.88323 -14.9354
34.2687 12.9212 -14.4794
33.2537 11.7192 -10.9554
36.9687 11.1382 -10.1484
37.9387 14.6592 -11.4204
35.1117 16.1982 -9.30537
36.0667 14.2492 -6.10737
39.7997 15.1662 -6.67437
38.7497 18.8562 -7.03437
37.0987 18.6672 -3.57437
40.2587 17.0862 -2.00537
42.5587 19.6472 -3.73337
40.5597 22.6212 -2.28737
40.5067 21.4252 1.41063
43.7937 23.1782 2.54763
42.8567 26.6112 1.07563
39.1717 26.2562 2.11563
40.5127 25.7082 5.68663
42.9847 28.6512 5.29963
40.0577 30.9022 4.21663
37.7457 29.7502 7.10663
40.5507 30.5182 9.61763
41.2047 33.9682 7.99263
37.4557 34.7652 8.46863
37.5827 33.7542 12.1936
40.9077 35.6192 12.7836

39.2497 38.6982 11.1006
36.7697 38.6832 14.0746
33.6007 37.3862 12.2836
30.9067 36.4332 14.8116
28.6537 34.0842 12.6876

28.8727 32.4892 9.20663
27.7047 29.4132 7.23563
30.0747 27.0512 5.36063
28.4887 24.9842 2.55663
30.1097 21.8292 1.08563

28.7277 18.5282 -0.391373
31.6057 15.9842 -0.336373

31.7367 14.3002 3.11663
35.5997 14.5022 3.17463
35.3697 18.3592 2.93263
32.7667 18.5442 5.77663
34.9277 16.1092 7.86263
38.1927 18.0912 7.30863
36.5157 21.4702 8.15463
34.9627 20.0412 11.3936
38.2987 18.4082 12.4236
40.2407 21.7112 12.0036
37.5547 23.7242 13.9116
37.7727 21.1332 16.7766
41.6347 21.3572 16.6616

41.3467 25.2122 16.9176
38.6787 24.7802 19.7186
36.1007 26.7402 17.6166
32.4967 26.0532 18.6856

30.4937 25.0622 15.5746
27.4087 23.0942 14.4086
27.3307 20.3772 11.6926
24.3287 19.2762 9.54863

24.5947 16.5542 6.85063
22.7617 13.4582 5.43663
23.3397 11.5412 8.74563
21.9057 14.2902 11.0616
18.3927 13.2852 12.2506
15.2297 15.3812 11.5946
14.8567 16.4892 15.2826

18.6147 17.1312 15.8696
18.6057 19.3562 12.7026
16.0447 21.6882 14.3666
17.8937 21.6332 17.7506
21.3297 22.4212 16.1426
19.5887 25.1902 14.1196
18.2547 26.6782 17.4196
21.7317 26.2952 19.0726
23.3797 28.3112 16.2046
20.5317 30.9112 16.2546
20.4577 31.4752 20.0656

24.0907 30.8122 21.1996
26.6747 33.5942 20.5136
29.4777 30.9662 20.9636
28.6667 28.9622 17.7856
30.6357 30.9432 15.1646

30.4937 28.4192 12.2516
27.7337 26.2482 10.7726
29.1957 23.3862 8.64263
26.3397 22.4762 6.26963
25.7657 19.9482 3.48163

24.4537 21.8442 0.380627
22.0247 18.9342 -0.328373
20.9617 18.0852 3.26863
20.4747 21.6792 4.63563
18.7527 23.2082 1.50263
15.2917 22.7342 3.19063
13.2937 23.6902 6.34163
16.0607 25.4562 8.33663
16.5097 29.2282 9.02163
19.9627 30.7712 9.73063
19.1257 34.5062 10.1766
21.8357 34.8382 12.9296
24.6197 34.7732 10.2566
25.5037 37.5782 7.75963

27.9507 35.5012 5.61763
27.6417 32.3372 3.47563
30.8087 30.5702 2.19063
30.4317 27.9372 -0.553373

33.5917 25.8142 -0.109373
32.3827 23.7942 -3.14037
30.3717 24.5972 -6.28837
27.1787 22.6322 -7.08437
26.0927 22.0782 -10.7514
22.4467 23.0502 -10.0064

21.9067 26.8272 -9.35837
18.4337 26.2792 -7.79537
20.1347 24.4122 -4.87537
22.7537 27.2082 -4.46037
19.9167 29.8362 -4.30637
18.0367 27.5962 -1.77137
21.2147 27.5892 0.408627
21.6887 31.4402 0.176627

17.9907 31.9152 1.19463
18.6647 30.0682 4.47863
20.2857 33.3482 5.74363
18.3537 35.8702 3.59863
14.9697 35.3772 5.42263
12.4297 37.5512 7.30563
14.3537 38.4932 10.5026
17.6617 39.2652 8.68063
18.8907 42.8652 9.39463
22.4127 42.7962 7.78163
23.5157 42.7592 4.09563

24.1377 39.0782 3.27263
27.6277 38.2572 1.94063
27.8897 35.2062 -0.394373
31.4507 33.9542 -1.13537
31.9547 31.2702 -3.84737
35.3747 29.5752 -3.33937
36.9077 28.5592 -6.74237

40.2967 27.0592 -7.76437
41.9977 27.5782 -11.1934
43.1037 24.2132 -12.7174
40.0807 22.2382 -11.2994
36.4087 21.2382 -11.9254

35.3967 24.8222 -10.8464
36.7157 26.1662 -14.2304
33.9357 24.1582 -16.0404
31.2367 24.2352 -13.3064
31.2007 28.0492 -12.8864
30.3897 28.8912 -16.6004
27.8047 26.0042 -16.5504
26.0957 27.4412 -13.4064
26.1087 30.9542 -15.0234
24.4157 29.8712 -18.3054
21.8147 27.9462 -16.1904
20.9727 31.0812 -14.0714
20.6127 33.0732 -17.3434
18.1397 30.4282 -18.7084
16.2177 30.6942 -15.3764
16.2327 34.5582 -15.5404
15.0057 34.6422 -19.2104

12.1327 32.3202 -18.0934
11.3327 34.8622 -15.2484
12.4087 32.2612 -12.6044
15.4287 34.1682 -11.1284
16.6037 37.7832 -10.5564
20.0617 36.3442 -9.82137
22.5357 37.4802 -12.4664
25.9757 35.8082 -11.9934
27.8607 37.6142 -14.8824

28.8667 40.7032 -12.8004
30.9147 38.5142 -10.3574
33.2617 37.1972 -13.1364
34.1127 40.5942 -14.6954

35.3777 41.5532 -11.1654
37.8627 38.5802 -10.7424

End chain 1
