-13.201 -6.296 -53.957
-10.703 -3.406 -53.291
-9.54 -3.087 -49.639
-11.02 0.322 -48.639
-8.614 1.85 -46.053
-10.787 3.126 -43.162

-9.634 6.195 -41.181
-10.061 4.9 -37.589
-10.286 6.838 -34.306
-12.195 7.103 -30.979
-14.163 9.439 -28.711
-12.619 10.223 -25.263
-14.157 12.207 -22.344

-11.943 15.248 -21.466
-14.301 16.978 -18.949
-17.827 16.65 -17.399
-19.139 18.761 -20.353

-16.752 17.96 -23.312
-15.482 14.956 -25.281
-12.62 14.751 -27.824
-12.437 12.939 -31.204
-8.982 11.264 -31.393
-8.672 10.357 -35.1

-6.282 10.744 -38.079
-6.98 13.557 -40.6
-9.895 13.022 -43.051

-11.208 15.853 -45.293
-14.92 14.856 -45.011
-14.611 14.37 -41.226
-13.015 17.857 -40.827
-15.875 19.254 -42.999
-18.403 17.482 -40.669
-16.559 18.759 -37.515
-16.844 22.341 -38.957

-20.697 21.797 -39.029
-20.861 21.033 -35.24
-22.116 23.933 -33.104
-20.016 23.255 -29.939
-16.791 22.621 -31.971

-13.393 23.436 -30.391
-10.011 22.816 -32.063
-6.805 22.812 -29.99

-3.883 23.919 -32.209
-1.328 22.314 -29.773
-2.753 18.736 -29.691
-4.334 19.137 -33.217

-7.578 17.622 -31.79
-11.313 18.386 -31.995
-13.683 18.544 -28.991
-17.466 19.001 -28.65
-20.131 19.402 -25.91

-21.257 16.038 -24.476
-24.923 16.743 -25.497
-23.731 16.722 -29.178
-22.178 13.179 -28.839
-25.228 11.354 -30.322
-25.57 14.044 -33.093
-21.852 13.682 -34.021
-21.815 9.829 -34.037
-25.045 9.774 -36.128
-23.507 12.176 -38.75
-20.093 10.348 -38.803

-21.793 6.948 -39.527
-22.962 8.546 -42.834
-19.328 9.196 -43.991
-17.677 6.563 -46.261
-14.251 5.2 -45.121

-14.46 6.789 -41.562
-14.765 4.819 -38.279
-15.142 6.964 -35.114
-15.663 4.659 -32.101

-18.218 6.249 -29.657
-17.862 6.903 -25.912
-18.35 3.469 -24.195
-21.794 2.549 -22.772
-20.235 2.829 -19.255
-19.534 6.58 -19.812
-22.964 7.196 -21.431
-24.623 5.531 -18.378
-22.42 7.523 -15.909

-23.028 10.919 -17.654
-26.668 10.153 -18.714
-27.851 13.482 -17.123

-25.214 15.594 -18.963
-26 13.8 -22.296
-29.631 15.147 -21.909

-29.014 18.802 -20.797
-28.522 21.656 -23.337
-27.494 23.803 -20.296
-24.374 24.206 -18.108
-26.03 23.63 -14.722
-23.195 22.587 -12.38
-23.731 19.355 -10.334

-27.219 19.392 -8.694
-26.798 20.208 -4.988
-26.578 17.032 -2.906
-29.814 16.999 -0.82
-29.276 16.946 2.956
-30.305 13.551 4.343

-32.727 13.25 7.268
-30.389 11.851 9.975
-33.077 12.019 12.787
-33.159 8.159 12.923
-29.32 8.149 13.454
-27.82 8.306 16.969

-27.52 12.074 17.913
-23.991 11.509 19.371
-22.796 10.469 15.867
-24.731 13.185 13.93
-23.402 16.008 16.22
-19.738 14.82 15.861

-19.687 14.822 11.995
-17.445 17.587 10.586

-19.106 19.692 7.763
-17.231 17.783 4.996
-18.064 14.402 6.666
-21.796 15.407 6.677
-21.562 16.318 2.947
-19.943 12.855 2.346
-22.788 11.075 4.244
-25.363 13.084 2.191
-23.555 12.165 -1.104
-23.43 8.459 -0.115
-27.196 8.491 0.728
-28.024 10.343 -2.565

-25.973 7.645 -4.472
-28.214 5.048 -2.67
-25.512 3.7 -0.27

-23.352 2.353 -3.174
-19.956 4.118 -3.237
-16.209 4.012 -2.721
-15.295 6.541 0.021

-11.694 7.195 -1.128

-11.135 10.189 1.225
-7.504 10.605 2.377

-6.048 8.715 5.398
-7.361 9.956 8.784
-10.233 12.169 7.374
-12.706 9.981 9.408

-13.844 7.354 6.831
-15.012 5.081 9.734
-17.363 7.714 11.316
-18.876 8.506 7.854
-19.282 4.738 7.09
-21.02 4.042 10.461
-23.415 6.996 9.798
-24.247 5.855 6.195
-24.846 2.277 7.463
-26.955 3.52 10.461
-29.227 5.531 8.078

-29.9 2.058 6.507

-30.384 0.293 9.981
-33.886 -0.857 8.77
-32.05 -2.956 6.062
-29.626 -4.868 8.41
-27.981 -7.413 9.17

-24.774 -5.448 8.488
-21.551 -7.137 7.269
-18.235 -5.328 7.997
-15.132 -6.739 6.223
-11.829 -5.357 7.603

-8.05 -6.016 7.986
-7.416 -8.82 10.567
-5.856 -6.305 13.093
-8.689 -3.64 13.199

-11.758 -5.868 14.003
-11.895 -4.753 17.675
-11.154 -1.102 16.63
-14.365 -1.304 14.506
-16.414 -2.897 17.375
-15.268 -0.08 19.729
-16.109 2.476 16.969
-19.722 1.111 16.76
-20.082 1.14 20.611
-18.596 4.7 20.723
-20.823 6.195 17.978

-24.121 4.191 18.24
-24.851 3.95 22.056
-28.388 2.791 20.948
-26.764 -0.701 20.406
-26.03 -3.285 23.117

-22.632 -5.104 22.857
-24.638 -8.32 22.08
-25.78 -6.667 18.791

-22.091 -6.816 17.576
-20.505 -10.124 16.488
-16.681 -10.041 16.081

-15.702 -13.116 14.035
-12.316 -14.303 15.372
-12.201 -17.837 13.813
-13.405 -19.799 10.735
-15.769 -21.82 13.07
-17.788 -18.808 14.317
-21.352 -17.917 13.159
-21.075 -14.973 10.701
-24.816 -14.102 11.273
-24.919 -14.166 15.127
-25.108 -10.332 15.536
-27.08 -7.466 13.995

-23.588 -6.14 13.038
-21.065 -8.833 11.965
-17.336 -7.898 11.803
-15.009 -10.302 9.887
-11.529 -10.295 8.291

-10.658 -10.74 4.577
-8.757 -14.009 5.375
-11.833 -15.546 7.113
-14.3 -14.769 4.222

-12.926 -17.715 2.14
-13.287 -20.073 5.183
-16.843 -18.74 5.845
-18.014 -18.815 2.139
-20.731 -21.415 3.044
-22.243 -18.836 5.512
-21.955 -15.894 2.989
-25.071 -17.433 1.278
-27.188 -15.451 3.825
-28.094 -12.137 2.052
-26.367 -9.235 3.842
-28.236 -6.215 2.36

-25.704 -3.677 3.792
-21.936 -4.298 3.429
-19.007 -2.145 4.602
-15.517 -3.11 3.36

-12.662 -1.237 5.059
-9.341 -0.865 3.151

-11.066 -2.352 0.031
-7.765 -2.207 -1.968
-7.252 -5.742 -0.456
-9.774 -6.866 -3.176

-7.558 -5.436 -6.054
-6.861 -8.909 -7.611
-9.913 -10.983 -8.736
-7.994 -14.348 -8.638
-7.386 -14.116 -4.839

-9.551 -16.269 -2.508
-10.568 -13.122 -0.487
-11.832 -11.409 -3.693
-13.586 -14.593 -5.006
-15.461 -14.905 -1.648
-16.313 -11.137 -1.332
-17.465 -10.353 -4.925
-20.7 -12.523 -5.003
-21.961 -10.786 -1.799
-21.004 -7.272 -3.064
-22.893 -7.826 -6.386
-26.148 -8.927 -4.576

-26.072 -6.644 -1.465
-28.372 -3.542 -1.704

-25.826 -1.116 -0.104
-22.019 -1.347 -0.629
-19.769 1.077 1.29
-16.145 0.543 0.177
-13.427 2.479 2.088

-9.739 3.065 1.181
-6.998 5.712 1.573
-5.29 4.301 -1.537
-8.002 2.778 -3.832
-5.263 1.979 -6.345
-1.844 1.044 -4.877
0.179 1.273 -8.156
-1.96 0.815 -11.364

-5.486 1.412 -12.884
-6.145 -2.396 -13.101
-6.402 -2.518 -9.223
-9.619 -0.37 -9.379
-11.628 -2.846 -11.528
-12.904 -5.026 -8.614
-13.981 -1.892 -6.643
-15.738 -0.406 -9.758
-17.759 -3.638 -10.376
-18.545 -3.926 -6.614
-20.104 -0.383 -6.596

-21.607 -0.654 -10.172
-21.992 -4.37 -11.257
-23.172 -3.251 -14.78
-19.935 -1.29 -15.508
-17.337 -3.236 -17.592
-18.9 -6.785 -17.229
-15.576 -8.217 -18.571

-12.101 -7.019 -17.429
-10.719 -7.022 -21.032
-12.866 -3.967 -22.03
-11.565 -2.031 -18.959
-7.965 -3.199 -19.668
-8.028 -2.162 -23.384
-9.238 1.366 -22.43
-7.403 2.18 -19.142

-4.64119 1.60047 -21.7085
-2.87845 4.85759 -21.1303
-3.74537 8.57645 -21.7694

-6.93897 6.60513 -21.0405
-8.15796 3.7011 -18.8304
-6.90853 4.38253 -15.3918

-5.91253 0.900526 -16.8198
-6.96253 -0.666474 -13.4328

-10.3185 1.22653 -13.0258
-11.4825 4.70953 -11.9318
-9.39253 7.13453 -9.84975

-11.4035 9.60553 -7.65575
-8.47253 11.2215 -5.69675
-8.80353 14.5485 -7.58975
-11.0225 17.6355 -7.24375
-13.1505 19.6955 -9.68275
-15.9055 22.3905 -9.76075

-15.4455 23.1075 -5.98575
-17.2765 26.5055 -6.08475
-20.3765 24.7295 -7.54175
-20.0515 22.0155 -4.83775
-19.8705 24.7835 -2.14475
-23.0785 26.4215 -3.51375
-24.9115 23.0265 -3.62275
-23.7995 22.2035 -0.0357544
-24.8585 25.6015 1.45125
-28.2605 25.6515 -0.361754
-29.4375 22.0425 0.173246

-27.2065 20.0405 2.63925

-25.0735 22.0985 5.02325
-25.1315 24.9925 7.49425

-21.5285 26.2345 8.02725
-20.2215 29.2355 10.0162
-16.6465 30.0705 10.9902

-15.1205 31.5545 14.2182
-14.5095 34.7585 12.1962
-18.2645 35.0075 11.2962
-19.7045 34.6375 14.8562

-16.8935 35.1325 17.4782
-14.9325 38.3675 16.6472
-13.5185 38.1305 20.2472
-11.5135 34.8625 19.8312

-7.71453 35.5565 19.8162
-5.96153 34.8225 16.4922

-4.30553 31.4525 15.7492
-0.68953 32.3005 14.7712
0.84747 29.4105 12.7692
4.52647 28.9125 11.8222
6.88847 26.3035 10.4202
9.92947 25.6085 12.6612
12.7485 24.0545 10.6062

14.5285 21.8535 13.1972
18.2435 21.6725 12.3872

19.2275 18.4415 10.4642
22.8425 18.9125 11.7922
21.8045 16.7205 14.8142

20.7635 13.9315 12.3292
23.9015 11.7505 12.3952

25.4075 10.4775 9.09725
24.0955 6.85953 9.63825
20.4735 8.05753 10.1892
20.7505 10.3875 7.12825
22.1795 7.54253 4.97625
19.2415 5.32553 6.16125
16.6955 8.06053 5.16325
18.4925 8.45853 1.77325
18.4055 4.63253 1.34225
14.6325 4.32353 2.09025
13.9445 7.37553 -0.177754
15.8995 5.69953 -3.06475
14.1255 2.38653 -2.27375
10.6285 3.93853 -2.85775
11.7195 5.26953 -6.32875

13.1995 1.93953 -7.58075
11.3695 0.841526 -10.7858
11.5105 -2.93847 -10.2508
9.63947 -3.09947 -6.86575
6.06647 -4.32747 -6.35875

3.27047 -1.94047 -5.20475
3.58947 -3.60247 -1.74175
7.41147 -3.14347 -1.45275
6.86047 0.558526 -2.42375
4.27147 0.911526 0.451246
6.63947 -0.908474 2.88825
9.58847 1.38353 1.93125
7.23747 4.42153 2.38725
6.22247 3.21953 5.91125
9.93747 2.63853 6.71825
10.9075 6.15953 5.44625
8.08047 7.69853 7.56125
9.03547 5.74953 10.7592
12.7685 6.66653 10.1922
11.7185 10.3565 9.83225
10.0675 10.1675 13.2922
13.2275 8.58653 14.8612
15.5275 11.1475 13.1332
13.5285 14.1215 14.5792
13.4755 12.9255 18.2772
16.7625 14.6785 19.4142
15.8255 18.1115 17.9422
12.1405 17.7565 18.9822
13.4815 17.2085 22.5532
15.9535 20.1515 22.1662
13.0265 22.4025 21.0832
10.7145 21.2505 23.9732
13.5195 22.0185 26.4842
14.1735 25.4685 24.8592
10.4245 26.2655 25.3352
10.5515 25.2545 29.0602
13.8765 27.1195 29.6502

12.2185 30.1985 27.9672
9.73847 30.1835 30.9412
6.56947 28.8865 29.1502
3.87547 27.9335 31.6782
1.62247 25.5845 29.5542

1.84147 23.9895 26.0732
0.67347 20.9135 24.1022
3.04347 18.5515 22.2272
1.45747 16.4845 19.4232
3.07847 13.3295 17.9522

1.69647 10.0285 16.4752
4.57447 7.48453 16.5302

4.70547 5.80053 19.9832
8.56847 6.00253 20.0412
8.33847 9.85953 19.7992
5.73547 10.0445 22.6432
7.89647 7.60953 24.7292
11.1615 9.59153 24.1752
9.48447 12.9705 25.0212
7.93147 11.5415 28.2602
11.2675 9.90853 29.2902
13.2095 13.2115 28.8702
10.5235 15.2245 30.7782
10.7415 12.6335 33.6432
14.6035 12.8575 33.5282

14.3155 16.7125 33.7842
11.6475 16.2805 36.5852
9.06947 18.2405 34.4832
5.46547 17.5535 35.5522

3.46247 16.5625 32.4412
0.37747 14.5945 31.2752
0.29947 11.8775 28.5592
-2.70253 10.7765 26.4152

-2.43653 8.05453 23.7172
-4.26953 4.95853 22.3032
-3.69153 3.04153 25.6122
-5.12553 5.79053 27.9282
-8.63853 4.78553 29.1172
-11.8015 6.88153 28.4612
-12.1745 7.98953 32.1492

-8.41653 8.63153 32.7362
-8.42553 10.8565 29.5692
-10.9865 13.1885 31.2332
-9.13753 13.1335 34.6172
-5.70153 13.9215 33.0092
-7.44253 16.6905 30.9862
-8.77653 18.1785 34.2862
-5.29953 17.7955 35.9392
-3.65153 19.8115 33.0712
-6.49953 22.4115 33.1212
-6.57353 22.9755 36.9322

-2.94053 22.3125 38.0662
-0.35653 25.0945 37.3802
2.44647 22.4665 37.8302
1.63547 20.4625 34.6522
3.60447 22.4435 32.0312

3.46247 19.9195 29.1182
0.70247 17.7485 27.6392
2.16447 14.8865 25.5092
-0.69153 13.9765 23.1362
-1.26553 11.4485 20.3482

-2.57753 13.3445 17.2472
-5.00653 10.4345 16.5382
-6.06953 9.58553 20.1352
-6.55653 13.1795 21.5022
-8.27853 14.7085 18.3692
-11.7395 14.2345 20.0572
-13.7375 15.1905 23.2082
-10.9705 16.9565 25.2032
-10.5215 20.7285 25.8882
-7.06853 22.2715 26.5972
-7.90553 26.0065 27.0432
-5.19553 26.3385 29.7962
-2.41153 26.2735 27.1232
-1.52753 29.0785 24.6262

0.91947 27.0015 22.4842
0.61047 23.8375 20.3422
3.77747 22.0705 19.0572
3.40047 19.4375 16.3132

6.56047 17.3145 16.7572
5.35147 15.2945 13.7262
3.34047 16.0975 10.5782
0.14747 14.1325 9.78225
-0.93853 13.5785 6.11525
-4.58453 14.5505 6.86025

-5.12453 18.3275 7.50825
-8.59753 17.7795 9.07125
-6.89653 15.9125 11.9912
-4.27753 18.7085 12.4062
-7.11453 21.3365 12.5602
-8.99453 19.0965 15.0952
-5.81653 19.0895 17.2752
-5.34253 22.9405 17.0432

-9.04053 23.4155 18.0612
-8.36653 21.5685 21.3452
-6.74553 24.8485 22.6102
-8.67753 27.3705 20.4652
-12.0615 26.8775 22.2892
-14.6015 29.0515 24.1722
-12.6775 29.9935 27.3692
-9.36953 30.7655 25.5472
-8.14053 34.3655 26.2612
-4.61853 34.2965 24.6482
-3.51553 34.2595 20.9622

-2.89353 30.5785 20.1392
0.59647 29.7575 18.8072
0.85847 26.7065 16.4722
4.41947 25.4545 15.7312
4.92347 22.7705 13.0192
8.34347 21.0755 13.5272
9.87647 20.0595 10.1242

13.2655 18.5595 9.10225
14.9665 19.0785 5.67325
16.0725 15.7135 4.14925
13.0495 13.7385 5.56725
9.37747 12.7385 4.94125

8.36547 16.3225 6.02025
9.68447 17.6665 2.63625
6.90447 15.6585 0.826246
4.20547 15.7355 3.56025
4.16947 19.5495 3.98025
3.35847 20.3915 0.266246
0.77347 17.5045 0.316246
-0.93553 18.9415 3.46025
-0.92253 22.4545 1.84325
-2.61553 21.3715 -1.43875
-5.21653 19.4465 0.676246
-6.05853 22.5815 2.79525
-6.41853 24.5735 -0.476754
-8.89153 21.9285 -1.84175
-10.8135 22.1945 1.49025
-10.7985 26.0585 1.32625
-12.0255 26.1425 -2.34375

-14.8985 23.8205 -1.22675
-15.6985 26.3625 1.61825
-14.6225 23.7615 4.26225
-11.6025 25.6685 5.73825
-10.4275 29.2835 6.31025
-6.96953 27.8445 7.04525
-4.49553 28.9805 4.40025
-1.05553 27.3085 4.87325
0.82947 29.1145 1.98425

1.83547 32.2035 4.06625
3.88347 30.0145 6.50925
6.23047 28.6975 3.73025
7.08147 32.0945 2.17125

8.34647 33.0535 5.70125
10.8315 30.0805 6.12425

End chain 1
