-13.201 -6.296 -53.957
-10.703 -3.406 -53.291
-9.54 -3.087 -49.639
-11.02 0.322 -48.639
-8.614 1.85 -46.053
-10.787 3.126 -43.162

-9.634 6.195 -41.181
-10.061 4.9 -37.589
-10.286 6.838 -34.306
-12.195 7.103 -30.979
-14.163 9.439 -28.711
-12.619 10.223 -25.263
-14.157 12.207 -22.344

-11.943 15.248 -21.466
-14.301 16.978 -18.949
-17.827 16.65 -17.399
-19.139 18.761 -20.353

-16.752 17.96 -23.312
-15.482 14.956 -25.281
-12.62 14.751 -27.824
-12.437 12.939 -31.204
-8.982 11.264 -31.393
-8.672 10.357 -35.1

-6.282 10.744 -38.079
-6.98 13.557 -40.6
-9.895 13.022 -43.051

-11.208 15.853 -45.293
-14.92 14.856 -45.011
-14.611 14.37 -41.226
-13.015 17.857 -40.827
-15.875 19.254 -42.999
-18.403 17.482 -40.669
-16.559 18.759 -37.515
-16.844 22.341 -38.957

-20.697 21.797 -39.029
-20.861 21.033 -35.24
-22.116 23.933 -33.104
-20.016 23.255 -29.939
-16.791 22.621 -31.971

-13.393 23.436 -30.391
-10.011 22.816 -32.063
-6.805 22.812 -29.99

-3.07398 23.1599 -29.1412
-2.61868 21.413 -25.7734
-1.27847 19.6305 -22.7958
-0.53884 16.2474 -24.3699

1.70555 17.7365 -26.9957
3.9815 19.6608 -29.2292
6.43506 21.5552 -31.5507
5.9048 22.328 -35.242
5.32767 23.7124 -38.6906

4.20167 20.3484 -37.2566
0.535666 21.0534 -38.2776
1.72767 21.0324 -41.9586
3.28067 17.4894 -41.6196
0.230666 15.6644 -43.1026
-0.111334 18.3544 -45.8736
3.60667 17.9924 -46.8016
3.64367 14.1394 -46.8176
0.413666 14.0844 -48.9086
1.95167 16.4864 -51.5306
5.36567 14.6584 -51.5836

3.66567 11.2584 -52.3076
2.49667 12.8564 -55.6146
6.13067 13.5064 -56.7716
7.78167 10.8734 -59.0416
11.2077 9.51035 -57.9016

10.9987 11.0994 -54.3426
10.6937 9.12935 -51.0596
10.3167 11.2744 -47.8946
9.79567 8.96935 -44.8816

7.24067 10.5594 -42.4376
7.59667 11.2134 -38.6926
7.10867 7.77935 -36.9756
3.66467 6.85935 -35.5526
5.22367 7.13935 -32.0356
5.92467 10.8904 -32.5926
2.49467 11.5064 -34.2116
0.835666 9.84135 -31.1586
3.03867 11.8334 -28.6896

2.43067 15.2294 -30.4346
-1.20933 14.4634 -31.4946
-2.39233 17.7924 -29.9036

0.244666 19.9044 -31.7436
-0.541334 18.1104 -35.0766
-4.17233 19.4574 -34.6896

-3.55533 23.1124 -33.5776
-3.06333 25.9664 -36.1176
-2.03533 28.1134 -33.0766
1.08467 28.5164 -30.8886
-0.571334 27.9404 -27.5026
2.26367 26.8974 -25.1606
1.72767 23.6654 -23.1146

-1.76033 23.7024 -21.4746
-1.33933 24.5184 -17.7686
-1.11933 21.3424 -15.6866
-4.35533 21.3094 -13.6006
-3.81733 21.2564 -9.82462
-4.84633 17.8614 -8.43762

-7.26833 17.5604 -5.51262
-4.93033 16.1614 -2.80562
-7.61833 16.3294 0.00637887
-7.70033 12.4694 0.142379
-3.86133 12.4594 0.673379
-2.36133 12.6164 4.18838

-2.06133 16.3844 5.13238
1.46767 15.8194 6.59038
2.66267 14.7794 3.08638
0.727666 17.4954 1.14938
2.05667 20.3184 3.43938
5.72067 19.1304 3.08038

5.77167 19.1324 -0.785621
8.01367 21.8974 -2.19462

6.35267 24.0024 -5.01762
8.22767 22.0934 -7.78462
7.39467 18.7124 -6.11462
3.66267 19.7174 -6.10362
3.89667 20.6284 -9.83362
5.51567 17.1654 -10.4346
2.67067 15.3854 -8.53662
0.0956658 17.3944 -10.5896
1.90367 16.4754 -13.8846
2.02867 12.7694 -12.8956
-1.73733 12.8014 -12.0526
-2.56533 14.6534 -15.3456

-0.514334 11.9554 -17.2526
-2.75533 9.35835 -15.4506
-0.0533342 8.01035 -13.0506

2.10667 6.66335 -15.9546
5.50267 8.42835 -16.0176
9.24967 8.32235 -15.5016
10.1637 10.8514 -12.7596

13.7647 11.5054 -13.9086

14.3237 14.4994 -11.5556
17.9547 14.9154 -10.4036

19.4107 13.0254 -7.38262
18.0977 14.2664 -3.99662
15.2257 16.4794 -5.40662
12.7527 14.2914 -3.37262

11.6147 11.6644 -5.94962
10.4467 9.39135 -3.04662
8.09567 12.0244 -1.46462
6.58267 12.8164 -4.92662
6.17667 9.04835 -5.69062
4.43867 8.35235 -2.31962
2.04367 11.3064 -2.98262
1.21167 10.1654 -6.58562
0.612666 6.58735 -5.31762
-1.49633 7.83035 -2.31962
-3.76833 9.84135 -4.70262

-4.44133 6.36835 -6.27362

-4.92533 4.60335 -2.79962
-8.42733 3.45335 -4.01062
-6.59133 1.35435 -6.71862
-4.16733 -0.557648 -4.37062
-2.52233 -3.10265 -3.61062

0.684666 -1.13765 -4.29262
3.90767 -2.82665 -5.51162
7.22367 -1.01765 -4.78362
10.3267 -2.42865 -6.55762
13.6297 -1.04665 -5.17762

17.4087 -1.70565 -4.79462
18.0427 -4.50965 -2.21362
19.6027 -1.99465 0.312379
16.7697 0.670352 0.418379

13.7007 -1.55765 1.22238
13.5637 -0.442648 4.89438
14.3047 3.20835 3.84938
11.0937 3.00635 1.72538
9.04467 1.41335 4.59438
10.1907 4.23035 6.94838
9.34967 6.78635 4.18838
5.73667 5.42135 3.97938
5.37667 5.45035 7.83038
6.86267 9.01035 7.94238
4.63567 10.5054 5.19738

1.33767 8.50135 5.45938
0.607666 8.26035 9.27538
-2.92933 7.10135 8.16738
-1.30533 3.60935 7.62538
-0.571334 1.02535 10.3364

2.82667 -0.793648 10.0764
0.820666 -4.00965 9.29938
-0.321334 -2.35665 6.01038

3.36767 -2.50565 4.79538
4.95367 -5.81365 3.70738
8.77767 -5.73065 3.30038

9.75667 -8.80565 1.25438
13.1427 -9.99265 2.59138
13.2577 -13.5266 1.03238
12.0537 -15.4886 -2.04562
9.68967 -17.5096 0.289379
7.67067 -14.4976 1.53638
4.10667 -13.6066 0.378379
4.38367 -10.6626 -2.07962
0.642666 -9.79165 -1.50762
0.539666 -9.85565 2.34638
0.350666 -6.02165 2.75538
-1.62133 -3.15565 1.21438

1.87067 -1.82965 0.257379
4.39367 -4.52265 -0.815621
8.12267 -3.58765 -0.977621
10.4497 -5.99165 -2.89362
13.9297 -5.98465 -4.48962

14.8007 -6.42965 -8.20362
16.7017 -9.69865 -7.40562
13.6257 -11.2356 -5.66762
11.1587 -10.4586 -8.55862

12.5327 -13.4046 -10.6406
12.1717 -15.7626 -7.59762
8.61567 -14.4296 -6.93562
7.44467 -14.5046 -10.6416
4.72767 -17.1046 -9.73662
3.21567 -14.5256 -7.26862
3.50367 -11.5836 -9.79162
0.387666 -13.1226 -11.5026
-1.72933 -11.1406 -8.95562
-2.63533 -7.82665 -10.7286
-0.908334 -4.92465 -8.93862
-2.77733 -1.90465 -10.4206

-0.245334 0.633352 -8.98862
3.52267 0.0123521 -9.35162
6.45167 2.16535 -8.17862
9.94167 1.20035 -9.42062

12.7967 3.07335 -7.72162
16.1177 3.44535 -9.62962

14.3927 1.95835 -12.7496
17.6937 2.10335 -14.7486
18.2067 -1.43165 -13.2366
15.6847 -2.55565 -15.9566

17.9007 -1.12565 -18.8346
18.5977 -4.59865 -20.3916
15.5457 -6.67265 -21.5166
17.4647 -10.0376 -21.4186
18.0727 -9.80565 -17.6196

15.9077 -11.9586 -15.2886
14.8907 -8.81165 -13.2676
13.6267 -7.09865 -16.4736
11.8727 -10.2826 -17.7866
9.99767 -10.5946 -14.4286
9.14567 -6.82665 -14.1126
7.99367 -6.04265 -17.7056
4.75867 -8.21265 -17.7836
3.49767 -6.47565 -14.5796
4.45467 -2.96165 -15.8446
2.56567 -3.51565 -19.1666
-0.689334 -4.61665 -17.3566

-0.613334 -2.33365 -14.2456
-2.91333 0.768352 -14.4846

-0.367334 3.19435 -12.8846
3.43967 2.96335 -13.4096
5.68967 5.38735 -11.4906
9.31367 4.85335 -12.6036
12.0317 6.78935 -10.6926

15.7197 7.37535 -11.5996
18.4607 10.0224 -11.2076
20.1687 8.61135 -14.3176
17.4567 7.08835 -16.6126
20.1957 6.28935 -19.1256
23.6147 5.35435 -17.6576
25.6377 5.58335 -20.9366
23.4987 5.12535 -24.1446

19.9727 5.72235 -25.6646
19.3137 1.91435 -25.8816
19.0567 1.79235 -22.0036
15.8397 3.94035 -22.1596
13.8307 1.46435 -24.3086
12.5547 -0.715648 -21.3946
11.4777 2.41835 -19.4236
9.72067 3.90435 -22.5386
7.69967 0.672352 -23.1566
6.91367 0.384352 -19.3946
5.35467 3.92735 -19.3766

3.85167 3.65635 -22.9526
3.46667 -0.0596479 -24.0376
2.28667 1.05935 -27.5606
5.52367 3.02035 -28.2886
8.12167 1.07435 -30.3726
6.55867 -2.47465 -30.0096
9.88267 -3.90665 -31.3516

13.3577 -2.70865 -30.2096
14.7397 -2.71165 -33.8126
12.5927 0.343352 -34.8106
13.8937 2.27935 -31.7396
17.4937 1.11135 -32.4486
17.4307 2.14835 -36.1646
16.2207 5.67635 -35.2106
18.0557 6.49035 -31.9226

20.9487 3.95935 -31.5446
22.6077 4.44235 -35.0226
21.9597 0.733352 -35.6386

24.5367 -0.913648 -37.9696
24.2877 -4.26165 -39.8116
27.5677 -6.10465 -39.0546

28.5637 -9.58665 -40.4826
27.5137 -11.1536 -37.0956

24.1577 -9.26065 -36.6886
22.9937 -5.77765 -35.5946
25.0837 -3.35265 -33.5126

23.0727 -0.881648 -31.3186
26.0037 0.734352 -29.3596
25.6727 4.06135 -31.2526
23.4537 7.14835 -30.9066
21.3257 9.20835 -33.3456
18.5707 11.9034 -33.4236

19.0307 12.6204 -29.6486
17.1997 16.0184 -29.7476
14.0997 14.2424 -31.2046
14.4247 11.5284 -28.5006
14.6057 14.2964 -25.8076
11.3977 15.9344 -27.1766
9.56467 12.5394 -27.2856
10.6767 11.7164 -23.6986
9.61767 15.1144 -22.2116
6.21567 15.1644 -24.0246
5.03867 11.5554 -23.4896

7.26967 9.55335 -21.0236

9.40267 11.6114 -18.6396
9.34467 14.5054 -16.1686

12.9477 15.7474 -15.6356
14.2547 18.7484 -13.6466
17.8297 19.5834 -12.6726

19.3557 21.0674 -9.44462
19.9667 24.2714 -11.4666
16.2117 24.5204 -12.3666
14.7717 24.1504 -8.80662

17.5827 24.6454 -6.18462
19.5437 27.8804 -7.01562
20.9577 27.6434 -3.41562
22.9627 24.3754 -3.83162

26.7617 25.0694 -3.84662
28.5147 24.3354 -7.17062

30.1707 20.9654 -7.91362
33.7867 21.8134 -8.89162
35.3237 18.9234 -10.8936
39.0027 18.4254 -11.8406
41.3647 15.8164 -13.2426
44.4057 15.1214 -11.0016
47.2247 13.5674 -13.0566

49.0047 11.3664 -10.4656
52.7197 11.1854 -11.2756

53.7037 7.95435 -13.1986
57.3187 8.42535 -11.8706
56.2807 6.23335 -8.84862

55.2397 3.44435 -11.3336
58.3777 1.26335 -11.2676

59.8837 -0.00964793 -14.5656
58.5717 -3.62765 -14.0246
54.9497 -2.42965 -13.4736
55.2267 -0.0996479 -16.5346
56.6557 -2.94465 -18.6866
53.7177 -5.16165 -17.5016
51.1717 -2.42665 -18.4996
52.9687 -2.02865 -21.8896
52.8817 -5.85465 -22.3206
49.1087 -6.16365 -21.5726
48.4207 -3.11165 -23.8406
50.3757 -4.78765 -26.7276
48.6017 -8.10065 -25.9366
45.1047 -6.54865 -26.5206
46.1957 -5.21765 -29.9916

47.6757 -8.54765 -31.2436
45.8457 -9.64565 -34.4486
45.9867 -13.4256 -33.9136
44.1157 -13.5866 -30.5286
40.5427 -14.8146 -30.0216

37.7467 -12.4276 -28.8676
38.0657 -14.0896 -25.4046
41.8877 -13.6306 -25.1156
41.3367 -9.92865 -26.0866
38.7477 -9.57565 -23.2116
41.1157 -11.3956 -20.7746
44.0647 -9.10365 -21.7316
41.7137 -6.06565 -21.2756
40.6987 -7.26765 -17.7516
44.4137 -7.84865 -16.9446
45.3837 -4.32765 -18.2166
42.5567 -2.78865 -16.1016
43.5117 -4.73765 -12.9036
47.2447 -3.82065 -13.4706
46.1947 -0.130648 -13.8306
44.5437 -0.319648 -10.3706
47.7037 -1.90065 -8.80162
50.0037 0.660352 -10.5296
48.0047 3.63435 -9.08362
47.9517 2.43835 -5.38562
51.2387 4.19135 -4.24862
50.3017 7.62435 -5.72062
46.6167 7.26935 -4.68062
47.9577 6.72135 -1.10962
50.4297 9.66435 -1.49662
47.5027 11.9154 -2.57962
45.1907 10.7634 0.310379
47.9957 11.5314 2.82138
48.6497 14.9814 1.19638
44.9007 15.7784 1.67238
45.0277 14.7674 5.39738
48.3527 16.6324 5.98738

46.6947 19.7114 4.30438
44.2147 19.6964 7.27838
41.0457 18.3994 5.48738
38.3517 17.4464 8.01538
36.0987 15.0974 5.89138

36.3177 13.5024 2.41038
35.1497 10.4264 0.439379
37.5197 8.06435 -1.43562
35.9337 5.99735 -4.23962
37.5547 2.84235 -5.71062

36.1727 -0.458648 -7.18762
39.0507 -3.00265 -7.13262

39.1817 -4.68665 -3.67962
43.0447 -4.48465 -3.62162
42.8147 -0.627648 -3.86362
40.2117 -0.442648 -1.01962
42.3727 -2.87765 1.06638
45.6377 -0.895648 0.512379
43.9607 2.48335 1.35838
42.4077 1.05435 4.59738
45.7437 -0.578648 5.62738
47.6857 2.72435 5.20738
44.9997 4.73735 7.11538
45.2177 2.14635 9.98038
49.0797 2.37035 9.86538

48.7917 6.22535 10.1214
46.1237 5.79335 12.9224
43.5457 7.75335 10.8204
39.9417 7.06635 11.8894

37.9387 6.07535 8.77838
34.8537 4.10735 7.61238
34.7757 1.39035 4.89638
31.7737 0.289352 2.75238

32.0397 -2.43265 0.0543789
30.2067 -5.52865 -1.35962
30.7847 -7.44565 1.94938
29.3507 -4.69665 4.26538
25.8377 -5.70165 5.45438
22.6747 -3.60565 4.79838
22.3017 -2.49765 8.48638

26.0597 -1.85565 9.07338
26.0507 0.369352 5.90638
23.4897 2.70135 7.57038
25.3387 2.64635 10.9544
28.7747 3.43435 9.34638
27.0337 6.20335 7.32338
25.6997 7.69135 10.6234
29.1767 7.30835 12.2764
30.8247 9.32435 9.40838
27.9767 11.9244 9.45838
27.9027 12.4884 13.2694

31.5357 11.8254 14.4034
34.1197 14.6074 13.7174
36.9227 11.9794 14.1674
36.1117 9.97535 10.9894
38.0807 11.9564 8.36838

37.9387 9.43235 5.45538
35.1787 7.26135 3.97638
36.6407 4.39935 1.84638
33.7847 3.48935 -0.526621
33.2107 0.961352 -3.31462

31.8987 2.85735 -6.41562
29.4697 -0.0526479 -7.12462
28.4067 -0.901648 -3.52762
27.9197 2.69235 -2.16062
26.1977 4.22135 -5.29362
22.7367 3.74735 -3.60562
20.7387 4.70335 -0.454621
23.5057 6.46935 1.54038
23.9547 10.2414 2.22538
27.4077 11.7844 2.93438
26.5707 15.5194 3.38038
29.2807 15.8514 6.13338
32.0647 15.7864 3.46038
32.9487 18.5914 0.963379

35.3957 16.5144 -1.17862
35.0867 13.3504 -3.32062
38.2537 11.5834 -4.60562
37.8767 8.95035 -7.34962

41.0367 6.82735 -6.90562
39.8277 4.80735 -9.93662
37.8167 5.61035 -13.0846
34.6237 3.64535 -13.8806
33.5377 3.09135 -17.5476
29.8917 4.06335 -16.8026

29.3517 7.84035 -16.1546
25.8787 7.29235 -14.5916
27.5797 5.42535 -11.6716
30.1987 8.22135 -11.2566
27.3617 10.8494 -11.1026
25.4817 8.60935 -8.56762
28.6597 8.60235 -6.38762
29.1337 12.4534 -6.61962

25.4357 12.9284 -5.60162
26.1097 11.0814 -2.31762
27.7307 14.3614 -1.05262
25.7987 16.8834 -3.19762
22.4147 16.3904 -1.37362
19.8747 18.5644 0.509379
21.7987 19.5064 3.70638
25.1067 20.2784 1.88438
26.3357 23.8784 2.59838
29.8577 23.8094 0.985379
30.9607 23.7724 -2.70062

31.5827 20.0914 -3.52362
35.0727 19.2704 -4.85562
35.3347 16.2194 -7.19062
38.8957 14.9674 -7.93162
39.3997 12.2834 -10.6436
42.8197 10.5884 -10.1356
44.3527 9.57235 -13.5386

47.7417 8.07235 -14.5606
49.4427 8.59135 -17.9896
50.5487 5.22635 -19.5136
47.5257 3.25135 -18.0956
43.8537 2.25135 -18.7216

42.8417 5.83535 -17.6426
44.1607 7.17935 -21.0266
41.3807 5.17135 -22.8366
38.6817 5.24835 -20.1026
38.6457 9.06235 -19.6826
37.8347 9.90435 -23.3966
35.2497 7.01735 -23.3466
33.5407 8.45435 -20.2026
33.5537 11.9674 -21.8196
31.8607 10.8844 -25.1016
29.2597 8.95935 -22.9866
28.4177 12.0944 -20.8676
28.0577 14.0864 -24.1396
25.5847 11.4414 -25.5046
23.6627 11.7074 -22.1726
23.6777 15.5714 -22.3366
22.4507 15.6554 -26.0066

19.5777 13.3334 -24.8896
18.7777 15.8754 -22.0446
19.8537 13.2744 -19.4006
22.8737 15.1814 -17.9246
24.0487 18.7964 -17.3526
27.5067 17.3574 -16.6176
29.9807 18.4934 -19.2626
33.4207 16.8214 -18.7896
35.3057 18.6274 -21.6786

36.3117 21.7164 -19.5966
38.3597 19.5274 -17.1536
40.7067 18.2104 -19.9326
41.5577 21.6074 -21.4916

42.8227 22.5664 -17.9616
45.3077 19.5934 -17.5386

End chain 1
