-13.201 -6.296 -53.957
-10.703 -3.406 -53.291
-9.54 -3.087 -49.639
-11.02 0.322 -48.639
-8.614 1.85 -46.053
-10.787 3.126 -43.162

-9.634 6.195 -41.181
-10.061 4.9 -37.589
-10.286 6.838 -34.306
-12.195 7.103 -30.979
-14.163 9.439 -28.711
-12.619 10.223 -25.263
-14.157 12.207 -22.344

-11.943 15.248 -21.466
-14.301 16.978 -18.949
-17.827 16.65 -17.399
-19.139 18.761 -20.353

-16.752 17.96 -23.312
-15.482 14.956 -25.281
-12.62 14.751 -27.824
-12.437 12.939 -31.204
-8.982 11.264 -31.393
-8.672 10.357 -35.1

-6.282 10.744 -38.079
-6.98 13.557 -40.6
-9.895 13.022 -43.051

-11.208 15.853 -45.293
-14.92 14.856 -45.011
-14.611 14.37 -41.226
-13.015 17.857 -40.827
-15.875 19.254 -42.999
-18.403 17.482 -40.669
-16.559 18.759 -37.515
-16.844 22.341 -38.957

-20.697 21.797 -39.029
-20.861 21.033 -35.24
-22.116 23.933 -33.104
-20.016 23.255 -29.939
-16.791 22.621 -31.971

-13.393 23.436 -30.391
-10.011 22.816 -32.063
-6.805 22.812 -29.99

-3.883 23.919 -32.209
-1.328 22.314 -29.773
-2.753 18.736 -29.691
-4.334 19.137 -33.217

-7.578 17.622 -31.79
-11.313 18.386 -31.995
-13.683 18.544 -28.991
-17.466 19.001 -28.65
-20.131 19.402 -25.91

-21.257 16.038 -24.476
-24.923 16.743 -25.497
-23.731 16.722 -29.178
-22.178 13.179 -28.839
-25.228 11.354 -30.322
-25.57 14.044 -33.093
-21.852 13.682 -34.021
-21.815 9.829 -34.037
-25.045 9.774 -36.128
-23.507 12.176 -38.75
-20.093 10.348 -38.803

-21.793 6.948 -39.527
-22.962 8.546 -42.834
-19.328 9.196 -43.991
-17.677 6.563 -46.261
-14.251 5.2 -45.121

-14.46 6.789 -41.562
-14.765 4.819 -38.279
-15.142 6.964 -35.114
-15.663 4.659 -32.101

-18.218 6.249 -29.657
-17.862 6.903 -25.912
-18.35 3.469 -24.195
-21.794 2.549 -22.772
-20.235 2.829 -19.255
-19.534 6.58 -19.812
-22.964 7.196 -21.431
-24.623 5.531 -18.378
-22.42 7.523 -15.909

-23.028 10.919 -17.654
-26.668 10.153 -18.714
-27.851 13.482 -17.123

-25.214 15.594 -18.963
-26 13.8 -22.296
-29.631 15.147 -21.909

-29.014 18.802 -20.797
-28.522 21.656 -23.337
-27.494 23.803 -20.296
-24.374 24.206 -18.108
-26.03 23.63 -14.722
-23.195 22.587 -12.38
-23.731 19.355 -10.334

-27.219 19.392 -8.694
-26.798 20.208 -4.988
-26.578 17.032 -2.906
-29.814 16.999 -0.82
-29.276 16.946 2.956
-30.305 13.551 4.343

-32.727 13.25 7.268
-30.389 11.851 9.975
-33.077 12.019 12.787
-33.159 8.159 12.923
-29.32 8.149 13.454
-27.82 8.306 16.969

-27.52 12.074 17.913
-23.991 11.509 19.371
-22.796 10.469 15.867
-24.731 13.185 13.93
-23.402 16.008 16.22
-19.738 14.82 15.861

-19.687 14.822 11.995
-17.445 17.587 10.586

-19.106 19.692 7.763
-17.231 17.783 4.996
-18.064 14.402 6.666
-21.796 15.407 6.677
-21.562 16.318 2.947
-19.943 12.855 2.346
-22.788 11.075 4.244
-25.363 13.084 2.191
-23.555 12.165 -1.104
-23.43 8.459 -0.115
-27.196 8.491 0.728
-28.024 10.343 -2.565

-25.973 7.645 -4.472
-28.214 5.048 -2.67
-25.512 3.7 -0.27

-23.352 2.353 -3.174
-19.956 4.118 -3.237
-16.209 4.012 -2.721
-15.295 6.541 0.021

-11.694 7.195 -1.128

-11.135 10.189 1.225
-7.504 10.605 2.377

-6.048 8.715 5.398
-7.361 9.956 8.784
-10.233 12.169 7.374
-12.706 9.981 9.408

-13.844 7.354 6.831
-15.012 5.081 9.734
-17.363 7.714 11.316
-18.876 8.506 7.854
-19.282 4.738 7.09
-21.02 4.042 10.461
-23.415 6.996 9.798
-24.247 5.855 6.195
-24.846 2.277 7.463
-26.955 3.52 10.461
-29.227 5.531 8.078

-29.9 2.058 6.507

-30.384 0.293 9.981
-33.886 -0.857 8.77
-32.05 -2.956 6.062
-29.626 -4.868 8.41
-27.981 -7.413 9.17

-24.774 -5.448 8.488
-21.551 -7.137 7.269
-18.235 -5.328 7.997
-15.132 -6.739 6.223
-11.829 -5.357 7.603

-8.40255 -3.94263 8.57456
-5.06308 -2.20601 9.02268
-4.92511 -2.8021 12.8383
-6.30977 -1.84009 16.3479

-5.46671 -4.83939 18.5242
-8.55089 -4.27101 20.6708
-10.7728 -4.06488 17.5945
-9.3446 -7.31003 16.2263
-9.95154 -9.08391 19.532
-13.5547 -7.87928 19.6278
-14.1599 -9.10302 16.0811
-12.7322 -12.5249 16.9148
-14.9557 -12.8122 19.9834
-18.0388 -11.9085 17.9535
-17.1945 -14.5222 15.327

-20.4925 -16.5262 15.589
-21.2225 -16.7672 19.405
-24.7595 -17.9262 18.297
-23.1355 -21.4182 17.755
-22.4015 -24.0022 20.466

-19.0035 -25.8212 20.206
-21.0095 -29.0372 19.429
-22.1515 -27.3842 16.14

-18.4625 -27.5332 14.925
-16.8765 -30.8412 13.837
-13.0525 -30.7582 13.43

-12.0735 -33.8332 11.384
-8.68752 -35.0202 12.721
-8.57252 -38.5542 11.162
-9.77652 -40.5162 8.08398
-12.1405 -42.5372 10.419
-14.1595 -39.5252 11.666
-17.7235 -38.6342 10.508
-17.4465 -35.6902 8.04998
-21.1875 -34.8192 8.62198
-21.2905 -34.8832 12.476
-21.4795 -31.0492 12.885
-23.4515 -28.1832 11.344

-19.9595 -26.8572 10.387
-17.4365 -29.5502 9.31398
-13.7075 -28.6152 9.15198
-11.3805 -31.0192 7.23598
-7.90052 -31.0122 5.63998

-7.02952 -31.4572 1.92598
-5.12852 -34.7262 2.72398
-8.20452 -36.2632 4.46198
-10.6715 -35.4862 1.57098

-9.29752 -38.4322 -0.51102
-9.65852 -40.7902 2.53198
-13.2145 -39.4572 3.19398
-14.3855 -39.5322 -0.51202
-17.1025 -42.1322 0.39298
-18.6145 -39.5532 2.86098
-18.3265 -36.6112 0.33798
-21.4425 -38.1502 -1.37302
-23.5595 -36.1682 1.17398
-24.4655 -32.8542 -0.59902
-22.7385 -29.9522 1.19098
-24.6075 -26.9322 -0.29102

-22.0755 -24.3942 1.14098
-18.3075 -25.0152 0.77798
-15.3785 -22.8622 1.95098
-11.8885 -23.8272 0.70898

-9.03352 -21.9542 2.40798
-5.71252 -21.5822 0.49998

-7.43752 -23.0692 -2.62002
-4.13652 -22.9242 -4.61902
-3.62352 -26.4592 -3.10702
-6.14552 -27.5832 -5.82702

-3.92952 -26.1532 -8.70502
-3.23252 -29.6262 -10.262
-6.28452 -31.7002 -11.387
-4.36552 -35.0652 -11.289
-3.75752 -34.8332 -7.49002

-5.92252 -36.9862 -5.15902
-6.93952 -33.8392 -3.13802
-8.20352 -32.1262 -6.34402
-9.95752 -35.3102 -7.65702
-11.8325 -35.6222 -4.29902
-12.6845 -31.8542 -3.98302
-13.8365 -31.0702 -7.57602
-17.0715 -33.2402 -7.65402
-18.3325 -31.5032 -4.45002
-17.3755 -27.9892 -5.71502
-19.2645 -28.5432 -9.03702
-22.5195 -29.6442 -7.22702

-22.4435 -27.3612 -4.11602
-24.7435 -24.2592 -4.35502

-22.1975 -21.8332 -2.75502
-18.3905 -22.0642 -3.28002
-16.1405 -19.6402 -1.36102
-12.5165 -20.1742 -2.47402
-9.79852 -18.2382 -0.56302

-6.11052 -17.6522 -1.47002
-3.36952 -15.0052 -1.07802
-1.66152 -16.4162 -4.18802
-4.37352 -17.9392 -6.48302
-1.63452 -18.7382 -8.99602
1.78448 -19.6732 -7.52802
3.80748 -19.4442 -10.807
1.66848 -19.9022 -14.015

-1.85752 -19.3052 -15.535
-2.51652 -23.1132 -15.752
-2.77352 -23.2352 -11.874
-5.99052 -21.0872 -12.03
-7.99952 -23.5632 -14.179
-9.27552 -25.7432 -11.265
-10.3525 -22.6092 -9.29402
-12.1095 -21.1232 -12.409
-14.1305 -24.3552 -13.027
-14.9165 -24.6432 -9.26502
-16.4755 -21.1002 -9.24702

-17.9785 -21.3712 -12.823
-18.3635 -25.0872 -13.908
-19.5435 -23.9682 -17.431
-16.3065 -22.0072 -18.159
-13.7085 -23.9532 -20.243
-15.2715 -27.5022 -19.88
-11.9475 -28.9342 -21.222

-8.47252 -27.7362 -20.08
-7.09052 -27.7392 -23.683
-9.23752 -24.6842 -24.681
-7.93652 -22.7482 -21.61
-4.33652 -23.9162 -22.319
-4.39952 -22.8792 -26.035
-5.60952 -19.3512 -25.081
-3.77452 -18.5372 -21.793

-0.881525 -21.0682 -21.415
0.777475 -20.5852 -24.893
0.129475 -24.2942 -25.509

2.70648 -25.9412 -27.84
2.45748 -29.2892 -29.682
5.73748 -31.1322 -28.925

6.73348 -34.6142 -30.353
5.68348 -36.1812 -26.966

2.32748 -34.2882 -26.559
1.16348 -30.8052 -25.465
3.25348 -28.3802 -23.383

1.24248 -25.9092 -21.189
4.17348 -24.2932 -19.23
3.84248 -20.9662 -21.123
1.62348 -17.8792 -20.777
-0.504525 -15.8192 -23.216
-3.25952 -13.1242 -23.294

-2.79952 -12.4072 -19.519
-4.63052 -9.00918 -19.618
-7.73052 -10.7852 -21.075
-7.40552 -13.4992 -18.371
-7.22452 -10.7312 -15.678
-10.4325 -9.09318 -17.047
-12.2655 -12.4882 -17.156
-11.1535 -13.3112 -13.569
-12.2125 -9.91318 -12.082
-15.6145 -9.86318 -13.895
-16.7915 -13.4722 -13.36

-14.5605 -15.4742 -10.894

-12.4275 -13.4162 -8.51002
-12.4855 -10.5222 -6.03902

-8.88252 -9.28018 -5.50602
-7.57552 -6.27918 -3.51702
-4.00052 -5.44418 -2.54302

-2.47452 -3.96018 0.68498
-1.86352 -0.756181 -1.33702
-5.61852 -0.507181 -2.23702
-7.05852 -0.877181 1.32298

-4.24752 -0.382181 3.94498
-2.28652 2.85282 3.11398
-0.872525 2.61582 6.71398
1.13248 -0.652181 6.29798

4.93148 0.0418188 6.28298
6.68448 -0.692181 2.95898

8.34048 -4.06218 2.21598
11.9565 -3.21418 1.23798
13.4935 -6.10418 -0.76402
17.1725 -6.60218 -1.71102
19.5345 -9.21118 -3.11302
22.5755 -9.90618 -0.87202
25.3945 -11.4602 -2.92702

27.1745 -13.6612 -0.33602
30.8895 -13.8422 -1.14602

31.8735 -17.0732 -3.06902
35.4885 -16.6022 -1.74102
34.4505 -18.7942 1.28098

33.4095 -21.5832 -1.20402
36.5475 -23.7642 -1.13802

38.0535 -25.0372 -4.43602
36.7415 -28.6552 -3.89502
33.1195 -27.4572 -3.34402
33.3965 -25.1272 -6.40502
34.8255 -27.9722 -8.55702
31.8875 -30.1892 -7.37202
29.3415 -27.4542 -8.37002
31.1385 -27.0562 -11.76
31.0515 -30.8822 -12.191
27.2785 -31.1912 -11.443
26.5905 -28.1392 -13.711
28.5455 -29.8152 -16.598
26.7715 -33.1282 -15.807
23.2745 -31.5762 -16.391
24.3655 -30.2452 -19.862

25.8455 -33.5752 -21.114
24.0155 -34.6732 -24.319
24.1565 -38.4532 -23.784
22.2855 -38.6142 -20.399
18.7125 -39.8422 -19.892

15.9165 -37.4552 -18.738
16.2355 -39.1172 -15.275
20.0575 -38.6582 -14.986
19.5065 -34.9562 -15.957
16.9175 -34.6032 -13.082
19.2855 -36.4232 -10.645
22.2345 -34.1312 -11.602
19.8835 -31.0932 -11.146
18.8685 -32.2952 -7.62202
22.5835 -32.8762 -6.81502
23.5535 -29.3552 -8.08702
20.7265 -27.8162 -5.97202
21.6815 -29.7652 -2.77402
25.4145 -28.8482 -3.34102
24.3645 -25.1582 -3.70102
22.7135 -25.3472 -0.24102
25.8735 -26.9282 1.32798
28.1735 -24.3672 -0.40002
26.1745 -21.3932 1.04598
26.1215 -22.5892 4.74398
29.4085 -20.8362 5.88098
28.4715 -17.4032 4.40898
24.7865 -17.7582 5.44898
26.1275 -18.3062 9.01998
28.5995 -15.3632 8.63298
25.6725 -13.1122 7.54998
23.3605 -14.2642 10.44
26.1655 -13.4962 12.951
26.8195 -10.0462 11.326
23.0705 -9.24918 11.802
23.1975 -10.2602 15.527
26.5225 -8.39518 16.117

24.8645 -5.31618 14.434
22.3845 -5.33118 17.408
19.2155 -6.62818 15.617
16.5215 -7.58118 18.145
14.2685 -9.93018 16.021

14.4875 -11.5252 12.54
13.3195 -14.6012 10.569
15.6895 -16.9632 8.69398
14.1035 -19.0302 5.88998
15.7245 -22.1852 4.41898

14.3425 -25.4862 2.94198
17.2205 -28.0302 2.99698

17.3515 -29.7142 6.44998
21.2145 -29.5122 6.50798
20.9845 -25.6552 6.26598
18.3815 -25.4702 9.10998
20.5425 -27.9052 11.196
23.8075 -25.9232 10.642
22.1305 -22.5442 11.488
20.5775 -23.9732 14.727
23.9135 -25.6062 15.757
25.8555 -22.3032 15.337
23.1695 -20.2902 17.245
23.3875 -22.8812 20.11
27.2495 -22.6572 19.995

26.9615 -18.8022 20.251
24.2935 -19.2342 23.052
21.7155 -17.2742 20.95
18.1115 -17.9612 22.019

16.1085 -18.9522 18.908
13.0235 -20.9202 17.742
12.9455 -23.6372 15.026
9.94348 -24.7382 12.882

10.2095 -27.4602 10.184
8.37648 -30.5562 8.76998
8.95448 -32.4732 12.079
7.52048 -29.7242 14.395
4.00748 -30.7292 15.584
0.844475 -28.6332 14.928
0.471475 -27.5252 18.616

4.22948 -26.8832 19.203
4.22048 -24.6582 16.036
1.65948 -22.3262 17.7
3.50848 -22.3812 21.084
6.94448 -21.5932 19.476
5.20348 -18.8242 17.453
3.86948 -17.3362 20.753
7.34648 -17.7192 22.406
8.99448 -15.7032 19.538
6.14648 -13.1032 19.588
6.07248 -12.5392 23.399

9.70548 -13.2022 24.533
12.2895 -10.4202 23.847
15.0925 -13.0482 24.297
14.2815 -15.0522 21.119
16.2505 -13.0712 18.498

16.1085 -15.5952 15.585
13.3485 -17.7662 14.106
14.8105 -20.6282 11.976
11.9545 -21.5382 9.60298
11.3805 -24.0662 6.81498

10.0685 -22.1702 3.71398
7.63948 -25.0802 3.00498
6.57648 -25.9292 6.60198
6.08948 -22.3352 7.96898
4.36748 -20.8062 4.83598
0.906475 -21.2802 6.52398
-1.09152 -20.3242 9.67498
1.67548 -18.5582 11.67
2.12448 -14.7862 12.355
5.57748 -13.2432 13.064
4.74048 -9.50818 13.51
7.45048 -9.17618 16.263
10.2345 -9.24118 13.59
11.1185 -6.43618 11.093

13.5655 -8.51318 8.95098
13.2565 -11.6772 6.80898
16.4235 -13.4442 5.52398
16.0465 -16.0772 2.77998

19.2065 -18.2002 3.22398
17.9975 -20.2202 0.19298
15.9865 -19.4172 -2.95502
12.7935 -21.3822 -3.75102
11.7075 -21.9362 -7.41802
8.06148 -20.9642 -6.67302

7.52148 -17.1872 -6.02502
4.04848 -17.7352 -4.46202
5.74948 -19.6022 -1.54202
8.36848 -16.8062 -1.12702
5.53148 -14.1782 -0.97302
3.65148 -16.4182 1.56198
6.82948 -16.4252 3.74198
7.30348 -12.5742 3.50998

3.60548 -12.0992 4.52798
4.27948 -13.9462 7.81198
5.90048 -10.6662 9.07698
3.96848 -8.14418 6.93198
0.584475 -8.63718 8.75598
-1.95552 -6.46318 10.639
-0.0315246 -5.52118 13.836
3.27648 -4.74918 12.014
4.50548 -1.14918 12.728
8.02748 -1.21818 11.115
9.13048 -1.25518 7.42898

9.75248 -4.93618 6.60598
13.2425 -5.75718 5.27398
13.5045 -8.80818 2.93898
17.0655 -10.0602 2.19798
17.5695 -12.7442 -0.51402
20.9895 -14.4392 -0.00602004
22.5225 -15.4552 -3.40902

25.9115 -16.9552 -4.43102
27.6125 -16.4362 -7.86002
28.7185 -19.8012 -9.38402
25.6955 -21.7762 -7.96602
22.0235 -22.7762 -8.59202

21.0115 -19.1922 -7.51302
22.3305 -17.8482 -10.897
19.5505 -19.8562 -12.707
16.8515 -19.7792 -9.97302
16.8155 -15.9652 -9.55302
16.0045 -15.1232 -13.267
13.4195 -18.0102 -13.217
11.7105 -16.5732 -10.073
11.7235 -13.0602 -11.69
10.0305 -14.1432 -14.972
7.42948 -16.0682 -12.857
6.58748 -12.9332 -10.738
6.22748 -10.9412 -14.01
3.75448 -13.5862 -15.375
1.83248 -13.3202 -12.043
1.84748 -9.45618 -12.207
0.620475 -9.37218 -15.877

-2.25252 -11.6942 -14.76
-3.05252 -9.15218 -11.915
-1.97652 -11.7532 -9.27102
1.04348 -9.84618 -7.79502
2.21848 -6.23118 -7.22302
5.67648 -7.67018 -6.48802
8.15048 -6.53418 -9.13302
11.5905 -8.20618 -8.66002
13.4755 -6.40018 -11.549

14.4815 -3.31118 -9.46702
16.5295 -5.50018 -7.02402
18.8765 -6.81718 -9.80302
19.7275 -3.42018 -11.362

20.9925 -2.46118 -7.83202
23.4775 -5.43418 -7.40902

End chain 1
