-13.201 -6.296 -53.957
-10.703 -3.406 -53.291
-9.54 -3.087 -49.639
-11.02 0.322 -48.639
-8.614 1.85 -46.053
-10.787 3.126 -43.162

-9.634 6.195 -41.181
-10.061 4.9 -37.589
-10.286 6.838 -34.306
-12.195 7.103 -30.979
-14.163 9.439 -28.711
-12.619 10.223 -25.263
-14.157 12.207 -22.344

-11.943 15.248 -21.466
-14.301 16.978 -18.949
-17.827 16.65 -17.399
-19.139 18.761 -20.353

-16.752 17.96 -23.312
-15.482 14.956 -25.281
-12.62 14.751 -27.824
-12.437 12.939 -31.204
-8.982 11.264 -31.393
-8.672 10.357 -35.1

-6.282 10.744 -38.079
-6.98 13.557 -40.6
-9.895 13.022 -43.051

-11.208 15.853 -45.293
-14.92 14.856 -45.011
-14.611 14.37 -41.226
-13.015 17.857 -40.827
-15.875 19.254 -42.999
-18.403 17.482 -40.669
-16.559 18.759 -37.515
-16.844 22.341 -38.957

-20.697 21.797 -39.029
-20.861 21.033 -35.24
-22.116 23.933 -33.104
-20.016 23.255 -29.939
-16.791 22.621 -31.971

-13.393 23.436 -30.391
-10.011 22.816 -32.063
-6.805 22.812 -29.99

-3.883 23.919 -32.209
-1.328 22.314 -29.773
-2.753 18.736 -29.691
-4.334 19.137 -33.217

-7.578 17.622 -31.79
-11.313 18.386 -31.995
-13.683 18.544 -28.991
-17.466 19.001 -28.65
-20.131 19.402 -25.91

-21.257 16.038 -24.476
-24.923 16.743 -25.497
-23.731 16.722 -29.178
-22.178 13.179 -28.839
-25.228 11.354 -30.322
-25.57 14.044 -33.093
-21.852 13.682 -34.021
-21.815 9.829 -34.037
-25.045 9.774 -36.128
-23.507 12.176 -38.75
-20.093 10.348 -38.803

-21.793 6.948 -39.527
-22.962 8.546 -42.834
-19.328 9.196 -43.991
-17.677 6.563 -46.261
-14.251 5.2 -45.121

-14.46 6.789 -41.562
-14.765 4.819 -38.279
-15.142 6.964 -35.114
-15.663 4.659 -32.101

-18.218 6.249 -29.657
-17.862 6.903 -25.912
-18.35 3.469 -24.195
-21.794 2.549 -22.772
-20.235 2.829 -19.255
-19.534 6.58 -19.812
-22.964 7.196 -21.431
-24.623 5.531 -18.378
-22.42 7.523 -15.909

-23.028 10.919 -17.654
-26.668 10.153 -18.714
-27.851 13.482 -17.123

-25.214 15.594 -18.963
-26 13.8 -22.296
-29.631 15.147 -21.909

-29.014 18.802 -20.797
-28.522 21.656 -23.337
-27.494 23.803 -20.296
-24.374 24.206 -18.108
-26.03 23.63 -14.722
-23.195 22.587 -12.38
-23.731 19.355 -10.334

-27.219 19.392 -8.694
-26.798 20.208 -4.988
-26.578 17.032 -2.906
-29.814 16.999 -0.82
-29.276 16.946 2.956
-30.305 13.551 4.343

-32.727 13.25 7.268
-30.389 11.851 9.975
-33.077 12.019 12.787
-33.159 8.159 12.923
-29.32 8.149 13.454
-27.82 8.306 16.969

-27.52 12.074 17.913
-23.991 11.509 19.371
-22.796 10.469 15.867
-24.731 13.185 13.93
-23.402 16.008 16.22
-19.738 14.82 15.861

-19.687 14.822 11.995
-17.445 17.587 10.586

-19.106 19.692 7.763
-17.231 17.783 4.996
-18.064 14.402 6.666
-21.796 15.407 6.677
-21.562 16.318 2.947
-19.943 12.855 2.346
-22.788 11.075 4.244
-25.363 13.084 2.191
-23.555 12.165 -1.104
-23.43 8.459 -0.115
-27.196 8.491 0.728
-28.024 10.343 -2.565

-25.973 7.645 -4.472
-28.214 5.048 -2.67
-25.512 3.7 -0.27

-23.352 2.353 -3.174
-19.956 4.118 -3.237
-16.209 4.012 -2.721
-15.295 6.541 0.021

-11.694 7.195 -1.128

-11.135 10.189 1.225
-7.504 10.605 2.377

-6.048 8.715 5.398
-7.361 9.956 8.784
-10.233 12.169 7.374
-12.706 9.981 9.408

-13.844 7.354 6.831
-15.012 5.081 9.734
-17.363 7.714 11.316
-18.876 8.506 7.854
-19.282 4.738 7.09
-21.02 4.042 10.461
-23.415 6.996 9.798
-24.247 5.855 6.195
-24.846 2.277 7.463
-26.955 3.52 10.461
-29.227 5.531 8.078

-29.9 2.058 6.507

-30.384 0.293 9.981
-33.886 -0.857 8.77
-32.05 -2.956 6.062
-29.626 -4.868 8.41
-27.981 -7.413 9.17

-24.774 -5.448 8.488
-21.551 -7.137 7.269
-18.235 -5.328 7.997
-15.132 -6.739 6.223
-11.829 -5.357 7.603

-8.05 -6.016 7.986
-7.416 -8.82 10.567
-5.856 -6.305 13.093
-8.689 -3.64 13.199

-11.758 -5.868 14.003
-11.895 -4.753 17.675
-11.154 -1.102 16.63
-14.365 -1.304 14.506
-16.414 -2.897 17.375
-15.268 -0.08 19.729
-16.109 2.476 16.969
-19.722 1.111 16.76
-20.082 1.14 20.611
-18.596 4.7 20.723
-20.823 6.195 17.978

-24.121 4.191 18.24
-24.851 3.95 22.056
-28.388 2.791 20.948
-26.764 -0.701 20.406
-26.03 -3.285 23.117

-22.632 -5.104 22.857
-24.638 -8.32 22.08
-25.78 -6.667 18.791

-22.091 -6.816 17.576
-20.505 -10.124 16.488
-16.681 -10.041 16.081

-15.702 -13.116 14.035
-12.316 -14.303 15.372
-12.201 -17.837 13.813
-13.405 -19.799 10.735
-15.769 -21.82 13.07
-17.788 -18.808 14.317
-21.352 -17.917 13.159
-21.075 -14.973 10.701
-24.816 -14.102 11.273
-24.919 -14.166 15.127
-25.108 -10.332 15.536
-27.08 -7.466 13.995

-23.588 -6.14 13.038
-21.065 -8.833 11.965
-17.336 -7.898 11.803
-15.009 -10.302 9.887
-11.529 -10.295 8.291

-10.658 -10.74 4.577
-8.757 -14.009 5.375
-11.833 -15.546 7.113
-14.3 -14.769 4.222

-11.4776 -16.2041 2.19392
-8.67755 -17.683 0.222303
-5.6177 -19.7203 -0.622772
-3.76335 -17.0537 -2.53438
-4.13688 -15.6871 0.909874
-2.75619 -18.2164 3.47112
-0.989223 -20.6317 1.09918
2.23815 -22.5254 0.183524
0.452839 -25.3412 1.90258
-2.93597 -25.3932 0.213736
-2.90478 -28.7777 -1.56173
-2.08515 -29.8779 2.02319

-2.17475 -29.1873 5.81706
-3.19352 -30.9308 9.08139
-4.58524 -33.9822 10.897
-6.08118 -33.8621 14.4817

-3.22618 -31.9891 16.1807
0.0948171 -31.6171 14.2727

-1.63018 -33.1041 11.1527
1.67082 -32.9591 9.15368
2.18382 -36.4941 10.6657
-0.338183 -37.6181 7.94568

1.87782 -36.1881 5.06768
2.57482 -39.6611 3.51068
-0.477183 -41.7351 2.38568
1.44182 -45.1001 2.48368
2.04982 -44.8681 6.28268

-0.115183 -47.0211 8.61368
-1.13218 -43.8741 10.6347
-2.39618 -42.1611 7.42868
-4.15018 -45.3451 6.11568
-6.02518 -45.6571 9.47368
-6.87718 -41.8891 9.78968
-8.02918 -41.1051 6.19668
-11.2642 -43.2751 6.11868
-12.5252 -41.5381 9.32268
-11.5682 -38.0241 8.05768
-13.4572 -38.5781 4.73568
-16.7122 -39.6791 6.54568

-16.6362 -37.3961 9.65668
-18.9362 -34.2941 9.41768

-16.3902 -31.8681 11.0177
-12.5832 -32.0991 10.4927
-10.3332 -29.6751 12.4117
-6.70918 -30.2091 11.2987
-3.99118 -28.2731 13.2097

-0.303183 -27.6871 12.3027
2.43782 -25.0401 12.6947
4.14582 -26.4511 9.58468
1.43382 -27.9741 7.28968
4.17282 -28.7731 4.77668
7.59182 -29.7081 6.24468
9.61482 -29.4791 2.96568
7.47582 -29.9371 -0.24232

3.94982 -29.3401 -1.76232
3.29082 -33.1481 -1.97932
3.03382 -33.2701 1.89868
-0.183183 -31.1221 1.74268
-2.19218 -33.5981 -0.40632
-3.46818 -35.7781 2.50768
-4.54518 -32.6441 4.47868
-6.30218 -31.1581 1.36368
-8.32318 -34.3901 0.74568
-9.10918 -34.6781 4.50768
-10.6682 -31.1351 4.52568

-12.1712 -31.4061 0.94968
-12.5562 -35.1221 -0.13532
-13.7362 -34.0031 -3.65832
-10.4992 -32.0421 -4.38632
-7.90118 -33.9881 -6.47032
-9.46418 -37.5371 -6.10732
-6.14018 -38.9691 -7.44932

-2.66518 -37.7711 -6.30732
-1.28318 -37.7741 -9.91032
-3.43018 -34.7191 -10.9083
-2.12918 -32.7831 -7.83732
1.47082 -33.9511 -8.54632
1.40782 -32.9141 -12.2623
0.197817 -29.3861 -11.3083
2.03282 -28.5721 -8.02032

4.92582 -31.1031 -7.64232
6.58482 -30.6201 -11.1203
5.93682 -34.3291 -11.7363

8.51382 -35.9761 -14.0673
8.26482 -39.3241 -15.9093
11.5448 -41.1671 -15.1523

12.5408 -44.6491 -16.5803
11.4908 -46.2161 -13.1933

8.13482 -44.3231 -12.7863
6.97082 -40.8401 -11.6923
9.06082 -38.4151 -9.61032

7.04982 -35.9441 -7.41632
9.98082 -34.3281 -5.45732
9.64982 -31.0011 -7.35032
7.43082 -27.9141 -7.00432
5.30282 -25.8541 -9.44332
2.54782 -23.1591 -9.52132

3.00782 -22.4421 -5.74632
1.17682 -19.0441 -5.84532
-1.92318 -20.8201 -7.30232
-1.59818 -23.5341 -4.59832
-1.41718 -20.7661 -1.90532
-4.62518 -19.1281 -3.27432
-6.45818 -22.5231 -3.38332
-5.34618 -23.3461 0.20368
-6.40518 -19.9481 1.69068
-9.80718 -19.8981 -0.12232
-10.9842 -23.5071 0.41268

-8.75318 -25.5091 2.87868

-6.62018 -23.4511 5.26268
-6.67818 -20.5571 7.73368

-3.07518 -19.3151 8.26668
-1.76818 -16.3141 10.2557
1.80682 -15.4791 11.2297

3.33282 -13.9951 14.4577
3.94382 -10.7911 12.4357
0.188817 -10.5421 11.5357
-1.25118 -10.9121 15.0957

1.55982 -10.4171 17.7177
3.52082 -7.18207 16.8867
4.93482 -7.41907 20.4867
6.93982 -10.6871 20.0707

10.7388 -9.99307 20.0557
12.4918 -10.7271 16.7317

14.1478 -14.0971 15.9887
17.7638 -13.2491 15.0107
19.3008 -16.1391 13.0087
22.9798 -16.6371 12.0617
25.3418 -19.2461 10.6597
28.3828 -19.9411 12.9007
31.2018 -21.4951 10.8457

32.9818 -23.6961 13.4367
36.6968 -23.8771 12.6267

37.6808 -27.1081 10.7037
41.2958 -26.6371 12.0317
40.2578 -28.8291 15.0537

39.2168 -31.6181 12.5687
42.3548 -33.7991 12.6347

43.8608 -35.0721 9.33668
42.5488 -38.6901 9.87768
38.9268 -37.4921 10.4287
39.2038 -35.1621 7.36768
40.6328 -38.0071 5.21568
37.6948 -40.2241 6.40068
35.1488 -37.4891 5.40268
36.9458 -37.0911 2.01268
36.8588 -40.9171 1.58168
33.0858 -41.2261 2.32968
32.3978 -38.1741 0.0616798
34.3528 -39.8501 -2.82532
32.5788 -43.1631 -2.03432
29.0818 -41.6111 -2.61832
30.1728 -40.2801 -6.08932

31.6528 -43.6101 -7.34132
29.8228 -44.7081 -10.5463
29.9638 -48.4881 -10.0113
28.0928 -48.6491 -6.62632
24.5198 -49.8771 -6.11932

21.7238 -47.4901 -4.96532
22.0428 -49.1521 -1.50232
25.8648 -48.6931 -1.21332
25.3138 -44.9911 -2.18432
22.7248 -44.6381 0.69068
25.0928 -46.4581 3.12768
28.0418 -44.1661 2.17068
25.6908 -41.1281 2.62668
24.6758 -42.3301 6.15068
28.3908 -42.9111 6.95768
29.3608 -39.3901 5.68568
26.5338 -37.8511 7.80068
27.4888 -39.8001 10.9987
31.2218 -38.8831 10.4317
30.1718 -35.1931 10.0717
28.5208 -35.3821 13.5317
31.6808 -36.9631 15.1007
33.9808 -34.4021 13.3727
31.9818 -31.4281 14.8187
31.9288 -32.6241 18.5167
35.2158 -30.8711 19.6537
34.2788 -27.4381 18.1817
30.5938 -27.7931 19.2217
31.9348 -28.3411 22.7927
34.4068 -25.3981 22.4057
31.4798 -23.1471 21.3227
29.1678 -24.2991 24.2127
31.9728 -23.5311 26.7237
32.6268 -20.0811 25.0987
28.8778 -19.2841 25.5747
29.0048 -20.2951 29.2997
32.3298 -18.4301 29.8897

30.6718 -15.3511 28.2067
28.1918 -15.3661 31.1807
25.0228 -16.6631 29.3897
22.3288 -17.6161 31.9177
20.0758 -19.9651 29.7937

20.2948 -21.5601 26.3127
19.1268 -24.6361 24.3417
21.4968 -26.9981 22.4667
19.9108 -29.0651 19.6627
21.5318 -32.2201 18.1917

20.1498 -35.5211 16.7147
23.0278 -38.0651 16.7697

23.1588 -39.7491 20.2227
27.0218 -39.5471 20.2807
26.7918 -35.6901 20.0387
24.1888 -35.5051 22.8827
26.3498 -37.9401 24.9687
29.6148 -35.9581 24.4147
27.9378 -32.5791 25.2607
26.3848 -34.0081 28.4997
29.7208 -35.6411 29.5297
31.6628 -32.3381 29.1097
28.9768 -30.3251 31.0177
29.1948 -32.9161 33.8827
33.0568 -32.6921 33.7677

32.7688 -28.8371 34.0237
30.1008 -29.2691 36.8247
27.5228 -27.3091 34.7227
23.9188 -27.9961 35.7917

21.9158 -28.9871 32.6807
18.8308 -30.9551 31.5147
18.7528 -33.6721 28.7987
15.7508 -34.7731 26.6547

16.0168 -37.4951 23.9567
14.1838 -40.5911 22.5427
14.7618 -42.5081 25.8517
13.3278 -39.7591 28.1677
9.81482 -40.7641 29.3567
6.65182 -38.6681 28.7007
6.27882 -37.5601 32.3887

10.0368 -36.9181 32.9757
10.0278 -34.6931 29.8087
7.46682 -32.3611 31.4727
9.31582 -32.4161 34.8567
12.7518 -31.6281 33.2487
11.0108 -28.8591 31.2257
9.67682 -27.3711 34.5257
13.1538 -27.7541 36.1787
14.8018 -25.7381 33.3107
11.9538 -23.1381 33.3607
11.8798 -22.5741 37.1717

15.5128 -23.2371 38.3057
18.0968 -20.4551 37.6197
20.8998 -23.0831 38.0697
20.0888 -25.0871 34.8917
22.0578 -23.1061 32.2707

21.9158 -25.6301 29.3577
19.1558 -27.8011 27.8787
20.6178 -30.6631 25.7487
17.7618 -31.5731 23.3757
17.1878 -34.1011 20.5877

15.8758 -32.2051 17.4867
13.4468 -35.1151 16.7777
12.3838 -35.9641 20.3747
11.8968 -32.3701 21.7417
10.1748 -30.8411 18.6087
6.71382 -31.3151 20.2967
4.71582 -30.3591 23.4477
7.48282 -28.5931 25.4427
7.93182 -24.8211 26.1277
11.3848 -23.2781 26.8367
10.5478 -19.5431 27.2827
13.2578 -19.2111 30.0357
16.0418 -19.2761 27.3627
16.9258 -16.4711 24.8657

19.3728 -18.5481 22.7237
19.0638 -21.7121 20.5817
22.2308 -23.4791 19.2967
21.8538 -26.1121 16.5527

25.0138 -28.2351 16.9967
23.8048 -30.2551 13.9657
21.7938 -29.4521 10.8177
18.6008 -31.4171 10.0217
17.5148 -31.9711 6.35468
13.8688 -30.9991 7.09968

13.3288 -27.2221 7.74768
9.85582 -27.7701 9.31068
11.5568 -29.6371 12.2307
14.1758 -26.8411 12.6457
11.3388 -24.2131 12.7997
9.45882 -26.4531 15.3347
12.6368 -26.4601 17.5147
13.1108 -22.6091 17.2827

9.41282 -22.1341 18.3007
10.0868 -23.9811 21.5847
11.7078 -20.7011 22.8497
9.77582 -18.1791 20.7047
6.39182 -18.6721 22.5287
3.85182 -16.4981 24.4117
5.77582 -15.5561 27.6087
9.08382 -14.7841 25.7867
10.3128 -11.1841 26.5007
13.8348 -11.2531 24.8877
14.9378 -11.2901 21.2017

15.5598 -14.9711 20.3787
19.0498 -15.7921 19.0467
19.3118 -18.8431 16.7117
22.8728 -20.0951 15.9707
23.3768 -22.7791 13.2587
26.7968 -24.4741 13.7667
28.3298 -25.4901 10.3637

31.7188 -26.9901 9.34168
33.4198 -26.4711 5.91268
34.5258 -29.8361 4.38868
31.5028 -31.8111 5.80668
27.8308 -32.8111 5.18068

26.8188 -29.2271 6.25968
28.1378 -27.8831 2.87568
25.3578 -29.8911 1.06568
22.6588 -29.8141 3.79968
22.6228 -26.0001 4.21968
21.8118 -25.1581 0.50568
19.2268 -28.0451 0.55568
17.5178 -26.6081 3.69968
17.5308 -23.0951 2.08268
15.8378 -24.1781 -1.19932
13.2368 -26.1031 0.91568
12.3948 -22.9681 3.03468
12.0348 -20.9761 -0.23732
9.56182 -23.6211 -1.60232
7.63982 -23.3551 1.72968
7.65482 -19.4911 1.56568
6.42782 -19.4071 -2.10432

3.55482 -21.7291 -0.98732
2.75482 -19.1871 1.85768
3.83082 -21.7881 4.50168
6.85082 -19.8811 5.97768
8.02582 -16.2661 6.54968
11.4838 -17.7051 7.28468
13.9578 -16.5691 4.63968
17.3978 -18.2411 5.11268
19.2828 -16.4351 2.22368

20.2888 -13.3461 4.30568
22.3368 -15.5351 6.74868
24.6838 -16.8521 3.96968
25.5348 -13.4551 2.41068

26.7998 -12.4961 5.94068
29.2848 -15.4691 6.36368

End chain 1
