-13.201 -6.296 -53.957
-10.703 -3.406 -53.291
-9.54 -3.087 -49.639
-11.02 0.322 -48.639
-8.614 1.85 -46.053
-10.787 3.126 -43.162

-9.634 6.195 -41.181
-10.061 4.9 -37.589
-10.286 6.838 -34.306
-12.195 7.103 -30.979
-14.163 9.439 -28.711
-12.619 10.223 -25.263
-14.157 12.207 -22.344

-11.943 15.248 -21.466
-14.301 16.978 -18.949
-17.827 16.65 -17.399
-19.139 18.761 -20.353

-16.752 17.96 -23.312
-15.482 14.956 -25.281
-12.62 14.751 -27.824
-12.437 12.939 -31.204
-8.982 11.264 -31.393
-8.672 10.357 -35.1

-6.282 10.744 -38.079
-6.98 13.557 -40.6
-9.895 13.022 -43.051

-11.208 15.853 -45.293
-14.92 14.856 -45.011
-14.611 14.37 -41.226
-13.015 17.857 -40.827
-15.875 19.254 -42.999
-18.403 17.482 -40.669
-16.559 18.759 -37.515
-16.844 22.341 -38.957

-20.697 21.797 -39.029
-20.861 21.033 -35.24
-22.116 23.933 -33.104
-20.016 23.255 -29.939
-16.791 22.621 -31.971

-13.393 23.436 -30.391
-10.011 22.816 -32.063
-6.805 22.812 -29.99

-3.883 23.919 -32.209
-1.328 22.314 -29.773
-2.753 18.736 -29.691
-4.334 19.137 -33.217

-7.578 17.622 -31.79
-11.313 18.386 -31.995
-13.683 18.544 -28.991
-17.466 19.001 -28.65
-20.131 19.402 -25.91

-21.257 16.038 -24.476
-24.923 16.743 -25.497
-23.731 16.722 -29.178
-22.178 13.179 -28.839
-25.228 11.354 -30.322
-25.57 14.044 -33.093
-21.852 13.682 -34.021
-21.815 9.829 -34.037
-25.045 9.774 -36.128
-23.507 12.176 -38.75
-20.093 10.348 -38.803

-21.793 6.948 -39.527
-22.962 8.546 -42.834
-19.328 9.196 -43.991
-17.677 6.563 -46.261
-14.251 5.2 -45.121

-14.46 6.789 -41.562
-14.765 4.819 -38.279
-15.142 6.964 -35.114
-15.663 4.659 -32.101

-18.218 6.249 -29.657
-17.862 6.903 -25.912
-18.35 3.469 -24.195
-21.794 2.549 -22.772
-20.235 2.829 -19.255
-19.534 6.58 -19.812
-22.964 7.196 -21.431
-24.623 5.531 -18.378
-22.42 7.523 -15.909

-23.028 10.919 -17.654
-26.668 10.153 -18.714
-27.851 13.482 -17.123

-25.214 15.594 -18.963
-26 13.8 -22.296
-29.631 15.147 -21.909

-29.014 18.802 -20.797
-28.522 21.656 -23.337
-27.494 23.803 -20.296
-24.374 24.206 -18.108
-26.03 23.63 -14.722
-23.195 22.587 -12.38
-23.731 19.355 -10.334

-27.219 19.392 -8.694
-26.798 20.208 -4.988
-26.578 17.032 -2.906
-29.814 16.999 -0.82
-29.276 16.946 2.956
-30.305 13.551 4.343

-32.727 13.25 7.268
-30.389 11.851 9.975
-33.077 12.019 12.787
-33.159 8.159 12.923
-29.32 8.149 13.454
-27.82 8.306 16.969

-27.52 12.074 17.913
-23.991 11.509 19.371
-22.796 10.469 15.867
-24.731 13.185 13.93
-23.402 16.008 16.22
-19.738 14.82 15.861

-19.687 14.822 11.995
-17.445 17.587 10.586

-19.106 19.692 7.763
-17.231 17.783 4.996
-18.064 14.402 6.666
-21.796 15.407 6.677
-21.562 16.318 2.947
-19.943 12.855 2.346
-22.788 11.075 4.244
-25.363 13.084 2.191
-23.555 12.165 -1.104
-23.43 8.459 -0.115
-27.196 8.491 0.728
-28.024 10.343 -2.565

-25.973 7.645 -4.472
-28.214 5.048 -2.67
-25.512 3.7 -0.27

-23.352 2.353 -3.174
-19.956 4.118 -3.237
-16.209 4.012 -2.721
-15.295 6.541 0.021

-11.694 7.195 -1.128

-11.135 10.189 1.225
-7.504 10.605 2.377

-6.048 8.715 5.398
-7.361 9.956 8.784
-10.233 12.169 7.374
-12.706 9.981 9.408

-13.844 7.354 6.831
-15.012 5.081 9.734
-17.363 7.714 11.316
-18.876 8.506 7.854
-19.282 4.738 7.09
-21.02 4.042 10.461
-23.415 6.996 9.798
-24.247 5.855 6.195
-24.846 2.277 7.463
-26.955 3.52 10.461
-29.227 5.531 8.078

-29.9 2.058 6.507

-30.384 0.293 9.981
-33.886 -0.857 8.77
-32.05 -2.956 6.062
-29.626 -4.868 8.41
-27.981 -7.413 9.17

-24.774 -5.448 8.488
-21.551 -7.137 7.269
-18.235 -5.328 7.997
-15.132 -6.739 6.223
-11.829 -5.357 7.603

-8.05 -6.016 7.986
-7.416 -8.82 10.567
-5.856 -6.305 13.093
-8.689 -3.64 13.199

-11.758 -5.868 14.003
-11.895 -4.753 17.675
-11.154 -1.102 16.63
-14.365 -1.304 14.506
-16.414 -2.897 17.375
-15.268 -0.08 19.729
-16.109 2.476 16.969
-19.722 1.111 16.76
-20.082 1.14 20.611
-18.596 4.7 20.723
-20.823 6.195 17.978

-24.121 4.191 18.24
-24.851 3.95 22.056
-28.388 2.791 20.948
-26.764 -0.701 20.406
-26.03 -3.285 23.117

-22.632 -5.104 22.857
-24.638 -8.32 22.08
-25.78 -6.667 18.791

-22.091 -6.816 17.576
-20.505 -10.124 16.488
-16.681 -10.041 16.081

-13.075 -11.0206 15.1047
-14.0015 -12.8351 11.9608
-14.5401 -9.49669 10.0799
-18.1974 -9.63056 9.19318
-20.0884 -6.72837 7.53288
-23.0371 -5.34477 9.49497
-25.9015 -5.44369 6.89261
-23.0807 -3.26945 5.65086
-19.731 -1.70003 6.24545
-19.1479 -1.88139 10.0216
-18.4574 -1.68721 13.6542
-18.928 -2.8295 17.2819

-19.7323 0.15652 19.4797
-20.1999 3.6037 20.9278
-20.7502 7.08321 22.5049
-20.4545 10.7787 21.7333
-20.1694 14.446 21.0799

-19.2984 14.001 17.3659
-17.3974 10.732 18.1639
-20.4734 9.19503 19.9019
-22.9404 9.97203 17.0109

-21.5664 7.02603 14.9289
-21.9274 4.66803 17.9719
-25.4834 6.00103 18.6339
-26.6544 5.92603 14.9279
-29.3714 3.32603 15.8329
-30.8834 5.90503 18.3009
-30.5954 8.84703 15.7779
-33.7114 7.30803 14.0669
-35.8284 9.29003 16.6139
-36.7344 12.604 14.8409
-35.0074 15.506 16.6309
-36.8764 18.526 15.1489

-34.3444 21.064 16.5809
-30.5764 20.443 16.2179
-27.6474 22.596 17.3909
-24.1574 21.631 16.1489

-21.3024 23.504 17.8479
-17.9814 23.876 15.9399

-19.7064 22.389 12.8199
-16.4054 22.534 10.8209
-15.8924 18.999 12.3329
-18.4144 17.875 9.61288

-16.1984 19.305 6.73488
-15.5014 15.832 5.17788
-18.5534 13.758 4.05288
-16.6344 10.393 4.15088
-16.0264 10.625 7.94988

-18.1914 8.47203 10.2809
-19.2084 11.619 12.3019
-20.4724 13.332 9.09588
-22.2264 10.148 7.78288
-24.1014 9.83603 11.1409
-24.9534 13.604 11.4569
-26.1054 14.388 7.86388
-29.3404 12.218 7.78588
-30.6014 13.955 10.9899
-29.6444 17.469 9.72488
-31.5334 16.915 6.40288
-34.7884 15.814 8.21288

-34.7124 18.097 11.3239
-37.0124 21.199 11.0849

-34.4664 23.625 12.6849
-30.6594 23.394 12.1599
-28.4094 25.818 14.0789
-24.7854 25.284 12.9659
-22.0674 27.22 14.8769

-18.3794 27.806 13.9699
-15.6384 30.453 14.3619
-13.9304 29.042 11.2519
-16.6424 27.519 8.95688
-13.9034 26.72 6.44388
-10.4844 25.785 7.91188
-8.46144 26.014 4.63288
-10.6004 25.556 1.42488

-14.1264 26.153 -0.0951243
-14.7854 22.345 -0.312124
-15.0424 22.223 3.56588
-18.2594 24.371 3.40988
-20.2684 21.895 1.26088
-21.5444 19.715 4.17488
-22.6214 22.849 6.14588
-24.3784 24.335 3.03088
-26.3994 21.103 2.41288
-27.1854 20.815 6.17488
-28.7444 24.358 6.19288

-30.2474 24.087 2.61688
-30.6324 20.371 1.53188
-31.8124 21.49 -1.99112
-28.5754 23.451 -2.71912
-25.9774 21.505 -4.80312
-27.5404 17.956 -4.44012
-24.2164 16.524 -5.78212

-20.7414 17.722 -4.64012
-19.3594 17.719 -8.24312
-21.5064 20.774 -9.24112
-20.2054 22.71 -6.17012
-16.6054 21.542 -6.87912
-16.6684 22.579 -10.5951
-17.8784 26.107 -9.64112
-16.0434 26.921 -6.35312

-13.1504 24.39 -5.97512
-11.4914 24.873 -9.45312
-12.1394 21.164 -10.0691

-9.56244 19.517 -12.4001
-9.81144 16.169 -14.2421
-6.53144 14.326 -13.4851

-5.53544 10.844 -14.9131
-6.58544 9.27703 -11.5261

-9.94144 11.17 -11.1191
-11.1054 14.653 -10.0251
-9.01544 17.078 -7.94312

-11.0264 19.549 -5.74912
-8.09544 21.165 -3.79012
-8.42644 24.492 -5.68312
-10.6454 27.579 -5.33712
-12.7734 29.639 -7.77612
-15.5284 32.334 -7.85412

-15.0684 33.051 -4.07912
-16.8994 36.449 -4.17812
-19.9994 34.673 -5.63512
-19.6744 31.959 -2.93112
-19.4934 34.727 -0.238124
-22.7014 36.365 -1.60712
-24.5344 32.97 -1.71612
-23.4224 32.147 1.87088
-24.4814 35.545 3.35788
-27.8834 35.595 1.54488
-29.0604 31.986 2.07988

-26.8294 29.984 4.54588

-24.6964 32.042 6.92988
-24.7544 34.936 9.40088

-21.1514 36.178 9.93388
-19.8444 39.179 11.9229
-16.2694 40.014 12.8969

-14.7434 41.498 16.1249
-14.1324 44.702 14.1029
-17.8874 44.951 13.2029
-19.3274 44.581 16.7629

-16.5164 45.076 19.3849
-14.5554 48.311 18.5539
-13.1414 48.074 22.1539
-11.1364 44.806 21.7379

-7.33744 45.5 21.7229
-5.58444 44.766 18.3989

-3.92844 41.396 17.6559
-0.312442 42.244 16.6779
1.22456 39.354 14.6759
4.90356 38.856 13.7289
7.26556 36.247 12.3269
10.3066 35.552 14.5679
13.1256 33.998 12.5129

14.9056 31.797 15.1039
18.6206 31.616 14.2939

19.6046 28.385 12.3709
23.2196 28.856 13.6989
22.1816 26.664 16.7209

21.1406 23.875 14.2359
24.2786 21.694 14.3019

25.7846 20.421 11.0039
24.4726 16.803 11.5449
20.8506 18.001 12.0959
21.1276 20.331 9.03488
22.5566 17.486 6.88288
19.6186 15.269 8.06788
17.0726 18.004 7.06988
18.8696 18.402 3.67988
18.7826 14.576 3.24888
15.0096 14.267 3.99688
14.3216 17.319 1.72888
16.2766 15.643 -1.15812
14.5026 12.33 -0.367124
11.0056 13.882 -0.951124
12.0966 15.213 -4.42212

13.5766 11.883 -5.67412
11.7466 10.785 -8.87912
11.8876 7.00503 -8.34412
10.0166 6.84403 -4.95912
6.44356 5.61603 -4.45212

3.64756 8.00303 -3.29812
3.96656 6.34103 0.164876
7.78856 6.80003 0.453876
7.23756 10.502 -0.517124
4.64856 10.855 2.35788
7.01656 9.03503 4.79488
9.96556 11.327 3.83788
7.61456 14.365 4.29388
6.59956 13.163 7.81788
10.3146 12.582 8.62488
11.2846 16.103 7.35288
8.45756 17.642 9.46788
9.41256 15.693 12.6659
13.1456 16.61 12.0989
12.0956 20.3 11.7389
10.4446 20.111 15.1989
13.6046 18.53 16.7679
15.9046 21.091 15.0399
13.9056 24.065 16.4859
13.8526 22.869 20.1839
17.1396 24.622 21.3209
16.2026 28.055 19.8489
12.5176 27.7 20.8889
13.8586 27.152 24.4599
16.3306 30.095 24.0729
13.4036 32.346 22.9899
11.0916 31.194 25.8799
13.8966 31.962 28.3909
14.5506 35.412 26.7659
10.8016 36.209 27.2419
10.9286 35.198 30.9669
14.2536 37.063 31.5569

12.5956 40.142 29.8739
10.1156 40.127 32.8479
6.94656 38.83 31.0569
4.25256 37.877 33.5849
1.99956 35.528 31.4609

2.21856 33.933 27.9799
1.05056 30.857 26.0089
3.42056 28.495 24.1339
1.83456 26.428 21.3299
3.45556 23.273 19.8589

2.07356 19.972 18.3819
4.95156 17.428 18.4369

5.08256 15.744 21.8899
8.94556 15.946 21.9479
8.71556 19.803 21.7059
6.11256 19.988 24.5499
8.27356 17.553 26.6359
11.5386 19.535 26.0819
9.86156 22.914 26.9279
8.30856 21.485 30.1669
11.6446 19.852 31.1969
13.5866 23.155 30.7769
10.9006 25.168 32.6849
11.1186 22.577 35.5499
14.9806 22.801 35.4349

14.6926 26.656 35.6909
12.0246 26.224 38.4919
9.44656 28.184 36.3899
5.84256 27.497 37.4589

3.83956 26.506 34.3479
0.754558 24.538 33.1819
0.676558 21.821 30.4659
-2.32544 20.72 28.3219

-2.05944 17.998 25.6239
-3.89244 14.902 24.2099
-3.31444 12.985 27.5189
-4.74844 15.734 29.8349
-8.26144 14.729 31.0239
-11.4244 16.825 30.3679
-11.7974 17.933 34.0559

-8.03944 18.575 34.6429
-8.04844 20.8 31.4759
-10.6094 23.132 33.1399
-8.76044 23.077 36.5239
-5.32444 23.865 34.9159
-7.06544 26.634 32.8929
-8.39944 28.122 36.1929
-4.92244 27.739 37.8459
-3.27444 29.755 34.9779
-6.12244 32.355 35.0279
-6.19644 32.919 38.8389

-2.56344 32.256 39.9729
0.0205582 35.038 39.2869
2.82356 32.41 39.7369
2.01256 30.406 36.5589
3.98156 32.387 33.9379

3.83956 29.863 31.0249
1.07956 27.692 29.5459
2.54156 24.83 27.4159
-0.314442 23.92 25.0429
-0.888442 21.392 22.2549

-2.20044 23.288 19.1539
-4.62944 20.378 18.4449
-5.69244 19.529 22.0419
-6.17944 23.123 23.4089
-7.90144 24.652 20.2759
-11.3624 24.178 21.9639
-13.3604 25.134 25.1149
-10.5934 26.9 27.1099
-10.1444 30.672 27.7949
-6.69144 32.215 28.5039
-7.52844 35.95 28.9499
-4.81844 36.282 31.7029
-2.03444 36.217 29.0299
-1.15044 39.022 26.5329

1.29656 36.945 24.3909
0.987558 33.781 22.2489
4.15456 32.014 20.9639
3.77756 29.381 18.2199

6.93756 27.258 18.6639
5.72856 25.238 15.6329
3.71756 26.041 12.4849
0.524558 24.076 11.6889
-0.561442 23.522 8.02188
-4.20744 24.494 8.76688

-4.74744 28.271 9.41488
-8.22044 27.723 10.9779
-6.51944 25.856 13.8979
-3.90044 28.652 14.3129
-6.73744 31.28 14.4669
-8.61744 29.04 17.0019
-5.43944 29.033 19.1819
-4.96544 32.884 18.9499

-8.66344 33.359 19.9679
-7.98944 31.512 23.2519
-6.36844 34.792 24.5169
-8.30044 37.314 22.3719
-11.6844 36.821 24.1959
-14.2244 38.995 26.0789
-12.3004 39.937 29.2759
-8.99244 40.709 27.4539
-7.76344 44.309 28.1679
-4.24144 44.24 26.5549
-3.13844 44.203 22.8689

-2.51644 40.522 22.0459
0.973558 39.701 20.7139
1.23556 36.65 18.3789
4.79656 35.398 17.6379
5.30056 32.714 14.9259
8.72056 31.019 15.4339
10.2536 30.003 12.0309

13.6426 28.503 11.0089
15.3436 29.022 7.57988
16.4496 25.657 6.05588
13.4266 23.682 7.47388
9.75456 22.682 6.84788

8.74256 26.266 7.92688
10.0616 27.61 4.54288
7.28156 25.602 2.73288
4.58256 25.679 5.46688
4.54656 29.493 5.88688
3.73556 30.335 2.17288
1.15056 27.448 2.22288
-0.558442 28.885 5.36688
-0.545442 32.398 3.74988
-2.23844 31.315 0.467876
-4.83944 29.39 2.58288
-5.68144 32.525 4.70188
-6.04144 34.517 1.42988
-8.51444 31.872 0.0648757
-10.4364 32.138 3.39688
-10.4214 36.002 3.23288
-11.6484 36.086 -0.437124

-14.5214 33.764 0.679876
-15.3214 36.306 3.52488
-14.2454 33.705 6.16888
-11.2254 35.612 7.64488
-10.0504 39.227 8.21688
-6.59244 37.788 8.95188
-4.11844 38.924 6.30688
-0.678442 37.252 6.77988
1.20656 39.058 3.89088

2.21256 42.147 5.97288
4.26056 39.958 8.41588
6.60756 38.641 5.63688
7.45856 42.038 4.07788

8.72356 42.997 7.60788
11.2086 40.024 8.03088

End chain 1
