-13.201 -6.296 -53.957
-10.703 -3.406 -53.291
-9.54 -3.087 -49.639
-11.02 0.322 -48.639
-8.614 1.85 -46.053
-10.787 3.126 -43.162

-9.634 6.195 -41.181
-10.061 4.9 -37.589
-10.286 6.838 -34.306
-12.195 7.103 -30.979
-14.163 9.439 -28.711
-12.619 10.223 -25.263
-14.157 12.207 -22.344

-11.943 15.248 -21.466
-14.301 16.978 -18.949
-17.827 16.65 -17.399
-19.139 18.761 -20.353

-16.752 17.96 -23.312
-15.482 14.956 -25.281
-12.62 14.751 -27.824
-12.437 12.939 -31.204
-8.982 11.264 -31.393
-8.672 10.357 -35.1

-6.282 10.744 -38.079
-6.98 13.557 -40.6
-9.895 13.022 -43.051

-11.208 15.853 -45.293
-14.92 14.856 -45.011
-14.611 14.37 -41.226
-13.015 17.857 -40.827
-15.875 19.254 -42.999
-18.403 17.482 -40.669
-16.559 18.759 -37.515
-16.844 22.341 -38.957

-20.697 21.797 -39.029
-20.861 21.033 -35.24
-22.116 23.933 -33.104
-20.016 23.255 -29.939
-16.791 22.621 -31.971

-13.393 23.436 -30.391
-10.011 22.816 -32.063
-6.805 22.812 -29.99

-3.883 23.919 -32.209
-1.328 22.314 -29.773
-2.753 18.736 -29.691
-4.334 19.137 -33.217

-7.578 17.622 -31.79
-11.313 18.386 -31.995
-13.683 18.544 -28.991
-17.466 19.001 -28.65
-20.131 19.402 -25.91

-21.257 16.038 -24.476
-24.923 16.743 -25.497
-23.731 16.722 -29.178
-22.178 13.179 -28.839
-25.228 11.354 -30.322
-25.57 14.044 -33.093
-21.852 13.682 -34.021
-21.815 9.829 -34.037
-25.045 9.774 -36.128
-23.507 12.176 -38.75
-20.093 10.348 -38.803

-21.793 6.948 -39.527
-22.962 8.546 -42.834
-19.328 9.196 -43.991
-17.677 6.563 -46.261
-14.251 5.2 -45.121

-14.46 6.789 -41.562
-14.765 4.819 -38.279
-15.142 6.964 -35.114
-15.663 4.659 -32.101

-18.218 6.249 -29.657
-17.862 6.903 -25.912
-18.35 3.469 -24.195
-21.794 2.549 -22.772
-20.235 2.829 -19.255
-19.534 6.58 -19.812
-22.964 7.196 -21.431
-24.623 5.531 -18.378
-22.42 7.523 -15.909

-23.028 10.919 -17.654
-26.668 10.153 -18.714
-27.851 13.482 -17.123

-25.214 15.594 -18.963
-26 13.8 -22.296
-29.631 15.147 -21.909

-29.014 18.802 -20.797
-28.522 21.656 -23.337
-27.494 23.803 -20.296
-24.374 24.206 -18.108
-26.03 23.63 -14.722
-23.195 22.587 -12.38
-23.731 19.355 -10.334

-27.219 19.392 -8.694
-26.798 20.208 -4.988
-26.578 17.032 -2.906
-29.814 16.999 -0.82
-29.276 16.946 2.956
-30.305 13.551 4.343

-32.727 13.25 7.268
-30.389 11.851 9.975
-33.077 12.019 12.787
-33.159 8.159 12.923
-29.32 8.149 13.454
-27.82 8.306 16.969

-27.52 12.074 17.913
-23.991 11.509 19.371
-22.796 10.469 15.867
-24.731 13.185 13.93
-23.402 16.008 16.22
-19.738 14.82 15.861

-19.687 14.822 11.995
-17.445 17.587 10.586

-19.106 19.692 7.763
-17.231 17.783 4.996
-18.064 14.402 6.666
-21.796 15.407 6.677
-21.562 16.318 2.947
-19.943 12.855 2.346
-22.788 11.075 4.244
-25.363 13.084 2.191
-23.555 12.165 -1.104
-23.43 8.459 -0.115
-27.196 8.491 0.728
-28.024 10.343 -2.565

-25.973 7.645 -4.472
-28.214 5.048 -2.67
-25.512 3.7 -0.27

-23.352 2.353 -3.174
-19.956 4.118 -3.237
-16.209 4.012 -2.721
-15.295 6.541 0.021

-11.694 7.195 -1.128

-11.135 10.189 1.225
-7.504 10.605 2.377

-6.048 8.715 5.398
-7.361 9.956 8.784
-10.233 12.169 7.374
-12.706 9.981 9.408

-13.844 7.354 6.831
-15.012 5.081 9.734
-17.363 7.714 11.316
-18.876 8.506 7.854
-19.282 4.738 7.09
-21.02 4.042 10.461
-23.415 6.996 9.798
-24.247 5.855 6.195
-24.846 2.277 7.463
-26.955 3.52 10.461
-29.227 5.531 8.078

-29.9 2.058 6.507

-30.384 0.293 9.981
-33.886 -0.857 8.77
-32.05 -2.956 6.062
-29.626 -4.868 8.41
-27.981 -7.413 9.17

-24.774 -5.448 8.488
-21.551 -7.137 7.269
-18.235 -5.328 7.997
-15.132 -6.739 6.223
-11.829 -5.357 7.603

-8.05 -6.016 7.986
-7.416 -8.82 10.567
-5.856 -6.305 13.093
-8.689 -3.64 13.199

-11.758 -5.868 14.003
-11.895 -4.753 17.675
-11.154 -1.102 16.63
-14.365 -1.304 14.506
-16.414 -2.897 17.375
-15.268 -0.08 19.729
-16.109 2.476 16.969
-19.722 1.111 16.76
-20.082 1.14 20.611
-18.596 4.7 20.723
-20.823 6.195 17.978

-23.7106 3.91757 18.8207
-26.597 1.65266 19.5907
-26.9041 0.626557 15.9199
-23.5373 -0.817318 15.0346
-23.0321 -3.52869 17.7798

-23.696 -1.90207 21.1496
-20.0361 -2.20717 22.1268
-18.9301 -0.623164 18.8541

-15.2411 -0.772164 17.6391
-13.6551 -4.08016 16.5511
-9.83109 -3.99716 16.1441

-8.85209 -7.07216 14.0981
-5.46609 -8.25916 15.4351
-5.35109 -11.7932 13.8761
-6.55509 -13.7552 10.7981
-8.91909 -15.7762 13.1331
-10.9381 -12.7642 14.3801
-14.5021 -11.8732 13.2221
-14.2251 -8.92916 10.7641
-17.9661 -8.05816 11.3361
-18.0691 -8.12216 15.1901
-18.2581 -4.28816 15.5991
-20.2301 -1.42216 14.0581

-16.7381 -0.0961637 13.1011
-14.2151 -2.78916 12.0281
-10.4861 -1.85416 11.8661
-8.15909 -4.25816 9.95011
-4.67909 -4.25116 8.35411

-3.80809 -4.69616 4.64011
-1.90709 -7.96516 5.43811
-4.98309 -9.50216 7.17611
-7.45009 -8.72516 4.28511

-6.07609 -11.6712 2.20311
-6.43709 -14.0292 5.24611
-9.99309 -12.6962 5.90811
-11.1641 -12.7712 2.20211
-13.8811 -15.3712 3.10711
-15.3931 -12.7922 5.57511
-15.1051 -9.85016 3.05211
-18.2211 -11.3892 1.34111
-20.3381 -9.40716 3.88811
-21.2441 -6.09316 2.11511
-19.5171 -3.19116 3.90511
-21.3861 -0.171164 2.42311

-18.8541 2.36684 3.85511
-15.0861 1.74584 3.49211
-12.1571 3.89884 4.66511
-8.66709 2.93384 3.42311

-5.81209 4.80684 5.12211
-2.49109 5.17884 3.21411

-4.21609 3.69184 0.0941085
-0.915089 3.83684 -1.90489
-0.402089 0.301836 -0.392891
-2.92409 -0.822164 -3.11289

-0.708089 0.607836 -5.99089
-0.0110888 -2.86516 -7.54789
-3.06309 -4.93916 -8.67289
-1.14409 -8.30416 -8.57489
-0.536089 -8.07216 -4.77589

-2.70109 -10.2252 -2.44489
-3.71809 -7.07816 -0.423891
-4.98209 -5.36516 -3.62989
-6.73609 -8.54916 -4.94289
-8.61109 -8.86116 -1.58489
-9.46309 -5.09316 -1.26889
-10.6151 -4.30916 -4.86189
-13.8501 -6.47916 -4.93989
-15.1111 -4.74216 -1.73589
-14.1541 -1.22816 -3.00089
-16.0431 -1.78216 -6.32289
-19.2981 -2.88316 -4.51289

-19.2221 -0.600164 -1.40189
-21.5221 2.50184 -1.64089

-18.9761 4.92784 -0.0408915
-15.1691 4.69684 -0.565891
-12.9191 7.12084 1.35311
-9.29509 6.58684 0.240109
-6.57709 8.52284 2.15111

-2.88909 9.10884 1.24411
-0.148089 11.7558 1.63611
1.55991 10.3448 -1.47389
-1.15209 8.82184 -3.76889
1.58691 8.02284 -6.28189
5.00591 7.08784 -4.81389
7.02891 7.31684 -8.09289
4.88991 6.85884 -11.3009

1.36391 7.45584 -12.8209
0.704911 3.64784 -13.0379
0.447911 3.52584 -9.15989
-2.76909 5.67384 -9.31589
-4.77809 3.19784 -11.4649
-6.05409 1.01784 -8.55089
-7.13109 4.15184 -6.57989
-8.88809 5.63784 -9.69489
-10.9091 2.40584 -10.3129
-11.6951 2.11784 -6.55089
-13.2541 5.66084 -6.53289

-14.7571 5.38984 -10.1089
-15.1421 1.67384 -11.1939
-16.3221 2.79284 -14.7169
-13.0851 4.75384 -15.4449
-10.4871 2.80784 -17.5289
-12.0501 -0.741164 -17.1659
-8.72609 -2.17316 -18.5079

-5.25109 -0.975164 -17.3659
-3.86909 -0.978164 -20.9689
-6.01609 2.07684 -21.9669
-4.71509 4.01284 -18.8959
-1.11509 2.84484 -19.6049
-1.17809 3.88184 -23.3209
-2.38809 7.40984 -22.3669
-0.553089 8.22384 -19.0789

2.33991 5.69284 -18.7009
3.99891 6.17584 -22.1789
3.35091 2.46684 -22.7949

5.92791 0.819836 -25.1259
5.67891 -2.52816 -26.9679
8.95891 -4.37116 -26.2109

9.95491 -7.85316 -27.6389
8.90491 -9.42016 -24.2519

5.54891 -7.52716 -23.8449
4.38491 -4.04416 -22.7509
6.47491 -1.61916 -20.6689

4.46391 0.851836 -18.4749
7.39491 2.46784 -16.5159
7.06391 5.79484 -18.4089
4.84491 8.88184 -18.0629
2.71691 10.9418 -20.5019
-0.0380888 13.6368 -20.5799

0.421911 14.3538 -16.8049
-1.40909 17.7518 -16.9039
-4.50909 15.9758 -18.3609
-4.18409 13.2618 -15.6569
-4.00309 16.0298 -12.9639
-7.21109 17.6678 -14.3329
-9.04409 14.2728 -14.4419
-7.93209 13.4498 -10.8549
-8.99109 16.8478 -9.36789
-12.3931 16.8978 -11.1809
-13.5701 13.2888 -10.6459

-11.3391 11.2868 -8.17989

-9.20609 13.3448 -5.79589
-9.26409 16.2388 -3.32489

-5.66109 17.4808 -2.79189
-4.35409 20.4818 -0.802891
-0.779089 21.3168 0.171109

0.746911 22.8008 3.39911
1.35791 26.0048 1.37711
-2.39709 26.2538 0.477109
-3.83709 25.8838 4.03711

-1.02609 26.3788 6.65911
0.934911 29.6138 5.82811
2.34891 29.3768 9.42811
4.35391 26.1088 9.01211

8.15291 26.8028 8.99711
9.90591 26.0688 5.67311

11.5619 22.6988 4.93011
15.1779 23.5468 3.95211
16.7149 20.6568 1.95011
20.3939 20.1588 1.00311
22.7559 17.5498 -0.398891
25.7969 16.8548 1.84211
28.6159 15.3008 -0.212891

30.3959 13.0998 2.37811
34.1109 12.9188 1.56811

35.0949 9.68784 -0.354891
38.7099 10.1588 0.973109
37.6719 7.96684 3.99511

36.6309 5.17784 1.51011
39.7689 2.99684 1.57611

41.2749 1.72384 -1.72189
39.9629 -1.89416 -1.18089
36.3409 -0.696164 -0.629891
36.6179 1.63384 -3.69089
38.0469 -1.21116 -5.84289
35.1089 -3.42816 -4.65789
32.5629 -0.693164 -5.65589
34.3599 -0.295164 -9.04589
34.2729 -4.12116 -9.47689
30.4999 -4.43016 -8.72889
29.8119 -1.37816 -10.9969
31.7669 -3.05416 -13.8839
29.9929 -6.36716 -13.0929
26.4959 -4.81516 -13.6769
27.5869 -3.48416 -17.1479

29.0669 -6.81416 -18.3999
27.2369 -7.91216 -21.6049
27.3779 -11.6922 -21.0699
25.5069 -11.8532 -17.6849
21.9339 -13.0812 -17.1779

19.1379 -10.6942 -16.0239
19.4569 -12.3562 -12.5609
23.2789 -11.8972 -12.2719
22.7279 -8.19516 -13.2429
20.1389 -7.84216 -10.3679
22.5069 -9.66216 -7.93089
25.4559 -7.37016 -8.88789
23.1049 -4.33216 -8.43189
22.0899 -5.53416 -4.90789
25.8049 -6.11516 -4.10089
26.7749 -2.59416 -5.37289
23.9479 -1.05516 -3.25789
24.9029 -3.00416 -0.0598915
28.6359 -2.08716 -0.626891
27.5859 1.60284 -0.986891
25.9349 1.41384 2.47311
29.0949 -0.167164 4.04211
31.3949 2.39384 2.31411
29.3959 5.36784 3.76011
29.3429 4.17184 7.45811
32.6299 5.92484 8.59511
31.6929 9.35784 7.12311
28.0079 9.00284 8.16311
29.3489 8.45484 11.7341
31.8209 11.3978 11.3471
28.8939 13.6488 10.2641
26.5819 12.4968 13.1541
29.3869 13.2648 15.6651
30.0409 16.7148 14.0401
26.2919 17.5118 14.5161
26.4189 16.5008 18.2411
29.7439 18.3658 18.8311

28.0859 21.4448 17.1481
25.6059 21.4298 20.1221
22.4369 20.1328 18.3311
19.7429 19.1798 20.8591
17.4899 16.8308 18.7351

17.7089 15.2358 15.2541
16.5409 12.1598 13.2831
18.9109 9.79784 11.4081
17.3249 7.73084 8.60411
18.9459 4.57584 7.13311

17.5639 1.27484 5.65611
20.4419 -1.26916 5.71111

20.5729 -2.95316 9.16411
24.4359 -2.75116 9.22211
24.2059 1.10584 8.98011
21.6029 1.29084 11.8241
23.7639 -1.14416 13.9101
27.0289 0.837836 13.3561
25.3519 4.21684 14.2021
23.7989 2.78784 17.4411
27.1349 1.15484 18.4711
29.0769 4.45784 18.0511
26.3909 6.47084 19.9591
26.6089 3.87984 22.8241
30.4709 4.10384 22.7091

30.1829 7.95884 22.9651
27.5149 7.52684 25.7661
24.9369 9.48684 23.6641
21.3329 8.79984 24.7331

19.3299 7.80884 21.6221
16.2449 5.84084 20.4561
16.1669 3.12384 17.7401
13.1649 2.02284 15.5961

13.4309 -0.699164 12.8981
11.5979 -3.79516 11.4841
12.1759 -5.71216 14.7931
10.7419 -2.96316 17.1091
7.22891 -3.96816 18.2981
4.06591 -1.87216 17.6421
3.69291 -0.764164 21.3301

7.45091 -0.122164 21.9171
7.44191 2.10284 18.7501
4.88091 4.43484 20.4141
6.72991 4.37984 23.7981
10.1659 5.16784 22.1901
8.42491 7.93684 20.1671
7.09091 9.42484 23.4671
10.5679 9.04184 25.1201
12.2159 11.0578 22.2521
9.36791 13.6578 22.3021
9.29391 14.2218 26.1131

12.9269 13.5588 27.2471
15.5109 16.3408 26.5611
18.3139 13.7128 27.0111
17.5029 11.7088 23.8331
19.4719 13.6898 21.2121

19.3299 11.1658 18.2991
16.5699 8.99484 16.8201
18.0319 6.13284 14.6901
15.1759 5.22284 12.3171
14.6019 2.69484 9.52911

13.2899 4.59084 6.42811
10.8609 1.68084 5.71911
9.79791 0.831836 9.31611
9.31091 4.42584 10.6831
7.58891 5.95484 7.55011
4.12791 5.48084 9.23811
2.12991 6.43684 12.3891
4.89691 8.20284 14.3841
5.34591 11.9748 15.0691
8.79891 13.5178 15.7781
7.96191 17.2528 16.2241
10.6719 17.5848 18.9771
13.4559 17.5198 16.3041
14.3399 20.3248 13.8071

16.7869 18.2478 11.6651
16.4779 15.0838 9.52311
19.6449 13.3168 8.23811
19.2679 10.6838 5.49411

22.4279 8.56084 5.93811
21.2189 6.54084 2.90711
19.2079 7.34384 -0.240891
16.0149 5.37884 -1.03689
14.9289 4.82484 -4.70389
11.2829 5.79684 -3.95889

10.7429 9.57384 -3.31089
7.26991 9.02584 -1.74789
8.97091 7.15884 1.17211
11.5899 9.95484 1.58711
8.75291 12.5828 1.74111
6.87291 10.3428 4.27611
10.0509 10.3358 6.45611
10.5249 14.1868 6.22411

6.82691 14.6618 7.24211
7.50091 12.8148 10.5261
9.12191 16.0948 11.7911
7.18991 18.6168 9.64611
3.80591 18.1238 11.4701
1.26591 20.2978 13.3531
3.18991 21.2398 16.5501
6.49791 22.0118 14.7281
7.72691 25.6118 15.4421
11.2489 25.5428 13.8291
12.3519 25.5058 10.1431

12.9739 21.8248 9.32011
16.4639 21.0038 7.98811
16.7259 17.9528 5.65311
20.2869 16.7008 4.91211
20.7909 14.0168 2.20011
24.2109 12.3218 2.70811
25.7439 11.3058 -0.694891

29.1329 9.80584 -1.71689
30.8339 10.3248 -5.14589
31.9399 6.95984 -6.66989
28.9169 4.98484 -5.25189
25.2449 3.98484 -5.87789

24.2329 7.56884 -4.79889
25.5519 8.91284 -8.18289
22.7719 6.90484 -9.99289
20.0729 6.98184 -7.25889
20.0369 10.7958 -6.83889
19.2259 11.6378 -10.5529
16.6409 8.75084 -10.5029
14.9319 10.1878 -7.35889
14.9449 13.7008 -8.97589
13.2519 12.6178 -12.2579
10.6509 10.6928 -10.1429
9.80891 13.8278 -8.02389
9.44891 15.8198 -11.2959
6.97591 13.1748 -12.6609
5.05391 13.4408 -9.32889
5.06891 17.3048 -9.49289
3.84191 17.3888 -13.1629

0.968911 15.0668 -12.0459
0.168911 17.6088 -9.20089
1.24491 15.0078 -6.55689
4.26491 16.9148 -5.08089
5.43991 20.5298 -4.50889
8.89791 19.0908 -3.77389
11.3719 20.2268 -6.41889
14.8119 18.5548 -5.94589
16.6969 20.3608 -8.83489

17.7029 23.4498 -6.75289
19.7509 21.2608 -4.30989
22.0979 19.9438 -7.08889
22.9489 23.3408 -8.64789

24.2139 24.2998 -5.11789
26.6989 21.3268 -4.69489

End chain 1
