-13.201 -6.296 -53.957
-10.703 -3.406 -53.291
-9.54 -3.087 -49.639
-11.02 0.322 -48.639
-8.614 1.85 -46.053
-10.787 3.126 -43.162

-9.634 6.195 -41.181
-10.061 4.9 -37.589
-10.286 6.838 -34.306
-12.195 7.103 -30.979
-14.163 9.439 -28.711
-12.619 10.223 -25.263
-14.157 12.207 -22.344

-11.943 15.248 -21.466
-14.301 16.978 -18.949
-17.827 16.65 -17.399
-19.139 18.761 -20.353

-16.752 17.96 -23.312
-15.482 14.956 -25.281
-12.62 14.751 -27.824
-12.437 12.939 -31.204
-8.982 11.264 -31.393
-8.672 10.357 -35.1

-6.282 10.744 -38.079
-6.98 13.557 -40.6
-9.895 13.022 -43.051

-11.208 15.853 -45.293
-14.92 14.856 -45.011
-14.611 14.37 -41.226
-13.015 17.857 -40.827
-15.875 19.254 -42.999
-18.403 17.482 -40.669
-16.559 18.759 -37.515
-16.844 22.341 -38.957

-20.697 21.797 -39.029
-20.861 21.033 -35.24
-22.116 23.933 -33.104
-20.016 23.255 -29.939
-16.791 22.621 -31.971

-13.393 23.436 -30.391
-10.011 22.816 -32.063
-6.805 22.812 -29.99

-3.883 23.919 -32.209
-1.328 22.314 -29.773
-2.753 18.736 -29.691
-4.334 19.137 -33.217

-7.578 17.622 -31.79
-11.313 18.386 -31.995
-13.683 18.544 -28.991
-17.466 19.001 -28.65
-20.131 19.402 -25.91

-21.257 16.038 -24.476
-24.923 16.743 -25.497
-23.731 16.722 -29.178
-22.178 13.179 -28.839
-25.228 11.354 -30.322
-25.57 14.044 -33.093
-21.852 13.682 -34.021
-21.815 9.829 -34.037
-25.045 9.774 -36.128
-23.507 12.176 -38.75
-20.093 10.348 -38.803

-21.793 6.948 -39.527
-22.962 8.546 -42.834
-19.328 9.196 -43.991
-17.677 6.563 -46.261
-14.251 5.2 -45.121

-14.46 6.789 -41.562
-14.765 4.819 -38.279
-15.142 6.964 -35.114
-15.663 4.659 -32.101

-18.218 6.249 -29.657
-17.862 6.903 -25.912
-18.35 3.469 -24.195
-21.794 2.549 -22.772
-20.235 2.829 -19.255
-19.534 6.58 -19.812
-22.964 7.196 -21.431
-24.623 5.531 -18.378
-22.42 7.523 -15.909

-23.028 10.919 -17.654
-26.668 10.153 -18.714
-27.851 13.482 -17.123

-25.214 15.594 -18.963
-26 13.8 -22.296
-29.631 15.147 -21.909

-29.014 18.802 -20.797
-28.522 21.656 -23.337
-27.494 23.803 -20.296
-24.374 24.206 -18.108
-26.03 23.63 -14.722
-23.195 22.587 -12.38
-23.731 19.355 -10.334

-27.219 19.392 -8.694
-26.798 20.208 -4.988
-26.578 17.032 -2.906
-29.814 16.999 -0.82
-29.276 16.946 2.956
-30.305 13.551 4.343

-32.727 13.25 7.268
-30.389 11.851 9.975
-33.077 12.019 12.787
-33.159 8.159 12.923
-29.32 8.149 13.454
-27.82 8.306 16.969

-27.52 12.074 17.913
-23.991 11.509 19.371
-22.796 10.469 15.867
-24.731 13.185 13.93
-23.402 16.008 16.22
-19.738 14.82 15.861

-19.687 14.822 11.995
-17.445 17.587 10.586

-19.106 19.692 7.763
-17.231 17.783 4.996
-18.064 14.402 6.666
-21.796 15.407 6.677
-21.562 16.318 2.947
-19.943 12.855 2.346
-22.788 11.075 4.244
-25.363 13.084 2.191
-23.555 12.165 -1.104
-23.43 8.459 -0.115
-27.196 8.491 0.728
-28.024 10.343 -2.565

-25.973 7.645 -4.472
-28.214 5.048 -2.67
-25.512 3.7 -0.27

-23.352 2.353 -3.174
-19.956 4.118 -3.237
-16.209 4.012 -2.721
-15.295 6.541 0.021

-11.694 7.195 -1.128

-11.135 10.189 1.225
-7.504 10.605 2.377

-6.048 8.715 5.398
-7.361 9.956 8.784
-10.233 12.169 7.374
-12.706 9.981 9.408

-13.844 7.354 6.831
-15.012 5.081 9.734
-17.363 7.714 11.316
-18.876 8.506 7.854
-19.282 4.738 7.09
-21.02 4.042 10.461
-23.415 6.996 9.798
-24.247 5.855 6.195
-24.846 2.277 7.463
-26.955 3.52 10.461
-29.227 5.531 8.078

-29.9 2.058 6.507

-30.384 0.293 9.981
-33.886 -0.857 8.77
-32.05 -2.956 6.062
-29.626 -4.868 8.41
-27.981 -7.413 9.17

-24.774 -5.448 8.488
-21.551 -7.137 7.269
-18.235 -5.328 7.997
-15.132 -6.739 6.223
-11.829 -5.357 7.603

-8.05 -6.016 7.986
-7.416 -8.82 10.567
-5.856 -6.305 13.093
-8.689 -3.64 13.199

-11.758 -5.868 14.003
-11.895 -4.753 17.675
-11.154 -1.102 16.63
-14.365 -1.304 14.506
-16.414 -2.897 17.375
-15.268 -0.08 19.729
-16.109 2.476 16.969
-19.722 1.111 16.76
-20.082 1.14 20.611
-18.596 4.7 20.723
-20.823 6.195 17.978

-24.121 4.191 18.24
-24.851 3.95 22.056
-28.388 2.791 20.948
-26.764 -0.701 20.406
-26.03 -3.285 23.117

-22.632 -5.104 22.857
-24.638 -8.32 22.08
-25.78 -6.667 18.791

-22.091 -6.816 17.576
-20.505 -10.124 16.488
-16.681 -10.041 16.081

-15.702 -13.116 14.035
-12.316 -14.303 15.372
-12.201 -17.837 13.813
-13.405 -19.799 10.735
-15.769 -21.82 13.07
-17.788 -18.808 14.317
-21.352 -17.917 13.159
-21.075 -14.973 10.701
-24.816 -14.102 11.273
-24.919 -14.166 15.127
-25.108 -10.332 15.536
-27.08 -7.466 13.995

-23.588 -6.14 13.038
-21.065 -8.833 11.965
-17.336 -7.898 11.803
-15.009 -10.302 9.887
-11.529 -10.295 8.291

-10.658 -10.74 4.577
-8.757 -14.009 5.375
-11.833 -15.546 7.113
-14.3 -14.769 4.222

-12.926 -17.715 2.14
-13.287 -20.073 5.183
-16.843 -18.74 5.845
-18.014 -18.815 2.139
-20.731 -21.415 3.044
-22.243 -18.836 5.512
-21.955 -15.894 2.989
-25.071 -17.433 1.278
-27.188 -15.451 3.825
-28.094 -12.137 2.052
-26.367 -9.235 3.842
-28.236 -6.215 2.36

-25.704 -3.677 3.792
-21.936 -4.298 3.429
-19.007 -2.145 4.602
-15.517 -3.11 3.36

-12.662 -1.237 5.059
-9.341 -0.865 3.151

-11.066 -2.352 0.031
-7.765 -2.207 -1.968
-7.252 -5.742 -0.456
-9.774 -6.866 -3.176

-7.558 -5.436 -6.054
-6.861 -8.909 -7.611
-9.913 -10.983 -8.736
-7.994 -14.348 -8.638
-7.386 -14.116 -4.839

-9.551 -16.269 -2.508
-10.568 -13.122 -0.487
-11.832 -11.409 -3.693
-13.586 -14.593 -5.006
-15.461 -14.905 -1.648
-16.313 -11.137 -1.332
-17.465 -10.353 -4.925
-20.7 -12.523 -5.003
-21.961 -10.786 -1.799
-21.004 -7.272 -3.064
-22.893 -7.826 -6.386
-26.148 -8.927 -4.576

-26.072 -6.644 -1.465
-28.372 -3.542 -1.704

-25.826 -1.116 -0.104
-22.019 -1.347 -0.629
-19.769 1.077 1.29
-16.145 0.543 0.177
-13.427 2.479 2.088

-9.739 3.065 1.181
-6.998 5.712 1.573
-5.29 4.301 -1.537
-8.002 2.778 -3.832
-5.263 1.979 -6.345
-1.844 1.044 -4.877
0.179 1.273 -8.156
-1.96 0.815 -11.364

-5.486 1.412 -12.884
-6.145 -2.396 -13.101
-6.402 -2.518 -9.223
-9.619 -0.37 -9.379
-11.628 -2.846 -11.528
-12.904 -5.026 -8.614
-13.981 -1.892 -6.643
-15.738 -0.406 -9.758
-17.759 -3.638 -10.376
-18.545 -3.926 -6.614
-20.104 -0.383 -6.596

-21.607 -0.654 -10.172
-21.992 -4.37 -11.257
-23.172 -3.251 -14.78
-19.935 -1.29 -15.508
-17.337 -3.236 -17.592
-18.9 -6.785 -17.229
-15.576 -8.217 -18.571

-12.101 -7.019 -17.429
-10.719 -7.022 -21.032
-12.866 -3.967 -22.03
-11.565 -2.031 -18.959
-7.965 -3.199 -19.668
-8.028 -2.162 -23.384
-9.238 1.366 -22.43
-7.403 2.18 -19.142

-4.51 -0.351 -18.764
-2.851 0.132 -22.242
-3.499 -3.577 -22.858

-0.922 -5.224 -25.189
-1.171 -8.572 -27.031
2.109 -10.415 -26.274

3.105 -13.897 -27.702
2.055 -15.464 -24.315

-1.301 -13.571 -23.908
-2.465 -10.088 -22.814
-0.375 -7.663 -20.732

-2.386 -5.192 -18.538
0.545 -3.576 -16.579
0.214 -0.249 -18.472
-2.005 2.838 -18.126
-4.133 4.898 -20.565
-6.888 7.593 -20.643

-6.428 8.31 -16.868
-8.259 11.708 -16.967
-11.359 9.932 -18.424
-11.034 7.218 -15.72
-10.853 9.986 -13.027
-14.061 11.624 -14.396
-15.894 8.229 -14.505
-14.782 7.406 -10.918
-15.841 10.804 -9.431
-19.243 10.854 -11.244
-20.42 7.245 -10.709

-18.189 5.243 -8.243

-16.056 7.301 -5.859
-16.114 10.195 -3.388

-12.511 11.437 -2.855
-11.204 14.438 -0.866
-7.629 15.273 0.108

-6.103 16.757 3.336
-5.492 19.961 1.314
-9.247 20.21 0.414
-10.687 19.84 3.974

-8.08788 20.3695 6.71974
-5.50252 19.5375 9.34372
-3.92545 18.1839 12.453
-0.55456 18.543 13.9625

-1.18988 22.2541 14.479
1.39126 22.4071 17.2642

3.04726 19.0371 16.5212
6.66326 19.8851 15.5432
8.20026 16.9951 13.5412
11.8793 16.4971 12.5942
14.2413 13.8881 11.1922
17.2823 13.1931 13.4332
20.1013 11.6391 11.3782

21.8813 9.43809 13.9692
25.5963 9.25709 13.1592

26.5803 6.02609 11.2362
30.1953 6.49709 12.5642
29.1573 4.30509 15.5862

28.1163 1.51609 13.1012
31.2543 -0.664914 13.1672

32.7603 -1.93791 9.86923
31.4483 -5.55591 10.4102
27.8263 -4.35791 10.9612
28.1033 -2.02791 7.90023
29.5323 -4.87291 5.74823
26.5943 -7.08991 6.93323
24.0483 -4.35491 5.93523
25.8453 -3.95691 2.54523
25.7583 -7.78291 2.11423
21.9853 -8.09191 2.86223
21.2973 -5.03991 0.594225
23.2523 -6.71591 -2.29277
21.4783 -10.0289 -1.50177
17.9813 -8.47691 -2.08577
19.0723 -7.14591 -5.55677

20.5523 -10.4759 -6.80877
18.7223 -11.5739 -10.0138
18.8633 -15.3539 -9.47877
16.9923 -15.5149 -6.09377
13.4193 -16.7429 -5.58677

10.6233 -14.3559 -4.43277
10.9423 -16.0179 -0.969775
14.7643 -15.5589 -0.680775
14.2133 -11.8569 -1.65177
11.6243 -11.5039 1.22323
13.9923 -13.3239 3.66023
16.9413 -11.0319 2.70323
14.5903 -7.99391 3.15923
13.5753 -9.19591 6.68323
17.2903 -9.77691 7.49023
18.2603 -6.25591 6.21823
15.4333 -4.71691 8.33323
16.3883 -6.66591 11.5312
20.1213 -5.74891 10.9642
19.0713 -2.05891 10.6042
17.4203 -2.24791 14.0642
20.5803 -3.82891 15.6332
22.8803 -1.26791 13.9052
20.8813 1.70609 15.3512
20.8283 0.510086 19.0492
24.1153 2.26309 20.1862
23.1783 5.69609 18.7142
19.4933 5.34109 19.7542
20.8343 4.79309 23.3252
23.3063 7.73609 22.9382
20.3793 9.98709 21.8552
18.0673 8.83509 24.7452
20.8723 9.60309 27.2562
21.5263 13.0531 25.6312
17.7773 13.8501 26.1072
17.9043 12.8391 29.8322
21.2293 14.7041 30.4222

19.5713 17.7831 28.7392
17.0913 17.7681 31.7132
13.9223 16.4711 29.9222
11.2283 15.5181 32.4502
8.97526 13.1691 30.3262

9.19426 11.5741 26.8452
8.02626 8.49809 24.8742
10.3963 6.13609 22.9992
8.81026 4.06909 20.1952
10.4313 0.914086 18.7242

9.04926 -2.38691 17.2472
11.9273 -4.93091 17.3022

12.0583 -6.61491 20.7552
15.9213 -6.41291 20.8132
15.6913 -2.55591 20.5712
13.0883 -2.37091 23.4152
15.2493 -4.80591 25.5012
18.5143 -2.82391 24.9472
16.8373 0.555086 25.7932
15.2843 -0.873914 29.0322
18.6203 -2.50691 30.0622
20.5623 0.796086 29.6422
17.8763 2.80909 31.5502
18.0943 0.218086 34.4152
21.9563 0.442086 34.3002

21.6683 4.29709 34.5562
19.0003 3.86509 37.3572
16.4223 5.82509 35.2552
12.8183 5.13809 36.3242

10.8153 4.14709 33.2132
7.73026 2.17909 32.0472
7.65226 -0.537914 29.3312
4.65026 -1.63891 27.1872

4.91626 -4.36091 24.4892
3.08326 -7.45691 23.0752
3.66126 -9.37391 26.3842
2.22726 -6.62491 28.7002
-1.28574 -7.62991 29.8892
-4.44874 -5.53391 29.2332
-4.82174 -4.42591 32.9212

-1.06374 -3.78391 33.5082
-1.07274 -1.55891 30.3412
-3.63374 0.773086 32.0052
-1.78474 0.718086 35.3892
1.65126 1.50609 33.7812
-0.0897399 4.27509 31.7582
-1.42374 5.76309 35.0582
2.05326 5.38009 36.7112
3.70126 7.39609 33.8432
0.85326 9.99609 33.8932
0.77926 10.5601 37.7042

4.41226 9.89709 38.8382
6.99626 12.6791 38.1522
9.79926 10.0511 38.6022
8.98826 8.04709 35.4242
10.9573 10.0281 32.8032

10.8153 7.50409 29.8902
8.05526 5.33309 28.4112
9.51726 2.47109 26.2812
6.66126 1.56109 23.9082
6.08726 -0.966914 21.1202

4.77526 0.929086 18.0192
2.34626 -1.98091 17.3102
1.28326 -2.82991 20.9072
0.79626 0.764086 22.2742
-0.92574 2.29309 19.1412
-4.38674 1.81909 20.8292
-6.38474 2.77509 23.9802
-3.61774 4.54109 25.9752
-3.16874 8.31309 26.6602
0.28426 9.85609 27.3692
-0.55274 13.5911 27.8152
2.15726 13.9231 30.5682
4.94126 13.8581 27.8952
5.82526 16.6631 25.3982

8.27226 14.5861 23.2562
7.96326 11.4221 21.1142
11.1303 9.65509 19.8292
10.7533 7.02209 17.0852

13.9133 4.89909 17.5292
12.7043 2.87909 14.4982
10.6933 3.68209 11.3502
7.50026 1.71709 10.5542
6.41426 1.16309 6.88723
2.76826 2.13509 7.63223

2.22826 5.91209 8.28023
-1.24474 5.36409 9.84323
0.45626 3.49709 12.7632
3.07526 6.29309 13.1782
0.23826 8.92109 13.3322
-1.64174 6.68109 15.8672
1.53626 6.67409 18.0472
2.01026 10.5251 17.8152

-1.68774 11.0001 18.8332
-1.01374 9.15309 22.1172
0.60726 12.4331 23.3822
-1.32474 14.9551 21.2372
-4.70874 14.4621 23.0612
-7.24874 16.6361 24.9442
-5.32474 17.5781 28.1412
-2.01674 18.3501 26.3192
-0.78774 21.9501 27.0332
2.73426 21.8811 25.4202
3.83726 21.8441 21.7342

4.45926 18.1631 20.9112
7.94926 17.3421 19.5792
8.21126 14.2911 17.2442
11.7723 13.0391 16.5032
12.2763 10.3551 13.7912
15.6963 8.66009 14.2992
17.2293 7.64409 10.8962

20.6183 6.14409 9.87423
22.3193 6.66309 6.44523
23.4253 3.29809 4.92123
20.4023 1.32309 6.33923
16.7303 0.323086 5.71323

15.7183 3.90709 6.79223
17.0373 5.25109 3.40823
14.2573 3.24309 1.59823
11.5583 3.32009 4.33223
11.5223 7.13409 4.75223
10.7113 7.97609 1.03823
8.12626 5.08909 1.08823
6.41726 6.52609 4.23223
6.43026 10.0391 2.61523
4.73726 8.95609 -0.666775
2.13626 7.03109 1.44823
1.29426 10.1661 3.56723
0.93426 12.1581 0.295225
-1.53874 9.51309 -1.06977
-3.46074 9.77909 2.26223
-3.44574 13.6431 2.09823
-4.67274 13.7271 -1.57177

-7.54574 11.4051 -0.454775
-8.34574 13.9471 2.39023
-7.26974 11.3461 5.03423
-4.24974 13.2531 6.51023
-3.07474 16.8681 7.08223
0.38326 15.4291 7.81723
2.85726 16.5651 5.17223
6.29726 14.8931 5.64523
8.18226 16.6991 2.75623

9.18826 19.7881 4.83823
11.2363 17.5991 7.28123
13.5833 16.2821 4.50223
14.4343 19.6791 2.94323

15.6993 20.6381 6.47323
18.1843 17.6651 6.89623

End chain 1
