-13.201 -6.296 -53.957
-10.703 -3.406 -53.291
-9.54 -3.087 -49.639
-11.02 0.322 -48.639
-8.614 1.85 -46.053
-10.787 3.126 -43.162

-9.634 6.195 -41.181
-10.061 4.9 -37.589
-10.286 6.838 -34.306
-12.195 7.103 -30.979
-14.163 9.439 -28.711
-12.619 10.223 -25.263
-14.157 12.207 -22.344

-11.943 15.248 -21.466
-14.301 16.978 -18.949
-17.827 16.65 -17.399
-19.139 18.761 -20.353

-16.752 17.96 -23.312
-15.482 14.956 -25.281
-12.62 14.751 -27.824
-12.437 12.939 -31.204
-8.982 11.264 -31.393
-8.672 10.357 -35.1

-6.282 10.744 -38.079
-6.98 13.557 -40.6
-9.895 13.022 -43.051

-11.208 15.853 -45.293
-14.92 14.856 -45.011
-14.611 14.37 -41.226
-13.015 17.857 -40.827
-15.875 19.254 -42.999
-18.403 17.482 -40.669
-16.559 18.759 -37.515
-16.844 22.341 -38.957

-20.697 21.797 -39.029
-20.861 21.033 -35.24
-22.116 23.933 -33.104
-20.016 23.255 -29.939
-16.791 22.621 -31.971

-13.393 23.436 -30.391
-10.011 22.816 -32.063
-6.805 22.812 -29.99

-3.883 23.919 -32.209
-1.328 22.314 -29.773
-2.753 18.736 -29.691
-4.334 19.137 -33.217

-7.578 17.622 -31.79
-11.313 18.386 -31.995
-13.683 18.544 -28.991
-17.466 19.001 -28.65
-20.131 19.402 -25.91

-21.257 16.038 -24.476
-24.923 16.743 -25.497
-23.731 16.722 -29.178
-22.178 13.179 -28.839
-25.228 11.354 -30.322
-25.57 14.044 -33.093
-21.852 13.682 -34.021
-21.815 9.829 -34.037
-25.045 9.774 -36.128
-23.507 12.176 -38.75
-20.093 10.348 -38.803

-22.3101 7.42429 -39.3458
-24.9061 5.17306 -41.1447
-24.073 4.53019 -44.8705
-24.0514 0.776992 -44.2226
-20.3852 0.0721608 -43.8354

-19.8642 -1.17716 -47.3455
-20.7098 -1.85085 -51.0681
-21.3114 -1.65026 -54.8415
-21.9188 -4.90264 -56.8502

-24.4738 -3.31264 -54.4062
-24.1178 -2.65864 -50.6612
-24.6058 -6.09264 -48.9442
-28.0498 -7.01264 -47.5212
-26.4908 -6.73264 -44.0042
-25.7898 -2.98164 -44.5612
-29.2198 -2.36564 -46.1802
-30.8788 -4.03064 -43.1272
-28.6758 -2.03864 -40.6582

-29.2838 1.35736 -42.4032
-32.9238 0.591362 -43.4632
-34.1068 3.92036 -41.8722

-31.4698 6.03236 -43.7122
-32.2558 4.23836 -47.0452
-35.8868 5.58536 -46.6582

-35.2698 9.24036 -45.5462
-34.7778 12.0944 -48.0862
-33.7498 14.2414 -45.0452
-30.6298 14.6444 -42.8572
-32.2858 14.0684 -39.4712
-29.4508 13.0254 -37.1292
-29.9868 9.79336 -35.0832

-33.4748 9.83036 -33.4432
-33.0538 10.6464 -29.7372
-32.8338 7.47036 -27.6552
-36.0698 7.43736 -25.5692
-35.5318 7.38436 -21.7932
-36.5608 3.98936 -20.4062

-38.9828 3.68836 -17.4812
-36.6448 2.28936 -14.7742
-39.3328 2.45736 -11.9622
-39.4148 -1.40264 -11.8262
-35.5758 -1.41264 -11.2952
-34.0758 -1.25564 -7.78018

-33.7758 2.51236 -6.83618
-30.2468 1.94736 -5.37818
-29.0518 0.907362 -8.88218
-30.9868 3.62336 -10.8192
-29.6578 6.44636 -8.52918
-25.9938 5.25836 -8.88818

-25.9428 5.26036 -12.7542
-23.7008 8.02536 -14.1632

-25.3618 10.1304 -16.9862
-23.4868 8.22136 -19.7532
-24.3198 4.84036 -18.0832
-28.0518 5.84536 -18.0722
-27.8178 6.75636 -21.8022
-26.1988 3.29336 -22.4032
-29.0438 1.51336 -20.5052
-31.6188 3.52236 -22.5582
-29.8108 2.60336 -25.8532
-29.6858 -1.10264 -24.8642
-33.4518 -1.07064 -24.0212
-34.2798 0.781362 -27.3142

-32.2288 -1.91664 -29.2212
-34.4698 -4.51364 -27.4192
-31.7678 -5.86164 -25.0192

-29.6078 -7.20864 -27.9232
-26.2118 -5.44364 -27.9862
-22.4648 -5.54964 -27.4702
-21.5508 -3.02064 -24.7282

-17.9498 -2.36664 -25.8772

-17.3908 0.627362 -23.5242
-13.7598 1.04336 -22.3722

-12.3038 -0.846638 -19.3512
-13.6168 0.394362 -15.9652
-16.4888 2.60736 -17.3752
-18.9618 0.419362 -15.3412

-20.0998 -2.20764 -17.9182
-21.2678 -4.48064 -15.0152
-23.6188 -1.84764 -13.4332
-25.1318 -1.05564 -16.8952
-25.5378 -4.82364 -17.6592
-27.2758 -5.51964 -14.2882
-29.6708 -2.56564 -14.9512
-30.5028 -3.70664 -18.5542
-31.1018 -7.28464 -17.2862
-33.2108 -6.04164 -14.2882
-35.4828 -4.03064 -16.6712

-36.1558 -7.50364 -18.2422

-36.6398 -9.26864 -14.7682
-40.1418 -10.4186 -15.9792
-38.3058 -12.5176 -18.6872
-35.8818 -14.4296 -16.3392
-34.2368 -16.9746 -15.5792

-31.0298 -15.0096 -16.2612
-27.8068 -16.6986 -17.4802
-24.4908 -14.8896 -16.7522
-21.3878 -16.3006 -18.5262
-18.0848 -14.9186 -17.1462

-14.3058 -15.5776 -16.7632
-13.6718 -18.3816 -14.1822
-12.1118 -15.8666 -11.6562
-14.9448 -13.2016 -11.5502

-18.0138 -15.4296 -10.7462
-18.1508 -14.3146 -7.07418
-17.4098 -10.6636 -8.11918
-20.6208 -10.8656 -10.2432
-22.6698 -12.4586 -7.37418
-21.5238 -9.64164 -5.02018
-22.3648 -7.08564 -7.78018
-25.9778 -8.45064 -7.98918
-26.3378 -8.42164 -4.13818
-24.8518 -4.86164 -4.02618
-27.0788 -3.36664 -6.77118

-30.3768 -5.37064 -6.50918
-31.1068 -5.61164 -2.69318
-34.6438 -6.77064 -3.80118
-33.0198 -10.2626 -4.34318
-32.2858 -12.8466 -1.63218

-28.8878 -14.6656 -1.89218
-30.8938 -17.8816 -2.66918
-32.0358 -16.2286 -5.95818

-28.3468 -16.3776 -7.17318
-26.7608 -19.6856 -8.26118
-22.9368 -19.6026 -8.66818

-21.9578 -22.6776 -10.7142
-18.5718 -23.8646 -9.37718
-18.4568 -27.3986 -10.9362
-19.6608 -29.3606 -14.0142
-22.0248 -31.3816 -11.6792
-24.0438 -28.3696 -10.4322
-27.6078 -27.4786 -11.5902
-27.3308 -24.5346 -14.0482
-31.0718 -23.6636 -13.4762
-31.1748 -23.7276 -9.62218
-31.3638 -19.8936 -9.21318
-33.3358 -17.0276 -10.7542

-29.8438 -15.7016 -11.7112
-27.3208 -18.3946 -12.7842
-23.5918 -17.4596 -12.9462
-21.2648 -19.8636 -14.8622
-17.7848 -19.8566 -16.4582

-16.9138 -20.3016 -20.1722
-15.0128 -23.5706 -19.3742
-18.0888 -25.1076 -17.6362
-20.5558 -24.3306 -20.5272

-19.1818 -27.2766 -22.6092
-19.5428 -29.6346 -19.5662
-23.0988 -28.3016 -18.9042
-24.2698 -28.3766 -22.6102
-26.9868 -30.9766 -21.7052
-28.4988 -28.3976 -19.2372
-28.2108 -25.4556 -21.7602
-31.3268 -26.9946 -23.4712
-33.4438 -25.0126 -20.9242
-34.3498 -21.6986 -22.6972
-32.6228 -18.7966 -20.9072
-34.4918 -15.7766 -22.3892

-31.9598 -13.2386 -20.9572
-28.1918 -13.8596 -21.3202
-25.2628 -11.7066 -20.1472
-21.7728 -12.6716 -21.3892

-18.9178 -10.7986 -19.6902
-15.5968 -10.4266 -21.5982

-17.3218 -11.9136 -24.7182
-14.0208 -11.7686 -26.7172
-13.5078 -15.3036 -25.2052
-16.0298 -16.4276 -27.9252

-13.8138 -14.9976 -30.8032
-13.1168 -18.4706 -32.3602
-16.1688 -20.5446 -33.4852
-14.2498 -23.9096 -33.3872
-13.6418 -23.6776 -29.5882

-15.8068 -25.8306 -27.2572
-16.8238 -22.6836 -25.2362
-18.0878 -20.9706 -28.4422
-19.8418 -24.1546 -29.7552
-21.7168 -24.4666 -26.3972
-22.5688 -20.6986 -26.0812
-23.7208 -19.9146 -29.6742
-26.9558 -22.0846 -29.7522
-28.2168 -20.3476 -26.5482
-27.2598 -16.8336 -27.8132
-29.1488 -17.3876 -31.1352
-32.4038 -18.4886 -29.3252

-32.3278 -16.2056 -26.2142
-34.6278 -13.1036 -26.4532

-32.0818 -10.6776 -24.8532
-28.2748 -10.9086 -25.3782
-26.0248 -8.48464 -23.4592
-22.4008 -9.01864 -24.5722
-19.6828 -7.08264 -22.6612

-15.9948 -6.49664 -23.5682
-13.2538 -3.84964 -23.1762
-11.5458 -5.26064 -26.2862
-14.2578 -6.78364 -28.5812
-11.5188 -7.58264 -31.0942
-8.09984 -8.51764 -29.6262
-6.07684 -8.28864 -32.9052
-8.21584 -8.74664 -36.1132

-11.7418 -8.14964 -37.6332
-12.4008 -11.9576 -37.8502
-12.6578 -12.0796 -33.9722
-15.8748 -9.93164 -34.1282
-17.8838 -12.4076 -36.2772
-19.1598 -14.5876 -33.3632
-20.2368 -11.4536 -31.3922
-21.9938 -9.96764 -34.5072
-24.0148 -13.1996 -35.1252
-24.8008 -13.4876 -31.3632
-26.3598 -9.94464 -31.3452

-27.8628 -10.2156 -34.9212
-28.2478 -13.9316 -36.0062
-29.4278 -12.8126 -39.5292
-26.1908 -10.8516 -40.2572
-23.5928 -12.7976 -42.3412
-25.1558 -16.3466 -41.9782
-21.8318 -17.7786 -43.3202

-18.3568 -16.5806 -42.1782
-16.9748 -16.5836 -45.7812
-19.1218 -13.5286 -46.7792
-17.8208 -11.5926 -43.7082
-14.2208 -12.7606 -44.4172
-14.2838 -11.7236 -48.1332
-15.4938 -8.19564 -47.1792
-13.6588 -7.38164 -43.8912

-10.7658 -9.91264 -43.5132
-9.10684 -9.42964 -46.9912
-9.75484 -13.1386 -47.6072

-7.17784 -14.7856 -49.9382
-7.42684 -18.1336 -51.7802
-4.14684 -19.9766 -51.0232

-3.15084 -23.4586 -52.4512
-4.20084 -25.0256 -49.0642

-7.55684 -23.1326 -48.6572
-8.72084 -19.6496 -47.5632
-6.63084 -17.2246 -45.4812

-8.64184 -14.7536 -43.2872
-5.71084 -13.1376 -41.3282
-6.04184 -9.81064 -43.2212
-8.26084 -6.72364 -42.8752
-10.3888 -4.66364 -45.3142
-13.1438 -1.96864 -45.3922

-12.6838 -1.25164 -41.6172
-14.5148 2.14636 -41.7162
-17.6148 0.370362 -43.1732
-17.2898 -2.34364 -40.4692
-17.1088 0.424362 -37.7762
-20.3168 2.06236 -39.1452
-22.1498 -1.33264 -39.2542
-21.0378 -2.15564 -35.6672
-22.0968 1.24236 -34.1802
-25.4988 1.29236 -35.9932
-26.6758 -2.31664 -35.4582

-24.4448 -4.31864 -32.9922

-22.3118 -2.26064 -30.6082
-22.3698 0.633362 -28.1372

-18.7668 1.87536 -27.6042
-17.4598 4.87636 -25.6152
-13.8848 5.71136 -24.6412

-12.3588 7.19536 -21.4132
-11.7478 10.3994 -23.4352
-15.5028 10.6484 -24.3352
-16.9428 10.2784 -20.7752

-14.1318 10.7734 -18.1532
-12.1708 14.0084 -18.9842
-10.7568 13.7714 -15.3842
-8.75184 10.5034 -15.8002

-4.95284 11.1974 -15.8152
-3.19984 10.4634 -19.1392

-1.54384 7.09336 -19.8822
2.07216 7.94136 -20.8602
3.60916 5.05136 -22.8622
7.28816 4.55336 -23.8092
9.65016 1.94436 -25.2112
12.6912 1.24936 -22.9702
15.5102 -0.304638 -25.0252

17.2902 -2.50564 -22.4342
21.0052 -2.68664 -23.2442

21.9892 -5.91764 -25.1672
25.6042 -5.44664 -23.8392
24.5662 -7.63864 -20.8172

23.5252 -10.4276 -23.3022
26.6632 -12.6086 -23.2362

28.1692 -13.8816 -26.5342
26.8572 -17.4996 -25.9932
23.2352 -16.3016 -25.4422
23.5122 -13.9716 -28.5032
24.9412 -16.8166 -30.6552
22.0032 -19.0336 -29.4702
19.4572 -16.2986 -30.4682
21.2542 -15.9006 -33.8582
21.1672 -19.7266 -34.2892
17.3942 -20.0356 -33.5412
16.7062 -16.9836 -35.8092
18.6612 -18.6596 -38.6962
16.8872 -21.9726 -37.9052
13.3902 -20.4206 -38.4892
14.4812 -19.0896 -41.9602

15.9612 -22.4196 -43.2122
14.1312 -23.5176 -46.4172
14.2722 -27.2976 -45.8822
12.4012 -27.4586 -42.4972
8.82816 -28.6866 -41.9902

6.03216 -26.2996 -40.8362
6.35116 -27.9616 -37.3732
10.1732 -27.5026 -37.0842
9.62216 -23.8006 -38.0552
7.03316 -23.4476 -35.1802
9.40116 -25.2676 -32.7432
12.3502 -22.9756 -33.7002
9.99916 -19.9376 -33.2442
8.98416 -21.1396 -29.7202
12.6992 -21.7206 -28.9132
13.6692 -18.1996 -30.1852
10.8422 -16.6606 -28.0702
11.7972 -18.6096 -24.8722
15.5302 -17.6926 -25.4392
14.4802 -14.0026 -25.7992
12.8292 -14.1916 -22.3392
15.9892 -15.7726 -20.7702
18.2892 -13.2116 -22.4982
16.2902 -10.2376 -21.0522
16.2372 -11.4336 -17.3542
19.5242 -9.68064 -16.2172
18.5872 -6.24764 -17.6892
14.9022 -6.60264 -16.6492
16.2432 -7.15064 -13.0782
18.7152 -4.20764 -13.4652
15.7882 -1.95664 -14.5482
13.4762 -3.10864 -11.6582
16.2812 -2.34064 -9.14718
16.9352 1.10936 -10.7722
13.1862 1.90636 -10.2962
13.3132 0.895362 -6.57118
16.6382 2.76036 -5.98118

14.9802 5.83936 -7.66418
12.5002 5.82436 -4.69018
9.33116 4.52736 -6.48118
6.63716 3.57436 -3.95318
4.38416 1.22536 -6.07718

4.60316 -0.369638 -9.55818
3.43516 -3.44564 -11.5292
5.80516 -5.80764 -13.4042
4.21916 -7.87464 -16.2082
5.84016 -11.0296 -17.6792

4.45816 -14.3306 -19.1562
7.33616 -16.8746 -19.1012

7.46716 -18.5586 -15.6482
11.3302 -18.3566 -15.5902
11.1002 -14.4996 -15.8322
8.49716 -14.3146 -12.9882
10.6582 -16.7496 -10.9022
13.9232 -14.7676 -11.4562
12.2462 -11.3886 -10.6102
10.6932 -12.8176 -7.37118
14.0292 -14.4506 -6.34118
15.9712 -11.1476 -6.76118
13.2852 -9.13464 -4.85318
13.5032 -11.7256 -1.98818
17.3652 -11.5016 -2.10318

17.0772 -7.64664 -1.84718
14.4092 -8.07864 0.953818
11.8312 -6.11864 -1.14818
8.22716 -6.80564 -0.0791816

6.22416 -7.79664 -3.19018
3.13916 -9.76464 -4.35618
3.06116 -12.4816 -7.07218
0.0591553 -13.5826 -9.21618

0.325155 -16.3046 -11.9142
-1.50784 -19.4006 -13.3282
-0.929845 -21.3176 -10.0192
-2.36384 -18.5686 -7.70318
-5.87684 -19.5736 -6.51418
-9.03984 -17.4776 -7.17018
-9.41284 -16.3696 -3.48218

-5.65484 -15.7276 -2.89518
-5.66384 -13.5026 -6.06218
-8.22484 -11.1706 -4.39818
-6.37584 -11.2256 -1.01418
-2.93984 -10.4376 -2.62218
-4.68084 -7.66864 -4.64518
-6.01484 -6.18064 -1.34518
-2.53784 -6.56364 0.307818
-0.889845 -4.54764 -2.56018
-3.73784 -1.94764 -2.51018
-3.81184 -1.38364 1.30082

-0.178845 -2.04664 2.43482
2.40516 0.735362 1.74882
5.20816 -1.89264 2.19882
4.39716 -3.89664 -0.979182
6.36616 -1.91564 -3.60018

6.22416 -4.43964 -6.51318
3.46416 -6.61064 -7.99218
4.92616 -9.47264 -10.1222
2.07016 -10.3826 -12.4952
1.49616 -12.9106 -15.2832

0.184155 -11.0146 -18.3842
-2.24484 -13.9246 -19.0932
-3.30784 -14.7736 -15.4962
-3.79484 -11.1796 -14.1292
-5.51684 -9.65064 -17.2622
-8.97784 -10.1246 -15.5742
-10.9758 -9.16864 -12.4232
-8.20884 -7.40264 -10.4282
-7.75984 -3.63064 -9.74318
-4.30684 -2.08764 -9.03418
-5.14384 1.64736 -8.58818
-2.43384 1.97936 -5.83518
0.350155 1.91436 -8.50818
1.23416 4.71936 -11.0052

3.68116 2.64236 -13.1472
3.37216 -0.521638 -15.2892
6.53916 -2.28864 -16.5742
6.16216 -4.92164 -19.3182

9.32216 -7.04464 -18.8742
8.11316 -9.06464 -21.9052
6.10216 -8.26164 -25.0532
2.90916 -10.2266 -25.8492
1.82316 -10.7806 -29.5162
-1.82284 -9.80864 -28.7712

-2.36284 -6.03164 -28.1232
-5.83584 -6.57964 -26.5602
-4.13484 -8.44664 -23.6402
-1.51584 -5.65064 -23.2252
-4.35284 -3.02264 -23.0712
-6.23284 -5.26264 -20.5362
-3.05484 -5.26964 -18.3562
-2.58084 -1.41864 -18.5882

-6.27884 -0.943638 -17.5702
-5.60484 -2.79064 -14.2862
-3.98384 0.489362 -13.0212
-5.91584 3.01136 -15.1662
-9.29984 2.51836 -13.3422
-11.8398 4.69236 -11.4592
-9.91584 5.63436 -8.26218
-6.60784 6.40636 -10.0842
-5.37884 10.0064 -9.37018
-1.85684 9.93736 -10.9832
-0.753845 9.90036 -14.6692

-0.131845 6.21936 -15.4922
3.35816 5.39836 -16.8242
3.62016 2.34736 -19.1592
7.18116 1.09536 -19.9002
7.68516 -1.58864 -22.6122
11.1052 -3.28364 -22.1042
12.6382 -4.29964 -25.5072

16.0272 -5.79964 -26.5292
17.7282 -5.28064 -29.9582
18.8342 -8.64564 -31.4822
15.8112 -10.6206 -30.0642
12.1392 -11.6206 -30.6902

11.1272 -8.03664 -29.6112
12.4462 -6.69264 -32.9952
9.66616 -8.70064 -34.8052
6.96716 -8.62364 -32.0712
6.93116 -4.80964 -31.6512
6.12016 -3.96764 -35.3652
3.53516 -6.85464 -35.3152
1.82616 -5.41764 -32.1712
1.83916 -1.90464 -33.7882
0.146155 -2.98764 -37.0702
-2.45484 -4.91264 -34.9552
-3.29684 -1.77764 -32.8362
-3.65684 0.214362 -36.1082
-6.12984 -2.43064 -37.4732
-8.05184 -2.16464 -34.1412
-8.03684 1.69936 -34.3052
-9.26384 1.78336 -37.9752

-12.1368 -0.538638 -36.8582
-12.9368 2.00336 -34.0132
-11.8608 -0.597638 -31.3692
-8.84084 1.30936 -29.8932
-7.66584 4.92436 -29.3212
-4.20784 3.48536 -28.5862
-1.73384 4.62136 -31.2312
1.70616 2.94936 -30.7582
3.59116 4.75536 -33.6472

4.59716 7.84436 -31.5652
6.64516 5.65536 -29.1222
8.99216 4.33836 -31.9012
9.84316 7.73536 -33.4602

11.1082 8.69436 -29.9302
13.5932 5.72136 -29.5072

End chain 1
