-13.201 -6.296 -53.957
-10.703 -3.406 -53.291
-9.54 -3.087 -49.639
-11.02 0.322 -48.639
-8.614 1.85 -46.053
-10.787 3.126 -43.162

-9.634 6.195 -41.181
-10.061 4.9 -37.589
-10.286 6.838 -34.306
-12.195 7.103 -30.979
-14.163 9.439 -28.711
-12.619 10.223 -25.263
-14.157 12.207 -22.344

-11.943 15.248 -21.466
-14.301 16.978 -18.949
-17.827 16.65 -17.399
-19.139 18.761 -20.353

-16.752 17.96 -23.312
-15.482 14.956 -25.281
-12.62 14.751 -27.824
-12.437 12.939 -31.204
-8.982 11.264 -31.393
-8.672 10.357 -35.1

-6.282 10.744 -38.079
-6.98 13.557 -40.6
-9.895 13.022 -43.051

-11.208 15.853 -45.293
-14.92 14.856 -45.011
-14.611 14.37 -41.226
-13.015 17.857 -40.827
-15.875 19.254 -42.999
-18.403 17.482 -40.669
-16.559 18.759 -37.515
-16.844 22.341 -38.957

-20.697 21.797 -39.029
-20.861 21.033 -35.24
-22.116 23.933 -33.104
-20.016 23.255 -29.939
-16.791 22.621 -31.971

-13.393 23.436 -30.391
-10.011 22.816 -32.063
-6.805 22.812 -29.99

-3.883 23.919 -32.209
-1.328 22.314 -29.773
-2.753 18.736 -29.691
-4.334 19.137 -33.217

-7.578 17.622 -31.79
-11.313 18.386 -31.995
-13.683 18.544 -28.991
-17.466 19.001 -28.65
-20.131 19.402 -25.91

-21.257 16.038 -24.476
-24.923 16.743 -25.497
-23.731 16.722 -29.178
-22.178 13.179 -28.839
-25.228 11.354 -30.322
-25.57 14.044 -33.093
-21.852 13.682 -34.021
-21.815 9.829 -34.037
-25.045 9.774 -36.128
-23.507 12.176 -38.75
-20.093 10.348 -38.803

-21.793 6.948 -39.527
-22.962 8.546 -42.834
-19.328 9.196 -43.991
-17.677 6.563 -46.261
-14.251 5.2 -45.121

-14.46 6.789 -41.562
-14.765 4.819 -38.279
-15.142 6.964 -35.114
-15.663 4.659 -32.101

-18.218 6.249 -29.657
-17.862 6.903 -25.912
-18.35 3.469 -24.195
-21.794 2.549 -22.772
-20.235 2.829 -19.255
-19.534 6.58 -19.812
-22.964 7.196 -21.431
-24.623 5.531 -18.378
-22.42 7.523 -15.909

-23.028 10.919 -17.654
-26.668 10.153 -18.714
-27.851 13.482 -17.123

-25.214 15.594 -18.963
-26 13.8 -22.296
-29.631 15.147 -21.909

-29.014 18.802 -20.797
-28.522 21.656 -23.337
-27.494 23.803 -20.296
-24.374 24.206 -18.108
-26.03 23.63 -14.722
-23.195 22.587 -12.38
-23.731 19.355 -10.334

-27.219 19.392 -8.694
-26.798 20.208 -4.988
-26.578 17.032 -2.906
-29.814 16.999 -0.82
-29.276 16.946 2.956
-30.305 13.551 4.343

-32.727 13.25 7.268
-30.389 11.851 9.975
-33.077 12.019 12.787
-33.159 8.159 12.923
-29.32 8.149 13.454
-27.82 8.306 16.969

-27.52 12.074 17.913
-23.991 11.509 19.371
-22.796 10.469 15.867
-24.731 13.185 13.93
-23.402 16.008 16.22
-19.738 14.82 15.861

-19.0114 12.1364 13.212
-21.6971 11.7295 10.6805

-23.8557 9.76109 8.24966
-26.8206 9.89498 10.6233
-26.4502 13.6555 11.0284
-26.3452 14.1484 7.26155
-29.4903 12.0647 6.8039
-31.3255 14.0765 9.45477
-30.3317 17.349 7.79759
-31.5567 16.1207 4.41622
-34.8978 15.0781 5.89694
-35.3401 18.4766 7.53949
-34.5977 20.2623 4.26795
-37.1349 18.1252 2.41365

-35.0839 15.4272 0.506653
-37.3249 12.8302 2.30865
-34.6229 11.4822 4.70865

-32.4629 10.1352 1.80465
-29.0669 11.9002 1.74165
-25.3199 11.7942 2.25765
-24.4059 14.3232 4.99965

-20.8049 14.9772 3.85065

-20.2459 17.9712 6.20365
-16.6149 18.3872 7.35565

-15.1589 16.4972 10.3767
-16.4719 17.7382 13.7627
-19.3439 19.9512 12.3527
-21.8169 17.7632 14.3867

-22.9549 15.1362 11.8097
-24.1229 12.8632 14.7127
-26.4739 15.4962 16.2947
-27.9869 16.2882 12.8327
-28.3929 12.5202 12.0687
-30.1309 11.8242 15.4397
-32.5259 14.7782 14.7767
-33.3579 13.6372 11.1737
-33.9569 10.0592 12.4417
-36.0659 11.3022 15.4397
-38.3379 13.3132 13.0567

-39.0109 9.8402 11.4857

-39.4949 8.0752 14.9597
-42.9969 6.9252 13.7487
-41.1609 4.8262 11.0407
-38.7369 2.9142 13.3887
-37.0919 0.369202 14.1487

-33.8849 2.3342 13.4667
-30.6619 0.645202 12.2477
-27.3459 2.4542 12.9757
-24.2429 1.0432 11.2017
-20.9399 2.4252 12.5817

-17.1609 1.7662 12.9647
-16.5269 -1.0378 15.5457
-14.9669 1.4772 18.0717
-17.7999 4.1422 18.1777

-20.8689 1.9142 18.9817
-21.0059 3.0292 22.6537
-20.2649 6.6802 21.6087
-23.4759 6.4782 19.4847
-25.5249 4.8852 22.3537
-24.3789 7.7022 24.7077
-25.2199 10.2582 21.9477
-28.8329 8.8932 21.7387
-29.1929 8.9222 25.5897
-27.7069 12.4822 25.7017
-29.9339 13.9772 22.9567

-33.2319 11.9732 23.2187
-33.9619 11.7322 27.0347
-37.4989 10.5732 25.9267
-35.8749 7.0812 25.3847
-35.1409 4.4972 28.0957

-31.7429 2.6782 27.8357
-33.7489 -0.537798 27.0587
-34.8909 1.1152 23.7697

-31.2019 0.966202 22.5547
-29.6159 -2.3418 21.4667
-25.7919 -2.2588 21.0597

-24.8129 -5.3338 19.0137
-21.4269 -6.5208 20.3507
-21.3119 -10.0548 18.7917
-22.5159 -12.0168 15.7137
-24.8799 -14.0378 18.0487
-26.8989 -11.0258 19.2957
-30.4629 -10.1348 18.1377
-30.1859 -7.1908 15.6797
-33.9269 -6.3198 16.2517
-34.0299 -6.3838 20.1057
-34.2189 -2.5498 20.5147
-36.1909 0.316202 18.9737

-32.6989 1.6422 18.0167
-30.1759 -1.0508 16.9437
-26.4469 -0.115798 16.7817
-24.1199 -2.5198 14.8657
-20.6399 -2.5128 13.2697

-19.7689 -2.9578 9.55565
-17.8679 -6.2268 10.3537
-20.9439 -7.7638 12.0917
-23.4109 -6.9868 9.20065

-22.0369 -9.9328 7.11865
-22.3979 -12.2908 10.1617
-25.9539 -10.9578 10.8237
-27.1249 -11.0328 7.11765
-29.8419 -13.6328 8.02265
-31.3539 -11.0538 10.4907
-31.0659 -8.1118 7.96765
-34.1819 -9.6508 6.25665
-36.2989 -7.6688 8.80365
-37.2049 -4.3548 7.03065
-35.4779 -1.4528 8.82065
-37.3469 1.5672 7.33865

-34.8149 4.1052 8.77065
-31.0469 3.4842 8.40765
-28.1179 5.6372 9.58065
-24.6279 4.6722 8.33865

-21.7729 6.5452 10.0377
-18.4519 6.9172 8.12965

-20.1769 5.4302 5.00965
-16.8759 5.5752 3.01065
-16.3629 2.0402 4.52265
-18.8849 0.916202 1.80265

-16.6689 2.3462 -1.07535
-15.9719 -1.1268 -2.63235
-19.0239 -3.2008 -3.75735
-17.1049 -6.5658 -3.65935
-16.4969 -6.3338 0.139653

-18.6619 -8.4868 2.47065
-19.6789 -5.3398 4.49165
-20.9429 -3.6268 1.28565
-22.6969 -6.8108 -0.0273468
-24.5719 -7.1228 3.33065
-25.4239 -3.3548 3.64665
-26.5759 -2.5708 0.0536532
-29.8109 -4.7408 -0.0243468
-31.0719 -3.0038 3.17965
-30.1149 0.510202 1.91465
-32.0039 -0.0437981 -1.40735
-35.2589 -1.1448 0.402653

-35.1829 1.1382 3.51365
-37.4829 4.2402 3.27465

-34.9369 6.6662 4.87465
-31.1299 6.4352 4.34965
-28.8799 8.8592 6.26865
-25.2559 8.3252 5.15565
-22.5379 10.2612 7.06665

-18.8499 10.8472 6.15965
-16.1089 13.4942 6.55165
-14.4009 12.0832 3.44165
-17.1129 10.5602 1.14665
-14.3739 9.7612 -1.36635
-10.9549 8.8262 0.101653
-8.93193 9.0552 -3.17735
-11.0709 8.5972 -6.38535

-14.5969 9.1942 -7.90535
-15.2559 5.3862 -8.12235
-15.5129 5.2642 -4.24435
-18.7299 7.4122 -4.40035
-20.7389 4.9362 -6.54935
-22.0149 2.7562 -3.63535
-23.0919 5.8902 -1.66435
-24.8489 7.3762 -4.77935
-26.8699 4.1442 -5.39735
-27.6559 3.8562 -1.63535
-29.2149 7.3992 -1.61735

-30.7179 7.1282 -5.19335
-31.1029 3.4122 -6.27835
-32.2829 4.5312 -9.80135
-29.0459 6.4922 -10.5293
-26.4479 4.5462 -12.6133
-28.0109 0.997202 -12.2503
-24.6869 -0.434798 -13.5923

-21.2119 0.763202 -12.4503
-19.8299 0.760202 -16.0533
-21.9769 3.8152 -17.0513
-20.6759 5.7512 -13.9803
-17.0759 4.5832 -14.6893
-17.1389 5.6202 -18.4053
-18.3489 9.1482 -17.4513
-16.5139 9.9622 -14.1633

-13.6209 7.4312 -13.7853
-11.9619 7.9142 -17.2633
-12.6099 4.2052 -17.8793

-10.0329 2.5582 -20.2103
-10.2819 -0.789798 -22.0523
-7.00193 -2.6328 -21.2953

-6.00593 -6.1148 -22.7233
-7.05593 -7.6818 -19.3363

-10.4119 -5.7888 -18.9293
-11.5759 -2.3058 -17.8353
-9.48593 0.119202 -15.7533

-11.4969 2.5902 -13.5593
-8.56593 4.2062 -11.6003
-8.89693 7.5332 -13.4933
-11.1159 10.6202 -13.1473
-13.2439 12.6802 -15.5863
-15.9989 15.3752 -15.6643

-15.5389 16.0922 -11.8893
-17.3699 19.4902 -11.9883
-20.4699 17.7142 -13.4453
-20.1449 15.0002 -10.7413
-19.9639 17.7682 -8.04835
-23.1719 19.4062 -9.41735
-25.0049 16.0112 -9.52635
-23.8929 15.1882 -5.93935
-24.9519 18.5862 -4.45235
-28.3539 18.6362 -6.26535
-29.5309 15.0272 -5.73035

-27.2999 13.0252 -3.26435

-25.1669 15.0832 -0.880347
-25.2249 17.9772 1.59065

-21.6219 19.2192 2.12365
-20.3149 22.2202 4.11265
-16.7399 23.0552 5.08665

-15.2139 24.5392 8.31465
-14.6029 27.7432 6.29265
-18.3579 27.9922 5.39265
-19.7979 27.6222 8.95265

-16.9869 28.1172 11.5747
-15.0259 31.3522 10.7437
-13.6119 31.1152 14.3437
-11.6069 27.8472 13.9277

-7.80793 28.5412 13.9127
-6.05493 27.8072 10.5887

-4.39893 24.4372 9.84565
-0.782933 25.2852 8.86765
0.754067 22.3952 6.86565
4.43307 21.8972 5.91865
6.79507 19.2882 4.51665
9.83607 18.5932 6.75765
12.6551 17.0392 4.70265

14.4351 14.8382 7.29365
18.1501 14.6572 6.48365

19.1341 11.4262 4.56065
22.7491 11.8972 5.88865
21.7111 9.7052 8.91065

20.6701 6.9162 6.42565
23.8081 4.7352 6.49165

25.3141 3.4622 3.19365
24.0021 -0.155798 3.73465
20.3801 1.0422 4.28565
20.6571 3.3722 1.22465
22.0861 0.527202 -0.927347
19.1481 -1.6898 0.257653
16.6021 1.0452 -0.740347
18.3991 1.4432 -4.13035
18.3121 -2.3828 -4.56135
14.5391 -2.6918 -3.81335
13.8511 0.360202 -6.08135
15.8061 -1.3158 -8.96835
14.0321 -4.6288 -8.17735
10.5351 -3.0768 -8.76135
11.6261 -1.7458 -12.2323

13.1061 -5.0758 -13.4843
11.2761 -6.1738 -16.6893
11.4171 -9.9538 -16.1543
9.54607 -10.1148 -12.7693
5.97307 -11.3428 -12.2623

3.17707 -8.9558 -11.1083
3.49607 -10.6178 -7.64535
7.31807 -10.1588 -7.35635
6.76707 -6.4568 -8.32735
4.17807 -6.1038 -5.45235
6.54607 -7.9238 -3.01535
9.49507 -5.6318 -3.97235
7.14407 -2.5938 -3.51635
6.12907 -3.7958 0.00765316
9.84407 -4.3768 0.814653
10.8141 -0.855798 -0.457347
7.98707 0.683202 1.65765
8.94207 -1.2658 4.85565
12.6751 -0.348798 4.28865
11.6251 3.3412 3.92865
9.97407 3.1522 7.38865
13.1341 1.5712 8.95765
15.4341 4.1322 7.22965
13.4351 7.1062 8.67565
13.3821 5.9102 12.3737
16.6691 7.6632 13.5107
15.7321 11.0962 12.0387
12.0471 10.7412 13.0787
13.3881 10.1932 16.6497
15.8601 13.1362 16.2627
12.9331 15.3872 15.1797
10.6211 14.2352 18.0697
13.4261 15.0032 20.5807
14.0801 18.4532 18.9557
10.3311 19.2502 19.4317
10.4581 18.2392 23.1567
13.7831 20.1042 23.7467

12.1251 23.1832 22.0637
9.64507 23.1682 25.0377
6.47607 21.8712 23.2467
3.78207 20.9182 25.7747
1.52907 18.5692 23.6507

1.74807 16.9742 20.1697
0.580067 13.8982 18.1987
2.95007 11.5362 16.3237
1.36407 9.4692 13.5197
2.98507 6.3142 12.0487

1.60307 3.0132 10.5717
4.48107 0.469202 10.6267

4.61207 -1.2148 14.0797
8.47507 -1.0128 14.1377
8.24507 2.8442 13.8957
5.64207 3.0292 16.7397
7.80307 0.594202 18.8257
11.0681 2.5762 18.2717
9.39107 5.9552 19.1177
7.83807 4.5262 22.3567
11.1741 2.8932 23.3867
13.1161 6.1962 22.9667
10.4301 8.2092 24.8747
10.6481 5.6182 27.7397
14.5101 5.8422 27.6247

14.2221 9.6972 27.8807
11.5541 9.2652 30.6817
8.97607 11.2252 28.5797
5.37207 10.5382 29.6487

3.36907 9.5472 26.5377
0.284067 7.5792 25.3717
0.206067 4.8622 22.6557
-2.79593 3.7612 20.5117

-2.52993 1.0392 17.8137
-4.36293 -2.0568 16.3997
-3.78493 -3.9738 19.7087
-5.21893 -1.2248 22.0247
-8.73193 -2.2298 23.2137
-11.8949 -0.133798 22.5577
-12.2679 0.974202 26.2457

-8.50993 1.6162 26.8327
-8.51893 3.8412 23.6657
-11.0799 6.1732 25.3297
-9.23093 6.1182 28.7137
-5.79493 6.9062 27.1057
-7.53593 9.6752 25.0827
-8.86993 11.1632 28.3827
-5.39293 10.7802 30.0357
-3.74493 12.7962 27.1677
-6.59293 15.3962 27.2177
-6.66693 15.9602 31.0287

-3.03393 15.2972 32.1627
-0.449933 18.0792 31.4767
2.35307 15.4512 31.9267
1.54207 13.4472 28.7487
3.51107 15.4282 26.1277

3.36907 12.9042 23.2147
0.609067 10.7332 21.7357
2.07107 7.8712 19.6057
-0.784933 6.9612 17.2327
-1.35893 4.4332 14.4447

-2.67093 6.3292 11.3437
-5.09993 3.4192 10.6347
-6.16293 2.5702 14.2317
-6.64993 6.1642 15.5987
-8.37193 7.6932 12.4657
-11.8329 7.2192 14.1537
-13.8309 8.1752 17.3047
-11.0639 9.9412 19.2997
-10.6149 13.7132 19.9847
-7.16193 15.2562 20.6937
-7.99893 18.9912 21.1397
-5.28893 19.3232 23.8927
-2.50493 19.2582 21.2197
-1.62093 22.0632 18.7227

0.826067 19.9862 16.5807
0.517067 16.8222 14.4387
3.68407 15.0552 13.1537
3.30707 12.4222 10.4097

6.46707 10.2992 10.8537
5.25807 8.2792 7.82265
3.24707 9.0822 4.67465
0.0540667 7.1172 3.87865
-1.03193 6.5632 0.211653
-4.67793 7.5352 0.956653

-5.21793 11.3122 1.60465
-8.69093 10.7642 3.16765
-6.98993 8.8972 6.08765
-4.37093 11.6932 6.50265
-7.20793 14.3212 6.65665
-9.08793 12.0812 9.19165
-5.90993 12.0742 11.3717
-5.43593 15.9252 11.1397

-9.13393 16.4002 12.1577
-8.45993 14.5532 15.4417
-6.83893 17.8332 16.7067
-8.77093 20.3552 14.5617
-12.1549 19.8622 16.3857
-14.6949 22.0362 18.2687
-12.7709 22.9782 21.4657
-9.46293 23.7502 19.6437
-8.23393 27.3502 20.3577
-4.71193 27.2812 18.7447
-3.60893 27.2442 15.0587

-2.98693 23.5632 14.2357
0.503067 22.7422 12.9037
0.765067 19.6912 10.5687
4.32607 18.4392 9.82765
4.83007 15.7552 7.11565
8.25007 14.0602 7.62365
9.78307 13.0442 4.22065

13.1721 11.5442 3.19865
14.8731 12.0632 -0.230347
15.9791 8.6982 -1.75435
12.9561 6.7232 -0.336347
9.28407 5.7232 -0.962347

8.27207 9.3072 0.116653
9.59107 10.6512 -3.26735
6.81107 8.6432 -5.07735
4.11207 8.7202 -2.34335
4.07607 12.5342 -1.92335
3.26507 13.3762 -5.63735
0.680067 10.4892 -5.58735
-1.02893 11.9262 -2.44335
-1.01593 15.4392 -4.06035
-2.70893 14.3562 -7.34235
-5.30993 12.4312 -5.22735
-6.15193 15.5662 -3.10835
-6.51193 17.5582 -6.38035
-8.98493 14.9132 -7.74535
-10.9069 15.1792 -4.41335
-10.8919 19.0432 -4.57735
-12.1189 19.1272 -8.24735

-14.9919 16.8052 -7.13035
-15.7919 19.3472 -4.28535
-14.7159 16.7462 -1.64135
-11.6959 18.6532 -0.165347
-10.5209 22.2682 0.406653
-7.06293 20.8292 1.14165
-4.58893 21.9652 -1.50335
-1.14893 20.2932 -1.03035
0.736067 22.0992 -3.91935

1.74207 25.1882 -1.83735
3.79007 22.9992 0.605653
6.13707 21.6822 -2.17335
6.98807 25.0792 -3.73235

8.25307 26.0382 -0.202347
10.7381 23.0652 0.220653

End chain 1
