0 0 0
0 0 3.77965
0.121407 -3.87 4.04604
1.84583 -6.32678 1.64688
3.40793 -2.94789 1.74493
5.05507 -2.73264 5.18575

2.4696 -0.914228 7.31474
-0.822304 0.411879 8.53286
-3.23084 -1.22177 6.03691
-6.45446 -0.296533 4.30478
-9.82839 0.00564059 2.57482
-11.0587 2.78941 0.227339
-12.7895 5.38373 -1.97117

-10.5755 8.42473 -1.09317
-12.9335 10.1547 1.42383
-16.4595 9.82673 2.97383
-17.7715 11.9377 0.0198294

-15.3845 11.1367 -2.93917
-14.1145 8.13273 -4.90817
-11.2525 7.92773 -7.45117
-11.0695 6.11573 -10.8312
-7.61452 4.44073 -11.0202
-7.30452 3.53373 -14.7272

-4.91452 3.92073 -17.7062
-5.61252 6.73373 -20.2272
-8.52752 6.19873 -22.6782

-9.84052 9.02973 -24.9202
-13.5525 8.03273 -24.6382
-13.2435 7.54673 -20.8532
-11.6475 11.0337 -20.4542
-14.5075 12.4307 -22.6262
-17.0355 10.6587 -20.2962
-15.1915 11.9357 -17.1422
-15.4765 15.5177 -18.5842

-19.3295 14.9737 -18.6562
-19.4935 14.2097 -14.8672
-20.7485 17.1097 -12.7312
-18.6485 16.4317 -9.56617
-15.4235 15.7977 -11.5982

-12.0255 16.6127 -10.0182
-8.64352 15.9927 -11.6902
-5.43752 15.9887 -9.61717

-2.51552 17.0957 -11.8362
0.0394814 15.4907 -9.40017
-1.38552 11.9127 -9.31817
-2.96652 12.3137 -12.8442

-6.21052 10.7987 -11.4172
-9.94552 11.5627 -11.6222
-12.3155 11.7207 -8.61817
-16.0985 12.1777 -8.27717
-18.7635 12.5787 -5.53717

-19.8895 9.21473 -4.10317
-23.5555 9.91973 -5.12417
-22.3635 9.89873 -8.80517
-20.8105 6.35573 -8.46617
-23.8605 4.53073 -9.94917
-24.2025 7.22073 -12.7202
-20.4845 6.85873 -13.6482
-20.4475 3.00573 -13.6642
-23.6775 2.95073 -15.7552
-22.1395 5.35273 -18.3772
-18.7255 3.52473 -18.4302

-20.4255 0.124728 -19.1542
-21.5945 1.72273 -22.4612
-17.9605 2.37273 -23.6182
-16.3095 -0.260272 -25.8882
-12.8835 -1.62327 -24.7482

-13.0925 -0.034272 -21.1892
-13.3975 -2.00427 -17.9062
-13.7745 0.140728 -14.7412
-14.2955 -2.16427 -11.7282

-16.8505 -0.574272 -9.28417
-16.4945 0.079728 -5.53917
-16.9825 -3.35427 -3.82217
-20.4265 -4.27427 -2.39917
-18.8675 -3.99427 1.11783
-18.1665 -0.243272 0.560829
-21.5965 0.372728 -1.05817
-23.2555 -1.29227 1.99483
-21.0525 0.699728 4.46383

-21.6605 4.09573 2.71883
-25.3005 3.32973 1.65883
-26.4835 6.65873 3.24983

-23.8465 8.77073 1.40983
-24.6325 6.97673 -1.92317
-28.2635 8.32373 -1.53617

-27.6465 11.9787 -0.424171
-27.1545 14.8327 -2.96417
-26.1265 16.9797 0.0768294
-23.0065 17.3827 2.26483
-24.6625 16.8067 5.65083
-21.8275 15.7637 7.99283
-22.3635 12.5317 10.0388

-25.8515 12.5687 11.6788
-25.4305 13.3847 15.3848
-25.2105 10.2087 17.4668
-28.4465 10.1757 19.5528
-27.9085 10.1227 23.3288
-28.9375 6.72773 24.7158

-31.3595 6.42673 27.6408
-29.0215 5.02773 30.3478
-31.7095 5.19573 33.1598
-31.7915 1.33573 33.2958
-27.9525 1.32573 33.8268
-26.4525 1.48273 37.3418

-26.1525 5.25073 38.2858
-22.6235 4.68573 39.7438
-21.4285 3.64573 36.2398
-23.3635 6.36173 34.3028
-22.0345 9.18473 36.5928
-18.3705 7.99673 36.2338

-18.3195 7.99873 32.3678
-16.0775 10.7637 30.9588

-17.7385 12.8687 28.1358
-15.8635 10.9597 25.3688
-16.6965 7.57873 27.0388
-20.4285 8.58373 27.0498
-20.1945 9.49473 23.3198
-18.5755 6.03173 22.7188
-21.4205 4.25173 24.6168
-23.9955 6.26073 22.5638
-22.1875 5.34173 19.2688
-22.0625 1.63573 20.2578
-25.8285 1.66773 21.1008
-26.6565 3.51973 17.8078

-24.6055 0.821728 15.9008
-26.8465 -1.77527 17.7028
-24.1445 -3.12327 20.1028

-21.9845 -4.47027 17.1988
-18.5885 -2.70527 17.1358
-14.8415 -2.81127 17.6518
-13.9275 -0.282272 20.3938

-10.3265 0.371728 19.2448

-9.76752 3.36573 21.5978
-6.13652 3.78173 22.7498

-4.68052 1.89173 25.7708
-5.99352 3.13273 29.1568
-8.86552 5.34573 27.7468
-11.3385 3.15773 29.7808

-12.4765 0.530728 27.2038
-13.6445 -1.74227 30.1068
-15.9955 0.890728 31.6888
-17.5085 1.68273 28.2268
-17.9145 -2.08527 27.4628
-19.6525 -2.78127 30.8338
-22.0475 0.172728 30.1708
-22.8795 -0.968272 26.5678
-23.4785 -4.54627 27.8358
-25.5875 -3.30327 30.8338
-27.8595 -1.29227 28.4508

-28.5325 -4.76527 26.8798

-29.0165 -6.53027 30.3538
-32.5185 -7.68027 29.1428
-30.6825 -9.77927 26.4348
-28.2585 -11.6913 28.7828
-26.6135 -14.2363 29.5428

-23.4065 -12.2713 28.8608
-20.1835 -13.9603 27.6418
-16.8675 -12.1513 28.3698
-13.7645 -13.5623 26.5958
-10.4615 -12.1803 27.9758

-6.68252 -12.8393 28.3588
-6.04852 -15.6433 30.9398
-4.48852 -13.1283 33.4658
-7.32152 -10.4633 33.5718

-10.3905 -12.6913 34.3758
-10.5275 -11.5763 38.0478
-9.78652 -7.92527 37.0028
-12.9975 -8.12727 34.8788
-15.0465 -9.72027 37.7478
-13.9005 -6.90327 40.1018
-14.7415 -4.34727 37.3418
-18.3545 -5.71227 37.1328
-18.7145 -5.68327 40.9838
-17.2285 -2.12327 41.0958
-19.4555 -0.628272 38.3508

-22.7535 -2.63227 38.6128
-23.4835 -2.87327 42.4288
-27.0205 -4.03227 41.3208
-25.3965 -7.52427 40.7788
-24.6625 -10.1083 43.4898

-21.2645 -11.9273 43.2298
-23.2705 -15.1433 42.4528
-24.4125 -13.4903 39.1638

-20.7235 -13.6393 37.9488
-19.1375 -16.9473 36.8608
-15.3135 -16.8643 36.4538

-14.3345 -19.9393 34.4078
-10.9485 -21.1263 35.7448
-10.8335 -24.6603 34.1858
-12.0375 -26.6223 31.1078
-14.4015 -28.6433 33.4428
-16.4205 -25.6313 34.6898
-19.9845 -24.7403 33.5318
-19.7075 -21.7963 31.0738
-23.4485 -20.9253 31.6458
-23.5515 -20.9893 35.4998
-23.7405 -17.1553 35.9088
-25.7125 -14.2893 34.3678

-22.2205 -12.9633 33.4108
-19.6975 -15.6563 32.3378
-15.9685 -14.7213 32.1758
-13.6415 -17.1253 30.2598
-10.1615 -17.1183 28.6638

-9.29052 -17.5633 24.9498
-7.38952 -20.8323 25.7478
-10.4655 -22.3693 27.4858
-12.9325 -21.5923 24.5948

-11.5585 -24.5383 22.5128
-11.9195 -26.8963 25.5558
-15.4755 -25.5633 26.2178
-16.6465 -25.6383 22.5118
-19.3635 -28.2383 23.4168
-20.8755 -25.6593 25.8848
-20.5875 -22.7173 23.3618
-23.7035 -24.2563 21.6508
-25.8205 -22.2743 24.1978
-26.7265 -18.9603 22.4248
-24.9995 -16.0583 24.2148
-26.8685 -13.0383 22.7328

-24.3365 -10.5003 24.1648
-20.5685 -11.1213 23.8018
-17.6395 -8.96827 24.9748
-14.1495 -9.93327 23.7328

-11.2945 -8.06027 25.4318
-7.97352 -7.68827 23.5238

-9.69852 -9.17527 20.4038
-6.39752 -9.03027 18.4048
-5.88452 -12.5653 19.9168
-8.40652 -13.6893 17.1968

-6.19052 -12.2593 14.3188
-5.49352 -15.7323 12.7618
-8.54552 -17.8063 11.6368
-6.62652 -21.1713 11.7348
-6.01852 -20.9393 15.5338

-8.18352 -23.0923 17.8648
-9.20052 -19.9453 19.8858
-10.4645 -18.2323 16.6798
-12.2185 -21.4163 15.3668
-14.0935 -21.7283 18.7248
-14.9455 -17.9603 19.0408
-16.0975 -17.1763 15.4478
-19.3325 -19.3463 15.3698
-20.5935 -17.6093 18.5738
-19.6365 -14.0953 17.3088
-21.5255 -14.6493 13.9868
-24.7805 -15.7503 15.7968

-24.7045 -13.4673 18.9078
-27.0045 -10.3653 18.6688

-24.4585 -7.93927 20.2688
-20.6515 -8.17027 19.7438
-18.4015 -5.74627 21.6628
-14.7775 -6.28027 20.5498
-12.0595 -4.34427 22.4608

-8.37152 -3.75827 21.5538
-5.63052 -1.11127 21.9458
-3.92252 -2.52227 18.8358
-6.63452 -4.04527 16.5408
-3.89552 -4.84427 14.0278
-0.476519 -5.77927 15.4958
1.54648 -5.55027 12.2168
-0.592519 -6.00827 9.00883

-4.11852 -5.41127 7.48883
-4.77752 -9.21927 7.27183
-5.03452 -9.34127 11.1498
-8.25152 -7.19327 10.9938
-10.2605 -9.66927 8.84483
-11.5365 -11.8493 11.7588
-12.6135 -8.71527 13.7298
-14.3705 -7.22927 10.6148
-16.3915 -10.4613 9.99683
-17.1775 -10.7493 13.7588
-18.7365 -7.20627 13.7768

-20.2395 -7.47727 10.2008
-20.6245 -11.1933 9.11583
-21.8045 -10.0743 5.59283
-18.5675 -8.11327 4.86483
-15.9695 -10.0593 2.78083
-17.5325 -13.6083 3.14383
-14.2085 -15.0403 1.80183

-10.7335 -13.8423 2.94383
-9.35152 -13.8453 -0.659171
-11.4985 -10.7903 -1.65717
-10.1975 -8.85427 1.41383
-6.59752 -10.0223 0.704829
-6.66052 -8.98527 -3.01117
-7.87052 -5.45727 -2.05717
-6.03552 -4.64327 1.23083

-3.14252 -7.17427 1.60883
-1.48352 -6.69127 -1.86917
-2.13152 -10.4003 -2.48517

0.445481 -12.0473 -4.81617
0.196481 -15.3953 -6.65817
3.47648 -17.2383 -5.90117

4.47248 -20.7203 -7.32917
3.42248 -22.2873 -3.94217

0.0664814 -20.3943 -3.53517
-1.09752 -16.9113 -2.44117
0.992481 -14.4863 -0.359171

-1.01852 -12.0153 1.83483
1.91248 -10.3993 3.79383
1.58148 -7.07227 1.90083
-0.637519 -3.98527 2.24683
-2.76552 -1.92527 -0.192171
-5.52052 0.769728 -0.270171

-5.06052 1.48673 3.50483
-6.89152 4.88473 3.40583
-9.99152 3.10873 1.94883
-9.66652 0.394728 4.65283
-9.48552 3.16273 7.34583
-12.6935 4.80073 5.97683
-14.5265 1.40573 5.86783
-13.4145 0.582728 9.45483
-14.4735 3.98073 10.9418
-17.8755 4.03073 9.12883
-19.0525 0.421728 9.66383

-16.8215 -1.58027 12.1298

-14.6885 0.477728 14.5138
-14.7465 3.37173 16.9848

-11.1435 4.61373 17.5178
-9.83652 7.61473 19.5068
-6.26152 8.44973 20.4808

-4.73552 9.93373 23.7088
-4.12452 13.1377 21.6868
-7.87952 13.3867 20.7868
-9.31952 13.0167 24.3468

-6.50852 13.5117 26.9688
-4.54752 16.7467 26.1378
-3.13352 16.5097 29.7378
-1.12852 13.2417 29.3218

2.67048 13.9357 29.3068
4.42348 13.2017 25.9828

6.07948 9.83173 25.2398
9.69548 10.6797 24.2618
11.2325 7.78973 22.2598
14.9115 7.29173 21.3128
17.2735 4.68273 19.9108
20.3145 3.98773 22.1518
23.1335 2.43373 20.0968

24.9135 0.232728 22.6878
28.6285 0.051728 21.8778

29.6125 -3.17927 19.9548
33.2275 -2.70827 21.2828
32.1895 -4.90027 24.3048

31.1485 -7.68927 21.8198
34.2865 -9.87027 21.8858

35.7925 -11.1433 18.5878
34.4805 -14.7613 19.1288
30.8585 -13.5633 19.6798
31.1355 -11.2333 16.6188
32.5645 -14.0783 14.4668
29.6265 -16.2953 15.6518
27.0805 -13.5603 14.6538
28.8775 -13.1623 11.2638
28.7905 -16.9883 10.8328
25.0175 -17.2973 11.5808
24.3295 -14.2453 9.31283
26.2845 -15.9213 6.42583
24.5105 -19.2343 7.21683
21.0135 -17.6823 6.63283
22.1045 -16.3513 3.16183

23.5845 -19.6813 1.90983
21.7545 -20.7793 -1.29517
21.8955 -24.5593 -0.760171
20.0245 -24.7203 2.62483
16.4515 -25.9483 3.13183

13.6555 -23.5613 4.28583
13.9745 -25.2233 7.74883
17.7965 -24.7643 8.03783
17.2455 -21.0623 7.06683
14.6565 -20.7093 9.94183
17.0245 -22.5293 12.3788
19.9735 -20.2373 11.4218
17.6225 -17.1993 11.8778
16.6075 -18.4013 15.4018
20.3225 -18.9823 16.2088
21.2925 -15.4613 14.9368
18.4655 -13.9223 17.0518
19.4205 -15.8713 20.2498
23.1535 -14.9543 19.6828
22.1035 -11.2643 19.3228
20.4525 -11.4533 22.7828
23.6125 -13.0343 24.3518
25.9125 -10.4733 22.6238
23.9135 -7.49927 24.0698
23.8605 -8.69527 27.7678
27.1475 -6.94227 28.9048
26.2105 -3.50927 27.4328
22.5255 -3.86427 28.4728
23.8665 -4.41227 32.0438
26.3385 -1.46927 31.6568
23.4115 0.781728 30.5738
21.0995 -0.370272 33.4638
23.9045 0.397728 35.9748
24.5585 3.84773 34.3498
20.8095 4.64473 34.8258
20.9365 3.63373 38.5508
24.2615 5.49873 39.1408

22.6035 8.57773 37.4578
20.1235 8.56273 40.4318
16.9545 7.26573 38.6408
14.2605 6.31273 41.1688
12.0075 3.96373 39.0448

12.2265 2.36873 35.5638
11.0585 -0.707272 33.5928
13.4285 -3.06927 31.7178
11.8425 -5.13627 28.9138
13.4635 -8.29127 27.4428

12.0815 -11.5923 25.9658
14.9595 -14.1363 26.0208

15.0905 -15.8203 29.4738
18.9535 -15.6183 29.5318
18.7235 -11.7613 29.2898
16.1205 -11.5763 32.1338
18.2815 -14.0113 34.2198
21.5465 -12.0293 33.6658
19.8695 -8.65027 34.5118
18.3165 -10.0793 37.7508
21.6525 -11.7123 38.7808
23.5945 -8.40927 38.3608
20.9085 -6.39627 40.2688
21.1265 -8.98727 43.1338
24.9885 -8.76327 43.0188

24.7005 -4.90827 43.2748
22.0325 -5.34027 46.0758
19.4545 -3.38027 43.9738
15.8505 -4.06727 45.0428

13.8475 -5.05827 41.9318
10.7625 -7.02627 40.7658
10.6845 -9.74327 38.0498
7.68248 -10.8443 35.9058

7.94848 -13.5663 33.2078
6.11548 -16.6623 31.7938
6.69348 -18.5793 35.1028
5.25948 -15.8303 37.4188
1.74648 -16.8353 38.6078
-1.41652 -14.7393 37.9518
-1.78952 -13.6313 41.6398

1.96848 -12.9893 42.2268
1.95948 -10.7643 39.0598
-0.601519 -8.43227 40.7238
1.24748 -8.48727 44.1078
4.68348 -7.69927 42.4998
2.94248 -4.93027 40.4768
1.60848 -3.44227 43.7768
5.08548 -3.82527 45.4298
6.73348 -1.80927 42.5618
3.88548 0.790728 42.6118
3.81148 1.35473 46.4228

7.44448 0.691728 47.5568
10.0285 3.47373 46.8708
12.8315 0.845728 47.3208
12.0205 -1.15827 44.1428
13.9895 0.822728 41.5218

13.8475 -1.70127 38.6088
11.0875 -3.87227 37.1298
12.5495 -6.73427 34.9998
9.69348 -7.64427 32.6268
9.11948 -10.1723 29.8388

7.80748 -8.27627 26.7378
5.37848 -11.1863 26.0288
4.31548 -12.0353 29.6258
3.82848 -8.44127 30.9928
2.10648 -6.91227 27.8598
-1.35452 -7.38627 29.5478
-3.35252 -6.43027 32.6988
-0.585519 -4.66427 34.6938
-0.136519 -0.892272 35.3788
3.31648 0.650728 36.0878
2.47948 4.38573 36.5338
5.18948 4.71773 39.2868
7.97348 4.65273 36.6138
8.85748 7.45773 34.1168

11.3045 5.38073 31.9748
10.9955 2.21673 29.8328
14.1625 0.449728 28.5478
13.7855 -2.18327 25.8038

16.9455 -4.30627 26.2478
15.7365 -6.32627 23.2168
13.7255 -5.52327 20.0688
10.5325 -7.48827 19.2728
9.44648 -8.04227 15.6058
5.80048 -7.07027 16.3508

5.26048 -3.29327 16.9988
1.78748 -3.84127 18.5618
3.48848 -5.70827 21.4818
6.10748 -2.91227 21.8968
3.27048 -0.284272 22.0508
1.39048 -2.52427 24.5858
4.56848 -2.53127 26.7658
5.04248 1.31973 26.5338

1.34448 1.79473 27.5518
2.01848 -0.052272 30.8358
3.63948 3.22773 32.1008
1.70748 5.74973 29.9558
-1.67652 5.25673 31.7798
-4.21652 7.43073 33.6628
-2.29252 8.37273 36.8598
1.01548 9.14473 35.0378
2.24448 12.7447 35.7518
5.76648 12.6757 34.1388
6.86948 12.6387 30.4528

7.49148 8.95773 29.6298
10.9815 8.13673 28.2978
11.2435 5.08573 25.9628
14.8045 3.83373 25.2218
15.3085 1.14973 22.5098
18.7285 -0.545272 23.0178
20.2615 -1.56127 19.6148

23.6505 -3.06127 18.5928
25.3515 -2.54227 15.1638
26.4575 -5.90727 13.6398
23.4345 -7.88227 15.0578
19.7625 -8.88227 14.4318

18.7505 -5.29827 15.5108
20.0695 -3.95427 12.1268
17.2895 -5.96227 10.3168
14.5905 -5.88527 13.0508
14.5545 -2.07127 13.4708
13.7435 -1.22927 9.75683
11.1585 -4.11627 9.80683
9.44948 -2.67927 12.9508
9.46248 0.833728 11.3338
7.76948 -0.249272 8.05183
5.16848 -2.17427 10.1668
4.32648 0.960728 12.2858
3.96648 2.95273 9.01383
1.49348 0.307728 7.64883
-0.428519 0.573728 10.9808
-0.413519 4.43773 10.8168
-1.64052 4.52173 7.14683

-4.51352 2.19973 8.26383
-5.31352 4.74173 11.1088
-4.23752 2.14073 13.7528
-1.21752 4.04773 15.2288
-0.0425186 7.66273 15.8008
3.41548 6.22373 16.5358
5.88948 7.35973 13.8908
9.32948 5.68773 14.3638
11.2145 7.49373 11.4748

12.2205 10.5827 13.5568
14.2685 8.39373 15.9998
16.6155 7.07673 13.2208
17.4665 10.4737 11.6618

18.7315 11.4327 15.1918
21.2165 8.45973 15.6148

End chain 1
