-13.201 -6.296 -53.957
-10.703 -3.406 -53.291
-9.54 -3.087 -49.639
-11.02 0.322 -48.639
-8.614 1.85 -46.053
-10.787 3.126 -43.162

-9.634 6.195 -41.181
-10.061 4.9 -37.589
-10.286 6.838 -34.306
-12.195 7.103 -30.979
-14.163 9.439 -28.711
-12.619 10.223 -25.263
-14.157 12.207 -22.344

-11.943 15.248 -21.466
-14.301 16.978 -18.949
-17.827 16.65 -17.399
-19.139 18.761 -20.353

-16.752 17.96 -23.312
-15.482 14.956 -25.281
-12.62 14.751 -27.824
-12.437 12.939 -31.204
-8.982 11.264 -31.393
-8.672 10.357 -35.1

-6.282 10.744 -38.079
-6.98 13.557 -40.6
-9.895 13.022 -43.051

-11.208 15.853 -45.293
-14.92 14.856 -45.011
-14.611 14.37 -41.226
-13.015 17.857 -40.827
-15.875 19.254 -42.999
-18.403 17.482 -40.669
-16.559 18.759 -37.515
-16.844 22.341 -38.957

-20.697 21.797 -39.029
-20.861 21.033 -35.24
-22.116 23.933 -33.104
-20.016 23.255 -29.939
-16.791 22.621 -31.971

-13.393 23.436 -30.391
-10.011 22.816 -32.063
-6.805 22.812 -29.99

-3.10601 22.8816 -29.5208
0.569573 23.435 -28.6769
3.86238 21.8634 -29.8669
3.70597 22.3432 -33.6887

2.12788 25.851 -33.3289
1.3485 28.1673 -30.326
1.63147 30.1856 -27.149
0.196125 33.5501 -25.9496
-2.50203 35.355 -28.0016

-3.62803 31.991 -26.5676
-7.29403 32.696 -27.5886
-6.10203 32.675 -31.2696
-4.54903 29.132 -30.9306
-7.59903 27.307 -32.4136
-7.94103 29.997 -35.1846
-4.22303 29.635 -36.1126
-4.18603 25.782 -36.1286
-7.41603 25.727 -38.2196
-5.87803 28.129 -40.8416
-2.46403 26.301 -40.8946

-4.16403 22.901 -41.6186
-5.33303 24.499 -44.9256
-1.69903 25.149 -46.0826
-0.0480257 22.516 -48.3526
3.37797 21.153 -47.2126

3.16897 22.742 -43.6536
2.86397 20.772 -40.3706
2.48697 22.917 -37.2056
1.96597 20.612 -34.1926

-0.589026 22.202 -31.7486
-0.233026 22.856 -28.0036
-0.721026 19.422 -26.2866
-4.16503 18.502 -24.8636
-2.60603 18.782 -21.3466
-1.90503 22.533 -21.9036
-5.33503 23.149 -23.5226
-6.99403 21.484 -20.4696
-4.79103 23.476 -18.0006

-5.39903 26.872 -19.7456
-9.03903 26.106 -20.8056
-10.222 29.435 -19.2146

-7.58503 31.547 -21.0546
-8.37103 29.753 -24.3876
-12.002 31.1 -24.0006

-11.385 34.755 -22.8886
-10.893 37.609 -25.4286
-9.86503 39.756 -22.3876
-6.74503 40.159 -20.1996
-8.40103 39.583 -16.8136
-5.56603 38.54 -14.4716
-6.10203 35.308 -12.4256

-9.59003 35.345 -10.7856
-9.16903 36.161 -7.07961
-8.94903 32.985 -4.99761
-12.185 32.952 -2.91161
-11.647 32.899 0.864387
-12.676 29.504 2.25139

-15.098 29.203 5.17639
-12.76 27.804 7.88339
-15.448 27.972 10.6954
-15.53 24.112 10.8314
-11.691 24.102 11.3624
-10.191 24.259 14.8774

-9.89103 28.027 15.8214
-6.36203 27.462 17.2794
-5.16703 26.422 13.7754
-7.10203 29.138 11.8384
-5.77303 31.961 14.1284
-2.10903 30.773 13.7694

-2.05803 30.775 9.90339
0.183974 33.54 8.49439

-1.47703 35.645 5.67139
0.397974 33.736 2.90439
-0.435026 30.355 4.57439
-4.16703 31.36 4.58539
-3.93303 32.271 0.855387
-2.31403 28.808 0.254387
-5.15903 27.028 2.15239
-7.73403 29.037 0.0993867
-5.92603 28.118 -3.19561
-5.80103 24.412 -2.20661
-9.56703 24.444 -1.36361
-10.395 26.296 -4.65661

-8.34403 23.598 -6.56361
-10.585 21.001 -4.76161
-7.88303 19.653 -2.36161

-5.72303 18.306 -5.26561
-2.32703 20.071 -5.32861
1.41997 19.965 -4.81261
2.33397 22.494 -2.07061

5.93497 23.148 -3.21961

6.49397 26.142 -0.866613
10.125 26.558 0.285387

11.581 24.668 3.30639
10.268 25.909 6.69239
7.39597 28.122 5.28239
4.92297 25.934 7.31639

3.78497 23.307 4.73939
2.61697 21.034 7.64239
0.265974 23.667 9.22439
-1.24703 24.459 5.76239
-1.65303 20.691 4.99839
-3.39103 19.995 8.36939
-5.78603 22.949 7.70639
-6.61803 21.808 4.10339
-7.21703 18.23 5.37139
-9.32603 19.473 8.36939
-11.598 21.484 5.98639

-12.271 18.011 4.41539

-12.755 16.246 7.88939
-16.257 15.096 6.67839
-14.421 12.997 3.97039
-11.997 11.085 6.31839
-10.352 8.53996 7.07839

-7.14503 10.505 6.39639
-3.92203 8.81596 5.17739
-0.606026 10.625 5.90539
2.49697 9.21396 4.13139
5.79997 10.596 5.51139

9.57897 9.93696 5.89439
10.213 7.13296 8.47539
11.773 9.64796 11.0014
8.93997 12.313 11.1074

5.87097 10.085 11.9114
5.73397 11.2 15.5834
6.47497 14.851 14.5384
3.26397 14.649 12.4144
1.21497 13.056 15.2834
2.36097 15.873 17.6374
1.51997 18.429 14.8774
-2.09303 17.064 14.6684
-2.45303 17.093 18.5194
-0.967026 20.653 18.6314
-3.19403 22.148 15.8864

-6.49203 20.144 16.1484
-7.22203 19.903 19.9644
-10.759 18.744 18.8564
-9.13503 15.252 18.3144
-8.40103 12.668 21.0254

-5.00303 10.849 20.7654
-7.00903 7.63296 19.9884
-8.15103 9.28596 16.6994

-4.46203 9.13696 15.4844
-2.87603 5.82896 14.3964
0.947974 5.91196 13.9894

1.92697 2.83696 11.9434
5.31297 1.64996 13.2804
5.42797 -1.88404 11.7214
4.22397 -3.84604 8.64339
1.85997 -5.86704 10.9784
-0.159026 -2.85504 12.2254
-3.72303 -1.96404 11.0674
-3.44603 0.979961 8.60939
-7.18703 1.85096 9.18139
-7.29003 1.78696 13.0354
-7.47903 5.62096 13.4444
-9.45103 8.48696 11.9034

-5.95903 9.81296 10.9464
-3.43603 7.11996 9.87339
0.292974 8.05496 9.71139
2.61997 5.65096 7.79539
6.09997 5.65796 6.19939

6.97097 5.21296 2.48539
8.87197 1.94396 3.28339
5.79597 0.406961 5.02139
3.32897 1.18396 2.13039

4.70297 -1.76204 0.0483867
4.34197 -4.12004 3.09139
0.785974 -2.78704 3.75339
-0.385026 -2.86204 0.0473867
-3.10203 -5.46204 0.952387
-4.61403 -2.88304 3.42039
-4.32603 0.0589608 0.897387
-7.44203 -1.48004 -0.813613
-9.55903 0.501961 1.73339
-10.465 3.81596 -0.0396133
-8.73803 6.71796 1.75039
-10.607 9.73796 0.268387

-8.07503 12.276 1.70039
-4.30703 11.655 1.33739
-1.37803 13.808 2.51039
2.11197 12.843 1.26839

4.96697 14.716 2.96739
8.28797 15.088 1.05939

6.56297 13.601 -2.06061
9.86397 13.746 -4.05961
10.377 10.211 -2.54761
7.85497 9.08696 -5.26761

10.071 10.517 -8.14561
10.768 7.04396 -9.70261
7.71597 4.96996 -10.8276
9.63497 1.60496 -10.7296
10.243 1.83696 -6.93061

8.07797 -0.316039 -4.59961
7.06097 2.83096 -2.57861
5.79697 4.54396 -5.78461
4.04297 1.35996 -7.09761
2.16797 1.04796 -3.73961
1.31597 4.81596 -3.42361
0.163974 5.59996 -7.01661
-3.07103 3.42996 -7.09461
-4.33203 5.16696 -3.89061
-3.37503 8.68096 -5.15561
-5.26403 8.12696 -8.47761
-8.51903 7.02596 -6.66761

-8.44303 9.30896 -3.55661
-10.743 12.411 -3.79561

-8.19703 14.837 -2.19561
-4.39003 14.606 -2.72061
-2.14003 17.03 -0.801613
1.48397 16.496 -1.91461
4.20197 18.432 -0.00361329

7.88997 19.018 -0.910613
10.631 21.665 -0.518613
12.339 20.254 -3.62861
9.62697 18.731 -5.92361
12.366 17.932 -8.43661
15.785 16.997 -6.96861
17.808 17.226 -10.2476
15.669 16.768 -13.4556

12.143 17.365 -14.9756
11.484 13.557 -15.1926
11.227 13.435 -11.3146
8.00997 15.583 -11.4706
6.00097 13.107 -13.6196
4.72497 10.927 -10.7056
3.64797 14.061 -8.73461
1.89097 15.547 -11.8496
-0.130026 12.315 -12.4676
-0.916026 12.027 -8.70561
-2.47503 15.57 -8.68761

-3.97803 15.299 -12.2636
-4.36303 11.583 -13.3486
-5.54303 12.702 -16.8716
-2.30603 14.663 -17.5996
0.291974 12.717 -19.6836
-1.27103 9.16796 -19.3206
2.05297 7.73596 -20.6626

5.52797 8.93396 -19.5206
6.90997 8.93096 -23.1236
4.76297 11.986 -24.1216
6.06397 13.922 -21.0506
9.66397 12.754 -21.7596
9.60097 13.791 -25.4756
8.39097 17.319 -24.5216
10.226 18.133 -21.2336

13.119 15.602 -20.8556
14.778 16.085 -24.3336
14.13 12.376 -24.9496

16.707 10.729 -27.2806
16.458 7.38096 -29.1226
19.738 5.53796 -28.3656

20.734 2.05596 -29.7936
19.684 0.488961 -26.4066

16.328 2.38196 -25.9996
15.164 5.86496 -24.9056
17.254 8.28996 -22.8236

15.243 10.761 -20.6296
18.174 12.377 -18.6706
17.843 15.704 -20.5636
15.624 18.791 -20.2176
13.496 20.851 -22.6566
10.741 23.546 -22.7346

11.201 24.263 -18.9596
9.36997 27.661 -19.0586
6.26997 25.885 -20.5156
6.59497 23.171 -17.8116
6.77597 25.939 -15.1186
3.56797 27.577 -16.4876
1.73497 24.182 -16.5966
2.84697 23.359 -13.0096
1.78797 26.757 -11.5226
-1.61403 26.807 -13.3356
-2.79103 23.198 -12.8006

-0.560026 21.196 -10.3346

1.57297 23.254 -7.95061
1.51497 26.148 -5.47961

5.11797 27.39 -4.94661
6.42497 30.391 -2.95761
9.99997 31.226 -1.98361

11.526 32.71 1.24439
12.137 35.914 -0.777613
8.38197 36.163 -1.67761
6.94197 35.793 1.88239

9.75297 36.288 4.50439
11.714 39.523 3.67339
13.128 39.286 7.27339
15.133 36.018 6.85739

18.932 36.712 6.84239
20.685 35.978 3.51839

22.341 32.608 2.77539
25.957 33.456 1.79739
27.494 30.566 -0.204613
31.173 30.068 -1.15161
33.535 27.459 -2.55361
36.576 26.764 -0.312613
39.395 25.21 -2.36761

41.175 23.009 0.223387
44.89 22.828 -0.586613

45.874 19.597 -2.50961
49.489 20.068 -1.18161
48.451 17.876 1.84039

47.41 15.087 -0.644613
50.548 12.906 -0.578613

52.054 11.633 -3.87661
50.742 8.01496 -3.33561
47.12 9.21296 -2.78461
47.397 11.543 -5.84561
48.826 8.69796 -7.99761
45.888 6.48096 -6.81261
43.342 9.21596 -7.81061
45.139 9.61396 -11.2006
45.052 5.78796 -11.6316
41.279 5.47896 -10.8836
40.591 8.53096 -13.1516
42.546 6.85496 -16.0386
40.772 3.54196 -15.2476
37.275 5.09396 -15.8316
38.366 6.42496 -19.3026

39.846 3.09496 -20.5546
38.016 1.99696 -23.7596
38.157 -1.78304 -23.2246
36.286 -1.94404 -19.8396
32.713 -3.17204 -19.3326

29.917 -0.785039 -18.1786
30.236 -2.44704 -14.7156
34.058 -1.98804 -14.4266
33.507 1.71396 -15.3976
30.918 2.06696 -12.5226
33.286 0.246961 -10.0856
36.235 2.53896 -11.0426
33.884 5.57696 -10.5866
32.869 4.37496 -7.06261
36.584 3.79396 -6.25561
37.554 7.31496 -7.52761
34.727 8.85396 -5.41261
35.682 6.90496 -2.21461
39.415 7.82196 -2.78161
38.365 11.512 -3.14161
36.714 11.323 0.318387
39.874 9.74196 1.88739
42.174 12.303 0.159387
40.175 15.277 1.60539
40.122 14.081 5.30339
43.409 15.834 6.44039
42.472 19.267 4.96839
38.787 18.912 6.00839
40.128 18.364 9.57939
42.6 21.307 9.19239
39.673 23.558 8.10939
37.361 22.406 10.9994
40.166 23.174 13.5104
40.82 26.624 11.8854
37.071 27.421 12.3614
37.198 26.41 16.0864
40.523 28.275 16.6764

38.865 31.354 14.9934
36.385 31.339 17.9674
33.216 30.042 16.1764
30.522 29.089 18.7044
28.269 26.74 16.5804

28.488 25.145 13.0994
27.32 22.069 11.1284
29.69 19.707 9.25339
28.104 17.64 6.44939
29.725 14.485 4.97839

28.343 11.184 3.50139
31.221 8.63996 3.55639

31.352 6.95596 7.00939
35.215 7.15796 7.06739
34.985 11.015 6.82539
32.382 11.2 9.66939
34.543 8.76496 11.7554
37.808 10.747 11.2014
36.131 14.126 12.0474
34.578 12.697 15.2864
37.914 11.064 16.3164
39.856 14.367 15.8964
37.17 16.38 17.8044
37.388 13.789 20.6694
41.25 14.013 20.5544

40.962 17.868 20.8104
38.294 17.436 23.6114
35.716 19.396 21.5094
32.112 18.709 22.5784

30.109 17.718 19.4674
27.024 15.75 18.3014
26.946 13.033 15.5854
23.944 11.932 13.4414

24.21 9.20996 10.7434
22.377 6.11396 9.32939
22.955 4.19696 12.6384
21.521 6.94596 14.9544
18.008 5.94096 16.1434
14.845 8.03696 15.4874
14.472 9.14496 19.1754

18.23 9.78696 19.7624
18.221 12.012 16.5954
15.66 14.344 18.2594
17.509 14.289 21.6434
20.945 15.077 20.0354
19.204 17.846 18.0124
17.87 19.334 21.3124
21.347 18.951 22.9654
22.995 20.967 20.0974
20.147 23.567 20.1474
20.073 24.131 23.9584

23.706 23.468 25.0924
26.29 26.25 24.4064
29.093 23.622 24.8564
28.282 21.618 21.6784
30.251 23.599 19.0574

30.109 21.075 16.1444
27.349 18.904 14.6654
28.811 16.042 12.5354
25.955 15.132 10.1624
25.381 12.604 7.37439

24.069 14.5 4.27339
21.64 11.59 3.56439
20.577 10.741 7.16139
20.09 14.335 8.52839
18.368 15.864 5.39539
14.907 15.39 7.08339
12.909 16.346 10.2344
15.676 18.112 12.2294
16.125 21.884 12.9144
19.578 23.427 13.6234
18.741 27.162 14.0694
21.451 27.494 16.8224
24.235 27.429 14.1494
25.119 30.234 11.6524

27.566 28.157 9.51039
27.257 24.993 7.36839
30.424 23.226 6.08339
30.047 20.593 3.33939

33.207 18.47 3.78339
31.998 16.45 0.752387
29.987 17.253 -2.39561
26.794 15.288 -3.19161
25.708 14.734 -6.85861
22.062 15.706 -6.11361

21.522 19.483 -5.46561
18.049 18.935 -3.90261
19.75 17.068 -0.982613
22.369 19.864 -0.567613
19.532 22.492 -0.413613
17.652 20.252 2.12139
20.83 20.245 4.30139
21.304 24.096 4.06939

17.606 24.571 5.08739
18.28 22.724 8.37139
19.901 26.004 9.63639
17.969 28.526 7.49139
14.585 28.033 9.31539
12.045 30.207 11.1984
13.969 31.149 14.3954
17.277 31.921 12.5734
18.506 35.521 13.2874
22.028 35.452 11.6744
23.131 35.415 7.98839

23.753 31.734 7.16539
27.243 30.913 5.83339
27.505 27.862 3.49839
31.066 26.61 2.75739
31.57 23.926 0.0453867
34.99 22.231 0.553387
36.523 21.215 -2.84961

39.912 19.715 -3.87161
41.613 20.234 -7.30061
42.719 16.869 -8.82461
39.696 14.894 -7.40661
36.024 13.894 -8.03261

35.012 17.478 -6.95361
36.331 18.822 -10.3376
33.551 16.814 -12.1476
30.852 16.891 -9.41361
30.816 20.705 -8.99361
30.005 21.547 -12.7076
27.42 18.66 -12.6576
25.711 20.097 -9.51361
25.724 23.61 -11.1306
24.031 22.527 -14.4126
21.43 20.602 -12.2976
20.588 23.737 -10.1786
20.228 25.729 -13.4506
17.755 23.084 -14.8156
15.833 23.35 -11.4836
15.848 27.214 -11.6476
14.621 27.298 -15.3176

11.748 24.976 -14.2006
10.948 27.518 -11.3556
12.024 24.917 -8.71161
15.044 26.824 -7.23561
16.219 30.439 -6.66361
19.677 29 -5.92861
22.151 30.136 -8.57361
25.591 28.464 -8.10061
27.476 30.27 -10.9896

28.482 33.359 -8.90761
30.53 31.17 -6.46461
32.877 29.853 -9.24361
33.728 33.25 -10.8026

34.993 34.209 -7.27261
37.478 31.236 -6.84961

End chain 1
