-13.201 -6.296 -53.957
-10.703 -3.406 -53.291
-9.54 -3.087 -49.639
-11.02 0.322 -48.639
-8.614 1.85 -46.053
-10.787 3.126 -43.162

-9.634 6.195 -41.181
-10.061 4.9 -37.589
-10.286 6.838 -34.306
-12.195 7.103 -30.979
-14.163 9.439 -28.711
-12.619 10.223 -25.263
-14.157 12.207 -22.344

-14.1394 13.0932 -18.676
-13.5821 14.735 -15.2027
-10.1408 13.3148 -14.8439
-9.18809 14.4419 -18.3451

-6.2594 13.1502 -20.4862
-3.55369 11.3536 -22.2674
-2.23453 10.2319 -25.7523
-0.618128 8.80867 -28.9889
-1.24296 9.72624 -32.5831
-1.86183 9.4731 -36.3078

0.528174 9.8601 -39.2868
-0.169826 12.6731 -41.8078
-3.08483 12.1381 -44.2588

-4.39783 14.9691 -46.5008
-8.10983 13.9721 -46.2188
-7.80083 13.4861 -42.4338
-6.20483 16.9731 -42.0348
-9.06483 18.3701 -44.2068
-11.5928 16.5981 -41.8768
-9.74883 17.8751 -38.7228
-10.0338 21.4571 -40.1648

-13.8868 20.9131 -40.2368
-14.0508 20.1491 -36.4478
-15.3058 23.0491 -34.3118
-13.2058 22.3711 -31.1468
-9.98083 21.7371 -33.1788

-6.58283 22.5521 -31.5988
-3.20083 21.9321 -33.2708
0.00517364 21.9281 -31.1978

2.92717 23.0351 -33.4168
5.48217 21.4301 -30.9808
4.05717 17.8521 -30.8988
2.47617 18.2531 -34.4248

-0.767826 16.7381 -32.9978
-4.50283 17.5021 -33.2028
-6.87283 17.6601 -30.1988
-10.6558 18.1171 -29.8578
-13.3208 18.5181 -27.1178

-14.4468 15.1541 -25.6838
-18.1128 15.8591 -26.7048
-16.9208 15.8381 -30.3858
-15.3678 12.2951 -30.0468
-18.4178 10.4701 -31.5298
-18.7598 13.1601 -34.3008
-15.0418 12.7981 -35.2288
-15.0048 8.9451 -35.2448
-18.2348 8.8901 -37.3358
-16.6968 11.2921 -39.9578
-13.2828 9.4641 -40.0108

-14.9828 6.0641 -40.7348
-16.1518 7.6621 -44.0418
-12.5178 8.3121 -45.1988
-10.8668 5.6791 -47.4688
-7.44083 4.3161 -46.3288

-7.64983 5.9051 -42.7698
-7.95483 3.9351 -39.4868
-8.33183 6.0801 -36.3218
-8.85283 3.7751 -33.3088

-11.4078 5.3651 -30.8648
-11.0518 6.0191 -27.1198
-11.5398 2.5851 -25.4028
-14.9838 1.6651 -23.9798
-13.4248 1.9451 -20.4628
-12.7238 5.6961 -21.0198
-16.1538 6.3121 -22.6388
-17.8128 4.6471 -19.5858
-15.6098 6.6391 -17.1168

-16.2178 10.0351 -18.8618
-19.8578 9.2691 -19.9218
-21.0408 12.5981 -18.3308

-18.4038 14.7101 -20.1708
-19.1898 12.9161 -23.5038
-22.8208 14.2631 -23.1168

-22.2038 17.9181 -22.0048
-21.7118 20.7721 -24.5448
-20.6838 22.9191 -21.5038
-17.5638 23.3221 -19.3158
-19.2198 22.7461 -15.9298
-16.3848 21.7031 -13.5878
-16.9208 18.4711 -11.5418

-20.4088 18.5081 -9.90176
-19.9878 19.3241 -6.19576
-19.7678 16.1481 -4.11376
-23.0038 16.1151 -2.02776
-22.4658 16.0621 1.74824
-23.4948 12.6671 3.13524

-25.9168 12.3661 6.06024
-23.5788 10.9671 8.76724
-26.2668 11.1351 11.5792
-26.3488 7.2751 11.7152
-22.5098 7.2651 12.2462
-21.0098 7.4221 15.7612

-20.7098 11.1901 16.7052
-17.1808 10.6251 18.1632
-15.9858 9.5851 14.6592
-17.9208 12.3011 12.7222
-16.5918 15.1241 15.0122
-12.9278 13.9361 14.6532

-12.8768 13.9381 10.7872
-10.6348 16.7031 9.37824

-12.2958 18.8081 6.55524
-10.4208 16.8991 3.78824
-11.2538 13.5181 5.45824
-14.9858 14.5231 5.46924
-14.7518 15.4341 1.73924
-13.1328 11.9711 1.13824
-15.9778 10.1911 3.03624
-18.5528 12.2001 0.983238
-16.7448 11.2811 -2.31176
-16.6198 7.5751 -1.32276
-20.3858 7.6071 -0.479762
-21.2138 9.4591 -3.77276

-19.1628 6.7611 -5.67976
-21.4038 4.1641 -3.87776
-18.7018 2.8161 -1.47776

-16.5418 1.4691 -4.38176
-13.1458 3.2341 -4.44476
-9.39883 3.1281 -3.92876
-8.48483 5.6571 -1.18676

-4.88383 6.3111 -2.33576

-4.32483 9.3051 0.0172378
-0.693826 9.7211 1.16924

0.762174 7.8311 4.19024
-0.550826 9.0721 7.57624
-3.42283 11.2851 6.16624
-5.89583 9.0971 8.20024

-7.03383 6.4701 5.62324
-8.20183 4.1971 8.52624
-10.5528 6.8301 10.1082
-12.0658 7.6221 6.64624
-12.4718 3.8541 5.88224
-14.2098 3.1581 9.25324
-16.6048 6.1121 8.59024
-17.4368 4.9711 4.98724
-18.0358 1.3931 6.25524
-20.1448 2.6361 9.25324
-22.4168 4.6471 6.87024

-23.0898 1.1741 5.29924

-23.5738 -0.590896 8.77324
-27.0758 -1.7409 7.56224
-25.2398 -3.8399 4.85424
-22.8158 -5.7519 7.20224
-21.1708 -8.2969 7.96224

-17.9638 -6.3319 7.28024
-14.7408 -8.0209 6.06124
-11.4248 -6.2119 6.78924
-8.32183 -7.6229 5.01524
-5.01883 -6.2409 6.39524

-1.23983 -6.8999 6.77824
-0.605826 -9.7039 9.35924
0.954174 -7.1889 11.8852
-1.87883 -4.5239 11.9912

-4.94783 -6.7519 12.7952
-5.08483 -5.6369 16.4672
-4.34383 -1.9859 15.4222
-7.55483 -2.1879 13.2982
-9.60383 -3.7809 16.1672
-8.45783 -0.963896 18.5212
-9.29883 1.5921 15.7612
-12.9118 0.227104 15.5522
-13.2718 0.256104 19.4032
-11.7858 3.8161 19.5152
-14.0128 5.3111 16.7702

-17.3108 3.3071 17.0322
-18.0408 3.0661 20.8482
-21.5778 1.9071 19.7402
-19.9538 -1.5849 19.1982
-19.2198 -4.1689 21.9092

-15.8218 -5.9879 21.6492
-17.8278 -9.2039 20.8722
-18.9698 -7.5509 17.5832

-15.2808 -7.6999 16.3682
-13.6948 -11.0079 15.2802
-9.87083 -10.9249 14.8732

-8.89183 -13.9999 12.8272
-5.50583 -15.1869 14.1642
-5.39083 -18.7209 12.6052
-6.59483 -20.6829 9.52724
-8.95883 -22.7039 11.8622
-10.9778 -19.6919 13.1092
-14.5418 -18.8009 11.9512
-14.2648 -15.8569 9.49324
-18.0058 -14.9859 10.0652
-18.1088 -15.0499 13.9192
-18.2978 -11.2159 14.3282
-20.2698 -8.3499 12.7872

-16.7778 -7.0239 11.8302
-14.2548 -9.7169 10.7572
-10.5258 -8.7819 10.5952
-8.19883 -11.1859 8.67924
-4.71883 -11.1789 7.08324

-3.84783 -11.6239 3.36924
-1.94683 -14.8929 4.16724
-5.02283 -16.4299 5.90524
-7.48983 -15.6529 3.01424

-6.11583 -18.5989 0.932238
-6.47683 -20.9569 3.97524
-10.0328 -19.6239 4.63724
-11.2038 -19.6989 0.931238
-13.9208 -22.2989 1.83624
-15.4328 -19.7199 4.30424
-15.1448 -16.7779 1.78124
-18.2608 -18.3169 0.0702378
-20.3778 -16.3349 2.61724
-21.2838 -13.0209 0.844238
-19.5568 -10.1189 2.63424
-21.4258 -7.0989 1.15224

-18.8938 -4.5609 2.58424
-15.1258 -5.1819 2.22124
-12.1968 -3.0289 3.39424
-8.70683 -3.9939 2.15224

-5.85183 -2.1209 3.85124
-2.53083 -1.7489 1.94324

-4.25583 -3.2359 -1.17676
-0.954826 -3.0909 -3.17576
-0.441826 -6.6259 -1.66376
-2.96383 -7.7499 -4.38376

-0.747826 -6.3199 -7.26176
-0.0508264 -9.7929 -8.81876
-3.10283 -11.8669 -9.94376
-1.18383 -15.2319 -9.84576
-0.575826 -14.9999 -6.04676

-2.74083 -17.1529 -3.71576
-3.75783 -14.0059 -1.69476
-5.02183 -12.2929 -4.90076
-6.77583 -15.4769 -6.21376
-8.65083 -15.7889 -2.85576
-9.50283 -12.0209 -2.53976
-10.6548 -11.2369 -6.13276
-13.8898 -13.4069 -6.21076
-15.1508 -11.6699 -3.00676
-14.1938 -8.1559 -4.27176
-16.0828 -8.7099 -7.59376
-19.3378 -9.8109 -5.78376

-19.2618 -7.5279 -2.67276
-21.5618 -4.4259 -2.91176

-19.0158 -1.9999 -1.31176
-15.2088 -2.2309 -1.83676
-12.9588 0.193104 0.0822378
-9.33483 -0.340896 -1.03076
-6.61683 1.5951 0.880238

-2.92883 2.1811 -0.0267622
-0.187826 4.8281 0.365238
1.52017 3.4171 -2.74476
-1.19183 1.8941 -5.03976
1.54717 1.0951 -7.55276
4.96617 0.160104 -6.08476
6.98917 0.389104 -9.36376
4.85017 -0.068896 -12.5718

1.32417 0.528104 -14.0918
0.665174 -3.2799 -14.3088
0.408174 -3.4019 -10.4308
-2.80883 -1.2539 -10.5868
-4.81783 -3.7299 -12.7358
-6.09383 -5.9099 -9.82176
-7.17083 -2.7759 -7.85076
-8.92783 -1.2899 -10.9658
-10.9488 -4.5219 -11.5838
-11.7348 -4.8099 -7.82176
-13.2938 -1.2669 -7.80376

-14.7968 -1.5379 -11.3798
-15.1818 -5.2539 -12.4648
-16.3618 -4.1349 -15.9878
-13.1248 -2.1739 -16.7158
-10.5268 -4.1199 -18.7998
-12.0898 -7.6689 -18.4368
-8.76583 -9.1009 -19.7788

-5.29083 -7.9029 -18.6368
-3.90883 -7.9059 -22.2398
-6.05583 -4.8509 -23.2378
-4.75483 -2.9149 -20.1668
-1.15483 -4.0829 -20.8758
-1.21783 -3.0459 -24.5918
-2.42783 0.482104 -23.6378
-0.592826 1.2961 -20.3498

2.30017 -1.2349 -19.9718
3.95917 -0.751896 -23.4498
3.31117 -4.4609 -24.0658

5.88817 -6.1079 -26.3968
5.63917 -9.4559 -28.2388
8.91917 -11.2989 -27.4818

9.91517 -14.7809 -28.9098
8.86517 -16.3479 -25.5228

5.50917 -14.4549 -25.1158
4.34517 -10.9719 -24.0218
6.43517 -8.5469 -21.9398

4.42417 -6.0759 -19.7458
7.35517 -4.4599 -17.7868
7.02417 -1.1329 -19.6798
4.80517 1.9541 -19.3338
2.67717 4.0141 -21.7728
-0.0778264 6.7091 -21.8508

0.382174 7.4261 -18.0758
-1.44883 10.8241 -18.1748
-4.54883 9.0481 -19.6318
-4.22383 6.3341 -16.9278
-4.04283 9.1021 -14.2348
-7.25083 10.7401 -15.6038
-9.08383 7.3451 -15.7128
-7.97183 6.5221 -12.1258
-9.03083 9.9201 -10.6388
-12.4328 9.9701 -12.4518
-13.6098 6.3611 -11.9168

-11.3788 4.3591 -9.45076

-9.24583 6.4171 -7.06676
-9.30383 9.3111 -4.59576

-5.70083 10.5531 -4.06276
-4.39383 13.5541 -2.07376
-0.818826 14.3891 -1.09976

0.707174 15.8731 2.12824
1.31817 19.0771 0.106238
-2.43683 19.3261 -0.793762
-3.87683 18.9561 2.76624

-1.06583 19.4511 5.38824
0.895174 22.6861 4.55724
2.30917 22.4491 8.15724
4.31417 19.1811 7.74124

8.11317 19.8751 7.72624
9.86617 19.1411 4.40224

11.5222 15.7711 3.65924
15.1382 16.6191 2.68124
16.6752 13.7291 0.679238
20.3542 13.2311 -0.267762
22.7162 10.6221 -1.66976
25.7572 9.9271 0.571238
28.5762 8.3731 -1.48376

30.3562 6.1721 1.10724
34.0712 5.9911 0.297238

35.0552 2.7601 -1.62576
38.6702 3.2311 -0.297762
37.6322 1.0391 2.72424

36.5912 -1.7499 0.239238
39.7292 -3.9309 0.305238

41.2352 -5.2039 -2.99276
39.9232 -8.8219 -2.45176
36.3012 -7.6239 -1.90076
36.5782 -5.2939 -4.96176
38.0072 -8.1389 -7.11376
35.0692 -10.3559 -5.92876
32.5232 -7.6209 -6.92676
34.3202 -7.2229 -10.3168
34.2332 -11.0489 -10.7478
30.4602 -11.3579 -9.99976
29.7722 -8.3059 -12.2678
31.7272 -9.9819 -15.1548
29.9532 -13.2949 -14.3638
26.4562 -11.7429 -14.9478
27.5472 -10.4119 -18.4188

29.0272 -13.7419 -19.6708
27.1972 -14.8399 -22.8758
27.3382 -18.6199 -22.3408
25.4672 -18.7809 -18.9558
21.8942 -20.0089 -18.4488

19.0982 -17.6219 -17.2948
19.4172 -19.2839 -13.8318
23.2392 -18.8249 -13.5428
22.6882 -15.1229 -14.5138
20.0992 -14.7699 -11.6388
22.4672 -16.5899 -9.20176
25.4162 -14.2979 -10.1588
23.0652 -11.2599 -9.70276
22.0502 -12.4619 -6.17876
25.7652 -13.0429 -5.37176
26.7352 -9.5219 -6.64376
23.9082 -7.9829 -4.52876
24.8632 -9.9319 -1.33076
28.5962 -9.0149 -1.89776
27.5462 -5.3249 -2.25776
25.8952 -5.5139 1.20224
29.0552 -7.0949 2.77124
31.3552 -4.5339 1.04324
29.3562 -1.5599 2.48924
29.3032 -2.7559 6.18724
32.5902 -1.0029 7.32424
31.6532 2.4301 5.85224
27.9682 2.0751 6.89224
29.3092 1.5271 10.4632
31.7812 4.4701 10.0762
28.8542 6.7211 8.99324
26.5422 5.5691 11.8832
29.3472 6.3371 14.3942
30.0012 9.7871 12.7692
26.2522 10.5841 13.2452
26.3792 9.5731 16.9702
29.7042 11.4381 17.5602

28.0462 14.5171 15.8772
25.5662 14.5021 18.8512
22.3972 13.2051 17.0602
19.7032 12.2521 19.5882
17.4502 9.9031 17.4642

17.6692 8.3081 13.9832
16.5012 5.2321 12.0122
18.8712 2.8701 10.1372
17.2852 0.803104 7.33324
18.9062 -2.3519 5.86224

17.5242 -5.6529 4.38524
20.4022 -8.1969 4.44024

20.5332 -9.8809 7.89324
24.3962 -9.6789 7.95124
24.1662 -5.8219 7.70924
21.5632 -5.6369 10.5532
23.7242 -8.0719 12.6392
26.9892 -6.0899 12.0852
25.3122 -2.7109 12.9312
23.7592 -4.1399 16.1702
27.0952 -5.7729 17.2002
29.0372 -2.4699 16.7802
26.3512 -0.456896 18.6882
26.5692 -3.0479 21.5532
30.4312 -2.8239 21.4382

30.1432 1.0311 21.6942
27.4752 0.599104 24.4952
24.8972 2.5591 22.3932
21.2932 1.8721 23.4622

19.2902 0.881104 20.3512
16.2052 -1.0869 19.1852
16.1272 -3.8039 16.4692
13.1252 -4.9049 14.3252

13.3912 -7.6269 11.6272
11.5582 -10.7229 10.2132
12.1362 -12.6399 13.5222
10.7022 -9.8909 15.8382
7.18917 -10.8959 17.0272
4.02617 -8.7999 16.3712
3.65317 -7.6919 20.0592

7.41117 -7.0499 20.6462
7.40217 -4.8249 17.4792
4.84117 -2.4929 19.1432
6.69017 -2.5479 22.5272
10.1262 -1.7599 20.9192
8.38517 1.0091 18.8962
7.05117 2.4971 22.1962
10.5282 2.1141 23.8492
12.1762 4.1301 20.9812
9.32817 6.7301 21.0312
9.25417 7.2941 24.8422

12.8872 6.6311 25.9762
15.4712 9.4131 25.2902
18.2742 6.7851 25.7402
17.4632 4.7811 22.5622
19.4322 6.7621 19.9412

19.2902 4.2381 17.0282
16.5302 2.0671 15.5492
17.9922 -0.794896 13.4192
15.1362 -1.7049 11.0462
14.5622 -4.2329 8.25824

13.2502 -2.3369 5.15724
10.8212 -5.2469 4.44824
9.75817 -6.0959 8.04524
9.27117 -2.5019 9.41224
7.54917 -0.972896 6.27924
4.08817 -1.4469 7.96724
2.09017 -0.490896 11.1182
4.85717 1.2751 13.1132
5.30617 5.0471 13.7982
8.75917 6.5901 14.5072
7.92217 10.3251 14.9532
10.6322 10.6571 17.7062
13.4162 10.5921 15.0332
14.3002 13.3971 12.5362

16.7472 11.3201 10.3942
16.4382 8.1561 8.25224
19.6052 6.3891 6.96724
19.2282 3.7561 4.22324

22.3882 1.6331 4.66724
21.1792 -0.386896 1.63624
19.1682 0.416104 -1.51176
15.9752 -1.5489 -2.30776
14.8892 -2.1029 -5.97476
11.2432 -1.1309 -5.22976

10.7032 2.6461 -4.58176
7.23017 2.0981 -3.01876
8.93117 0.231104 -0.0987622
11.5502 3.0271 0.316238
8.71317 5.6551 0.470238
6.83317 3.4151 3.00524
10.0112 3.4081 5.18524
10.4852 7.2591 4.95324

6.78717 7.7341 5.97124
7.46117 5.8871 9.25524
9.08217 9.1671 10.5202
7.15017 11.6891 8.37524
3.76617 11.1961 10.1992
1.22617 13.3701 12.0822
3.15017 14.3121 15.2792
6.45817 15.0841 13.4572
7.68717 18.6841 14.1712
11.2092 18.6151 12.5582
12.3122 18.5781 8.87224

12.9342 14.8971 8.04924
16.4242 14.0761 6.71724
16.6862 11.0251 4.38224
20.2472 9.7731 3.64124
20.7512 7.0891 0.929238
24.1712 5.3941 1.43724
25.7042 4.3781 -1.96576

29.0932 2.8781 -2.98776
30.7942 3.3971 -6.41676
31.9002 0.032104 -7.94076
28.8772 -1.9429 -6.52276
25.2052 -2.9429 -7.14876

24.1932 0.641104 -6.06976
25.5122 1.9851 -9.45376
22.7322 -0.022896 -11.2638
20.0332 0.054104 -8.52976
19.9972 3.8681 -8.10976
19.1862 4.7101 -11.8238
16.6012 1.8231 -11.7738
14.8922 3.2601 -8.62976
14.9052 6.7731 -10.2468
13.2122 5.6901 -13.5288
10.6112 3.7651 -11.4138
9.76917 6.9001 -9.29476
9.40917 8.8921 -12.5668
6.93617 6.2471 -13.9318
5.01417 6.5131 -10.5998
5.02917 10.3771 -10.7638
3.80217 10.4611 -14.4338

0.929174 8.1391 -13.3168
0.129174 10.6811 -10.4718
1.20517 8.0801 -7.82776
4.22517 9.9871 -6.35176
5.40017 13.6021 -5.77976
8.85817 12.1631 -5.04476
11.3322 13.2991 -7.68976
14.7722 11.6271 -7.21676
16.6572 13.4331 -10.1058

17.6632 16.5221 -8.02376
19.7112 14.3331 -5.58076
22.0582 13.0161 -8.35976
22.9092 16.4131 -9.91876

24.1742 17.3721 -6.38876
26.6592 14.3991 -5.96576

End chain 1
