-13.201 -6.296 -53.957
-10.703 -3.406 -53.291
-9.54 -3.087 -49.639
-11.02 0.322 -48.639
-8.614 1.85 -46.053
-10.787 3.126 -43.162

-9.634 6.195 -41.181
-10.061 4.9 -37.589
-10.286 6.838 -34.306
-12.195 7.103 -30.979
-14.163 9.439 -28.711
-12.619 10.223 -25.263
-14.157 12.207 -22.344

-11.943 15.248 -21.466
-14.301 16.978 -18.949
-17.827 16.65 -17.399
-19.139 18.761 -20.353

-16.752 17.96 -23.312
-15.482 14.956 -25.281
-12.62 14.751 -27.824
-12.437 12.939 -31.204
-8.982 11.264 -31.393
-8.672 10.357 -35.1

-6.282 10.744 -38.079
-6.98 13.557 -40.6
-9.895 13.022 -43.051

-11.208 15.853 -45.293
-14.92 14.856 -45.011
-14.611 14.37 -41.226
-13.015 17.857 -40.827
-15.875 19.254 -42.999
-18.403 17.482 -40.669
-16.559 18.759 -37.515
-16.844 22.341 -38.957

-20.697 21.797 -39.029
-20.861 21.033 -35.24
-22.116 23.933 -33.104
-20.016 23.255 -29.939
-16.791 22.621 -31.971

-13.393 23.436 -30.391
-10.011 22.816 -32.063
-6.805 22.812 -29.99

-3.883 23.919 -32.209
-1.328 22.314 -29.773
-2.753 18.736 -29.691
-4.334 19.137 -33.217

-7.578 17.622 -31.79
-11.313 18.386 -31.995
-13.683 18.544 -28.991
-17.466 19.001 -28.65
-20.131 19.402 -25.91

-21.257 16.038 -24.476
-24.923 16.743 -25.497
-23.731 16.722 -29.178
-22.178 13.179 -28.839
-25.228 11.354 -30.322
-25.57 14.044 -33.093
-21.852 13.682 -34.021
-21.815 9.829 -34.037
-25.045 9.774 -36.128
-23.507 12.176 -38.75
-20.093 10.348 -38.803

-21.793 6.948 -39.527
-22.962 8.546 -42.834
-19.328 9.196 -43.991
-17.677 6.563 -46.261
-14.251 5.2 -45.121

-14.46 6.789 -41.562
-14.765 4.819 -38.279
-15.142 6.964 -35.114
-15.663 4.659 -32.101

-18.218 6.249 -29.657
-17.862 6.903 -25.912
-18.35 3.469 -24.195
-21.794 2.549 -22.772
-20.235 2.829 -19.255
-19.534 6.58 -19.812
-22.964 7.196 -21.431
-24.623 5.531 -18.378
-22.42 7.523 -15.909

-24.0721 10.4876 -17.4912
-25.0164 14.1404 -16.5111
-25.7652 17.6406 -17.9554

-24.2324 17.7176 -21.4321
-20.8601 16.6087 -20.0752
-22.4572 13.7139 -18.2012

-21.8402 17.3689 -17.0892
-21.3482 20.2229 -19.6292
-20.3202 22.3699 -16.5882
-17.2002 22.7729 -14.4002
-18.8562 22.1969 -11.0142
-16.0212 21.1539 -8.67218
-16.5572 17.9219 -6.62618

-20.0452 17.9589 -4.98618
-19.6242 18.7749 -1.28018
-19.4042 15.5989 0.80182
-22.6402 15.5659 2.88782
-22.1022 15.5129 6.66382
-23.1312 12.1179 8.05082

-25.5532 11.8169 10.9758
-23.2152 10.4179 13.6828
-25.9032 10.5859 16.4948
-25.9852 6.7259 16.6308
-22.1462 6.7159 17.1618
-20.6462 6.8729 20.6768

-20.3462 10.6409 21.6208
-16.8172 10.0759 23.0788
-15.6222 9.0359 19.5748
-17.5572 11.7519 17.6378
-16.2282 14.5749 19.9278
-12.5642 13.3869 19.5688

-12.5132 13.3889 15.7028
-10.2712 16.1539 14.2938

-11.9322 18.2589 11.4708
-10.0572 16.3499 8.70382
-10.8902 12.9689 10.3738
-14.6222 13.9739 10.3848
-14.3882 14.8849 6.65482
-12.7692 11.4219 6.05382
-15.6142 9.6419 7.95182
-18.1892 11.6509 5.89882
-16.3812 10.7319 2.60382
-16.2562 7.0259 3.59282
-20.0222 7.0579 4.43582
-20.8502 8.9099 1.14282

-18.7992 6.2119 -0.76418
-21.0402 3.6149 1.03782
-18.3382 2.2669 3.43782

-16.1782 0.919898 0.53382
-12.7822 2.6849 0.47082
-9.0352 2.5789 0.98682
-8.1212 5.1079 3.72882

-4.5202 5.7619 2.57982

-3.9612 8.7559 4.93282
-0.330203 9.1719 6.08482

1.1258 7.2819 9.10582
-0.187203 8.5229 12.4918
-3.0592 10.7359 11.0818
-5.5322 8.5479 13.1158

-6.6702 5.9209 10.5388
-7.8382 3.6479 13.4418
-10.1892 6.2809 15.0238
-11.7022 7.0729 11.5618
-12.1082 3.3049 10.7978
-13.8462 2.6089 14.1688
-16.2412 5.5629 13.5058
-17.0732 4.4219 9.90282
-17.6722 0.843898 11.1708
-19.7812 2.0869 14.1688
-22.0532 4.0979 11.7858

-22.7262 0.624898 10.2148

-23.2102 -1.1401 13.6888
-26.7122 -2.2901 12.4778
-24.8762 -4.3891 9.76982
-22.4522 -6.3011 12.1178
-20.8072 -8.8461 12.8778

-17.6002 -6.8811 12.1958
-14.3772 -8.5701 10.9768
-11.0612 -6.7611 11.7048
-7.9582 -8.1721 9.93082
-4.6552 -6.7901 11.3108

-0.876203 -7.4491 11.6938
-0.242203 -10.2531 14.2748
1.3178 -7.7381 16.8008
-1.5152 -5.0731 16.9068

-4.5842 -7.3011 17.7108
-4.7212 -6.1861 21.3828
-3.9802 -2.5351 20.3378
-7.1912 -2.7371 18.2138
-9.2402 -4.3301 21.0828
-8.0942 -1.5131 23.4368
-8.9352 1.0429 20.6768
-12.5482 -0.322102 20.4678
-12.9082 -0.293102 24.3188
-11.4222 3.2669 24.4308
-13.6492 4.7619 21.6858

-16.9472 2.7579 21.9478
-17.6772 2.5169 25.7638
-21.2142 1.3579 24.6558
-19.5902 -2.1341 24.1138
-18.8562 -4.7181 26.8248

-15.4582 -6.5371 26.5648
-17.4642 -9.7531 25.7878
-18.6062 -8.1001 22.4988

-14.9172 -8.2491 21.2838
-13.3312 -11.5571 20.1958
-9.5072 -11.4741 19.7888

-8.5282 -14.5491 17.7428
-5.1422 -15.7361 19.0798
-5.0272 -19.2701 17.5208
-6.2312 -21.2321 14.4428
-8.5952 -23.2531 16.7778
-10.6142 -20.2411 18.0248
-14.1782 -19.3501 16.8668
-13.9012 -16.4061 14.4088
-17.6422 -15.5351 14.9808
-17.7452 -15.5991 18.8348
-17.9342 -11.7651 19.2438
-19.9062 -8.8991 17.7028

-16.4142 -7.5731 16.7458
-13.8912 -10.2661 15.6728
-10.1622 -9.3311 15.5108
-7.8352 -11.7351 13.5948
-4.3552 -11.7281 11.9988

-3.4842 -12.1731 8.28482
-1.5832 -15.4421 9.08282
-4.6592 -16.9791 10.8208
-7.1262 -16.2021 7.92982

-5.7522 -19.1481 5.84782
-6.1132 -21.5061 8.89082
-9.6692 -20.1731 9.55282
-10.8402 -20.2481 5.84682
-13.5572 -22.8481 6.75182
-15.0692 -20.2691 9.21982
-14.7812 -17.3271 6.69682
-17.8972 -18.8661 4.98582
-20.0142 -16.8841 7.53282
-20.9202 -13.5701 5.75982
-19.1932 -10.6681 7.54982
-21.0622 -7.6481 6.06782

-18.5302 -5.1101 7.49982
-14.7622 -5.7311 7.13682
-11.8332 -3.5781 8.30982
-8.3432 -4.5431 7.06782

-5.4882 -2.6701 8.76682
-2.1672 -2.2981 6.85882

-3.8922 -3.7851 3.73882
-0.591203 -3.6401 1.73982
-0.0782031 -7.1751 3.25182
-2.6002 -8.2991 0.53182

-0.384203 -6.8691 -2.34618
0.312797 -10.3421 -3.90318
-2.7392 -12.4161 -5.02818
-0.820203 -15.7811 -4.93018
-0.212203 -15.5491 -1.13118

-2.3772 -17.7021 1.19982
-3.3942 -14.5551 3.22082
-4.6582 -12.8421 0.0148198
-6.4122 -16.0261 -1.29818
-8.2872 -16.3381 2.05982
-9.1392 -12.5701 2.37582
-10.2912 -11.7861 -1.21718
-13.5262 -13.9561 -1.29518
-14.7872 -12.2191 1.90882
-13.8302 -8.7051 0.64382
-15.7192 -9.2591 -2.67818
-18.9742 -10.3601 -0.86818

-18.8982 -8.0771 2.24282
-21.1982 -4.9751 2.00382

-18.6522 -2.5491 3.60382
-14.8452 -2.7801 3.07882
-12.5952 -0.356102 4.99782
-8.9712 -0.890102 3.88482
-6.2532 1.0459 5.79582

-2.5652 1.6319 4.88882
0.175797 4.2789 5.28082
1.8838 2.8679 2.17082
-0.828203 1.3449 -0.12418
1.9108 0.545898 -2.63718
5.3298 -0.389102 -1.16918
7.3528 -0.160102 -4.44818
5.2138 -0.618102 -7.65618

1.6878 -0.0211022 -9.17618
1.0288 -3.8291 -9.39318
0.771797 -3.9511 -5.51518
-2.4452 -1.8031 -5.67118
-4.4542 -4.2791 -7.82018
-5.7302 -6.4591 -4.90618
-6.8072 -3.3251 -2.93518
-8.5642 -1.8391 -6.05018
-10.5852 -5.0711 -6.66818
-11.3712 -5.3591 -2.90618
-12.9302 -1.8161 -2.88818

-14.4332 -2.0871 -6.46418
-14.8182 -5.8031 -7.54918
-15.9982 -4.6841 -11.0722
-12.7612 -2.7231 -11.8002
-10.1632 -4.6691 -13.8842
-11.7262 -8.2181 -13.5212
-8.4022 -9.6501 -14.8632

-4.9272 -8.4521 -13.7212
-3.5452 -8.4551 -17.3242
-5.6922 -5.4001 -18.3222
-4.3912 -3.4641 -15.2512
-0.791203 -4.6321 -15.9602
-0.854203 -3.5951 -19.6762
-2.0642 -0.0671022 -18.7222
-0.229203 0.746898 -15.4342

2.6638 -1.7841 -15.0562
4.3228 -1.3011 -18.5342
3.6748 -5.0101 -19.1502

6.2518 -6.6571 -21.4812
6.0028 -10.0051 -23.3232
9.2828 -11.8481 -22.5662

10.2788 -15.3301 -23.9942
9.2288 -16.8971 -20.6072

5.8728 -15.0041 -20.2002
4.7088 -11.5211 -19.1062
6.7988 -9.0961 -17.0242

4.7878 -6.6251 -14.8302
7.7188 -5.0091 -12.8712
7.3878 -1.6821 -14.7642
5.1688 1.4049 -14.4182
3.0408 3.4649 -16.8572
0.285797 6.1599 -16.9352

0.745797 6.8769 -13.1602
-1.0852 10.2749 -13.2592
-4.1852 8.4989 -14.7162
-3.8602 5.7849 -12.0122
-3.6792 8.5529 -9.31918
-6.8872 10.1909 -10.6882
-8.7202 6.7959 -10.7972
-7.6082 5.9729 -7.21018
-8.6672 9.3709 -5.72318
-12.0692 9.4209 -7.53618
-13.2462 5.8119 -7.00118

-11.0152 3.8099 -4.53518

-8.8822 5.8679 -2.15118
-8.9402 8.7619 0.31982

-5.3372 10.0039 0.85282
-4.0302 13.0049 2.84182
-0.455203 13.8399 3.81582

1.0708 15.3239 7.04382
1.6818 18.5279 5.02182
-2.0732 18.7769 4.12182
-3.5132 18.4069 7.68182

-0.702203 18.9019 10.3038
1.2588 22.1369 9.47282
2.6728 21.8999 13.0728
4.6778 18.6319 12.6568

8.4768 19.3259 12.6418
10.2298 18.5919 9.31782

11.8858 15.2219 8.57482
15.5018 16.0699 7.59682
17.0388 13.1799 5.59482
20.7178 12.6819 4.64782
23.0798 10.0729 3.24582
26.1208 9.3779 5.48682
28.9398 7.8239 3.43182

30.7198 5.6229 6.02282
34.4348 5.4419 5.21282

35.4188 2.2109 3.28982
39.0338 2.6819 4.61782
37.9958 0.489898 7.63982

36.9548 -2.2991 5.15482
40.0928 -4.4801 5.22082

41.5988 -5.7531 1.92282
40.2868 -9.3711 2.46382
36.6648 -8.1731 3.01482
36.9418 -5.8431 -0.0461802
38.3708 -8.6881 -2.19818
35.4328 -10.9051 -1.01318
32.8868 -8.1701 -2.01118
34.6838 -7.7721 -5.40118
34.5968 -11.5981 -5.83218
30.8238 -11.9071 -5.08418
30.1358 -8.8551 -7.35218
32.0908 -10.5311 -10.2392
30.3168 -13.8441 -9.44818
26.8198 -12.2921 -10.0322
27.9108 -10.9611 -13.5032

29.3908 -14.2911 -14.7552
27.5608 -15.3891 -17.9602
27.7018 -19.1691 -17.4252
25.8308 -19.3301 -14.0402
22.2578 -20.5581 -13.5332

19.4618 -18.1711 -12.3792
19.7808 -19.8331 -8.91618
23.6028 -19.3741 -8.62718
23.0518 -15.6721 -9.59818
20.4628 -15.3191 -6.72318
22.8308 -17.1391 -4.28618
25.7798 -14.8471 -5.24318
23.4288 -11.8091 -4.78718
22.4138 -13.0111 -1.26318
26.1288 -13.5921 -0.45618
27.0988 -10.0711 -1.72818
24.2718 -8.5321 0.38682
25.2268 -10.4811 3.58482
28.9598 -9.5641 3.01782
27.9098 -5.8741 2.65782
26.2588 -6.0631 6.11782
29.4188 -7.6441 7.68682
31.7188 -5.0831 5.95882
29.7198 -2.1091 7.40482
29.6668 -3.3051 11.1028
32.9538 -1.5521 12.2398
32.0168 1.8809 10.7678
28.3318 1.5259 11.8078
29.6728 0.977898 15.3788
32.1448 3.9209 14.9918
29.2178 6.1719 13.9088
26.9058 5.0199 16.7988
29.7108 5.7879 19.3098
30.3648 9.2379 17.6848
26.6158 10.0349 18.1608
26.7428 9.0239 21.8858
30.0678 10.8889 22.4758

28.4098 13.9679 20.7928
25.9298 13.9529 23.7668
22.7608 12.6559 21.9758
20.0668 11.7029 24.5038
17.8138 9.3539 22.3798

18.0328 7.7589 18.8988
16.8648 4.6829 16.9278
19.2348 2.3209 15.0528
17.6488 0.253898 12.2488
19.2698 -2.9011 10.7778

17.8878 -6.2021 9.30082
20.7658 -8.7461 9.35582

20.8968 -10.4301 12.8088
24.7598 -10.2281 12.8668
24.5298 -6.3711 12.6248
21.9268 -6.1861 15.4688
24.0878 -8.6211 17.5548
27.3528 -6.6391 17.0008
25.6758 -3.2601 17.8468
24.1228 -4.6891 21.0858
27.4588 -6.3221 22.1158
29.4008 -3.0191 21.6958
26.7148 -1.0061 23.6038
26.9328 -3.5971 26.4688
30.7948 -3.3731 26.3538

30.5068 0.481898 26.6098
27.8388 0.0498978 29.4108
25.2608 2.0099 27.3088
21.6568 1.3229 28.3778

19.6538 0.331898 25.2668
16.5688 -1.6361 24.1008
16.4908 -4.3531 21.3848
13.4888 -5.4541 19.2408

13.7548 -8.1761 16.5428
11.9218 -11.2721 15.1288
12.4998 -13.1891 18.4378
11.0658 -10.4401 20.7538
7.5528 -11.4451 21.9428
4.3898 -9.3491 21.2868
4.0168 -8.2411 24.9748

7.7748 -7.5991 25.5618
7.7658 -5.3741 22.3948
5.2048 -3.0421 24.0588
7.0538 -3.0971 27.4428
10.4898 -2.3091 25.8348
8.7488 0.459898 23.8118
7.4148 1.9479 27.1118
10.8918 1.5649 28.7648
12.5398 3.5809 25.8968
9.6918 6.1809 25.9468
9.6178 6.7449 29.7578

13.2508 6.0819 30.8918
15.8348 8.8639 30.2058
18.6378 6.2359 30.6558
17.8268 4.2319 27.4778
19.7958 6.2129 24.8568

19.6538 3.6889 21.9438
16.8938 1.5179 20.4648
18.3558 -1.3441 18.3348
15.4998 -2.2541 15.9618
14.9258 -4.7821 13.1738

13.6138 -2.8861 10.0728
11.1848 -5.7961 9.36382
10.1218 -6.6451 12.9608
9.6348 -3.0511 14.3278
7.9128 -1.5221 11.1948
4.4518 -1.9961 12.8828
2.4538 -1.0401 16.0338
5.2208 0.725898 18.0288
5.6698 4.4979 18.7138
9.1228 6.0409 19.4228
8.2858 9.7759 19.8688
10.9958 10.1079 22.6218
13.7798 10.0429 19.9488
14.6638 12.8479 17.4518

17.1108 10.7709 15.3098
16.8018 7.6069 13.1678
19.9688 5.8399 11.8828
19.5918 3.2069 9.13882

22.7518 1.0839 9.58282
21.5428 -0.936102 6.55182
19.5318 -0.133102 3.40382
16.3388 -2.0981 2.60782
15.2528 -2.6521 -1.05918
11.6068 -1.6801 -0.31418

11.0668 2.0969 0.33382
7.5938 1.5489 1.89682
9.2948 -0.318102 4.81682
11.9138 2.4779 5.23182
9.0768 5.1059 5.38582
7.1968 2.8659 7.92082
10.3748 2.8589 10.1008
10.8488 6.7099 9.86882

7.1508 7.1849 10.8868
7.8248 5.3379 14.1708
9.4458 8.6179 15.4358
7.5138 11.1399 13.2908
4.1298 10.6469 15.1148
1.5898 12.8209 16.9978
3.5138 13.7629 20.1948
6.8218 14.5349 18.3728
8.0508 18.1349 19.0868
11.5728 18.0659 17.4738
12.6758 18.0289 13.7878

13.2978 14.3479 12.9648
16.7878 13.5269 11.6328
17.0498 10.4759 9.29782
20.6108 9.2239 8.55682
21.1148 6.5399 5.84482
24.5348 4.8449 6.35282
26.0678 3.8289 2.94982

29.4568 2.3289 1.92782
31.1578 2.8479 -1.50118
32.2638 -0.517102 -3.02518
29.2408 -2.4921 -1.60718
25.5688 -3.4921 -2.23318

24.5568 0.0918978 -1.15418
25.8758 1.4359 -4.53818
23.0958 -0.572102 -6.34818
20.3968 -0.495102 -3.61418
20.3608 3.3189 -3.19418
19.5498 4.1609 -6.90818
16.9648 1.2739 -6.85818
15.2558 2.7109 -3.71418
15.2688 6.2239 -5.33118
13.5758 5.1409 -8.61318
10.9748 3.2159 -6.49818
10.1328 6.3509 -4.37918
9.7728 8.3429 -7.65118
7.2998 5.6979 -9.01618
5.3778 5.9639 -5.68418
5.3928 9.8279 -5.84818
4.1658 9.9119 -9.51818

1.2928 7.5899 -8.40118
0.492797 10.1319 -5.55618
1.5688 7.5309 -2.91218
4.5888 9.4379 -1.43618
5.7638 13.0529 -0.86418
9.2218 11.6139 -0.12918
11.6958 12.7499 -2.77418
15.1358 11.0779 -2.30118
17.0208 12.8839 -5.19018

18.0268 15.9729 -3.10818
20.0748 13.7839 -0.66518
22.4218 12.4669 -3.44418
23.2728 15.8639 -5.00318

24.5378 16.8229 -1.47318
27.0228 13.8499 -1.05018

End chain 1
