-13.201 -6.296 -53.957
-10.703 -3.406 -53.291
-9.54 -3.087 -49.639
-11.02 0.322 -48.639
-8.614 1.85 -46.053
-10.787 3.126 -43.162

-9.634 6.195 -41.181
-10.061 4.9 -37.589
-10.286 6.838 -34.306
-12.195 7.103 -30.979
-14.163 9.439 -28.711
-12.619 10.223 -25.263
-14.157 12.207 -22.344

-11.943 15.248 -21.466
-14.301 16.978 -18.949
-17.827 16.65 -17.399
-19.139 18.761 -20.353

-16.752 17.96 -23.312
-15.482 14.956 -25.281
-12.62 14.751 -27.824
-12.437 12.939 -31.204
-8.982 11.264 -31.393
-8.672 10.357 -35.1

-6.282 10.744 -38.079
-6.98 13.557 -40.6
-9.895 13.022 -43.051

-11.208 15.853 -45.293
-14.92 14.856 -45.011
-14.611 14.37 -41.226
-13.015 17.857 -40.827
-15.875 19.254 -42.999
-18.403 17.482 -40.669
-16.559 18.759 -37.515
-16.844 22.341 -38.957

-20.697 21.797 -39.029
-20.861 21.033 -35.24
-22.116 23.933 -33.104
-20.016 23.255 -29.939
-16.791 22.621 -31.971

-13.393 23.436 -30.391
-10.011 22.816 -32.063
-6.805 22.812 -29.99

-3.883 23.919 -32.209
-1.328 22.314 -29.773
-2.753 18.736 -29.691
-4.334 19.137 -33.217

-7.578 17.622 -31.79
-11.313 18.386 -31.995
-13.683 18.544 -28.991
-17.466 19.001 -28.65
-20.131 19.402 -25.91

-21.257 16.038 -24.476
-24.923 16.743 -25.497
-23.731 16.722 -29.178
-22.178 13.179 -28.839
-25.228 11.354 -30.322
-25.57 14.044 -33.093
-21.852 13.682 -34.021
-21.815 9.829 -34.037
-25.045 9.774 -36.128
-23.507 12.176 -38.75
-20.093 10.348 -38.803

-21.793 6.948 -39.527
-22.962 8.546 -42.834
-19.328 9.196 -43.991
-17.677 6.563 -46.261
-14.251 5.2 -45.121

-14.46 6.789 -41.562
-14.765 4.819 -38.279
-15.142 6.964 -35.114
-15.663 4.659 -32.101

-18.218 6.249 -29.657
-17.862 6.903 -25.912
-18.35 3.469 -24.195
-21.794 2.549 -22.772
-20.235 2.829 -19.255
-19.534 6.58 -19.812
-22.964 7.196 -21.431
-24.623 5.531 -18.378
-22.42 7.523 -15.909

-23.028 10.919 -17.654
-26.668 10.153 -18.714
-27.851 13.482 -17.123

-25.214 15.594 -18.963
-26 13.8 -22.296
-29.631 15.147 -21.909

-29.014 18.802 -20.797
-28.522 21.656 -23.337
-27.494 23.803 -20.296
-24.374 24.206 -18.108
-26.03 23.63 -14.722
-23.195 22.587 -12.38
-23.731 19.355 -10.334

-27.219 19.392 -8.694
-26.798 20.208 -4.988
-26.578 17.032 -2.906
-29.814 16.999 -0.82
-29.276 16.946 2.956
-30.305 13.551 4.343

-32.727 13.25 7.268
-30.389 11.851 9.975
-33.077 12.019 12.787
-33.159 8.159 12.923
-29.32 8.149 13.454
-27.82 8.306 16.969

-27.52 12.074 17.913
-23.991 11.509 19.371
-22.796 10.469 15.867
-24.731 13.185 13.93
-23.402 16.008 16.22
-19.738 14.82 15.861

-19.687 14.822 11.995
-17.445 17.587 10.586

-19.106 19.692 7.763
-17.231 17.783 4.996
-18.064 14.402 6.666
-21.796 15.407 6.677
-21.562 16.318 2.947
-19.943 12.855 2.346
-22.788 11.075 4.244
-25.363 13.084 2.191
-23.555 12.165 -1.104
-23.43 8.459 -0.115
-27.196 8.491 0.728
-28.024 10.343 -2.565

-25.973 7.645 -4.472
-28.214 5.048 -2.67
-25.512 3.7 -0.27

-23.352 2.353 -3.174
-19.956 4.118 -3.237
-16.209 4.012 -2.721
-15.295 6.541 0.021

-11.694 7.195 -1.128

-11.135 10.189 1.225
-7.504 10.605 2.377

-6.048 8.715 5.398
-7.361 9.956 8.784
-10.233 12.169 7.374
-12.706 9.981 9.408

-13.844 7.354 6.831
-15.012 5.081 9.734
-17.363 7.714 11.316
-18.876 8.506 7.854
-19.282 4.738 7.09
-21.02 4.042 10.461
-23.415 6.996 9.798
-24.247 5.855 6.195
-24.846 2.277 7.463
-26.955 3.52 10.461
-29.227 5.531 8.078

-29.9 2.058 6.507

-30.384 0.293 9.981
-33.886 -0.857 8.77
-32.05 -2.956 6.062
-29.626 -4.868 8.41
-27.981 -7.413 9.17

-24.774 -5.448 8.488
-21.551 -7.137 7.269
-18.235 -5.328 7.997
-15.132 -6.739 6.223
-11.829 -5.357 7.603

-8.05 -6.016 7.986
-7.416 -8.82 10.567
-5.856 -6.305 13.093
-8.689 -3.64 13.199

-11.758 -5.868 14.003
-11.895 -4.753 17.675
-11.154 -1.102 16.63
-14.365 -1.304 14.506
-16.414 -2.897 17.375
-15.268 -0.08 19.729
-16.109 2.476 16.969
-19.722 1.111 16.76
-20.082 1.14 20.611
-18.596 4.7 20.723
-20.823 6.195 17.978

-24.121 4.191 18.24
-24.851 3.95 22.056
-28.388 2.791 20.948
-26.764 -0.701 20.406
-26.03 -3.285 23.117

-22.632 -5.104 22.857
-24.638 -8.32 22.08
-25.78 -6.667 18.791

-22.091 -6.816 17.576
-20.505 -10.124 16.488
-16.681 -10.041 16.081

-13.1985 -10.981 14.8117
-11.4724 -8.48538 16.9371
-9.15335 -10.4625 19.2795
-8.47166 -11.4729 15.5991
-7.39086 -8.48261 13.4568
-6.98454 -7.19503 17.0406
-5.27984 -7.94104 20.2777
-2.46216 -5.97652 18.5221
-4.57449 -2.91405 17.594
-5.55064 -2.64184 21.168
-2.9556 -3.78206 23.5888
-1.17228 -1.23785 21.3082

-2.51674 2.23198 20.9212
-3.59658 5.75431 20.4716
-0.463901 7.77741 21.4185
1.40582 11.0245 21.7526
2.48806 12.7509 25.0625

3.35906 12.3059 21.3485
5.26006 9.03693 22.1465
2.18406 7.49993 23.8845
-0.282941 8.27693 20.9935

1.09106 5.33093 18.9115
0.730059 2.97293 21.9545
-2.82594 4.30593 22.6165
-3.99694 4.23093 18.9105
-6.71394 1.63093 19.8155
-8.22594 4.20993 22.2835
-7.93794 7.15193 19.7605
-11.0539 5.61293 18.0495
-13.1709 7.59493 20.5965
-14.0769 10.9089 18.8235
-12.3499 13.8109 20.6135
-14.2189 16.8309 19.1315

-11.6869 19.3689 20.5635
-7.91894 18.7479 20.2005
-4.98994 20.9009 21.3735
-1.49994 19.9359 20.1315

1.35506 21.8089 21.8305
4.67606 22.1809 19.9225

2.95106 20.6939 16.8025
6.25206 20.8389 14.8035
6.76506 17.3039 16.3155
4.24306 16.1799 13.5955

6.45906 17.6099 10.7175
7.15606 14.1369 9.1605
4.10406 12.0629 8.0355
6.02306 8.69793 8.1335
6.63106 8.92993 11.9325

4.46606 6.77693 14.2635
3.44906 9.92393 16.2845
2.18506 11.6369 13.0785
0.431059 8.45293 11.7655
-1.44394 8.14093 15.1235
-2.29594 11.9089 15.4395
-3.44794 12.6929 11.8465
-6.68294 10.5229 11.7685
-7.94394 12.2599 14.9725
-6.98694 15.7739 13.7075
-8.87594 15.2199 10.3855
-12.1309 14.1189 12.1955

-12.0549 16.4019 15.3065
-14.3549 19.5039 15.0675

-11.8089 21.9299 16.6675
-8.00194 21.6989 16.1425
-5.75194 24.1229 18.0615
-2.12794 23.5889 16.9485
0.590059 25.5249 18.8595

4.27806 26.1109 17.9525
7.01906 28.7579 18.3445
8.72706 27.3469 15.2345
6.01506 25.8239 12.9395
8.75406 25.0249 10.4265
12.1731 24.0899 11.8945
14.1961 24.3189 8.6155
12.0571 23.8609 5.4075

8.53106 24.4579 3.8875
7.87206 20.6499 3.6705
7.61506 20.5279 7.5485
4.39806 22.6759 7.3925
2.38906 20.1999 5.2435
1.11306 18.0199 8.1575
0.0360594 21.1539 10.1285
-1.72094 22.6399 7.0135
-3.74194 19.4079 6.3955
-4.52794 19.1199 10.1575
-6.08694 22.6629 10.1755

-7.58994 22.3919 6.5995
-7.97494 18.6759 5.5145
-9.15494 19.7949 1.9915
-5.91794 21.7559 1.2635
-3.31994 19.8099 -0.820502
-4.88294 16.2609 -0.457502
-1.55894 14.8289 -1.7995

1.91606 16.0269 -0.657502
3.29806 16.0239 -4.2605
1.15106 19.0789 -5.2585
2.45206 21.0149 -2.1875
6.05206 19.8469 -2.8965
5.98906 20.8839 -6.6125
4.77906 24.4119 -5.6585
6.61406 25.2259 -2.3705

9.50706 22.6949 -1.9925
11.1661 23.1779 -5.4705
10.5181 19.4689 -6.0865

13.0951 17.8219 -8.4175
12.8461 14.4739 -10.2595
16.1261 12.6309 -9.5025

17.1221 9.14893 -10.9305
16.0721 7.58193 -7.5435

12.7161 9.47493 -7.1365
11.5521 12.9579 -6.0425
13.6421 15.3829 -3.9605

11.6311 17.8539 -1.7665
14.5621 19.4699 0.192498
14.2311 22.7969 -1.7005
12.0121 25.8839 -1.3545
9.88406 27.9439 -3.7935
7.12906 30.6389 -3.8715

7.58906 31.3559 -0.0965023
5.75806 34.7539 -0.195502
2.65806 32.9779 -1.6525
2.98306 30.2639 1.0515
3.16406 33.0319 3.7445
-0.0439406 34.6699 2.3755
-1.87694 31.2749 2.2665
-0.764941 30.4519 5.8535
-1.82394 33.8499 7.3405
-5.22594 33.8999 5.5275
-6.40294 30.2909 6.0625

-4.17194 28.2889 8.5285

-2.03894 30.3469 10.9125
-2.09694 33.2409 13.3835

1.50606 34.4829 13.9165
2.81306 37.4839 15.9055
6.38806 38.3189 16.8795

7.91406 39.8029 20.1075
8.52506 43.0069 18.0855
4.77006 43.2559 17.1855
3.33006 42.8859 20.7455

6.14106 43.3809 23.3675
8.10206 46.6159 22.5365
9.51606 46.3789 26.1365
11.5211 43.1109 25.7205

15.3201 43.8049 25.7055
17.0731 43.0709 22.3815

18.7291 39.7009 21.6385
22.3451 40.5489 20.6605
23.8821 37.6589 18.6585
27.5611 37.1609 17.7115
29.9231 34.5519 16.3095
32.9641 33.8569 18.5505
35.7831 32.3029 16.4955

37.5631 30.1019 19.0865
41.2781 29.9209 18.2765

42.2621 26.6899 16.3535
45.8771 27.1609 17.6815
44.8391 24.9689 20.7035

43.7981 22.1799 18.2185
46.9361 19.9989 18.2845

48.4421 18.7259 14.9865
47.1301 15.1079 15.5275
43.5081 16.3059 16.0785
43.7851 18.6359 13.0175
45.2141 15.7909 10.8655
42.2761 13.5739 12.0505
39.7301 16.3089 11.0525
41.5271 16.7069 7.6625
41.4401 12.8809 7.2315
37.6671 12.5719 7.9795
36.9791 15.6239 5.7115
38.9341 13.9479 2.8245
37.1601 10.6349 3.6155
33.6631 12.1869 3.0315
34.7541 13.5179 -0.439502

36.2341 10.1879 -1.6915
34.4041 9.08993 -4.8965
34.5451 5.30993 -4.3615
32.6741 5.14893 -0.976502
29.1011 3.92093 -0.469502

26.3051 6.30793 0.684498
26.6241 4.64593 4.1475
30.4461 5.10493 4.4365
29.8951 8.80693 3.4655
27.3061 9.15993 6.3405
29.6741 7.33993 8.7775
32.6231 9.63193 7.8205
30.2721 12.6699 8.2765
29.2571 11.4679 11.8005
32.9721 10.8869 12.6075
33.9421 14.4079 11.3355
31.1151 15.9469 13.4505
32.0701 13.9979 16.6485
35.8031 14.9149 16.0815
34.7531 18.6049 15.7215
33.1021 18.4159 19.1815
36.2621 16.8349 20.7505
38.5621 19.3959 19.0225
36.5631 22.3699 20.4685
36.5101 21.1739 24.1665
39.7971 22.9269 25.3035
38.8601 26.3599 23.8315
35.1751 26.0049 24.8715
36.5161 25.4569 28.4425
38.9881 28.3999 28.0555
36.0611 30.6509 26.9725
33.7491 29.4989 29.8625
36.5541 30.2669 32.3735
37.2081 33.7169 30.7485
33.4591 34.5139 31.2245
33.5861 33.5029 34.9495
36.9111 35.3679 35.5395

35.2531 38.4469 33.8565
32.7731 38.4319 36.8305
29.6041 37.1349 35.0395
26.9101 36.1819 37.5675
24.6571 33.8329 35.4435

24.8761 32.2379 31.9625
23.7081 29.1619 29.9915
26.0781 26.7999 28.1165
24.4921 24.7329 25.3125
26.1131 21.5779 23.8415

24.7311 18.2769 22.3645
27.6091 15.7329 22.4195

27.7401 14.0489 25.8725
31.6031 14.2509 25.9305
31.3731 18.1079 25.6885
28.7701 18.2929 28.5325
30.9311 15.8579 30.6185
34.1961 17.8399 30.0645
32.5191 21.2189 30.9105
30.9661 19.7899 34.1495
34.3021 18.1569 35.1795
36.2441 21.4599 34.7595
33.5581 23.4729 36.6675
33.7761 20.8819 39.5325
37.6381 21.1059 39.4175

37.3501 24.9609 39.6735
34.6821 24.5289 42.4745
32.1041 26.4889 40.3725
28.5001 25.8019 41.4415

26.4971 24.8109 38.3305
23.4121 22.8429 37.1645
23.3341 20.1259 34.4485
20.3321 19.0249 32.3045

20.5981 16.3029 29.6065
18.7651 13.2069 28.1925
19.3431 11.2899 31.5015
17.9091 14.0389 33.8175
14.3961 13.0339 35.0065
11.2331 15.1299 34.3505
10.8601 16.2379 38.0385

14.6181 16.8799 38.6255
14.6091 19.1049 35.4585
12.0481 21.4369 37.1225
13.8971 21.3819 40.5065
17.3331 22.1699 38.8985
15.5921 24.9389 36.8755
14.2581 26.4269 40.1755
17.7351 26.0439 41.8285
19.3831 28.0599 38.9605
16.5351 30.6599 39.0105
16.4611 31.2239 42.8215

20.0941 30.5609 43.9555
22.6781 33.3429 43.2695
25.4811 30.7149 43.7195
24.6701 28.7109 40.5415
26.6391 30.6919 37.9205

26.4971 28.1679 35.0075
23.7371 25.9969 33.5285
25.1991 23.1349 31.3985
22.3431 22.2249 29.0255
21.7691 19.6969 26.2375

20.4571 21.5929 23.1365
18.0281 18.6829 22.4275
16.9651 17.8339 26.0245
16.4781 21.4279 27.3915
14.7561 22.9569 24.2585
11.2951 22.4829 25.9465
9.29706 23.4389 29.0975
12.0641 25.2049 31.0925
12.5131 28.9769 31.7775
15.9661 30.5199 32.4865
15.1291 34.2549 32.9325
17.8391 34.5869 35.6855
20.6231 34.5219 33.0125
21.5071 37.3269 30.5155

23.9541 35.2499 28.3735
23.6451 32.0859 26.2315
26.8121 30.3189 24.9465
26.4351 27.6859 22.2025

29.5951 25.5629 22.6465
28.3861 23.5429 19.6155
26.3751 24.3459 16.4675
23.1821 22.3809 15.6715
22.0961 21.8269 12.0045
18.4501 22.7989 12.7495

17.9101 26.5759 13.3975
14.4371 26.0279 14.9605
16.1381 24.1609 17.8805
18.7571 26.9569 18.2955
15.9201 29.5849 18.4495
14.0401 27.3449 20.9845
17.2181 27.3379 23.1645
17.6921 31.1889 22.9325

13.9941 31.6639 23.9505
14.6681 29.8169 27.2345
16.2891 33.0969 28.4995
14.3571 35.6189 26.3545
10.9731 35.1259 28.1785
8.43306 37.2999 30.0615
10.3571 38.2419 33.2585
13.6651 39.0139 31.4365
14.8941 42.6139 32.1505
18.4161 42.5449 30.5375
19.5191 42.5079 26.8515

20.1411 38.8269 26.0285
23.6311 38.0059 24.6965
23.8931 34.9549 22.3615
27.4541 33.7029 21.6205
27.9581 31.0189 18.9085
31.3781 29.3239 19.4165
32.9111 28.3079 16.0135

36.3001 26.8079 14.9915
38.0011 27.3269 11.5625
39.1071 23.9619 10.0385
36.0841 21.9869 11.4565
32.4121 20.9869 10.8305

31.4001 24.5709 11.9095
32.7191 25.9149 8.5255
29.9391 23.9069 6.7155
27.2401 23.9839 9.4495
27.2041 27.7979 9.8695
26.3931 28.6399 6.1555
23.8081 25.7529 6.2055
22.0991 27.1899 9.3495
22.1121 30.7029 7.7325
20.4191 29.6199 4.4505
17.8181 27.6949 6.5655
16.9761 30.8299 8.6845
16.6161 32.8219 5.4125
14.1431 30.1769 4.0475
12.2211 30.4429 7.3795
12.2361 34.3069 7.2155
11.0091 34.3909 3.5455

8.13606 32.0689 4.6625
7.33606 34.6109 7.5075
8.41206 32.0099 10.1515
11.4321 33.9169 11.6275
12.6071 37.5319 12.1995
16.0651 36.0929 12.9345
18.5391 37.2289 10.2895
21.9791 35.5569 10.7625
23.8641 37.3629 7.8735

24.8701 40.4519 9.9555
26.9181 38.2629 12.3985
29.2651 36.9459 9.6195
30.1161 40.3429 8.0605

31.3811 41.3019 11.5905
33.8661 38.3289 12.0135

End chain 1
