-13.201 -6.296 -53.957
-10.703 -3.406 -53.291
-9.54 -3.087 -49.639
-11.02 0.322 -48.639
-8.614 1.85 -46.053
-10.787 3.126 -43.162

-9.634 6.195 -41.181
-10.061 4.9 -37.589
-10.286 6.838 -34.306
-12.195 7.103 -30.979
-14.163 9.439 -28.711
-12.619 10.223 -25.263
-14.157 12.207 -22.344

-11.943 15.248 -21.466
-14.301 16.978 -18.949
-17.827 16.65 -17.399
-19.139 18.761 -20.353

-16.752 17.96 -23.312
-15.482 14.956 -25.281
-12.62 14.751 -27.824
-12.437 12.939 -31.204
-8.982 11.264 -31.393
-8.672 10.357 -35.1

-6.282 10.744 -38.079
-6.98 13.557 -40.6
-9.895 13.022 -43.051

-11.208 15.853 -45.293
-14.92 14.856 -45.011
-14.611 14.37 -41.226
-13.015 17.857 -40.827
-15.875 19.254 -42.999
-18.403 17.482 -40.669
-16.559 18.759 -37.515
-16.844 22.341 -38.957

-20.697 21.797 -39.029
-20.861 21.033 -35.24
-22.116 23.933 -33.104
-20.016 23.255 -29.939
-16.791 22.621 -31.971

-13.393 23.436 -30.391
-10.011 22.816 -32.063
-6.805 22.812 -29.99

-3.883 23.919 -32.209
-1.328 22.314 -29.773
-2.753 18.736 -29.691
-4.334 19.137 -33.217

-7.578 17.622 -31.79
-11.313 18.386 -31.995
-13.683 18.544 -28.991
-17.466 19.001 -28.65
-20.131 19.402 -25.91

-21.257 16.038 -24.476
-24.923 16.743 -25.497
-23.731 16.722 -29.178
-22.178 13.179 -28.839
-25.228 11.354 -30.322
-25.57 14.044 -33.093
-21.852 13.682 -34.021
-21.815 9.829 -34.037
-25.045 9.774 -36.128
-23.507 12.176 -38.75
-20.093 10.348 -38.803

-21.793 6.948 -39.527
-22.962 8.546 -42.834
-19.328 9.196 -43.991
-17.677 6.563 -46.261
-14.251 5.2 -45.121

-14.46 6.789 -41.562
-14.765 4.819 -38.279
-15.142 6.964 -35.114
-15.663 4.659 -32.101

-18.218 6.249 -29.657
-17.862 6.903 -25.912
-18.35 3.469 -24.195
-21.794 2.549 -22.772
-20.235 2.829 -19.255
-19.534 6.58 -19.812
-22.964 7.196 -21.431
-24.623 5.531 -18.378
-22.42 7.523 -15.909

-23.028 10.919 -17.654
-26.668 10.153 -18.714
-27.851 13.482 -17.123

-25.214 15.594 -18.963
-26 13.8 -22.296
-29.631 15.147 -21.909

-29.014 18.802 -20.797
-28.522 21.656 -23.337
-27.494 23.803 -20.296
-24.374 24.206 -18.108
-26.03 23.63 -14.722
-23.195 22.587 -12.38
-23.731 19.355 -10.334

-27.219 19.392 -8.694
-26.798 20.208 -4.988
-26.578 17.032 -2.906
-29.814 16.999 -0.82
-29.276 16.946 2.956
-30.305 13.551 4.343

-32.727 13.25 7.268
-30.389 11.851 9.975
-33.077 12.019 12.787
-33.159 8.159 12.923
-29.32 8.149 13.454
-27.82 8.306 16.969

-27.52 12.074 17.913
-23.991 11.509 19.371
-22.796 10.469 15.867
-24.731 13.185 13.93
-23.402 16.008 16.22
-19.738 14.82 15.861

-19.687 14.822 11.995
-17.445 17.587 10.586

-19.106 19.692 7.763
-17.231 17.783 4.996
-18.064 14.402 6.666
-21.796 15.407 6.677
-21.562 16.318 2.947
-19.943 12.855 2.346
-22.788 11.075 4.244
-25.363 13.084 2.191
-23.555 12.165 -1.104
-23.43 8.459 -0.115
-27.196 8.491 0.728
-28.024 10.343 -2.565

-25.6913 8.1367 -4.42929
-28.0867 5.20041 -4.82864
-26.3653 3.15431 -7.50596

-25.9712 -0.0911753 -5.58992
-25.9368 -3.82458 -5.3191
-24.8025 -7.21254 -4.05226
-24.14 -5.58868 -0.626372

-20.539 -4.93468 -1.77537

-19.98 -1.94068 0.577628
-16.349 -1.52468 1.72963

-14.893 -3.41468 4.75063
-16.206 -2.17368 8.13663
-19.078 0.0393234 6.72663
-21.551 -2.14868 8.76063

-22.689 -4.77568 6.18363
-23.857 -7.04868 9.08663
-26.208 -4.41568 10.6686
-27.721 -3.62368 7.20663
-28.127 -7.39168 6.44263
-29.865 -8.08768 9.81363
-32.26 -5.13368 9.15063
-33.092 -6.27468 5.54763
-33.691 -9.85268 6.81563
-35.8 -8.60968 9.81363
-38.072 -6.59868 7.43063

-38.745 -10.0717 5.85963

-39.229 -11.8367 9.33363
-42.731 -12.9867 8.12263
-40.895 -15.0857 5.41463
-38.471 -16.9977 7.76263
-36.826 -19.5427 8.52263

-33.619 -17.5777 7.84063
-30.396 -19.2667 6.62163
-27.08 -17.4577 7.34963
-23.977 -18.8687 5.57563
-20.674 -17.4867 6.95563

-16.895 -18.1457 7.33863
-16.261 -20.9497 9.91963
-14.701 -18.4347 12.4456
-17.534 -15.7697 12.5516

-20.603 -17.9977 13.3556
-20.74 -16.8827 17.0276
-19.999 -13.2317 15.9826
-23.21 -13.4337 13.8586
-25.259 -15.0267 16.7276
-24.113 -12.2097 19.0816
-24.954 -9.65368 16.3216
-28.567 -11.0187 16.1126
-28.927 -10.9897 19.9636
-27.441 -7.42968 20.0756
-29.668 -5.93468 17.3306

-32.966 -7.93868 17.5926
-33.696 -8.17968 21.4086
-37.233 -9.33868 20.3006
-35.609 -12.8307 19.7586
-34.875 -15.4147 22.4696

-31.477 -17.2337 22.2096
-33.483 -20.4497 21.4326
-34.625 -18.7967 18.1436

-30.936 -18.9457 16.9286
-29.35 -22.2537 15.8406
-25.526 -22.1707 15.4336

-24.547 -25.2457 13.3876
-21.161 -26.4327 14.7246
-21.046 -29.9667 13.1656
-22.25 -31.9287 10.0876
-24.614 -33.9497 12.4226
-26.633 -30.9377 13.6696
-30.197 -30.0467 12.5116
-29.92 -27.1027 10.0536
-33.661 -26.2317 10.6256
-33.764 -26.2957 14.4796
-33.953 -22.4617 14.8886
-35.925 -19.5957 13.3476

-32.433 -18.2697 12.3906
-29.91 -20.9627 11.3176
-26.181 -20.0277 11.1556
-23.854 -22.4317 9.23963
-20.374 -22.4247 7.64363

-19.503 -22.8697 3.92963
-17.602 -26.1387 4.72763
-20.678 -27.6757 6.46563
-23.145 -26.8987 3.57463

-21.771 -29.8447 1.49263
-22.132 -32.2027 4.53563
-25.688 -30.8697 5.19763
-26.859 -30.9447 1.49163
-29.576 -33.5447 2.39663
-31.088 -30.9657 4.86463
-30.8 -28.0237 2.34163
-33.916 -29.5627 0.630628
-36.033 -27.5807 3.17763
-36.939 -24.2667 1.40463
-35.212 -21.3647 3.19463
-37.081 -18.3447 1.71263

-34.549 -15.8067 3.14463
-30.781 -16.4277 2.78163
-27.852 -14.2747 3.95463
-24.362 -15.2397 2.71263

-21.507 -13.3667 4.41163
-18.186 -12.9947 2.50363

-19.911 -14.4817 -0.616372
-16.61 -14.3367 -2.61537
-16.097 -17.8717 -1.10337
-18.619 -18.9957 -3.82337

-16.403 -17.5657 -6.70137
-15.706 -21.0387 -8.25837
-18.758 -23.1127 -9.38337
-16.839 -26.4777 -9.28537
-16.231 -26.2457 -5.48637

-18.396 -28.3987 -3.15537
-19.413 -25.2517 -1.13437
-20.677 -23.5387 -4.34037
-22.431 -26.7227 -5.65337
-24.306 -27.0347 -2.29537
-25.158 -23.2667 -1.97937
-26.31 -22.4827 -5.57237
-29.545 -24.6527 -5.65037
-30.806 -22.9157 -2.44637
-29.849 -19.4017 -3.71137
-31.738 -19.9557 -7.03337
-34.993 -21.0567 -5.22337

-34.917 -18.7737 -2.11237
-37.217 -15.6717 -2.35137

-34.671 -13.2457 -0.751372
-30.864 -13.4767 -1.27637
-28.614 -11.0527 0.642628
-24.99 -11.5867 -0.470372
-22.272 -9.65068 1.44063

-18.584 -9.06468 0.533628
-15.843 -6.41768 0.925628
-14.135 -7.82868 -2.18437
-16.847 -9.35168 -4.47937
-14.108 -10.1507 -6.99237
-10.689 -11.0857 -5.52437
-8.66597 -10.8567 -8.80337
-10.805 -11.3147 -12.0114

-14.331 -10.7177 -13.5314
-14.99 -14.5257 -13.7484
-15.247 -14.6477 -9.87037
-18.464 -12.4997 -10.0264
-20.473 -14.9757 -12.1754
-21.749 -17.1557 -9.26137
-22.826 -14.0217 -7.29037
-24.583 -12.5357 -10.4054
-26.604 -15.7677 -11.0234
-27.39 -16.0557 -7.26137
-28.949 -12.5127 -7.24337

-30.452 -12.7837 -10.8194
-30.837 -16.4997 -11.9044
-32.017 -15.3807 -15.4274
-28.78 -13.4197 -16.1554
-26.182 -15.3657 -18.2394
-27.745 -18.9147 -17.8764
-24.421 -20.3467 -19.2184

-20.946 -19.1487 -18.0764
-19.564 -19.1517 -21.6794
-21.711 -16.0967 -22.6774
-20.41 -14.1607 -19.6064
-16.81 -15.3287 -20.3154
-16.873 -14.2917 -24.0314
-18.083 -10.7637 -23.0774
-16.248 -9.94968 -19.7894

-13.355 -12.4807 -19.4114
-11.696 -11.9977 -22.8894
-12.344 -15.7067 -23.5054

-9.76697 -17.3537 -25.8364
-10.016 -20.7017 -27.6784
-6.73597 -22.5447 -26.9214

-5.73997 -26.0267 -28.3494
-6.78997 -27.5937 -24.9624

-10.146 -25.7007 -24.5554
-11.31 -22.2177 -23.4614
-9.21997 -19.7927 -21.3794

-11.231 -17.3217 -19.1854
-8.29997 -15.7057 -17.2264
-8.63097 -12.3787 -19.1194
-10.85 -9.29168 -18.7734
-12.978 -7.23168 -21.2124
-15.733 -4.53668 -21.2904

-15.273 -3.81968 -17.5154
-17.104 -0.421677 -17.6144
-20.204 -2.19768 -19.0714
-19.879 -4.91168 -16.3674
-19.698 -2.14368 -13.6744
-22.906 -0.505677 -15.0434
-24.739 -3.90068 -15.1524
-23.627 -4.72368 -11.5654
-24.686 -1.32568 -10.0784
-28.088 -1.27568 -11.8914
-29.265 -4.88468 -11.3564

-27.034 -6.88668 -8.89037

-24.901 -4.82868 -6.50637
-24.959 -1.93468 -4.03537

-21.356 -0.692677 -3.50237
-20.049 2.30832 -1.51337
-16.474 3.14332 -0.539372

-14.948 4.62732 2.68863
-14.337 7.83132 0.666628
-18.092 8.08032 -0.233372
-19.532 7.71032 3.32663

-16.721 8.20532 5.94863
-14.76 11.4403 5.11763
-13.346 11.2033 8.71763
-11.341 7.93532 8.30163

-7.54197 8.62932 8.28663
-5.78897 7.89532 4.96263

-4.13297 4.52532 4.21963
-0.516974 5.37332 3.24163
1.02003 2.48332 1.23963
4.69903 1.98532 0.292628
7.06103 -0.623677 -1.10937
10.102 -1.31868 1.13163
12.921 -2.87268 -0.923372

14.701 -5.07368 1.66763
18.416 -5.25468 0.857628

19.4 -8.48568 -1.06537
23.015 -8.01468 0.262628
21.977 -10.2067 3.28463

20.936 -12.9957 0.799628
24.074 -15.1767 0.865628

25.58 -16.4497 -2.43237
24.268 -20.0677 -1.89137
20.646 -18.8697 -1.34037
20.923 -16.5397 -4.40137
22.352 -19.3847 -6.55337
19.414 -21.6017 -5.36837
16.868 -18.8667 -6.36637
18.665 -18.4687 -9.75637
18.578 -22.2947 -10.1874
14.805 -22.6037 -9.43937
14.117 -19.5517 -11.7074
16.072 -21.2277 -14.5944
14.298 -24.5407 -13.8034
10.801 -22.9887 -14.3874
11.892 -21.6577 -17.8584

13.372 -24.9877 -19.1104
11.542 -26.0857 -22.3154
11.683 -29.8657 -21.7804
9.81203 -30.0267 -18.3954
6.23903 -31.2547 -17.8884

3.44303 -28.8677 -16.7344
3.76203 -30.5297 -13.2714
7.58403 -30.0707 -12.9824
7.03303 -26.3687 -13.9534
4.44403 -26.0157 -11.0784
6.81203 -27.8357 -8.64137
9.76103 -25.5437 -9.59837
7.41003 -22.5057 -9.14237
6.39503 -23.7077 -5.61837
10.11 -24.2887 -4.81137
11.08 -20.7677 -6.08337
8.25303 -19.2287 -3.96837
9.20803 -21.1777 -0.770372
12.941 -20.2607 -1.33737
11.891 -16.5707 -1.69737
10.24 -16.7597 1.76263
13.4 -18.3407 3.33163
15.7 -15.7797 1.60363
13.701 -12.8057 3.04963
13.648 -14.0017 6.74763
16.935 -12.2487 7.88463
15.998 -8.81568 6.41263
12.313 -9.17068 7.45263
13.654 -9.71868 11.0236
16.126 -6.77568 10.6366
13.199 -4.52468 9.55363
10.887 -5.67668 12.4436
13.692 -4.90868 14.9546
14.346 -1.45868 13.3296
10.597 -0.661677 13.8056
10.724 -1.67268 17.5306
14.049 0.192323 18.1206

12.391 3.27132 16.4376
9.91103 3.25632 19.4116
6.74203 1.95932 17.6206
4.04803 1.00632 20.1486
1.79503 -1.34268 18.0246

2.01403 -2.93768 14.5436
0.846026 -6.01368 12.5726
3.21603 -8.37568 10.6976
1.63003 -10.4427 7.89363
3.25103 -13.5977 6.42263

1.86903 -16.8987 4.94563
4.74703 -19.4427 5.00063

4.87803 -21.1267 8.45363
8.74103 -20.9247 8.51163
8.51103 -17.0677 8.26963
5.90803 -16.8827 11.1136
8.06903 -19.3177 13.1996
11.334 -17.3357 12.6456
9.65703 -13.9567 13.4916
8.10403 -15.3857 16.7306
11.44 -17.0187 17.7606
13.382 -13.7157 17.3406
10.696 -11.7027 19.2486
10.914 -14.2937 22.1136
14.776 -14.0697 21.9986

14.488 -10.2147 22.2546
11.82 -10.6467 25.0556
9.24203 -8.68668 22.9536
5.63803 -9.37368 24.0226

3.63503 -10.3647 20.9116
0.550026 -12.3327 19.7456
0.472026 -15.0497 17.0296
-2.52997 -16.1507 14.8856

-2.26397 -18.8727 12.1876
-4.09697 -21.9687 10.7736
-3.51897 -23.8857 14.0826
-4.95297 -21.1367 16.3986
-8.46597 -22.1417 17.5876
-11.629 -20.0457 16.9316
-12.002 -18.9377 20.6196

-8.24397 -18.2957 21.2066
-8.25297 -16.0707 18.0396
-10.814 -13.7387 19.7036
-8.96497 -13.7937 23.0876
-5.52897 -13.0057 21.4796
-7.26997 -10.2367 19.4566
-8.60397 -8.74868 22.7566
-5.12697 -9.13168 24.4096
-3.47897 -7.11568 21.5416
-6.32697 -4.51568 21.5916
-6.40097 -3.95168 25.4026

-2.76797 -4.61468 26.5366
-0.183974 -1.83268 25.8506
2.61903 -4.46068 26.3006
1.80803 -6.46468 23.1226
3.77703 -4.48368 20.5016

3.63503 -7.00768 17.5886
0.875026 -9.17868 16.1096
2.33703 -12.0407 13.9796
-0.518974 -12.9507 11.6066
-1.09297 -15.4787 8.81863

-2.40497 -13.5827 5.71763
-4.83397 -16.4927 5.00863
-5.89697 -17.3417 8.60563
-6.38397 -13.7477 9.97263
-8.10597 -12.2187 6.83963
-11.567 -12.6927 8.52763
-13.565 -11.7367 11.6786
-10.798 -9.97068 13.6736
-10.349 -6.19868 14.3586
-6.89597 -4.65568 15.0676
-7.73297 -0.920677 15.5136
-5.02297 -0.588677 18.2666
-2.23897 -0.653677 15.5936
-1.35497 2.15132 13.0966

1.09203 0.0743234 10.9546
0.783026 -3.08968 8.81263
3.95003 -4.85668 7.52763
3.57303 -7.48968 4.78363

6.73303 -9.61268 5.22763
5.52403 -11.6327 2.19663
3.51303 -10.8297 -0.951372
0.320026 -12.7947 -1.74737
-0.765974 -13.3487 -5.41437
-4.41197 -12.3767 -4.66937

-4.95197 -8.59968 -4.02137
-8.42497 -9.14768 -2.45837
-6.72397 -11.0147 0.461628
-4.10497 -8.21868 0.876628
-6.94197 -5.59068 1.03063
-8.82197 -7.83068 3.56563
-5.64397 -7.83768 5.74563
-5.16997 -3.98668 5.51363

-8.86797 -3.51168 6.53163
-8.19397 -5.35868 9.81563
-6.57297 -2.07868 11.0806
-8.50497 0.443323 8.93563
-11.889 -0.0496766 10.7596
-14.429 2.12432 12.6426
-12.505 3.06632 15.8396
-9.19697 3.83832 14.0176
-7.96797 7.43832 14.7316
-4.44597 7.36932 13.1186
-3.34297 7.33232 9.43263

-2.72097 3.65132 8.60963
0.769026 2.83032 7.27763
1.03103 -0.220677 4.94263
4.59203 -1.47268 4.20163
5.09603 -4.15668 1.48963
8.51603 -5.85168 1.99763
10.049 -6.86768 -1.40537

13.438 -8.36768 -2.42737
15.139 -7.84868 -5.85637
16.245 -11.2137 -7.38037
13.222 -13.1887 -5.96237
9.55003 -14.1887 -6.58837

8.53803 -10.6047 -5.50937
9.85703 -9.26068 -8.89337
7.07703 -11.2687 -10.7034
4.37803 -11.1917 -7.96937
4.34203 -7.37768 -7.54937
3.53103 -6.53568 -11.2634
0.946026 -9.42268 -11.2134
-0.762974 -7.98568 -8.06937
-0.749974 -4.47268 -9.68637
-2.44297 -5.55568 -12.9684
-5.04397 -7.48068 -10.8534
-5.88597 -4.34568 -8.73437
-6.24597 -2.35368 -12.0064
-8.71897 -4.99868 -13.3714
-10.641 -4.73268 -10.0394
-10.626 -0.868677 -10.2034
-11.853 -0.784677 -13.8734

-14.726 -3.10668 -12.7564
-15.526 -0.564677 -9.91137
-14.45 -3.16568 -7.26737
-11.43 -1.25868 -5.79137
-10.255 2.35632 -5.21937
-6.79697 0.917323 -4.48437
-4.32297 2.05332 -7.12937
-0.882974 0.381323 -6.65637
1.00203 2.18732 -9.54537

2.00803 5.27632 -7.46337
4.05603 3.08732 -5.02037
6.40303 1.77032 -7.79937
7.25403 5.16732 -9.35837

8.51903 6.12632 -5.82837
11.004 3.15332 -5.40537

End chain 1
