-13.201 -6.296 -53.957
-10.703 -3.406 -53.291
-9.54 -3.087 -49.639
-11.02 0.322 -48.639
-8.614 1.85 -46.053
-10.787 3.126 -43.162

-9.634 6.195 -41.181
-10.061 4.9 -37.589
-10.286 6.838 -34.306
-12.195 7.103 -30.979
-14.163 9.439 -28.711
-12.619 10.223 -25.263
-14.157 12.207 -22.344

-11.943 15.248 -21.466
-14.301 16.978 -18.949
-17.827 16.65 -17.399
-19.139 18.761 -20.353

-16.752 17.96 -23.312
-15.482 14.956 -25.281
-12.62 14.751 -27.824
-12.437 12.939 -31.204
-8.982 11.264 -31.393
-8.672 10.357 -35.1

-6.282 10.744 -38.079
-6.98 13.557 -40.6
-9.895 13.022 -43.051

-11.208 15.853 -45.293
-14.92 14.856 -45.011
-14.611 14.37 -41.226
-13.015 17.857 -40.827
-15.875 19.254 -42.999
-18.403 17.482 -40.669
-16.559 18.759 -37.515
-16.844 22.341 -38.957

-20.697 21.797 -39.029
-20.861 21.033 -35.24
-22.116 23.933 -33.104
-20.016 23.255 -29.939
-16.791 22.621 -31.971

-13.393 23.436 -30.391
-10.011 22.816 -32.063
-6.805 22.812 -29.99

-3.883 23.919 -32.209
-1.328 22.314 -29.773
-2.753 18.736 -29.691
-4.334 19.137 -33.217

-7.578 17.622 -31.79
-11.313 18.386 -31.995
-13.683 18.544 -28.991
-17.466 19.001 -28.65
-20.131 19.402 -25.91

-21.257 16.038 -24.476
-24.923 16.743 -25.497
-23.731 16.722 -29.178
-22.178 13.179 -28.839
-25.228 11.354 -30.322
-25.57 14.044 -33.093
-21.852 13.682 -34.021
-21.815 9.829 -34.037
-25.045 9.774 -36.128
-23.507 12.176 -38.75
-20.093 10.348 -38.803

-21.793 6.948 -39.527
-22.962 8.546 -42.834
-19.328 9.196 -43.991
-17.677 6.563 -46.261
-14.251 5.2 -45.121

-14.46 6.789 -41.562
-14.765 4.819 -38.279
-15.142 6.964 -35.114
-15.663 4.659 -32.101

-18.218 6.249 -29.657
-17.862 6.903 -25.912
-18.35 3.469 -24.195
-21.794 2.549 -22.772
-20.235 2.829 -19.255
-19.534 6.58 -19.812
-22.964 7.196 -21.431
-24.623 5.531 -18.378
-22.42 7.523 -15.909

-23.028 10.919 -17.654
-26.668 10.153 -18.714
-27.851 13.482 -17.123

-25.214 15.594 -18.963
-26 13.8 -22.296
-29.631 15.147 -21.909

-29.014 18.802 -20.797
-28.522 21.656 -23.337
-27.494 23.803 -20.296
-24.374 24.206 -18.108
-26.03 23.63 -14.722
-23.195 22.587 -12.38
-23.731 19.355 -10.334

-27.219 19.392 -8.694
-26.798 20.208 -4.988
-26.578 17.032 -2.906
-29.814 16.999 -0.82
-29.276 16.946 2.956
-30.305 13.551 4.343

-32.727 13.25 7.268
-30.389 11.851 9.975
-33.077 12.019 12.787
-33.159 8.159 12.923
-29.32 8.149 13.454
-27.82 8.306 16.969

-27.52 12.074 17.913
-23.991 11.509 19.371
-22.796 10.469 15.867
-24.731 13.185 13.93
-23.402 16.008 16.22
-19.738 14.82 15.861

-19.687 14.822 11.995
-17.445 17.587 10.586

-19.106 19.692 7.763
-17.231 17.783 4.996
-18.064 14.402 6.666
-21.796 15.407 6.677
-21.562 16.318 2.947
-19.943 12.855 2.346
-22.788 11.075 4.244
-25.363 13.084 2.191
-23.555 12.165 -1.104
-23.43 8.459 -0.115
-27.196 8.491 0.728
-28.024 10.343 -2.565

-25.973 7.645 -4.472
-28.214 5.048 -2.67
-25.512 3.7 -0.27

-23.352 2.353 -3.174
-19.956 4.118 -3.237
-16.209 4.012 -2.721
-15.295 6.541 0.021

-11.694 7.195 -1.128

-11.135 10.189 1.225
-7.504 10.605 2.377

-6.048 8.715 5.398
-7.361 9.956 8.784
-10.233 12.169 7.374
-12.706 9.981 9.408

-13.844 7.354 6.831
-15.012 5.081 9.734
-17.363 7.714 11.316
-18.876 8.506 7.854
-19.282 4.738 7.09
-21.02 4.042 10.461
-23.415 6.996 9.798
-24.247 5.855 6.195
-24.846 2.277 7.463
-26.955 3.52 10.461
-29.227 5.531 8.078

-29.9 2.058 6.507

-30.384 0.293 9.981
-33.886 -0.857 8.77
-32.05 -2.956 6.062
-29.626 -4.868 8.41
-27.981 -7.413 9.17

-24.774 -5.448 8.488
-21.551 -7.137 7.269
-18.235 -5.328 7.997
-15.132 -6.739 6.223
-11.829 -5.357 7.603

-8.05 -6.016 7.986
-7.416 -8.82 10.567
-5.856 -6.305 13.093
-8.689 -3.64 13.199

-11.758 -5.868 14.003
-11.895 -4.753 17.675
-11.154 -1.102 16.63
-14.365 -1.304 14.506
-16.414 -2.897 17.375
-15.268 -0.08 19.729
-16.109 2.476 16.969
-19.722 1.111 16.76
-20.082 1.14 20.611
-18.596 4.7 20.723
-20.823 6.195 17.978

-24.121 4.191 18.24
-24.851 3.95 22.056
-28.388 2.791 20.948
-26.764 -0.701 20.406
-26.03 -3.285 23.117

-22.632 -5.104 22.857
-24.638 -8.32 22.08
-25.78 -6.667 18.791

-22.091 -6.816 17.576
-20.505 -10.124 16.488
-16.681 -10.041 16.081

-15.702 -13.116 14.035
-12.316 -14.303 15.372
-12.201 -17.837 13.813
-13.405 -19.799 10.735
-15.769 -21.82 13.07
-17.788 -18.808 14.317
-21.352 -17.917 13.159
-21.075 -14.973 10.701
-24.816 -14.102 11.273
-24.919 -14.166 15.127
-25.108 -10.332 15.536
-27.08 -7.466 13.995

-23.588 -6.14 13.038
-21.065 -8.833 11.965
-17.336 -7.898 11.803
-15.009 -10.302 9.887
-11.529 -10.295 8.291

-10.658 -10.74 4.577
-8.757 -14.009 5.375
-11.833 -15.546 7.113
-14.3 -14.769 4.222

-12.926 -17.715 2.14
-13.287 -20.073 5.183
-16.843 -18.74 5.845
-18.014 -18.815 2.139
-20.731 -21.415 3.044
-22.243 -18.836 5.512
-21.955 -15.894 2.989
-25.071 -17.433 1.278
-27.188 -15.451 3.825
-28.094 -12.137 2.052
-26.367 -9.235 3.842
-28.236 -6.215 2.36

-25.704 -3.677 3.792
-21.936 -4.298 3.429
-19.007 -2.145 4.602
-15.517 -3.11 3.36

-12.662 -1.237 5.059
-9.341 -0.865 3.151

-11.066 -2.352 0.031
-7.765 -2.207 -1.968
-7.252 -5.742 -0.456
-9.774 -6.866 -3.176

-7.558 -5.436 -6.054
-6.861 -8.909 -7.611
-9.913 -10.983 -8.736
-7.994 -14.348 -8.638
-7.386 -14.116 -4.839

-9.551 -16.269 -2.508
-10.568 -13.122 -0.487
-11.832 -11.409 -3.693
-13.586 -14.593 -5.006
-15.461 -14.905 -1.648
-16.313 -11.137 -1.332
-17.465 -10.353 -4.925
-20.7 -12.523 -5.003
-21.961 -10.786 -1.799
-21.004 -7.272 -3.064
-22.893 -7.826 -6.386
-26.148 -8.927 -4.576

-26.072 -6.644 -1.465
-28.372 -3.542 -1.704

-25.826 -1.116 -0.104
-22.019 -1.347 -0.629
-19.769 1.077 1.29
-16.145 0.543 0.177
-13.427 2.479 2.088

-9.739 3.065 1.181
-6.998 5.712 1.573
-5.29 4.301 -1.537
-8.002 2.778 -3.832
-5.263 1.979 -6.345
-1.844 1.044 -4.877
0.179 1.273 -8.156
-1.96 0.815 -11.364

-5.486 1.412 -12.884
-6.145 -2.396 -13.101
-6.402 -2.518 -9.223
-9.619 -0.37 -9.379
-11.628 -2.846 -11.528
-12.904 -5.026 -8.614
-13.981 -1.892 -6.643
-15.738 -0.406 -9.758
-17.759 -3.638 -10.376
-18.545 -3.926 -6.614
-20.104 -0.383 -6.596

-21.607 -0.654 -10.172
-21.992 -4.37 -11.257
-23.172 -3.251 -14.78
-19.935 -1.29 -15.508
-17.337 -3.236 -17.592
-18.9 -6.785 -17.229
-15.576 -8.217 -18.571

-12.101 -7.019 -17.429
-10.719 -7.022 -21.032
-12.866 -3.967 -22.03
-11.565 -2.031 -18.959
-7.965 -3.199 -19.668
-8.028 -2.162 -23.384
-9.238 1.366 -22.43
-7.403 2.18 -19.142

-4.51 -0.351 -18.764
-2.851 0.132 -22.242
-3.499 -3.577 -22.858

-0.922 -5.224 -25.189
-1.171 -8.572 -27.031
2.109 -10.415 -26.274

3.105 -13.897 -27.702
2.055 -15.464 -24.315

-1.301 -13.571 -23.908
-2.465 -10.088 -22.814
-0.375 -7.663 -20.732

-2.7792 -6.19595 -18.0698
-5.15344 -3.59871 -16.6867
-7.21841 -6.27959 -14.7758
-5.23866 -6.96466 -11.5069
-4.46354 -9.50338 -8.68028
-5.94902 -7.30313 -6.07172

-8.10237 -4.33652 -7.07428
-6.69257 -2.23213 -4.24111
-3.12951 -3.08403 -5.25193
-3.82152 -2.12373 -8.86328
-5.29948 1.21052 -7.79499
-2.26982 1.96975 -5.6299
0.0973368 1.18246 -8.49689
-1.83025 3.46715 -10.8437
-1.71527 6.31122 -8.32558
2.0381 5.90356 -7.89092
2.57976 5.98142 -11.6517

4.81076 3.97942 -9.1857

6.94376 6.03742 -6.8017
6.88576 8.93142 -4.3307

10.4888 10.1734 -3.7977
11.7958 13.1744 -1.8087
15.3708 14.0094 -0.834697

16.8968 15.4934 2.3933
17.5078 18.6974 0.371303
13.7528 18.9464 -0.528697
12.3128 18.5764 3.0313

15.1238 19.0714 5.6533
17.0848 22.3064 4.8223
18.4988 22.0694 8.4223
20.5038 18.8014 8.0063

24.3028 19.4954 7.9913
26.0558 18.7614 4.6673

27.7118 15.3914 3.9243
31.3278 16.2394 2.9463
32.8648 13.3494 0.944303
36.5438 12.8514 -0.00269694
38.9058 10.2424 -1.4047
41.9468 9.54742 0.836303
44.7658 7.99342 -1.2187

46.5458 5.79242 1.3723
50.2608 5.61142 0.562303

51.2448 2.38042 -1.3607
54.8598 2.85142 -0.0326969
53.8218 0.659422 2.9893

52.7808 -2.12958 0.504303
55.9188 -4.31058 0.570303

57.4248 -5.58358 -2.7277
56.1128 -9.20158 -2.1867
52.4908 -8.00358 -1.6357
52.7678 -5.67358 -4.6967
54.1968 -8.51858 -6.8487
51.2588 -10.7356 -5.6637
48.7128 -8.00058 -6.6617
50.5098 -7.60258 -10.0517
50.4228 -11.4286 -10.4827
46.6498 -11.7376 -9.7347
45.9618 -8.68558 -12.0027
47.9168 -10.3616 -14.8897
46.1428 -13.6746 -14.0987
42.6458 -12.1226 -14.6827
43.7368 -10.7916 -18.1537

45.2168 -14.1216 -19.4057
43.3868 -15.2196 -22.6107
43.5278 -18.9996 -22.0757
41.6568 -19.1606 -18.6907
38.0838 -20.3886 -18.1837

35.2878 -18.0016 -17.0297
35.6068 -19.6636 -13.5667
39.4288 -19.2046 -13.2777
38.8778 -15.5026 -14.2487
36.2888 -15.1496 -11.3737
38.6568 -16.9696 -8.9367
41.6058 -14.6776 -9.8937
39.2548 -11.6396 -9.4377
38.2398 -12.8416 -5.9137
41.9548 -13.4226 -5.1067
42.9248 -9.90158 -6.3787
40.0978 -8.36258 -4.2637
41.0528 -10.3116 -1.0657
44.7858 -9.39458 -1.6327
43.7358 -5.70458 -1.9927
42.0848 -5.89358 1.4673
45.2448 -7.47458 3.0363
47.5448 -4.91358 1.3083
45.5458 -1.93958 2.7543
45.4928 -3.13558 6.4523
48.7798 -1.38258 7.5893
47.8428 2.05042 6.1173
44.1578 1.69542 7.1573
45.4988 1.14742 10.7283
47.9708 4.09042 10.3413
45.0438 6.34142 9.2583
42.7318 5.18942 12.1483
45.5368 5.95742 14.6593
46.1908 9.40742 13.0343
42.4418 10.2044 13.5103
42.5688 9.19342 17.2353
45.8938 11.0584 17.8253

44.2358 14.1374 16.1423
41.7558 14.1224 19.1163
38.5868 12.8254 17.3253
35.8928 11.8724 19.8533
33.6398 9.52342 17.7293

33.8588 7.92842 14.2483
32.6908 4.85242 12.2773
35.0608 2.49042 10.4023
33.4748 0.423422 7.5983
35.0958 -2.73158 6.1273

33.7138 -6.03258 4.6503
36.5918 -8.57658 4.7053

36.7228 -10.2606 8.1583
40.5858 -10.0586 8.2163
40.3558 -6.20158 7.9743
37.7528 -6.01658 10.8183
39.9138 -8.45158 12.9043
43.1788 -6.46958 12.3503
41.5018 -3.09058 13.1963
39.9488 -4.51958 16.4353
43.2848 -6.15258 17.4653
45.2268 -2.84958 17.0453
42.5408 -0.836578 18.9533
42.7588 -3.42758 21.8183
46.6208 -3.20358 21.7033

46.3328 0.651422 21.9593
43.6648 0.219422 24.7603
41.0868 2.17942 22.6583
37.4828 1.49242 23.7273

35.4798 0.501422 20.6163
32.3948 -1.46658 19.4503
32.3168 -4.18358 16.7343
29.3148 -5.28458 14.5903

29.5808 -8.00658 11.8923
27.7478 -11.1026 10.4783
28.3258 -13.0196 13.7873
26.8918 -10.2706 16.1033
23.3788 -11.2756 17.2923
20.2158 -9.17958 16.6363
19.8428 -8.07158 20.3243

23.6008 -7.42958 20.9113
23.5918 -5.20458 17.7443
21.0308 -2.87258 19.4083
22.8798 -2.92758 22.7923
26.3158 -2.13958 21.1843
24.5748 0.629422 19.1613
23.2408 2.11742 22.4613
26.7178 1.73442 24.1143
28.3658 3.75042 21.2463
25.5178 6.35042 21.2963
25.4438 6.91442 25.1073

29.0768 6.25142 26.2413
31.6608 9.03342 25.5553
34.4638 6.40542 26.0053
33.6528 4.40142 22.8273
35.6218 6.38242 20.2063

35.4798 3.85842 17.2933
32.7198 1.68742 15.8143
34.1818 -1.17458 13.6843
31.3258 -2.08458 11.3113
30.7518 -4.61258 8.5233

29.4398 -2.71658 5.4223
27.0108 -5.62658 4.7133
25.9478 -6.47558 8.3103
25.4608 -2.88158 9.6773
23.7388 -1.35258 6.5443
20.2778 -1.82658 8.2323
18.2798 -0.870578 11.3833
21.0468 0.895422 13.3783
21.4958 4.66742 14.0633
24.9488 6.21042 14.7723
24.1118 9.94542 15.2183
26.8218 10.2774 17.9713
29.6058 10.2124 15.2983
30.4898 13.0174 12.8013

32.9368 10.9404 10.6593
32.6278 7.77642 8.5173
35.7948 6.00942 7.2323
35.4178 3.37642 4.4883

38.5778 1.25342 4.9323
37.3688 -0.766578 1.9013
35.3578 0.0364222 -1.2467
32.1648 -1.92858 -2.0427
31.0788 -2.48258 -5.7097
27.4328 -1.51058 -4.9647

26.8928 2.26642 -4.3167
23.4198 1.71842 -2.7537
25.1208 -0.148578 0.166303
27.7398 2.64742 0.581303
24.9028 5.27542 0.735303
23.0228 3.03542 3.2703
26.2008 3.02842 5.4503
26.6748 6.87942 5.2183

22.9768 7.35442 6.2363
23.6508 5.50742 9.5203
25.2718 8.78742 10.7853
23.3398 11.3094 8.6403
19.9558 10.8164 10.4643
17.4158 12.9904 12.3473
19.3398 13.9324 15.5443
22.6478 14.7044 13.7223
23.8768 18.3044 14.4363
27.3988 18.2354 12.8233
28.5018 18.1984 9.1373

29.1238 14.5174 8.3143
32.6138 13.6964 6.9823
32.8758 10.6454 4.6473
36.4368 9.39342 3.9063
36.9408 6.70942 1.1943
40.3608 5.01442 1.7023
41.8938 3.99842 -1.7007

45.2828 2.49842 -2.7227
46.9838 3.01742 -6.1517
48.0898 -0.347578 -7.6757
45.0668 -2.32258 -6.2577
41.3948 -3.32258 -6.8837

40.3828 0.261422 -5.8047
41.7018 1.60542 -9.1887
38.9218 -0.402578 -10.9987
36.2228 -0.325578 -8.2647
36.1868 3.48842 -7.8447
35.3758 4.33042 -11.5587
32.7908 1.44342 -11.5087
31.0818 2.88042 -8.3647
31.0948 6.39342 -9.9817
29.4018 5.31042 -13.2637
26.8008 3.38542 -11.1487
25.9588 6.52042 -9.0297
25.5988 8.51242 -12.3017
23.1258 5.86742 -13.6667
21.2038 6.13342 -10.3347
21.2188 9.99742 -10.4987
19.9918 10.0814 -14.1687

17.1188 7.75942 -13.0517
16.3188 10.3014 -10.2067
17.3948 7.70042 -7.5627
20.4148 9.60742 -6.0867
21.5898 13.2224 -5.5147
25.0478 11.7834 -4.7797
27.5218 12.9194 -7.4247
30.9618 11.2474 -6.9517
32.8468 13.0534 -9.8407

33.8528 16.1424 -7.7587
35.9008 13.9534 -5.3157
38.2478 12.6364 -8.0947
39.0988 16.0334 -9.6537

40.3638 16.9924 -6.1237
42.8488 14.0194 -5.7007

End chain 1
