-13.201 -6.296 -53.957
-10.703 -3.406 -53.291
-9.54 -3.087 -49.639
-11.02 0.322 -48.639
-8.614 1.85 -46.053
-10.787 3.126 -43.162

-9.634 6.195 -41.181
-10.061 4.9 -37.589
-10.286 6.838 -34.306
-12.195 7.103 -30.979
-14.163 9.439 -28.711
-12.619 10.223 -25.263
-14.157 12.207 -22.344

-11.943 15.248 -21.466
-14.301 16.978 -18.949
-17.827 16.65 -17.399
-19.139 18.761 -20.353

-16.752 17.96 -23.312
-15.482 14.956 -25.281
-12.62 14.751 -27.824
-12.437 12.939 -31.204
-8.982 11.264 -31.393
-8.672 10.357 -35.1

-6.282 10.744 -38.079
-6.98 13.557 -40.6
-9.895 13.022 -43.051

-11.208 15.853 -45.293
-14.92 14.856 -45.011
-14.611 14.37 -41.226
-13.015 17.857 -40.827
-15.875 19.254 -42.999
-18.403 17.482 -40.669
-16.559 18.759 -37.515
-16.844 22.341 -38.957

-20.697 21.797 -39.029
-20.861 21.033 -35.24
-22.116 23.933 -33.104
-20.016 23.255 -29.939
-16.791 22.621 -31.971

-13.393 23.436 -30.391
-10.011 22.816 -32.063
-6.805 22.812 -29.99

-3.883 23.919 -32.209
-1.328 22.314 -29.773
-2.753 18.736 -29.691
-4.334 19.137 -33.217

-7.578 17.622 -31.79
-11.313 18.386 -31.995
-13.683 18.544 -28.991
-17.466 19.001 -28.65
-20.131 19.402 -25.91

-21.257 16.038 -24.476
-24.923 16.743 -25.497
-23.731 16.722 -29.178
-22.178 13.179 -28.839
-25.228 11.354 -30.322
-25.57 14.044 -33.093
-21.852 13.682 -34.021
-21.815 9.829 -34.037
-25.045 9.774 -36.128
-23.507 12.176 -38.75
-20.093 10.348 -38.803

-21.793 6.948 -39.527
-22.962 8.546 -42.834
-19.328 9.196 -43.991
-17.677 6.563 -46.261
-14.251 5.2 -45.121

-14.46 6.789 -41.562
-14.765 4.819 -38.279
-15.142 6.964 -35.114
-15.663 4.659 -32.101

-18.218 6.249 -29.657
-17.862 6.903 -25.912
-18.35 3.469 -24.195
-21.794 2.549 -22.772
-20.235 2.829 -19.255
-19.534 6.58 -19.812
-22.964 7.196 -21.431
-24.623 5.531 -18.378
-22.42 7.523 -15.909

-24.508 10.4255 -17.2157
-26.5957 13.2179 -18.5389
-28.7325 16.0198 -19.9209

-28.7354 19.8194 -19.9974
-26.2382 19.9755 -17.137
-23.9257 17.5242 -18.8939

-23.3087 21.1792 -17.7819
-22.8167 24.0332 -20.3219
-21.7887 26.1802 -17.2809
-18.6687 26.5832 -15.0929
-20.3247 26.0072 -11.7069
-17.4897 24.9642 -9.36486
-18.0257 21.7322 -7.31886

-21.5137 21.7692 -5.67886
-21.0927 22.5852 -1.97286
-20.8727 19.4092 0.109141
-24.1087 19.3762 2.19514
-23.5707 19.3232 5.97114
-24.5997 15.9282 7.35814

-27.0217 15.6272 10.2831
-24.6837 14.2282 12.9901
-27.3717 14.3962 15.8021
-27.4537 10.5362 15.9381
-23.6147 10.5262 16.4691
-22.1147 10.6832 19.9841

-21.8147 14.4512 20.9281
-18.2857 13.8862 22.3861
-17.0907 12.8462 18.8821
-19.0257 15.5622 16.9451
-17.6967 18.3852 19.2351
-14.0327 17.1972 18.8761

-13.9817 17.1992 15.0101
-11.7397 19.9642 13.6011

-13.4007 22.0692 10.7781
-11.5257 20.1602 8.01114
-12.3587 16.7792 9.68114
-16.0907 17.7842 9.69214
-15.8567 18.6952 5.96214
-14.2377 15.2322 5.36114
-17.0827 13.4522 7.25914
-19.6577 15.4612 5.20614
-17.8497 14.5422 1.91114
-17.7247 10.8362 2.90014
-21.4907 10.8682 3.74314
-22.3187 12.7202 0.450141

-20.2677 10.0222 -1.45686
-22.5087 7.42521 0.345141
-19.8067 6.07721 2.74514

-17.6467 4.73021 -0.158859
-14.2507 6.49521 -0.221859
-10.5037 6.38921 0.294141
-9.58973 8.91821 3.03614

-5.98873 9.57221 1.88714

-5.42973 12.5662 4.24014
-1.79873 12.9822 5.39214

-0.342735 11.0922 8.41314
-1.65573 12.3332 11.7991
-4.52773 14.5462 10.3891
-7.00073 12.3582 12.4231

-8.13873 9.73121 9.84614
-9.30673 7.45821 12.7491
-11.6577 10.0912 14.3311
-13.1707 10.8832 10.8691
-13.5767 7.11521 10.1051
-15.3147 6.41921 13.4761
-17.7097 9.37321 12.8131
-18.5417 8.23221 9.21014
-19.1407 4.65421 10.4781
-21.2497 5.89721 13.4761
-23.5217 7.90821 11.0931

-24.1947 4.43521 9.52214

-24.6787 2.67021 12.9961
-28.1807 1.52021 11.7851
-26.3447 -0.578785 9.07714
-23.9207 -2.49079 11.4251
-22.2757 -5.03579 12.1851

-19.0687 -3.07079 11.5031
-15.8457 -4.75979 10.2841
-12.5297 -2.95079 11.0121
-9.42673 -4.36179 9.23814
-6.12373 -2.97979 10.6181

-2.34473 -3.63879 11.0011
-1.71073 -6.44279 13.5821
-0.150735 -3.92779 16.1081
-2.98373 -1.26279 16.2141

-6.05273 -3.49079 17.0181
-6.18973 -2.37579 20.6901
-5.44873 1.27521 19.6451
-8.65973 1.07321 17.5211
-10.7087 -0.519785 20.3901
-9.56273 2.29721 22.7441
-10.4037 4.85321 19.9841
-14.0167 3.48821 19.7751
-14.3767 3.51721 23.6261
-12.8907 7.07721 23.7381
-15.1177 8.57221 20.9931

-18.4157 6.56821 21.2551
-19.1457 6.32721 25.0711
-22.6827 5.16821 23.9631
-21.0587 1.67621 23.4211
-20.3247 -0.907785 26.1321

-16.9267 -2.72679 25.8721
-18.9327 -5.94279 25.0951
-20.0747 -4.28979 21.8061

-16.3857 -4.43879 20.5911
-14.7997 -7.74679 19.5031
-10.9757 -7.66379 19.0961

-9.99673 -10.7388 17.0501
-6.61073 -11.9258 18.3871
-6.49573 -15.4598 16.8281
-7.69973 -17.4218 13.7501
-10.0637 -19.4428 16.0851
-12.0827 -16.4308 17.3321
-15.6467 -15.5398 16.1741
-15.3697 -12.5958 13.7161
-19.1107 -11.7248 14.2881
-19.2137 -11.7888 18.1421
-19.4027 -7.95479 18.5511
-21.3747 -5.08879 17.0101

-17.8827 -3.76279 16.0531
-15.3597 -6.45579 14.9801
-11.6307 -5.52079 14.8181
-9.30373 -7.92479 12.9021
-5.82373 -7.91779 11.3061

-4.95273 -8.36279 7.59214
-3.05173 -11.6318 8.39014
-6.12773 -13.1688 10.1281
-8.59473 -12.3918 7.23714

-7.22073 -15.3378 5.15514
-7.58173 -17.6958 8.19814
-11.1377 -16.3628 8.86014
-12.3087 -16.4378 5.15414
-15.0257 -19.0378 6.05914
-16.5377 -16.4588 8.52714
-16.2497 -13.5168 6.00414
-19.3657 -15.0558 4.29314
-21.4827 -13.0738 6.84014
-22.3887 -9.75979 5.06714
-20.6617 -6.85779 6.85714
-22.5307 -3.83779 5.37514

-19.9987 -1.29979 6.80714
-16.2307 -1.92079 6.44414
-13.3017 0.232215 7.61714
-9.81173 -0.732785 6.37514

-6.95673 1.14021 8.07414
-3.63573 1.51221 6.16614

-5.36073 0.0252148 3.04614
-2.05973 0.170215 1.04714
-1.54673 -3.36479 2.55914
-4.06873 -4.48879 -0.160859

-1.85273 -3.05879 -3.03886
-1.15573 -6.53179 -4.59586
-4.20773 -8.60579 -5.72086
-2.28873 -11.9708 -5.62286
-1.68073 -11.7388 -1.82386

-3.84573 -13.8918 0.507141
-4.86273 -10.7448 2.52814
-6.12673 -9.03179 -0.677859
-7.88073 -12.2158 -1.99086
-9.75573 -12.5278 1.36714
-10.6077 -8.75979 1.68314
-11.7597 -7.97579 -1.90986
-14.9947 -10.1458 -1.98786
-16.2557 -8.40879 1.21614
-15.2987 -4.89479 -0.048859
-17.1877 -5.44879 -3.37086
-20.4427 -6.54979 -1.56086

-20.3667 -4.26679 1.55014
-22.6667 -1.16479 1.31114

-20.1207 1.26121 2.91114
-16.3137 1.03021 2.38614
-14.0637 3.45421 4.30514
-10.4397 2.92021 3.19214
-7.72173 4.85621 5.10314

-4.03373 5.44221 4.19614
-1.29273 8.08921 4.58814
0.415265 6.67821 1.47814
-2.29673 5.15521 -0.816859
0.442265 4.35621 -3.32986
3.86127 3.42121 -1.86186
5.88427 3.65021 -5.14086
3.74527 3.19221 -8.34886

0.219265 3.78921 -9.86886
-0.439735 -0.0187852 -10.0859
-0.696735 -0.140785 -6.20786
-3.91373 2.00721 -6.36386
-5.92273 -0.468785 -8.51286
-7.19873 -2.64879 -5.59886
-8.27573 0.485215 -3.62786
-10.0327 1.97121 -6.74286
-12.0537 -1.26079 -7.36086
-12.8397 -1.54879 -3.59886
-14.3987 1.99421 -3.58086

-15.9017 1.72321 -7.15686
-16.2867 -1.99279 -8.24186
-17.4667 -0.873785 -11.7649
-14.2297 1.08721 -12.4929
-11.6317 -0.858785 -14.5769
-13.1947 -4.40779 -14.2139
-9.87073 -5.83979 -15.5559

-6.39573 -4.64179 -14.4139
-5.01373 -4.64479 -18.0169
-7.16073 -1.58979 -19.0149
-5.85973 0.346215 -15.9439
-2.25973 -0.821785 -16.6529
-2.32273 0.215215 -20.3689
-3.53273 3.74321 -19.4149
-1.69773 4.55721 -16.1269

1.19527 2.02621 -15.7489
2.85427 2.50921 -19.2269
2.20627 -1.19979 -19.8429

4.78327 -2.84679 -22.1739
4.53427 -6.19479 -24.0159
7.81427 -8.03779 -23.2589

8.81027 -11.5198 -24.6869
7.76027 -13.0868 -21.2999

4.40427 -11.1938 -20.8929
3.24027 -7.71079 -19.7989
5.33027 -5.28579 -17.7169

3.31927 -2.81479 -15.5229
6.25027 -1.19879 -13.5639
5.91927 2.12821 -15.4569
3.70027 5.21521 -15.1109
1.57227 7.27521 -17.5499
-1.18273 9.97021 -17.6279

-0.722735 10.6872 -13.8529
-2.55373 14.0852 -13.9519
-5.65373 12.3092 -15.4089
-5.32873 9.59521 -12.7049
-5.14773 12.3632 -10.0119
-8.35573 14.0012 -11.3809
-10.1887 10.6062 -11.4899
-9.07673 9.78321 -7.90286
-10.1357 13.1812 -6.41586
-13.5377 13.2312 -8.22886
-14.7147 9.62221 -7.69386

-12.4837 7.62021 -5.22786

-10.3507 9.67821 -2.84386
-10.4087 12.5722 -0.372859

-6.80573 13.8142 0.160141
-5.49873 16.8152 2.14914
-1.92373 17.6502 3.12314

-0.397735 19.1342 6.35114
0.213265 22.3382 4.32914
-3.54173 22.5872 3.42914
-4.98173 22.2172 6.98914

-2.17073 22.7122 9.61114
-0.209735 25.9472 8.78014
1.20427 25.7102 12.3801
3.20927 22.4422 11.9641

7.00827 23.1362 11.9491
8.76127 22.4022 8.62514

10.4173 19.0322 7.88214
14.0333 19.8802 6.90414
15.5703 16.9902 4.90214
19.2493 16.4922 3.95514
21.6113 13.8832 2.55314
24.6523 13.1882 4.79414
27.4713 11.6342 2.73914

29.2513 9.43321 5.33014
32.9663 9.25221 4.52014

33.9503 6.02121 2.59714
37.5653 6.49221 3.92514
36.5273 4.30021 6.94714

35.4863 1.51121 4.46214
38.6243 -0.669785 4.52814

40.1303 -1.94279 1.23014
38.8183 -5.56079 1.77114
35.1963 -4.36279 2.32214
35.4733 -2.03279 -0.738859
36.9023 -4.87779 -2.89086
33.9643 -7.09479 -1.70586
31.4183 -4.35979 -2.70386
33.2153 -3.96179 -6.09386
33.1283 -7.78779 -6.52486
29.3553 -8.09679 -5.77686
28.6673 -5.04479 -8.04486
30.6223 -6.72079 -10.9319
28.8483 -10.0338 -10.1409
25.3513 -8.48179 -10.7249
26.4423 -7.15079 -14.1959

27.9223 -10.4808 -15.4479
26.0923 -11.5788 -18.6529
26.2333 -15.3588 -18.1179
24.3623 -15.5198 -14.7329
20.7893 -16.7478 -14.2259

17.9933 -14.3608 -13.0719
18.3123 -16.0228 -9.60886
22.1343 -15.5638 -9.31986
21.5833 -11.8618 -10.2909
18.9943 -11.5088 -7.41586
21.3623 -13.3288 -4.97886
24.3113 -11.0368 -5.93586
21.9603 -7.99879 -5.47986
20.9453 -9.20079 -1.95586
24.6603 -9.78179 -1.14886
25.6303 -6.26079 -2.42086
22.8033 -4.72179 -0.305859
23.7583 -6.67079 2.89214
27.4913 -5.75379 2.32514
26.4413 -2.06379 1.96514
24.7903 -2.25279 5.42514
27.9503 -3.83379 6.99414
30.2503 -1.27279 5.26614
28.2513 1.70121 6.71214
28.1983 0.505215 10.4101
31.4853 2.25821 11.5471
30.5483 5.69121 10.0751
26.8633 5.33621 11.1151
28.2043 4.78821 14.6861
30.6763 7.73121 14.2991
27.7493 9.98221 13.2161
25.4373 8.83021 16.1061
28.2423 9.59821 18.6171
28.8963 13.0482 16.9921
25.1473 13.8452 17.4681
25.2743 12.8342 21.1931
28.5993 14.6992 21.7831

26.9413 17.7782 20.1001
24.4613 17.7632 23.0741
21.2923 16.4662 21.2831
18.5983 15.5132 23.8111
16.3453 13.1642 21.6871

16.5643 11.5692 18.2061
15.3963 8.49321 16.2351
17.7663 6.13121 14.3601
16.1803 4.06421 11.5561
17.8013 0.909215 10.0851

16.4193 -2.39179 8.60814
19.2973 -4.93579 8.66314

19.4283 -6.61979 12.1161
23.2913 -6.41779 12.1741
23.0613 -2.56079 11.9321
20.4583 -2.37579 14.7761
22.6193 -4.81079 16.8621
25.8843 -2.82879 16.3081
24.2073 0.550215 17.1541
22.6543 -0.878785 20.3931
25.9903 -2.51179 21.4231
27.9323 0.791215 21.0031
25.2463 2.80421 22.9111
25.4643 0.213215 25.7761
29.3263 0.437215 25.6611

29.0383 4.29221 25.9171
26.3703 3.86021 28.7181
23.7923 5.82021 26.6161
20.1883 5.13321 27.6851

18.1853 4.14221 24.5741
15.1003 2.17421 23.4081
15.0223 -0.542785 20.6921
12.0203 -1.64379 18.5481

12.2863 -4.36579 15.8501
10.4533 -7.46179 14.4361
11.0313 -9.37879 17.7451
9.59727 -6.62979 20.0611
6.08427 -7.63479 21.2501
2.92127 -5.53879 20.5941
2.54827 -4.43079 24.2821

6.30627 -3.78879 24.8691
6.29727 -1.56379 21.7021
3.73627 0.768215 23.3661
5.58527 0.713215 26.7501
9.02127 1.50121 25.1421
7.28027 4.27021 23.1191
5.94627 5.75821 26.4191
9.42327 5.37521 28.0721
11.0713 7.39121 25.2041
8.22327 9.99121 25.2541
8.14927 10.5552 29.0651

11.7823 9.89221 30.1991
14.3663 12.6742 29.5131
17.1693 10.0462 29.9631
16.3583 8.04221 26.7851
18.3273 10.0232 24.1641

18.1853 7.49921 21.2511
15.4253 5.32821 19.7721
16.8873 2.46621 17.6421
14.0313 1.55621 15.2691
13.4573 -0.971785 12.4811

12.1453 0.924215 9.38014
9.71627 -1.98579 8.67114
8.65327 -2.83479 12.2681
8.16627 0.759215 13.6351
6.44427 2.28821 10.5021
2.98327 1.81421 12.1901
0.985265 2.77021 15.3411
3.75227 4.53621 17.3361
4.20127 8.30821 18.0211
7.65427 9.85121 18.7301
6.81727 13.5862 19.1761
9.52727 13.9182 21.9291
12.3113 13.8532 19.2561
13.1953 16.6582 16.7591

15.6423 14.5812 14.6171
15.3333 11.4172 12.4751
18.5003 9.65021 11.1901
18.1233 7.01721 8.44614

21.2833 4.89421 8.89014
20.0743 2.87421 5.85914
18.0633 3.67721 2.71114
14.8703 1.71221 1.91514
13.7843 1.15821 -1.75186
10.1383 2.13021 -1.00686

9.59827 5.90721 -0.358859
6.12527 5.35921 1.20414
7.82627 3.49221 4.12414
10.4453 6.28821 4.53914
7.60827 8.91621 4.69314
5.72827 6.67621 7.22814
8.90627 6.66921 9.40814
9.38027 10.5202 9.17614

5.68227 10.9952 10.1941
6.35627 9.14821 13.4781
7.97727 12.4282 14.7431
6.04527 14.9502 12.5981
2.66127 14.4572 14.4221
0.121265 16.6312 16.3051
2.04527 17.5732 19.5021
5.35327 18.3452 17.6801
6.58227 21.9452 18.3941
10.1043 21.8762 16.7811
11.2073 21.8392 13.0951

11.8293 18.1582 12.2721
15.3193 17.3372 10.9401
15.5813 14.2862 8.60514
19.1423 13.0342 7.86414
19.6463 10.3502 5.15214
23.0663 8.65521 5.66014
24.5993 7.63921 2.25714

27.9883 6.13921 1.23514
29.6893 6.65821 -2.19386
30.7953 3.29321 -3.71786
27.7723 1.31821 -2.29986
24.1003 0.318215 -2.92586

23.0883 3.90221 -1.84686
24.4073 5.24621 -5.23086
21.6273 3.23821 -7.04086
18.9283 3.31521 -4.30686
18.8923 7.12921 -3.88686
18.0813 7.97121 -7.60086
15.4963 5.08421 -7.55086
13.7873 6.52121 -4.40686
13.8003 10.0342 -6.02386
12.1073 8.95121 -9.30586
9.50627 7.02621 -7.19086
8.66427 10.1612 -5.07186
8.30427 12.1532 -8.34386
5.83127 9.50821 -9.70886
3.90927 9.77421 -6.37686
3.92427 13.6382 -6.54086
2.69727 13.7222 -10.2109

-0.175735 11.4002 -9.09386
-0.975735 13.9422 -6.24886
0.100265 11.3412 -3.60486
3.12027 13.2482 -2.12886
4.29527 16.8632 -1.55686
7.75327 15.4242 -0.821859
10.2273 16.5602 -3.46686
13.6673 14.8882 -2.99386
15.5523 16.6942 -5.88286

16.5583 19.7832 -3.80086
18.6063 17.5942 -1.35786
20.9533 16.2772 -4.13686
21.8043 19.6742 -5.69586

23.0693 20.6332 -2.16586
25.5543 17.6602 -1.74286

End chain 1
