0 0 0
0 0 3.88909
1.71133 -0.69697 7.16604
3.36885 -2.33466 4.1884
4.36389 -0.250149 1.176
5.70261 -0.491191 -2.33301

2.29585 -0.048297 -3.76126
-0.69939 0.124386 -6.01836
-4.36793 0.552185 -6.95937
-5.82759 1.8397 -3.60034
-5.98631 5.68158 -3.74693
-9.63662 6.7955 -4.532
-13.425 5.98944 -4.79586

-11.211 9.03044 -3.91786
-13.569 10.7604 -1.40086
-17.095 10.4324 0.149136
-18.407 12.5434 -2.80486

-16.02 11.7424 -5.76386
-14.75 8.73844 -7.73286
-11.888 8.53344 -10.2759
-11.705 6.72144 -13.6559
-8.25004 5.04644 -13.8449
-7.94004 4.13944 -17.5519

-5.55004 4.52644 -20.5309
-6.24804 7.33944 -23.0519
-9.16304 6.80444 -25.5029

-10.476 9.63544 -27.7449
-14.188 8.63844 -27.4629
-13.879 8.15244 -23.6779
-12.283 11.6394 -23.2789
-15.143 13.0364 -25.4509
-17.671 11.2644 -23.1209
-15.827 12.5414 -19.9669
-16.112 16.1234 -21.4089

-19.965 15.5794 -21.4809
-20.129 14.8154 -17.6919
-21.384 17.7154 -15.5559
-19.284 17.0374 -12.3909
-16.059 16.4034 -14.4229

-12.661 17.2184 -12.8429
-9.27904 16.5984 -14.5149
-6.07304 16.5944 -12.4419

-3.15104 17.7014 -14.6609
-0.596041 16.0964 -12.2249
-2.02104 12.5184 -12.1429
-3.60204 12.9194 -15.6689

-6.84604 11.4044 -14.2419
-10.581 12.1684 -14.4469
-12.951 12.3264 -11.4429
-16.734 12.7834 -11.1019
-19.399 13.1844 -8.36186

-20.525 9.82044 -6.92786
-24.191 10.5254 -7.94886
-22.999 10.5044 -11.6299
-21.446 6.96144 -11.2909
-24.496 5.13644 -12.7739
-24.838 7.82644 -15.5449
-21.12 7.46444 -16.4729
-21.083 3.61144 -16.4889
-24.313 3.55644 -18.5799
-22.775 5.95844 -21.2019
-19.361 4.13044 -21.2549

-21.061 0.73044 -21.9789
-22.23 2.32844 -25.2859
-18.596 2.97844 -26.4429
-16.945 0.34544 -28.7129
-13.519 -1.01756 -27.5729

-13.728 0.57144 -24.0139
-14.033 -1.39856 -20.7309
-14.41 0.74644 -17.5659
-14.931 -1.55856 -14.5529

-17.486 0.03144 -12.1089
-17.13 0.68544 -8.36386
-17.618 -2.74856 -6.64686
-21.062 -3.66856 -5.22386
-19.503 -3.38856 -1.70686
-18.802 0.36244 -2.26386
-22.232 0.97844 -3.88286
-23.891 -0.68656 -0.829864
-21.688 1.30544 1.63914

-22.296 4.70144 -0.105864
-25.936 3.93544 -1.16586
-27.119 7.26444 0.425136

-24.482 9.37644 -1.41486
-25.268 7.58244 -4.74786
-28.899 8.92944 -4.36086

-28.282 12.5844 -3.24886
-27.79 15.4384 -5.78886
-26.762 17.5854 -2.74786
-23.642 17.9884 -0.559864
-25.298 17.4124 2.82614
-22.463 16.3694 5.16814
-22.999 13.1374 7.21414

-26.487 13.1744 8.85414
-26.066 13.9904 12.5601
-25.846 10.8144 14.6421
-29.082 10.7814 16.7281
-28.544 10.7284 20.5041
-29.573 7.33344 21.8911

-31.995 7.03244 24.8161
-29.657 5.63344 27.5231
-32.345 5.80144 30.3351
-32.427 1.94144 30.4711
-28.588 1.93144 31.0021
-27.088 2.08844 34.5171

-26.788 5.85644 35.4611
-23.259 5.29144 36.9191
-22.064 4.25144 33.4151
-23.999 6.96744 31.4781
-22.67 9.79044 33.7681
-19.006 8.60244 33.4091

-18.955 8.60444 29.5431
-16.713 11.3694 28.1341

-18.374 13.4744 25.3111
-16.499 11.5654 22.5441
-17.332 8.18444 24.2141
-21.064 9.18944 24.2251
-20.83 10.1004 20.4951
-19.211 6.63744 19.8941
-22.056 4.85744 21.7921
-24.631 6.86644 19.7391
-22.823 5.94744 16.4441
-22.698 2.24144 17.4331
-26.464 2.27344 18.2761
-27.292 4.12544 14.9831

-25.241 1.42744 13.0761
-27.482 -1.16956 14.8781
-24.78 -2.51756 17.2781

-22.62 -3.86456 14.3741
-19.224 -2.09956 14.3111
-15.477 -2.20556 14.8271
-14.563 0.32344 17.5691

-10.962 0.97744 16.4201

-10.403 3.97144 18.7731
-6.77204 4.38744 19.9251

-5.31604 2.49744 22.9461
-6.62904 3.73844 26.3321
-9.50104 5.95144 24.9221
-11.974 3.76344 26.9561

-13.112 1.13644 24.3791
-14.28 -1.13656 27.2821
-16.631 1.49644 28.8641
-18.144 2.28844 25.4021
-18.55 -1.47956 24.6381
-20.288 -2.17556 28.0091
-22.683 0.77844 27.3461
-23.515 -0.36256 23.7431
-24.114 -3.94056 25.0111
-26.223 -2.69756 28.0091
-28.495 -0.68656 25.6261

-29.168 -4.15956 24.0551

-29.652 -5.92456 27.5291
-33.154 -7.07456 26.3181
-31.318 -9.17356 23.6101
-28.894 -11.0856 25.9581
-27.249 -13.6306 26.7181

-24.042 -11.6656 26.0361
-20.819 -13.3546 24.8171
-17.503 -11.5456 25.5451
-14.4 -12.9566 23.7711
-11.097 -11.5746 25.1511

-7.31804 -12.2336 25.5341
-6.68404 -15.0376 28.1151
-5.12404 -12.5226 30.6411
-7.95704 -9.85756 30.7471

-11.026 -12.0856 31.5511
-11.163 -10.9706 35.2231
-10.422 -7.31956 34.1781
-13.633 -7.52156 32.0541
-15.682 -9.11456 34.9231
-14.536 -6.29756 37.2771
-15.377 -3.74156 34.5171
-18.99 -5.10656 34.3081
-19.35 -5.07756 38.1591
-17.864 -1.51756 38.2711
-20.091 -0.02256 35.5261

-23.389 -2.02656 35.7881
-24.119 -2.26756 39.6041
-27.656 -3.42656 38.4961
-26.032 -6.91856 37.9541
-25.298 -9.50256 40.6651

-21.9 -11.3216 40.4051
-23.906 -14.5376 39.6281
-25.048 -12.8846 36.3391

-21.359 -13.0336 35.1241
-19.773 -16.3416 34.0361
-15.949 -16.2586 33.6291

-14.97 -19.3336 31.5831
-11.584 -20.5206 32.9201
-11.469 -24.0546 31.3611
-12.673 -26.0166 28.2831
-15.037 -28.0376 30.6181
-17.056 -25.0256 31.8651
-20.62 -24.1346 30.7071
-20.343 -21.1906 28.2491
-24.084 -20.3196 28.8211
-24.187 -20.3836 32.6751
-24.376 -16.5496 33.0841
-26.348 -13.6836 31.5431

-22.856 -12.3576 30.5861
-20.333 -15.0506 29.5131
-16.604 -14.1156 29.3511
-14.277 -16.5196 27.4351
-10.797 -16.5126 25.8391

-9.92604 -16.9576 22.1251
-8.02504 -20.2266 22.9231
-11.101 -21.7636 24.6611
-13.568 -20.9866 21.7701

-12.194 -23.9326 19.6881
-12.555 -26.2906 22.7311
-16.111 -24.9576 23.3931
-17.282 -25.0326 19.6871
-19.999 -27.6326 20.5921
-21.511 -25.0536 23.0601
-21.223 -22.1116 20.5371
-24.339 -23.6506 18.8261
-26.456 -21.6686 21.3731
-27.362 -18.3546 19.6001
-25.635 -15.4526 21.3901
-27.504 -12.4326 19.9081

-24.972 -9.89456 21.3401
-21.204 -10.5156 20.9771
-18.275 -8.36256 22.1501
-14.785 -9.32756 20.9081

-11.93 -7.45456 22.6071
-8.60904 -7.08256 20.6991

-10.334 -8.56956 17.5791
-7.03304 -8.42456 15.5801
-6.52004 -11.9596 17.0921
-9.04204 -13.0836 14.3721

-6.82604 -11.6536 11.4941
-6.12904 -15.1266 9.93714
-9.18104 -17.2006 8.81214
-7.26204 -20.5656 8.91014
-6.65404 -20.3336 12.7091

-8.81904 -22.4866 15.0401
-9.83604 -19.3396 17.0611
-11.1 -17.6266 13.8551
-12.854 -20.8106 12.5421
-14.729 -21.1226 15.9001
-15.581 -17.3546 16.2161
-16.733 -16.5706 12.6231
-19.968 -18.7406 12.5451
-21.229 -17.0036 15.7491
-20.272 -13.4896 14.4841
-22.161 -14.0436 11.1621
-25.416 -15.1446 12.9721

-25.34 -12.8616 16.0831
-27.64 -9.75956 15.8441

-25.094 -7.33356 17.4441
-21.287 -7.56456 16.9191
-19.037 -5.14056 18.8381
-15.413 -5.67456 17.7251
-12.695 -3.73856 19.6361

-9.00704 -3.15256 18.7291
-6.26604 -0.50556 19.1211
-4.55804 -1.91656 16.0111
-7.27004 -3.43956 13.7161
-4.53104 -4.23856 11.2031
-1.11204 -5.17356 12.6711
0.910959 -4.94456 9.39214
-1.22804 -5.40256 6.18414

-4.75404 -4.80556 4.66414
-5.41304 -8.61356 4.44714
-5.67004 -8.73556 8.32514
-8.88704 -6.58756 8.16914
-10.896 -9.06356 6.02014
-12.172 -11.2436 8.93414
-13.249 -8.10956 10.9051
-15.006 -6.62356 7.79014
-17.027 -9.85556 7.17214
-17.813 -10.1436 10.9341
-19.372 -6.60056 10.9521

-20.875 -6.87156 7.37614
-21.26 -10.5876 6.29114
-22.44 -9.46856 2.76814
-19.203 -7.50756 2.04014
-16.605 -9.45356 -0.043864
-18.168 -13.0026 0.319136
-14.844 -14.4346 -1.02286

-11.369 -13.2366 0.119136
-9.98704 -13.2396 -3.48386
-12.134 -10.1846 -4.48186
-10.833 -8.24856 -1.41086
-7.23304 -9.41656 -2.11986
-7.29604 -8.37956 -5.83586
-8.50604 -4.85156 -4.88186
-6.67104 -4.03756 -1.59386

-3.77804 -6.56856 -1.21586
-2.11904 -6.08556 -4.69386
-2.76704 -9.79456 -5.30986

-0.190041 -11.4416 -7.64086
-0.439041 -14.7896 -9.48286
2.84096 -16.6326 -8.72586

3.83696 -20.1146 -10.1539
2.78696 -21.6816 -6.76686

-0.569041 -19.7886 -6.35986
-1.73304 -16.3056 -5.26586
0.356959 -13.8806 -3.18386

-1.65404 -11.4096 -0.989864
1.27696 -9.79356 0.969136
0.945959 -6.46656 -0.923864
-1.27304 -3.37956 -0.577864
-3.40104 -1.31956 -3.01686
-6.15604 1.37544 -3.09486

-5.69604 2.09244 0.680136
-7.52704 5.49044 0.581136
-10.627 3.71444 -0.875864
-10.302 1.00044 1.82814
-10.121 3.76844 4.52114
-13.329 5.40644 3.15214
-15.162 2.01144 3.04314
-14.05 1.18844 6.63014
-15.109 4.58644 8.11714
-18.511 4.63644 6.30414
-19.688 1.02744 6.83914

-17.457 -0.97456 9.30514

-15.324 1.08344 11.6891
-15.382 3.97744 14.1601

-11.779 5.21944 14.6931
-10.472 8.22044 16.6821
-6.89704 9.05544 17.6561

-5.37104 10.5394 20.8841
-4.76004 13.7434 18.8621
-8.51504 13.9924 17.9621
-9.95504 13.6224 21.5221

-7.14404 14.1174 24.1441
-5.18304 17.3524 23.3131
-3.76904 17.1154 26.9131
-1.76404 13.8474 26.4971

2.03496 14.5414 26.4821
3.78796 13.8074 23.1581

5.44396 10.4374 22.4151
9.05996 11.2854 21.4371
10.597 8.39544 19.4351
14.276 7.89744 18.4881
16.638 5.28844 17.0861
19.679 4.59344 19.3271
22.498 3.03944 17.2721

24.278 0.83844 19.8631
27.993 0.65744 19.0531

28.977 -2.57356 17.1301
32.592 -2.10256 18.4581
31.554 -4.29456 21.4801

30.513 -7.08356 18.9951
33.651 -9.26456 19.0611

35.157 -10.5376 15.7631
33.845 -14.1556 16.3041
30.223 -12.9576 16.8551
30.5 -10.6276 13.7941
31.929 -13.4726 11.6421
28.991 -15.6896 12.8271
26.445 -12.9546 11.8291
28.242 -12.5566 8.43914
28.155 -16.3826 8.00814
24.382 -16.6916 8.75614
23.694 -13.6396 6.48814
25.649 -15.3156 3.60114
23.875 -18.6286 4.39214
20.378 -17.0766 3.80814
21.469 -15.7456 0.337136

22.949 -19.0756 -0.914864
21.119 -20.1736 -4.11986
21.26 -23.9536 -3.58486
19.389 -24.1146 -0.199864
15.816 -25.3426 0.307136

13.02 -22.9556 1.46114
13.339 -24.6176 4.92414
17.161 -24.1586 5.21314
16.61 -20.4566 4.24214
14.021 -20.1036 7.11714
16.389 -21.9236 9.55414
19.338 -19.6316 8.59714
16.987 -16.5936 9.05314
15.972 -17.7956 12.5771
19.687 -18.3766 13.3841
20.657 -14.8556 12.1121
17.83 -13.3166 14.2271
18.785 -15.2656 17.4251
22.518 -14.3486 16.8581
21.468 -10.6586 16.4981
19.817 -10.8476 19.9581
22.977 -12.4286 21.5271
25.277 -9.86756 19.7991
23.278 -6.89356 21.2451
23.225 -8.08956 24.9431
26.512 -6.33656 26.0801
25.575 -2.90356 24.6081
21.89 -3.25856 25.6481
23.231 -3.80656 29.2191
25.703 -0.86356 28.8321
22.776 1.38744 27.7491
20.464 0.23544 30.6391
23.269 1.00344 33.1501
23.923 4.45344 31.5251
20.174 5.25044 32.0011
20.301 4.23944 35.7261
23.626 6.10444 36.3161

21.968 9.18344 34.6331
19.488 9.16844 37.6071
16.319 7.87144 35.8161
13.625 6.91844 38.3441
11.372 4.56944 36.2201

11.591 2.97444 32.7391
10.423 -0.10156 30.7681
12.793 -2.46356 28.8931
11.207 -4.53056 26.0891
12.828 -7.68556 24.6181

11.446 -10.9866 23.1411
14.324 -13.5306 23.1961

14.455 -15.2146 26.6491
18.318 -15.0126 26.7071
18.088 -11.1556 26.4651
15.485 -10.9706 29.3091
17.646 -13.4056 31.3951
20.911 -11.4236 30.8411
19.234 -8.04456 31.6871
17.681 -9.47356 34.9261
21.017 -11.1066 35.9561
22.959 -7.80356 35.5361
20.273 -5.79056 37.4441
20.491 -8.38156 40.3091
24.353 -8.15756 40.1941

24.065 -4.30256 40.4501
21.397 -4.73456 43.2511
18.819 -2.77456 41.1491
15.215 -3.46156 42.2181

13.212 -4.45256 39.1071
10.127 -6.42056 37.9411
10.049 -9.13756 35.2251
7.04696 -10.2386 33.0811

7.31296 -12.9606 30.3831
5.47996 -16.0566 28.9691
6.05796 -17.9736 32.2781
4.62396 -15.2246 34.5941
1.11096 -16.2296 35.7831
-2.05204 -14.1336 35.1271
-2.42504 -13.0256 38.8151

1.33296 -12.3836 39.4021
1.32396 -10.1586 36.2351
-1.23704 -7.82656 37.8991
0.611959 -7.88156 41.2831
4.04796 -7.09356 39.6751
2.30696 -4.32456 37.6521
0.972959 -2.83656 40.9521
4.44996 -3.21956 42.6051
6.09796 -1.20356 39.7371
3.24996 1.39644 39.7871
3.17596 1.96044 43.5981

6.80896 1.29744 44.7321
9.39296 4.07944 44.0461
12.196 1.45144 44.4961
11.385 -0.55256 41.3181
13.354 1.42844 38.6971

13.212 -1.09556 35.7841
10.452 -3.26656 34.3051
11.914 -6.12856 32.1751
9.05796 -7.03856 29.8021
8.48396 -9.56656 27.0141

7.17196 -7.67056 23.9131
4.74296 -10.5806 23.2041
3.67996 -11.4296 26.8011
3.19296 -7.83556 28.1681
1.47096 -6.30656 25.0351
-1.99004 -6.78056 26.7231
-3.98804 -5.82456 29.8741
-1.22104 -4.05856 31.8691
-0.772041 -0.28656 32.5541
2.68096 1.25644 33.2631
1.84396 4.99144 33.7091
4.55396 5.32344 36.4621
7.33796 5.25844 33.7891
8.22196 8.06344 31.2921

10.669 5.98644 29.1501
10.36 2.82244 27.0081
13.527 1.05544 25.7231
13.15 -1.57756 22.9791

16.31 -3.70056 23.4231
15.101 -5.72056 20.3921
13.09 -4.91756 17.2441
9.89696 -6.88256 16.4481
8.81096 -7.43656 12.7811
5.16496 -6.46456 13.5261

4.62496 -2.68756 14.1741
1.15196 -3.23556 15.7371
2.85296 -5.10256 18.6571
5.47196 -2.30656 19.0721
2.63496 0.32144 19.2261
0.754959 -1.91856 21.7611
3.93296 -1.92556 23.9411
4.40696 1.92544 23.7091

0.708959 2.40044 24.7271
1.38296 0.55344 28.0111
3.00396 3.83344 29.2761
1.07196 6.35544 27.1311
-2.31204 5.86244 28.9551
-4.85204 8.03644 30.8381
-2.92804 8.97844 34.0351
0.379959 9.75044 32.2131
1.60896 13.3504 32.9271
5.13096 13.2814 31.3141
6.23396 13.2444 27.6281

6.85596 9.56344 26.8051
10.346 8.74244 25.4731
10.608 5.69144 23.1381
14.169 4.43944 22.3971
14.673 1.75544 19.6851
18.093 0.06044 20.1931
19.626 -0.95556 16.7901

23.015 -2.45556 15.7681
24.716 -1.93656 12.3391
25.822 -5.30156 10.8151
22.799 -7.27656 12.2331
19.127 -8.27656 11.6071

18.115 -4.69256 12.6861
19.434 -3.34856 9.30214
16.654 -5.35656 7.49214
13.955 -5.27956 10.2261
13.919 -1.46556 10.6461
13.108 -0.62356 6.93214
10.523 -3.51056 6.98214
8.81396 -2.07356 10.1261
8.82696 1.43944 8.50914
7.13396 0.35644 5.22714
4.53296 -1.56856 7.34214
3.69096 1.56644 9.46114
3.33096 3.55844 6.18914
0.857959 0.91344 4.82414
-1.06404 1.17944 8.15614
-1.04904 5.04344 7.99214
-2.27604 5.12744 4.32214

-5.14904 2.80544 5.43914
-5.94904 5.34744 8.28414
-4.87304 2.74644 10.9281
-1.85304 4.65344 12.4041
-0.678041 8.26844 12.9761
2.77996 6.82944 13.7111
5.25396 7.96544 11.0661
8.69396 6.29344 11.5391
10.579 8.09944 8.65014

11.585 11.1884 10.7321
13.633 8.99944 13.1751
15.98 7.68244 10.3961
16.831 11.0794 8.83714

18.096 12.0384 12.3671
20.581 9.06544 12.7901

End chain 1
