-13.201 -6.296 -53.957
-10.703 -3.406 -53.291
-9.54 -3.087 -49.639
-11.02 0.322 -48.639
-8.614 1.85 -46.053
-10.787 3.126 -43.162

-9.634 6.195 -41.181
-10.061 4.9 -37.589
-10.286 6.838 -34.306
-12.195 7.103 -30.979
-14.163 9.439 -28.711
-12.619 10.223 -25.263
-14.157 12.207 -22.344

-11.943 15.248 -21.466
-14.301 16.978 -18.949
-17.827 16.65 -17.399
-19.139 18.761 -20.353

-16.752 17.96 -23.312
-15.482 14.956 -25.281
-12.62 14.751 -27.824
-12.437 12.939 -31.204
-8.982 11.264 -31.393
-8.672 10.357 -35.1

-6.282 10.744 -38.079
-6.98 13.557 -40.6
-9.895 13.022 -43.051

-11.208 15.853 -45.293
-14.92 14.856 -45.011
-14.611 14.37 -41.226
-13.015 17.857 -40.827
-15.875 19.254 -42.999
-18.403 17.482 -40.669
-16.559 18.759 -37.515
-16.844 22.341 -38.957

-20.697 21.797 -39.029
-20.861 21.033 -35.24
-22.116 23.933 -33.104
-20.016 23.255 -29.939
-16.791 22.621 -31.971

-13.393 23.436 -30.391
-10.011 22.816 -32.063
-6.805 22.812 -29.99

-3.883 23.919 -32.209
-1.328 22.314 -29.773
-2.753 18.736 -29.691
-4.334 19.137 -33.217

-7.578 17.622 -31.79
-11.313 18.386 -31.995
-13.683 18.544 -28.991
-17.466 19.001 -28.65
-20.131 19.402 -25.91

-21.257 16.038 -24.476
-24.923 16.743 -25.497
-23.731 16.722 -29.178
-22.178 13.179 -28.839
-25.228 11.354 -30.322
-25.57 14.044 -33.093
-21.852 13.682 -34.021
-21.815 9.829 -34.037
-25.045 9.774 -36.128
-23.507 12.176 -38.75
-20.093 10.348 -38.803

-21.793 6.948 -39.527
-22.962 8.546 -42.834
-19.328 9.196 -43.991
-17.677 6.563 -46.261
-14.251 5.2 -45.121

-14.46 6.789 -41.562
-14.765 4.819 -38.279
-15.142 6.964 -35.114
-15.663 4.659 -32.101

-18.218 6.249 -29.657
-17.862 6.903 -25.912
-18.35 3.469 -24.195
-21.794 2.549 -22.772
-20.235 2.829 -19.255
-19.534 6.58 -19.812
-22.964 7.196 -21.431
-24.623 5.531 -18.378
-22.42 7.523 -15.909

-23.028 10.919 -17.654
-26.668 10.153 -18.714
-27.851 13.482 -17.123

-25.214 15.594 -18.963
-26 13.8 -22.296
-29.631 15.147 -21.909

-29.014 18.802 -20.797
-28.522 21.656 -23.337
-27.494 23.803 -20.296
-24.374 24.206 -18.108
-26.03 23.63 -14.722
-23.195 22.587 -12.38
-23.731 19.355 -10.334

-27.219 19.392 -8.694
-26.798 20.208 -4.988
-26.578 17.032 -2.906
-29.814 16.999 -0.82
-29.276 16.946 2.956
-30.305 13.551 4.343

-32.727 13.25 7.268
-30.389 11.851 9.975
-33.077 12.019 12.787
-33.159 8.159 12.923
-29.32 8.149 13.454
-27.82 8.306 16.969

-27.52 12.074 17.913
-23.991 11.509 19.371
-22.796 10.469 15.867
-24.731 13.185 13.93
-23.402 16.008 16.22
-19.738 14.82 15.861

-19.687 14.822 11.995
-17.445 17.587 10.586

-19.106 19.692 7.763
-17.231 17.783 4.996
-18.064 14.402 6.666
-21.796 15.407 6.677
-21.562 16.318 2.947
-19.943 12.855 2.346
-22.788 11.075 4.244
-25.363 13.084 2.191
-23.555 12.165 -1.104
-23.43 8.459 -0.115
-27.196 8.491 0.728
-28.024 10.343 -2.565

-25.973 7.645 -4.472
-28.214 5.048 -2.67
-25.512 3.7 -0.27

-23.352 2.353 -3.174
-19.956 4.118 -3.237
-16.209 4.012 -2.721
-15.295 6.541 0.021

-11.694 7.195 -1.128

-11.135 10.189 1.225
-7.504 10.605 2.377

-6.048 8.715 5.398
-7.361 9.956 8.784
-10.233 12.169 7.374
-12.706 9.981 9.408

-13.844 7.354 6.831
-15.012 5.081 9.734
-17.363 7.714 11.316
-18.876 8.506 7.854
-19.282 4.738 7.09
-21.02 4.042 10.461
-23.415 6.996 9.798
-24.247 5.855 6.195
-24.846 2.277 7.463
-26.955 3.52 10.461
-29.227 5.531 8.078

-29.9 2.058 6.507

-30.384 0.293 9.981
-33.886 -0.857 8.77
-32.05 -2.956 6.062
-29.626 -4.868 8.41
-27.981 -7.413 9.17

-24.774 -5.448 8.488
-21.551 -7.137 7.269
-18.235 -5.328 7.997
-15.132 -6.739 6.223
-11.829 -5.357 7.603

-8.05 -6.016 7.986
-7.416 -8.82 10.567
-5.856 -6.305 13.093
-8.689 -3.64 13.199

-11.758 -5.868 14.003
-11.895 -4.753 17.675
-11.154 -1.102 16.63
-14.365 -1.304 14.506
-16.414 -2.897 17.375
-15.268 -0.08 19.729
-16.109 2.476 16.969
-19.722 1.111 16.76
-20.082 1.14 20.611
-18.596 4.7 20.723
-20.823 6.195 17.978

-24.121 4.191 18.24
-24.851 3.95 22.056
-28.388 2.791 20.948
-26.764 -0.701 20.406
-26.03 -3.285 23.117

-22.632 -5.104 22.857
-24.638 -8.32 22.08
-25.78 -6.667 18.791

-22.091 -6.816 17.576
-20.505 -10.124 16.488
-16.681 -10.041 16.081

-15.702 -13.116 14.035
-12.316 -14.303 15.372
-12.201 -17.837 13.813
-13.405 -19.799 10.735
-15.769 -21.82 13.07
-17.788 -18.808 14.317
-21.352 -17.917 13.159
-21.075 -14.973 10.701
-24.816 -14.102 11.273
-24.919 -14.166 15.127
-25.108 -10.332 15.536
-27.08 -7.466 13.995

-23.588 -6.14 13.038
-21.065 -8.833 11.965
-17.336 -7.898 11.803
-15.009 -10.302 9.887
-11.529 -10.295 8.291

-10.658 -10.74 4.577
-8.757 -14.009 5.375
-11.833 -15.546 7.113
-14.3 -14.769 4.222

-12.926 -17.715 2.14
-13.287 -20.073 5.183
-16.843 -18.74 5.845
-18.014 -18.815 2.139
-20.731 -21.415 3.044
-22.243 -18.836 5.512
-21.955 -15.894 2.989
-25.071 -17.433 1.278
-27.188 -15.451 3.825
-28.094 -12.137 2.052
-26.367 -9.235 3.842
-28.236 -6.215 2.36

-25.704 -3.677 3.792
-21.936 -4.298 3.429
-19.007 -2.145 4.602
-15.517 -3.11 3.36

-12.662 -1.237 5.059
-9.341 -0.865 3.151

-11.066 -2.352 0.031
-7.765 -2.207 -1.968
-7.252 -5.742 -0.456
-9.774 -6.866 -3.176

-7.558 -5.436 -6.054
-6.861 -8.909 -7.611
-9.913 -10.983 -8.736
-7.994 -14.348 -8.638
-7.386 -14.116 -4.839

-9.551 -16.269 -2.508
-10.568 -13.122 -0.487
-11.832 -11.409 -3.693
-13.586 -14.593 -5.006
-15.461 -14.905 -1.648
-16.313 -11.137 -1.332
-17.465 -10.353 -4.925
-20.7 -12.523 -5.003
-21.961 -10.786 -1.799
-21.004 -7.272 -3.064
-22.893 -7.826 -6.386
-26.148 -8.927 -4.576

-26.072 -6.644 -1.465
-28.372 -3.542 -1.704

-25.826 -1.116 -0.104
-22.019 -1.347 -0.629
-19.769 1.077 1.29
-16.145 0.543 0.177
-13.427 2.479 2.088

-9.739 3.065 1.181
-6.998 5.712 1.573
-5.29 4.301 -1.537
-8.002 2.778 -3.832
-5.263 1.979 -6.345
-1.844 1.044 -4.877
0.179 1.273 -8.156
-1.96 0.815 -11.364

-5.486 1.412 -12.884
-6.145 -2.396 -13.101
-6.402 -2.518 -9.223
-9.619 -0.37 -9.379
-11.628 -2.846 -11.528
-12.904 -5.026 -8.614
-13.981 -1.892 -6.643
-15.738 -0.406 -9.758
-17.759 -3.638 -10.376
-18.545 -3.926 -6.614
-20.104 -0.383 -6.596

-21.607 -0.654 -10.172
-21.992 -4.37 -11.257
-23.172 -3.251 -14.78
-19.935 -1.29 -15.508
-17.337 -3.236 -17.592
-18.9 -6.785 -17.229
-15.576 -8.217 -18.571

-12.101 -7.019 -17.429
-10.719 -7.022 -21.032
-12.866 -3.967 -22.03
-11.565 -2.031 -18.959
-7.965 -3.199 -19.668
-8.028 -2.162 -23.384
-9.238 1.366 -22.43
-7.403 2.18 -19.142

-4.51 -0.351 -18.764
-2.851 0.132 -22.242
-3.499 -3.577 -22.858

-0.922 -5.224 -25.189
-1.171 -8.572 -27.031
2.109 -10.415 -26.274

0.238848 -10.0493 -22.9223
-1.22305 -13.3357 -21.4351

0.58608 -12.5596 -18.1809
3.37942 -11.7808 -15.8009
6.37018 -11.0741 -13.4391

4.35918 -8.60313 -11.2451
7.29018 -6.98713 -9.28605
6.95918 -3.66013 -11.1791
4.74018 -0.573127 -10.8331
2.61218 1.48687 -13.2721
-0.142819 4.18187 -13.3501

0.317181 4.89887 -9.57505
-1.51382 8.29687 -9.67405
-4.61382 6.52087 -11.1311
-4.28882 3.80687 -8.42705
-4.10782 6.57487 -5.73405
-7.31582 8.21287 -7.10305
-9.14882 4.81787 -7.21205
-8.03682 3.99487 -3.62505
-9.09582 7.39287 -2.13805
-12.4978 7.44287 -3.95105
-13.6748 3.83387 -3.41605

-11.4438 1.83187 -0.95005

-9.31082 3.88987 1.43395
-9.36882 6.78387 3.90495

-5.76582 8.02587 4.43795
-4.45882 11.0269 6.42695
-0.883819 11.8619 7.40095

0.642181 13.3459 10.6289
1.25318 16.5499 8.60695
-2.50182 16.7989 7.70695
-3.94182 16.4289 11.2669

-1.13082 16.9239 13.8889
0.830181 20.1589 13.0579
2.24418 19.9219 16.6579
4.24918 16.6539 16.2419

8.04818 17.3479 16.2269
9.80118 16.6139 12.9029

11.4572 13.2439 12.1599
15.0732 14.0919 11.1819
16.6102 11.2019 9.17995
20.2892 10.7039 8.23295
22.6512 8.09487 6.83095
25.6922 7.39987 9.07195
28.5112 5.84587 7.01695

30.2912 3.64487 9.60795
34.0062 3.46387 8.79795

34.9902 0.232873 6.87495
38.6052 0.703873 8.20295
37.5672 -1.48813 11.2249

36.5262 -4.27713 8.73995
39.6642 -6.45813 8.80595

41.1702 -7.73113 5.50795
39.8582 -11.3491 6.04895
36.2362 -10.1511 6.59995
36.5132 -7.82113 3.53895
37.9422 -10.6661 1.38695
35.0042 -12.8831 2.57195
32.4582 -10.1481 1.57395
34.2552 -9.75013 -1.81605
34.1682 -13.5761 -2.24705
30.3952 -13.8851 -1.49905
29.7072 -10.8331 -3.76705
31.6622 -12.5091 -6.65405
29.8882 -15.8221 -5.86305
26.3912 -14.2701 -6.44705
27.4822 -12.9391 -9.91805

28.9622 -16.2691 -11.1701
27.1322 -17.3671 -14.3751
27.2732 -21.1471 -13.8401
25.4022 -21.3081 -10.4551
21.8292 -22.5361 -9.94805

19.0332 -20.1491 -8.79405
19.3522 -21.8111 -5.33105
23.1742 -21.3521 -5.04205
22.6232 -17.6501 -6.01305
20.0342 -17.2971 -3.13805
22.4022 -19.1171 -0.70105
25.3512 -16.8251 -1.65805
23.0002 -13.7871 -1.20205
21.9852 -14.9891 2.32195
25.7002 -15.5701 3.12895
26.6702 -12.0491 1.85695
23.8432 -10.5101 3.97195
24.7982 -12.4591 7.16995
28.5312 -11.5421 6.60295
27.4812 -7.85213 6.24295
25.8302 -8.04113 9.70295
28.9902 -9.62213 11.2719
31.2902 -7.06113 9.54395
29.2912 -4.08713 10.9899
29.2382 -5.28313 14.6879
32.5252 -3.53013 15.8249
31.5882 -0.0971274 14.3529
27.9032 -0.452127 15.3929
29.2442 -1.00013 18.9639
31.7162 1.94287 18.5769
28.7892 4.19387 17.4939
26.4772 3.04187 20.3839
29.2822 3.80987 22.8949
29.9362 7.25987 21.2699
26.1872 8.05687 21.7459
26.3142 7.04587 25.4709
29.6392 8.91087 26.0609

27.9812 11.9899 24.3779
25.5012 11.9749 27.3519
22.3322 10.6779 25.5609
19.6382 9.72487 28.0889
17.3852 7.37587 25.9649

17.6042 5.78087 22.4839
16.4362 2.70487 20.5129
18.8062 0.342873 18.6379
17.2202 -1.72413 15.8339
18.8412 -4.87913 14.3629

17.4592 -8.18013 12.8859
20.3372 -10.7241 12.9409

20.4682 -12.4081 16.3939
24.3312 -12.2061 16.4519
24.1012 -8.34913 16.2099
21.4982 -8.16413 19.0539
23.6592 -10.5991 21.1399
26.9242 -8.61713 20.5859
25.2472 -5.23813 21.4319
23.6942 -6.66713 24.6709
27.0302 -8.30013 25.7009
28.9722 -4.99713 25.2809
26.2862 -2.98413 27.1889
26.5042 -5.57513 30.0539
30.3662 -5.35113 29.9389

30.0782 -1.49613 30.1949
27.4102 -1.92813 32.9959
24.8322 0.0318726 30.8939
21.2282 -0.655127 31.9629

19.2252 -1.64613 28.8519
16.1402 -3.61413 27.6859
16.0622 -6.33113 24.9699
13.0602 -7.43213 22.8259

13.3262 -10.1541 20.1279
11.4932 -13.2501 18.7139
12.0712 -15.1671 22.0229
10.6372 -12.4181 24.3389
7.12418 -13.4231 25.5279
3.96118 -11.3271 24.8719
3.58818 -10.2191 28.5599

7.34618 -9.57713 29.1469
7.33718 -7.35213 25.9799
4.77618 -5.02013 27.6439
6.62518 -5.07513 31.0279
10.0612 -4.28713 29.4199
8.32018 -1.51813 27.3969
6.98618 -0.0301274 30.6969
10.4632 -0.413127 32.3499
12.1112 1.60287 29.4819
9.26318 4.20287 29.5319
9.18918 4.76687 33.3429

12.8222 4.10387 34.4769
15.4062 6.88587 33.7909
18.2092 4.25787 34.2409
17.3982 2.25387 31.0629
19.3672 4.23487 28.4419

19.2252 1.71087 25.5289
16.4652 -0.460127 24.0499
17.9272 -3.32213 21.9199
15.0712 -4.23213 19.5469
14.4972 -6.76013 16.7589

13.1852 -4.86413 13.6579
10.7562 -7.77413 12.9489
9.69318 -8.62313 16.5459
9.20618 -5.02913 17.9129
7.48418 -3.50013 14.7799
4.02318 -3.97413 16.4679
2.02518 -3.01813 19.6189
4.79218 -1.25213 21.6139
5.24118 2.51987 22.2989
8.69418 4.06287 23.0079
7.85718 7.79787 23.4539
10.5672 8.12987 26.2069
13.3512 8.06487 23.5339
14.2352 10.8699 21.0369

16.6822 8.79287 18.8949
16.3732 5.62887 16.7529
19.5402 3.86187 15.4679
19.1632 1.22887 12.7239

22.3232 -0.894127 13.1679
21.1142 -2.91413 10.1369
19.1032 -2.11113 6.98895
15.9102 -4.07613 6.19295
14.8242 -4.63013 2.52595
11.1782 -3.65813 3.27095

10.6382 0.118873 3.91895
7.16518 -0.429127 5.48195
8.86618 -2.29613 8.40195
11.4852 0.499873 8.81695
8.64818 3.12787 8.97095
6.76818 0.887873 11.5059
9.94618 0.880873 13.6859
10.4202 4.73187 13.4539

6.72218 5.20687 14.4719
7.39618 3.35987 17.7559
9.01718 6.63987 19.0209
7.08518 9.16187 16.8759
3.70118 8.66887 18.6999
1.16118 10.8429 20.5829
3.08518 11.7849 23.7799
6.39318 12.5569 21.9579
7.62218 16.1569 22.6719
11.1442 16.0879 21.0589
12.2472 16.0509 17.3729

12.8692 12.3699 16.5499
16.3592 11.5489 15.2179
16.6212 8.49787 12.8829
20.1822 7.24587 12.1419
20.6862 4.56187 9.42995
24.1062 2.86687 9.93795
25.6392 1.85087 6.53495

29.0282 0.350873 5.51295
30.7292 0.869873 2.08395
31.8352 -2.49513 0.55995
28.8122 -4.47013 1.97795
25.1402 -5.47013 1.35195

24.1282 -1.88613 2.43095
25.4472 -0.542127 -0.95305
22.6672 -2.55013 -2.76305
19.9682 -2.47313 -0.0290503
19.9322 1.34087 0.39095
19.1212 2.18287 -3.32305
16.5362 -0.704127 -3.27305
14.8272 0.732873 -0.12905
14.8402 4.24587 -1.74605
13.1472 3.16287 -5.02805
10.5462 1.23787 -2.91305
9.70418 4.37287 -0.79405
9.34418 6.36487 -4.06605
6.87118 3.71987 -5.43105
4.94918 3.98587 -2.09905
4.96418 7.84987 -2.26305
3.73718 7.93387 -5.93305

0.864181 5.61187 -4.81605
0.0641812 8.15387 -1.97105
1.14018 5.55287 0.67295
4.16018 7.45987 2.14895
5.33518 11.0749 2.72095
8.79318 9.63587 3.45595
11.2672 10.7719 0.81095
14.7072 9.09987 1.28395
16.5922 10.9059 -1.60505

17.5982 13.9949 0.47695
19.6462 11.8059 2.91995
21.9932 10.4889 0.14095
22.8442 13.8859 -1.41805

24.1092 14.8449 2.11195
26.5942 11.8719 2.53495

End chain 1
