-13.201 -6.296 -53.957
-10.703 -3.406 -53.291
-9.54 -3.087 -49.639
-11.02 0.322 -48.639
-8.614 1.85 -46.053
-10.787 3.126 -43.162

-9.634 6.195 -41.181
-10.061 4.9 -37.589
-10.286 6.838 -34.306
-12.195 7.103 -30.979
-14.163 9.439 -28.711
-12.619 10.223 -25.263
-14.157 12.207 -22.344

-11.943 15.248 -21.466
-14.301 16.978 -18.949
-17.827 16.65 -17.399
-19.139 18.761 -20.353

-16.752 17.96 -23.312
-15.482 14.956 -25.281
-12.62 14.751 -27.824
-12.437 12.939 -31.204
-8.982 11.264 -31.393
-8.672 10.357 -35.1

-6.282 10.744 -38.079
-6.98 13.557 -40.6
-9.895 13.022 -43.051

-11.208 15.853 -45.293
-14.92 14.856 -45.011
-14.611 14.37 -41.226
-13.015 17.857 -40.827
-15.875 19.254 -42.999
-18.403 17.482 -40.669
-16.559 18.759 -37.515
-16.844 22.341 -38.957

-20.697 21.797 -39.029
-20.861 21.033 -35.24
-22.116 23.933 -33.104
-20.016 23.255 -29.939
-16.791 22.621 -31.971

-13.393 23.436 -30.391
-10.011 22.816 -32.063
-6.805 22.812 -29.99

-3.883 23.919 -32.209
-1.328 22.314 -29.773
-2.753 18.736 -29.691
-4.334 19.137 -33.217

-7.578 17.622 -31.79
-11.313 18.386 -31.995
-13.683 18.544 -28.991
-17.466 19.001 -28.65
-20.131 19.402 -25.91

-21.257 16.038 -24.476
-24.923 16.743 -25.497
-23.731 16.722 -29.178
-22.178 13.179 -28.839
-25.228 11.354 -30.322
-25.57 14.044 -33.093
-21.852 13.682 -34.021
-21.815 9.829 -34.037
-25.045 9.774 -36.128
-23.507 12.176 -38.75
-20.093 10.348 -38.803

-21.793 6.948 -39.527
-22.962 8.546 -42.834
-19.328 9.196 -43.991
-17.677 6.563 -46.261
-14.251 5.2 -45.121

-14.46 6.789 -41.562
-14.765 4.819 -38.279
-15.142 6.964 -35.114
-15.663 4.659 -32.101

-18.218 6.249 -29.657
-17.862 6.903 -25.912
-18.35 3.469 -24.195
-21.794 2.549 -22.772
-20.235 2.829 -19.255
-19.534 6.58 -19.812
-22.964 7.196 -21.431
-24.623 5.531 -18.378
-22.42 7.523 -15.909

-23.028 10.919 -17.654
-26.668 10.153 -18.714
-27.851 13.482 -17.123

-25.214 15.594 -18.963
-26 13.8 -22.296
-29.631 15.147 -21.909

-29.014 18.802 -20.797
-28.522 21.656 -23.337
-27.494 23.803 -20.296
-24.374 24.206 -18.108
-26.03 23.63 -14.722
-23.195 22.587 -12.38
-23.731 19.355 -10.334

-27.219 19.392 -8.694
-26.798 20.208 -4.988
-26.578 17.032 -2.906
-29.814 16.999 -0.82
-29.276 16.946 2.956
-30.305 13.551 4.343

-32.727 13.25 7.268
-30.389 11.851 9.975
-33.077 12.019 12.787
-33.159 8.159 12.923
-29.32 8.149 13.454
-27.82 8.306 16.969

-27.52 12.074 17.913
-23.991 11.509 19.371
-22.796 10.469 15.867
-24.731 13.185 13.93
-23.402 16.008 16.22
-19.738 14.82 15.861

-19.687 14.822 11.995
-17.445 17.587 10.586

-19.106 19.692 7.763
-17.231 17.783 4.996
-18.064 14.402 6.666
-21.796 15.407 6.677
-21.562 16.318 2.947
-19.943 12.855 2.346
-22.788 11.075 4.244
-25.363 13.084 2.191
-23.555 12.165 -1.104
-23.43 8.459 -0.115
-27.196 8.491 0.728
-28.024 10.343 -2.565

-25.973 7.645 -4.472
-28.214 5.048 -2.67
-25.512 3.7 -0.27

-23.352 2.353 -3.174
-19.956 4.118 -3.237
-16.209 4.012 -2.721
-15.295 6.541 0.021

-11.694 7.195 -1.128

-11.135 10.189 1.225
-7.504 10.605 2.377

-6.048 8.715 5.398
-7.361 9.956 8.784
-10.233 12.169 7.374
-12.706 9.981 9.408

-13.844 7.354 6.831
-15.012 5.081 9.734
-17.363 7.714 11.316
-18.876 8.506 7.854
-19.282 4.738 7.09
-21.02 4.042 10.461
-23.415 6.996 9.798
-24.247 5.855 6.195
-24.846 2.277 7.463
-26.955 3.52 10.461
-29.227 5.531 8.078

-29.6409 2.79151 5.60455

-30.2359 4.11543 2.09226
-30.5442 7.67676 3.38251
-27.2946 7.35665 5.32688
-25.475 6.04638 2.25852
-26.7537 8.93572 0.146813

-23.5467 10.9007 -0.535187
-20.3237 9.21172 -1.75419
-17.0077 11.0207 -1.02619
-13.9047 9.60972 -2.80019
-10.6017 10.9917 -1.42019

-6.82274 10.3327 -1.03719
-6.18874 7.52872 1.54381
-4.62874 10.0437 4.06981
-7.46174 12.7087 4.17581

-10.5307 10.4807 4.97981
-10.6677 11.5957 8.65181
-9.92674 15.2467 7.60681
-13.1377 15.0447 5.48281
-15.1867 13.4517 8.35181
-14.0407 16.2687 10.7058
-14.8817 18.8247 7.94581
-18.4947 17.4597 7.73681
-18.8547 17.4887 11.5878
-17.3687 21.0487 11.6998
-19.5957 22.5437 8.95481

-22.8937 20.5397 9.21681
-23.6237 20.2987 13.0328
-27.1607 19.1397 11.9248
-25.5367 15.6477 11.3828
-24.8027 13.0637 14.0938

-21.4047 11.2447 13.8338
-23.4107 8.02872 13.0568
-24.5527 9.68172 9.76781

-20.8637 9.53272 8.55281
-19.2777 6.22472 7.46481
-15.4537 6.30772 7.05781

-14.4747 3.23272 5.01181
-11.0887 2.04572 6.34881
-10.9737 -1.48828 4.78981
-12.1777 -3.45028 1.71181
-14.5417 -5.47128 4.04681
-16.5607 -2.45928 5.29381
-20.1247 -1.56828 4.13581
-19.8477 1.37572 1.67781
-23.5887 2.24672 2.24981
-23.6917 2.18272 6.10381
-23.8807 6.01672 6.51281
-25.8527 8.88272 4.97181

-22.3607 10.2087 4.01481
-19.8377 7.51572 2.94181
-16.1087 8.45072 2.77981
-13.7817 6.04672 0.863813
-10.3017 6.05372 -0.732187

-9.43074 5.60872 -4.44619
-7.52974 2.33972 -3.64819
-10.6057 0.802721 -1.91019
-13.0727 1.57972 -4.80119

-11.6987 -1.36628 -6.88319
-12.0597 -3.72428 -3.84019
-15.6157 -2.39128 -3.17819
-16.7867 -2.46628 -6.88419
-19.5037 -5.06628 -5.97919
-21.0157 -2.48728 -3.51119
-20.7277 0.454721 -6.03419
-23.8437 -1.08428 -7.74519
-25.9607 0.897721 -5.19819
-26.8667 4.21172 -6.97119
-25.1397 7.11372 -5.18119
-27.0087 10.1337 -6.66319

-24.4767 12.6717 -5.23119
-20.7087 12.0507 -5.59419
-17.7797 14.2037 -4.42119
-14.2897 13.2387 -5.66319

-11.4347 15.1117 -3.96419
-8.11374 15.4837 -5.87219

-9.83874 13.9967 -8.99219
-6.53774 14.1417 -10.9912
-6.02474 10.6067 -9.47919
-8.54674 9.48272 -12.1992

-6.33074 10.9127 -15.0772
-5.63374 7.43972 -16.6342
-8.68574 5.36572 -17.7592
-6.76674 2.00072 -17.6612
-6.15874 2.23272 -13.8622

-8.32374 0.0797208 -11.5312
-9.34074 3.22672 -9.51019
-10.6047 4.93972 -12.7162
-12.3587 1.75572 -14.0292
-14.2337 1.44372 -10.6712
-15.0857 5.21172 -10.3552
-16.2377 5.99572 -13.9482
-19.4727 3.82572 -14.0262
-20.7337 5.56272 -10.8222
-19.7767 9.07672 -12.0872
-21.6657 8.52272 -15.4092
-24.9207 7.42172 -13.5992

-24.8447 9.70472 -10.4882
-27.1447 12.8067 -10.7272

-24.5987 15.2327 -9.12719
-20.7917 15.0017 -9.65219
-18.5417 17.4257 -7.73319
-14.9177 16.8917 -8.84619
-12.1997 18.8277 -6.93519

-8.51174 19.4137 -7.84219
-5.77074 22.0607 -7.45019
-4.06274 20.6497 -10.5602
-6.77474 19.1267 -12.8552
-4.03574 18.3277 -15.3682
-0.61674 17.3927 -13.9002
1.40626 17.6217 -17.1792
-0.73274 17.1637 -20.3872

-4.25874 17.7607 -21.9072
-4.91774 13.9527 -22.1242
-5.17474 13.8307 -18.2462
-8.39174 15.9787 -18.4022
-10.4007 13.5027 -20.5512
-11.6767 11.3227 -17.6372
-12.7537 14.4567 -15.6662
-14.5107 15.9427 -18.7812
-16.5317 12.7107 -19.3992
-17.3177 12.4227 -15.6372
-18.8767 15.9657 -15.6192

-20.3797 15.6947 -19.1952
-20.7647 11.9787 -20.2802
-21.9447 13.0977 -23.8032
-18.7077 15.0587 -24.5312
-16.1097 13.1127 -26.6152
-17.6727 9.56372 -26.2522
-14.3487 8.13172 -27.5942

-10.8737 9.32972 -26.4522
-9.49174 9.32672 -30.0552
-11.6387 12.3817 -31.0532
-10.3377 14.3177 -27.9822
-6.73774 13.1497 -28.6912
-6.80074 14.1867 -32.4072
-8.01074 17.7147 -31.4532
-6.17574 18.5287 -28.1652

-3.28274 15.9977 -27.7872
-1.62374 16.4807 -31.2652
-2.27174 12.7717 -31.8812

0.30526 11.1247 -34.2122
0.0562599 7.77672 -36.0542
3.33626 5.93372 -35.2972

4.33226 2.45172 -36.7252
3.28226 0.884721 -33.3382

-0.0737401 2.77772 -32.9312
-1.23774 6.26072 -31.8372
0.85226 8.68572 -29.7552

-1.15874 11.1567 -27.5612
1.77226 12.7727 -25.6022
1.44126 16.0997 -27.4952
-0.77774 19.1867 -27.1492
-2.90574 21.2467 -29.5882
-5.66074 23.9417 -29.6662

-5.20074 24.6587 -25.8912
-7.03174 28.0567 -25.9902
-10.1317 26.2807 -27.4472
-9.80674 23.5667 -24.7432
-9.62574 26.3347 -22.0502
-12.8337 27.9727 -23.4192
-14.6667 24.5777 -23.5282
-13.5547 23.7547 -19.9412
-14.6137 27.1527 -18.4542
-18.0157 27.2027 -20.2672
-19.1927 23.5937 -19.7322

-16.9617 21.5917 -17.2662

-14.8287 23.6497 -14.8822
-14.8867 26.5437 -12.4112

-11.2837 27.7857 -11.8782
-9.97674 30.7867 -9.88919
-6.40174 31.6217 -8.91519

-4.87574 33.1057 -5.68719
-4.26474 36.3097 -7.70919
-8.01974 36.5587 -8.60919
-9.45974 36.1887 -5.04919

-6.64874 36.6837 -2.42719
-4.68774 39.9187 -3.25819
-3.27374 39.6817 0.341813
-1.26874 36.4137 -0.0741869

2.53026 37.1077 -0.0891869
4.28326 36.3737 -3.41319

5.93926 33.0037 -4.15619
9.55526 33.8517 -5.13419
11.0923 30.9617 -7.13619
14.7713 30.4637 -8.08319
17.1333 27.8547 -9.48519
20.1743 27.1597 -7.24419
22.9933 25.6057 -9.29919

24.7733 23.4047 -6.70819
28.4883 23.2237 -7.51819

29.4723 19.9927 -9.44119
33.0873 20.4637 -8.11319
32.0493 18.2717 -5.09119

31.0083 15.4827 -7.57619
34.1463 13.3017 -7.51019

35.6523 12.0287 -10.8082
34.3403 8.41072 -10.2672
30.7183 9.60872 -9.71619
30.9953 11.9387 -12.7772
32.4243 9.09372 -14.9292
29.4863 6.87672 -13.7442
26.9403 9.61172 -14.7422
28.7373 10.0097 -18.1322
28.6503 6.18372 -18.5632
24.8773 5.87472 -17.8152
24.1893 8.92672 -20.0832
26.1443 7.25072 -22.9702
24.3703 3.93772 -22.1792
20.8733 5.48972 -22.7632
21.9643 6.82072 -26.2342

23.4443 3.49072 -27.4862
21.6143 2.39272 -30.6912
21.7553 -1.38728 -30.1562
19.8843 -1.54828 -26.7712
16.3113 -2.77628 -26.2642

13.5153 -0.389279 -25.1102
13.8343 -2.05128 -21.6472
17.6563 -1.59228 -21.3582
17.1053 2.10972 -22.3292
14.5163 2.46272 -19.4542
16.8843 0.642721 -17.0172
19.8333 2.93472 -17.9742
17.4823 5.97272 -17.5182
16.4673 4.77072 -13.9942
20.1823 4.18972 -13.1872
21.1523 7.71072 -14.4592
18.3253 9.24972 -12.3442
19.2803 7.30072 -9.14619
23.0133 8.21772 -9.71319
21.9633 11.9077 -10.0732
20.3123 11.7187 -6.61319
23.4723 10.1377 -5.04419
25.7723 12.6987 -6.77219
23.7733 15.6727 -5.32619
23.7203 14.4767 -1.62819
27.0073 16.2297 -0.491187
26.0703 19.6627 -1.96319
22.3853 19.3077 -0.923187
23.7263 18.7597 2.64781
26.1983 21.7027 2.26081
23.2713 23.9537 1.17781
20.9593 22.8017 4.06781
23.7643 23.5697 6.57881
24.4183 27.0197 4.95381
20.6693 27.8167 5.42981
20.7963 26.8057 9.15481
24.1213 28.6707 9.74481

22.4633 31.7497 8.06181
19.9833 31.7347 11.0358
16.8143 30.4377 9.24481
14.1203 29.4847 11.7728
11.8673 27.1357 9.64881

12.0863 25.5407 6.16781
10.9183 22.4647 4.19681
13.2883 20.1027 2.32181
11.7023 18.0357 -0.482187
13.3233 14.8807 -1.95319

11.9413 11.5797 -3.43019
14.8193 9.03572 -3.37519

14.9503 7.35172 0.0778131
18.8133 7.55372 0.135813
18.5833 11.4107 -0.106187
15.9803 11.5957 2.73781
18.1413 9.16072 4.82381
21.4063 11.1427 4.26981
19.7293 14.5217 5.11581
18.1763 13.0927 8.35481
21.5123 11.4597 9.38481
23.4543 14.7627 8.96481
20.7683 16.7757 10.8728
20.9863 14.1847 13.7378
24.8483 14.4087 13.6228

24.5603 18.2637 13.8788
21.8923 17.8317 16.6798
19.3143 19.7917 14.5778
15.7103 19.1047 15.6468

13.7073 18.1137 12.5358
10.6223 16.1457 11.3698
10.5443 13.4287 8.65381
7.54226 12.3277 6.50981

7.80826 9.60572 3.81181
5.97526 6.50972 2.39781
6.55326 4.59272 5.70681
5.11926 7.34172 8.02281
1.60626 6.33672 9.21181
-1.55674 8.43272 8.55581
-1.92974 9.54072 12.2438

1.82826 10.1827 12.8308
1.81926 12.4077 9.66381
-0.74174 14.7397 11.3278
1.10726 14.6847 14.7118
4.54326 15.4727 13.1038
2.80226 18.2417 11.0808
1.46826 19.7297 14.3808
4.94526 19.3467 16.0338
6.59326 21.3627 13.1658
3.74526 23.9627 13.2158
3.67126 24.5267 17.0268

7.30426 23.8637 18.1608
9.88826 26.6457 17.4748
12.6913 24.0177 17.9248
11.8803 22.0137 14.7468
13.8493 23.9947 12.1258

13.7073 21.4707 9.21281
10.9473 19.2997 7.73381
12.4093 16.4377 5.60381
9.55326 15.5277 3.23081
8.97926 12.9997 0.442813

7.66726 14.8957 -2.65819
5.23826 11.9857 -3.36719
4.17526 11.1367 0.229813
3.68826 14.7307 1.59681
1.96626 16.2597 -1.53619
-1.49474 15.7857 0.151813
-3.49274 16.7417 3.30281
-0.72574 18.5077 5.29781
-0.27674 22.2797 5.98281
3.17626 23.8227 6.69181
2.33926 27.5577 7.13781
5.04926 27.8897 9.89081
7.83326 27.8247 7.21781
8.71726 30.6297 4.72081

11.1643 28.5527 2.57881
10.8553 25.3887 0.436813
14.0223 23.6217 -0.848187
13.6453 20.9887 -3.59219

16.8053 18.8657 -3.14819
15.5963 16.8457 -6.17919
13.5853 17.6487 -9.32719
10.3923 15.6837 -10.1232
9.30626 15.1297 -13.7902
5.66026 16.1017 -13.0452

5.12026 19.8787 -12.3972
1.64726 19.3307 -10.8342
3.34826 17.4637 -7.91419
5.96726 20.2597 -7.49919
3.13026 22.8877 -7.34519
1.25026 20.6477 -4.81019
4.42826 20.6407 -2.63019
4.90226 24.4917 -2.86219

1.20426 24.9667 -1.84419
1.87826 23.1197 1.43981
3.49926 26.3997 2.70481
1.56726 28.9217 0.559813
-1.81674 28.4287 2.38381
-4.35674 30.6027 4.26681
-2.43274 31.5447 7.46381
0.87526 32.3167 5.64181
2.10426 35.9167 6.35581
5.62626 35.8477 4.74281
6.72926 35.8107 1.05681

7.35126 32.1297 0.233813
10.8413 31.3087 -1.09819
11.1033 28.2577 -3.43319
14.6643 27.0057 -4.17419
15.1683 24.3217 -6.88619
18.5883 22.6267 -6.37819
20.1213 21.6107 -9.78119

23.5103 20.1107 -10.8032
25.2113 20.6297 -14.2322
26.3173 17.2647 -15.7562
23.2943 15.2897 -14.3382
19.6223 14.2897 -14.9642

18.6103 17.8737 -13.8852
19.9293 19.2177 -17.2692
17.1493 17.2097 -19.0792
14.4503 17.2867 -16.3452
14.4143 21.1007 -15.9252
13.6033 21.9427 -19.6392
11.0183 19.0557 -19.5892
9.30926 20.4927 -16.4452
9.32226 24.0057 -18.0622
7.62926 22.9227 -21.3442
5.02826 20.9977 -19.2292
4.18626 24.1327 -17.1102
3.82626 26.1247 -20.3822
1.35326 23.4797 -21.7472
-0.56874 23.7457 -18.4152
-0.55374 27.6097 -18.5792
-1.78074 27.6937 -22.2492

-4.65374 25.3717 -21.1322
-5.45374 27.9137 -18.2872
-4.37774 25.3127 -15.6432
-1.35774 27.2197 -14.1672
-0.18274 30.8347 -13.5952
3.27526 29.3957 -12.8602
5.74926 30.5317 -15.5052
9.18926 28.8597 -15.0322
11.0743 30.6657 -17.9212

12.0803 33.7547 -15.8392
14.1283 31.5657 -13.3962
16.4753 30.2487 -16.1752
17.3263 33.6457 -17.7342

18.5913 34.6047 -14.2042
21.0763 31.6317 -13.7812

End chain 1
