-13.201 -6.296 -53.957
-10.703 -3.406 -53.291
-9.54 -3.087 -49.639
-11.02 0.322 -48.639
-8.614 1.85 -46.053
-10.787 3.126 -43.162

-9.634 6.195 -41.181
-10.061 4.9 -37.589
-10.286 6.838 -34.306
-12.195 7.103 -30.979
-14.163 9.439 -28.711
-12.619 10.223 -25.263
-14.157 12.207 -22.344

-11.943 15.248 -21.466
-14.301 16.978 -18.949
-17.827 16.65 -17.399
-19.139 18.761 -20.353

-16.752 17.96 -23.312
-15.482 14.956 -25.281
-12.62 14.751 -27.824
-12.437 12.939 -31.204
-8.982 11.264 -31.393
-8.672 10.357 -35.1

-6.282 10.744 -38.079
-6.98 13.557 -40.6
-9.895 13.022 -43.051

-11.208 15.853 -45.293
-14.92 14.856 -45.011
-14.611 14.37 -41.226
-13.015 17.857 -40.827
-15.875 19.254 -42.999
-18.403 17.482 -40.669
-16.559 18.759 -37.515
-16.844 22.341 -38.957

-20.697 21.797 -39.029
-20.861 21.033 -35.24
-22.116 23.933 -33.104
-20.016 23.255 -29.939
-16.791 22.621 -31.971

-13.393 23.436 -30.391
-10.011 22.816 -32.063
-6.805 22.812 -29.99

-3.883 23.919 -32.209
-1.328 22.314 -29.773
-2.753 18.736 -29.691
-4.334 19.137 -33.217

-7.578 17.622 -31.79
-11.313 18.386 -31.995
-13.683 18.544 -28.991
-17.466 19.001 -28.65
-20.131 19.402 -25.91

-21.257 16.038 -24.476
-24.923 16.743 -25.497
-23.731 16.722 -29.178
-22.178 13.179 -28.839
-25.228 11.354 -30.322
-25.57 14.044 -33.093
-21.852 13.682 -34.021
-21.815 9.829 -34.037
-25.045 9.774 -36.128
-23.507 12.176 -38.75
-20.093 10.348 -38.803

-21.793 6.948 -39.527
-22.962 8.546 -42.834
-19.328 9.196 -43.991
-17.677 6.563 -46.261
-14.251 5.2 -45.121

-14.46 6.789 -41.562
-14.765 4.819 -38.279
-15.142 6.964 -35.114
-15.663 4.659 -32.101

-18.218 6.249 -29.657
-17.862 6.903 -25.912
-18.35 3.469 -24.195
-21.794 2.549 -22.772
-20.235 2.829 -19.255
-19.534 6.58 -19.812
-22.964 7.196 -21.431
-24.623 5.531 -18.378
-22.42 7.523 -15.909

-23.028 10.919 -17.654
-26.668 10.153 -18.714
-27.851 13.482 -17.123

-25.214 15.594 -18.963
-26 13.8 -22.296
-29.631 15.147 -21.909

-29.014 18.802 -20.797
-28.522 21.656 -23.337
-27.494 23.803 -20.296
-24.374 24.206 -18.108
-26.03 23.63 -14.722
-23.195 22.587 -12.38
-23.731 19.355 -10.334

-27.219 19.392 -8.694
-26.798 20.208 -4.988
-26.578 17.032 -2.906
-29.814 16.999 -0.82
-29.276 16.946 2.956
-30.305 13.551 4.343

-32.727 13.25 7.268
-30.389 11.851 9.975
-33.077 12.019 12.787
-33.159 8.159 12.923
-29.32 8.149 13.454
-27.82 8.306 16.969

-27.52 12.074 17.913
-23.991 11.509 19.371
-22.796 10.469 15.867
-24.731 13.185 13.93
-23.402 16.008 16.22
-19.738 14.82 15.861

-19.687 14.822 11.995
-17.445 17.587 10.586

-19.106 19.692 7.763
-17.231 17.783 4.996
-18.064 14.402 6.666
-21.796 15.407 6.677
-21.562 16.318 2.947
-19.943 12.855 2.346
-22.788 11.075 4.244
-25.363 13.084 2.191
-23.555 12.165 -1.104
-23.43 8.459 -0.115
-27.196 8.491 0.728
-28.024 10.343 -2.565

-25.973 7.645 -4.472
-28.214 5.048 -2.67
-25.512 3.7 -0.27

-23.352 2.353 -3.174
-19.956 4.118 -3.237
-16.209 4.012 -2.721
-15.295 6.541 0.021

-11.694 7.195 -1.128

-11.135 10.189 1.225
-7.504 10.605 2.377

-6.048 8.715 5.398
-7.361 9.956 8.784
-10.233 12.169 7.374
-12.706 9.981 9.408

-13.844 7.354 6.831
-15.012 5.081 9.734
-17.363 7.714 11.316
-18.876 8.506 7.854
-19.282 4.738 7.09
-21.02 4.042 10.461
-23.415 6.996 9.798
-24.247 5.855 6.195
-24.846 2.277 7.463
-26.955 3.52 10.461
-29.227 5.531 8.078

-29.9 2.058 6.507

-30.384 0.293 9.981
-33.886 -0.857 8.77
-32.05 -2.956 6.062
-29.626 -4.868 8.41
-27.981 -7.413 9.17

-24.774 -5.448 8.488
-21.551 -7.137 7.269
-18.235 -5.328 7.997
-15.132 -6.739 6.223
-11.829 -5.357 7.603

-8.05 -6.016 7.986
-7.416 -8.82 10.567
-5.856 -6.305 13.093
-8.689 -3.64 13.199

-11.758 -5.868 14.003
-11.895 -4.753 17.675
-11.154 -1.102 16.63
-14.365 -1.304 14.506
-16.414 -2.897 17.375
-15.268 -0.08 19.729
-16.109 2.476 16.969
-19.722 1.111 16.76
-20.082 1.14 20.611
-18.596 4.7 20.723
-20.823 6.195 17.978

-24.121 4.191 18.24
-24.851 3.95 22.056
-28.388 2.791 20.948
-26.764 -0.701 20.406
-26.03 -3.285 23.117

-22.632 -5.104 22.857
-24.638 -8.32 22.08
-25.78 -6.667 18.791

-22.091 -6.816 17.576
-20.505 -10.124 16.488
-16.681 -10.041 16.081

-15.702 -13.116 14.035
-12.316 -14.303 15.372
-12.201 -17.837 13.813
-13.405 -19.799 10.735
-15.769 -21.82 13.07
-17.788 -18.808 14.317
-21.352 -17.917 13.159
-21.075 -14.973 10.701
-24.816 -14.102 11.273
-24.919 -14.166 15.127
-25.108 -10.332 15.536
-27.08 -7.466 13.995

-23.588 -6.14 13.038
-21.065 -8.833 11.965
-17.336 -7.898 11.803
-15.009 -10.302 9.887
-11.529 -10.295 8.291

-10.658 -10.74 4.577
-8.757 -14.009 5.375
-11.833 -15.546 7.113
-14.3 -14.769 4.222

-12.926 -17.715 2.14
-13.287 -20.073 5.183
-16.843 -18.74 5.845
-18.014 -18.815 2.139
-20.731 -21.415 3.044
-22.243 -18.836 5.512
-21.955 -15.894 2.989
-25.071 -17.433 1.278
-27.188 -15.451 3.825
-28.094 -12.137 2.052
-26.367 -9.235 3.842
-28.236 -6.215 2.36

-25.704 -3.677 3.792
-21.936 -4.298 3.429
-19.007 -2.145 4.602
-15.517 -3.11 3.36

-12.662 -1.237 5.059
-9.341 -0.865 3.151

-11.066 -2.352 0.031
-7.765 -2.207 -1.968
-7.252 -5.742 -0.456
-9.774 -6.866 -3.176

-7.558 -5.436 -6.054
-6.861 -8.909 -7.611
-9.913 -10.983 -8.736
-7.994 -14.348 -8.638
-7.386 -14.116 -4.839

-9.551 -16.269 -2.508
-10.568 -13.122 -0.487
-11.832 -11.409 -3.693
-13.586 -14.593 -5.006
-15.461 -14.905 -1.648
-16.313 -11.137 -1.332
-17.465 -10.353 -4.925
-20.7 -12.523 -5.003
-21.961 -10.786 -1.799
-21.004 -7.272 -3.064
-22.893 -7.826 -6.386
-26.148 -8.927 -4.576

-26.072 -6.644 -1.465
-28.372 -3.542 -1.704

-25.826 -1.116 -0.104
-22.019 -1.347 -0.629
-19.769 1.077 1.29
-16.145 0.543 0.177
-13.427 2.479 2.088

-9.739 3.065 1.181
-6.998 5.712 1.573
-5.29 4.301 -1.537
-8.002 2.778 -3.832
-5.263 1.979 -6.345
-1.844 1.044 -4.877
0.179 1.273 -8.156
-1.96 0.815 -11.364

-5.486 1.412 -12.884
-6.145 -2.396 -13.101
-6.402 -2.518 -9.223
-9.619 -0.37 -9.379
-11.628 -2.846 -11.528
-12.904 -5.026 -8.614
-13.981 -1.892 -6.643
-15.738 -0.406 -9.758
-17.759 -3.638 -10.376
-18.545 -3.926 -6.614
-20.104 -0.383 -6.596

-21.607 -0.654 -10.172
-21.992 -4.37 -11.257
-23.172 -3.251 -14.78
-19.935 -1.29 -15.508
-17.337 -3.236 -17.592
-18.9 -6.785 -17.229
-15.576 -8.217 -18.571

-12.101 -7.019 -17.429
-10.719 -7.022 -21.032
-12.866 -3.967 -22.03
-11.565 -2.031 -18.959
-7.965 -3.199 -19.668
-8.028 -2.162 -23.384
-9.238 1.366 -22.43
-7.403 2.18 -19.142

-4.51 -0.351 -18.764
-2.851 0.132 -22.242
-3.499 -3.577 -22.858

-0.922 -5.224 -25.189
-1.171 -8.572 -27.031
2.109 -10.415 -26.274

3.105 -13.897 -27.702
2.055 -15.464 -24.315

-1.301 -13.571 -23.908
-2.465 -10.088 -22.814
-0.375 -7.663 -20.732

-2.386 -5.192 -18.538
0.545 -3.576 -16.579
0.214 -0.249 -18.472
-2.005 2.838 -18.126
-4.133 4.898 -20.565
-6.888 7.593 -20.643

-6.428 8.31 -16.868
-8.259 11.708 -16.967
-11.359 9.932 -18.424
-11.034 7.218 -15.72
-10.853 9.986 -13.027
-14.061 11.624 -14.396
-15.894 8.229 -14.505
-14.782 7.406 -10.918
-15.841 10.804 -9.431
-19.243 10.854 -11.244
-20.42 7.245 -10.709

-19.5687 7.87 -7.12946

-20.9278 11.3462 -6.37816
-24.2487 13.3015 -5.82977

-20.6457 14.5435 -5.29677
-19.3387 17.5445 -3.30777
-15.7637 18.3795 -2.33377

-14.2377 19.8635 0.894234
-13.6267 23.0675 -1.12777
-17.3817 23.3165 -2.02777
-18.8217 22.9465 1.53223

-16.0107 23.4415 4.15423
-14.0497 26.6765 3.32323
-12.6357 26.4395 6.92323
-10.6307 23.1715 6.50723

-6.83166 23.8655 6.49223
-5.07866 23.1315 3.16823

-3.42266 19.7615 2.42523
0.193341 20.6095 1.44723
1.73034 17.7195 -0.554766
5.40934 17.2215 -1.50177
7.77134 14.6125 -2.90377
10.8123 13.9175 -0.662766
13.6313 12.3635 -2.71777

15.4113 10.1625 -0.126766
19.1263 9.98146 -0.936766

20.1103 6.75046 -2.85977
23.7253 7.22146 -1.53177
22.6873 5.02946 1.49023

21.6463 2.24046 -0.994766
24.7843 0.0594627 -0.928766

26.2903 -1.21354 -4.22677
24.9783 -4.83154 -3.68577
21.3563 -3.63354 -3.13477
21.6333 -1.30354 -6.19577
23.0623 -4.14854 -8.34777
20.1243 -6.36554 -7.16277
17.5783 -3.63054 -8.16077
19.3753 -3.23254 -11.5508
19.2883 -7.05854 -11.9818
15.5153 -7.36754 -11.2338
14.8273 -4.31554 -13.5018
16.7823 -5.99154 -16.3888
15.0083 -9.30454 -15.5978
11.5113 -7.75254 -16.1818
12.6023 -6.42154 -19.6528

14.0823 -9.75154 -20.9048
12.2523 -10.8495 -24.1098
12.3933 -14.6295 -23.5748
10.5223 -14.7905 -20.1898
6.94934 -16.0185 -19.6828

4.15334 -13.6315 -18.5288
4.47234 -15.2935 -15.0658
8.29434 -14.8345 -14.7768
7.74334 -11.1325 -15.7478
5.15434 -10.7795 -12.8728
7.52234 -12.5995 -10.4358
10.4713 -10.3075 -11.3928
8.12034 -7.26954 -10.9368
7.10534 -8.47154 -7.41277
10.8203 -9.05254 -6.60577
11.7903 -5.53154 -7.87777
8.96334 -3.99254 -5.76277
9.91834 -5.94154 -2.56477
13.6513 -5.02454 -3.13177
12.6013 -1.33454 -3.49177
10.9503 -1.52354 -0.0317661
14.1103 -3.10454 1.53723
16.4103 -0.543537 -0.190766
14.4113 2.43046 1.25523
14.3583 1.23446 4.95323
17.6453 2.98746 6.09023
16.7083 6.42046 4.61823
13.0233 6.06546 5.65823
14.3643 5.51746 9.22923
16.8363 8.46046 8.84223
13.9093 10.7115 7.75923
11.5973 9.55946 10.6492
14.4023 10.3275 13.1602
15.0563 13.7775 11.5352
11.3073 14.5745 12.0112
11.4343 13.5635 15.7362
14.7593 15.4285 16.3262

13.1013 18.5075 14.6432
10.6213 18.4925 17.6172
7.45234 17.1955 15.8262
4.75834 16.2425 18.3542
2.50534 13.8935 16.2302

2.72434 12.2985 12.7492
1.55634 9.22246 10.7782
3.92634 6.86046 8.90323
2.34034 4.79346 6.09923
3.96134 1.63846 4.62823

2.57934 -1.66254 3.15123
5.45734 -4.20654 3.20623

5.58834 -5.89054 6.65923
9.45134 -5.68854 6.71723
9.22134 -1.83154 6.47523
6.61834 -1.64654 9.31923
8.77934 -4.08154 11.4052
12.0443 -2.09954 10.8512
10.3673 1.27946 11.6972
8.81434 -0.149537 14.9362
12.1503 -1.78254 15.9662
14.0923 1.52046 15.5462
11.4063 3.53346 17.4542
11.6243 0.942463 20.3192
15.4863 1.16646 20.2042

15.1983 5.02146 20.4602
12.5303 4.58946 23.2612
9.95234 6.54946 21.1592
6.34834 5.86246 22.2282

4.34534 4.87146 19.1172
1.26034 2.90346 17.9512
1.18234 0.186463 15.2352
-1.81966 -0.914537 13.0912

-1.55366 -3.63654 10.3932
-3.38666 -6.73254 8.97923
-2.80866 -8.64954 12.2882
-4.24266 -5.90054 14.6042
-7.75566 -6.90554 15.7932
-10.9187 -4.80954 15.1372
-11.2917 -3.70154 18.8252

-7.53366 -3.05954 19.4122
-7.54266 -0.834537 16.2452
-10.1037 1.49746 17.9092
-8.25466 1.44246 21.2932
-4.81866 2.23046 19.6852
-6.55966 4.99946 17.6622
-7.89366 6.48746 20.9622
-4.41666 6.10446 22.6152
-2.76866 8.12046 19.7472
-5.61666 10.7205 19.7972
-5.69066 11.2845 23.6082

-2.05766 10.6215 24.7422
0.526341 13.4035 24.0562
3.32934 10.7755 24.5062
2.51834 8.77146 21.3282
4.48734 10.7525 18.7072

4.34534 8.22846 15.7942
1.58534 6.05746 14.3152
3.04734 3.19546 12.1852
0.191341 2.28546 9.81223
-0.382659 -0.242537 7.02423

-1.69466 1.65346 3.92323
-4.12366 -1.25654 3.21423
-5.18666 -2.10554 6.81123
-5.67366 1.48846 8.17823
-7.39566 3.01746 5.04523
-10.8567 2.54346 6.73323
-12.8547 3.49946 9.88423
-10.0877 5.26546 11.8792
-9.63866 9.03746 12.5642
-6.18566 10.5805 13.2732
-7.02266 14.3155 13.7192
-4.31266 14.6475 16.4722
-1.52866 14.5825 13.7992
-0.644659 17.3875 11.3022

1.80234 15.3105 9.16023
1.49334 12.1465 7.01823
4.66034 10.3795 5.73323
4.28334 7.74646 2.98923

7.44334 5.62346 3.43323
6.23434 3.60346 0.402234
4.22334 4.40646 -2.74577
1.03034 2.44146 -3.54177
-0.0556593 1.88746 -7.20877
-3.70166 2.85946 -6.46377

-4.24166 6.63646 -5.81577
-7.71466 6.08846 -4.25277
-6.01366 4.22146 -1.33277
-3.39466 7.01746 -0.917766
-6.23166 9.64546 -0.763766
-8.11166 7.40546 1.77123
-4.93366 7.39846 3.95123
-4.45966 11.2495 3.71923

-8.15766 11.7245 4.73723
-7.48366 9.87746 8.02123
-5.86266 13.1575 9.28623
-7.79466 15.6795 7.14123
-11.1787 15.1865 8.96523
-13.7187 17.3605 10.8482
-11.7947 18.3025 14.0452
-8.48666 19.0745 12.2232
-7.25766 22.6745 12.9372
-3.73566 22.6055 11.3242
-2.63266 22.5685 7.63823

-2.01066 18.8875 6.81523
1.47934 18.0665 5.48323
1.74134 15.0155 3.14823
5.30234 13.7635 2.40723
5.80634 11.0795 -0.304766
9.22634 9.38446 0.203234
10.7593 8.36846 -3.19977

14.1483 6.86846 -4.22177
15.8493 7.38746 -7.65077
16.9553 4.02246 -9.17477
13.9323 2.04746 -7.75677
10.2603 1.04746 -8.38277

9.24834 4.63146 -7.30377
10.5673 5.97546 -10.6878
7.78734 3.96746 -12.4978
5.08834 4.04446 -9.76377
5.05234 7.85846 -9.34377
4.24134 8.70046 -13.0578
1.65634 5.81346 -13.0078
-0.0526593 7.25046 -9.86377
-0.0396593 10.7635 -11.4808
-1.73266 9.68046 -14.7628
-4.33366 7.75546 -12.6478
-5.17566 10.8905 -10.5288
-5.53566 12.8825 -13.8008
-8.00866 10.2375 -15.1658
-9.93066 10.5035 -11.8338
-9.91566 14.3675 -11.9978
-11.1427 14.4515 -15.6678

-14.0157 12.1295 -14.5508
-14.8157 14.6715 -11.7058
-13.7397 12.0705 -9.06177
-10.7197 13.9775 -7.58577
-9.54466 17.5925 -7.01377
-6.08666 16.1535 -6.27877
-3.61266 17.2895 -8.92377
-0.172659 15.6175 -8.45077
1.71234 17.4235 -11.3398

2.71834 20.5125 -9.25777
4.76634 18.3235 -6.81477
7.11334 17.0065 -9.59377
7.96434 20.4035 -11.1528

9.22934 21.3625 -7.62277
11.7143 18.3895 -7.19977

End chain 1
