-13.201 -6.296 -53.957
-10.703 -3.406 -53.291
-9.54 -3.087 -49.639
-11.02 0.322 -48.639
-8.614 1.85 -46.053
-10.787 3.126 -43.162

-9.634 6.195 -41.181
-10.061 4.9 -37.589
-10.286 6.838 -34.306
-12.195 7.103 -30.979
-14.163 9.439 -28.711
-12.619 10.223 -25.263
-14.157 12.207 -22.344

-11.943 15.248 -21.466
-14.301 16.978 -18.949
-17.827 16.65 -17.399
-19.139 18.761 -20.353

-16.752 17.96 -23.312
-15.482 14.956 -25.281
-12.62 14.751 -27.824
-12.437 12.939 -31.204
-8.982 11.264 -31.393
-8.672 10.357 -35.1

-6.282 10.744 -38.079
-6.98 13.557 -40.6
-9.895 13.022 -43.051

-11.208 15.853 -45.293
-14.92 14.856 -45.011
-14.611 14.37 -41.226
-13.015 17.857 -40.827
-15.875 19.254 -42.999
-18.403 17.482 -40.669
-16.559 18.759 -37.515
-16.844 22.341 -38.957

-20.697 21.797 -39.029
-20.861 21.033 -35.24
-22.116 23.933 -33.104
-20.016 23.255 -29.939
-16.791 22.621 -31.971

-13.393 23.436 -30.391
-10.011 22.816 -32.063
-6.805 22.812 -29.99

-3.883 23.919 -32.209
-1.328 22.314 -29.773
-2.753 18.736 -29.691
-4.334 19.137 -33.217

-7.578 17.622 -31.79
-11.313 18.386 -31.995
-13.683 18.544 -28.991
-17.466 19.001 -28.65
-20.131 19.402 -25.91

-21.257 16.038 -24.476
-24.923 16.743 -25.497
-23.731 16.722 -29.178
-22.178 13.179 -28.839
-25.228 11.354 -30.322
-25.57 14.044 -33.093
-21.852 13.682 -34.021
-21.815 9.829 -34.037
-25.045 9.774 -36.128
-23.507 12.176 -38.75
-20.093 10.348 -38.803

-21.793 6.948 -39.527
-22.962 8.546 -42.834
-19.328 9.196 -43.991
-17.677 6.563 -46.261
-14.251 5.2 -45.121

-14.46 6.789 -41.562
-14.765 4.819 -38.279
-15.142 6.964 -35.114
-15.663 4.659 -32.101

-18.218 6.249 -29.657
-17.862 6.903 -25.912
-18.35 3.469 -24.195
-21.794 2.549 -22.772
-20.235 2.829 -19.255
-19.534 6.58 -19.812
-22.964 7.196 -21.431
-24.623 5.531 -18.378
-22.42 7.523 -15.909

-23.028 10.919 -17.654
-26.668 10.153 -18.714
-27.851 13.482 -17.123

-25.214 15.594 -18.963
-26 13.8 -22.296
-29.631 15.147 -21.909

-29.014 18.802 -20.797
-28.522 21.656 -23.337
-27.494 23.803 -20.296
-24.374 24.206 -18.108
-26.03 23.63 -14.722
-23.195 22.587 -12.38
-23.731 19.355 -10.334

-27.219 19.392 -8.694
-26.798 20.208 -4.988
-26.578 17.032 -2.906
-29.814 16.999 -0.82
-29.276 16.946 2.956
-30.305 13.551 4.343

-32.727 13.25 7.268
-30.389 11.851 9.975
-33.077 12.019 12.787
-33.159 8.159 12.923
-29.32 8.149 13.454
-27.82 8.306 16.969

-27.52 12.074 17.913
-23.991 11.509 19.371
-22.796 10.469 15.867
-24.731 13.185 13.93
-23.402 16.008 16.22
-19.738 14.82 15.861

-19.687 14.822 11.995
-17.445 17.587 10.586

-19.106 19.692 7.763
-17.231 17.783 4.996
-18.064 14.402 6.666
-21.796 15.407 6.677
-21.562 16.318 2.947
-19.943 12.855 2.346
-22.788 11.075 4.244
-25.363 13.084 2.191
-23.555 12.165 -1.104
-23.43 8.459 -0.115
-27.196 8.491 0.728
-28.024 10.343 -2.565

-25.973 7.645 -4.472
-28.214 5.048 -2.67
-25.512 3.7 -0.27

-23.352 2.353 -3.174
-19.956 4.118 -3.237
-16.209 4.012 -2.721
-15.295 6.541 0.021

-11.694 7.195 -1.128

-11.135 10.189 1.225
-7.504 10.605 2.377

-6.048 8.715 5.398
-7.361 9.956 8.784
-10.233 12.169 7.374
-12.706 9.981 9.408

-13.844 7.354 6.831
-15.012 5.081 9.734
-17.363 7.714 11.316
-18.876 8.506 7.854
-19.282 4.738 7.09
-21.02 4.042 10.461
-23.415 6.996 9.798
-24.247 5.855 6.195
-24.846 2.277 7.463
-26.955 3.52 10.461
-29.227 5.531 8.078

-29.9 2.058 6.507

-30.384 0.293 9.981
-33.886 -0.857 8.77
-32.05 -2.956 6.062
-29.626 -4.868 8.41
-27.981 -7.413 9.17

-24.774 -5.448 8.488
-21.551 -7.137 7.269
-18.235 -5.328 7.997
-15.132 -6.739 6.223
-11.829 -5.357 7.603

-8.05 -6.016 7.986
-7.416 -8.82 10.567
-5.856 -6.305 13.093
-8.689 -3.64 13.199

-11.758 -5.868 14.003
-11.895 -4.753 17.675
-11.154 -1.102 16.63
-14.365 -1.304 14.506
-16.414 -2.897 17.375
-15.268 -0.08 19.729
-16.109 2.476 16.969
-19.722 1.111 16.76
-20.082 1.14 20.611
-18.596 4.7 20.723
-20.823 6.195 17.978

-24.121 4.191 18.24
-24.851 3.95 22.056
-28.388 2.791 20.948
-26.764 -0.701 20.406
-26.03 -3.285 23.117

-22.632 -5.104 22.857
-24.638 -8.32 22.08
-25.78 -6.667 18.791

-22.091 -6.816 17.576
-20.505 -10.124 16.488
-16.681 -10.041 16.081

-15.702 -13.116 14.035
-12.316 -14.303 15.372
-12.201 -17.837 13.813
-13.405 -19.799 10.735
-15.769 -21.82 13.07
-17.788 -18.808 14.317
-21.352 -17.917 13.159
-21.075 -14.973 10.701
-24.816 -14.102 11.273
-24.919 -14.166 15.127
-25.108 -10.332 15.536
-27.08 -7.466 13.995

-23.588 -6.14 13.038
-21.065 -8.833 11.965
-17.336 -7.898 11.803
-15.009 -10.302 9.887
-11.529 -10.295 8.291

-10.658 -10.74 4.577
-8.757 -14.009 5.375
-11.833 -15.546 7.113
-14.3 -14.769 4.222

-13.068 -17.6651 2.06857
-12.953 -18.0802 -1.65909
-14.2826 -20.417 -4.28403
-16.8498 -18.2452 -2.68245
-16.6387 -14.4729 -2.48632
-15.2743 -15.9489 -5.60812
-14.77 -18.1322 -8.58243
-17.8037 -15.8622 -8.93829
-19.3865 -12.5526 -7.72194
-16.2141 -11.7903 -9.60168
-16.0317 -13.4279 -13.1126
-19.3884 -11.842 -12.3756

-20.7485 -8.57438 -13.5344
-22.1606 -5.45634 -15.2658
-23.584 -6.09557 -18.8234
-24.1726 -3.52569 -21.5613

-21.3176 -1.65269 -19.8623
-17.9966 -1.28069 -21.7703

-19.7216 -2.76769 -24.8903
-16.4206 -2.62269 -26.8893
-15.9076 -6.15769 -25.3773
-18.4296 -7.28169 -28.0973

-16.2136 -5.85169 -30.9753
-15.5166 -9.32469 -32.5323
-18.5686 -11.3987 -33.6573
-16.6496 -14.7637 -33.5593
-16.0416 -14.5317 -29.7603

-18.2066 -16.6847 -27.4293
-19.2236 -13.5377 -25.4083
-20.4876 -11.8247 -28.6143
-22.2416 -15.0087 -29.9273
-24.1166 -15.3207 -26.5693
-24.9686 -11.5527 -26.2533
-26.1206 -10.7687 -29.8463
-29.3556 -12.9387 -29.9243
-30.6166 -11.2017 -26.7203
-29.6596 -7.68769 -27.9853
-31.5486 -8.24169 -31.3073
-34.8036 -9.34269 -29.4973

-34.7276 -7.05969 -26.3863
-37.0276 -3.95769 -26.6253

-34.4816 -1.53169 -25.0253
-30.6746 -1.76269 -25.5503
-28.4246 0.661314 -23.6313
-24.8006 0.127314 -24.7443
-22.0826 2.06331 -22.8333

-18.3946 2.64931 -23.7403
-15.6536 5.29631 -23.3483
-13.9456 3.88531 -26.4583
-16.6576 2.36231 -28.7533
-13.9186 1.56331 -31.2663
-10.4996 0.628314 -29.7983
-8.4766 0.857314 -33.0773
-10.6156 0.399314 -36.2853

-14.1416 0.996314 -37.8053
-14.8006 -2.81169 -38.0223
-15.0576 -2.93369 -34.1443
-18.2746 -0.785686 -34.3003
-20.2836 -3.26169 -36.4493
-21.5596 -5.44169 -33.5353
-22.6366 -2.30769 -31.5643
-24.3936 -0.821686 -34.6793
-26.4146 -4.05369 -35.2973
-27.2006 -4.34169 -31.5353
-28.7596 -0.798686 -31.5173

-30.2626 -1.06969 -35.0933
-30.6476 -4.78569 -36.1783
-31.8276 -3.66669 -39.7013
-28.5906 -1.70569 -40.4293
-25.9926 -3.65169 -42.5133
-27.5556 -7.20069 -42.1503
-24.2316 -8.63269 -43.4923

-20.7566 -7.43469 -42.3503
-19.3746 -7.43769 -45.9533
-21.5216 -4.38269 -46.9513
-20.2206 -2.44669 -43.8803
-16.6206 -3.61469 -44.5893
-16.6836 -2.57769 -48.3053
-17.8936 0.950314 -47.3513
-16.0586 1.76431 -44.0633

-13.1656 -0.766686 -43.6853
-11.5066 -0.283686 -47.1633
-12.1546 -3.99269 -47.7793

-9.5776 -5.63969 -50.1103
-9.8266 -8.98769 -51.9523
-6.5466 -10.8307 -51.1953

-5.5506 -14.3127 -52.6233
-6.6006 -15.8797 -49.2363

-9.9566 -13.9867 -48.8293
-11.1206 -10.5037 -47.7353
-9.0306 -8.07869 -45.6533

-11.0416 -5.60769 -43.4593
-8.1106 -3.99169 -41.5003
-8.4416 -0.664686 -43.3933
-10.6606 2.42231 -43.0473
-12.7886 4.48231 -45.4863
-15.5436 7.17731 -45.5643

-15.0836 7.89431 -41.7893
-16.9146 11.2923 -41.8883
-20.0146 9.51631 -43.3453
-19.6896 6.80231 -40.6413
-19.5086 9.57031 -37.9483
-22.7166 11.2083 -39.3173
-24.5496 7.81331 -39.4263
-23.4376 6.99031 -35.8393
-24.4966 10.3883 -34.3523
-27.8986 10.4383 -36.1653
-29.0756 6.82931 -35.6303

-26.8446 4.82731 -33.1643

-24.7116 6.88531 -30.7803
-24.7696 9.77931 -28.3093

-21.1666 11.0213 -27.7763
-19.8596 14.0223 -25.7873
-16.2846 14.8573 -24.8133

-14.7586 16.3413 -21.5853
-14.1476 19.5453 -23.6073
-17.9026 19.7943 -24.5073
-19.3426 19.4243 -20.9473

-16.5316 19.9193 -18.3253
-14.5706 23.1543 -19.1563
-13.1566 22.9173 -15.5563
-11.1516 19.6493 -15.9723

-7.3526 20.3433 -15.9873
-5.5996 19.6093 -19.3113

-3.9436 16.2393 -20.0543
-0.327605 17.0873 -21.0323
1.2094 14.1973 -23.0343
4.8884 13.6993 -23.9813
7.2504 11.0903 -25.3833
10.2914 10.3953 -23.1423
13.1104 8.84131 -25.1973

14.8904 6.64031 -22.6063
18.6054 6.45931 -23.4163

19.5894 3.22831 -25.3393
23.2044 3.69931 -24.0113
22.1664 1.50731 -20.9893

21.1254 -1.28169 -23.4743
24.2634 -3.46269 -23.4083

25.7694 -4.73569 -26.7063
24.4574 -8.35369 -26.1653
20.8354 -7.15569 -25.6143
21.1124 -4.82569 -28.6753
22.5414 -7.67069 -30.8273
19.6034 -9.88769 -29.6423
17.0574 -7.15269 -30.6403
18.8544 -6.75469 -34.0303
18.7674 -10.5807 -34.4613
14.9944 -10.8897 -33.7133
14.3064 -7.83769 -35.9813
16.2614 -9.51369 -38.8683
14.4874 -12.8267 -38.0773
10.9904 -11.2747 -38.6613
12.0814 -9.94369 -42.1323

13.5614 -13.2737 -43.3843
11.7314 -14.3717 -46.5893
11.8724 -18.1517 -46.0543
10.0014 -18.3127 -42.6693
6.4284 -19.5407 -42.1623

3.6324 -17.1537 -41.0083
3.9514 -18.8157 -37.5453
7.7734 -18.3567 -37.2563
7.2224 -14.6547 -38.2273
4.6334 -14.3017 -35.3523
7.0014 -16.1217 -32.9153
9.9504 -13.8297 -33.8723
7.5994 -10.7917 -33.4163
6.5844 -11.9937 -29.8923
10.2994 -12.5747 -29.0853
11.2694 -9.05369 -30.3573
8.4424 -7.51469 -28.2423
9.3974 -9.46369 -25.0443
13.1304 -8.54669 -25.6113
12.0804 -4.85669 -25.9713
10.4294 -5.04569 -22.5113
13.5894 -6.62669 -20.9423
15.8894 -4.06569 -22.6703
13.8904 -1.09169 -21.2243
13.8374 -2.28769 -17.5263
17.1244 -0.534686 -16.3893
16.1874 2.89831 -17.8613
12.5024 2.54331 -16.8213
13.8434 1.99531 -13.2503
16.3154 4.93831 -13.6373
13.3884 7.18931 -14.7203
11.0764 6.03731 -11.8303
13.8814 6.80531 -9.31929
14.5354 10.2553 -10.9443
10.7864 11.0523 -10.4683
10.9134 10.0413 -6.74329
14.2384 11.9063 -6.15329

12.5804 14.9853 -7.83629
10.1004 14.9703 -4.86229
6.9314 13.6733 -6.65329
4.2374 12.7203 -4.12529
1.9844 10.3713 -6.24929

2.2034 8.77631 -9.73029
1.0354 5.70031 -11.7013
3.4054 3.33831 -13.5763
1.8194 1.27131 -16.3803
3.4404 -1.88369 -17.8513

2.0584 -5.18469 -19.3283
4.9364 -7.72869 -19.2733

5.0674 -9.41269 -15.8203
8.9304 -9.21069 -15.7623
8.7004 -5.35369 -16.0043
6.0974 -5.16869 -13.1603
8.2584 -7.60369 -11.0743
11.5234 -5.62169 -11.6283
9.8464 -2.24269 -10.7823
8.2934 -3.67169 -7.54329
11.6294 -5.30469 -6.51329
13.5714 -2.00169 -6.93329
10.8854 0.0113136 -5.02529
11.1034 -2.57969 -2.16029
14.9654 -2.35569 -2.27529

14.6774 1.49931 -2.01929
12.0094 1.06731 0.781708
9.4314 3.02731 -1.32029
5.8274 2.34031 -0.251292

3.8244 1.34931 -3.36229
0.739395 -0.618686 -4.52829
0.661395 -3.33569 -7.24429
-2.3406 -4.43669 -9.38829

-2.0746 -7.15869 -12.0863
-3.9076 -10.2547 -13.5003
-3.3296 -12.1717 -10.1913
-4.7636 -9.42269 -7.87529
-8.2766 -10.4277 -6.68629
-11.4396 -8.33169 -7.34229
-11.8126 -7.22369 -3.65429

-8.0546 -6.58169 -3.06729
-8.0636 -4.35669 -6.23429
-10.6246 -2.02469 -4.57029
-8.7756 -2.07969 -1.18629
-5.3396 -1.29169 -2.79429
-7.0806 1.47731 -4.81729
-8.4146 2.96531 -1.51729
-4.9376 2.58231 0.135708
-3.2896 4.59831 -2.73229
-6.1376 7.19831 -2.68229
-6.2116 7.76231 1.12871

-2.5786 7.09931 2.26271
0.00539524 9.88131 1.57671
2.8084 7.25331 2.02671
1.9974 5.24931 -1.15129
3.9664 7.23031 -3.77229

3.8244 4.70631 -6.68529
1.0644 2.53531 -8.16429
2.5264 -0.326686 -10.2943
-0.329605 -1.23669 -12.6673
-0.903605 -3.76469 -15.4553

-2.2156 -1.86869 -18.5563
-4.6446 -4.77869 -19.2653
-5.7076 -5.62769 -15.6683
-6.1946 -2.03369 -14.3013
-7.9166 -0.504686 -17.4343
-11.3776 -0.978686 -15.7463
-13.3756 -0.0226864 -12.5953
-10.6086 1.74331 -10.6003
-10.1596 5.51531 -9.91529
-6.7066 7.05831 -9.20629
-7.5436 10.7933 -8.76029
-4.8336 11.1253 -6.00729
-2.0496 11.0603 -8.68029
-1.1656 13.8653 -11.1773

1.2814 11.7883 -13.3193
0.972395 8.62431 -15.4613
4.1394 6.85731 -16.7463
3.7624 4.22431 -19.4903

6.9224 2.10131 -19.0463
5.7134 0.0813136 -22.0773
3.7024 0.884314 -25.2253
0.509395 -1.08069 -26.0213
-0.576605 -1.63469 -29.6883
-4.2226 -0.662686 -28.9433

-4.7626 3.11431 -28.2953
-8.2356 2.56631 -26.7323
-6.5346 0.699314 -23.8123
-3.9156 3.49531 -23.3973
-6.7526 6.12331 -23.2433
-8.6326 3.88331 -20.7083
-5.4546 3.87631 -18.5283
-4.9806 7.72731 -18.7603

-8.6786 8.20231 -17.7423
-8.0046 6.35531 -14.4583
-6.3836 9.63531 -13.1933
-8.3156 12.1573 -15.3383
-11.6996 11.6643 -13.5143
-14.2396 13.8383 -11.6313
-12.3156 14.7803 -8.43429
-9.0076 15.5523 -10.2563
-7.7786 19.1523 -9.54229
-4.2566 19.0833 -11.1553
-3.1536 19.0463 -14.8413

-2.5316 15.3653 -15.6643
0.958395 14.5443 -16.9963
1.2204 11.4933 -19.3313
4.7814 10.2413 -20.0723
5.2854 7.55731 -22.7843
8.7054 5.86231 -22.2763
10.2384 4.84631 -25.6793

13.6274 3.34631 -26.7013
15.3284 3.86531 -30.1303
16.4344 0.500314 -31.6543
13.4114 -1.47469 -30.2363
9.7394 -2.47469 -30.8623

8.7274 1.10931 -29.7833
10.0464 2.45331 -33.1673
7.2664 0.445314 -34.9773
4.5674 0.522314 -32.2433
4.5314 4.33631 -31.8233
3.7204 5.17831 -35.5373
1.1354 2.29131 -35.4873
-0.573605 3.72831 -32.3433
-0.560605 7.24131 -33.9603
-2.2536 6.15831 -37.2423
-4.8546 4.23331 -35.1273
-5.6966 7.36831 -33.0083
-6.0566 9.36031 -36.2803
-8.5296 6.71531 -37.6453
-10.4516 6.98131 -34.3133
-10.4366 10.8453 -34.4773
-11.6636 10.9293 -38.1473

-14.5366 8.60731 -37.0303
-15.3366 11.1493 -34.1853
-14.2606 8.54831 -31.5413
-11.2406 10.4553 -30.0653
-10.0656 14.0703 -29.4933
-6.6076 12.6313 -28.7583
-4.1336 13.7673 -31.4033
-0.693605 12.0953 -30.9303
1.1914 13.9013 -33.8193

2.1974 16.9903 -31.7373
4.2454 14.8013 -29.2943
6.5924 13.4843 -32.0733
7.4434 16.8813 -33.6323

8.7084 17.8403 -30.1023
11.1934 14.8673 -29.6793

End chain 1
