-13.201 -6.296 -53.957
-10.703 -3.406 -53.291
-9.54 -3.087 -49.639
-11.02 0.322 -48.639
-8.614 1.85 -46.053
-10.787 3.126 -43.162

-9.634 6.195 -41.181
-10.061 4.9 -37.589
-10.286 6.838 -34.306
-12.195 7.103 -30.979
-14.163 9.439 -28.711
-12.619 10.223 -25.263
-14.157 12.207 -22.344

-11.943 15.248 -21.466
-14.301 16.978 -18.949
-17.827 16.65 -17.399
-19.139 18.761 -20.353

-16.752 17.96 -23.312
-15.482 14.956 -25.281
-12.62 14.751 -27.824
-12.437 12.939 -31.204
-8.982 11.264 -31.393
-8.672 10.357 -35.1

-6.282 10.744 -38.079
-6.98 13.557 -40.6
-9.895 13.022 -43.051

-11.208 15.853 -45.293
-14.92 14.856 -45.011
-14.611 14.37 -41.226
-13.015 17.857 -40.827
-15.875 19.254 -42.999
-18.403 17.482 -40.669
-16.559 18.759 -37.515
-16.844 22.341 -38.957

-20.697 21.797 -39.029
-20.861 21.033 -35.24
-22.116 23.933 -33.104
-20.016 23.255 -29.939
-16.791 22.621 -31.971

-13.393 23.436 -30.391
-10.011 22.816 -32.063
-6.805 22.812 -29.99

-4.19479 25.517 -30.8309
-2.48794 28.7851 -31.3377
0.239066 30.3453 -33.5284
-2.9893 31.2598 -35.1288

-6.19096 32.2519 -33.4039
-9.33782 30.1416 -32.641
-12.7189 30.5578 -30.8273
-16.1302 30.7059 -29.0328
-18.2252 33.9113 -29.4982

-19.3512 30.5473 -28.0642
-23.0172 31.2523 -29.0852
-21.8252 31.2313 -32.7662
-20.2722 27.6883 -32.4272
-23.3222 25.8633 -33.9102
-23.6642 28.5533 -36.6812
-19.9462 28.1913 -37.6092
-19.9092 24.3383 -37.6252
-23.1392 24.2833 -39.7162
-21.6012 26.6853 -42.3382
-18.1872 24.8573 -42.3912

-19.8872 21.4573 -43.1152
-21.0562 23.0553 -46.4222
-17.4222 23.7053 -47.5792
-15.7712 21.0723 -49.8492
-12.3452 19.7093 -48.7092

-12.5542 21.2983 -45.1502
-12.8592 19.3283 -41.8672
-13.2362 21.4733 -38.7022
-13.7572 19.1683 -35.6892

-16.3122 20.7583 -33.2452
-15.9562 21.4123 -29.5002
-16.4442 17.9783 -27.7832
-19.8882 17.0583 -26.3602
-18.3292 17.3383 -22.8432
-17.6282 21.0893 -23.4002
-21.0582 21.7053 -25.0192
-22.7172 20.0403 -21.9662
-20.5142 22.0323 -19.4972

-21.1222 25.4283 -21.2422
-24.7622 24.6623 -22.3022
-25.9452 27.9913 -20.7112

-23.3082 30.1033 -22.5512
-24.0942 28.3093 -25.8842
-27.7252 29.6563 -25.4972

-27.1082 33.3113 -24.3852
-26.6162 36.1653 -26.9252
-25.5882 38.3123 -23.8842
-22.4682 38.7153 -21.6962
-24.1242 38.1393 -18.3102
-21.2892 37.0963 -15.9682
-21.8252 33.8643 -13.9222

-25.3132 33.9013 -12.2822
-24.8922 34.7173 -8.57616
-24.6722 31.5413 -6.49416
-27.9082 31.5083 -4.40816
-27.3702 31.4553 -0.632164
-28.3992 28.0603 0.754836

-30.8212 27.7593 3.67984
-28.4832 26.3603 6.38684
-31.1712 26.5283 9.19884
-31.2532 22.6683 9.33484
-27.4142 22.6583 9.86584
-25.9142 22.8153 13.3808

-25.6142 26.5833 14.3248
-22.0852 26.0183 15.7828
-20.8902 24.9783 12.2788
-22.8252 27.6943 10.3418
-21.4962 30.5173 12.6318
-17.8322 29.3293 12.2728

-17.7812 29.3313 8.40684
-15.5392 32.0963 6.99784

-17.2002 34.2013 4.17484
-15.3252 32.2923 1.40784
-16.1582 28.9113 3.07784
-19.8902 29.9163 3.08884
-19.6562 30.8273 -0.641164
-18.0372 27.3643 -1.24216
-20.8822 25.5843 0.655836
-23.4572 27.5933 -1.39716
-21.6492 26.6743 -4.69216
-21.5242 22.9683 -3.70316
-25.2902 23.0003 -2.86016
-26.1182 24.8523 -6.15316

-24.0672 22.1543 -8.06016
-26.3082 19.5573 -6.25816
-23.6062 18.2093 -3.85816

-21.4462 16.8623 -6.76216
-18.0502 18.6273 -6.82516
-14.3032 18.5213 -6.30916
-13.3892 21.0503 -3.56716

-9.78823 21.7043 -4.71616

-9.22923 24.6983 -2.36316
-5.59823 25.1143 -1.21116

-4.14223 23.2243 1.80984
-5.45523 24.4653 5.19584
-8.32723 26.6783 3.78584
-10.8002 24.4903 5.81984

-11.9382 21.8633 3.24284
-13.1062 19.5903 6.14584
-15.4572 22.2233 7.72784
-16.9702 23.0153 4.26584
-17.3762 19.2473 3.50184
-19.1142 18.5513 6.87284
-21.5092 21.5053 6.20984
-22.3412 20.3643 2.60684
-22.9402 16.7863 3.87484
-25.0492 18.0293 6.87284
-27.3212 20.0403 4.48984

-27.9942 16.5673 2.91884

-28.4782 14.8023 6.39284
-31.9802 13.6523 5.18184
-30.1442 11.5533 2.47384
-27.7202 9.64129 4.82184
-26.0752 7.09629 5.58184

-22.8682 9.06129 4.89984
-19.6452 7.37229 3.68084
-16.3292 9.18129 4.40884
-13.2262 7.77029 2.63484
-9.92323 9.15229 4.01484

-6.14423 8.49329 4.39784
-5.51023 5.68929 6.97884
-3.95023 8.20429 9.50484
-6.78323 10.8693 9.61084

-9.85223 8.64129 10.4148
-9.98923 9.75629 14.0868
-9.24823 13.4073 13.0418
-12.4592 13.2053 10.9178
-14.5082 11.6123 13.7868
-13.3622 14.4293 16.1408
-14.2032 16.9853 13.3808
-17.8162 15.6203 13.1718
-18.1762 15.6493 17.0228
-16.6902 19.2093 17.1348
-18.9172 20.7043 14.3898

-22.2152 18.7003 14.6518
-22.9452 18.4593 18.4678
-26.4822 17.3003 17.3598
-24.8582 13.8083 16.8178
-24.1242 11.2243 19.5288

-20.7262 9.40529 19.2688
-22.7322 6.18929 18.4918
-23.8742 7.84229 15.2028

-20.1852 7.69329 13.9878
-18.5992 4.38529 12.8998
-14.7752 4.46829 12.4928

-13.7962 1.39329 10.4468
-10.4102 0.206289 11.7838
-10.2952 -3.32771 10.2248
-11.4992 -5.28971 7.14684
-13.8632 -7.31071 9.48184
-15.8822 -4.29871 10.7288
-19.4462 -3.40771 9.57084
-19.1692 -0.463711 7.11284
-22.9102 0.407289 7.68484
-23.0132 0.343289 11.5388
-23.2022 4.17729 11.9478
-25.1742 7.04329 10.4068

-21.6822 8.36929 9.44984
-19.1592 5.67629 8.37684
-15.4302 6.61129 8.21484
-13.1032 4.20729 6.29884
-9.62323 4.21429 4.70284

-8.75223 3.76929 0.988836
-6.85123 0.500289 1.78684
-9.92723 -1.03671 3.52484
-12.3942 -0.259711 0.633836

-11.0202 -3.20571 -1.44816
-11.3812 -5.56371 1.59484
-14.9372 -4.23071 2.25684
-16.1082 -4.30571 -1.44916
-18.8252 -6.90571 -0.544164
-20.3372 -4.32671 1.92384
-20.0492 -1.38471 -0.599164
-23.1652 -2.92371 -2.31016
-25.2822 -0.941711 0.236836
-26.1882 2.37229 -1.53616
-24.4612 5.27429 0.253836
-26.3302 8.29429 -1.22816

-23.7982 10.8323 0.203836
-20.0302 10.2113 -0.159164
-17.1012 12.3643 1.01384
-13.6112 11.3993 -0.228164

-10.7562 13.2723 1.47084
-7.43523 13.6443 -0.437164

-9.16023 12.1573 -3.55716
-5.85923 12.3023 -5.55616
-5.34623 8.76729 -4.04416
-7.86823 7.64329 -6.76416

-5.65223 9.07329 -9.64216
-4.95523 5.60029 -11.1992
-8.00723 3.52629 -12.3242
-6.08823 0.161289 -12.2262
-5.48023 0.393289 -8.42716

-7.64523 -1.75971 -6.09616
-8.66223 1.38729 -4.07516
-9.92623 3.10029 -7.28116
-11.6802 -0.0837114 -8.59416
-13.5552 -0.395711 -5.23616
-14.4072 3.37229 -4.92016
-15.5592 4.15629 -8.51316
-18.7942 1.98629 -8.59116
-20.0552 3.72329 -5.38716
-19.0982 7.23729 -6.65216
-20.9872 6.68329 -9.97416
-24.2422 5.58229 -8.16416

-24.1662 7.86529 -5.05316
-26.4662 10.9673 -5.29216

-23.9202 13.3933 -3.69216
-20.1132 13.1623 -4.21716
-17.8632 15.5863 -2.29816
-14.2392 15.0523 -3.41116
-11.5212 16.9883 -1.50016

-7.83323 17.5743 -2.40716
-5.09223 20.2213 -2.01516
-3.38423 18.8103 -5.12516
-6.09623 17.2873 -7.42016
-3.35723 16.4883 -9.93316
0.0617654 15.5533 -8.46516
2.08477 15.7823 -11.7442
-0.0542346 15.3243 -14.9522

-3.58023 15.9213 -16.4722
-4.23923 12.1133 -16.6892
-4.49623 11.9913 -12.8112
-7.71323 14.1393 -12.9672
-9.72223 11.6633 -15.1162
-10.9982 9.48329 -12.2022
-12.0752 12.6173 -10.2312
-13.8322 14.1033 -13.3462
-15.8532 10.8713 -13.9642
-16.6392 10.5833 -10.2022
-18.1982 14.1263 -10.1842

-19.7012 13.8553 -13.7602
-20.0862 10.1393 -14.8452
-21.2662 11.2583 -18.3682
-18.0292 13.2193 -19.0962
-15.4312 11.2733 -21.1802
-16.9942 7.72429 -20.8172
-13.6702 6.29229 -22.1592

-10.1952 7.49029 -21.0172
-8.81323 7.48729 -24.6202
-10.9602 10.5423 -25.6182
-9.65923 12.4783 -22.5472
-6.05923 11.3103 -23.2562
-6.12223 12.3473 -26.9722
-7.33223 15.8753 -26.0182
-5.49723 16.6893 -22.7302

-2.60423 14.1583 -22.3522
-0.945235 14.6413 -25.8302
-1.59323 10.9323 -26.4462

0.983765 9.28529 -28.7772
0.734765 5.93729 -30.6192
4.01477 4.09429 -29.8622

5.01077 0.612289 -31.2902
3.96077 -0.954711 -27.9032

0.604765 0.938289 -27.4962
-0.559235 4.42129 -26.4022
1.53077 6.84629 -24.3202

-0.480235 9.31729 -22.1262
2.45077 10.9333 -20.1672
2.11977 14.2603 -22.0602
-0.0992346 17.3473 -21.7142
-2.22723 19.4073 -24.1532
-4.98223 22.1023 -24.2312

-4.52223 22.8193 -20.4562
-6.35323 26.2173 -20.5552
-9.45323 24.4413 -22.0122
-9.12823 21.7273 -19.3082
-8.94723 24.4953 -16.6152
-12.1552 26.1333 -17.9842
-13.9882 22.7383 -18.0932
-12.8762 21.9153 -14.5062
-13.9352 25.3133 -13.0192
-17.3372 25.3633 -14.8322
-18.5142 21.7543 -14.2972

-16.2832 19.7523 -11.8312

-14.1502 21.8103 -9.44716
-14.2082 24.7043 -6.97616

-10.6052 25.9463 -6.44316
-9.29823 28.9473 -4.45416
-5.72323 29.7823 -3.48016

-4.19723 31.2663 -0.252164
-3.58623 34.4703 -2.27416
-7.34123 34.7193 -3.17416
-8.78123 34.3493 0.385836

-5.97023 34.8443 3.00784
-4.00923 38.0793 2.17684
-2.59523 37.8423 5.77684
-0.590235 34.5743 5.36084

3.20877 35.2683 5.34584
4.96177 34.5343 2.02184

6.61777 31.1643 1.27884
10.2338 32.0123 0.300836
11.7708 29.1223 -1.70116
15.4498 28.6243 -2.64816
17.8118 26.0153 -4.05016
20.8528 25.3203 -1.80916
23.6718 23.7663 -3.86416

25.4518 21.5653 -1.27316
29.1668 21.3843 -2.08316

30.1508 18.1533 -4.00616
33.7658 18.6243 -2.67816
32.7278 16.4323 0.343836

31.6868 13.6433 -2.14116
34.8248 11.4623 -2.07516

36.3308 10.1893 -5.37316
35.0188 6.57129 -4.83216
31.3968 7.76929 -4.28116
31.6738 10.0993 -7.34216
33.1028 7.25429 -9.49416
30.1648 5.03729 -8.30916
27.6188 7.77229 -9.30716
29.4158 8.17029 -12.6972
29.3288 4.34429 -13.1282
25.5558 4.03529 -12.3802
24.8678 7.08729 -14.6482
26.8228 5.41129 -17.5352
25.0488 2.09829 -16.7442
21.5518 3.65029 -17.3282
22.6428 4.98129 -20.7992

24.1228 1.65129 -22.0512
22.2928 0.553289 -25.2562
22.4338 -3.22671 -24.7212
20.5628 -3.38771 -21.3362
16.9898 -4.61571 -20.8292

14.1938 -2.22871 -19.6752
14.5128 -3.89071 -16.2122
18.3348 -3.43171 -15.9232
17.7838 0.270289 -16.8942
15.1948 0.623289 -14.0192
17.5628 -1.19671 -11.5822
20.5118 1.09529 -12.5392
18.1608 4.13329 -12.0832
17.1458 2.93129 -8.55916
20.8608 2.35029 -7.75216
21.8308 5.87129 -9.02416
19.0038 7.41029 -6.90916
19.9588 5.46129 -3.71116
23.6918 6.37829 -4.27816
22.6418 10.0683 -4.63816
20.9908 9.87929 -1.17816
24.1508 8.29829 0.390836
26.4508 10.8593 -1.33716
24.4518 13.8333 0.108836
24.3988 12.6373 3.80684
27.6858 14.3903 4.94384
26.7488 17.8233 3.47184
23.0638 17.4683 4.51184
24.4048 16.9203 8.08284
26.8768 19.8633 7.69584
23.9498 22.1143 6.61284
21.6378 20.9623 9.50284
24.4428 21.7303 12.0138
25.0968 25.1803 10.3888
21.3478 25.9773 10.8648
21.4748 24.9663 14.5898
24.7998 26.8313 15.1798

23.1418 29.9103 13.4968
20.6618 29.8953 16.4708
17.4928 28.5983 14.6798
14.7988 27.6453 17.2078
12.5458 25.2963 15.0838

12.7648 23.7013 11.6028
11.5968 20.6253 9.63184
13.9668 18.2633 7.75684
12.3808 16.1963 4.95284
14.0018 13.0413 3.48184

12.6198 9.74029 2.00484
15.4978 7.19629 2.05984

15.6288 5.51229 5.51284
19.4918 5.71429 5.57084
19.2618 9.57129 5.32884
16.6588 9.75629 8.17284
18.8198 7.32129 10.2588
22.0848 9.30329 9.70484
20.4078 12.6823 10.5508
18.8548 11.2533 13.7898
22.1908 9.62029 14.8198
24.1328 12.9233 14.3998
21.4468 14.9363 16.3078
21.6648 12.3453 19.1728
25.5268 12.5693 19.0578

25.2388 16.4243 19.3138
22.5708 15.9923 22.1148
19.9928 17.9523 20.0128
16.3888 17.2653 21.0818

14.3858 16.2743 17.9708
11.3008 14.3063 16.8048
11.2228 11.5893 14.0888
8.22077 10.4883 11.9448

8.48677 7.76629 9.24684
6.65377 4.67029 7.83284
7.23177 2.75329 11.1418
5.79777 5.50229 13.4578
2.28477 4.49729 14.6468
-0.878235 6.59329 13.9908
-1.25123 7.70129 17.6788

2.50677 8.34329 18.2658
2.49777 10.5683 15.0988
-0.0632346 12.9003 16.7628
1.78577 12.8453 20.1468
5.22177 13.6333 18.5388
3.48077 16.4023 16.5158
2.14677 17.8903 19.8158
5.62377 17.5073 21.4688
7.27177 19.5233 18.6008
4.42377 22.1233 18.6508
4.34977 22.6873 22.4618

7.98277 22.0243 23.5958
10.5668 24.8063 22.9098
13.3698 22.1783 23.3598
12.5588 20.1743 20.1818
14.5278 22.1553 17.5608

14.3858 19.6313 14.6478
11.6258 17.4603 13.1688
13.0878 14.5983 11.0388
10.2318 13.6883 8.66584
9.65777 11.1603 5.87784

8.34577 13.0563 2.77684
5.91677 10.1463 2.06784
4.85377 9.29729 5.66484
4.36677 12.8913 7.03184
2.64477 14.4203 3.89884
-0.816235 13.9463 5.58684
-2.81423 14.9023 8.73784
-0.0472346 16.6683 10.7328
0.401765 20.4403 11.4178
3.85477 21.9833 12.1268
3.01777 25.7183 12.5728
5.72777 26.0503 15.3258
8.51177 25.9853 12.6528
9.39577 28.7903 10.1558

11.8428 26.7133 8.01384
11.5338 23.5493 5.87184
14.7008 21.7823 4.58684
14.3238 19.1493 1.84284

17.4838 17.0263 2.28684
16.2748 15.0063 -0.744164
14.2638 15.8093 -3.89216
11.0708 13.8443 -4.68816
9.98477 13.2903 -8.35516
6.33877 14.2623 -7.61016

5.79877 18.0393 -6.96216
2.32577 17.4913 -5.39916
4.02677 15.6243 -2.47916
6.64577 18.4203 -2.06416
3.80877 21.0483 -1.91016
1.92877 18.8083 0.624836
5.10677 18.8013 2.80484
5.58077 22.6523 2.57284

1.88277 23.1273 3.59084
2.55677 21.2803 6.87484
4.17777 24.5603 8.13984
2.24577 27.0823 5.99484
-1.13823 26.5893 7.81884
-3.67823 28.7633 9.70184
-1.75423 29.7053 12.8988
1.55377 30.4773 11.0768
2.78277 34.0773 11.7908
6.30477 34.0083 10.1778
7.40777 33.9713 6.49184

8.02977 30.2903 5.66884
11.5198 29.4693 4.33684
11.7818 26.4183 2.00184
15.3428 25.1663 1.26084
15.8468 22.4823 -1.45116
19.2668 20.7873 -0.943164
20.7998 19.7713 -4.34616

24.1888 18.2713 -5.36816
25.8898 18.7903 -8.79716
26.9958 15.4253 -10.3212
23.9728 13.4503 -8.90316
20.3008 12.4503 -9.52916

19.2888 16.0343 -8.45016
20.6078 17.3783 -11.8342
17.8278 15.3703 -13.6442
15.1288 15.4473 -10.9102
15.0928 19.2613 -10.4902
14.2818 20.1033 -14.2042
11.6968 17.2163 -14.1542
9.98777 18.6533 -11.0102
10.0008 22.1663 -12.6272
8.30777 21.0833 -15.9092
5.70677 19.1583 -13.7942
4.86477 22.2933 -11.6752
4.50477 24.2853 -14.9472
2.03177 21.6403 -16.3122
0.109765 21.9063 -12.9802
0.124765 25.7703 -13.1442
-1.10223 25.8543 -16.8142

-3.97523 23.5323 -15.6972
-4.77523 26.0743 -12.8522
-3.69923 23.4733 -10.2082
-0.679235 25.3803 -8.73216
0.495765 28.9953 -8.16016
3.95377 27.5563 -7.42516
6.42777 28.6923 -10.0702
9.86777 27.0203 -9.59716
11.7528 28.8263 -12.4862

12.7588 31.9153 -10.4042
14.8068 29.7263 -7.96116
17.1538 28.4093 -10.7402
18.0048 31.8063 -12.2992

19.2698 32.7653 -8.76916
21.7548 29.7923 -8.34616

End chain 1
