-13.201 -6.296 -53.957
-10.703 -3.406 -53.291
-9.54 -3.087 -49.639
-11.02 0.322 -48.639
-8.614 1.85 -46.053
-10.787 3.126 -43.162

-9.634 6.195 -41.181
-10.061 4.9 -37.589
-10.286 6.838 -34.306
-12.195 7.103 -30.979
-14.163 9.439 -28.711
-12.619 10.223 -25.263
-14.157 12.207 -22.344

-11.943 15.248 -21.466
-14.301 16.978 -18.949
-17.827 16.65 -17.399
-19.139 18.761 -20.353

-16.752 17.96 -23.312
-15.482 14.956 -25.281
-12.62 14.751 -27.824
-12.437 12.939 -31.204
-8.982 11.264 -31.393
-8.672 10.357 -35.1

-6.282 10.744 -38.079
-6.98 13.557 -40.6
-9.895 13.022 -43.051

-11.208 15.853 -45.293
-14.92 14.856 -45.011
-14.611 14.37 -41.226
-13.015 17.857 -40.827
-15.875 19.254 -42.999
-18.403 17.482 -40.669
-16.559 18.759 -37.515
-16.844 22.341 -38.957

-20.697 21.797 -39.029
-20.861 21.033 -35.24
-22.116 23.933 -33.104
-20.016 23.255 -29.939
-16.791 22.621 -31.971

-13.393 23.436 -30.391
-10.011 22.816 -32.063
-6.805 22.812 -29.99

-3.883 23.919 -32.209
-1.328 22.314 -29.773
-2.753 18.736 -29.691
-4.334 19.137 -33.217

-7.578 17.622 -31.79
-11.313 18.386 -31.995
-13.683 18.544 -28.991
-17.466 19.001 -28.65
-20.131 19.402 -25.91

-21.257 16.038 -24.476
-24.923 16.743 -25.497
-23.731 16.722 -29.178
-22.178 13.179 -28.839
-25.228 11.354 -30.322
-25.57 14.044 -33.093
-21.852 13.682 -34.021
-21.815 9.829 -34.037
-25.045 9.774 -36.128
-23.507 12.176 -38.75
-20.093 10.348 -38.803

-21.793 6.948 -39.527
-22.962 8.546 -42.834
-19.328 9.196 -43.991
-17.677 6.563 -46.261
-14.251 5.2 -45.121

-14.46 6.789 -41.562
-14.765 4.819 -38.279
-15.142 6.964 -35.114
-15.663 4.659 -32.101

-18.218 6.249 -29.657
-17.862 6.903 -25.912
-18.35 3.469 -24.195
-21.794 2.549 -22.772
-20.235 2.829 -19.255
-19.534 6.58 -19.812
-22.964 7.196 -21.431
-24.623 5.531 -18.378
-22.42 7.523 -15.909

-23.028 10.919 -17.654
-26.668 10.153 -18.714
-27.851 13.482 -17.123

-25.214 15.594 -18.963
-26 13.8 -22.296
-29.631 15.147 -21.909

-29.014 18.802 -20.797
-28.522 21.656 -23.337
-27.494 23.803 -20.296
-24.374 24.206 -18.108
-26.03 23.63 -14.722
-23.195 22.587 -12.38
-23.731 19.355 -10.334

-27.219 19.392 -8.694
-26.798 20.208 -4.988
-26.578 17.032 -2.906
-29.814 16.999 -0.82
-29.276 16.946 2.956
-30.305 13.551 4.343

-32.727 13.25 7.268
-30.389 11.851 9.975
-33.077 12.019 12.787
-33.159 8.159 12.923
-29.32 8.149 13.454
-27.82 8.306 16.969

-27.52 12.074 17.913
-23.991 11.509 19.371
-22.796 10.469 15.867
-24.731 13.185 13.93
-23.402 16.008 16.22
-19.738 14.82 15.861

-19.687 14.822 11.995
-17.445 17.587 10.586

-19.106 19.692 7.763
-17.231 17.783 4.996
-18.064 14.402 6.666
-21.796 15.407 6.677
-21.562 16.318 2.947
-19.943 12.855 2.346
-22.788 11.075 4.244
-25.363 13.084 2.191
-23.555 12.165 -1.104
-23.43 8.459 -0.115
-27.196 8.491 0.728
-28.024 10.343 -2.565

-25.973 7.645 -4.472
-28.214 5.048 -2.67
-25.512 3.7 -0.27

-23.352 2.353 -3.174
-19.956 4.118 -3.237
-16.209 4.012 -2.721
-15.295 6.541 0.021

-11.694 7.195 -1.128

-11.135 10.189 1.225
-7.504 10.605 2.377

-7.72153 10.0009 -1.34116
-8.15357 13.1607 -3.44936
-8.72157 16.5477 -5.05642
-10.5673 17.4158 -8.25382

-12.243 18.6047 -11.4509
-13.6318 21.676 -9.69561
-10.2072 22.5433 -8.29471
-8.61619 22.2364 -11.7323
-11.2494 24.5108 -13.2608
-10.6917 27.13 -10.5642
-6.93502 27.0571 -11.1344
-7.3973 27.5045 -14.8799
-9.70276 30.4767 -14.3383
-7.19702 32.1174 -11.999
-4.3941 31.661 -14.5245

-5.0671 28.188 -16.0955

-5.5511 26.423 -12.6215
-9.0531 25.273 -13.8325
-7.2171 23.174 -16.5405
-4.7931 21.262 -14.1925
-3.1481 18.717 -13.4325

0.0588983 20.682 -14.1145
3.2819 18.993 -15.3335
6.5979 20.802 -14.6055
9.7009 19.391 -16.3795
13.0039 20.773 -14.9995

16.7829 20.114 -14.6165
17.4169 17.31 -12.0355
18.9769 19.825 -9.5095
16.1439 22.49 -9.4035

13.0749 20.262 -8.5995
12.9379 21.377 -4.9275
13.6789 25.028 -5.9725
10.4679 24.826 -8.0965
8.4189 23.233 -5.2275
9.5649 26.05 -2.8735
8.7239 28.606 -5.6335
5.1109 27.241 -5.8425
4.7509 27.27 -1.9915
6.2369 30.83 -1.8795
4.0099 32.325 -4.6245

0.711898 30.321 -4.3625
-0.0181017 30.08 -0.5465
-3.5551 28.921 -1.6545
-1.9311 25.429 -2.1965
-1.1971 22.845 0.5145

2.2009 21.026 0.2545
0.194898 17.81 -0.5225
-0.947102 19.463 -3.8115

2.7419 19.314 -5.0265
4.3279 16.006 -6.1145
8.1519 16.089 -6.5215

9.1309 13.014 -8.5675
12.5169 11.827 -7.2305
12.6319 8.29302 -8.7895
11.4279 6.33102 -11.8675
9.0639 4.31002 -9.5325
7.0449 7.32202 -8.2855
3.4809 8.21302 -9.4435
3.7579 11.157 -11.9015
0.0168983 12.028 -11.3295
-0.0861017 11.964 -7.4755
-0.275102 15.798 -7.0665
-2.2471 18.664 -8.6075

1.2449 19.99 -9.5645
3.7679 17.297 -10.6375
7.4969 18.232 -10.7995
9.8239 15.828 -12.7155
13.3039 15.835 -14.3115

14.1749 15.39 -18.0255
16.0759 12.121 -17.2275
12.9999 10.584 -15.4895
10.5329 11.361 -18.3805

11.9069 8.41502 -20.4625
11.5459 6.05702 -17.4195
7.9899 7.39002 -16.7575
6.8189 7.31502 -20.4635
4.1019 4.71502 -19.5585
2.5899 7.29402 -17.0905
2.8779 10.236 -19.6135
-0.238102 8.69702 -21.3245
-2.3551 10.679 -18.7775
-3.2611 13.993 -20.5505
-1.5341 16.895 -18.7605
-3.4031 19.915 -20.2425

-0.871102 22.453 -18.8105
2.8969 21.832 -19.1735
5.8259 23.985 -18.0005
9.3159 23.02 -19.2425

12.1709 24.893 -17.5435
15.4919 25.265 -19.4515

13.7669 23.778 -22.5715
17.0679 23.923 -24.5705
17.5809 20.388 -23.0585
15.0589 19.264 -25.7785

17.2749 20.694 -28.6565
17.9719 17.221 -30.2135
14.9199 15.147 -31.3385
16.8389 11.782 -31.2405
17.4469 12.014 -27.4415

15.2819 9.86102 -25.1105
14.2649 13.008 -23.0895
13.0009 14.721 -26.2955
11.2469 11.537 -27.6085
9.3719 11.225 -24.2505
8.5199 14.993 -23.9345
7.3679 15.777 -27.5275
4.1329 13.607 -27.6055
2.8719 15.344 -24.4015
3.8289 18.858 -25.6665
1.9399 18.304 -28.9885
-1.3151 17.203 -27.1785

-1.2391 19.486 -24.0675
-3.5391 22.588 -24.3065

-0.993102 25.014 -22.7065
2.8139 24.783 -23.2315
5.0639 27.207 -21.3125
8.6879 26.673 -22.4255
11.4059 28.609 -20.5145

15.0939 29.195 -21.4215
17.8349 31.842 -21.0295
19.5429 30.431 -24.1395
16.8309 28.908 -26.4345
19.5699 28.109 -28.9475
22.9889 27.174 -27.4795
25.0119 27.403 -30.7585
22.8729 26.945 -33.9665

19.3469 27.542 -35.4865
18.6879 23.734 -35.7035
18.4309 23.612 -31.8255
15.2139 25.76 -31.9815
13.2049 23.284 -34.1305
11.9289 21.104 -31.2165
10.8519 24.238 -29.2455
9.0949 25.724 -32.3605
7.0739 22.492 -32.9785
6.2879 22.204 -29.2165
4.7289 25.747 -29.1985

3.2259 25.476 -32.7745
2.8409 21.76 -33.8595
1.6609 22.879 -37.3825
4.8979 24.84 -38.1105
7.4959 22.894 -40.1945
5.9329 19.345 -39.8315
9.2569 17.913 -41.1735

12.7319 19.111 -40.0315
14.1139 19.108 -43.6345
11.9669 22.163 -44.6325
13.2679 24.099 -41.5615
16.8679 22.931 -42.2705
16.8049 23.968 -45.9865
15.5949 27.496 -45.0325
17.4299 28.31 -41.7445

20.3229 25.779 -41.3665
21.9819 26.262 -44.8445
21.3339 22.553 -45.4605

23.9109 20.906 -47.7915
23.6619 17.558 -49.6335
26.9419 15.715 -48.8765

27.9379 12.233 -50.3045
26.8879 10.666 -46.9175

23.5319 12.559 -46.5105
22.3679 16.042 -45.4165
24.4579 18.467 -43.3345

22.4469 20.938 -41.1405
25.3779 22.554 -39.1815
25.0469 25.881 -41.0745
22.8279 28.968 -40.7285
20.6999 31.028 -43.1675
17.9449 33.723 -43.2455

18.4049 34.44 -39.4705
16.5739 37.838 -39.5695
13.4739 36.062 -41.0265
13.7989 33.348 -38.3225
13.9799 36.116 -35.6295
10.7719 37.754 -36.9985
8.9389 34.359 -37.1075
10.0509 33.536 -33.5205
8.9919 36.934 -32.0335
5.5899 36.984 -33.8465
4.4129 33.375 -33.3115

6.6439 31.373 -30.8455

8.7769 33.431 -28.4615
8.7189 36.325 -25.9905

12.3219 37.567 -25.4575
13.6289 40.568 -23.4685
17.2039 41.403 -22.4945

18.7299 42.887 -19.2665
19.3409 46.091 -21.2885
15.5859 46.34 -22.1885
14.1459 45.97 -18.6285

16.9569 46.465 -16.0065
18.9179 49.7 -16.8375
20.3319 49.463 -13.2375
22.3369 46.195 -13.6535

26.1359 46.889 -13.6685
27.8889 46.155 -16.9925

29.5449 42.785 -17.7355
33.1609 43.633 -18.7135
34.6979 40.743 -20.7155
38.3769 40.245 -21.6625
40.7389 37.636 -23.0645
43.7799 36.941 -20.8235
46.5989 35.387 -22.8785

48.3789 33.186 -20.2875
52.0939 33.005 -21.0975

53.0779 29.774 -23.0205
56.6929 30.245 -21.6925
55.6549 28.053 -18.6705

54.6139 25.264 -21.1555
57.7519 23.083 -21.0895

59.2579 21.81 -24.3875
57.9459 18.192 -23.8465
54.3239 19.39 -23.2955
54.6009 21.72 -26.3565
56.0299 18.875 -28.5085
53.0919 16.658 -27.3235
50.5459 19.393 -28.3215
52.3429 19.791 -31.7115
52.2559 15.965 -32.1425
48.4829 15.656 -31.3945
47.7949 18.708 -33.6625
49.7499 17.032 -36.5495
47.9759 13.719 -35.7585
44.4789 15.271 -36.3425
45.5699 16.602 -39.8135

47.0499 13.272 -41.0655
45.2199 12.174 -44.2705
45.3609 8.39402 -43.7355
43.4899 8.23302 -40.3505
39.9169 7.00502 -39.8435

37.1209 9.39202 -38.6895
37.4399 7.73002 -35.2265
41.2619 8.18902 -34.9375
40.7109 11.891 -35.9085
38.1219 12.244 -33.0335
40.4899 10.424 -30.5965
43.4389 12.716 -31.5535
41.0879 15.754 -31.0975
40.0729 14.552 -27.5735
43.7879 13.971 -26.7665
44.7579 17.492 -28.0385
41.9309 19.031 -25.9235
42.8859 17.082 -22.7255
46.6189 17.999 -23.2925
45.5689 21.689 -23.6525
43.9179 21.5 -20.1925
47.0779 19.919 -18.6235
49.3779 22.48 -20.3515
47.3789 25.454 -18.9055
47.3259 24.258 -15.2075
50.6129 26.011 -14.0705
49.6759 29.444 -15.5425
45.9909 29.089 -14.5025
47.3319 28.541 -10.9315
49.8039 31.484 -11.3185
46.8769 33.735 -12.4015
44.5649 32.583 -9.5115
47.3699 33.351 -7.0005
48.0239 36.801 -8.6255
44.2749 37.598 -8.1495
44.4019 36.587 -4.4245
47.7269 38.452 -3.8345

46.0689 41.531 -5.5175
43.5889 41.516 -2.5435
40.4199 40.219 -4.3345
37.7259 39.266 -1.8065
35.4729 36.917 -3.9305

35.6919 35.322 -7.4115
34.5239 32.246 -9.3825
36.8939 29.884 -11.2575
35.3079 27.817 -14.0615
36.9289 24.662 -15.5325

35.5469 21.361 -17.0095
38.4249 18.817 -16.9545

38.5559 17.133 -13.5015
42.4189 17.335 -13.4435
42.1889 21.192 -13.6855
39.5859 21.377 -10.8415
41.7469 18.942 -8.7555
45.0119 20.924 -9.3095
43.3349 24.303 -8.4635
41.7819 22.874 -5.2245
45.1179 21.241 -4.1945
47.0599 24.544 -4.6145
44.3739 26.557 -2.7065
44.5919 23.966 0.1585
48.4539 24.19 0.0435003

48.1659 28.045 0.2995
45.4979 27.613 3.1005
42.9199 29.573 0.9985
39.3159 28.886 2.0675

37.3129 27.895 -1.0435
34.2279 25.927 -2.2095
34.1499 23.21 -4.9255
31.1479 22.109 -7.0695

31.4139 19.387 -9.7675
29.5809 16.291 -11.1815
30.1589 14.374 -7.8725
28.7249 17.123 -5.5565
25.2119 16.118 -4.3675
22.0489 18.214 -5.0235
21.6759 19.322 -1.3355

25.4339 19.964 -0.7485
25.4249 22.189 -3.9155
22.8639 24.521 -2.2515
24.7129 24.466 1.1325
28.1489 25.254 -0.4755
26.4079 28.023 -2.4985
25.0739 29.511 0.8015
28.5509 29.128 2.4545
30.1989 31.144 -0.4135
27.3509 33.744 -0.3635
27.2769 34.308 3.4475

30.9099 33.645 4.5815
33.4939 36.427 3.8955
36.2969 33.799 4.3455
35.4859 31.795 1.1675
37.4549 33.776 -1.4535

37.3129 31.252 -4.3665
34.5529 29.081 -5.8455
36.0149 26.219 -7.9755
33.1589 25.309 -10.3485
32.5849 22.781 -13.1365

31.2729 24.677 -16.2375
28.8439 21.767 -16.9465
27.7809 20.918 -13.3495
27.2939 24.512 -11.9825
25.5719 26.041 -15.1155
22.1109 25.567 -13.4275
20.1129 26.523 -10.2765
22.8799 28.289 -8.2815
23.3289 32.061 -7.5965
26.7819 33.604 -6.8875
25.9449 37.339 -6.4415
28.6549 37.671 -3.6885
31.4389 37.606 -6.3615
32.3229 40.411 -8.8585

34.7699 38.334 -11.0005
34.4609 35.17 -13.1425
37.6279 33.403 -14.4275
37.2509 30.77 -17.1715

40.4109 28.647 -16.7275
39.2019 26.627 -19.7585
37.1909 27.43 -22.9065
33.9979 25.465 -23.7025
32.9119 24.911 -27.3695
29.2659 25.883 -26.6245

28.7259 29.66 -25.9765
25.2529 29.112 -24.4135
26.9539 27.245 -21.4935
29.5729 30.041 -21.0785
26.7359 32.669 -20.9245
24.8559 30.429 -18.3895
28.0339 30.422 -16.2095
28.5079 34.273 -16.4415

24.8099 34.748 -15.4235
25.4839 32.901 -12.1395
27.1049 36.181 -10.8745
25.1729 38.703 -13.0195
21.7889 38.21 -11.1955
19.2489 40.384 -9.3125
21.1729 41.326 -6.1155
24.4809 42.098 -7.9375
25.7099 45.698 -7.2235
29.2319 45.629 -8.8365
30.3349 45.592 -12.5225

30.9569 41.911 -13.3455
34.4469 41.09 -14.6775
34.7089 38.039 -17.0125
38.2699 36.787 -17.7535
38.7739 34.103 -20.4655
42.1939 32.408 -19.9575
43.7269 31.392 -23.3605

47.1159 29.892 -24.3825
48.8169 30.411 -27.8115
49.9229 27.046 -29.3355
46.8999 25.071 -27.9175
43.2279 24.071 -28.5435

42.2159 27.655 -27.4645
43.5349 28.999 -30.8485
40.7549 26.991 -32.6585
38.0559 27.068 -29.9245
38.0199 30.882 -29.5045
37.2089 31.724 -33.2185
34.6239 28.837 -33.1685
32.9149 30.274 -30.0245
32.9279 33.787 -31.6415
31.2349 32.704 -34.9235
28.6339 30.779 -32.8085
27.7919 33.914 -30.6895
27.4319 35.906 -33.9615
24.9589 33.261 -35.3265
23.0369 33.527 -31.9945
23.0519 37.391 -32.1585
21.8249 37.475 -35.8285

18.9519 35.153 -34.7115
18.1519 37.695 -31.8665
19.2279 35.094 -29.2225
22.2479 37.001 -27.7465
23.4229 40.616 -27.1745
26.8809 39.177 -26.4395
29.3549 40.313 -29.0845
32.7949 38.641 -28.6115
34.6799 40.447 -31.5005

35.6859 43.536 -29.4185
37.7339 41.347 -26.9755
40.0809 40.03 -29.7545
40.9319 43.427 -31.3135

42.1969 44.386 -27.7835
44.6819 41.413 -27.3605

End chain 1
