-13.201 -6.296 -53.957
-10.703 -3.406 -53.291
-9.54 -3.087 -49.639
-11.02 0.322 -48.639
-8.614 1.85 -46.053
-10.787 3.126 -43.162

-9.634 6.195 -41.181
-10.061 4.9 -37.589
-10.286 6.838 -34.306
-12.195 7.103 -30.979
-14.163 9.439 -28.711
-12.619 10.223 -25.263
-14.157 12.207 -22.344

-11.943 15.248 -21.466
-14.301 16.978 -18.949
-17.827 16.65 -17.399
-19.139 18.761 -20.353

-16.752 17.96 -23.312
-15.482 14.956 -25.281
-12.62 14.751 -27.824
-12.437 12.939 -31.204
-8.982 11.264 -31.393
-8.672 10.357 -35.1

-6.282 10.744 -38.079
-6.98 13.557 -40.6
-9.895 13.022 -43.051

-11.208 15.853 -45.293
-14.92 14.856 -45.011
-14.611 14.37 -41.226
-13.015 17.857 -40.827
-15.875 19.254 -42.999
-18.403 17.482 -40.669
-16.559 18.759 -37.515
-16.844 22.341 -38.957

-20.697 21.797 -39.029
-20.861 21.033 -35.24
-22.116 23.933 -33.104
-20.016 23.255 -29.939
-16.791 22.621 -31.971

-13.393 23.436 -30.391
-10.011 22.816 -32.063
-6.805 22.812 -29.99

-3.15911 23.3295 -29.597
0.41255 22.3795 -29.0539
4.02771 21.2681 -28.3242
7.54256 21.5489 -26.9062

5.75355 19.9126 -24.0657
3.76078 19.1439 -20.9305
1.57948 16.2576 -19.8718
-1.39268 14.7463 -17.9139
-1.40965 10.9981 -16.99

-2.53565 7.63406 -15.556
-6.20165 8.33906 -16.577
-5.00965 8.31806 -20.258
-3.45665 4.77506 -19.919
-6.50665 2.95006 -21.402
-6.84865 5.64006 -24.173
-3.13065 5.27806 -25.101
-3.09365 1.42506 -25.117
-6.32365 1.37006 -27.208
-4.78565 3.77206 -29.83
-1.37165 1.94406 -29.883

-3.07165 -1.45594 -30.607
-4.24065 0.142056 -33.914
-0.60665 0.792056 -35.071
1.04435 -1.84094 -37.341
4.47035 -3.20394 -36.201

4.26135 -1.61494 -32.642
3.95635 -3.58494 -29.359
3.57935 -1.43994 -26.194
3.05835 -3.74494 -23.181

0.50335 -2.15494 -20.737
0.85935 -1.50094 -16.992
0.37135 -4.93494 -15.275
-3.07265 -5.85494 -13.852
-1.51365 -5.57494 -10.335
-0.81265 -1.82394 -10.892
-4.24265 -1.20794 -12.511
-5.90165 -2.87294 -9.45804
-3.69865 -0.880944 -6.98904

-4.30665 2.51506 -8.73404
-7.94665 1.74906 -9.79404
-9.12965 5.07806 -8.20304

-6.49265 7.19006 -10.043
-7.27865 5.39606 -13.376
-10.9097 6.74306 -12.989

-10.2927 10.3981 -11.877
-9.80065 13.2521 -14.417
-8.77265 15.3991 -11.376
-5.65265 15.8021 -9.18804
-7.30865 15.2261 -5.80204
-4.47365 14.1831 -3.46004
-5.00965 10.9511 -1.41404

-8.49765 10.9881 0.225955
-8.07665 11.8041 3.93196
-7.85665 8.62806 6.01396
-11.0927 8.59506 8.09996
-10.5547 8.54206 11.876
-11.5837 5.14706 13.263

-14.0057 4.84606 16.188
-11.6677 3.44706 18.895
-14.3557 3.61506 21.707
-14.4377 -0.244944 21.843
-10.5987 -0.254944 22.374
-9.09865 -0.0979444 25.889

-8.79865 3.67006 26.833
-5.26965 3.10506 28.291
-4.07465 2.06506 24.787
-6.00965 4.78106 22.85
-4.68065 7.60406 25.14
-1.01665 6.41606 24.781

-0.96565 6.41806 20.915
1.27635 9.18306 19.506

-0.38465 11.2881 16.683
1.49035 9.37906 13.916
0.65735 5.99806 15.586
-3.07465 7.00306 15.597
-2.84065 7.91406 11.867
-1.22165 4.45106 11.266
-4.06665 2.67106 13.164
-6.64165 4.68006 11.111
-4.83365 3.76106 7.81596
-4.70865 0.0550556 8.80496
-8.47465 0.0870556 9.64796
-9.30265 1.93906 6.35496

-7.25165 -0.758944 4.44796
-9.49265 -3.35594 6.24996
-6.79065 -4.70394 8.64996

-4.63065 -6.05094 5.74596
-1.23465 -4.28594 5.68296
2.51235 -4.39194 6.19896
3.42635 -1.86294 8.94096

7.02735 -1.20894 7.79196

7.58635 1.78506 10.145
11.2173 2.20106 11.297

12.6733 0.311056 14.318
11.3603 1.55206 17.704
8.48835 3.76506 16.294
6.01535 1.57706 18.328

4.87735 -1.04994 15.751
3.70935 -3.32294 18.654
1.35835 -0.689944 20.236
-0.15465 0.102056 16.774
-0.56065 -3.66594 16.01
-2.29865 -4.36194 19.381
-4.69365 -1.40794 18.718
-5.52565 -2.54894 15.115
-6.12465 -6.12694 16.383
-8.23365 -4.88394 19.381
-10.5057 -2.87294 16.998

-11.1787 -6.34594 15.427

-11.6627 -8.11094 18.901
-15.1647 -9.26094 17.69
-13.3287 -11.3599 14.982
-10.9047 -13.2719 17.33
-9.25965 -15.8169 18.09

-6.05265 -13.8519 17.408
-2.82965 -15.5409 16.189
0.48635 -13.7319 16.917
3.58935 -15.1429 15.143
6.89235 -13.7609 16.523

10.6713 -14.4199 16.906
11.3053 -17.2239 19.487
12.8653 -14.7089 22.013
10.0323 -12.0439 22.119

6.96335 -14.2719 22.923
6.82635 -13.1569 26.595
7.56735 -9.50594 25.55
4.35635 -9.70794 23.426
2.30735 -11.3009 26.295
3.45335 -8.48394 28.649
2.61235 -5.92794 25.889
-1.00065 -7.29294 25.68
-1.36065 -7.26394 29.531
0.12535 -3.70394 29.643
-2.10165 -2.20894 26.898

-5.39965 -4.21294 27.16
-6.12965 -4.45394 30.976
-9.66665 -5.61294 29.868
-8.04265 -9.10494 29.326
-7.30865 -11.6889 32.037

-3.91065 -13.5079 31.777
-5.91665 -16.7239 31
-7.05865 -15.0709 27.711

-3.36965 -15.2199 26.496
-1.78365 -18.5279 25.408
2.04035 -18.4449 25.001

3.01935 -21.5199 22.955
6.40535 -22.7069 24.292
6.52035 -26.2409 22.733
5.31635 -28.2029 19.655
2.95235 -30.2239 21.99
0.93335 -27.2119 23.237
-2.63065 -26.3209 22.079
-2.35365 -23.3769 19.621
-6.09465 -22.5059 20.193
-6.19765 -22.5699 24.047
-6.38665 -18.7359 24.456
-8.35865 -15.8699 22.915

-4.86665 -14.5439 21.958
-2.34365 -17.2369 20.885
1.38535 -16.3019 20.723
3.71235 -18.7059 18.807
7.19235 -18.6989 17.211

8.06335 -19.1439 13.497
9.96435 -22.4129 14.295
6.88835 -23.9499 16.033
4.42135 -23.1729 13.142

5.79535 -26.1189 11.06
5.43435 -28.4769 14.103
1.87835 -27.1439 14.765
0.70735 -27.2189 11.059
-2.00965 -29.8189 11.964
-3.52165 -27.2399 14.432
-3.23365 -24.2979 11.909
-6.34965 -25.8369 10.198
-8.46665 -23.8549 12.745
-9.37265 -20.5409 10.972
-7.64565 -17.6389 12.762
-9.51465 -14.6189 11.28

-6.98265 -12.0809 12.712
-3.21465 -12.7019 12.349
-0.28565 -10.5489 13.522
3.20435 -11.5139 12.28

6.05935 -9.64094 13.979
9.38035 -9.26894 12.071

7.65535 -10.7559 8.95096
10.9563 -10.6109 6.95196
11.4693 -14.1459 8.46396
8.94735 -15.2699 5.74396

11.1633 -13.8399 2.86596
11.8603 -17.3129 1.30896
8.80835 -19.3869 0.183955
10.7273 -22.7519 0.281955
11.3353 -22.5199 4.08096

9.17035 -24.6729 6.41196
8.15335 -21.5259 8.43296
6.88935 -19.8129 5.22696
5.13535 -22.9969 3.91396
3.26035 -23.3089 7.27196
2.40835 -19.5409 7.58796
1.25635 -18.7569 3.99496
-1.97865 -20.9269 3.91696
-3.23965 -19.1899 7.12096
-2.28265 -15.6759 5.85596
-4.17165 -16.2299 2.53396
-7.42665 -17.3309 4.34396

-7.35065 -15.0479 7.45496
-9.65065 -11.9459 7.21596

-7.10465 -9.51994 8.81596
-3.29765 -9.75094 8.29096
-1.04765 -7.32694 10.21
2.57635 -7.86094 9.09696
5.29435 -5.92494 11.008

8.98235 -5.33894 10.101
11.7233 -2.69194 10.493
13.4313 -4.10294 7.38296
10.7193 -5.62594 5.08796
13.4583 -6.42494 2.57496
16.8773 -7.35994 4.04296
18.9003 -7.13094 0.763955
16.7613 -7.58894 -2.44404

13.2353 -6.99194 -3.96404
12.5763 -10.7999 -4.18104
12.3193 -10.9219 -0.303045
9.10235 -8.77394 -0.459045
7.09335 -11.2499 -2.60804
5.81735 -13.4299 0.305955
4.74035 -10.2959 2.27696
2.98335 -8.80994 -0.838045
0.96235 -12.0419 -1.45604
0.17635 -12.3299 2.30596
-1.38265 -8.78694 2.32396

-2.88565 -9.05794 -1.25204
-3.27065 -12.7739 -2.33704
-4.45065 -11.6549 -5.86004
-1.21365 -9.69394 -6.58804
1.38435 -11.6399 -8.67204
-0.17865 -15.1889 -8.30904
3.14535 -16.6209 -9.65104

6.62035 -15.4229 -8.50904
8.00235 -15.4259 -12.112
5.85535 -12.3709 -13.11
7.15635 -10.4349 -10.039
10.7563 -11.6029 -10.748
10.6933 -10.5659 -14.464
9.48335 -7.03794 -13.51
11.3183 -6.22394 -10.222

14.2113 -8.75494 -9.84404
15.8703 -8.27194 -13.322
15.2223 -11.9809 -13.938

17.7993 -13.6279 -16.269
17.5503 -16.9759 -18.111
20.8303 -18.8189 -17.354

21.8263 -22.3009 -18.782
20.7763 -23.8679 -15.395

17.4203 -21.9749 -14.988
16.2563 -18.4919 -13.894
18.3463 -16.0669 -11.812

16.3353 -13.5959 -9.61804
19.2663 -11.9799 -7.65904
18.9353 -8.65294 -9.55204
16.7163 -5.56594 -9.20604
14.5883 -3.50594 -11.645
11.8333 -0.810944 -11.723

12.2933 -0.0939444 -7.94804
10.4623 3.30406 -8.04704
7.36235 1.52806 -9.50404
7.68735 -1.18594 -6.80004
7.86835 1.58206 -4.10704
4.66035 3.22006 -5.47604
2.82735 -0.174944 -5.58504
3.93935 -0.997944 -1.99804
2.88035 2.40006 -0.511045
-0.52165 2.45006 -2.32404
-1.69865 -1.15894 -1.78904

0.53235 -3.16094 0.676955

2.66535 -1.10294 3.06096
2.60735 1.79106 5.53196

6.21035 3.03306 6.06496
7.51735 6.03406 8.05396
11.0923 6.86906 9.02796

12.6183 8.35306 12.256
13.2293 11.5571 10.234
9.47435 11.8061 9.33396
8.03435 11.4361 12.894

10.8453 11.9311 15.516
12.8063 15.1661 14.685
14.2203 14.9291 18.285
16.2253 11.6611 17.869

20.0243 12.3551 17.854
21.7773 11.6211 14.53

23.4333 8.25106 13.787
27.0493 9.09906 12.809
28.5863 6.20906 10.807
32.2653 5.71106 9.85996
34.6273 3.10206 8.45796
37.6683 2.40706 10.699
40.4873 0.853056 8.64396

42.2673 -1.34794 11.235
45.9823 -1.52894 10.425

46.9663 -4.75994 8.50196
50.5813 -4.28894 9.82996
49.5433 -6.48094 12.852

48.5023 -9.26994 10.367
51.6403 -11.4509 10.433

53.1463 -12.7239 7.13496
51.8343 -16.3419 7.67596
48.2123 -15.1439 8.22696
48.4893 -12.8139 5.16596
49.9183 -15.6589 3.01396
46.9803 -17.8759 4.19896
44.4343 -15.1409 3.20096
46.2313 -14.7429 -0.189045
46.1443 -18.5689 -0.620045
42.3713 -18.8779 0.127955
41.6833 -15.8259 -2.14004
43.6383 -17.5019 -5.02704
41.8643 -20.8149 -4.23604
38.3673 -19.2629 -4.82004
39.4583 -17.9319 -8.29104

40.9383 -21.2619 -9.54304
39.1083 -22.3599 -12.748
39.2493 -26.1399 -12.213
37.3783 -26.3009 -8.82804
33.8053 -27.5289 -8.32104

31.0093 -25.1419 -7.16704
31.3283 -26.8039 -3.70404
35.1503 -26.3449 -3.41504
34.5993 -22.6429 -4.38604
32.0103 -22.2899 -1.51104
34.3783 -24.1099 0.925955
37.3273 -21.8179 -0.0310446
34.9763 -18.7799 0.424955
33.9613 -19.9819 3.94896
37.6763 -20.5629 4.75596
38.6463 -17.0419 3.48396
35.8193 -15.5029 5.59896
36.7743 -17.4519 8.79696
40.5073 -16.5349 8.22996
39.4573 -12.8449 7.86996
37.8063 -13.0339 11.33
40.9663 -14.6149 12.899
43.2663 -12.0539 11.171
41.2673 -9.07994 12.617
41.2143 -10.2759 16.315
44.5013 -8.52294 17.452
43.5643 -5.08994 15.98
39.8793 -5.44494 17.02
41.2203 -5.99294 20.591
43.6923 -3.04994 20.204
40.7653 -0.798944 19.121
38.4533 -1.95094 22.011
41.2583 -1.18294 24.522
41.9123 2.26706 22.897
38.1633 3.06406 23.373
38.2903 2.05306 27.098
41.6153 3.91806 27.688

39.9573 6.99706 26.005
37.4773 6.98206 28.979
34.3083 5.68506 27.188
31.6143 4.73206 29.716
29.3613 2.38306 27.592

29.5803 0.788056 24.111
28.4123 -2.28794 22.14
30.7823 -4.64994 20.265
29.1963 -6.71694 17.461
30.8173 -9.87194 15.99

29.4353 -13.1729 14.513
32.3133 -15.7169 14.568

32.4443 -17.4009 18.021
36.3073 -17.1989 18.079
36.0773 -13.3419 17.837
33.4743 -13.1569 20.681
35.6353 -15.5919 22.767
38.9003 -13.6099 22.213
37.2233 -10.2309 23.059
35.6703 -11.6599 26.298
39.0063 -13.2929 27.328
40.9483 -9.98994 26.908
38.2623 -7.97694 28.816
38.4803 -10.5679 31.681
42.3423 -10.3439 31.566

42.0543 -6.48894 31.822
39.3863 -6.92094 34.623
36.8083 -4.96094 32.521
33.2043 -5.64794 33.59

31.2013 -6.63894 30.479
28.1163 -8.60694 29.313
28.0383 -11.3239 26.597
25.0363 -12.4249 24.453

25.3023 -15.1469 21.755
23.4693 -18.2429 20.341
24.0473 -20.1599 23.65
22.6133 -17.4109 25.966
19.1003 -18.4159 27.155
15.9373 -16.3199 26.499
15.5643 -15.2119 30.187

19.3223 -14.5699 30.774
19.3133 -12.3449 27.607
16.7523 -10.0129 29.271
18.6013 -10.0679 32.655
22.0373 -9.27994 31.047
20.2963 -6.51094 29.024
18.9623 -5.02294 32.324
22.4393 -5.40594 33.977
24.0873 -3.38994 31.109
21.2393 -0.789944 31.159
21.1653 -0.225944 34.97

24.7983 -0.888944 36.104
27.3823 1.89306 35.418
30.1853 -0.734944 35.868
29.3743 -2.73894 32.69
31.3433 -0.757944 30.069

31.2013 -3.28194 27.156
28.4413 -5.45294 25.677
29.9033 -8.31494 23.547
27.0473 -9.22494 21.174
26.4733 -11.7529 18.386

25.1613 -9.85694 15.285
22.7323 -12.7669 14.576
21.6693 -13.6159 18.173
21.1823 -10.0219 19.54
19.4603 -8.49294 16.407
15.9993 -8.96694 18.095
14.0013 -8.01094 21.246
16.7683 -6.24494 23.241
17.2173 -2.47294 23.926
20.6703 -0.929944 24.635
19.8333 2.80506 25.081
22.5433 3.13706 27.834
25.3273 3.07206 25.161
26.2113 5.87706 22.664

28.6583 3.80006 20.522
28.3493 0.636056 18.38
31.5163 -1.13094 17.095
31.1393 -3.76394 14.351

34.2993 -5.88694 14.795
33.0903 -7.90694 11.764
31.0793 -7.10394 8.61596
27.8863 -9.06894 7.81996
26.8003 -9.62294 4.15296
23.1543 -8.65094 4.89796

22.6143 -4.87394 5.54596
19.1413 -5.42194 7.10896
20.8423 -7.28894 10.029
23.4613 -4.49294 10.444
20.6243 -1.86494 10.598
18.7443 -4.10494 13.133
21.9223 -4.11194 15.313
22.3963 -0.260944 15.081

18.6983 0.214056 16.099
19.3723 -1.63294 19.383
20.9933 1.64706 20.648
19.0613 4.16906 18.503
15.6773 3.67606 20.327
13.1373 5.85006 22.21
15.0613 6.79206 25.407
18.3693 7.56406 23.585
19.5983 11.1641 24.299
23.1203 11.0951 22.686
24.2233 11.0581 19

24.8453 7.37706 18.177
28.3353 6.55606 16.845
28.5973 3.50506 14.51
32.1583 2.25306 13.769
32.6623 -0.430944 11.057
36.0823 -2.12594 11.565
37.6153 -3.14194 8.16196

41.0043 -4.64194 7.13996
42.7053 -4.12294 3.71096
43.8113 -7.48794 2.18696
40.7883 -9.46294 3.60496
37.1163 -10.4629 2.97896

36.1043 -6.87894 4.05796
37.4233 -5.53494 0.673955
34.6433 -7.54294 -1.13604
31.9443 -7.46594 1.59796
31.9083 -3.65194 2.01796
31.0973 -2.80994 -1.69604
28.5123 -5.69694 -1.64604
26.8033 -4.25994 1.49796
26.8163 -0.746944 -0.119045
25.1233 -1.82994 -3.40104
22.5223 -3.75494 -1.28604
21.6803 -0.619944 0.832955
21.3203 1.37206 -2.43904
18.8473 -1.27294 -3.80404
16.9253 -1.00694 -0.472045
16.9403 2.85706 -0.636045
15.7133 2.94106 -4.30604

12.8403 0.619056 -3.18904
12.0403 3.16106 -0.344045
13.1163 0.560056 2.29996
16.1363 2.46706 3.77596
17.3113 6.08206 4.34796
20.7693 4.64306 5.08296
23.2433 5.77906 2.43796
26.6833 4.10706 2.91096
28.5683 5.91306 0.0219554

29.5743 9.00206 2.10396
31.6223 6.81306 4.54696
33.9693 5.49606 1.76796
34.8203 8.89306 0.208955

36.0853 9.85206 3.73896
38.5703 6.87906 4.16196

End chain 1
