-13.201 -6.296 -53.957
-10.703 -3.406 -53.291
-9.54 -3.087 -49.639
-11.02 0.322 -48.639
-8.614 1.85 -46.053
-10.787 3.126 -43.162

-9.634 6.195 -41.181
-10.061 4.9 -37.589
-10.286 6.838 -34.306
-12.195 7.103 -30.979
-14.163 9.439 -28.711
-12.619 10.223 -25.263
-14.157 12.207 -22.344

-11.943 15.248 -21.466
-14.301 16.978 -18.949
-17.827 16.65 -17.399
-19.139 18.761 -20.353

-16.752 17.96 -23.312
-15.482 14.956 -25.281
-12.62 14.751 -27.824
-12.437 12.939 -31.204
-8.982 11.264 -31.393
-8.672 10.357 -35.1

-6.282 10.744 -38.079
-6.98 13.557 -40.6
-9.895 13.022 -43.051

-11.208 15.853 -45.293
-14.92 14.856 -45.011
-14.611 14.37 -41.226
-13.015 17.857 -40.827
-15.875 19.254 -42.999
-18.403 17.482 -40.669
-16.559 18.759 -37.515
-16.844 22.341 -38.957

-20.697 21.797 -39.029
-20.861 21.033 -35.24
-22.116 23.933 -33.104
-20.016 23.255 -29.939
-16.791 22.621 -31.971

-13.393 23.436 -30.391
-10.011 22.816 -32.063
-6.805 22.812 -29.99

-3.883 23.919 -32.209
-1.328 22.314 -29.773
-2.753 18.736 -29.691
-4.334 19.137 -33.217

-7.578 17.622 -31.79
-11.313 18.386 -31.995
-13.683 18.544 -28.991
-17.466 19.001 -28.65
-20.131 19.402 -25.91

-21.257 16.038 -24.476
-24.923 16.743 -25.497
-23.731 16.722 -29.178
-22.178 13.179 -28.839
-25.228 11.354 -30.322
-25.57 14.044 -33.093
-21.852 13.682 -34.021
-21.815 9.829 -34.037
-25.045 9.774 -36.128
-23.507 12.176 -38.75
-20.093 10.348 -38.803

-21.793 6.948 -39.527
-22.962 8.546 -42.834
-19.328 9.196 -43.991
-17.677 6.563 -46.261
-14.251 5.2 -45.121

-14.46 6.789 -41.562
-14.765 4.819 -38.279
-15.142 6.964 -35.114
-15.663 4.659 -32.101

-18.218 6.249 -29.657
-17.862 6.903 -25.912
-18.35 3.469 -24.195
-21.794 2.549 -22.772
-20.235 2.829 -19.255
-19.534 6.58 -19.812
-22.964 7.196 -21.431
-24.623 5.531 -18.378
-22.42 7.523 -15.909

-23.028 10.919 -17.654
-26.668 10.153 -18.714
-27.851 13.482 -17.123

-25.214 15.594 -18.963
-26 13.8 -22.296
-29.631 15.147 -21.909

-29.014 18.802 -20.797
-28.522 21.656 -23.337
-27.494 23.803 -20.296
-24.374 24.206 -18.108
-26.03 23.63 -14.722
-23.195 22.587 -12.38
-23.731 19.355 -10.334

-27.219 19.392 -8.694
-26.798 20.208 -4.988
-26.578 17.032 -2.906
-29.814 16.999 -0.82
-29.276 16.946 2.956
-30.305 13.551 4.343

-32.727 13.25 7.268
-30.389 11.851 9.975
-33.077 12.019 12.787
-33.159 8.159 12.923
-29.32 8.149 13.454
-27.82 8.306 16.969

-27.52 12.074 17.913
-23.991 11.509 19.371
-22.796 10.469 15.867
-24.731 13.185 13.93
-23.402 16.008 16.22
-19.738 14.82 15.861

-19.687 14.822 11.995
-17.445 17.587 10.586

-19.106 19.692 7.763
-17.231 17.783 4.996
-18.064 14.402 6.666
-21.796 15.407 6.677
-21.562 16.318 2.947
-19.943 12.855 2.346
-22.788 11.075 4.244
-25.363 13.084 2.191
-23.555 12.165 -1.104
-23.43 8.459 -0.115
-27.196 8.491 0.728
-28.024 10.343 -2.565

-25.973 7.645 -4.472
-28.214 5.048 -2.67
-25.512 3.7 -0.27

-23.352 2.353 -3.174
-19.956 4.118 -3.237
-16.209 4.012 -2.721
-15.295 6.541 0.021

-11.694 7.195 -1.128

-11.135 10.189 1.225
-7.504 10.605 2.377

-6.048 8.715 5.398
-7.361 9.956 8.784
-10.233 12.169 7.374
-12.706 9.981 9.408

-13.844 7.354 6.831
-15.012 5.081 9.734
-17.363 7.714 11.316
-18.876 8.506 7.854
-19.282 4.738 7.09
-21.02 4.042 10.461
-23.415 6.996 9.798
-24.247 5.855 6.195
-24.846 2.277 7.463
-26.955 3.52 10.461
-29.227 5.531 8.078

-29.9 2.058 6.507

-30.384 0.293 9.981
-33.886 -0.857 8.77
-32.05 -2.956 6.062
-29.626 -4.868 8.41
-27.981 -7.413 9.17

-24.774 -5.448 8.488
-21.551 -7.137 7.269
-18.235 -5.328 7.997
-15.132 -6.739 6.223
-11.829 -5.357 7.603

-8.05 -6.016 7.986
-7.416 -8.82 10.567
-5.856 -6.305 13.093
-8.689 -3.64 13.199

-11.758 -5.868 14.003
-11.895 -4.753 17.675
-11.154 -1.102 16.63
-14.365 -1.304 14.506
-16.414 -2.897 17.375
-15.268 -0.08 19.729
-16.109 2.476 16.969
-19.722 1.111 16.76
-20.082 1.14 20.611
-18.596 4.7 20.723
-20.823 6.195 17.978

-24.121 4.191 18.24
-24.851 3.95 22.056
-28.388 2.791 20.948
-26.764 -0.701 20.406
-26.03 -3.285 23.117

-22.632 -5.104 22.857
-24.638 -8.32 22.08
-25.78 -6.667 18.791

-22.091 -6.816 17.576
-20.505 -10.124 16.488
-16.681 -10.041 16.081

-15.702 -13.116 14.035
-12.316 -14.303 15.372
-12.201 -17.837 13.813
-13.405 -19.799 10.735
-15.769 -21.82 13.07
-17.788 -18.808 14.317
-21.352 -17.917 13.159
-21.075 -14.973 10.701
-24.816 -14.102 11.273
-24.919 -14.166 15.127
-25.108 -10.332 15.536
-27.08 -7.466 13.995

-23.588 -6.14 13.038
-21.065 -8.833 11.965
-17.336 -7.898 11.803
-15.009 -10.302 9.887
-11.529 -10.295 8.291

-10.658 -10.74 4.577
-8.757 -14.009 5.375
-11.833 -15.546 7.113
-14.3 -14.769 4.222

-12.926 -17.715 2.14
-13.287 -20.073 5.183
-16.843 -18.74 5.845
-18.014 -18.815 2.139
-20.731 -21.415 3.044
-22.243 -18.836 5.512
-21.955 -15.894 2.989
-25.071 -17.433 1.278
-27.188 -15.451 3.825
-28.094 -12.137 2.052
-26.367 -9.235 3.842
-28.236 -6.215 2.36

-25.704 -3.677 3.792
-21.936 -4.298 3.429
-19.007 -2.145 4.602
-15.517 -3.11 3.36

-12.662 -1.237 5.059
-9.341 -0.865 3.151

-11.066 -2.352 0.031
-7.765 -2.207 -1.968
-7.252 -5.742 -0.456
-9.774 -6.866 -3.176

-7.558 -5.436 -6.054
-6.861 -8.909 -7.611
-9.913 -10.983 -8.736
-7.994 -14.348 -8.638
-7.386 -14.116 -4.839

-9.551 -16.269 -2.508
-10.568 -13.122 -0.487
-11.832 -11.409 -3.693
-13.586 -14.593 -5.006
-15.461 -14.905 -1.648
-16.313 -11.137 -1.332
-17.465 -10.353 -4.925
-20.7 -12.523 -5.003
-21.961 -10.786 -1.799
-21.004 -7.272 -3.064
-22.893 -7.826 -6.386
-26.148 -8.927 -4.576

-26.072 -6.644 -1.465
-28.372 -3.542 -1.704

-25.826 -1.116 -0.104
-22.019 -1.347 -0.629
-19.769 1.077 1.29
-16.145 0.543 0.177
-13.427 2.479 2.088

-9.739 3.065 1.181
-6.998 5.712 1.573
-5.29 4.301 -1.537
-8.002 2.778 -3.832
-5.263 1.979 -6.345
-1.844 1.044 -4.877
0.179 1.273 -8.156
-1.96 0.815 -11.364

-5.486 1.412 -12.884
-6.145 -2.396 -13.101
-6.402 -2.518 -9.223
-9.619 -0.37 -9.379
-11.628 -2.846 -11.528
-12.904 -5.026 -8.614
-13.981 -1.892 -6.643
-15.738 -0.406 -9.758
-17.759 -3.638 -10.376
-18.545 -3.926 -6.614
-20.104 -0.383 -6.596

-21.607 -0.654 -10.172
-21.992 -4.37 -11.257
-23.172 -3.251 -14.78
-19.935 -1.29 -15.508
-17.337 -3.236 -17.592
-18.9 -6.785 -17.229
-15.576 -8.217 -18.571

-12.101 -7.019 -17.429
-10.719 -7.022 -21.032
-12.866 -3.967 -22.03
-11.565 -2.031 -18.959
-7.965 -3.199 -19.668
-8.028 -2.162 -23.384
-9.238 1.366 -22.43
-7.403 2.18 -19.142

-4.51 -0.351 -18.764
-2.851 0.132 -22.242
-3.499 -3.577 -22.858

-0.922 -5.224 -25.189
-1.171 -8.572 -27.031
2.109 -10.415 -26.274

3.105 -13.897 -27.702
2.055 -15.464 -24.315

-1.301 -13.571 -23.908
-2.465 -10.088 -22.814
-0.375 -7.663 -20.732

-2.386 -5.192 -18.538
0.545 -3.576 -16.579
0.214 -0.249 -18.472
-2.005 2.838 -18.126
-4.133 4.898 -20.565
-6.888 7.593 -20.643

-6.428 8.31 -16.868
-8.259 11.708 -16.967
-11.359 9.932 -18.424
-11.034 7.218 -15.72
-10.853 9.986 -13.027
-14.061 11.624 -14.396
-15.894 8.229 -14.505
-14.782 7.406 -10.918
-15.841 10.804 -9.431
-19.243 10.854 -11.244
-20.42 7.245 -10.709

-18.189 5.243 -8.243

-16.056 7.301 -5.859
-16.114 10.195 -3.388

-12.511 11.437 -2.855
-11.204 14.438 -0.866
-7.629 15.273 0.108

-6.103 16.757 3.336
-5.492 19.961 1.314
-9.247 20.21 0.414
-10.687 19.84 3.974

-7.876 20.335 6.596
-5.915 23.57 5.765
-4.501 23.333 9.365
-2.496 20.065 8.949

1.303 20.759 8.934
3.056 20.025 5.61

4.712 16.655 4.867
8.328 17.503 3.889
9.865 14.613 1.887
13.544 14.115 0.94
15.906 11.506 -0.462
18.947 10.811 1.779
21.766 9.257 -0.276

20.2263 9.0194 -3.82338
17.47 6.81831 -5.36544

15.4501 10.0254 -5.64323
17.3786 11.6029 -2.77351
20.7011 10.6922 -4.3779

19.6601 7.90322 -6.8629
22.7981 5.72222 -6.7969

24.3041 4.44922 -10.0949
22.9921 0.831225 -9.5539
19.3701 2.02922 -9.0029
19.6471 4.35922 -12.0639
21.0761 1.51422 -14.2159
18.1381 -0.702775 -13.0309
15.5921 2.03222 -14.0289
17.3891 2.43022 -17.4189
17.3021 -1.39578 -17.8499
13.5291 -1.70478 -17.1019
12.8411 1.34722 -19.3699
14.7961 -0.328775 -22.2569
13.0221 -3.64178 -21.4659
9.52513 -2.08978 -22.0499
10.6161 -0.758775 -25.5209

12.0961 -4.08878 -26.7729
10.2661 -5.18678 -29.9779
10.4071 -8.96678 -29.4429
8.53613 -9.12778 -26.0579
4.96313 -10.3558 -25.5509

2.16713 -7.96878 -24.3969
2.48613 -9.63078 -20.9339
6.30813 -9.17178 -20.6449
5.75713 -5.46978 -21.6159
3.16813 -5.11678 -18.7409
5.53613 -6.93678 -16.3039
8.48513 -4.64478 -17.2609
6.13413 -1.60678 -16.8049
5.11913 -2.80878 -13.2809
8.83413 -3.38978 -12.4739
9.80413 0.131225 -13.7459
6.97713 1.67022 -11.6309
7.93213 -0.278775 -8.4329
11.6651 0.638225 -8.9999
10.6151 4.32822 -9.3599
8.96413 4.13922 -5.8999
12.1241 2.55822 -4.3309
14.4241 5.11922 -6.0589
12.4251 8.09322 -4.6129
12.3721 6.89722 -0.914903
15.6591 8.65022 0.222097
14.7221 12.0832 -1.2499
11.0371 11.7282 -0.209903
12.3781 11.1802 3.3611
14.8501 14.1232 2.9741
11.9231 16.3742 1.8911
9.61113 15.2222 4.7811
12.4161 15.9902 7.2921
13.0701 19.4402 5.6671
9.32113 20.2372 6.1431
9.44813 19.2262 9.8681
12.7731 21.0912 10.4581

11.1151 24.1702 8.7751
8.63513 24.1552 11.7491
5.46613 22.8582 9.9581
2.77213 21.9052 12.4861
0.519128 19.5562 10.3621

0.738128 17.9612 6.8811
-0.429872 14.8852 4.9101
1.94013 12.5232 3.0351
0.354128 10.4562 0.231097
1.97513 7.30122 -1.2399

0.593128 4.00022 -2.7169
3.47113 1.45622 -2.6619

3.60213 -0.227775 0.791097
7.46513 -0.0257751 0.849097
7.23513 3.83122 0.607097
4.63213 4.01622 3.4511
6.79313 1.58122 5.5371
10.0581 3.56322 4.9831
8.38113 6.94222 5.8291
6.82813 5.51322 9.0681
10.1641 3.88022 10.0981
12.1061 7.18322 9.6781
9.42013 9.19622 11.5861
9.63813 6.60522 14.4511
13.5001 6.82922 14.3361

13.2121 10.6842 14.5921
10.5441 10.2522 17.3931
7.96613 12.2122 15.2911
4.36213 11.5252 16.3601

2.35913 10.5342 13.2491
-0.725872 8.56622 12.0831
-0.803872 5.84922 9.3671
-3.80587 4.74822 7.2231

-3.53987 2.02622 4.5251
-5.37287 -1.06978 3.1111
-4.79487 -2.98678 6.4201
-6.22887 -0.237775 8.7361
-9.74187 -1.24278 9.9251
-12.9049 0.853225 9.2691
-13.2779 1.96122 12.9571

-9.51987 2.60322 13.5441
-9.52887 4.82822 10.3771
-12.0899 7.16022 12.0411
-10.2409 7.10522 15.4251
-6.80487 7.89322 13.8171
-8.54587 10.6622 11.7941
-9.87987 12.1502 15.0941
-6.40287 11.7672 16.7471
-4.75487 13.7832 13.8791
-7.60287 16.3832 13.9291
-7.67687 16.9472 17.7401

-4.04387 16.2842 18.8741
-1.45987 19.0662 18.1881
1.34313 16.4382 18.6381
0.532128 14.4342 15.4601
2.50113 16.4152 12.8391

2.35913 13.8912 9.9261
-0.400872 11.7202 8.4471
1.06113 8.85822 6.3171
-1.79487 7.94822 3.9441
-2.36887 5.42022 1.1561

-3.68087 7.31622 -1.9449
-6.10987 4.40622 -2.6539
-7.17287 3.55722 0.943097
-7.65987 7.15122 2.3101
-9.38187 8.68022 -0.822903
-12.8429 8.20622 0.865097
-14.8409 9.16222 4.0161
-12.0739 10.9282 6.0111
-11.6249 14.7002 6.6961
-8.17187 16.2432 7.4051
-9.00887 19.9782 7.8511
-6.29887 20.3102 10.6041
-3.51487 20.2452 7.9311
-2.63087 23.0502 5.4341

-0.183872 20.9732 3.2921
-0.492872 17.8092 1.1501
2.67413 16.0422 -0.134903
2.29713 13.4092 -2.8789

5.45713 11.2862 -2.4349
4.24813 9.26622 -5.4659
2.23713 10.0692 -8.6139
-0.955872 8.10422 -9.4099
-2.04187 7.55022 -13.0769
-5.68787 8.52222 -12.3319

-6.22787 12.2992 -11.6839
-9.70087 11.7512 -10.1209
-7.99987 9.88422 -7.2009
-5.38087 12.6802 -6.7859
-8.21787 15.3082 -6.6319
-10.0979 13.0682 -4.0969
-6.91987 13.0612 -1.9169
-6.44587 16.9122 -2.1489

-10.1439 17.3872 -1.1309
-9.46987 15.5402 2.1531
-7.84887 18.8202 3.4181
-9.78087 21.3422 1.2731
-13.1649 20.8492 3.0971
-15.7049 23.0232 4.9801
-13.7809 23.9652 8.1771
-10.4729 24.7372 6.3551
-9.24387 28.3372 7.0691
-5.72187 28.2682 5.4561
-4.61887 28.2312 1.7701

-3.99687 24.5502 0.947097
-0.506872 23.7292 -0.384903
-0.244872 20.6782 -2.7199
3.31613 19.4262 -3.4609
3.82013 16.7422 -6.1729
7.24013 15.0472 -5.6649
8.77313 14.0312 -9.0679

12.1621 12.5312 -10.0899
13.8631 13.0502 -13.5189
14.9691 9.68522 -15.0429
11.9461 7.71022 -13.6249
8.27413 6.71022 -14.2509

7.26213 10.2942 -13.1719
8.58113 11.6382 -16.5559
5.80113 9.63022 -18.3659
3.10213 9.70722 -15.6319
3.06613 13.5212 -15.2119
2.25513 14.3632 -18.9259
-0.329872 11.4762 -18.8759
-2.03887 12.9132 -15.7319
-2.02587 16.4262 -17.3489
-3.71887 15.3432 -20.6309
-6.31987 13.4182 -18.5159
-7.16187 16.5532 -16.3969
-7.52187 18.5452 -19.6689
-9.99487 15.9002 -21.0339
-11.9169 16.1662 -17.7019
-11.9019 20.0302 -17.8659
-13.1289 20.1142 -21.5359

-16.0019 17.7922 -20.4189
-16.8019 20.3342 -17.5739
-15.7259 17.7332 -14.9299
-12.7059 19.6402 -13.4539
-11.5309 23.2552 -12.8819
-8.07287 21.8162 -12.1469
-5.59887 22.9522 -14.7919
-2.15887 21.2802 -14.3189
-0.273872 23.0862 -17.2079

0.732128 26.1752 -15.1259
2.78013 23.9862 -12.6829
5.12713 22.6692 -15.4619
5.97813 26.0662 -17.0209

7.24313 27.0252 -13.4909
9.72813 24.0522 -13.0679

End chain 1
