-13.201 -6.296 -53.957
-10.703 -3.406 -53.291
-9.54 -3.087 -49.639
-11.02 0.322 -48.639
-8.614 1.85 -46.053
-10.787 3.126 -43.162

-9.634 6.195 -41.181
-10.061 4.9 -37.589
-10.286 6.838 -34.306
-12.195 7.103 -30.979
-14.163 9.439 -28.711
-12.619 10.223 -25.263
-14.157 12.207 -22.344

-11.943 15.248 -21.466
-14.301 16.978 -18.949
-17.827 16.65 -17.399
-19.139 18.761 -20.353

-16.752 17.96 -23.312
-15.482 14.956 -25.281
-12.62 14.751 -27.824
-12.437 12.939 -31.204
-8.982 11.264 -31.393
-8.672 10.357 -35.1

-6.282 10.744 -38.079
-6.98 13.557 -40.6
-9.895 13.022 -43.051

-11.208 15.853 -45.293
-14.92 14.856 -45.011
-14.611 14.37 -41.226
-13.015 17.857 -40.827
-15.875 19.254 -42.999
-18.403 17.482 -40.669
-16.559 18.759 -37.515
-16.844 22.341 -38.957

-20.697 21.797 -39.029
-20.861 21.033 -35.24
-22.116 23.933 -33.104
-20.016 23.255 -29.939
-16.791 22.621 -31.971

-13.393 23.436 -30.391
-10.011 22.816 -32.063
-6.805 22.812 -29.99

-3.883 23.919 -32.209
-1.328 22.314 -29.773
-2.753 18.736 -29.691
-4.334 19.137 -33.217

-7.578 17.622 -31.79
-11.313 18.386 -31.995
-13.683 18.544 -28.991
-17.466 19.001 -28.65
-20.131 19.402 -25.91

-21.257 16.038 -24.476
-24.923 16.743 -25.497
-23.731 16.722 -29.178
-22.178 13.179 -28.839
-25.228 11.354 -30.322
-25.57 14.044 -33.093
-21.852 13.682 -34.021
-21.815 9.829 -34.037
-25.045 9.774 -36.128
-23.507 12.176 -38.75
-20.093 10.348 -38.803

-21.793 6.948 -39.527
-22.962 8.546 -42.834
-19.328 9.196 -43.991
-17.677 6.563 -46.261
-14.251 5.2 -45.121

-14.46 6.789 -41.562
-14.765 4.819 -38.279
-15.142 6.964 -35.114
-15.663 4.659 -32.101

-18.218 6.249 -29.657
-17.862 6.903 -25.912
-18.35 3.469 -24.195
-21.794 2.549 -22.772
-20.235 2.829 -19.255
-19.534 6.58 -19.812
-22.964 7.196 -21.431
-24.623 5.531 -18.378
-22.42 7.523 -15.909

-23.028 10.919 -17.654
-26.668 10.153 -18.714
-27.851 13.482 -17.123

-25.214 15.594 -18.963
-26 13.8 -22.296
-29.631 15.147 -21.909

-29.014 18.802 -20.797
-28.522 21.656 -23.337
-27.494 23.803 -20.296
-24.374 24.206 -18.108
-26.03 23.63 -14.722
-23.195 22.587 -12.38
-23.731 19.355 -10.334

-27.219 19.392 -8.694
-26.798 20.208 -4.988
-26.578 17.032 -2.906
-29.814 16.999 -0.82
-29.276 16.946 2.956
-30.305 13.551 4.343

-32.727 13.25 7.268
-30.389 11.851 9.975
-33.077 12.019 12.787
-33.159 8.159 12.923
-29.32 8.149 13.454
-27.82 8.306 16.969

-27.52 12.074 17.913
-23.991 11.509 19.371
-22.796 10.469 15.867
-24.731 13.185 13.93
-23.402 16.008 16.22
-19.738 14.82 15.861

-19.687 14.822 11.995
-17.445 17.587 10.586

-19.106 19.692 7.763
-17.231 17.783 4.996
-18.064 14.402 6.666
-21.796 15.407 6.677
-21.562 16.318 2.947
-19.943 12.855 2.346
-22.788 11.075 4.244
-25.363 13.084 2.191
-23.555 12.165 -1.104
-23.43 8.459 -0.115
-27.196 8.491 0.728
-28.024 10.343 -2.565

-25.973 7.645 -4.472
-28.214 5.048 -2.67
-25.512 3.7 -0.27

-23.352 2.353 -3.174
-19.956 4.118 -3.237
-16.209 4.012 -2.721
-15.295 6.541 0.021

-11.694 7.195 -1.128

-11.135 10.189 1.225
-7.504 10.605 2.377

-6.048 8.715 5.398
-7.361 9.956 8.784
-10.233 12.169 7.374
-12.706 9.981 9.408

-13.844 7.354 6.831
-15.012 5.081 9.734
-17.363 7.714 11.316
-18.876 8.506 7.854
-19.282 4.738 7.09
-21.02 4.042 10.461
-23.415 6.996 9.798
-24.247 5.855 6.195
-24.846 2.277 7.463
-26.955 3.52 10.461
-29.227 5.531 8.078

-29.9 2.058 6.507

-30.384 0.293 9.981
-33.886 -0.857 8.77
-32.05 -2.956 6.062
-29.626 -4.868 8.41
-27.981 -7.413 9.17

-24.774 -5.448 8.488
-21.551 -7.137 7.269
-18.235 -5.328 7.997
-15.132 -6.739 6.223
-11.829 -5.357 7.603

-8.05 -6.016 7.986
-7.416 -8.82 10.567
-5.856 -6.305 13.093
-8.689 -3.64 13.199

-11.758 -5.868 14.003
-11.895 -4.753 17.675
-11.154 -1.102 16.63
-14.365 -1.304 14.506
-16.414 -2.897 17.375
-15.268 -0.08 19.729
-16.109 2.476 16.969
-19.722 1.111 16.76
-20.082 1.14 20.611
-18.596 4.7 20.723
-20.823 6.195 17.978

-24.121 4.191 18.24
-24.851 3.95 22.056
-28.388 2.791 20.948
-26.764 -0.701 20.406
-26.03 -3.285 23.117

-22.632 -5.104 22.857
-24.638 -8.32 22.08
-25.78 -6.667 18.791

-22.091 -6.816 17.576
-20.505 -10.124 16.488
-16.681 -10.041 16.081

-15.702 -13.116 14.035
-12.316 -14.303 15.372
-12.201 -17.837 13.813
-13.405 -19.799 10.735
-15.769 -21.82 13.07
-17.788 -18.808 14.317
-21.352 -17.917 13.159
-21.075 -14.973 10.701
-24.816 -14.102 11.273
-24.919 -14.166 15.127
-25.108 -10.332 15.536
-27.08 -7.466 13.995

-23.588 -6.14 13.038
-21.065 -8.833 11.965
-17.336 -7.898 11.803
-15.009 -10.302 9.887
-11.529 -10.295 8.291

-10.658 -10.74 4.577
-8.757 -14.009 5.375
-11.833 -15.546 7.113
-14.3 -14.769 4.222

-12.926 -17.715 2.14
-13.287 -20.073 5.183
-16.843 -18.74 5.845
-18.014 -18.815 2.139
-20.731 -21.415 3.044
-22.243 -18.836 5.512
-21.955 -15.894 2.989
-25.071 -17.433 1.278
-27.188 -15.451 3.825
-28.094 -12.137 2.052
-26.367 -9.235 3.842
-28.236 -6.215 2.36

-25.704 -3.677 3.792
-21.936 -4.298 3.429
-19.007 -2.145 4.602
-15.517 -3.11 3.36

-12.662 -1.237 5.059
-9.341 -0.865 3.151

-11.066 -2.352 0.031
-7.765 -2.207 -1.968
-7.252 -5.742 -0.456
-9.774 -6.866 -3.176

-7.558 -5.436 -6.054
-6.861 -8.909 -7.611
-9.913 -10.983 -8.736
-7.994 -14.348 -8.638
-7.386 -14.116 -4.839

-9.551 -16.269 -2.508
-10.568 -13.122 -0.487
-11.832 -11.409 -3.693
-13.586 -14.593 -5.006
-15.461 -14.905 -1.648
-16.313 -11.137 -1.332
-17.465 -10.353 -4.925
-20.7 -12.523 -5.003
-21.961 -10.786 -1.799
-21.004 -7.272 -3.064
-22.893 -7.826 -6.386
-26.148 -8.927 -4.576

-26.072 -6.644 -1.465
-28.372 -3.542 -1.704

-25.826 -1.116 -0.104
-22.019 -1.347 -0.629
-19.769 1.077 1.29
-16.145 0.543 0.177
-13.427 2.479 2.088

-9.739 3.065 1.181
-6.998 5.712 1.573
-5.29 4.301 -1.537
-8.002 2.778 -3.832
-5.263 1.979 -6.345
-1.844 1.044 -4.877
0.179 1.273 -8.156
-1.96 0.815 -11.364

-5.486 1.412 -12.884
-6.145 -2.396 -13.101
-6.402 -2.518 -9.223
-9.619 -0.37 -9.379
-11.628 -2.846 -11.528
-12.904 -5.026 -8.614
-13.981 -1.892 -6.643
-15.738 -0.406 -9.758
-17.759 -3.638 -10.376
-18.545 -3.926 -6.614
-20.104 -0.383 -6.596

-21.607 -0.654 -10.172
-21.992 -4.37 -11.257
-23.172 -3.251 -14.78
-19.935 -1.29 -15.508
-17.337 -3.236 -17.592
-18.9 -6.785 -17.229
-15.576 -8.217 -18.571

-12.101 -7.019 -17.429
-10.719 -7.022 -21.032
-12.866 -3.967 -22.03
-11.565 -2.031 -18.959
-7.965 -3.199 -19.668
-8.028 -2.162 -23.384
-9.238 1.366 -22.43
-7.403 2.18 -19.142

-4.51 -0.351 -18.764
-2.851 0.132 -22.242
-3.499 -3.577 -22.858

-0.922 -5.224 -25.189
-1.171 -8.572 -27.031
2.109 -10.415 -26.274

3.105 -13.897 -27.702
2.055 -15.464 -24.315

-1.301 -13.571 -23.908
-2.465 -10.088 -22.814
-0.375 -7.663 -20.732

-2.386 -5.192 -18.538
0.545 -3.576 -16.579
0.214 -0.249 -18.472
-2.005 2.838 -18.126
-4.133 4.898 -20.565
-6.888 7.593 -20.643

-6.428 8.31 -16.868
-8.259 11.708 -16.967
-11.359 9.932 -18.424
-11.034 7.218 -15.72
-10.853 9.986 -13.027
-14.061 11.624 -14.396
-15.894 8.229 -14.505
-14.782 7.406 -10.918
-15.841 10.804 -9.431
-19.243 10.854 -11.244
-20.42 7.245 -10.709

-18.189 5.243 -8.243

-16.056 7.301 -5.859
-16.114 10.195 -3.388

-12.511 11.437 -2.855
-11.204 14.438 -0.866
-7.629 15.273 0.108

-6.103 16.757 3.336
-5.492 19.961 1.314
-9.247 20.21 0.414
-10.687 19.84 3.974

-7.876 20.335 6.596
-5.915 23.57 5.765
-4.501 23.333 9.365
-2.496 20.065 8.949

1.303 20.759 8.934
3.056 20.025 5.61

4.712 16.655 4.867
8.328 17.503 3.889
9.865 14.613 1.887
13.544 14.115 0.94
15.906 11.506 -0.462
18.947 10.811 1.779
21.766 9.257 -0.276

24.6008 6.65274 -0.303201
27.0986 4.54605 -2.09599

28.6172 7.99043 -1.57358
30.8528 6.68894 1.2105
32.061 3.81979 -0.969216

31.02 1.03079 -3.45422
34.158 -1.15021 -3.38822

35.664 -2.42321 -6.68622
34.352 -6.04121 -6.14522
30.73 -4.84321 -5.59422
31.007 -2.51321 -8.65522
32.436 -5.35821 -10.8072
29.498 -7.57521 -9.62222
26.952 -4.84021 -10.6202
28.749 -4.44221 -14.0102
28.662 -8.26821 -14.4412
24.889 -8.57721 -13.6932
24.201 -5.52521 -15.9612
26.156 -7.20121 -18.8482
24.382 -10.5142 -18.0572
20.885 -8.96221 -18.6412
21.976 -7.63121 -22.1122

23.456 -10.9612 -23.3642
21.626 -12.0592 -26.5692
21.767 -15.8392 -26.0342
19.896 -16.0002 -22.6492
16.323 -17.2282 -22.1422

13.527 -14.8412 -20.9882
13.846 -16.5032 -17.5252
17.668 -16.0442 -17.2362
17.117 -12.3422 -18.2072
14.528 -11.9892 -15.3322
16.896 -13.8092 -12.8952
19.845 -11.5172 -13.8522
17.494 -8.47921 -13.3962
16.479 -9.68121 -9.87222
20.194 -10.2622 -9.06522
21.164 -6.74121 -10.3372
18.337 -5.20221 -8.22222
19.292 -7.15121 -5.02422
23.025 -6.23421 -5.59122
21.975 -2.54421 -5.95122
20.324 -2.73321 -2.49122
23.484 -4.31421 -0.922216
25.784 -1.75321 -2.65022
23.785 1.22079 -1.20422
23.732 0.0247895 2.49378
27.019 1.77779 3.63078
26.082 5.21079 2.15878
22.397 4.85579 3.19878
23.738 4.30779 6.76978
26.21 7.25079 6.38278
23.283 9.50179 5.29978
20.971 8.34979 8.18978
23.776 9.11779 10.7008
24.43 12.5678 9.07578
20.681 13.3648 9.55178
20.808 12.3538 13.2768
24.133 14.2188 13.8668

22.475 17.2978 12.1838
19.995 17.2828 15.1578
16.826 15.9858 13.3668
14.132 15.0328 15.8948
11.879 12.6838 13.7708

12.098 11.0888 10.2898
10.93 8.01279 8.31878
13.3 5.65079 6.44378
11.714 3.58379 3.63978
13.335 0.428789 2.16878

11.953 -2.87221 0.691784
14.831 -5.41621 0.746784

14.962 -7.10021 4.19978
18.825 -6.89821 4.25778
18.595 -3.04121 4.01578
15.992 -2.85621 6.85978
18.153 -5.29121 8.94578
21.418 -3.30921 8.39178
19.741 0.0697895 9.23778
18.188 -1.35921 12.4768
21.524 -2.99221 13.5068
23.466 0.310789 13.0868
20.78 2.32379 14.9948
20.998 -0.267211 17.8598
24.86 -0.0432105 17.7448

24.572 3.81179 18.0008
21.904 3.37979 20.8018
19.326 5.33979 18.6998
15.722 4.65279 19.7688

13.719 3.66179 16.6578
10.634 1.69379 15.4918
10.556 -1.02321 12.7758
7.554 -2.12421 10.6318

7.82 -4.84621 7.93378
5.987 -7.94221 6.51978
6.565 -9.85921 9.82878
5.131 -7.11021 12.1448
1.618 -8.11521 13.3338
-1.545 -6.01921 12.6778
-1.918 -4.91121 16.3658

1.84 -4.26921 16.9528
1.831 -2.04421 13.7858
-0.729997 0.287789 15.4498
1.119 0.232789 18.8338
4.555 1.02079 17.2258
2.814 3.78979 15.2028
1.48 5.27779 18.5028
4.957 4.89479 20.1558
6.605 6.91079 17.2878
3.757 9.51079 17.3378
3.683 10.0748 21.1488

7.316 9.41179 22.2828
9.9 12.1938 21.5968
12.703 9.56579 22.0468
11.892 7.56179 18.8688
13.861 9.54279 16.2478

13.719 7.01879 13.3348
10.959 4.84779 11.8558
12.421 1.98579 9.72578
9.565 1.07579 7.35278
8.991 -1.45221 4.56478

7.679 0.443789 1.46378
5.25 -2.46621 0.754784
4.187 -3.31521 4.35178
3.7 0.278789 5.71878
1.978 1.80779 2.58578
-1.483 1.33379 4.27378
-3.481 2.28979 7.42478
-0.713997 4.05579 9.41978
-0.264997 7.82779 10.1048
3.188 9.37079 10.8138
2.351 13.1058 11.2598
5.061 13.4378 14.0128
7.845 13.3728 11.3398
8.729 16.1778 8.84278

11.176 14.1008 6.70078
10.867 10.9368 4.55878
14.034 9.16979 3.27378
13.657 6.53679 0.529784

16.817 4.41379 0.973784
15.608 2.39379 -2.05722
13.597 3.19679 -5.20522
10.404 1.23179 -6.00122
9.318 0.677789 -9.66822
5.672 1.64979 -8.92322

5.132 5.42679 -8.27522
1.659 4.87879 -6.71222
3.36 3.01179 -3.79222
5.979 5.80779 -3.37722
3.142 8.43579 -3.22322
1.262 6.19579 -0.688216
4.44 6.18879 1.49178
4.914 10.0398 1.25978

1.216 10.5148 2.27778
1.89 8.66779 5.56178
3.511 11.9478 6.82678
1.579 14.4698 4.68178
-1.805 13.9768 6.50578
-4.345 16.1508 8.38878
-2.421 17.0928 11.5858
0.887003 17.8648 9.76378
2.116 21.4648 10.4778
5.638 21.3958 8.86478
6.741 21.3588 5.17878

7.363 17.6778 4.35578
10.853 16.8568 3.02378
11.115 13.8058 0.688784
14.676 12.5538 -0.0522164
15.18 9.86979 -2.76422
18.6 8.17479 -2.25622
20.133 7.15879 -5.65922

23.522 5.65879 -6.68122
25.223 6.17779 -10.1102
26.329 2.81279 -11.6342
23.306 0.837789 -10.2162
19.634 -0.162211 -10.8422

18.622 3.42179 -9.76322
19.941 4.76579 -13.1472
17.161 2.75779 -14.9572
14.462 2.83479 -12.2232
14.426 6.64879 -11.8032
13.615 7.49079 -15.5172
11.03 4.60379 -15.4672
9.321 6.04079 -12.3232
9.334 9.55379 -13.9402
7.641 8.47079 -17.2222
5.04 6.54579 -15.1072
4.198 9.68079 -12.9882
3.838 11.6728 -16.2602
1.365 9.02779 -17.6252
-0.556997 9.29379 -14.2932
-0.541997 13.1578 -14.4572
-1.769 13.2418 -18.1272

-4.642 10.9198 -17.0102
-5.442 13.4618 -14.1652
-4.366 10.8608 -11.5212
-1.346 12.7678 -10.0452
-0.170997 16.3828 -9.47322
3.287 14.9438 -8.73822
5.761 16.0798 -11.3832
9.201 14.4078 -10.9102
11.086 16.2138 -13.7992

12.092 19.3028 -11.7172
14.14 17.1138 -9.27422
16.487 15.7968 -12.0532
17.338 19.1938 -13.6122

18.603 20.1528 -10.0822
21.088 17.1798 -9.65922

End chain 1
