-13.201 -6.296 -53.957
-10.703 -3.406 -53.291
-9.54 -3.087 -49.639
-11.02 0.322 -48.639
-8.614 1.85 -46.053
-10.787 3.126 -43.162

-9.634 6.195 -41.181
-10.061 4.9 -37.589
-10.286 6.838 -34.306
-12.195 7.103 -30.979
-14.163 9.439 -28.711
-12.619 10.223 -25.263
-14.157 12.207 -22.344

-11.943 15.248 -21.466
-14.301 16.978 -18.949
-17.827 16.65 -17.399
-19.139 18.761 -20.353

-16.752 17.96 -23.312
-15.482 14.956 -25.281
-12.62 14.751 -27.824
-12.437 12.939 -31.204
-8.982 11.264 -31.393
-8.672 10.357 -35.1

-6.282 10.744 -38.079
-6.98 13.557 -40.6
-9.895 13.022 -43.051

-11.208 15.853 -45.293
-14.92 14.856 -45.011
-14.611 14.37 -41.226
-13.015 17.857 -40.827
-15.875 19.254 -42.999
-18.403 17.482 -40.669
-16.559 18.759 -37.515
-16.844 22.341 -38.957

-20.697 21.797 -39.029
-20.861 21.033 -35.24
-22.116 23.933 -33.104
-20.016 23.255 -29.939
-16.791 22.621 -31.971

-13.393 23.436 -30.391
-10.011 22.816 -32.063
-6.805 22.812 -29.99

-3.883 23.919 -32.209
-1.328 22.314 -29.773
-2.753 18.736 -29.691
-4.334 19.137 -33.217

-7.578 17.622 -31.79
-11.313 18.386 -31.995
-13.683 18.544 -28.991
-17.466 19.001 -28.65
-20.131 19.402 -25.91

-21.257 16.038 -24.476
-24.923 16.743 -25.497
-23.731 16.722 -29.178
-22.178 13.179 -28.839
-25.228 11.354 -30.322
-25.57 14.044 -33.093
-21.852 13.682 -34.021
-21.815 9.829 -34.037
-25.045 9.774 -36.128
-23.507 12.176 -38.75
-20.093 10.348 -38.803

-21.793 6.948 -39.527
-22.962 8.546 -42.834
-19.328 9.196 -43.991
-17.677 6.563 -46.261
-14.251 5.2 -45.121

-14.46 6.789 -41.562
-14.765 4.819 -38.279
-15.142 6.964 -35.114
-15.663 4.659 -32.101

-18.218 6.249 -29.657
-17.862 6.903 -25.912
-18.35 3.469 -24.195
-21.794 2.549 -22.772
-20.235 2.829 -19.255
-19.534 6.58 -19.812
-22.964 7.196 -21.431
-24.623 5.531 -18.378
-22.42 7.523 -15.909

-23.028 10.919 -17.654
-26.668 10.153 -18.714
-27.851 13.482 -17.123

-25.214 15.594 -18.963
-26 13.8 -22.296
-29.631 15.147 -21.909

-29.014 18.802 -20.797
-28.522 21.656 -23.337
-27.494 23.803 -20.296
-24.374 24.206 -18.108
-26.03 23.63 -14.722
-23.195 22.587 -12.38
-23.731 19.355 -10.334

-27.219 19.392 -8.694
-26.798 20.208 -4.988
-26.578 17.032 -2.906
-29.814 16.999 -0.82
-29.276 16.946 2.956
-30.305 13.551 4.343

-32.727 13.25 7.268
-30.389 11.851 9.975
-33.077 12.019 12.787
-33.159 8.159 12.923
-29.32 8.149 13.454
-27.82 8.306 16.969

-27.52 12.074 17.913
-23.991 11.509 19.371
-22.796 10.469 15.867
-24.731 13.185 13.93
-23.402 16.008 16.22
-19.738 14.82 15.861

-19.687 14.822 11.995
-17.445 17.587 10.586

-19.106 19.692 7.763
-17.231 17.783 4.996
-18.064 14.402 6.666
-21.796 15.407 6.677
-21.562 16.318 2.947
-19.943 12.855 2.346
-22.788 11.075 4.244
-25.363 13.084 2.191
-23.555 12.165 -1.104
-23.43 8.459 -0.115
-27.196 8.491 0.728
-28.024 10.343 -2.565

-25.973 7.645 -4.472
-28.214 5.048 -2.67
-25.512 3.7 -0.27

-23.352 2.353 -3.174
-19.956 4.118 -3.237
-16.209 4.012 -2.721
-15.295 6.541 0.021

-11.8772 7.87249 0.696363

-9.2695 6.61007 -1.76317
-8.26421 3.80367 0.59404

-6.80821 1.91367 3.61504
-8.12121 3.15467 7.00104
-10.9932 5.36767 5.59104
-13.4662 3.17967 7.62504

-14.6042 0.552674 5.04804
-15.7722 -1.72033 7.95104
-18.1232 0.912674 9.53304
-19.6362 1.70467 6.07104
-20.0422 -2.06333 5.30704
-21.7802 -2.75933 8.67804
-24.1752 0.194674 8.01504
-25.0072 -0.946326 4.41204
-25.6062 -4.52433 5.68004
-27.7152 -3.28133 8.67804
-29.9872 -1.27033 6.29504

-30.6602 -4.74333 4.72404

-31.1442 -6.50833 8.19804
-34.6462 -7.65833 6.98704
-32.8102 -9.75733 4.27904
-30.3862 -11.6693 6.62704
-28.7412 -14.2143 7.38704

-25.5342 -12.2493 6.70504
-22.3112 -13.9383 5.48604
-18.9952 -12.1293 6.21404
-15.8922 -13.5403 4.44004
-12.5892 -12.1583 5.82004

-8.81021 -12.8173 6.20304
-8.17621 -15.6213 8.78404
-6.61621 -13.1063 11.31
-9.44921 -10.4413 11.416

-12.5182 -12.6693 12.22
-12.6552 -11.5543 15.892
-11.9142 -7.90333 14.847
-15.1252 -8.10533 12.723
-17.1742 -9.69833 15.592
-16.0282 -6.88133 17.946
-16.8692 -4.32533 15.186
-20.4822 -5.69033 14.977
-20.8422 -5.66133 18.828
-19.3562 -2.10133 18.94
-21.5832 -0.606326 16.195

-24.8812 -2.61033 16.457
-25.6112 -2.85133 20.273
-29.1482 -4.01033 19.165
-27.5242 -7.50233 18.623
-26.7902 -10.0863 21.334

-23.3922 -11.9053 21.074
-25.3982 -15.1213 20.297
-26.5402 -13.4683 17.008

-22.8512 -13.6173 15.793
-21.2652 -16.9253 14.705
-17.4412 -16.8423 14.298

-16.4622 -19.9173 12.252
-13.0762 -21.1043 13.589
-12.9612 -24.6383 12.03
-14.1652 -26.6003 8.95204
-16.5292 -28.6213 11.287
-18.5482 -25.6093 12.534
-22.1122 -24.7183 11.376
-21.8352 -21.7743 8.91804
-25.5762 -20.9033 9.49004
-25.6792 -20.9673 13.344
-25.8682 -17.1333 13.753
-27.8402 -14.2673 12.212

-24.3482 -12.9413 11.255
-21.8252 -15.6343 10.182
-18.0962 -14.6993 10.02
-15.7692 -17.1033 8.10404
-12.2892 -17.0963 6.50804

-11.4182 -17.5413 2.79404
-9.51721 -20.8103 3.59204
-12.5932 -22.3473 5.33004
-15.0602 -21.5703 2.43904

-13.6862 -24.5163 0.35704
-14.0472 -26.8743 3.40004
-17.6032 -25.5413 4.06204
-18.7742 -25.6163 0.35604
-21.4912 -28.2163 1.26104
-23.0032 -25.6373 3.72904
-22.7152 -22.6953 1.20604
-25.8312 -24.2343 -0.50496
-27.9482 -22.2523 2.04204
-28.8542 -18.9383 0.26904
-27.1272 -16.0363 2.05904
-28.9962 -13.0163 0.57704

-26.4642 -10.4783 2.00904
-22.6962 -11.0993 1.64604
-19.7672 -8.94633 2.81904
-16.2772 -9.91133 1.57704

-13.4222 -8.03833 3.27604
-10.1012 -7.66633 1.36804

-11.8262 -9.15333 -1.75196
-8.52521 -9.00833 -3.75096
-8.01221 -12.5433 -2.23896
-10.5342 -13.6673 -4.95896

-8.31821 -12.2373 -7.83696
-7.62121 -15.7103 -9.39396
-10.6732 -17.7843 -10.519
-8.75421 -21.1493 -10.421
-8.14621 -20.9173 -6.62196

-10.3112 -23.0703 -4.29096
-11.3282 -19.9233 -2.26996
-12.5922 -18.2103 -5.47596
-14.3462 -21.3943 -6.78896
-16.2212 -21.7063 -3.43096
-17.0732 -17.9383 -3.11496
-18.2252 -17.1543 -6.70796
-21.4602 -19.3243 -6.78596
-22.7212 -17.5873 -3.58196
-21.7642 -14.0733 -4.84696
-23.6532 -14.6273 -8.16896
-26.9082 -15.7283 -6.35896

-26.8322 -13.4453 -3.24796
-29.1322 -10.3433 -3.48696

-26.5862 -7.91733 -1.88696
-22.7792 -8.14833 -2.41196
-20.5292 -5.72433 -0.49296
-16.9052 -6.25833 -1.60596
-14.1872 -4.32233 0.30504

-10.4992 -3.73633 -0.60196
-7.75821 -1.08933 -0.20996
-6.05021 -2.50033 -3.31996
-8.76221 -4.02333 -5.61496
-6.02321 -4.82233 -8.12796
-2.60421 -5.75733 -6.65996
-0.581213 -5.52833 -9.93896
-2.72021 -5.98633 -13.147

-6.24621 -5.38933 -14.667
-6.90521 -9.19733 -14.884
-7.16221 -9.31933 -11.006
-10.3792 -7.17133 -11.162
-12.3882 -9.64733 -13.311
-13.6642 -11.8273 -10.397
-14.7412 -8.69333 -8.42596
-16.4982 -7.20733 -11.541
-18.5192 -10.4393 -12.159
-19.3052 -10.7273 -8.39696
-20.8642 -7.18433 -8.37896

-22.3672 -7.45533 -11.955
-22.7522 -11.1713 -13.04
-23.9322 -10.0523 -16.563
-20.6952 -8.09133 -17.291
-18.0972 -10.0373 -19.375
-19.6602 -13.5863 -19.012
-16.3362 -15.0183 -20.354

-12.8612 -13.8203 -19.212
-11.4792 -13.8233 -22.815
-13.6262 -10.7683 -23.813
-12.3252 -8.83233 -20.742
-8.72521 -10.0003 -21.451
-8.78821 -8.96333 -25.167
-9.99821 -5.43533 -24.213
-8.16321 -4.62133 -20.925

-5.27021 -7.15233 -20.547
-3.61121 -6.66933 -24.025
-4.25921 -10.3783 -24.641

-1.68221 -12.0253 -26.972
-1.93121 -15.3733 -28.814
1.34879 -17.2163 -28.057

2.34479 -20.6983 -29.485
1.29479 -22.2653 -26.098

-2.06121 -20.3723 -25.691
-3.22521 -16.8893 -24.597
-1.13521 -14.4643 -22.515

-3.14621 -11.9933 -20.321
-0.215213 -10.3773 -18.362
-0.546213 -7.05033 -20.255
-2.76521 -3.96333 -19.909
-4.89321 -1.90333 -22.348
-7.64821 0.791674 -22.426

-7.18821 1.50867 -18.651
-9.01921 4.90667 -18.75
-12.1192 3.13067 -20.207
-11.7942 0.416674 -17.503
-11.6132 3.18467 -14.81
-14.8212 4.82267 -16.179
-16.6542 1.42767 -16.288
-15.5422 0.604674 -12.701
-16.6012 4.00267 -11.214
-20.0032 4.05267 -13.027
-21.1802 0.443674 -12.492

-18.9492 -1.55833 -10.026

-16.8162 0.499674 -7.64196
-16.8742 3.39367 -5.17096

-13.2712 4.63567 -4.63796
-11.9642 7.63667 -2.64896
-8.38921 8.47167 -1.67496

-6.86321 9.95567 1.55304
-6.25221 13.1597 -0.46896
-10.0072 13.4087 -1.36896
-11.4472 13.0387 2.19104

-8.63621 13.5337 4.81304
-6.67521 16.7687 3.98204
-5.26121 16.5317 7.58204
-3.25621 13.2637 7.16604

0.542787 13.9577 7.15104
2.29579 13.2237 3.82704

3.95179 9.85367 3.08404
7.56779 10.7017 2.10604
9.10479 7.81167 0.10404
12.7838 7.31367 -0.84296
15.1458 4.70467 -2.24496
18.1868 4.00967 -0.0039602
21.0058 2.45567 -2.05896

22.7858 0.254674 0.53204
26.5008 0.0736745 -0.27796

27.4848 -3.15733 -2.20096
31.0998 -2.68633 -0.87296
30.0618 -4.87833 2.14904

29.0208 -7.66733 -0.33596
32.1588 -9.84833 -0.26996

33.6648 -11.1213 -3.56796
32.3528 -14.7393 -3.02696
28.7308 -13.5413 -2.47596
29.0078 -11.2113 -5.53696
30.4368 -14.0563 -7.68896
27.4988 -16.2733 -6.50396
24.9528 -13.5383 -7.50196
26.7498 -13.1403 -10.892
26.6628 -16.9663 -11.323
22.8898 -17.2753 -10.575
22.2018 -14.2233 -12.843
24.1568 -15.8993 -15.73
22.3828 -19.2123 -14.939
18.8858 -17.6603 -15.523
19.9768 -16.3293 -18.994

21.4568 -19.6593 -20.246
19.6268 -20.7573 -23.451
19.7678 -24.5373 -22.916
17.8968 -24.6983 -19.531
14.3238 -25.9263 -19.024

11.5278 -23.5393 -17.87
11.8468 -25.2013 -14.407
15.6688 -24.7423 -14.118
15.1178 -21.0403 -15.089
12.5288 -20.6873 -12.214
14.8968 -22.5073 -9.77696
17.8458 -20.2153 -10.734
15.4948 -17.1773 -10.278
14.4798 -18.3793 -6.75396
18.1948 -18.9603 -5.94696
19.1648 -15.4393 -7.21896
16.3378 -13.9003 -5.10396
17.2928 -15.8493 -1.90596
21.0258 -14.9323 -2.47296
19.9758 -11.2423 -2.83296
18.3248 -11.4313 0.62704
21.4848 -13.0123 2.19604
23.7848 -10.4513 0.46804
21.7858 -7.47733 1.91404
21.7328 -8.67333 5.61204
25.0198 -6.92033 6.74904
24.0828 -3.48733 5.27704
20.3978 -3.84233 6.31704
21.7388 -4.39033 9.88804
24.2108 -1.44733 9.50104
21.2838 0.803674 8.41804
18.9718 -0.348326 11.308
21.7768 0.419674 13.819
22.4308 3.86967 12.194
18.6818 4.66667 12.67
18.8088 3.65567 16.395
22.1338 5.52067 16.985

20.4758 8.59967 15.302
17.9958 8.58467 18.276
14.8268 7.28767 16.485
12.1328 6.33467 19.013
9.87979 3.98567 16.889

10.0988 2.39067 13.408
8.93079 -0.685326 11.437
11.3008 -3.04733 9.56204
9.71479 -5.11433 6.75804
11.3358 -8.26933 5.28704

9.95379 -11.5703 3.81004
12.8318 -14.1143 3.86504

12.9628 -15.7983 7.31804
16.8258 -15.5963 7.37604
16.5958 -11.7393 7.13404
13.9928 -11.5543 9.97804
16.1538 -13.9893 12.064
19.4188 -12.0073 11.51
17.7418 -8.62833 12.356
16.1888 -10.0573 15.595
19.5248 -11.6903 16.625
21.4668 -8.38733 16.205
18.7808 -6.37433 18.113
18.9988 -8.96533 20.978
22.8608 -8.74133 20.863

22.5728 -4.88633 21.119
19.9048 -5.31833 23.92
17.3268 -3.35833 21.818
13.7228 -4.04533 22.887

11.7198 -5.03633 19.776
8.63479 -7.00433 18.61
8.55679 -9.72133 15.894
5.55479 -10.8223 13.75

5.82079 -13.5443 11.052
3.98779 -16.6403 9.63804
4.56579 -18.5573 12.947
3.13179 -15.8083 15.263
-0.381213 -16.8133 16.452
-3.54421 -14.7173 15.796
-3.91721 -13.6093 19.484

-0.159213 -12.9673 20.071
-0.168213 -10.7423 16.904
-2.72921 -8.41033 18.568
-0.880213 -8.46533 21.952
2.55579 -7.67733 20.344
0.814787 -4.90833 18.321
-0.519213 -3.42033 21.621
2.95779 -3.80333 23.274
4.60579 -1.78733 20.406
1.75779 0.812674 20.456
1.68379 1.37667 24.267

5.31679 0.713674 25.401
7.90079 3.49567 24.715
10.7038 0.867674 25.165
9.89279 -1.13633 21.987
11.8618 0.844674 19.366

11.7198 -1.67933 16.453
8.95979 -3.85033 14.974
10.4218 -6.71233 12.844
7.56579 -7.62233 10.471
6.99179 -10.1503 7.68304

5.67979 -8.25433 4.58204
3.25079 -11.1643 3.87304
2.18779 -12.0133 7.47004
1.70079 -8.41933 8.83704
-0.0212133 -6.89033 5.70404
-3.48221 -7.36433 7.39204
-5.48021 -6.40833 10.543
-2.71321 -4.64233 12.538
-2.26421 -0.870326 13.223
1.18879 0.672674 13.932
0.351787 4.40767 14.378
3.06179 4.73967 17.131
5.84579 4.67467 14.458
6.72979 7.47967 11.961

9.17679 5.40267 9.81904
8.86779 2.23867 7.67704
12.0348 0.471674 6.39204
11.6578 -2.16133 3.64804

14.8178 -4.28433 4.09204
13.6088 -6.30433 1.06104
11.5978 -5.50133 -2.08696
8.40479 -7.46633 -2.88296
7.31879 -8.02033 -6.54996
3.67279 -7.04833 -5.80496

3.13279 -3.27133 -5.15696
-0.340213 -3.81933 -3.59396
1.36079 -5.68633 -0.67396
3.97979 -2.89033 -0.25896
1.14279 -0.262326 -0.10496
-0.737213 -2.50233 2.43004
2.44079 -2.50933 4.61004
2.91479 1.34167 4.37804

-0.783213 1.81667 5.39604
-0.109213 -0.0303255 8.68004
1.51179 3.24967 9.94504
-0.420213 5.77167 7.80004
-3.80421 5.27867 9.62404
-6.34421 7.45267 11.507
-4.42021 8.39467 14.704
-1.11221 9.16667 12.882
0.116787 12.7667 13.596
3.63879 12.6977 11.983
4.74179 12.6607 8.29704

5.36379 8.97967 7.47404
8.85379 8.15867 6.14204
9.11579 5.10767 3.80704
12.6768 3.85567 3.06604
13.1808 1.17167 0.35404
16.6008 -0.523326 0.86204
18.1338 -1.53933 -2.54096

21.5228 -3.03933 -3.56296
23.2238 -2.52033 -6.99196
24.3298 -5.88533 -8.51596
21.3068 -7.86033 -7.09796
17.6348 -8.86033 -7.72396

16.6228 -5.27633 -6.64496
17.9418 -3.93233 -10.029
15.1618 -5.94033 -11.839
12.4628 -5.86333 -9.10496
12.4268 -2.04933 -8.68496
11.6158 -1.20733 -12.399
9.03079 -4.09433 -12.349
7.32179 -2.65733 -9.20496
7.33479 0.855674 -10.822
5.64179 -0.227326 -14.104
3.04079 -2.15233 -11.989
2.19879 0.982674 -9.86996
1.83879 2.97467 -13.142
-0.634213 0.329674 -14.507
-2.55621 0.595674 -11.175
-2.54121 4.45967 -11.339
-3.76821 4.54367 -15.009

-6.64121 2.22167 -13.892
-7.44121 4.76367 -11.047
-6.36521 2.16267 -8.40296
-3.34521 4.06967 -6.92696
-2.17021 7.68467 -6.35496
1.28779 6.24567 -5.61996
3.76179 7.38167 -8.26496
7.20179 5.70967 -7.79196
9.08679 7.51567 -10.681

10.0928 10.6047 -8.59896
12.1408 8.41567 -6.15596
14.4878 7.09867 -8.93496
15.3388 10.4957 -10.494

16.6038 11.4547 -6.96396
19.0888 8.48167 -6.54096

End chain 1
