-13.201 -6.296 -53.957
-10.703 -3.406 -53.291
-9.54 -3.087 -49.639
-11.02 0.322 -48.639
-8.614 1.85 -46.053
-10.787 3.126 -43.162

-9.634 6.195 -41.181
-10.061 4.9 -37.589
-10.286 6.838 -34.306
-12.195 7.103 -30.979
-14.163 9.439 -28.711
-12.619 10.223 -25.263
-14.157 12.207 -22.344

-11.943 15.248 -21.466
-14.301 16.978 -18.949
-17.827 16.65 -17.399
-19.139 18.761 -20.353

-16.752 17.96 -23.312
-15.482 14.956 -25.281
-12.62 14.751 -27.824
-12.437 12.939 -31.204
-8.982 11.264 -31.393
-8.672 10.357 -35.1

-6.282 10.744 -38.079
-6.98 13.557 -40.6
-9.895 13.022 -43.051

-11.208 15.853 -45.293
-14.92 14.856 -45.011
-14.611 14.37 -41.226
-13.015 17.857 -40.827
-15.875 19.254 -42.999
-18.403 17.482 -40.669
-16.559 18.759 -37.515
-16.844 22.341 -38.957

-20.697 21.797 -39.029
-20.861 21.033 -35.24
-22.116 23.933 -33.104
-20.016 23.255 -29.939
-16.791 22.621 -31.971

-13.393 23.436 -30.391
-10.011 22.816 -32.063
-6.805 22.812 -29.99

-3.883 23.919 -32.209
-1.328 22.314 -29.773
-2.753 18.736 -29.691
-4.334 19.137 -33.217

-7.578 17.622 -31.79
-11.313 18.386 -31.995
-13.683 18.544 -28.991
-17.466 19.001 -28.65
-20.131 19.402 -25.91

-21.257 16.038 -24.476
-24.923 16.743 -25.497
-23.731 16.722 -29.178
-22.178 13.179 -28.839
-25.228 11.354 -30.322
-25.57 14.044 -33.093
-21.852 13.682 -34.021
-21.815 9.829 -34.037
-25.045 9.774 -36.128
-23.507 12.176 -38.75
-20.093 10.348 -38.803

-21.793 6.948 -39.527
-22.962 8.546 -42.834
-19.328 9.196 -43.991
-17.677 6.563 -46.261
-14.251 5.2 -45.121

-14.46 6.789 -41.562
-14.765 4.819 -38.279
-15.142 6.964 -35.114
-15.663 4.659 -32.101

-18.218 6.249 -29.657
-17.862 6.903 -25.912
-18.35 3.469 -24.195
-21.794 2.549 -22.772
-20.235 2.829 -19.255
-19.534 6.58 -19.812
-22.964 7.196 -21.431
-24.623 5.531 -18.378
-22.42 7.523 -15.909

-23.028 10.919 -17.654
-26.668 10.153 -18.714
-27.851 13.482 -17.123

-25.214 15.594 -18.963
-26 13.8 -22.296
-29.631 15.147 -21.909

-29.014 18.802 -20.797
-28.522 21.656 -23.337
-27.494 23.803 -20.296
-24.374 24.206 -18.108
-26.03 23.63 -14.722
-23.195 22.587 -12.38
-23.731 19.355 -10.334

-27.219 19.392 -8.694
-26.798 20.208 -4.988
-26.578 17.032 -2.906
-29.814 16.999 -0.82
-29.276 16.946 2.956
-30.305 13.551 4.343

-32.727 13.25 7.268
-30.389 11.851 9.975
-33.077 12.019 12.787
-33.159 8.159 12.923
-29.32 8.149 13.454
-27.82 8.306 16.969

-27.52 12.074 17.913
-23.991 11.509 19.371
-22.796 10.469 15.867
-24.731 13.185 13.93
-23.402 16.008 16.22
-19.738 14.82 15.861

-19.687 14.822 11.995
-17.445 17.587 10.586

-19.106 19.692 7.763
-17.231 17.783 4.996
-18.064 14.402 6.666
-21.796 15.407 6.677
-21.562 16.318 2.947
-19.943 12.855 2.346
-22.788 11.075 4.244
-25.363 13.084 2.191
-23.555 12.165 -1.104
-23.43 8.459 -0.115
-27.196 8.491 0.728
-28.024 10.343 -2.565

-25.973 7.645 -4.472
-28.214 5.048 -2.67
-25.512 3.7 -0.27

-23.352 2.353 -3.174
-19.956 4.118 -3.237
-16.209 4.012 -2.721
-15.295 6.541 0.021

-11.694 7.195 -1.128

-11.135 10.189 1.225
-7.504 10.605 2.377

-6.048 8.715 5.398
-7.361 9.956 8.784
-10.233 12.169 7.374
-12.706 9.981 9.408

-13.844 7.354 6.831
-15.012 5.081 9.734
-17.363 7.714 11.316
-18.876 8.506 7.854
-19.282 4.738 7.09
-21.02 4.042 10.461
-23.415 6.996 9.798
-24.247 5.855 6.195
-24.846 2.277 7.463
-26.955 3.52 10.461
-29.227 5.531 8.078

-29.9 2.058 6.507

-30.384 0.293 9.981
-33.886 -0.857 8.77
-32.05 -2.956 6.062
-29.626 -4.868 8.41
-27.981 -7.413 9.17

-24.774 -5.448 8.488
-21.551 -7.137 7.269
-18.235 -5.328 7.997
-15.132 -6.739 6.223
-11.829 -5.357 7.603

-8.05 -6.016 7.986
-7.416 -8.82 10.567
-5.856 -6.305 13.093
-8.689 -3.64 13.199

-11.758 -5.868 14.003
-11.895 -4.753 17.675
-11.154 -1.102 16.63
-14.365 -1.304 14.506
-16.414 -2.897 17.375
-15.268 -0.08 19.729
-16.109 2.476 16.969
-19.722 1.111 16.76
-20.082 1.14 20.611
-18.596 4.7 20.723
-20.823 6.195 17.978

-24.121 4.191 18.24
-24.851 3.95 22.056
-28.388 2.791 20.948
-26.764 -0.701 20.406
-26.03 -3.285 23.117

-22.632 -5.104 22.857
-24.638 -8.32 22.08
-25.78 -6.667 18.791

-22.091 -6.816 17.576
-20.505 -10.124 16.488
-16.681 -10.041 16.081

-15.702 -13.116 14.035
-12.316 -14.303 15.372
-12.201 -17.837 13.813
-13.405 -19.799 10.735
-15.769 -21.82 13.07
-17.788 -18.808 14.317
-21.352 -17.917 13.159
-21.075 -14.973 10.701
-24.816 -14.102 11.273
-24.919 -14.166 15.127
-25.108 -10.332 15.536
-27.08 -7.466 13.995

-23.588 -6.14 13.038
-21.065 -8.833 11.965
-17.336 -7.898 11.803
-15.009 -10.302 9.887
-11.529 -10.295 8.291

-10.658 -10.74 4.577
-8.757 -14.009 5.375
-11.833 -15.546 7.113
-14.3 -14.769 4.222

-12.926 -17.715 2.14
-13.287 -20.073 5.183
-16.843 -18.74 5.845
-18.014 -18.815 2.139
-20.731 -21.415 3.044
-22.243 -18.836 5.512
-21.955 -15.894 2.989
-25.071 -17.433 1.278
-27.188 -15.451 3.825
-28.094 -12.137 2.052
-26.367 -9.235 3.842
-28.236 -6.215 2.36

-25.704 -3.677 3.792
-21.936 -4.298 3.429
-19.007 -2.145 4.602
-15.517 -3.11 3.36

-12.662 -1.237 5.059
-9.341 -0.865 3.151

-11.066 -2.352 0.031
-7.765 -2.207 -1.968
-7.252 -5.742 -0.456
-9.774 -6.866 -3.176

-7.558 -5.436 -6.054
-6.861 -8.909 -7.611
-9.913 -10.983 -8.736
-7.994 -14.348 -8.638
-7.386 -14.116 -4.839

-9.551 -16.269 -2.508
-10.568 -13.122 -0.487
-11.832 -11.409 -3.693
-13.586 -14.593 -5.006
-15.461 -14.905 -1.648
-16.313 -11.137 -1.332
-17.465 -10.353 -4.925
-20.7 -12.523 -5.003
-21.961 -10.786 -1.799
-21.004 -7.272 -3.064
-22.893 -7.826 -6.386
-26.148 -8.927 -4.576

-26.072 -6.644 -1.465
-28.372 -3.542 -1.704

-25.826 -1.116 -0.104
-22.019 -1.347 -0.629
-19.769 1.077 1.29
-16.145 0.543 0.177
-13.427 2.479 2.088

-9.739 3.065 1.181
-6.998 5.712 1.573
-5.29 4.301 -1.537
-8.002 2.778 -3.832
-5.263 1.979 -6.345
-1.844 1.044 -4.877
0.179 1.273 -8.156
-1.96 0.815 -11.364

-5.486 1.412 -12.884
-6.145 -2.396 -13.101
-6.402 -2.518 -9.223
-9.619 -0.37 -9.379
-11.628 -2.846 -11.528
-12.904 -5.026 -8.614
-13.981 -1.892 -6.643
-15.738 -0.406 -9.758
-17.759 -3.638 -10.376
-18.545 -3.926 -6.614
-20.104 -0.383 -6.596

-21.607 -0.654 -10.172
-21.992 -4.37 -11.257
-23.172 -3.251 -14.78
-19.935 -1.29 -15.508
-17.337 -3.236 -17.592
-18.9 -6.785 -17.229
-15.576 -8.217 -18.571

-12.101 -7.019 -17.429
-10.719 -7.022 -21.032
-12.866 -3.967 -22.03
-11.565 -2.031 -18.959
-7.965 -3.199 -19.668
-8.028 -2.162 -23.384
-9.238 1.366 -22.43
-7.403 2.18 -19.142

-4.51 -0.351 -18.764
-2.851 0.132 -22.242
-3.499 -3.577 -22.858

-0.922 -5.224 -25.189
-1.171 -8.572 -27.031
2.109 -10.415 -26.274

3.105 -13.897 -27.702
2.055 -15.464 -24.315

-1.301 -13.571 -23.908
-2.465 -10.088 -22.814
-0.375 -7.663 -20.732

-2.386 -5.192 -18.538
0.545 -3.576 -16.579
0.214 -0.249 -18.472
-2.005 2.838 -18.126
-4.133 4.898 -20.565
-6.888 7.593 -20.643

-6.428 8.31 -16.868
-8.259 11.708 -16.967
-11.359 9.932 -18.424
-11.034 7.218 -15.72
-10.853 9.986 -13.027
-14.061 11.624 -14.396
-15.894 8.229 -14.505
-14.782 7.406 -10.918
-15.841 10.804 -9.431
-19.243 10.854 -11.244
-20.42 7.245 -10.709

-18.189 5.243 -8.243

-16.056 7.301 -5.859
-16.114 10.195 -3.388

-12.511 11.437 -2.855
-11.204 14.438 -0.866
-7.629 15.273 0.108

-6.103 16.757 3.336
-5.492 19.961 1.314
-9.247 20.21 0.414
-10.687 19.84 3.974

-7.876 20.335 6.596
-5.915 23.57 5.765
-4.501 23.333 9.365
-2.496 20.065 8.949

1.303 20.759 8.934
3.056 20.025 5.61

4.712 16.655 4.867
8.328 17.503 3.889
9.865 14.613 1.887
13.544 14.115 0.94
15.906 11.506 -0.462
18.947 10.811 1.779
21.766 9.257 -0.276

23.546 7.056 2.315
27.261 6.875 1.505

28.245 3.644 -0.418
31.86 4.115 0.91
30.822 1.923 3.932

29.781 -0.866 1.447
32.919 -3.047 1.513

34.425 -4.32 -1.785
33.113 -7.938 -1.244
29.491 -6.74 -0.693
29.768 -4.41 -3.754
31.197 -7.255 -5.906
28.259 -9.472 -4.721
25.713 -6.737 -5.719
27.51 -6.339 -9.109
27.423 -10.165 -9.54
23.65 -10.474 -8.792
22.962 -7.422 -11.06
24.917 -9.098 -13.947
23.143 -12.411 -13.156
19.646 -10.859 -13.74
20.737 -9.528 -17.211

22.217 -12.858 -18.463
20.387 -13.956 -21.668
20.528 -17.736 -21.133
18.657 -17.897 -17.748
15.084 -19.125 -17.241

12.288 -16.738 -16.087
12.607 -18.4 -12.624
16.429 -17.941 -12.335
15.878 -14.239 -13.306
13.289 -13.886 -10.431
15.657 -15.706 -7.994
18.606 -13.414 -8.951
16.255 -10.376 -8.495
15.24 -11.578 -4.971
18.955 -12.159 -4.164
19.925 -8.638 -5.436
17.098 -7.099 -3.321
18.053 -9.048 -0.123
21.786 -8.131 -0.69
20.736 -4.441 -1.05
19.085 -4.63 2.41
22.245 -6.211 3.979
24.545 -3.65 2.251
22.546 -0.676 3.697
22.493 -1.872 7.395
25.78 -0.119 8.532
24.843 3.314 7.06
21.158 2.959 8.1
22.499 2.411 11.671
24.971 5.354 11.284
22.044 7.605 10.201
19.732 6.453 13.091
22.537 7.221 15.602
23.191 10.671 13.977
19.442 11.468 14.453
19.569 10.457 18.178
22.894 12.322 18.768

22.7044 15.0947 16.2827
23.1324 18.2384 14.1673
23.5522 19.859 10.6826
20.6376 21.9604 11.6582
20.6896 22.1999 15.4649

24.1818 23.3444 14.1857
26.0742 21.8527 11.2143
27.1404 20.3522 7.89957
29.3135 17.3742 7.51014
31.9927 14.7751 6.63307

30.6107 11.4741 5.15607
33.4887 8.9301 5.21107

33.6197 7.2461 8.66407
37.4827 7.4481 8.72207
37.2527 11.3051 8.48007
34.6497 11.4901 11.3241
36.8107 9.0551 13.4101
40.0757 11.0371 12.8561
38.3987 14.4161 13.7021
36.8457 12.9871 16.9411
40.1817 11.3541 17.9711
42.1237 14.6571 17.5511
39.4377 16.6701 19.4591
39.6557 14.0791 22.3241
43.5177 14.3031 22.2091

43.2297 18.1581 22.4651
40.5617 17.7261 25.2661
37.9837 19.6861 23.1641
34.3797 18.9991 24.2331

32.3767 18.0081 21.1221
29.2917 16.0401 19.9561
29.2137 13.3231 17.2401
26.2117 12.2221 15.0961

26.4777 9.5001 12.3981
24.6447 6.4041 10.9841
25.2227 4.4871 14.2931
23.7887 7.2361 16.6091
20.2757 6.2311 17.7981
17.1127 8.3271 17.1421
16.7397 9.4351 20.8301

20.4977 10.0771 21.4171
20.4887 12.3021 18.2501
17.9277 14.6341 19.9141
19.7767 14.5791 23.2981
23.2127 15.3671 21.6901
21.4717 18.1361 19.6671
20.1377 19.6241 22.9671
23.6147 19.2411 24.6201
25.2627 21.2571 21.7521
22.4147 23.8571 21.8021
22.3407 24.4211 25.6131

25.9737 23.7581 26.7471
28.5577 26.5401 26.0611
31.3607 23.9121 26.5111
30.5497 21.9081 23.3331
32.5187 23.8891 20.7121

32.3767 21.3651 17.7991
29.6167 19.1941 16.3201
31.0787 16.3321 14.1901
28.2227 15.4221 11.8171
27.6487 12.8941 9.02907

26.3367 14.7901 5.92807
23.9077 11.8801 5.21907
22.8447 11.0311 8.81607
22.3577 14.6251 10.1831
20.6357 16.1541 7.05007
17.1747 15.6801 8.73807
15.1767 16.6361 11.8891
17.9437 18.4021 13.8841
18.3927 22.1741 14.5691
21.8457 23.7171 15.2781
21.0087 27.4521 15.7241
23.7187 27.7841 18.4771
26.5027 27.7191 15.8041
27.3867 30.5241 13.3071

29.8337 28.4471 11.1651
29.5247 25.2831 9.02307
32.6917 23.5161 7.73807
32.3147 20.8831 4.99407

35.4747 18.7601 5.43807
34.2657 16.7401 2.40707
32.2547 17.5431 -0.740933
29.0617 15.5781 -1.53693
27.9757 15.0241 -5.20393
24.3297 15.9961 -4.45893

23.7897 19.7731 -3.81093
20.3167 19.2251 -2.24793
22.0177 17.3581 0.672067
24.6367 20.1541 1.08707
21.7997 22.7821 1.24107
19.9197 20.5421 3.77607
23.0977 20.5351 5.95607
23.5717 24.3861 5.72407

19.8737 24.8611 6.74207
20.5477 23.0141 10.0261
22.1687 26.2941 11.2911
20.2367 28.8161 9.14607
16.8527 28.3231 10.9701
14.3127 30.4971 12.8531
16.2367 31.4391 16.0501
19.5447 32.2111 14.2281
20.7737 35.8111 14.9421
24.2957 35.7421 13.3291
25.3987 35.7051 9.64307

26.0207 32.0241 8.82007
29.5107 31.2031 7.48807
29.7727 28.1521 5.15307
33.3337 26.9001 4.41207
33.8377 24.2161 1.70007
37.2577 22.5211 2.20807
38.7907 21.5051 -1.19493

42.1797 20.0051 -2.21693
43.8807 20.5241 -5.64593
44.9867 17.1591 -7.16993
41.9637 15.1841 -5.75193
38.2917 14.1841 -6.37793

37.2797 17.7681 -5.29893
38.5987 19.1121 -8.68293
35.8187 17.1041 -10.4929
33.1197 17.1811 -7.75893
33.0837 20.9951 -7.33893
32.2727 21.8371 -11.0529
29.6877 18.9501 -11.0029
27.9787 20.3871 -7.85893
27.9917 23.9001 -9.47593
26.2987 22.8171 -12.7579
23.6977 20.8921 -10.6429
22.8557 24.0271 -8.52393
22.4957 26.0191 -11.7959
20.0227 23.3741 -13.1609
18.1007 23.6401 -9.82893
18.1157 27.5041 -9.99293
16.8887 27.5881 -13.6629

14.0157 25.2661 -12.5459
13.2157 27.8081 -9.70093
14.2917 25.2071 -7.05693
17.3117 27.1141 -5.58093
18.4867 30.7291 -5.00893
21.9447 29.2901 -4.27393
24.4187 30.4261 -6.91893
27.8587 28.7541 -6.44593
29.7437 30.5601 -9.33493

30.7497 33.6491 -7.25293
32.7977 31.4601 -4.80993
35.1447 30.1431 -7.58893
35.9957 33.5401 -9.14793

37.2607 34.4991 -5.61793
39.7457 31.5261 -5.19493

End chain 1
