-13.201 -6.296 -53.957
-10.703 -3.406 -53.291
-9.54 -3.087 -49.639
-11.02 0.322 -48.639
-8.614 1.85 -46.053
-10.787 3.126 -43.162

-9.634 6.195 -41.181
-10.061 4.9 -37.589
-10.286 6.838 -34.306
-12.195 7.103 -30.979
-14.163 9.439 -28.711
-12.619 10.223 -25.263
-14.157 12.207 -22.344

-11.943 15.248 -21.466
-14.301 16.978 -18.949
-17.827 16.65 -17.399
-19.139 18.761 -20.353

-16.752 17.96 -23.312
-15.482 14.956 -25.281
-12.62 14.751 -27.824
-12.437 12.939 -31.204
-8.982 11.264 -31.393
-8.672 10.357 -35.1

-6.282 10.744 -38.079
-6.98 13.557 -40.6
-9.895 13.022 -43.051

-11.208 15.853 -45.293
-14.92 14.856 -45.011
-14.611 14.37 -41.226
-13.015 17.857 -40.827
-15.875 19.254 -42.999
-18.403 17.482 -40.669
-16.559 18.759 -37.515
-16.844 22.341 -38.957

-20.697 21.797 -39.029
-20.861 21.033 -35.24
-22.116 23.933 -33.104
-20.016 23.255 -29.939
-16.791 22.621 -31.971

-13.393 23.436 -30.391
-10.011 22.816 -32.063
-6.805 22.812 -29.99

-3.883 23.919 -32.209
-1.328 22.314 -29.773
-2.753 18.736 -29.691
-4.334 19.137 -33.217

-7.578 17.622 -31.79
-11.313 18.386 -31.995
-13.683 18.544 -28.991
-17.466 19.001 -28.65
-20.131 19.402 -25.91

-21.257 16.038 -24.476
-24.923 16.743 -25.497
-23.731 16.722 -29.178
-22.178 13.179 -28.839
-25.228 11.354 -30.322
-25.57 14.044 -33.093
-21.852 13.682 -34.021
-21.815 9.829 -34.037
-25.045 9.774 -36.128
-23.507 12.176 -38.75
-20.093 10.348 -38.803

-21.793 6.948 -39.527
-22.962 8.546 -42.834
-19.328 9.196 -43.991
-17.677 6.563 -46.261
-14.251 5.2 -45.121

-14.46 6.789 -41.562
-14.765 4.819 -38.279
-15.142 6.964 -35.114
-15.663 4.659 -32.101

-18.218 6.249 -29.657
-17.862 6.903 -25.912
-18.35 3.469 -24.195
-21.794 2.549 -22.772
-20.235 2.829 -19.255
-19.534 6.58 -19.812
-22.964 7.196 -21.431
-24.623 5.531 -18.378
-22.42 7.523 -15.909

-23.028 10.919 -17.654
-26.668 10.153 -18.714
-27.851 13.482 -17.123

-25.214 15.594 -18.963
-26 13.8 -22.296
-29.631 15.147 -21.909

-29.014 18.802 -20.797
-28.522 21.656 -23.337
-27.494 23.803 -20.296
-24.374 24.206 -18.108
-26.03 23.63 -14.722
-23.195 22.587 -12.38
-23.731 19.355 -10.334

-27.219 19.392 -8.694
-26.798 20.208 -4.988
-26.578 17.032 -2.906
-29.814 16.999 -0.82
-29.276 16.946 2.956
-30.305 13.551 4.343

-32.727 13.25 7.268
-30.389 11.851 9.975
-33.077 12.019 12.787
-33.159 8.159 12.923
-29.32 8.149 13.454
-27.82 8.306 16.969

-27.52 12.074 17.913
-23.991 11.509 19.371
-22.796 10.469 15.867
-24.731 13.185 13.93
-23.402 16.008 16.22
-19.738 14.82 15.861

-20.1359 16.0504 12.389
-17.2569 14.6426 10.5286

-13.7162 15.3437 9.33916
-12.2534 13.2378 12.1442
-14.5575 10.3364 11.2983
-13.5733 10.4976 7.6311
-9.87874 10.4702 8.52147
-10.3435 7.44083 10.7686
-12.182 5.56465 8.02218
-9.41981 6.31996 5.52363
-6.76222 5.07643 7.93895
-8.67171 1.84372 8.52742
-9.00905 1.24903 4.78904
-5.28449 1.79585 4.26789

-3.23349 -0.902152 2.36089
-5.47449 -3.49915 4.16289
-2.77249 -4.84715 6.56289

-0.612494 -6.19415 3.65889
2.78351 -4.42915 3.59589
6.53051 -4.53515 4.11189
7.44451 -2.00615 6.85389

11.0455 -1.35215 5.70489

11.6045 1.64185 8.05789
15.2355 2.05785 9.20989

16.6915 0.167848 12.2309
15.3785 1.40885 15.6169
12.5065 3.62185 14.2069
10.0335 1.43385 16.2409

8.89551 -1.19315 13.6639
7.72751 -3.46615 16.5669
5.37651 -0.833152 18.1489
3.86351 -0.0411523 14.6869
3.45751 -3.80915 13.9229
1.71951 -4.50515 17.2939
-0.675494 -1.55115 16.6309
-1.50749 -2.69215 13.0279
-2.10649 -6.27015 14.2959
-4.21549 -5.02715 17.2939
-6.48749 -3.01615 14.9109

-7.16049 -6.48915 13.3399

-7.64449 -8.25415 16.8139
-11.1465 -9.40415 15.6029
-9.31049 -11.5032 12.8949
-6.88649 -13.4152 15.2429
-5.24149 -15.9602 16.0029

-2.03449 -13.9952 15.3209
1.18851 -15.6842 14.1019
4.50451 -13.8752 14.8299
7.60751 -15.2862 13.0559
10.9105 -13.9042 14.4359

14.6895 -14.5632 14.8189
15.3235 -17.3672 17.3999
16.8835 -14.8522 19.9259
14.0505 -12.1872 20.0319

10.9815 -14.4152 20.8359
10.8445 -13.3002 24.5079
11.5855 -9.64915 23.4629
8.37451 -9.85115 21.3389
6.32551 -11.4442 24.2079
7.47151 -8.62715 26.5619
6.63051 -6.07115 23.8019
3.01751 -7.43615 23.5929
2.65751 -7.40715 27.4439
4.14351 -3.84715 27.5559
1.91651 -2.35215 24.8109

-1.38149 -4.35615 25.0729
-2.11149 -4.59715 28.8889
-5.64849 -5.75615 27.7809
-4.02449 -9.24815 27.2389
-3.29049 -11.8322 29.9499

0.107506 -13.6512 29.6899
-1.89849 -16.8672 28.9129
-3.04049 -15.2142 25.6239

0.648506 -15.3632 24.4089
2.23451 -18.6712 23.3209
6.05851 -18.5882 22.9139

7.03751 -21.6632 20.8679
10.4235 -22.8502 22.2049
10.5385 -26.3842 20.6459
9.33451 -28.3462 17.5679
6.97051 -30.3672 19.9029
4.95151 -27.3552 21.1499
1.38751 -26.4642 19.9919
1.66451 -23.5202 17.5339
-2.07649 -22.6492 18.1059
-2.17949 -22.7132 21.9599
-2.36849 -18.8792 22.3689
-4.34049 -16.0132 20.8279

-0.848494 -14.6872 19.8709
1.67451 -17.3802 18.7979
5.40351 -16.4452 18.6359
7.73051 -18.8492 16.7199
11.2105 -18.8422 15.1239

12.0815 -19.2872 11.4099
13.9825 -22.5562 12.2079
10.9065 -24.0932 13.9459
8.43951 -23.3162 11.0549

9.81351 -26.2622 8.97289
9.45251 -28.6202 12.0159
5.89651 -27.2872 12.6779
4.72551 -27.3622 8.97189
2.00851 -29.9622 9.87689
0.496506 -27.3832 12.3449
0.784506 -24.4412 9.82189
-2.33149 -25.9802 8.11089
-4.44849 -23.9982 10.6579
-5.35449 -20.6842 8.88489
-3.62749 -17.7822 10.6749
-5.49649 -14.7622 9.19289

-2.96449 -12.2242 10.6249
0.803506 -12.8452 10.2619
3.73251 -10.6922 11.4349
7.22251 -11.6572 10.1929

10.0775 -9.78415 11.8919
13.3985 -9.41215 9.98389

11.6735 -10.8992 6.86389
14.9745 -10.7542 4.86489
15.4875 -14.2892 6.37689
12.9655 -15.4132 3.65689

15.1815 -13.9832 0.778892
15.8785 -17.4562 -0.778108
12.8265 -19.5302 -1.90311
14.7455 -22.8952 -1.80511
15.3535 -22.6632 1.99389

13.1885 -24.8162 4.32489
12.1715 -21.6692 6.34589
10.9075 -19.9562 3.13989
9.15351 -23.1402 1.82689
7.27851 -23.4522 5.18489
6.42651 -19.6842 5.50089
5.27451 -18.9002 1.90789
2.03951 -21.0702 1.82989
0.778506 -19.3332 5.03389
1.73551 -15.8192 3.76889
-0.153494 -16.3732 0.446892
-3.40849 -17.4742 2.25689

-3.33249 -15.1912 5.36789
-5.63249 -12.0892 5.12889

-3.08649 -9.66315 6.72889
0.720506 -9.89415 6.20389
2.97051 -7.47015 8.12289
6.59451 -8.00415 7.00989
9.31251 -6.06815 8.92089

13.0005 -5.48215 8.01389
15.7415 -2.83515 8.40589
17.4495 -4.24615 5.29589
14.7375 -5.76915 3.00089
17.4765 -6.56815 0.487892
20.8955 -7.50315 1.95589
22.9185 -7.27415 -1.32311
20.7795 -7.73215 -4.53111

17.2535 -7.13515 -6.05111
16.5945 -10.9432 -6.26811
16.3375 -11.0652 -2.39011
13.1205 -8.91715 -2.54611
11.1115 -11.3932 -4.69511
9.83551 -13.5732 -1.78111
8.75851 -10.4392 0.189892
7.00151 -8.95315 -2.92511
4.98051 -12.1852 -3.54311
4.19451 -12.4732 0.218892
2.63551 -8.93015 0.236892

1.13251 -9.20115 -3.33911
0.747506 -12.9172 -4.42411
-0.432494 -11.7982 -7.94711
2.80451 -9.83715 -8.67511
5.40251 -11.7832 -10.7591
3.83951 -15.3322 -10.3961
7.16351 -16.7642 -11.7381

10.6385 -15.5662 -10.5961
12.0205 -15.5692 -14.1991
9.87351 -12.5142 -15.1971
11.1745 -10.5782 -12.1261
14.7745 -11.7462 -12.8351
14.7115 -10.7092 -16.5511
13.5015 -7.18115 -15.5971
15.3365 -6.36715 -12.3091

18.2295 -8.89815 -11.9311
19.8885 -8.41515 -15.4091
19.2405 -12.1242 -16.0251

21.8175 -13.7712 -18.3561
21.5685 -17.1192 -20.1981
24.8485 -18.9622 -19.4411

25.8445 -22.4442 -20.8691
24.7945 -24.0112 -17.4821

21.4385 -22.1182 -17.0751
20.2745 -18.6352 -15.9811
22.3645 -16.2102 -13.8991

20.3535 -13.7392 -11.7051
23.2845 -12.1232 -9.74611
22.9535 -8.79615 -11.6391
20.7345 -5.70915 -11.2931
18.6065 -3.64915 -13.7321
15.8515 -0.954152 -13.8101

16.3115 -0.237152 -10.0351
14.4805 3.16085 -10.1341
11.3805 1.38485 -11.5911
11.7055 -1.32915 -8.88711
11.8865 1.43885 -6.19411
8.67851 3.07685 -7.56311
6.84551 -0.318152 -7.67211
7.95751 -1.14115 -4.08511
6.89851 2.25685 -2.59811
3.49651 2.30685 -4.41111
2.31951 -1.30215 -3.87611

4.55051 -3.30415 -1.41011

6.68351 -1.24615 0.973892
6.62551 1.64785 3.44489

10.2285 2.88985 3.97789
11.5355 5.89085 5.96689
15.1105 6.72585 6.94089

16.6365 8.20985 10.1689
17.2475 11.4138 8.14689
13.4925 11.6628 7.24689
12.0525 11.2928 10.8069

14.8635 11.7878 13.4289
16.8245 15.0228 12.5979
18.2385 14.7858 16.1979
20.2435 11.5178 15.7819

24.0425 12.2118 15.7669
25.7955 11.4778 12.4429

27.4515 8.10785 11.6999
31.0675 8.95585 10.7219
32.6045 6.06585 8.71989
36.2835 5.56785 7.77289
38.6455 2.95885 6.37089
41.6865 2.26385 8.61189
44.5055 0.709848 6.55689

46.2855 -1.49115 9.14789
50.0005 -1.67215 8.33789

50.9845 -4.90315 6.41489
54.5995 -4.43215 7.74289
53.5615 -6.62415 10.7649

52.5205 -9.41315 8.27989
55.6585 -11.5942 8.34589

57.1645 -12.8672 5.04789
55.8525 -16.4852 5.58889
52.2305 -15.2872 6.13989
52.5075 -12.9572 3.07889
53.9365 -15.8022 0.926892
50.9985 -18.0192 2.11189
48.4525 -15.2842 1.11389
50.2495 -14.8862 -2.27611
50.1625 -18.7122 -2.70711
46.3895 -19.0212 -1.95911
45.7015 -15.9692 -4.22711
47.6565 -17.6452 -7.11411
45.8825 -20.9582 -6.32311
42.3855 -19.4062 -6.90711
43.4765 -18.0752 -10.3781

44.9565 -21.4052 -11.6301
43.1265 -22.5032 -14.8351
43.2675 -26.2832 -14.3001
41.3965 -26.4442 -10.9151
37.8235 -27.6722 -10.4081

35.0275 -25.2852 -9.25411
35.3465 -26.9472 -5.79111
39.1685 -26.4882 -5.50211
38.6175 -22.7862 -6.47311
36.0285 -22.4332 -3.59811
38.3965 -24.2532 -1.16111
41.3455 -21.9612 -2.11811
38.9945 -18.9232 -1.66211
37.9795 -20.1252 1.86189
41.6945 -20.7062 2.66889
42.6645 -17.1852 1.39689
39.8375 -15.6462 3.51189
40.7925 -17.5952 6.70989
44.5255 -16.6782 6.14289
43.4755 -12.9882 5.78289
41.8245 -13.1772 9.24289
44.9845 -14.7582 10.8119
47.2845 -12.1972 9.08389
45.2855 -9.22315 10.5299
45.2325 -10.4192 14.2279
48.5195 -8.66615 15.3649
47.5825 -5.23315 13.8929
43.8975 -5.58815 14.9329
45.2385 -6.13615 18.5039
47.7105 -3.19315 18.1169
44.7835 -0.942152 17.0339
42.4715 -2.09415 19.9239
45.2765 -1.32615 22.4349
45.9305 2.12385 20.8099
42.1815 2.92085 21.2859
42.3085 1.90985 25.0109
45.6335 3.77485 25.6009

43.9755 6.85385 23.9179
41.4955 6.83885 26.8919
38.3265 5.54185 25.1009
35.6325 4.58885 27.6289
33.3795 2.23985 25.5049

33.5985 0.644848 22.0239
32.4305 -2.43115 20.0529
34.8005 -4.79315 18.1779
33.2145 -6.86015 15.3739
34.8355 -10.0152 13.9029

33.4535 -13.3162 12.4259
36.3315 -15.8602 12.4809

36.4625 -17.5442 15.9339
40.3255 -17.3422 15.9919
40.0955 -13.4852 15.7499
37.4925 -13.3002 18.5939
39.6535 -15.7352 20.6799
42.9185 -13.7532 20.1259
41.2415 -10.3742 20.9719
39.6885 -11.8032 24.2109
43.0245 -13.4362 25.2409
44.9665 -10.1332 24.8209
42.2805 -8.12015 26.7289
42.4985 -10.7112 29.5939
46.3605 -10.4872 29.4789

46.0725 -6.63215 29.7349
43.4045 -7.06415 32.5359
40.8265 -5.10415 30.4339
37.2225 -5.79115 31.5029

35.2195 -6.78215 28.3919
32.1345 -8.75015 27.2259
32.0565 -11.4672 24.5099
29.0545 -12.5682 22.3659

29.3205 -15.2902 19.6679
27.4875 -18.3862 18.2539
28.0655 -20.3032 21.5629
26.6315 -17.5542 23.8789
23.1185 -18.5592 25.0679
19.9555 -16.4632 24.4119
19.5825 -15.3552 28.0999

23.3405 -14.7132 28.6869
23.3315 -12.4882 25.5199
20.7705 -10.1562 27.1839
22.6195 -10.2112 30.5679
26.0555 -9.42315 28.9599
24.3145 -6.65415 26.9369
22.9805 -5.16615 30.2369
26.4575 -5.54915 31.8899
28.1055 -3.53315 29.0219
25.2575 -0.933152 29.0719
25.1835 -0.369152 32.8829

28.8165 -1.03215 34.0169
31.4005 1.74985 33.3309
34.2035 -0.878152 33.7809
33.3925 -2.88215 30.6029
35.3615 -0.901152 27.9819

35.2195 -3.42515 25.0689
32.4595 -5.59615 23.5899
33.9215 -8.45815 21.4599
31.0655 -9.36815 19.0869
30.4915 -11.8962 16.2989

29.1795 -10.0002 13.1979
26.7505 -12.9102 12.4889
25.6875 -13.7592 16.0859
25.2005 -10.1652 17.4529
23.4785 -8.63615 14.3199
20.0175 -9.11015 16.0079
18.0195 -8.15415 19.1589
20.7865 -6.38815 21.1539
21.2355 -2.61615 21.8389
24.6885 -1.07315 22.5479
23.8515 2.66185 22.9939
26.5615 2.99385 25.7469
29.3455 2.92885 23.0739
30.2295 5.73385 20.5769

32.6765 3.65685 18.4349
32.3675 0.492848 16.2929
35.5345 -1.27415 15.0079
35.1575 -3.90715 12.2639

38.3175 -6.03015 12.7079
37.1085 -8.05015 9.67689
35.0975 -7.24715 6.52889
31.9045 -9.21215 5.73289
30.8185 -9.76615 2.06589
27.1725 -8.79415 2.81089

26.6325 -5.01715 3.45889
23.1595 -5.56515 5.02189
24.8605 -7.43215 7.94189
27.4795 -4.63615 8.35689
24.6425 -2.00815 8.51089
22.7625 -4.24815 11.0459
25.9405 -4.25515 13.2259
26.4145 -0.404152 12.9939

22.7165 0.0708477 14.0119
23.3905 -1.77615 17.2959
25.0115 1.50385 18.5609
23.0795 4.02585 16.4159
19.6955 3.53285 18.2399
17.1555 5.70685 20.1229
19.0795 6.64885 23.3199
22.3875 7.42085 21.4979
23.6165 11.0208 22.2119
27.1385 10.9518 20.5989
28.2415 10.9148 16.9129

28.8635 7.23385 16.0899
32.3535 6.41285 14.7579
32.6155 3.36185 12.4229
36.1765 2.10985 11.6819
36.6805 -0.574152 8.96989
40.1005 -2.26915 9.47789
41.6335 -3.28515 6.07489

45.0225 -4.78515 5.05289
46.7235 -4.26615 1.62389
47.8295 -7.63115 0.0998924
44.8065 -9.60615 1.51789
41.1345 -10.6062 0.891892

40.1225 -7.02215 1.97089
41.4415 -5.67815 -1.41311
38.6615 -7.68615 -3.22311
35.9625 -7.60915 -0.489108
35.9265 -3.79515 -0.0691076
35.1155 -2.95315 -3.78311
32.5305 -5.84015 -3.73311
30.8215 -4.40315 -0.589108
30.8345 -0.890152 -2.20611
29.1415 -1.97315 -5.48811
26.5405 -3.89815 -3.37311
25.6985 -0.763152 -1.25411
25.3385 1.22885 -4.52611
22.8655 -1.41615 -5.89111
20.9435 -1.15015 -2.55911
20.9585 2.71385 -2.72311
19.7315 2.79785 -6.39311

16.8585 0.475848 -5.27611
16.0585 3.01785 -2.43111
17.1345 0.416848 0.212892
20.1545 2.32385 1.68889
21.3295 5.93885 2.26089
24.7875 4.49985 2.99589
27.2615 5.63585 0.350892
30.7015 3.96385 0.823892
32.5865 5.76985 -2.06511

33.5925 8.85885 0.0168924
35.6405 6.66985 2.45989
37.9875 5.35285 -0.319108
38.8385 8.74985 -1.87811

40.1035 9.70885 1.65189
42.5885 6.73585 2.07489

End chain 1
