-13.201 -6.296 -53.957
-10.703 -3.406 -53.291
-9.54 -3.087 -49.639
-11.02 0.322 -48.639
-8.614 1.85 -46.053
-10.787 3.126 -43.162

-9.634 6.195 -41.181
-10.061 4.9 -37.589
-10.286 6.838 -34.306
-12.195 7.103 -30.979
-14.163 9.439 -28.711
-12.619 10.223 -25.263
-14.157 12.207 -22.344

-11.943 15.248 -21.466
-14.301 16.978 -18.949
-17.827 16.65 -17.399
-19.139 18.761 -20.353

-16.752 17.96 -23.312
-15.482 14.956 -25.281
-12.62 14.751 -27.824
-12.437 12.939 -31.204
-8.982 11.264 -31.393
-8.672 10.357 -35.1

-6.282 10.744 -38.079
-6.98 13.557 -40.6
-9.895 13.022 -43.051

-11.208 15.853 -45.293
-14.92 14.856 -45.011
-14.611 14.37 -41.226
-13.015 17.857 -40.827
-15.875 19.254 -42.999
-18.403 17.482 -40.669
-16.559 18.759 -37.515
-16.844 22.341 -38.957

-20.697 21.797 -39.029
-20.861 21.033 -35.24
-22.116 23.933 -33.104
-20.016 23.255 -29.939
-16.791 22.621 -31.971

-13.393 23.436 -30.391
-10.011 22.816 -32.063
-6.805 22.812 -29.99

-3.883 23.919 -32.209
-1.328 22.314 -29.773
-2.753 18.736 -29.691
-4.334 19.137 -33.217

-7.578 17.622 -31.79
-11.313 18.386 -31.995
-13.683 18.544 -28.991
-17.466 19.001 -28.65
-20.131 19.402 -25.91

-21.257 16.038 -24.476
-24.923 16.743 -25.497
-23.731 16.722 -29.178
-22.178 13.179 -28.839
-25.228 11.354 -30.322
-25.57 14.044 -33.093
-21.852 13.682 -34.021
-21.815 9.829 -34.037
-25.045 9.774 -36.128
-23.507 12.176 -38.75
-20.093 10.348 -38.803

-21.793 6.948 -39.527
-22.962 8.546 -42.834
-19.328 9.196 -43.991
-17.677 6.563 -46.261
-14.251 5.2 -45.121

-14.46 6.789 -41.562
-14.765 4.819 -38.279
-15.142 6.964 -35.114
-15.663 4.659 -32.101

-18.218 6.249 -29.657
-17.862 6.903 -25.912
-18.35 3.469 -24.195
-21.794 2.549 -22.772
-20.235 2.829 -19.255
-19.534 6.58 -19.812
-22.964 7.196 -21.431
-24.623 5.531 -18.378
-22.42 7.523 -15.909

-23.028 10.919 -17.654
-26.668 10.153 -18.714
-27.851 13.482 -17.123

-25.214 15.594 -18.963
-26 13.8 -22.296
-29.631 15.147 -21.909

-29.014 18.802 -20.797
-28.522 21.656 -23.337
-27.494 23.803 -20.296
-24.374 24.206 -18.108
-26.03 23.63 -14.722
-23.195 22.587 -12.38
-23.731 19.355 -10.334

-27.219 19.392 -8.694
-26.798 20.208 -4.988
-26.578 17.032 -2.906
-29.814 16.999 -0.82
-29.276 16.946 2.956
-30.305 13.551 4.343

-32.727 13.25 7.268
-30.389 11.851 9.975
-33.077 12.019 12.787
-33.159 8.159 12.923
-29.32 8.149 13.454
-27.82 8.306 16.969

-27.52 12.074 17.913
-23.991 11.509 19.371
-22.796 10.469 15.867
-24.731 13.185 13.93
-23.402 16.008 16.22
-19.738 14.82 15.861

-19.687 14.822 11.995
-17.445 17.587 10.586

-19.106 19.692 7.763
-17.231 17.783 4.996
-18.064 14.402 6.666
-21.796 15.407 6.677
-21.562 16.318 2.947
-19.943 12.855 2.346
-22.788 11.075 4.244
-25.363 13.084 2.191
-23.555 12.165 -1.104
-23.43 8.459 -0.115
-27.196 8.491 0.728
-28.024 10.343 -2.565

-25.973 7.645 -4.472
-28.214 5.048 -2.67
-25.512 3.7 -0.27

-23.352 2.353 -3.174
-19.956 4.118 -3.237
-16.209 4.012 -2.721
-15.295 6.541 0.021

-11.694 7.195 -1.128

-11.135 10.189 1.225
-7.504 10.605 2.377

-6.048 8.715 5.398
-7.361 9.956 8.784
-10.233 12.169 7.374
-12.706 9.981 9.408

-13.844 7.354 6.831
-15.012 5.081 9.734
-17.363 7.714 11.316
-18.876 8.506 7.854
-19.282 4.738 7.09
-21.02 4.042 10.461
-23.415 6.996 9.798
-24.247 5.855 6.195
-24.846 2.277 7.463
-26.955 3.52 10.461
-29.227 5.531 8.078

-29.9 2.058 6.507

-30.384 0.293 9.981
-33.886 -0.857 8.77
-32.05 -2.956 6.062
-29.626 -4.868 8.41
-27.981 -7.413 9.17

-24.774 -5.448 8.488
-21.551 -7.137 7.269
-18.235 -5.328 7.997
-15.132 -6.739 6.223
-11.829 -5.357 7.603

-8.05 -6.016 7.986
-7.416 -8.82 10.567
-5.856 -6.305 13.093
-8.689 -3.64 13.199

-11.758 -5.868 14.003
-11.895 -4.753 17.675
-11.154 -1.102 16.63
-14.365 -1.304 14.506
-16.414 -2.897 17.375
-15.268 -0.08 19.729
-16.109 2.476 16.969
-19.722 1.111 16.76
-20.082 1.14 20.611
-18.596 4.7 20.723
-20.823 6.195 17.978

-24.121 4.191 18.24
-24.851 3.95 22.056
-28.388 2.791 20.948
-26.764 -0.701 20.406
-26.03 -3.285 23.117

-22.632 -5.104 22.857
-24.638 -8.32 22.08
-25.78 -6.667 18.791

-22.091 -6.816 17.576
-20.505 -10.124 16.488
-16.681 -10.041 16.081

-15.702 -13.116 14.035
-12.316 -14.303 15.372
-12.201 -17.837 13.813
-13.405 -19.799 10.735
-15.769 -21.82 13.07
-17.788 -18.808 14.317
-21.352 -17.917 13.159
-21.075 -14.973 10.701
-24.816 -14.102 11.273
-24.919 -14.166 15.127
-25.108 -10.332 15.536
-27.08 -7.466 13.995

-23.588 -6.14 13.038
-21.065 -8.833 11.965
-17.336 -7.898 11.803
-15.009 -10.302 9.887
-11.529 -10.295 8.291

-10.658 -10.74 4.577
-8.757 -14.009 5.375
-11.833 -15.546 7.113
-14.3 -14.769 4.222

-12.926 -17.715 2.14
-13.287 -20.073 5.183
-16.843 -18.74 5.845
-18.014 -18.815 2.139
-20.731 -21.415 3.044
-22.243 -18.836 5.512
-21.955 -15.894 2.989
-25.071 -17.433 1.278
-27.188 -15.451 3.825
-28.094 -12.137 2.052
-26.367 -9.235 3.842
-28.236 -6.215 2.36

-25.704 -3.677 3.792
-21.936 -4.298 3.429
-19.007 -2.145 4.602
-15.517 -3.11 3.36

-12.662 -1.237 5.059
-9.341 -0.865 3.151

-11.066 -2.352 0.031
-7.765 -2.207 -1.968
-7.252 -5.742 -0.456
-9.774 -6.866 -3.176

-7.558 -5.436 -6.054
-6.861 -8.909 -7.611
-9.913 -10.983 -8.736
-7.994 -14.348 -8.638
-7.386 -14.116 -4.839

-9.551 -16.269 -2.508
-10.568 -13.122 -0.487
-11.832 -11.409 -3.693
-13.586 -14.593 -5.006
-15.461 -14.905 -1.648
-16.313 -11.137 -1.332
-17.465 -10.353 -4.925
-20.7 -12.523 -5.003
-21.961 -10.786 -1.799
-21.004 -7.272 -3.064
-22.893 -7.826 -6.386
-26.148 -8.927 -4.576

-26.072 -6.644 -1.465
-28.372 -3.542 -1.704

-25.826 -1.116 -0.104
-22.019 -1.347 -0.629
-19.769 1.077 1.29
-16.145 0.543 0.177
-13.427 2.479 2.088

-9.739 3.065 1.181
-6.998 5.712 1.573
-5.29 4.301 -1.537
-8.002 2.778 -3.832
-5.263 1.979 -6.345
-1.844 1.044 -4.877
0.179 1.273 -8.156
-1.96 0.815 -11.364

-5.486 1.412 -12.884
-6.145 -2.396 -13.101
-6.402 -2.518 -9.223
-9.619 -0.37 -9.379
-11.628 -2.846 -11.528
-12.904 -5.026 -8.614
-13.981 -1.892 -6.643
-15.738 -0.406 -9.758
-17.759 -3.638 -10.376
-18.545 -3.926 -6.614
-20.104 -0.383 -6.596

-22.8309 -1.70492 -8.87078
-26.667 -2.12272 -8.66763
-26.7238 -5.78283 -7.42278
-24.4828 -6.74802 -10.252
-20.9964 -6.76277 -8.58846
-21.7544 -7.95051 -5.13969
-21.5052 -4.33151 -3.98244

-21.0219 -3.2258 -0.378732
-18.2145 -5.73885 0.117551
-16.4577 -4.54453 -3.03366
-16.6874 -0.922766 -1.90539
-15.2281 -1.78839 1.49524
-12.3252 -3.6395 -0.113821
-11.575 -0.686552 -2.38543
-11.5768 1.70816 0.565537

-8.68379 -0.822836 0.943537
-7.02479 -0.339836 -2.53446
-7.67279 -4.04884 -3.15046

-5.09579 -5.69584 -5.48146
-5.34479 -9.04384 -7.32346
-2.06479 -10.8868 -6.56646

-1.06879 -14.3688 -7.99446
-2.11879 -15.9358 -4.60746

-5.47479 -14.0428 -4.20046
-6.63879 -10.5598 -3.10646
-4.54879 -8.13484 -1.02446

-6.55979 -5.66384 1.16954
-3.62879 -4.04784 3.12854
-3.95979 -0.720836 1.23554
-6.17879 2.36616 1.58154
-8.30679 4.42616 -0.857463
-11.0618 7.12116 -0.935463

-10.6018 7.83816 2.83954
-12.4328 11.2362 2.74054
-15.5328 9.46016 1.28354
-15.2078 6.74616 3.98754
-15.0268 9.51416 6.68054
-18.2348 11.1522 5.31154
-20.0678 7.75716 5.20254
-18.9558 6.93416 8.78954
-20.0148 10.3322 10.2765
-23.4168 10.3822 8.46354
-24.5938 6.77316 8.99854

-22.3628 4.77116 11.4645

-20.2298 6.82916 13.8485
-20.2878 9.72316 16.3195

-16.6848 10.9652 16.8525
-15.3778 13.9662 18.8415
-11.8028 14.8012 19.8155

-10.2768 16.2852 23.0435
-9.66579 19.4892 21.0215
-13.4208 19.7382 20.1215
-14.8608 19.3682 23.6815

-12.0498 19.8632 26.3035
-10.0888 23.0982 25.4725
-8.67479 22.8612 29.0725
-6.66979 19.5932 28.6565

-2.87079 20.2872 28.6415
-1.11779 19.5532 25.3175

0.538214 16.1832 24.5745
4.15421 17.0312 23.5965
5.69121 14.1412 21.5945
9.37021 13.6432 20.6475
11.7322 11.0342 19.2455
14.7732 10.3392 21.4865
17.5922 8.78516 19.4315

19.3722 6.58416 22.0225
23.0872 6.40316 21.2125

24.0712 3.17216 19.2895
27.6862 3.64316 20.6175
26.6482 1.45116 23.6395

25.6072 -1.33784 21.1545
28.7452 -3.51884 21.2205

30.2512 -4.79184 17.9225
28.9392 -8.40984 18.4635
25.3172 -7.21184 19.0145
25.5942 -4.88184 15.9535
27.0232 -7.72684 13.8015
24.0852 -9.94384 14.9865
21.5392 -7.20884 13.9885
23.3362 -6.81084 10.5985
23.2492 -10.6368 10.1675
19.4762 -10.9458 10.9155
18.7882 -7.89384 8.64754
20.7432 -9.56984 5.76054
18.9692 -12.8828 6.55154
15.4722 -11.3308 5.96754
16.5632 -9.99984 2.49654

18.0432 -13.3298 1.24454
16.2132 -14.4278 -1.96046
16.3542 -18.2078 -1.42546
14.4832 -18.3688 1.95954
10.9102 -19.5968 2.46654

8.11421 -17.2098 3.62054
8.43321 -18.8718 7.08354
12.2552 -18.4128 7.37254
11.7042 -14.7108 6.40154
9.11521 -14.3578 9.27654
11.4832 -16.1778 11.7135
14.4322 -13.8858 10.7565
12.0812 -10.8478 11.2125
11.0662 -12.0498 14.7365
14.7812 -12.6308 15.5435
15.7512 -9.10984 14.2715
12.9242 -7.57084 16.3865
13.8792 -9.51984 19.5845
17.6122 -8.60284 19.0175
16.5622 -4.91284 18.6575
14.9112 -5.10184 22.1175
18.0712 -6.68284 23.6865
20.3712 -4.12184 21.9585
18.3722 -1.14784 23.4045
18.3192 -2.34384 27.1025
21.6062 -0.590836 28.2395
20.6692 2.84216 26.7675
16.9842 2.48716 27.8075
18.3252 1.93916 31.3785
20.7972 4.88216 30.9915
17.8702 7.13316 29.9085
15.5582 5.98116 32.7985
18.3632 6.74916 35.3095
19.0172 10.1992 33.6845
15.2682 10.9962 34.1605
15.3952 9.98516 37.8855
18.7202 11.8502 38.4755

17.0622 14.9292 36.7925
14.5822 14.9142 39.7665
11.4132 13.6172 37.9755
8.71921 12.6642 40.5035
6.46621 10.3152 38.3795

6.68521 8.72016 34.8985
5.51721 5.64416 32.9275
7.88721 3.28216 31.0525
6.30121 1.21516 28.2485
7.92221 -1.93984 26.7775

6.54021 -5.24084 25.3005
9.41821 -7.78484 25.3555

9.54921 -9.46884 28.8085
13.4122 -9.26684 28.8665
13.1822 -5.40984 28.6245
10.5792 -5.22484 31.4685
12.7402 -7.65984 33.5545
16.0052 -5.67784 33.0005
14.3282 -2.29884 33.8465
12.7752 -3.72784 37.0855
16.1112 -5.36084 38.1155
18.0532 -2.05784 37.6955
15.3672 -0.0448364 39.6035
15.5852 -2.63584 42.4685
19.4472 -2.41184 42.3535

19.1592 1.44316 42.6095
16.4912 1.01116 45.4105
13.9132 2.97116 43.3085
10.3092 2.28416 44.3775

8.30621 1.29316 41.2665
5.22121 -0.674836 40.1005
5.14321 -3.39184 37.3845
2.14121 -4.49284 35.2405

2.40721 -7.21484 32.5425
0.574214 -10.3108 31.1285
1.15221 -12.2278 34.4375
-0.281786 -9.47884 36.7535
-3.79479 -10.4838 37.9425
-6.95779 -8.38784 37.2865
-7.33079 -7.27984 40.9745

-3.57279 -6.63784 41.5615
-3.58179 -4.41284 38.3945
-6.14279 -2.08084 40.0585
-4.29379 -2.13584 43.4425
-0.857786 -1.34784 41.8345
-2.59879 1.42116 39.8115
-3.93279 2.90916 43.1115
-0.455786 2.52616 44.7645
1.19221 4.54216 41.8965
-1.65579 7.14216 41.9465
-1.72979 7.70616 45.7575

1.90321 7.04316 46.8915
4.48721 9.82516 46.2055
7.29021 7.19716 46.6555
6.47921 5.19316 43.4775
8.44821 7.17416 40.8565

8.30621 4.65016 37.9435
5.54621 2.47916 36.4645
7.00821 -0.382836 34.3345
4.15221 -1.29284 31.9615
3.57821 -3.82084 29.1735

2.26621 -1.92484 26.0725
-0.162786 -4.83484 25.3635
-1.22579 -5.68384 28.9605
-1.71279 -2.08984 30.3275
-3.43479 -0.560836 27.1945
-6.89579 -1.03484 28.8825
-8.89379 -0.0788364 32.0335
-6.12679 1.68716 34.0285
-5.67779 5.45916 34.7135
-2.22479 7.00216 35.4225
-3.06179 10.7372 35.8685
-0.351786 11.0692 38.6215
2.43221 11.0042 35.9485
3.31621 13.8092 33.4515

5.76321 11.7322 31.3095
5.45421 8.56816 29.1675
8.62121 6.80116 27.8825
8.24421 4.16816 25.1385

11.4042 2.04516 25.5825
10.1952 0.0251636 22.5515
8.18421 0.828164 19.4035
4.99121 -1.13684 18.6075
3.90521 -1.69084 14.9405
0.259214 -0.718836 15.6855

-0.280786 3.05816 16.3335
-3.75379 2.51016 17.8965
-2.05279 0.643164 20.8165
0.566214 3.43916 21.2315
-2.27079 6.06716 21.3855
-4.15079 3.82716 23.9205
-0.972786 3.82016 26.1005
-0.498786 7.67116 25.8685

-4.19679 8.14616 26.8865
-3.52279 6.29916 30.1705
-1.90179 9.57916 31.4355
-3.83379 12.1012 29.2905
-7.21779 11.6082 31.1145
-9.75779 13.7822 32.9975
-7.83379 14.7242 36.1945
-4.52579 15.4962 34.3725
-3.29679 19.0962 35.0865
0.225214 19.0272 33.4735
1.32821 18.9902 29.7875

1.95021 15.3092 28.9645
5.44021 14.4882 27.6325
5.70221 11.4372 25.2975
9.26321 10.1852 24.5565
9.76721 7.50116 21.8445
13.1872 5.80616 22.3525
14.7202 4.79016 18.9495

18.1092 3.29016 17.9275
19.8102 3.80916 14.4985
20.9162 0.444164 12.9745
17.8932 -1.53084 14.3925
14.2212 -2.53084 13.7665

13.2092 1.05316 14.8455
14.5282 2.39716 11.4615
11.7482 0.389164 9.65154
9.04921 0.466164 12.3855
9.01321 4.28016 12.8055
8.20221 5.12216 9.09154
5.61721 2.23516 9.14154
3.90821 3.67216 12.2855
3.92121 7.18516 10.6685
2.22821 6.10216 7.38654
-0.372786 4.17716 9.50154
-1.21479 7.31216 11.6205
-1.57479 9.30416 8.34854
-4.04779 6.65916 6.98354
-5.96979 6.92516 10.3155
-5.95479 10.7892 10.1515
-7.18179 10.8732 6.48154

-10.0548 8.55116 7.59854
-10.8548 11.0932 10.4435
-9.77879 8.49216 13.0875
-6.75879 10.3992 14.5635
-5.58379 14.0142 15.1355
-2.12579 12.5752 15.8705
0.348214 13.7112 13.2255
3.78821 12.0392 13.6985
5.67321 13.8452 10.8095

6.67921 16.9342 12.8915
8.72721 14.7452 15.3345
11.0742 13.4282 12.5555
11.9252 16.8252 10.9965

13.1902 17.7842 14.5265
15.6752 14.8112 14.9495

End chain 1
