-13.201 -6.296 -53.957
-10.703 -3.406 -53.291
-9.54 -3.087 -49.639
-11.02 0.322 -48.639
-8.614 1.85 -46.053
-10.787 3.126 -43.162

-9.634 6.195 -41.181
-10.061 4.9 -37.589
-10.286 6.838 -34.306
-12.195 7.103 -30.979
-14.163 9.439 -28.711
-12.619 10.223 -25.263
-14.157 12.207 -22.344

-11.943 15.248 -21.466
-14.301 16.978 -18.949
-17.827 16.65 -17.399
-19.139 18.761 -20.353

-16.752 17.96 -23.312
-15.482 14.956 -25.281
-12.62 14.751 -27.824
-12.437 12.939 -31.204
-8.982 11.264 -31.393
-8.672 10.357 -35.1

-6.282 10.744 -38.079
-6.98 13.557 -40.6
-9.895 13.022 -43.051

-11.208 15.853 -45.293
-14.92 14.856 -45.011
-14.611 14.37 -41.226
-13.015 17.857 -40.827
-15.875 19.254 -42.999
-18.403 17.482 -40.669
-16.559 18.759 -37.515
-16.844 22.341 -38.957

-20.697 21.797 -39.029
-20.861 21.033 -35.24
-22.116 23.933 -33.104
-20.016 23.255 -29.939
-16.791 22.621 -31.971

-13.393 23.436 -30.391
-10.011 22.816 -32.063
-6.805 22.812 -29.99

-3.883 23.919 -32.209
-1.328 22.314 -29.773
-2.753 18.736 -29.691
-4.334 19.137 -33.217

-7.578 17.622 -31.79
-11.313 18.386 -31.995
-13.683 18.544 -28.991
-17.466 19.001 -28.65
-20.131 19.402 -25.91

-21.257 16.038 -24.476
-24.923 16.743 -25.497
-23.731 16.722 -29.178
-22.178 13.179 -28.839
-25.228 11.354 -30.322
-25.57 14.044 -33.093
-21.852 13.682 -34.021
-21.815 9.829 -34.037
-25.045 9.774 -36.128
-23.507 12.176 -38.75
-20.093 10.348 -38.803

-21.793 6.948 -39.527
-22.962 8.546 -42.834
-19.328 9.196 -43.991
-17.677 6.563 -46.261
-14.251 5.2 -45.121

-14.46 6.789 -41.562
-14.765 4.819 -38.279
-15.142 6.964 -35.114
-15.663 4.659 -32.101

-18.218 6.249 -29.657
-17.862 6.903 -25.912
-18.35 3.469 -24.195
-21.794 2.549 -22.772
-20.235 2.829 -19.255
-19.534 6.58 -19.812
-22.964 7.196 -21.431
-24.623 5.531 -18.378
-22.42 7.523 -15.909

-23.028 10.919 -17.654
-26.668 10.153 -18.714
-27.851 13.482 -17.123

-25.214 15.594 -18.963
-26 13.8 -22.296
-29.631 15.147 -21.909

-29.014 18.802 -20.797
-28.522 21.656 -23.337
-27.494 23.803 -20.296
-24.374 24.206 -18.108
-26.03 23.63 -14.722
-23.195 22.587 -12.38
-23.731 19.355 -10.334

-27.219 19.392 -8.694
-26.798 20.208 -4.988
-26.578 17.032 -2.906
-29.814 16.999 -0.82
-29.276 16.946 2.956
-30.305 13.551 4.343

-32.727 13.25 7.268
-30.389 11.851 9.975
-33.077 12.019 12.787
-33.159 8.159 12.923
-29.32 8.149 13.454
-27.82 8.306 16.969

-27.52 12.074 17.913
-23.991 11.509 19.371
-22.796 10.469 15.867
-24.731 13.185 13.93
-23.402 16.008 16.22
-19.738 14.82 15.861

-19.687 14.822 11.995
-17.445 17.587 10.586

-19.106 19.692 7.763
-17.231 17.783 4.996
-18.064 14.402 6.666
-21.796 15.407 6.677
-21.562 16.318 2.947
-19.943 12.855 2.346
-22.788 11.075 4.244
-25.363 13.084 2.191
-23.555 12.165 -1.104
-23.43 8.459 -0.115
-27.196 8.491 0.728
-28.024 10.343 -2.565

-25.973 7.645 -4.472
-28.214 5.048 -2.67
-25.512 3.7 -0.27

-23.352 2.353 -3.174
-19.956 4.118 -3.237
-16.209 4.012 -2.721
-15.295 6.541 0.021

-11.694 7.195 -1.128

-11.135 10.189 1.225
-7.504 10.605 2.377

-6.048 8.715 5.398
-7.361 9.956 8.784
-10.233 12.169 7.374
-12.706 9.981 9.408

-13.844 7.354 6.831
-15.012 5.081 9.734
-17.363 7.714 11.316
-18.876 8.506 7.854
-19.282 4.738 7.09
-21.02 4.042 10.461
-23.415 6.996 9.798
-24.247 5.855 6.195
-24.846 2.277 7.463
-26.955 3.52 10.461
-29.227 5.531 8.078

-29.9 2.058 6.507

-30.384 0.293 9.981
-33.886 -0.857 8.77
-32.05 -2.956 6.062
-29.626 -4.868 8.41
-27.981 -7.413 9.17

-24.774 -5.448 8.488
-21.551 -7.137 7.269
-18.235 -5.328 7.997
-15.132 -6.739 6.223
-11.829 -5.357 7.603

-8.05 -6.016 7.986
-7.416 -8.82 10.567
-5.856 -6.305 13.093
-8.689 -3.64 13.199

-11.758 -5.868 14.003
-11.895 -4.753 17.675
-11.154 -1.102 16.63
-14.365 -1.304 14.506
-16.414 -2.897 17.375
-15.268 -0.08 19.729
-16.109 2.476 16.969
-19.722 1.111 16.76
-20.082 1.14 20.611
-18.596 4.7 20.723
-20.823 6.195 17.978

-24.121 4.191 18.24
-24.851 3.95 22.056
-28.388 2.791 20.948
-26.764 -0.701 20.406
-26.03 -3.285 23.117

-22.632 -5.104 22.857
-24.638 -8.32 22.08
-25.78 -6.667 18.791

-22.091 -6.816 17.576
-20.505 -10.124 16.488
-16.681 -10.041 16.081

-15.702 -13.116 14.035
-12.316 -14.303 15.372
-12.201 -17.837 13.813
-13.405 -19.799 10.735
-15.769 -21.82 13.07
-17.788 -18.808 14.317
-21.352 -17.917 13.159
-21.075 -14.973 10.701
-24.816 -14.102 11.273
-24.919 -14.166 15.127
-25.108 -10.332 15.536
-27.08 -7.466 13.995

-23.588 -6.14 13.038
-21.065 -8.833 11.965
-17.336 -7.898 11.803
-15.009 -10.302 9.887
-11.529 -10.295 8.291

-10.658 -10.74 4.577
-8.757 -14.009 5.375
-11.833 -15.546 7.113
-14.3 -14.769 4.222

-12.926 -17.715 2.14
-13.287 -20.073 5.183
-16.843 -18.74 5.845
-18.014 -18.815 2.139
-20.731 -21.415 3.044
-22.243 -18.836 5.512
-21.955 -15.894 2.989
-25.071 -17.433 1.278
-27.188 -15.451 3.825
-28.094 -12.137 2.052
-26.367 -9.235 3.842
-28.236 -6.215 2.36

-25.704 -3.677 3.792
-21.936 -4.298 3.429
-19.007 -2.145 4.602
-15.517 -3.11 3.36

-11.7674 -3.76802 3.4448
-9.28516 -0.831859 2.92218

-11.6268 1.31827 5.00469
-8.75668 2.48025 7.20817
-6.67545 3.41738 4.16956
-9.5524 5.4149 2.69444

-7.3364 6.8449 -0.183561
-6.6394 3.3719 -1.74056
-9.6914 1.2979 -2.86556
-7.7724 -2.0671 -2.76756
-7.1644 -1.8351 1.03144

-9.3294 -3.9881 3.36244
-10.3464 -0.841102 5.38344
-11.6104 0.871898 2.17744
-13.3644 -2.3121 0.864439
-15.2394 -2.6241 4.22244
-16.0914 1.1439 4.53844
-17.2434 1.9279 0.945439
-20.4784 -0.242102 0.867439
-21.7394 1.4949 4.07144
-20.7824 5.0089 2.80644
-22.6714 4.4549 -0.515561
-25.9264 3.3539 1.29444

-25.8504 5.6369 4.40544
-28.1504 8.7389 4.16644

-25.6044 11.1649 5.76644
-21.7974 10.9339 5.24144
-19.5474 13.3579 7.16044
-15.9234 12.8239 6.04744
-13.2054 14.7599 7.95844

-9.5174 15.3459 7.05144
-6.7764 17.9929 7.44344
-5.0684 16.5819 4.33344
-7.7804 15.0589 2.03844
-5.0414 14.2599 -0.474561
-1.6224 13.3249 0.993439
0.400604 13.5539 -2.28556
-1.7384 13.0959 -5.49356

-5.2644 13.6929 -7.01356
-5.9234 9.8849 -7.23056
-6.1804 9.7629 -3.35256
-9.3974 11.9109 -3.50856
-11.4064 9.4349 -5.65756
-12.6824 7.2549 -2.74356
-13.7594 10.3889 -0.772561
-15.5164 11.8749 -3.88756
-17.5374 8.6429 -4.50556
-18.3234 8.3549 -0.743561
-19.8824 11.8979 -0.725561

-21.3854 11.6269 -4.30156
-21.7704 7.9109 -5.38656
-22.9504 9.0299 -8.90956
-19.7134 10.9909 -9.63756
-17.1154 9.0449 -11.7216
-18.6784 5.4959 -11.3586
-15.3544 4.0639 -12.7006

-11.8794 5.2619 -11.5586
-10.4974 5.2589 -15.1616
-12.6444 8.3139 -16.1596
-11.3434 10.2499 -13.0886
-7.7434 9.0819 -13.7976
-7.8064 10.1189 -17.5136
-9.0164 13.6469 -16.5596
-7.1814 14.4609 -13.2716

-4.2884 11.9299 -12.8936
-2.6294 12.4129 -16.3716
-3.2774 8.7039 -16.9876

-0.700396 7.0569 -19.3186
-0.949396 3.7089 -21.1606
2.3306 1.8659 -20.4036

3.3266 -1.6161 -21.8316
2.2766 -3.1831 -18.4446

-1.0794 -1.2901 -18.0376
-2.2434 2.1929 -16.9436
-0.153396 4.6179 -14.8616

-2.1644 7.0889 -12.6676
0.766604 8.7049 -10.7086
0.435604 12.0319 -12.6016
-1.7834 15.1189 -12.2556
-3.9114 17.1789 -14.6946
-6.6664 19.8739 -14.7726

-6.2064 20.5909 -10.9976
-8.0374 23.9889 -11.0966
-11.1374 22.2129 -12.5536
-10.8124 19.4989 -9.84956
-10.6314 22.2669 -7.15656
-13.8394 23.9049 -8.52556
-15.6724 20.5099 -8.63456
-14.5604 19.6869 -5.04756
-15.6194 23.0849 -3.56056
-19.0214 23.1349 -5.37356
-20.1984 19.5259 -4.83856

-17.9674 17.5239 -2.37256

-15.8344 19.5819 0.0114395
-15.8924 22.4759 2.48244

-12.2894 23.7179 3.01544
-10.9824 26.7189 5.00444
-7.4074 27.5539 5.97844

-5.8814 29.0379 9.20644
-5.2704 32.2419 7.18444
-9.0254 32.4909 6.28444
-10.4654 32.1209 9.84444

-7.6544 32.6159 12.4664
-5.6934 35.8509 11.6354
-4.2794 35.6139 15.2354
-2.2744 32.3459 14.8194

1.5246 33.0399 14.8044
3.2776 32.3059 11.4804

4.9336 28.9359 10.7374
8.5496 29.7839 9.75944
10.0866 26.8939 7.75744
13.7656 26.3959 6.81044
16.1276 23.7869 5.40844
19.1686 23.0919 7.64944
21.9876 21.5379 5.59444

23.7676 19.3369 8.18544
27.4826 19.1559 7.37544

28.4666 15.9249 5.45244
32.0816 16.3959 6.78044
31.0436 14.2039 9.80244

30.0026 11.4149 7.31744
33.1406 9.2339 7.38344

34.6466 7.9609 4.08544
33.3346 4.3429 4.62644
29.7126 5.5409 5.17744
29.9896 7.8709 2.11644
31.4186 5.0259 -0.0355605
28.4806 2.8089 1.14944
25.9346 5.5439 0.151439
27.7316 5.9419 -3.23856
27.6446 2.1159 -3.66956
23.8716 1.8069 -2.92156
23.1836 4.8589 -5.18956
25.1386 3.1829 -8.07656
23.3646 -0.130102 -7.28556
19.8676 1.4219 -7.86956
20.9586 2.7529 -11.3406

22.4386 -0.577102 -12.5926
20.6086 -1.6751 -15.7976
20.7496 -5.4551 -15.2626
18.8786 -5.6161 -11.8776
15.3056 -6.8441 -11.3706

12.5096 -4.4571 -10.2166
12.8286 -6.1191 -6.75356
16.6506 -5.6601 -6.46456
16.0996 -1.9581 -7.43556
13.5106 -1.6051 -4.56056
15.8786 -3.4251 -2.12356
18.8276 -1.1331 -3.08056
16.4766 1.9049 -2.62456
15.4616 0.702898 0.899439
19.1766 0.121898 1.70644
20.1466 3.6429 0.434439
17.3196 5.1819 2.54944
18.2746 3.2329 5.74744
22.0076 4.1499 5.18044
20.9576 7.8399 4.82044
19.3066 7.6509 8.28044
22.4666 6.0699 9.84944
24.7666 8.6309 8.12144
22.7676 11.6049 9.56744
22.7146 10.4089 13.2654
26.0016 12.1619 14.4024
25.0646 15.5949 12.9304
21.3796 15.2399 13.9704
22.7206 14.6919 17.5414
25.1926 17.6349 17.1544
22.2656 19.8859 16.0714
19.9536 18.7339 18.9614
22.7586 19.5019 21.4724
23.4126 22.9519 19.8474
19.6636 23.7489 20.3234
19.7906 22.7379 24.0484
23.1156 24.6029 24.6384

21.4576 27.6819 22.9554
18.9776 27.6669 25.9294
15.8086 26.3699 24.1384
13.1146 25.4169 26.6664
10.8616 23.0679 24.5424

11.0806 21.4729 21.0614
9.9126 18.3969 19.0904
12.2826 16.0349 17.2154
10.6966 13.9679 14.4114
12.3176 10.8129 12.9404

10.9356 7.5119 11.4634
13.8136 4.9679 11.5184

13.9446 3.2839 14.9714
17.8076 3.4859 15.0294
17.5776 7.3429 14.7874
14.9746 7.5279 17.6314
17.1356 5.0929 19.7174
20.4006 7.0749 19.1634
18.7236 10.4539 20.0094
17.1706 9.0249 23.2484
20.5066 7.3919 24.2784
22.4486 10.6949 23.8584
19.7626 12.7079 25.7664
19.9806 10.1169 28.6314
23.8426 10.3409 28.5164

23.5546 14.1959 28.7724
20.8866 13.7639 31.5734
18.3086 15.7239 29.4714
14.7046 15.0369 30.5404

12.7016 14.0459 27.4294
9.6166 12.0779 26.2634
9.5386 9.3609 23.5474
6.5366 8.2599 21.4034

6.8026 5.5379 18.7054
4.9696 2.4419 17.2914
5.5476 0.524898 20.6004
4.1136 3.2739 22.9164
0.600604 2.2689 24.1054
-2.5624 4.3649 23.4494
-2.9354 5.4729 27.1374

0.822604 6.1149 27.7244
0.813604 8.3399 24.5574
-1.7474 10.6719 26.2214
0.101604 10.6169 29.6054
3.5376 11.4049 27.9974
1.7966 14.1739 25.9744
0.462604 15.6619 29.2744
3.9396 15.2789 30.9274
5.5876 17.2949 28.0594
2.7396 19.8949 28.1094
2.6656 20.4589 31.9204

6.2986 19.7959 33.0544
8.8826 22.5779 32.3684
11.6856 19.9499 32.8184
10.8746 17.9459 29.6404
12.8436 19.9269 27.0194

12.7016 17.4029 24.1064
9.9416 15.2319 22.6274
11.4036 12.3699 20.4974
8.5476 11.4599 18.1244
7.9736 8.9319 15.3364

6.6616 10.8279 12.2354
4.2326 7.9179 11.5264
3.1696 7.0689 15.1234
2.6826 10.6629 16.4904
0.960604 12.1919 13.3574
-2.5004 11.7179 15.0454
-4.4984 12.6739 18.1964
-1.7314 14.4399 20.1914
-1.2824 18.2119 20.8764
2.1706 19.7549 21.5854
1.3336 23.4899 22.0314
4.0436 23.8219 24.7844
6.8276 23.7569 22.1114
7.7116 26.5619 19.6144

10.1586 24.4849 17.4724
9.8496 21.3209 15.3304
13.0166 19.5539 14.0454
12.6396 16.9209 11.3014

15.7996 14.7979 11.7454
14.5906 12.7779 8.71444
12.5796 13.5809 5.56644
9.3866 11.6159 4.77044
8.3006 11.0619 1.10344
4.6546 12.0339 1.84844

4.1146 15.8109 2.49644
0.641604 15.2629 4.05944
2.3426 13.3959 6.97944
4.9616 16.1919 7.39444
2.1246 18.8199 7.54844
0.244604 16.5799 10.0834
3.4226 16.5729 12.2634
3.8966 20.4239 12.0314

0.198604 20.8989 13.0494
0.872604 19.0519 16.3334
2.4936 22.3319 17.5984
0.561604 24.8539 15.4534
-2.8224 24.3609 17.2774
-5.3624 26.5349 19.1604
-3.4384 27.4769 22.3574
-0.130396 28.2489 20.5354
1.0986 31.8489 21.2494
4.6206 31.7799 19.6364
5.7236 31.7429 15.9504

6.3456 28.0619 15.1274
9.8356 27.2409 13.7954
10.0976 24.1899 11.4604
13.6586 22.9379 10.7194
14.1626 20.2539 8.00744
17.5826 18.5589 8.51544
19.1156 17.5429 5.11244

22.5046 16.0429 4.09044
24.2056 16.5619 0.661439
25.3116 13.1969 -0.862561
22.2886 11.2219 0.555439
18.6166 10.2219 -0.0705605

17.6046 13.8059 1.00844
18.9236 15.1499 -2.37556
16.1436 13.1419 -4.18556
13.4446 13.2189 -1.45156
13.4086 17.0329 -1.03156
12.5976 17.8749 -4.74556
10.0126 14.9879 -4.69556
8.3036 16.4249 -1.55156
8.3166 19.9379 -3.16856
6.6236 18.8549 -6.45056
4.0226 16.9299 -4.33556
3.1806 20.0649 -2.21656
2.8206 22.0569 -5.48856
0.347604 19.4119 -6.85356
-1.5744 19.6779 -3.52156
-1.5594 23.5419 -3.68556
-2.7864 23.6259 -7.35556

-5.6594 21.3039 -6.23856
-6.4594 23.8459 -3.39356
-5.3834 21.2449 -0.749561
-2.3634 23.1519 0.726439
-1.1884 26.7669 1.29844
2.2696 25.3279 2.03344
4.7436 26.4639 -0.611561
8.1836 24.7919 -0.138561
10.0686 26.5979 -3.02756

11.0746 29.6869 -0.945561
13.1226 27.4979 1.49744
15.4696 26.1809 -1.28156
16.3206 29.5779 -2.84056

17.5856 30.5369 0.689439
20.0706 27.5639 1.11244

End chain 1
