-13.201 -6.296 -53.957
-10.703 -3.406 -53.291
-9.54 -3.087 -49.639
-11.02 0.322 -48.639
-8.614 1.85 -46.053
-10.787 3.126 -43.162

-9.634 6.195 -41.181
-10.061 4.9 -37.589
-10.286 6.838 -34.306
-12.195 7.103 -30.979
-14.163 9.439 -28.711
-12.619 10.223 -25.263
-14.157 12.207 -22.344

-11.943 15.248 -21.466
-14.301 16.978 -18.949
-17.827 16.65 -17.399
-19.139 18.761 -20.353

-16.752 17.96 -23.312
-15.482 14.956 -25.281
-12.62 14.751 -27.824
-12.437 12.939 -31.204
-8.982 11.264 -31.393
-8.672 10.357 -35.1

-6.282 10.744 -38.079
-6.98 13.557 -40.6
-9.895 13.022 -43.051

-11.208 15.853 -45.293
-14.92 14.856 -45.011
-14.611 14.37 -41.226
-13.015 17.857 -40.827
-15.875 19.254 -42.999
-18.403 17.482 -40.669
-16.559 18.759 -37.515
-16.844 22.341 -38.957

-20.697 21.797 -39.029
-20.861 21.033 -35.24
-22.116 23.933 -33.104
-20.016 23.255 -29.939
-16.791 22.621 -31.971

-13.393 23.436 -30.391
-10.011 22.816 -32.063
-6.805 22.812 -29.99

-3.883 23.919 -32.209
-1.328 22.314 -29.773
-2.753 18.736 -29.691
-4.334 19.137 -33.217

-7.578 17.622 -31.79
-11.313 18.386 -31.995
-13.683 18.544 -28.991
-17.466 19.001 -28.65
-20.131 19.402 -25.91

-21.257 16.038 -24.476
-24.923 16.743 -25.497
-23.731 16.722 -29.178
-22.178 13.179 -28.839
-25.228 11.354 -30.322
-25.57 14.044 -33.093
-21.852 13.682 -34.021
-21.815 9.829 -34.037
-25.045 9.774 -36.128
-23.507 12.176 -38.75
-20.093 10.348 -38.803

-21.793 6.948 -39.527
-22.962 8.546 -42.834
-19.328 9.196 -43.991
-17.677 6.563 -46.261
-14.251 5.2 -45.121

-14.46 6.789 -41.562
-14.765 4.819 -38.279
-15.142 6.964 -35.114
-15.663 4.659 -32.101

-18.218 6.249 -29.657
-17.862 6.903 -25.912
-18.35 3.469 -24.195
-21.794 2.549 -22.772
-20.235 2.829 -19.255
-19.534 6.58 -19.812
-22.964 7.196 -21.431
-24.623 5.531 -18.378
-22.42 7.523 -15.909

-23.028 10.919 -17.654
-26.668 10.153 -18.714
-27.851 13.482 -17.123

-25.214 15.594 -18.963
-26 13.8 -22.296
-29.631 15.147 -21.909

-28.6796 18.7679 -21.2949
-28.6425 22.1565 -19.4269
-25.2216 22.569 -18.0734
-23.4312 20.5708 -20.7964
-25.3062 22.1842 -23.5702
-23.9478 25.3827 -22.2534
-20.3008 24.409 -21.5742

-17.4187 23.2682 -19.3753
-19.7531 21.1594 -17.2429
-21.2392 19.5111 -20.328
-17.7815 18.6828 -21.6699
-16.7606 17.1305 -18.3546
-19.9006 14.991 -18.2789

-22.3226 14.69 -15.3539
-19.9846 13.291 -12.6469
-22.6726 13.459 -9.8349
-22.7546 9.59895 -9.6989
-18.9156 9.58895 -9.1679
-17.4156 9.74595 -5.6529

-17.1156 13.514 -4.7089
-13.5866 12.949 -3.2509
-12.3916 11.909 -6.7549
-14.3266 14.625 -8.6919
-12.9976 17.448 -6.4019
-9.3336 16.26 -6.7609

-9.2826 16.262 -10.6269
-7.0406 19.027 -12.0359

-8.7016 21.132 -14.8589
-6.8266 19.223 -17.6259
-7.6596 15.842 -15.9559
-11.3916 16.847 -15.9449
-11.1576 17.758 -19.6749
-9.5386 14.295 -20.2759
-12.3836 12.515 -18.3779
-14.9586 14.524 -20.4309
-13.1506 13.605 -23.7259
-13.0256 9.89895 -22.7369
-16.7916 9.93095 -21.8939
-17.6196 11.783 -25.1869

-15.5686 9.08495 -27.0939
-17.8096 6.48795 -25.2919
-15.1076 5.13995 -22.8919

-12.9476 3.79295 -25.7959
-9.5516 5.55795 -25.8589
-5.8046 5.45195 -25.3429
-4.8906 7.98095 -22.6009

-1.2896 8.63495 -23.7499

-0.730603 11.629 -21.3969
2.9004 12.045 -20.2449

4.3564 10.155 -17.2239
3.0434 11.396 -13.8379
0.171397 13.609 -15.2479
-2.3016 11.421 -13.2139

-3.4396 8.79395 -15.7909
-4.6076 6.52095 -12.8879
-6.9586 9.15395 -11.3059
-8.4716 9.94595 -14.7679
-8.8776 6.17795 -15.5319
-10.6156 5.48195 -12.1609
-13.0106 8.43595 -12.8239
-13.8426 7.29495 -16.4269
-14.4416 3.71695 -15.1589
-16.5506 4.95995 -12.1609
-18.8226 6.97095 -14.5439

-19.4956 3.49795 -16.1149

-19.9796 1.73295 -12.6409
-23.4816 0.582955 -13.8519
-21.6456 -1.51605 -16.5599
-19.2216 -3.42805 -14.2119
-17.5766 -5.97305 -13.4519

-14.3696 -4.00805 -14.1339
-11.1466 -5.69705 -15.3529
-7.8306 -3.88805 -14.6249
-4.7276 -5.29905 -16.3989
-1.4246 -3.91705 -15.0189

2.3544 -4.57605 -14.6359
2.9884 -7.38005 -12.0549
4.5484 -4.86505 -9.5289
1.7154 -2.20005 -9.4229

-1.3536 -4.42805 -8.6189
-1.4906 -3.31305 -4.9469
-0.749603 0.337955 -5.9919
-3.9606 0.135955 -8.1159
-6.0096 -1.45705 -5.2469
-4.8636 1.35995 -2.8929
-5.7046 3.91595 -5.6529
-9.3176 2.55095 -5.8619
-9.6776 2.57995 -2.0109
-8.1916 6.13995 -1.8989
-10.4186 7.63495 -4.6439

-13.7166 5.63095 -4.3819
-14.4466 5.38995 -0.565904
-17.9836 4.23095 -1.6739
-16.3596 0.738955 -2.2159
-15.6256 -1.84505 0.495096

-12.2276 -3.66405 0.235096
-14.2336 -6.88005 -0.541904
-15.3756 -5.22705 -3.8309

-11.6866 -5.37605 -5.0459
-10.1006 -8.68405 -6.1339
-6.2766 -8.60105 -6.5409

-5.2976 -11.676 -8.5869
-1.9116 -12.863 -7.2499
-1.7966 -16.397 -8.8089
-3.0006 -18.359 -11.8869
-5.3646 -20.38 -9.5519
-7.3836 -17.368 -8.3049
-10.9476 -16.477 -9.4629
-10.6706 -13.533 -11.9209
-14.4116 -12.662 -11.3489
-14.5146 -12.726 -7.4949
-14.7036 -8.89205 -7.0859
-16.6756 -6.02605 -8.6269

-13.1836 -4.70005 -9.5839
-10.6606 -7.39305 -10.6569
-6.9316 -6.45805 -10.8189
-4.6046 -8.86205 -12.7349
-1.1246 -8.85505 -14.3309

-0.253603 -9.30005 -18.0449
1.6474 -12.569 -17.2469
-1.4286 -14.106 -15.5089
-3.8956 -13.329 -18.3999

-2.5216 -16.275 -20.4819
-2.8826 -18.633 -17.4389
-6.4386 -17.3 -16.7769
-7.6096 -17.375 -20.4829
-10.3266 -19.975 -19.5779
-11.8386 -17.396 -17.1099
-11.5506 -14.454 -19.6329
-14.6666 -15.993 -21.3439
-16.7836 -14.011 -18.7969
-17.6896 -10.697 -20.5699
-15.9626 -7.79505 -18.7799
-17.8316 -4.77505 -20.2619

-15.2996 -2.23705 -18.8299
-11.5316 -2.85805 -19.1929
-8.6026 -0.705045 -18.0199
-5.1126 -1.67005 -19.2619

-2.2576 0.202955 -17.5629
1.0634 0.574955 -19.4709

-0.661603 -0.912045 -22.5909
2.6394 -0.767045 -24.5899
3.1524 -4.30205 -23.0779
0.630397 -5.42605 -25.7979

2.8464 -3.99605 -28.6759
3.5434 -7.46905 -30.2329
0.491397 -9.54305 -31.3579
2.4104 -12.908 -31.2599
3.0184 -12.676 -27.4609

0.853397 -14.829 -25.1299
-0.163603 -11.682 -23.1089
-1.4276 -9.96905 -26.3149
-3.1816 -13.153 -27.6279
-5.0566 -13.465 -24.2699
-5.9086 -9.69705 -23.9539
-7.0606 -8.91305 -27.5469
-10.2956 -11.083 -27.6249
-11.5566 -9.34605 -24.4209
-10.5996 -5.83205 -25.6859
-12.4886 -6.38605 -29.0079
-15.7436 -7.48705 -27.1979

-15.6676 -5.20405 -24.0869
-17.9676 -2.10205 -24.3259

-15.4216 0.323955 -22.7259
-11.6146 0.0929546 -23.2509
-9.3646 2.51695 -21.3319
-5.7406 1.98295 -22.4449
-3.0226 3.91895 -20.5339

0.665397 4.50495 -21.4409
3.4064 7.15195 -21.0489
5.1144 5.74095 -24.1589
2.4024 4.21795 -26.4539
5.1414 3.41895 -28.9669
8.5604 2.48395 -27.4989
10.5834 2.71295 -30.7779
8.4444 2.25495 -33.9859

4.9184 2.85195 -35.5059
4.2594 -0.956045 -35.7229
4.0024 -1.07805 -31.8449
0.785397 1.06995 -32.0009
-1.2236 -1.40605 -34.1499
-2.4996 -3.58605 -31.2359
-3.5766 -0.452045 -29.2649
-5.3336 1.03395 -32.3799
-7.3546 -2.19805 -32.9979
-8.1406 -2.48605 -29.2359
-9.6996 1.05695 -29.2179

-11.2026 0.785955 -32.7939
-11.5876 -2.93005 -33.8789
-12.7676 -1.81105 -37.4019
-9.5306 0.149955 -38.1299
-6.9326 -1.79605 -40.2139
-8.4956 -5.34505 -39.8509
-5.1716 -6.77705 -41.1929

-1.6966 -5.57905 -40.0509
-0.314603 -5.58205 -43.6539
-2.4616 -2.52705 -44.6519
-1.1606 -0.591045 -41.5809
2.4394 -1.75905 -42.2899
2.3764 -0.722045 -46.0059
1.1664 2.80595 -45.0519
3.0014 3.61995 -41.7639

5.8944 1.08895 -41.3859
7.5534 1.57195 -44.8639
6.9054 -2.13705 -45.4799

9.4824 -3.78405 -47.8109
9.2334 -7.13205 -49.6529
12.5134 -8.97505 -48.8959

13.5094 -12.457 -50.3239
12.4594 -14.024 -46.9369

9.1034 -12.131 -46.5299
7.9394 -8.64805 -45.4359
10.0294 -6.22305 -43.3539

8.0184 -3.75205 -41.1599
10.9494 -2.13605 -39.2009
10.6184 1.19095 -41.0939
8.3994 4.27795 -40.7479
6.2714 6.33795 -43.1869
3.5164 9.03295 -43.2649

3.9764 9.74995 -39.4899
2.1454 13.148 -39.5889
-0.954603 11.372 -41.0459
-0.629603 8.65795 -38.3419
-0.448603 11.426 -35.6489
-3.6566 13.064 -37.0179
-5.4896 9.66895 -37.1269
-4.3776 8.84595 -33.5399
-5.4366 12.244 -32.0529
-8.8386 12.294 -33.8659
-10.0156 8.68495 -33.3309

-7.7846 6.68295 -30.8649

-5.6516 8.74095 -28.4809
-5.7096 11.635 -26.0099

-2.1066 12.877 -25.4769
-0.799603 15.878 -23.4879
2.7754 16.713 -22.5139

4.3014 18.197 -19.2859
4.9124 21.401 -21.3079
1.1574 21.65 -22.2079
-0.282603 21.28 -18.6479

2.5284 21.775 -16.0259
4.4894 25.01 -16.8569
5.9034 24.773 -13.2569
7.9084 21.505 -13.6729

11.7074 22.199 -13.6879
13.4604 21.465 -17.0119

15.1164 18.095 -17.7549
18.7324 18.943 -18.7329
20.2694 16.053 -20.7349
23.9484 15.555 -21.6819
26.3104 12.946 -23.0839
29.3514 12.251 -20.8429
32.1704 10.697 -22.8979

33.9504 8.49595 -20.3069
37.6654 8.31495 -21.1169

38.6494 5.08395 -23.0399
42.2644 5.55495 -21.7119
41.2264 3.36295 -18.6899

40.1854 0.573955 -21.1749
43.3234 -1.60705 -21.1089

44.8294 -2.88005 -24.4069
43.5174 -6.49805 -23.8659
39.8954 -5.30005 -23.3149
40.1724 -2.97005 -26.3759
41.6014 -5.81505 -28.5279
38.6634 -8.03205 -27.3429
36.1174 -5.29705 -28.3409
37.9144 -4.89905 -31.7309
37.8274 -8.72505 -32.1619
34.0544 -9.03405 -31.4139
33.3664 -5.98205 -33.6819
35.3214 -7.65805 -36.5689
33.5474 -10.971 -35.7779
30.0504 -9.41905 -36.3619
31.1414 -8.08805 -39.8329

32.6214 -11.418 -41.0849
30.7914 -12.516 -44.2899
30.9324 -16.296 -43.7549
29.0614 -16.457 -40.3699
25.4884 -17.685 -39.8629

22.6924 -15.298 -38.7089
23.0114 -16.96 -35.2459
26.8334 -16.501 -34.9569
26.2824 -12.799 -35.9279
23.6934 -12.446 -33.0529
26.0614 -14.266 -30.6159
29.0104 -11.974 -31.5729
26.6594 -8.93605 -31.1169
25.6444 -10.138 -27.5929
29.3594 -10.719 -26.7859
30.3294 -7.19805 -28.0579
27.5024 -5.65905 -25.9429
28.4574 -7.60805 -22.7449
32.1904 -6.69105 -23.3119
31.1404 -3.00105 -23.6719
29.4894 -3.19005 -20.2119
32.6494 -4.77105 -18.6429
34.9494 -2.21005 -20.3709
32.9504 0.763955 -18.9249
32.8974 -0.432045 -15.2269
36.1844 1.32095 -14.0899
35.2474 4.75395 -15.5619
31.5624 4.39895 -14.5219
32.9034 3.85095 -10.9509
35.3754 6.79395 -11.3379
32.4484 9.04495 -12.4209
30.1364 7.89295 -9.5309
32.9414 8.66095 -7.0199
33.5954 12.111 -8.6449
29.8464 12.908 -8.1689
29.9734 11.897 -4.4439
33.2984 13.762 -3.8539

31.6404 16.841 -5.5369
29.1604 16.826 -2.5629
25.9914 15.529 -4.3539
23.2974 14.576 -1.8259
21.0444 12.227 -3.9499

21.2634 10.632 -7.4309
20.0954 7.55595 -9.4019
22.4654 5.19395 -11.2769
20.8794 3.12695 -14.0809
22.5004 -0.0280454 -15.5519

21.1184 -3.32905 -17.0289
23.9964 -5.87305 -16.9739

24.1274 -7.55705 -13.5209
27.9904 -7.35505 -13.4629
27.7604 -3.49805 -13.7049
25.1574 -3.31305 -10.8609
27.3184 -5.74805 -8.7749
30.5834 -3.76605 -9.3289
28.9064 -0.387045 -8.4829
27.3534 -1.81605 -5.2439
30.6894 -3.44905 -4.2139
32.6314 -0.146045 -4.6339
29.9454 1.86695 -2.7259
30.1634 -0.724045 0.139096
34.0254 -0.500045 0.0240956

33.7374 3.35495 0.280096
31.0694 2.92295 3.0811
28.4914 4.88295 0.979096
24.8874 4.19595 2.0481

22.8844 3.20495 -1.0629
19.7994 1.23695 -2.2289
19.7214 -1.48005 -4.9449
16.7194 -2.58105 -7.0889

16.9854 -5.30305 -9.7869
15.1524 -8.39905 -11.2009
15.7304 -10.316 -7.8919
14.2964 -7.56705 -5.5759
10.7834 -8.57205 -4.3869
7.6204 -6.47605 -5.0429
7.2474 -5.36805 -1.3549

11.0054 -4.72605 -0.767904
10.9964 -2.50105 -3.9349
8.4354 -0.169045 -2.2709
10.2844 -0.224045 1.1131
13.7204 0.563955 -0.494904
11.9794 3.33295 -2.5179
10.6454 4.82095 0.782096
14.1224 4.43795 2.4351
15.7704 6.45395 -0.432904
12.9224 9.05395 -0.382904
12.8484 9.61795 3.4281

16.4814 8.95495 4.5621
19.0654 11.737 3.8761
21.8684 9.10895 4.3261
21.0574 7.10495 1.1481
23.0264 9.08595 -1.4729

22.8844 6.56195 -4.3859
20.1244 4.39095 -5.8649
21.5864 1.52895 -7.9949
18.7304 0.618955 -10.3679
18.1564 -1.90905 -13.1559

16.8444 -0.0130454 -16.2569
14.4154 -2.92305 -16.9659
13.3524 -3.77205 -13.3689
12.8654 -0.178045 -12.0019
11.1434 1.35095 -15.1349
7.6824 0.876955 -13.4469
5.6844 1.83295 -10.2959
8.4514 3.59895 -8.3009
8.9004 7.37095 -7.6159
12.3534 8.91395 -6.9069
11.5164 12.649 -6.4609
14.2264 12.981 -3.7079
17.0104 12.916 -6.3809
17.8944 15.721 -8.8779

20.3414 13.644 -11.0199
20.0324 10.48 -13.1619
23.1994 8.71295 -14.4469
22.8224 6.07995 -17.1909

25.9824 3.95695 -16.7469
24.7734 1.93695 -19.7779
22.7624 2.73995 -22.9259
19.5694 0.774955 -23.7219
18.4834 0.220955 -27.3889
14.8374 1.19295 -26.6439

14.2974 4.96995 -25.9959
10.8244 4.42195 -24.4329
12.5254 2.55495 -21.5129
15.1444 5.35095 -21.0979
12.3074 7.97895 -20.9439
10.4274 5.73895 -18.4089
13.6054 5.73195 -16.2289
14.0794 9.58295 -16.4609

10.3814 10.058 -15.4429
11.0554 8.21095 -12.1589
12.6764 11.491 -10.8939
10.7444 14.013 -13.0389
7.3604 13.52 -11.2149
4.8204 15.694 -9.3319
6.7444 16.636 -6.1349
10.0524 17.408 -7.9569
11.2814 21.008 -7.2429
14.8034 20.939 -8.8559
15.9064 20.902 -12.5419

16.5284 17.221 -13.3649
20.0184 16.4 -14.6969
20.2804 13.349 -17.0319
23.8414 12.097 -17.7729
24.3454 9.41295 -20.4849
27.7654 7.71795 -19.9769
29.2984 6.70195 -23.3799

32.6874 5.20195 -24.4019
34.3884 5.72095 -27.8309
35.4944 2.35595 -29.3549
32.4714 0.380955 -27.9369
28.7994 -0.619045 -28.5629

27.7874 2.96495 -27.4839
29.1064 4.30895 -30.8679
26.3264 2.30095 -32.6779
23.6274 2.37795 -29.9439
23.5914 6.19195 -29.5239
22.7804 7.03395 -33.2379
20.1954 4.14695 -33.1879
18.4864 5.58395 -30.0439
18.4994 9.09695 -31.6609
16.8064 8.01395 -34.9429
14.2054 6.08895 -32.8279
13.3634 9.22395 -30.7089
13.0034 11.216 -33.9809
10.5304 8.57095 -35.3459
8.6084 8.83695 -32.0139
8.6234 12.701 -32.1779
7.3964 12.785 -35.8479

4.5234 10.463 -34.7309
3.7234 13.005 -31.8859
4.7994 10.404 -29.2419
7.8194 12.311 -27.7659
8.9944 15.926 -27.1939
12.4524 14.487 -26.4589
14.9264 15.623 -29.1039
18.3664 13.951 -28.6309
20.2514 15.757 -31.5199

21.2574 18.846 -29.4379
23.3054 16.657 -26.9949
25.6524 15.34 -29.7739
26.5034 18.737 -31.3329

27.7684 19.696 -27.8029
30.2534 16.723 -27.3799

End chain 1
