-13.201 -6.296 -53.957
-10.703 -3.406 -53.291
-9.54 -3.087 -49.639
-11.02 0.322 -48.639
-8.614 1.85 -46.053
-10.787 3.126 -43.162

-9.634 6.195 -41.181
-10.061 4.9 -37.589
-10.286 6.838 -34.306
-12.195 7.103 -30.979
-14.163 9.439 -28.711
-12.619 10.223 -25.263
-14.157 12.207 -22.344

-11.943 15.248 -21.466
-14.301 16.978 -18.949
-17.827 16.65 -17.399
-19.139 18.761 -20.353

-16.752 17.96 -23.312
-15.482 14.956 -25.281
-12.62 14.751 -27.824
-12.437 12.939 -31.204
-8.982 11.264 -31.393
-8.672 10.357 -35.1

-6.282 10.744 -38.079
-6.98 13.557 -40.6
-9.895 13.022 -43.051

-11.208 15.853 -45.293
-14.92 14.856 -45.011
-14.611 14.37 -41.226
-13.015 17.857 -40.827
-15.875 19.254 -42.999
-18.403 17.482 -40.669
-16.559 18.759 -37.515
-16.844 22.341 -38.957

-20.697 21.797 -39.029
-20.861 21.033 -35.24
-22.116 23.933 -33.104
-20.016 23.255 -29.939
-16.791 22.621 -31.971

-13.393 23.436 -30.391
-10.011 22.816 -32.063
-6.805 22.812 -29.99

-3.883 23.919 -32.209
-1.328 22.314 -29.773
-2.753 18.736 -29.691
-4.334 19.137 -33.217

-7.578 17.622 -31.79
-11.313 18.386 -31.995
-13.683 18.544 -28.991
-17.466 19.001 -28.65
-20.131 19.402 -25.91

-21.257 16.038 -24.476
-24.923 16.743 -25.497
-23.731 16.722 -29.178
-22.178 13.179 -28.839
-25.228 11.354 -30.322
-25.57 14.044 -33.093
-21.852 13.682 -34.021
-21.815 9.829 -34.037
-25.045 9.774 -36.128
-23.507 12.176 -38.75
-20.093 10.348 -38.803

-21.793 6.948 -39.527
-22.962 8.546 -42.834
-19.328 9.196 -43.991
-17.677 6.563 -46.261
-14.251 5.2 -45.121

-14.46 6.789 -41.562
-14.765 4.819 -38.279
-15.142 6.964 -35.114
-15.663 4.659 -32.101

-18.218 6.249 -29.657
-17.862 6.903 -25.912
-18.35 3.469 -24.195
-21.794 2.549 -22.772
-20.235 2.829 -19.255
-19.534 6.58 -19.812
-22.964 7.196 -21.431
-24.623 5.531 -18.378
-22.42 7.523 -15.909

-23.028 10.919 -17.654
-26.668 10.153 -18.714
-27.851 13.482 -17.123

-25.214 15.594 -18.963
-26 13.8 -22.296
-29.631 15.147 -21.909

-29.014 18.802 -20.797
-28.522 21.656 -23.337
-27.494 23.803 -20.296
-24.374 24.206 -18.108
-26.03 23.63 -14.722
-23.195 22.587 -12.38
-23.731 19.355 -10.334

-27.219 19.392 -8.694
-26.798 20.208 -4.988
-26.578 17.032 -2.906
-29.814 16.999 -0.82
-29.276 16.946 2.956
-30.305 13.551 4.343

-32.727 13.25 7.268
-30.389 11.851 9.975
-33.077 12.019 12.787
-33.159 8.159 12.923
-29.32 8.149 13.454
-27.82 8.306 16.969

-27.52 12.074 17.913
-23.991 11.509 19.371
-22.796 10.469 15.867
-24.731 13.185 13.93
-23.402 16.008 16.22
-19.738 14.82 15.861

-19.687 14.822 11.995
-17.445 17.587 10.586

-19.106 19.692 7.763
-17.231 17.783 4.996
-18.064 14.402 6.666
-21.796 15.407 6.677
-21.562 16.318 2.947
-19.943 12.855 2.346
-22.788 11.075 4.244
-25.363 13.084 2.191
-23.555 12.165 -1.104
-23.43 8.459 -0.115
-27.196 8.491 0.728
-28.024 10.343 -2.565

-25.973 7.645 -4.472
-28.214 5.048 -2.67
-25.512 3.7 -0.27

-23.352 2.353 -3.174
-19.956 4.118 -3.237
-16.209 4.012 -2.721
-15.295 6.541 0.021

-11.694 7.195 -1.128

-11.135 10.189 1.225
-7.504 10.605 2.377

-6.048 8.715 5.398
-7.361 9.956 8.784
-10.233 12.169 7.374
-12.706 9.981 9.408

-13.844 7.354 6.831
-15.012 5.081 9.734
-17.363 7.714 11.316
-18.876 8.506 7.854
-19.282 4.738 7.09
-21.02 4.042 10.461
-23.415 6.996 9.798
-24.247 5.855 6.195
-24.846 2.277 7.463
-26.955 3.52 10.461
-29.227 5.531 8.078

-29.9 2.058 6.507

-30.384 0.293 9.981
-33.886 -0.857 8.77
-32.05 -2.956 6.062
-29.626 -4.868 8.41
-27.981 -7.413 9.17

-24.774 -5.448 8.488
-21.551 -7.137 7.269
-18.235 -5.328 7.997
-15.132 -6.739 6.223
-11.829 -5.357 7.603

-8.05 -6.016 7.986
-7.416 -8.82 10.567
-5.856 -6.305 13.093
-8.689 -3.64 13.199

-11.758 -5.868 14.003
-11.895 -4.753 17.675
-11.154 -1.102 16.63
-14.365 -1.304 14.506
-16.414 -2.897 17.375
-15.268 -0.08 19.729
-16.109 2.476 16.969
-19.722 1.111 16.76
-20.082 1.14 20.611
-18.596 4.7 20.723
-20.823 6.195 17.978

-24.121 4.191 18.24
-24.851 3.95 22.056
-28.388 2.791 20.948
-26.764 -0.701 20.406
-26.03 -3.285 23.117

-22.632 -5.104 22.857
-24.638 -8.32 22.08
-25.78 -6.667 18.791

-22.091 -6.816 17.576
-20.505 -10.124 16.488
-16.681 -10.041 16.081

-15.702 -13.116 14.035
-12.316 -14.303 15.372
-12.201 -17.837 13.813
-13.405 -19.799 10.735
-15.769 -21.82 13.07
-17.788 -18.808 14.317
-21.352 -17.917 13.159
-21.075 -14.973 10.701
-24.816 -14.102 11.273
-24.919 -14.166 15.127
-25.108 -10.332 15.536
-27.08 -7.466 13.995

-23.588 -6.14 13.038
-21.065 -8.833 11.965
-17.336 -7.898 11.803
-15.009 -10.302 9.887
-11.529 -10.295 8.291

-10.658 -10.74 4.577
-8.757 -14.009 5.375
-11.833 -15.546 7.113
-14.3 -14.769 4.222

-12.926 -17.715 2.14
-13.287 -20.073 5.183
-16.843 -18.74 5.845
-18.014 -18.815 2.139
-20.731 -21.415 3.044
-22.243 -18.836 5.512
-21.955 -15.894 2.989
-25.071 -17.433 1.278
-27.188 -15.451 3.825
-28.094 -12.137 2.052
-26.367 -9.235 3.842
-28.236 -6.215 2.36

-25.704 -3.677 3.792
-21.936 -4.298 3.429
-19.007 -2.145 4.602
-15.517 -3.11 3.36

-12.662 -1.237 5.059
-9.341 -0.865 3.151

-11.066 -2.352 0.031
-7.765 -2.207 -1.968
-7.252 -5.742 -0.456
-9.774 -6.866 -3.176

-7.558 -5.436 -6.054
-6.861 -8.909 -7.611
-9.913 -10.983 -8.736
-7.994 -14.348 -8.638
-7.386 -14.116 -4.839

-9.551 -16.269 -2.508
-10.568 -13.122 -0.487
-11.832 -11.409 -3.693
-13.586 -14.593 -5.006
-15.461 -14.905 -1.648
-16.313 -11.137 -1.332
-17.465 -10.353 -4.925
-20.7 -12.523 -5.003
-21.961 -10.786 -1.799
-21.004 -7.272 -3.064
-22.893 -7.826 -6.386
-26.148 -8.927 -4.576

-26.072 -6.644 -1.465
-28.372 -3.542 -1.704

-25.826 -1.116 -0.104
-22.019 -1.347 -0.629
-19.769 1.077 1.29
-16.145 0.543 0.177
-13.427 2.479 2.088

-9.739 3.065 1.181
-6.998 5.712 1.573
-5.29 4.301 -1.537
-8.002 2.778 -3.832
-5.263 1.979 -6.345
-1.844 1.044 -4.877
0.179 1.273 -8.156
-1.96 0.815 -11.364

-5.486 1.412 -12.884
-6.145 -2.396 -13.101
-6.402 -2.518 -9.223
-9.619 -0.37 -9.379
-11.628 -2.846 -11.528
-12.904 -5.026 -8.614
-13.981 -1.892 -6.643
-15.738 -0.406 -9.758
-17.759 -3.638 -10.376
-18.545 -3.926 -6.614
-20.104 -0.383 -6.596

-21.607 -0.654 -10.172
-21.992 -4.37 -11.257
-23.172 -3.251 -14.78
-19.935 -1.29 -15.508
-17.337 -3.236 -17.592
-18.9 -6.785 -17.229
-15.576 -8.217 -18.571

-12.101 -7.019 -17.429
-10.719 -7.022 -21.032
-12.866 -3.967 -22.03
-11.565 -2.031 -18.959
-7.965 -3.199 -19.668
-8.028 -2.162 -23.384
-9.238 1.366 -22.43
-7.403 2.18 -19.142

-4.51 -0.351 -18.764
-2.851 0.132 -22.242
-3.499 -3.577 -22.858

-0.922 -5.224 -25.189
-1.171 -8.572 -27.031
2.109 -10.415 -26.274

3.53022 -13.5075 -28.1127
4.13462 -16.9699 -29.5937

7.83217 -16.8636 -30.144
11.3721 -15.4976 -29.7606
14.6306 -16.0269 -27.8842

12.6196 -13.5559 -25.6902
15.5506 -11.9399 -23.7312
15.2196 -8.61291 -25.6242
13.0006 -5.52591 -25.2782
10.8726 -3.46591 -27.7172
8.11764 -0.770915 -27.7952

8.57764 -0.0539149 -24.0202
6.74664 3.34409 -24.1192
3.64664 1.56809 -25.5762
3.97164 -1.14591 -22.8722
4.15264 1.62209 -20.1792
0.944639 3.26009 -21.5482
-0.888361 -0.134915 -21.6572
0.223639 -0.957915 -18.0702
-0.835361 2.44009 -16.5832
-4.23736 2.49009 -18.3962
-5.41436 -1.11891 -17.8612

-3.18336 -3.12091 -15.3952

-1.05036 -1.06291 -13.0112
-1.10836 1.83109 -10.5402

2.49464 3.07309 -10.0072
3.80164 6.07409 -8.01823
7.37664 6.90909 -7.04423

8.90264 8.39309 -3.81623
9.51364 11.5971 -5.83823
5.75864 11.8461 -6.73823
4.31864 11.4761 -3.17823

7.12964 11.9711 -0.556232
9.09064 15.2061 -1.38723
10.5046 14.9691 2.21277
12.5096 11.7011 1.79677

16.3086 12.3951 1.78177
18.0616 11.6611 -1.54223

19.7176 8.29109 -2.28523
23.3336 9.13909 -3.26323
24.8706 6.24909 -5.26523
28.5496 5.75109 -6.21223
30.9116 3.14209 -7.61423
33.9526 2.44709 -5.37323
36.7716 0.893085 -7.42823

38.5516 -1.30791 -4.83723
42.2666 -1.48891 -5.64723

43.2506 -4.71991 -7.57023
46.8656 -4.24891 -6.24223
45.8276 -6.44091 -3.22023

44.7866 -9.22991 -5.70523
47.9246 -11.4109 -5.63923

49.4306 -12.6839 -8.93723
48.1186 -16.3019 -8.39623
44.4966 -15.1039 -7.84523
44.7736 -12.7739 -10.9062
46.2026 -15.6189 -13.0582
43.2646 -17.8359 -11.8732
40.7186 -15.1009 -12.8712
42.5156 -14.7029 -16.2612
42.4286 -18.5289 -16.6922
38.6556 -18.8379 -15.9442
37.9676 -15.7859 -18.2122
39.9226 -17.4619 -21.0992
38.1486 -20.7749 -20.3082
34.6516 -19.2229 -20.8922
35.7426 -17.8919 -24.3632

37.2226 -21.2219 -25.6152
35.3926 -22.3199 -28.8202
35.5336 -26.0999 -28.2852
33.6626 -26.2609 -24.9002
30.0896 -27.4889 -24.3932

27.2936 -25.1019 -23.2392
27.6126 -26.7639 -19.7762
31.4346 -26.3049 -19.4872
30.8836 -22.6029 -20.4582
28.2946 -22.2499 -17.5832
30.6626 -24.0699 -15.1462
33.6116 -21.7779 -16.1032
31.2606 -18.7399 -15.6472
30.2456 -19.9419 -12.1232
33.9606 -20.5229 -11.3162
34.9306 -17.0019 -12.5882
32.1036 -15.4629 -10.4732
33.0586 -17.4119 -7.27523
36.7916 -16.4949 -7.84223
35.7416 -12.8049 -8.20223
34.0906 -12.9939 -4.74223
37.2506 -14.5749 -3.17323
39.5506 -12.0139 -4.90123
37.5516 -9.03991 -3.45523
37.4986 -10.2359 0.242768
40.7856 -8.48291 1.37977
39.8486 -5.04991 -0.0922319
36.1636 -5.40491 0.947768
37.5046 -5.95291 4.51877
39.9766 -3.00991 4.13177
37.0496 -0.758915 3.04877
34.7376 -1.91091 5.93877
37.5426 -1.14291 8.44977
38.1966 2.30709 6.82477
34.4476 3.10409 7.30077
34.5746 2.09309 11.0258
37.8996 3.95809 11.6158

36.2416 7.03709 9.93277
33.7616 7.02209 12.9068
30.5926 5.72509 11.1158
27.8986 4.77209 13.6438
25.6456 2.42309 11.5198

25.8646 0.828085 8.03877
24.6966 -2.24791 6.06777
27.0666 -4.60991 4.19277
25.4806 -6.67691 1.38877
27.1016 -9.83191 -0.0822319

25.7196 -13.1329 -1.55923
28.5976 -15.6769 -1.50423

28.7286 -17.3609 1.94877
32.5916 -17.1589 2.00677
32.3616 -13.3019 1.76477
29.7586 -13.1169 4.60877
31.9196 -15.5519 6.69477
35.1846 -13.5699 6.14077
33.5076 -10.1909 6.98677
31.9546 -11.6199 10.2258
35.2906 -13.2529 11.2558
37.2326 -9.94991 10.8358
34.5466 -7.93691 12.7438
34.7646 -10.5279 15.6088
38.6266 -10.3039 15.4938

38.3386 -6.44891 15.7498
35.6706 -6.88091 18.5508
33.0926 -4.92091 16.4488
29.4886 -5.60791 17.5178

27.4856 -6.59891 14.4068
24.4006 -8.56691 13.2408
24.3226 -11.2839 10.5248
21.3206 -12.3849 8.38077

21.5866 -15.1069 5.68277
19.7536 -18.2029 4.26877
20.3316 -20.1199 7.57777
18.8976 -17.3709 9.89377
15.3846 -18.3759 11.0828
12.2216 -16.2799 10.4268
11.8486 -15.1719 14.1148

15.6066 -14.5299 14.7018
15.5976 -12.3049 11.5348
13.0366 -9.97291 13.1988
14.8856 -10.0279 16.5828
18.3216 -9.23991 14.9748
16.5806 -6.47091 12.9518
15.2466 -4.98291 16.2518
18.7236 -5.36591 17.9048
20.3716 -3.34991 15.0368
17.5236 -0.749915 15.0868
17.4496 -0.185915 18.8978

21.0826 -0.848915 20.0318
23.6666 1.93309 19.3458
26.4696 -0.694915 19.7958
25.6586 -2.69891 16.6178
27.6276 -0.717915 13.9968

27.4856 -3.24191 11.0838
24.7256 -5.41291 9.60477
26.1876 -8.27491 7.47477
23.3316 -9.18491 5.10177
22.7576 -11.7129 2.31377

21.4456 -9.81691 -0.787232
19.0166 -12.7269 -1.49623
17.9536 -13.5759 2.10077
17.4666 -9.98191 3.46777
15.7446 -8.45291 0.334768
12.2836 -8.92691 2.02277
10.2856 -7.97091 5.17377
13.0526 -6.20491 7.16877
13.5016 -2.43291 7.85377
16.9546 -0.889915 8.56277
16.1176 2.84509 9.00877
18.8276 3.17709 11.7618
21.6116 3.11209 9.08877
22.4956 5.91709 6.59177

24.9426 3.84009 4.44977
24.6336 0.676085 2.30777
27.8006 -1.09091 1.02277
27.4236 -3.72391 -1.72123

30.5836 -5.84691 -1.27723
29.3746 -7.86691 -4.30823
27.3636 -7.06391 -7.45623
24.1706 -9.02891 -8.25223
23.0846 -9.58291 -11.9192
19.4386 -8.61091 -11.1742

18.8986 -4.83391 -10.5262
15.4256 -5.38191 -8.96323
17.1266 -7.24891 -6.04323
19.7456 -4.45291 -5.62823
16.9086 -1.82491 -5.47423
15.0286 -4.06491 -2.93923
18.2066 -4.07191 -0.759232
18.6806 -0.220915 -0.991232

14.9826 0.254085 0.0267681
15.6566 -1.59291 3.31077
17.2776 1.68709 4.57577
15.3456 4.20909 2.43077
11.9616 3.71609 4.25477
9.42164 5.89009 6.13777
11.3456 6.83209 9.33477
14.6536 7.60409 7.51277
15.8826 11.2041 8.22677
19.4046 11.1351 6.61377
20.5076 11.0981 2.92777

21.1296 7.41709 2.10477
24.6196 6.59609 0.772768
24.8816 3.54509 -1.56223
28.4426 2.29309 -2.30323
28.9466 -0.390915 -5.01523
32.3666 -2.08591 -4.50723
33.8996 -3.10191 -7.91023

37.2886 -4.60191 -8.93223
38.9896 -4.08291 -12.3612
40.0956 -7.44791 -13.8852
37.0726 -9.42291 -12.4672
33.4006 -10.4229 -13.0932

32.3886 -6.83891 -12.0142
33.7076 -5.49491 -15.3982
30.9276 -7.50291 -17.2082
28.2286 -7.42591 -14.4742
28.1926 -3.61191 -14.0542
27.3816 -2.76991 -17.7682
24.7966 -5.65691 -17.7182
23.0876 -4.21991 -14.5742
23.1006 -0.706915 -16.1912
21.4076 -1.78991 -19.4732
18.8066 -3.71491 -17.3582
17.9646 -0.579915 -15.2392
17.6046 1.41209 -18.5112
15.1316 -1.23291 -19.8762
13.2096 -0.966915 -16.5442
13.2246 2.89709 -16.7082
11.9976 2.98109 -20.3782

9.12464 0.659085 -19.2612
8.32464 3.20109 -16.4162
9.40064 0.600085 -13.7722
12.4206 2.50709 -12.2962
13.5956 6.12209 -11.7242
17.0536 4.68309 -10.9892
19.5276 5.81909 -13.6342
22.9676 4.14709 -13.1612
24.8526 5.95309 -16.0502

25.8586 9.04209 -13.9682
27.9066 6.85309 -11.5252
30.2536 5.53609 -14.3042
31.1046 8.93309 -15.8632

32.3696 9.89209 -12.3332
34.8546 6.91909 -11.9102

End chain 1
