-13.201 -6.296 -53.957
-10.703 -3.406 -53.291
-9.54 -3.087 -49.639
-11.02 0.322 -48.639
-8.614 1.85 -46.053
-10.787 3.126 -43.162

-9.634 6.195 -41.181
-10.061 4.9 -37.589
-10.286 6.838 -34.306
-12.195 7.103 -30.979
-14.163 9.439 -28.711
-12.619 10.223 -25.263
-14.157 12.207 -22.344

-11.943 15.248 -21.466
-14.301 16.978 -18.949
-17.827 16.65 -17.399
-19.139 18.761 -20.353

-16.752 17.96 -23.312
-15.482 14.956 -25.281
-12.62 14.751 -27.824
-12.437 12.939 -31.204
-8.982 11.264 -31.393
-8.672 10.357 -35.1

-6.282 10.744 -38.079
-6.98 13.557 -40.6
-9.895 13.022 -43.051

-11.208 15.853 -45.293
-14.92 14.856 -45.011
-14.611 14.37 -41.226
-13.015 17.857 -40.827
-15.875 19.254 -42.999
-18.403 17.482 -40.669
-16.559 18.759 -37.515
-16.844 22.341 -38.957

-20.697 21.797 -39.029
-20.861 21.033 -35.24
-22.116 23.933 -33.104
-20.016 23.255 -29.939
-16.791 22.621 -31.971

-13.393 23.436 -30.391
-10.011 22.816 -32.063
-6.805 22.812 -29.99

-3.883 23.919 -32.209
-1.328 22.314 -29.773
-2.753 18.736 -29.691
-4.334 19.137 -33.217

-7.578 17.622 -31.79
-11.313 18.386 -31.995
-13.683 18.544 -28.991
-17.466 19.001 -28.65
-20.131 19.402 -25.91

-21.257 16.038 -24.476
-24.923 16.743 -25.497
-23.731 16.722 -29.178
-22.178 13.179 -28.839
-25.228 11.354 -30.322
-25.57 14.044 -33.093
-21.852 13.682 -34.021
-21.815 9.829 -34.037
-25.045 9.774 -36.128
-23.507 12.176 -38.75
-20.093 10.348 -38.803

-21.793 6.948 -39.527
-22.962 8.546 -42.834
-19.328 9.196 -43.991
-17.677 6.563 -46.261
-14.251 5.2 -45.121

-14.46 6.789 -41.562
-14.765 4.819 -38.279
-15.142 6.964 -35.114
-15.663 4.659 -32.101

-18.218 6.249 -29.657
-17.862 6.903 -25.912
-18.35 3.469 -24.195
-21.794 2.549 -22.772
-20.235 2.829 -19.255
-19.534 6.58 -19.812
-22.964 7.196 -21.431
-24.623 5.531 -18.378
-22.42 7.523 -15.909

-23.028 10.919 -17.654
-26.668 10.153 -18.714
-27.851 13.482 -17.123

-25.214 15.594 -18.963
-26 13.8 -22.296
-29.631 15.147 -21.909

-29.014 18.802 -20.797
-28.522 21.656 -23.337
-27.494 23.803 -20.296
-24.374 24.206 -18.108
-26.03 23.63 -14.722
-23.195 22.587 -12.38
-23.731 19.355 -10.334

-27.219 19.392 -8.694
-26.798 20.208 -4.988
-26.578 17.032 -2.906
-29.814 16.999 -0.82
-29.276 16.946 2.956
-30.305 13.551 4.343

-32.727 13.25 7.268
-30.389 11.851 9.975
-33.077 12.019 12.787
-33.159 8.159 12.923
-29.32 8.149 13.454
-27.82 8.306 16.969

-27.52 12.074 17.913
-23.991 11.509 19.371
-22.796 10.469 15.867
-24.731 13.185 13.93
-23.402 16.008 16.22
-19.738 14.82 15.861

-19.687 14.822 11.995
-17.445 17.587 10.586

-19.106 19.692 7.763
-17.231 17.783 4.996
-18.064 14.402 6.666
-21.796 15.407 6.677
-21.562 16.318 2.947
-19.943 12.855 2.346
-22.788 11.075 4.244
-25.363 13.084 2.191
-23.555 12.165 -1.104
-23.43 8.459 -0.115
-27.196 8.491 0.728
-28.024 10.343 -2.565

-25.973 7.645 -4.472
-28.214 5.048 -2.67
-25.512 3.7 -0.27

-23.352 2.353 -3.174
-19.956 4.118 -3.237
-16.209 4.012 -2.721
-15.295 6.541 0.021

-11.694 7.195 -1.128

-11.135 10.189 1.225
-7.504 10.605 2.377

-6.048 8.715 5.398
-7.361 9.956 8.784
-10.233 12.169 7.374
-12.706 9.981 9.408

-13.844 7.354 6.831
-15.012 5.081 9.734
-17.363 7.714 11.316
-18.876 8.506 7.854
-19.282 4.738 7.09
-21.02 4.042 10.461
-23.415 6.996 9.798
-24.247 5.855 6.195
-24.846 2.277 7.463
-26.955 3.52 10.461
-29.227 5.531 8.078

-29.9 2.058 6.507

-30.384 0.293 9.981
-33.886 -0.857 8.77
-32.05 -2.956 6.062
-29.626 -4.868 8.41
-27.981 -7.413 9.17

-24.774 -5.448 8.488
-21.551 -7.137 7.269
-18.235 -5.328 7.997
-15.132 -6.739 6.223
-11.829 -5.357 7.603

-8.05 -6.016 7.986
-7.416 -8.82 10.567
-5.856 -6.305 13.093
-8.689 -3.64 13.199

-11.758 -5.868 14.003
-11.895 -4.753 17.675
-11.154 -1.102 16.63
-14.365 -1.304 14.506
-16.414 -2.897 17.375
-15.268 -0.08 19.729
-16.109 2.476 16.969
-19.722 1.111 16.76
-20.082 1.14 20.611
-18.596 4.7 20.723
-20.823 6.195 17.978

-24.121 4.191 18.24
-24.851 3.95 22.056
-28.388 2.791 20.948
-26.764 -0.701 20.406
-26.03 -3.285 23.117

-22.632 -5.104 22.857
-24.638 -8.32 22.08
-25.78 -6.667 18.791

-22.091 -6.816 17.576
-20.505 -10.124 16.488
-16.681 -10.041 16.081

-15.702 -13.116 14.035
-12.316 -14.303 15.372
-12.201 -17.837 13.813
-13.405 -19.799 10.735
-15.769 -21.82 13.07
-17.788 -18.808 14.317
-21.352 -17.917 13.159
-21.075 -14.973 10.701
-24.816 -14.102 11.273
-24.919 -14.166 15.127
-25.108 -10.332 15.536
-27.08 -7.466 13.995

-23.588 -6.14 13.038
-21.065 -8.833 11.965
-17.336 -7.898 11.803
-15.009 -10.302 9.887
-11.529 -10.295 8.291

-10.658 -10.74 4.577
-8.757 -14.009 5.375
-11.833 -15.546 7.113
-14.3 -14.769 4.222

-12.926 -17.715 2.14
-13.287 -20.073 5.183
-16.843 -18.74 5.845
-18.014 -18.815 2.139
-20.731 -21.415 3.044
-22.243 -18.836 5.512
-21.955 -15.894 2.989
-25.071 -17.433 1.278
-27.188 -15.451 3.825
-28.094 -12.137 2.052
-26.367 -9.235 3.842
-28.236 -6.215 2.36

-25.704 -3.677 3.792
-21.936 -4.298 3.429
-19.007 -2.145 4.602
-15.517 -3.11 3.36

-12.662 -1.237 5.059
-9.341 -0.865 3.151

-11.066 -2.352 0.031
-7.765 -2.207 -1.968
-7.252 -5.742 -0.456
-9.774 -6.866 -3.176

-7.558 -5.436 -6.054
-6.861 -8.909 -7.611
-9.913 -10.983 -8.736
-7.994 -14.348 -8.638
-7.386 -14.116 -4.839

-9.551 -16.269 -2.508
-10.568 -13.122 -0.487
-11.832 -11.409 -3.693
-13.586 -14.593 -5.006
-15.461 -14.905 -1.648
-16.313 -11.137 -1.332
-17.465 -10.353 -4.925
-20.7 -12.523 -5.003
-21.961 -10.786 -1.799
-21.004 -7.272 -3.064
-22.893 -7.826 -6.386
-26.148 -8.927 -4.576

-26.072 -6.644 -1.465
-28.372 -3.542 -1.704

-25.826 -1.116 -0.104
-22.019 -1.347 -0.629
-19.769 1.077 1.29
-16.145 0.543 0.177
-13.427 2.479 2.088

-9.739 3.065 1.181
-6.998 5.712 1.573
-5.29 4.301 -1.537
-8.002 2.778 -3.832
-5.263 1.979 -6.345
-1.844 1.044 -4.877
0.179 1.273 -8.156
-1.96 0.815 -11.364

-5.486 1.412 -12.884
-6.145 -2.396 -13.101
-6.402 -2.518 -9.223
-9.619 -0.37 -9.379
-11.628 -2.846 -11.528
-12.904 -5.026 -8.614
-13.981 -1.892 -6.643
-15.738 -0.406 -9.758
-17.759 -3.638 -10.376
-18.545 -3.926 -6.614
-20.104 -0.383 -6.596

-21.607 -0.654 -10.172
-21.992 -4.37 -11.257
-23.172 -3.251 -14.78
-19.935 -1.29 -15.508
-17.337 -3.236 -17.592
-18.9 -6.785 -17.229
-15.576 -8.217 -18.571

-12.101 -7.019 -17.429
-10.719 -7.022 -21.032
-12.866 -3.967 -22.03
-11.565 -2.031 -18.959
-7.965 -3.199 -19.668
-8.028 -2.162 -23.384
-9.238 1.366 -22.43
-7.403 2.18 -19.142

-4.51 -0.351 -18.764
-2.851 0.132 -22.242
-3.499 -3.577 -22.858

-0.922 -5.224 -25.189
-1.171 -8.572 -27.031
2.109 -10.415 -26.274

3.105 -13.897 -27.702
2.055 -15.464 -24.315

-1.301 -13.571 -23.908
-2.465 -10.088 -22.814
-0.375 -7.663 -20.732

-2.386 -5.192 -18.538
0.545 -3.576 -16.579
0.214 -0.249 -18.472
-2.005 2.838 -18.126
-4.133 4.898 -20.565
-6.888 7.593 -20.643

-6.428 8.31 -16.868
-8.259 11.708 -16.967
-11.359 9.932 -18.424
-11.034 7.218 -15.72
-10.853 9.986 -13.027
-14.061 11.624 -14.396
-15.894 8.229 -14.505
-14.782 7.406 -10.918
-15.841 10.804 -9.431
-19.243 10.854 -11.244
-20.42 7.245 -10.709

-18.189 5.243 -8.243

-16.056 7.301 -5.859
-16.114 10.195 -3.388

-12.511 11.437 -2.855
-11.204 14.438 -0.866
-7.629 15.273 0.108

-6.103 16.757 3.336
-5.492 19.961 1.314
-9.247 20.21 0.414
-10.687 19.84 3.974

-7.876 20.335 6.596
-5.915 23.57 5.765
-4.501 23.333 9.365
-2.496 20.065 8.949

1.303 20.759 8.934
3.056 20.025 5.61

4.712 16.655 4.867
8.328 17.503 3.889
9.865 14.613 1.887
13.544 14.115 0.94
15.906 11.506 -0.462
18.947 10.811 1.779
21.766 9.257 -0.276

23.546 7.056 2.315
27.261 6.875 1.505

28.245 3.644 -0.418
31.86 4.115 0.91
30.822 1.923 3.932

29.2981 -0.768653 1.75542
31.6445 -3.26265 0.33598

34.0163 -5.79118 -1.22106
33.2548 -8.32843 1.5039
29.5134 -7.89326 0.998171
29.8628 -8.4045 -2.75142
31.8776 -11.5841 -2.22796
29.2665 -12.9598 0.166286
26.4764 -12.2468 -2.31368
28.3697 -14.0089 -5.09816
28.9371 -17.0643 -2.91059
25.2471 -17.2291 -2.01619
24.2512 -17.0294 -5.67831
26.6468 -19.8374 -6.58308
25.2586 -22.0434 -3.81737
21.6947 -21.4352 -4.98846
22.6138 -22.3333 -8.565

24.0938 -25.6633 -9.817
22.2638 -26.7613 -13.022
22.4048 -30.5413 -12.487
20.5338 -30.7023 -9.102
16.9608 -31.9303 -8.595

14.1648 -29.5433 -7.441
14.4838 -31.2053 -3.978
18.3058 -30.7463 -3.689
17.7548 -27.0443 -4.66
15.1658 -26.6913 -1.785
17.5338 -28.5113 0.651999
20.4828 -26.2193 -0.305001
18.1318 -23.1813 0.150999
17.1168 -24.3833 3.675
20.8318 -24.9643 4.482
21.8018 -21.4433 3.21
18.9748 -19.9043 5.325
19.9298 -21.8533 8.523
23.6628 -20.9363 7.956
22.6128 -17.2463 7.596
20.9618 -17.4353 11.056
24.1218 -19.0163 12.625
26.4218 -16.4553 10.897
24.4228 -13.4813 12.343
24.3698 -14.6773 16.041
27.6568 -12.9243 17.178
26.7198 -9.49127 15.706
23.0348 -9.84627 16.746
24.3758 -10.3943 20.317
26.8478 -7.45127 19.93
23.9208 -5.20027 18.847
21.6088 -6.35227 21.737
24.4138 -5.58427 24.248
25.0678 -2.13427 22.623
21.3188 -1.33727 23.099
21.4458 -2.34827 26.824
24.7708 -0.483267 27.414

23.1128 2.59573 25.731
20.6328 2.58073 28.705
17.4638 1.28373 26.914
14.7698 0.330733 29.442
12.5168 -2.01827 27.318

12.7358 -3.61327 23.837
11.5678 -6.68927 21.866
13.9378 -9.05127 19.991
12.3518 -11.1183 17.187
13.9728 -14.2733 15.716

12.5908 -17.5743 14.239
15.4688 -20.1183 14.294

15.5998 -21.8023 17.747
19.4628 -21.6003 17.805
19.2328 -17.7433 17.563
16.6298 -17.5583 20.407
18.7908 -19.9933 22.493
22.0558 -18.0113 21.939
20.3788 -14.6323 22.785
18.8258 -16.0613 26.024
22.1618 -17.6943 27.054
24.1038 -14.3913 26.634
21.4178 -12.3783 28.542
21.6358 -14.9693 31.407
25.4978 -14.7453 31.292

25.2098 -10.8903 31.548
22.5418 -11.3223 34.349
19.9638 -9.36227 32.247
16.3598 -10.0493 33.316

14.3568 -11.0403 30.205
11.2718 -13.0083 29.039
11.1938 -15.7253 26.323
8.19183 -16.8263 24.179

8.45783 -19.5483 21.481
6.62483 -22.6443 20.067
7.20283 -24.5613 23.376
5.76883 -21.8123 25.692
2.25583 -22.8173 26.881
-0.907173 -20.7213 26.225
-1.28017 -19.6133 29.913

2.47783 -18.9713 30.5
2.46883 -16.7463 27.333
-0.0921731 -14.4143 28.997
1.75683 -14.4693 32.381
5.19283 -13.6813 30.773
3.45183 -10.9123 28.75
2.11783 -9.42427 32.05
5.59483 -9.80727 33.703
7.24283 -7.79127 30.835
4.39483 -5.19127 30.885
4.32083 -4.62727 34.696

7.95383 -5.29027 35.83
10.5378 -2.50827 35.144
13.3408 -5.13627 35.594
12.5298 -7.14027 32.416
14.4988 -5.15927 29.795

14.3568 -7.68327 26.882
11.5968 -9.85427 25.403
13.0588 -12.7163 23.273
10.2028 -13.6263 20.9
9.62883 -16.1543 18.112

8.31683 -14.2583 15.011
5.88783 -17.1683 14.302
4.82483 -18.0173 17.899
4.33783 -14.4233 19.266
2.61583 -12.8943 16.133
-0.845173 -13.3683 17.821
-2.84317 -12.4123 20.972
-0.0761731 -10.6463 22.967
0.372827 -6.87427 23.652
3.82583 -5.33127 24.361
2.98883 -1.59627 24.807
5.69883 -1.26427 27.56
8.48283 -1.32927 24.887
9.36683 1.47573 22.39

11.8138 -0.601267 20.248
11.5048 -3.76527 18.106
14.6718 -5.53227 16.821
14.2948 -8.16527 14.077

17.4548 -10.2883 14.521
16.2458 -12.3083 11.49
14.2348 -11.5053 8.342
11.0418 -13.4703 7.546
9.95583 -14.0243 3.879
6.30983 -13.0523 4.624

5.76983 -9.27527 5.272
2.29683 -9.82327 6.835
3.99783 -11.6903 9.755
6.61683 -8.89427 10.17
3.77983 -6.26627 10.324
1.89983 -8.50627 12.859
5.07783 -8.51327 15.039
5.55183 -4.66227 14.807

1.85383 -4.18727 15.825
2.52783 -6.03427 19.109
4.14883 -2.75427 20.374
2.21683 -0.232267 18.229
-1.16717 -0.725267 20.053
-3.70717 1.44873 21.936
-1.78317 2.39073 25.133
1.52483 3.16273 23.311
2.75383 6.76273 24.025
6.27583 6.69373 22.412
7.37883 6.65673 18.726

8.00083 2.97573 17.903
11.4908 2.15473 16.571
11.7528 -0.896267 14.236
15.3138 -2.14827 13.495
15.8178 -4.83227 10.783
19.2378 -6.52727 11.291
20.7708 -7.54327 7.888

24.1598 -9.04327 6.866
25.8608 -8.52427 3.437
26.9668 -11.8893 1.913
23.9438 -13.8643 3.331
20.2718 -14.8643 2.705

19.2598 -11.2803 3.784
20.5788 -9.93627 0.399999
17.7988 -11.9443 -1.41
15.0998 -11.8673 1.324
15.0638 -8.05327 1.744
14.2528 -7.21127 -1.97
11.6678 -10.0983 -1.92
9.95883 -8.66127 1.224
9.97183 -5.14827 -0.393001
8.27883 -6.23127 -3.675
5.67783 -8.15627 -1.56
4.83583 -5.02127 0.558999
4.47583 -3.02927 -2.713
2.00283 -5.67427 -4.078
0.0808269 -5.40827 -0.746001
0.0958269 -1.54427 -0.910001
-1.13117 -1.46027 -4.58

-4.00417 -3.78227 -3.463
-4.80417 -1.24027 -0.618001
-3.72817 -3.84127 2.026
-0.708173 -1.93427 3.502
0.466827 1.68073 4.074
3.92483 0.241733 4.809
6.39883 1.37773 2.164
9.83883 -0.294267 2.637
11.7238 1.51173 -0.252001

12.7298 4.60073 1.83
14.7778 2.41173 4.273
17.1248 1.09473 1.494
17.9758 4.49173 -0.0650007

19.2408 5.45073 3.465
21.7258 2.47773 3.888

End chain 1
