-13.201 -6.296 -53.957
-10.703 -3.406 -53.291
-9.54 -3.087 -49.639
-11.02 0.322 -48.639
-8.614 1.85 -46.053
-10.787 3.126 -43.162

-9.634 6.195 -41.181
-10.061 4.9 -37.589
-10.286 6.838 -34.306
-12.195 7.103 -30.979
-14.163 9.439 -28.711
-12.619 10.223 -25.263
-14.157 12.207 -22.344

-11.943 15.248 -21.466
-14.301 16.978 -18.949
-17.827 16.65 -17.399
-19.139 18.761 -20.353

-16.752 17.96 -23.312
-15.482 14.956 -25.281
-12.62 14.751 -27.824
-12.437 12.939 -31.204
-8.982 11.264 -31.393
-8.672 10.357 -35.1

-6.282 10.744 -38.079
-6.98 13.557 -40.6
-9.895 13.022 -43.051

-11.208 15.853 -45.293
-14.92 14.856 -45.011
-14.611 14.37 -41.226
-13.015 17.857 -40.827
-15.875 19.254 -42.999
-18.403 17.482 -40.669
-16.559 18.759 -37.515
-16.844 22.341 -38.957

-20.697 21.797 -39.029
-20.861 21.033 -35.24
-22.116 23.933 -33.104
-20.016 23.255 -29.939
-16.791 22.621 -31.971

-13.393 23.436 -30.391
-10.011 22.816 -32.063
-6.805 22.812 -29.99

-3.883 23.919 -32.209
-1.328 22.314 -29.773
-2.753 18.736 -29.691
-4.334 19.137 -33.217

-7.578 17.622 -31.79
-11.313 18.386 -31.995
-13.683 18.544 -28.991
-17.466 19.001 -28.65
-20.131 19.402 -25.91

-21.257 16.038 -24.476
-24.923 16.743 -25.497
-23.731 16.722 -29.178
-22.178 13.179 -28.839
-25.228 11.354 -30.322
-25.57 14.044 -33.093
-21.852 13.682 -34.021
-21.815 9.829 -34.037
-25.045 9.774 -36.128
-23.507 12.176 -38.75
-20.093 10.348 -38.803

-21.793 6.948 -39.527
-22.962 8.546 -42.834
-19.328 9.196 -43.991
-17.677 6.563 -46.261
-14.251 5.2 -45.121

-14.46 6.789 -41.562
-14.765 4.819 -38.279
-15.142 6.964 -35.114
-15.663 4.659 -32.101

-18.218 6.249 -29.657
-17.862 6.903 -25.912
-18.35 3.469 -24.195
-21.794 2.549 -22.772
-20.235 2.829 -19.255
-19.534 6.58 -19.812
-22.964 7.196 -21.431
-24.623 5.531 -18.378
-22.42 7.523 -15.909

-23.028 10.919 -17.654
-26.668 10.153 -18.714
-27.851 13.482 -17.123

-25.214 15.594 -18.963
-26 13.8 -22.296
-29.631 15.147 -21.909

-29.014 18.802 -20.797
-28.522 21.656 -23.337
-27.494 23.803 -20.296
-24.374 24.206 -18.108
-26.03 23.63 -14.722
-23.195 22.587 -12.38
-23.731 19.355 -10.334

-27.219 19.392 -8.694
-26.798 20.208 -4.988
-26.578 17.032 -2.906
-29.814 16.999 -0.82
-29.276 16.946 2.956
-30.305 13.551 4.343

-32.727 13.25 7.268
-30.389 11.851 9.975
-33.077 12.019 12.787
-33.159 8.159 12.923
-29.32 8.149 13.454
-27.82 8.306 16.969

-27.52 12.074 17.913
-23.991 11.509 19.371
-22.796 10.469 15.867
-24.731 13.185 13.93
-23.402 16.008 16.22
-19.738 14.82 15.861

-19.687 14.822 11.995
-17.445 17.587 10.586

-19.106 19.692 7.763
-17.231 17.783 4.996
-18.064 14.402 6.666
-21.796 15.407 6.677
-21.562 16.318 2.947
-19.943 12.855 2.346
-22.788 11.075 4.244
-25.363 13.084 2.191
-23.555 12.165 -1.104
-23.43 8.459 -0.115
-27.196 8.491 0.728
-28.024 10.343 -2.565

-25.973 7.645 -4.472
-28.214 5.048 -2.67
-25.512 3.7 -0.27

-23.352 2.353 -3.174
-19.956 4.118 -3.237
-16.209 4.012 -2.721
-15.295 6.541 0.021

-11.694 7.195 -1.128

-11.135 10.189 1.225
-7.504 10.605 2.377

-6.048 8.715 5.398
-7.361 9.956 8.784
-10.233 12.169 7.374
-12.706 9.981 9.408

-13.844 7.354 6.831
-15.012 5.081 9.734
-17.363 7.714 11.316
-18.876 8.506 7.854
-19.282 4.738 7.09
-21.02 4.042 10.461
-23.415 6.996 9.798
-24.247 5.855 6.195
-24.846 2.277 7.463
-26.955 3.52 10.461
-29.227 5.531 8.078

-29.7602 2.57674 5.90069

-28.1055 1.21773 2.76096
-27.0235 -1.93846 4.58051
-30.5441 -2.50341 5.89546
-32.013 -2.10384 2.41326
-29.5386 -4.60544 0.97717

-26.3316 -2.64044 0.29517
-23.1086 -4.32944 -0.92383
-19.7926 -2.52044 -0.19583
-16.6896 -3.93144 -1.96983
-13.3866 -2.54944 -0.58983

-9.60764 -3.20844 -0.20683
-8.97364 -6.01244 2.37417
-7.41364 -3.49744 4.90017
-10.2466 -0.832444 5.00617

-13.3156 -3.06044 5.81017
-13.4526 -1.94544 9.48217
-12.7116 1.70556 8.43717
-15.9226 1.50356 6.31317
-17.9716 -0.0894445 9.18217
-16.8256 2.72756 11.5362
-17.6666 5.28356 8.77617
-21.2796 3.91856 8.56717
-21.6396 3.94756 12.4182
-20.1536 7.50756 12.5302
-22.3806 9.00256 9.78517

-25.6786 6.99856 10.0472
-26.4086 6.75756 13.8632
-29.9456 5.59856 12.7552
-28.3216 2.10656 12.2132
-27.5876 -0.477444 14.9242

-24.1896 -2.29644 14.6642
-26.1956 -5.51244 13.8872
-27.3376 -3.85944 10.5982

-23.6486 -4.00844 9.38317
-22.0626 -7.31644 8.29517
-18.2386 -7.23344 7.88817

-17.2596 -10.3084 5.84217
-13.8736 -11.4954 7.17917
-13.7586 -15.0294 5.62017
-14.9626 -16.9914 2.54217
-17.3266 -19.0124 4.87717
-19.3456 -16.0004 6.12417
-22.9096 -15.1094 4.96617
-22.6326 -12.1654 2.50817
-26.3736 -11.2944 3.08017
-26.4766 -11.3584 6.93417
-26.6656 -7.52444 7.34317
-28.6376 -4.65844 5.80217

-25.1456 -3.33244 4.84517
-22.6226 -6.02544 3.77217
-18.8936 -5.09044 3.61017
-16.5666 -7.49444 1.69417
-13.0866 -7.48744 0.0981699

-12.2156 -7.93244 -3.61583
-10.3146 -11.2014 -2.81783
-13.3906 -12.7384 -1.07983
-15.8576 -11.9614 -3.97083

-14.4836 -14.9074 -6.05283
-14.8446 -17.2654 -3.00983
-18.4006 -15.9324 -2.34783
-19.5716 -16.0074 -6.05383
-22.2886 -18.6074 -5.14883
-23.8006 -16.0284 -2.68083
-23.5126 -13.0864 -5.20383
-26.6286 -14.6254 -6.91483
-28.7456 -12.6434 -4.36783
-29.6516 -9.32944 -6.14083
-27.9246 -6.42744 -4.35083
-29.7936 -3.40744 -5.83283

-27.2616 -0.869444 -4.40083
-23.4936 -1.49044 -4.76383
-20.5646 0.662556 -3.59083
-17.0746 -0.302444 -4.83283

-14.2196 1.57056 -3.13383
-10.8986 1.94256 -5.04183

-12.6236 0.455556 -8.16183
-9.32264 0.600556 -10.1608
-8.80964 -2.93444 -8.64883
-11.3316 -4.05844 -11.3688

-9.11564 -2.62844 -14.2468
-8.41864 -6.10144 -15.8038
-11.4706 -8.17544 -16.9288
-9.55164 -11.5404 -16.8308
-8.94364 -11.3084 -13.0318

-11.1086 -13.4614 -10.7008
-12.1256 -10.3144 -8.67983
-13.3896 -8.60144 -11.8858
-15.1436 -11.7854 -13.1988
-17.0186 -12.0974 -9.84083
-17.8706 -8.32944 -9.52483
-19.0226 -7.54544 -13.1178
-22.2576 -9.71544 -13.1958
-23.5186 -7.97844 -9.99183
-22.5616 -4.46444 -11.2568
-24.4506 -5.01844 -14.5788
-27.7056 -6.11944 -12.7688

-27.6296 -3.83644 -9.65783
-29.9296 -0.734444 -9.89683

-27.3836 1.69156 -8.29683
-23.5766 1.46056 -8.82183
-21.3266 3.88456 -6.90283
-17.7026 3.35056 -8.01583
-14.9846 5.28656 -6.10483

-11.2966 5.87256 -7.01183
-8.55564 8.51956 -6.61983
-6.84764 7.10856 -9.72983
-9.55964 5.58556 -12.0248
-6.82064 4.78656 -14.5378
-3.40164 3.85156 -13.0698
-1.37864 4.08056 -16.3488
-3.51764 3.62256 -19.5568

-7.04364 4.21956 -21.0768
-7.70264 0.411556 -21.2938
-7.95964 0.289556 -17.4158
-11.1766 2.43756 -17.5718
-13.1856 -0.0384445 -19.7208
-14.4616 -2.21844 -16.8068
-15.5386 0.915556 -14.8358
-17.2956 2.40156 -17.9508
-19.3166 -0.830444 -18.5688
-20.1026 -1.11844 -14.8068
-21.6616 2.42456 -14.7888

-23.1646 2.15356 -18.3648
-23.5496 -1.56244 -19.4498
-24.7296 -0.443444 -22.9728
-21.4926 1.51756 -23.7008
-18.8946 -0.428444 -25.7848
-20.4576 -3.97744 -25.4218
-17.1336 -5.40944 -26.7638

-13.6586 -4.21144 -25.6218
-12.2766 -4.21444 -29.2248
-14.4236 -1.15944 -30.2228
-13.1226 0.776556 -27.1518
-9.52264 -0.391444 -27.8608
-9.58564 0.645556 -31.5768
-10.7956 4.17356 -30.6228
-8.96064 4.98756 -27.3348

-6.06764 2.45656 -26.9568
-4.40864 2.93956 -30.4348
-5.05664 -0.769444 -31.0508

-2.47964 -2.41644 -33.3818
-2.72864 -5.76444 -35.2238
0.551357 -7.60744 -34.4668

1.54736 -11.0894 -35.8948
0.497357 -12.6564 -32.5078

-2.85864 -10.7634 -32.1008
-4.02264 -7.28044 -31.0068
-1.93264 -4.85544 -28.9248

-3.94364 -2.38444 -26.7308
-1.01264 -0.768444 -24.7718
-1.34364 2.55856 -26.6648
-3.56264 5.64556 -26.3188
-5.69064 7.70556 -28.7578
-8.44564 10.4006 -28.8358

-7.98564 11.1176 -25.0608
-9.81664 14.5156 -25.1598
-12.9166 12.7396 -26.6168
-12.5916 10.0256 -23.9128
-12.4106 12.7936 -21.2198
-15.6186 14.4316 -22.5888
-17.4516 11.0366 -22.6978
-16.3396 10.2136 -19.1108
-17.3986 13.6116 -17.6238
-20.8006 13.6616 -19.4368
-21.9776 10.0526 -18.9018

-19.7466 8.05056 -16.4358

-17.6136 10.1086 -14.0518
-17.6716 13.0026 -11.5808

-14.0686 14.2446 -11.0478
-12.7616 17.2456 -9.05883
-9.18664 18.0806 -8.08483

-7.66064 19.5646 -4.85683
-7.04964 22.7686 -6.87883
-10.8046 23.0176 -7.77883
-12.2446 22.6476 -4.21883

-9.43364 23.1426 -1.59683
-7.47264 26.3776 -2.42783
-6.05864 26.1406 1.17217
-4.05364 22.8726 0.75617

-0.254643 23.5666 0.74117
1.49836 22.8326 -2.58283

3.15436 19.4626 -3.32583
6.77036 20.3106 -4.30383
8.30736 17.4206 -6.30583
11.9864 16.9226 -7.25283
14.3484 14.3136 -8.65483
17.3894 13.6186 -6.41383
20.2084 12.0646 -8.46883

21.9884 9.86356 -5.87783
25.7034 9.68256 -6.68783

26.6874 6.45156 -8.61083
30.3024 6.92256 -7.28283
29.2644 4.73056 -4.26083

28.2234 1.94156 -6.74583
31.3614 -0.239444 -6.67983

32.8674 -1.51244 -9.97783
31.5554 -5.13044 -9.43683
27.9334 -3.93244 -8.88583
28.2104 -1.60244 -11.9468
29.6394 -4.44744 -14.0988
26.7014 -6.66444 -12.9138
24.1554 -3.92944 -13.9118
25.9524 -3.53144 -17.3018
25.8654 -7.35744 -17.7328
22.0924 -7.66644 -16.9848
21.4044 -4.61444 -19.2528
23.3594 -6.29044 -22.1398
21.5854 -9.60344 -21.3488
18.0884 -8.05144 -21.9328
19.1794 -6.72044 -25.4038

20.6594 -10.0504 -26.6558
18.8294 -11.1484 -29.8608
18.9704 -14.9284 -29.3258
17.0994 -15.0894 -25.9408
13.5264 -16.3174 -25.4338

10.7304 -13.9304 -24.2798
11.0494 -15.5924 -20.8168
14.8714 -15.1334 -20.5278
14.3204 -11.4314 -21.4988
11.7314 -11.0784 -18.6238
14.0994 -12.8984 -16.1868
17.0484 -10.6064 -17.1438
14.6974 -7.56844 -16.6878
13.6824 -8.77044 -13.1638
17.3974 -9.35144 -12.3568
18.3674 -5.83044 -13.6288
15.5404 -4.29144 -11.5138
16.4954 -6.24044 -8.31583
20.2284 -5.32344 -8.88283
19.1784 -1.63344 -9.24283
17.5274 -1.82244 -5.78283
20.6874 -3.40344 -4.21383
22.9874 -0.842444 -5.94183
20.9884 2.13156 -4.49583
20.9354 0.935556 -0.79783
24.2224 2.68856 0.33917
23.2854 6.12156 -1.13283
19.6004 5.76656 -0.0928301
20.9414 5.21856 3.47817
23.4134 8.16156 3.09117
20.4864 10.4126 2.00817
18.1744 9.26056 4.89817
20.9794 10.0286 7.40917
21.6334 13.4786 5.78417
17.8844 14.2756 6.26017
18.0114 13.2646 9.98517
21.3364 15.1296 10.5752

19.6784 18.2086 8.89217
17.1984 18.1936 11.8662
14.0294 16.8966 10.0752
11.3354 15.9436 12.6032
9.08236 13.5946 10.4792

9.30136 11.9996 6.99817
8.13336 8.92356 5.02717
10.5034 6.56156 3.15217
8.91736 4.49456 0.34817
10.5384 1.33956 -1.12283

9.15636 -1.96144 -2.59983
12.0344 -4.50544 -2.54483

12.1654 -6.18944 0.90817
16.0284 -5.98744 0.96617
15.7984 -2.13044 0.72417
13.1954 -1.94544 3.56817
15.3564 -4.38044 5.65417
18.6214 -2.39844 5.10017
16.9444 0.980556 5.94617
15.3914 -0.448444 9.18517
18.7274 -2.08144 10.2152
20.6694 1.22156 9.79517
17.9834 3.23456 11.7032
18.2014 0.643556 14.5682
22.0634 0.867556 14.4532

21.7754 4.72256 14.7092
19.1074 4.29056 17.5102
16.5294 6.25056 15.4082
12.9254 5.56356 16.4772

10.9224 4.57256 13.3662
7.83736 2.60456 12.2002
7.75936 -0.112444 9.48417
4.75736 -1.21344 7.34017

5.02336 -3.93544 4.64217
3.19036 -7.03144 3.22817
3.76836 -8.94844 6.53717
2.33436 -6.19944 8.85317
-1.17864 -7.20444 10.0422
-4.34164 -5.10844 9.38617
-4.71464 -4.00044 13.0742

-0.956643 -3.35844 13.6612
-0.965643 -1.13344 10.4942
-3.52664 1.19856 12.1582
-1.67764 1.14356 15.5422
1.75836 1.93156 13.9342
0.0173572 4.70056 11.9112
-1.31664 6.18856 15.2112
2.16036 5.80556 16.8642
3.80836 7.82156 13.9962
0.960357 10.4216 14.0462
0.886357 10.9856 17.8572

4.51936 10.3226 18.9912
7.10336 13.1046 18.3052
9.90636 10.4766 18.7552
9.09536 8.47256 15.5772
11.0644 10.4536 12.9562

10.9224 7.92956 10.0432
8.16236 5.75856 8.56417
9.62436 2.89656 6.43417
6.76836 1.98656 4.06117
6.19436 -0.541444 1.27317

4.88236 1.35456 -1.82783
2.45336 -1.55544 -2.53683
1.39036 -2.40444 1.06017
0.903357 1.18956 2.42717
-0.818643 2.71856 -0.70583
-4.27964 2.24456 0.98217
-6.27764 3.20056 4.13317
-3.51064 4.96656 6.12817
-3.06164 8.73856 6.81317
0.391357 10.2816 7.52217
-0.445643 14.0166 7.96817
2.26436 14.3486 10.7212
5.04836 14.2836 8.04817
5.93236 17.0886 5.55117

8.37936 15.0116 3.40917
8.07036 11.8476 1.26717
11.2374 10.0806 -0.0178301
10.8604 7.44756 -2.76183

14.0204 5.32456 -2.31783
12.8114 3.30456 -5.34883
10.8004 4.10756 -8.49683
7.60736 2.14256 -9.29283
6.52136 1.58856 -12.9598
2.87536 2.56056 -12.2148

2.33536 6.33756 -11.5668
-1.13764 5.78956 -10.0038
0.563357 3.92256 -7.08383
3.18236 6.71856 -6.66883
0.345357 9.34656 -6.51483
-1.53464 7.10656 -3.97983
1.64336 7.09956 -1.79983
2.11736 10.9506 -2.03183

-1.58064 11.4256 -1.01383
-0.906643 9.57856 2.27017
0.714357 12.8586 3.53517
-1.21764 15.3806 1.39017
-4.60164 14.8876 3.21417
-7.14164 17.0616 5.09717
-5.21764 18.0036 8.29417
-1.90964 18.7756 6.47217
-0.680643 22.3756 7.18617
2.84136 22.3066 5.57317
3.94436 22.2696 1.88717

4.56636 18.5886 1.06417
8.05636 17.7676 -0.26783
8.31836 14.7166 -2.60283
11.8794 13.4646 -3.34383
12.3834 10.7806 -6.05583
15.8034 9.08556 -5.54783
17.3364 8.06956 -8.95083

20.7254 6.56956 -9.97283
22.4264 7.08856 -13.4018
23.5324 3.72356 -14.9258
20.5094 1.74856 -13.5078
16.8374 0.748556 -14.1338

15.8254 4.33256 -13.0548
17.1444 5.67656 -16.4388
14.3644 3.66856 -18.2488
11.6654 3.74556 -15.5148
11.6294 7.55956 -15.0948
10.8184 8.40156 -18.8088
8.23336 5.51456 -18.7588
6.52436 6.95156 -15.6148
6.53736 10.4646 -17.2318
4.84436 9.38156 -20.5138
2.24336 7.45656 -18.3988
1.40136 10.5916 -16.2798
1.04136 12.5836 -19.5518
-1.43164 9.93856 -20.9168
-3.35364 10.2046 -17.5848
-3.33864 14.0686 -17.7488
-4.56564 14.1526 -21.4188

-7.43864 11.8306 -20.3018
-8.23864 14.3726 -17.4568
-7.16264 11.7716 -14.8128
-4.14264 13.6786 -13.3368
-2.96764 17.2936 -12.7648
0.490357 15.8546 -12.0298
2.96436 16.9906 -14.6748
6.40436 15.3186 -14.2018
8.28936 17.1246 -17.0908

9.29536 20.2136 -15.0088
11.3434 18.0246 -12.5658
13.6904 16.7076 -15.3448
14.5414 20.1046 -16.9038

15.8064 21.0636 -13.3738
18.2914 18.0906 -12.9508

End chain 1
