-13.201 -6.296 -53.957
-10.703 -3.406 -53.291
-9.54 -3.087 -49.639
-11.02 0.322 -48.639
-8.614 1.85 -46.053
-10.787 3.126 -43.162

-9.634 6.195 -41.181
-10.061 4.9 -37.589
-10.286 6.838 -34.306
-12.195 7.103 -30.979
-14.163 9.439 -28.711
-12.619 10.223 -25.263
-14.157 12.207 -22.344

-11.943 15.248 -21.466
-14.301 16.978 -18.949
-17.827 16.65 -17.399
-19.139 18.761 -20.353

-16.752 17.96 -23.312
-15.482 14.956 -25.281
-12.62 14.751 -27.824
-12.437 12.939 -31.204
-8.982 11.264 -31.393
-8.672 10.357 -35.1

-6.282 10.744 -38.079
-6.98 13.557 -40.6
-9.895 13.022 -43.051

-11.208 15.853 -45.293
-14.92 14.856 -45.011
-14.611 14.37 -41.226
-13.015 17.857 -40.827
-15.875 19.254 -42.999
-18.403 17.482 -40.669
-16.559 18.759 -37.515
-16.844 22.341 -38.957

-20.697 21.797 -39.029
-20.861 21.033 -35.24
-22.116 23.933 -33.104
-20.016 23.255 -29.939
-16.791 22.621 -31.971

-13.393 23.436 -30.391
-10.011 22.816 -32.063
-6.805 22.812 -29.99

-3.883 23.919 -32.209
-1.328 22.314 -29.773
-2.753 18.736 -29.691
-4.334 19.137 -33.217

-7.578 17.622 -31.79
-11.313 18.386 -31.995
-13.683 18.544 -28.991
-17.466 19.001 -28.65
-20.131 19.402 -25.91

-21.257 16.038 -24.476
-24.923 16.743 -25.497
-23.731 16.722 -29.178
-22.178 13.179 -28.839
-25.228 11.354 -30.322
-25.57 14.044 -33.093
-21.852 13.682 -34.021
-21.815 9.829 -34.037
-25.045 9.774 -36.128
-23.507 12.176 -38.75
-20.093 10.348 -38.803

-21.793 6.948 -39.527
-22.962 8.546 -42.834
-19.328 9.196 -43.991
-17.677 6.563 -46.261
-14.251 5.2 -45.121

-14.46 6.789 -41.562
-14.765 4.819 -38.279
-15.142 6.964 -35.114
-15.663 4.659 -32.101

-18.218 6.249 -29.657
-17.862 6.903 -25.912
-18.35 3.469 -24.195
-21.794 2.549 -22.772
-20.235 2.829 -19.255
-19.534 6.58 -19.812
-22.964 7.196 -21.431
-24.623 5.531 -18.378
-22.42 7.523 -15.909

-23.028 10.919 -17.654
-26.668 10.153 -18.714
-27.851 13.482 -17.123

-25.214 15.594 -18.963
-26 13.8 -22.296
-29.631 15.147 -21.909

-29.014 18.802 -20.797
-28.522 21.656 -23.337
-27.494 23.803 -20.296
-24.374 24.206 -18.108
-26.03 23.63 -14.722
-23.195 22.587 -12.38
-23.731 19.355 -10.334

-27.219 19.392 -8.694
-26.798 20.208 -4.988
-26.578 17.032 -2.906
-29.814 16.999 -0.82
-29.276 16.946 2.956
-30.305 13.551 4.343

-32.727 13.25 7.268
-30.389 11.851 9.975
-33.077 12.019 12.787
-33.159 8.159 12.923
-29.32 8.149 13.454
-27.82 8.306 16.969

-27.52 12.074 17.913
-23.991 11.509 19.371
-22.796 10.469 15.867
-24.731 13.185 13.93
-23.402 16.008 16.22
-19.738 14.82 15.861

-19.687 14.822 11.995
-17.445 17.587 10.586

-19.106 19.692 7.763
-17.231 17.783 4.996
-18.064 14.402 6.666
-21.796 15.407 6.677
-21.562 16.318 2.947
-19.943 12.855 2.346
-22.788 11.075 4.244
-25.363 13.084 2.191
-23.555 12.165 -1.104
-23.43 8.459 -0.115
-27.196 8.491 0.728
-28.024 10.343 -2.565

-25.973 7.645 -4.472
-28.214 5.048 -2.67
-25.512 3.7 -0.27

-23.352 2.353 -3.174
-19.956 4.118 -3.237
-16.209 4.012 -2.721
-15.295 6.541 0.021

-11.694 7.195 -1.128

-11.135 10.189 1.225
-7.504 10.605 2.377

-6.048 8.715 5.398
-7.361 9.956 8.784
-10.233 12.169 7.374
-12.706 9.981 9.408

-13.844 7.354 6.831
-15.012 5.081 9.734
-17.363 7.714 11.316
-18.876 8.506 7.854
-19.282 4.738 7.09
-21.02 4.042 10.461
-23.415 6.996 9.798
-24.247 5.855 6.195
-24.846 2.277 7.463
-26.955 3.52 10.461
-29.227 5.531 8.078

-29.9 2.058 6.507

-30.384 0.293 9.981
-33.886 -0.857 8.77
-32.05 -2.956 6.062
-29.626 -4.868 8.41
-27.981 -7.413 9.17

-24.774 -5.448 8.488
-21.551 -7.137 7.269
-18.235 -5.328 7.997
-15.132 -6.739 6.223
-11.829 -5.357 7.603

-8.05 -6.016 7.986
-7.416 -8.82 10.567
-5.856 -6.305 13.093
-8.689 -3.64 13.199

-11.758 -5.868 14.003
-11.895 -4.753 17.675
-11.154 -1.102 16.63
-14.365 -1.304 14.506
-16.414 -2.897 17.375
-15.268 -0.08 19.729
-16.109 2.476 16.969
-19.722 1.111 16.76
-20.082 1.14 20.611
-18.596 4.7 20.723
-20.823 6.195 17.978

-24.1218 4.2756 17.8576
-24.2586 3.04171 14.1774
-24.0347 1.07603 10.8253
-24.8332 -1.08476 13.936
-27.9145 -1.26879 16.1381

-30.0408 -1.5542 13.0012
-33.0849 -0.192411 14.8238
-31.0959 2.76873 16.1346

-27.4069 2.61973 14.9196
-25.8209 -0.68827 13.8316
-21.9969 -0.60527 13.4246

-21.0179 -3.68027 11.3786
-17.6319 -4.86727 12.7156
-17.5169 -8.40127 11.1566
-18.7209 -10.3633 8.07859
-21.0849 -12.3843 10.4136
-23.1039 -9.37227 11.6606
-26.6679 -8.48127 10.5026
-26.3909 -5.53727 8.04459
-30.1319 -4.66627 8.61659
-30.2349 -4.73027 12.4706
-30.4239 -0.89627 12.8796
-32.3959 1.96973 11.3386

-28.9039 3.29573 10.3816
-26.3809 0.60273 9.30859
-22.6519 1.53773 9.14659
-20.3249 -0.86627 7.23059
-16.8449 -0.85927 5.63459

-15.9739 -1.30427 1.92059
-14.0729 -4.57327 2.71859
-17.1489 -6.11027 4.45659
-19.6159 -5.33327 1.56559

-18.2419 -8.27927 -0.516411
-18.6029 -10.6373 2.52659
-22.1589 -9.30427 3.18859
-23.3299 -9.37927 -0.517411
-26.0469 -11.9793 0.387589
-27.5589 -9.40027 2.85559
-27.2709 -6.45827 0.332589
-30.3869 -7.99727 -1.37841
-32.5039 -6.01527 1.16859
-33.4099 -2.70127 -0.604411
-31.6829 0.20073 1.18559
-33.5519 3.22073 -0.296411

-31.0199 5.75873 1.13559
-27.2519 5.13773 0.772589
-24.3229 7.29073 1.94559
-20.8329 6.32573 0.703589

-17.9779 8.19873 2.40259
-14.6569 8.57073 0.494589

-16.3819 7.08373 -2.62541
-13.0809 7.22873 -4.62441
-12.5679 3.69373 -3.11241
-15.0899 2.56973 -5.83241

-12.8739 3.99973 -8.71041
-12.1769 0.52673 -10.2674
-15.2289 -1.54727 -11.3924
-13.3099 -4.91227 -11.2944
-12.7019 -4.68027 -7.49541

-14.8669 -6.83327 -5.16441
-15.8839 -3.68627 -3.14341
-17.1479 -1.97327 -6.34941
-18.9019 -5.15727 -7.66241
-20.7769 -5.46927 -4.30441
-21.6289 -1.70127 -3.98841
-22.7809 -0.91727 -7.58141
-26.0159 -3.08727 -7.65941
-27.2769 -1.35027 -4.45541
-26.3199 2.16373 -5.72041
-28.2089 1.60973 -9.04241
-31.4639 0.50873 -7.23241

-31.3879 2.79173 -4.12141
-33.6879 5.89373 -4.36041

-31.1419 8.31973 -2.76041
-27.3349 8.08873 -3.28541
-25.0849 10.5127 -1.36641
-21.4609 9.97873 -2.47941
-18.7429 11.9147 -0.568411

-15.0549 12.5007 -1.47541
-12.3139 15.1477 -1.08341
-10.6059 13.7367 -4.19341
-13.3179 12.2137 -6.48841
-10.5789 11.4147 -9.00141
-7.15989 10.4797 -7.53341
-5.13689 10.7087 -10.8124
-7.27589 10.2507 -14.0204

-10.8019 10.8477 -15.5404
-11.4609 7.03973 -15.7574
-11.7179 6.91773 -11.8794
-14.9349 9.06573 -12.0354
-16.9439 6.58973 -14.1844
-18.2199 4.40973 -11.2704
-19.2969 7.54373 -9.29941
-21.0539 9.02973 -12.4144
-23.0749 5.79773 -13.0324
-23.8609 5.50973 -9.27041
-25.4199 9.05273 -9.25241

-26.9229 8.78173 -12.8284
-27.3079 5.06573 -13.9134
-28.4879 6.18473 -17.4364
-25.2509 8.14573 -18.1644
-22.6529 6.19973 -20.2484
-24.2159 2.65073 -19.8854
-20.8919 1.21873 -21.2274

-17.4169 2.41673 -20.0854
-16.0349 2.41373 -23.6884
-18.1819 5.46873 -24.6864
-16.8809 7.40473 -21.6154
-13.2809 6.23673 -22.3244
-13.3439 7.27373 -26.0404
-14.5539 10.8017 -25.0864
-12.7189 11.6157 -21.7984

-9.82589 9.08473 -21.4204
-8.16689 9.56773 -24.8984
-8.81489 5.85873 -25.5144

-6.23789 4.21173 -27.8454
-6.48689 0.86373 -29.6874
-3.20689 -0.97927 -28.9304

-2.21089 -4.46127 -30.3584
-3.26089 -6.02827 -26.9714

-6.61689 -4.13527 -26.5644
-7.78089 -0.65227 -25.4704
-5.69089 1.77273 -23.3884

-7.70189 4.24373 -21.1944
-4.77089 5.85973 -19.2354
-5.10189 9.18673 -21.1284
-7.32089 12.2737 -20.7824
-9.44889 14.3337 -23.2214
-12.2039 17.0287 -23.2994

-11.7439 17.7457 -19.5244
-13.5749 21.1437 -19.6234
-16.6749 19.3677 -21.0804
-16.3499 16.6537 -18.3764
-16.1689 19.4217 -15.6834
-19.3769 21.0597 -17.0524
-21.2099 17.6647 -17.1614
-20.0979 16.8417 -13.5744
-21.1569 20.2397 -12.0874
-24.5589 20.2897 -13.9004
-25.7359 16.6807 -13.3654

-23.5049 14.6787 -10.8994

-21.3719 16.7367 -8.51541
-21.4299 19.6307 -6.04441

-17.8269 20.8727 -5.51141
-16.5199 23.8737 -3.52241
-12.9449 24.7087 -2.54841

-11.4189 26.1927 0.679589
-10.8079 29.3967 -1.34241
-14.5629 29.6457 -2.24241
-16.0029 29.2757 1.31759

-13.1919 29.7707 3.93959
-11.2309 33.0057 3.10859
-9.81689 32.7687 6.70859
-7.81189 29.5007 6.29259

-4.01289 30.1947 6.27759
-2.25989 29.4607 2.95359

-0.60389 26.0907 2.21059
3.01211 26.9387 1.23259
4.54911 24.0487 -0.769411
8.22811 23.5507 -1.71641
10.5901 20.9417 -3.11841
13.6311 20.2467 -0.877411
16.4501 18.6927 -2.93241

18.2301 16.4917 -0.341411
21.9451 16.3107 -1.15141

22.9291 13.0797 -3.07441
26.5441 13.5507 -1.74641
25.5061 11.3587 1.27559

24.4651 8.56973 -1.20941
27.6031 6.38873 -1.14341

29.1091 5.11573 -4.44141
27.7971 1.49773 -3.90041
24.1751 2.69573 -3.34941
24.4521 5.02573 -6.41041
25.8811 2.18073 -8.56241
22.9431 -0.0362705 -7.37741
20.3971 2.69873 -8.37541
22.1941 3.09673 -11.7654
22.1071 -0.72927 -12.1964
18.3341 -1.03827 -11.4484
17.6461 2.01373 -13.7164
19.6011 0.33773 -16.6034
17.8271 -2.97527 -15.8124
14.3301 -1.42327 -16.3964
15.4211 -0.0922705 -19.8674

16.9011 -3.42227 -21.1194
15.0711 -4.52027 -24.3244
15.2121 -8.30027 -23.7894
13.3411 -8.46127 -20.4044
9.76811 -9.68927 -19.8974

6.97211 -7.30227 -18.7434
7.29111 -8.96427 -15.2804
11.1131 -8.50527 -14.9914
10.5621 -4.80327 -15.9624
7.97311 -4.45027 -13.0874
10.3411 -6.27027 -10.6504
13.2901 -3.97827 -11.6074
10.9391 -0.94027 -11.1514
9.92411 -2.14227 -7.62741
13.6391 -2.72327 -6.82041
14.6091 0.79773 -8.09241
11.7821 2.33673 -5.97741
12.7371 0.38773 -2.77941
16.4701 1.30473 -3.34641
15.4201 4.99473 -3.70641
13.7691 4.80573 -0.246411
16.9291 3.22473 1.32259
19.2291 5.78573 -0.405411
17.2301 8.75973 1.04059
17.1771 7.56373 4.73859
20.4641 9.31673 5.87559
19.5271 12.7497 4.40359
15.8421 12.3947 5.44359
17.1831 11.8467 9.01459
19.6551 14.7897 8.62759
16.7281 17.0407 7.54459
14.4161 15.8887 10.4346
17.2211 16.6567 12.9456
17.8751 20.1067 11.3206
14.1261 20.9037 11.7966
14.2531 19.8927 15.5216
17.5781 21.7577 16.1116

15.9201 24.8367 14.4286
13.4401 24.8217 17.4026
10.2711 23.5247 15.6116
7.57711 22.5717 18.1396
5.32411 20.2227 16.0156

5.54311 18.6277 12.5346
4.37511 15.5517 10.5636
6.74511 13.1897 8.68859
5.15911 11.1227 5.88459
6.78011 7.96773 4.41359

5.39811 4.66673 2.93659
8.27611 2.12273 2.99159

8.40711 0.43873 6.44459
12.2701 0.64073 6.50259
12.0401 4.49773 6.26059
9.43711 4.68273 9.10459
11.5981 2.24773 11.1906
14.8631 4.22973 10.6366
13.1861 7.60873 11.4826
11.6331 6.17973 14.7216
14.9691 4.54673 15.7516
16.9111 7.84973 15.3316
14.2251 9.86273 17.2396
14.4431 7.27173 20.1046
18.3051 7.49573 19.9896

18.0171 11.3507 20.2456
15.3491 10.9187 23.0466
12.7711 12.8787 20.9446
9.16711 12.1917 22.0136

7.16411 11.2007 18.9026
4.07911 9.23273 17.7366
4.00111 6.51573 15.0206
0.99911 5.41473 12.8766

1.26511 2.69273 10.1786
-0.56789 -0.40327 8.76459
0.0101096 -2.32027 12.0736
-1.42389 0.42873 14.3896
-4.93689 -0.57627 15.5786
-8.09989 1.51973 14.9226
-8.47289 2.62773 18.6106

-4.71489 3.26973 19.1976
-4.72389 5.49473 16.0306
-7.28489 7.82673 17.6946
-5.43589 7.77173 21.0786
-1.99989 8.55973 19.4706
-3.74089 11.3287 17.4476
-5.07489 12.8167 20.7476
-1.59789 12.4337 22.4006
0.0501096 14.4497 19.5326
-2.79789 17.0497 19.5826
-2.87189 17.6137 23.3936

0.76111 16.9507 24.5276
3.34511 19.7327 23.8416
6.14811 17.1047 24.2916
5.33711 15.1007 21.1136
7.30611 17.0817 18.4926

7.16411 14.5577 15.5796
4.40411 12.3867 14.1006
5.86611 9.52473 11.9706
3.01011 8.61473 9.59759
2.43611 6.08673 6.80959

1.12411 7.98273 3.70859
-1.30489 5.07273 2.99959
-2.36789 4.22373 6.59659
-2.85489 7.81773 7.96359
-4.57689 9.34673 4.83059
-8.03789 8.87273 6.51859
-10.0359 9.82873 9.66959
-7.26889 11.5947 11.6646
-6.81989 15.3667 12.3496
-3.36689 16.9097 13.0586
-4.20389 20.6447 13.5046
-1.49389 20.9767 16.2576
1.29011 20.9117 13.5846
2.17411 23.7167 11.0876

4.62111 21.6397 8.94559
4.31211 18.4757 6.80359
7.47911 16.7087 5.51859
7.10211 14.0757 2.77459

10.2621 11.9527 3.21859
9.05311 9.93273 0.187589
7.04211 10.7357 -2.96041
3.84911 8.77073 -3.75641
2.76311 8.21673 -7.42341
-0.88289 9.18873 -6.67841

-1.42289 12.9657 -6.03041
-4.89589 12.4177 -4.46741
-3.19489 10.5507 -1.54741
-0.57589 13.3467 -1.13241
-3.41289 15.9747 -0.978411
-5.29289 13.7347 1.55659
-2.11489 13.7277 3.73659
-1.64089 17.5787 3.50459

-5.33889 18.0537 4.52259
-4.66489 16.2067 7.80659
-3.04389 19.4867 9.07159
-4.97589 22.0087 6.92659
-8.35989 21.5157 8.75059
-10.8999 23.6897 10.6336
-8.97589 24.6317 13.8306
-5.66789 25.4037 12.0086
-4.43889 29.0037 12.7226
-0.91689 28.9347 11.1096
0.18611 28.8977 7.42359

0.80811 25.2167 6.60059
4.29811 24.3957 5.26859
4.56011 21.3447 2.93359
8.12111 20.0927 2.19259
8.62511 17.4087 -0.519411
12.0451 15.7137 -0.0114109
13.5781 14.6977 -3.41441

16.9671 13.1977 -4.43641
18.6681 13.7167 -7.86541
19.7741 10.3517 -9.38941
16.7511 8.37673 -7.97141
13.0791 7.37673 -8.59741

12.0671 10.9607 -7.51841
13.3861 12.3047 -10.9024
10.6061 10.2967 -12.7124
7.90711 10.3737 -9.97841
7.87111 14.1877 -9.55841
7.06011 15.0297 -13.2724
4.47511 12.1427 -13.2224
2.76611 13.5797 -10.0784
2.77911 17.0927 -11.6954
1.08611 16.0097 -14.9774
-1.51489 14.0847 -12.8624
-2.35689 17.2197 -10.7434
-2.71689 19.2117 -14.0154
-5.18989 16.5667 -15.3804
-7.11189 16.8327 -12.0484
-7.09689 20.6967 -12.2124
-8.32389 20.7807 -15.8824

-11.1969 18.4587 -14.7654
-11.9969 21.0007 -11.9204
-10.9209 18.3997 -9.27641
-7.90089 20.3067 -7.80041
-6.72589 23.9217 -7.22841
-3.26789 22.4827 -6.49341
-0.79389 23.6187 -9.13841
2.64611 21.9467 -8.66541
4.53111 23.7527 -11.5544

5.53711 26.8417 -9.47241
7.58511 24.6527 -7.02941
9.93211 23.3357 -9.80841
10.7831 26.7327 -11.3674

12.0481 27.6917 -7.83741
14.5331 24.7187 -7.41441

End chain 1
