-13.201 -6.296 -53.957
-10.703 -3.406 -53.291
-9.54 -3.087 -49.639
-11.02 0.322 -48.639
-8.614 1.85 -46.053
-10.787 3.126 -43.162

-9.634 6.195 -41.181
-10.061 4.9 -37.589
-10.286 6.838 -34.306
-12.195 7.103 -30.979
-14.163 9.439 -28.711
-12.619 10.223 -25.263
-14.157 12.207 -22.344

-11.943 15.248 -21.466
-14.301 16.978 -18.949
-17.827 16.65 -17.399
-19.139 18.761 -20.353

-16.752 17.96 -23.312
-15.482 14.956 -25.281
-12.62 14.751 -27.824
-12.437 12.939 -31.204
-8.982 11.264 -31.393
-8.672 10.357 -35.1

-6.282 10.744 -38.079
-6.98 13.557 -40.6
-9.895 13.022 -43.051

-11.208 15.853 -45.293
-14.92 14.856 -45.011
-14.611 14.37 -41.226
-13.015 17.857 -40.827
-15.875 19.254 -42.999
-18.403 17.482 -40.669
-16.559 18.759 -37.515
-16.844 22.341 -38.957

-20.697 21.797 -39.029
-20.861 21.033 -35.24
-22.116 23.933 -33.104
-20.016 23.255 -29.939
-16.791 22.621 -31.971

-13.393 23.436 -30.391
-10.011 22.816 -32.063
-6.805 22.812 -29.99

-3.883 23.919 -32.209
-1.328 22.314 -29.773
-2.753 18.736 -29.691
-4.334 19.137 -33.217

-7.578 17.622 -31.79
-11.313 18.386 -31.995
-13.683 18.544 -28.991
-17.466 19.001 -28.65
-20.131 19.402 -25.91

-21.257 16.038 -24.476
-24.923 16.743 -25.497
-23.731 16.722 -29.178
-22.178 13.179 -28.839
-25.228 11.354 -30.322
-25.57 14.044 -33.093
-21.852 13.682 -34.021
-21.815 9.829 -34.037
-25.045 9.774 -36.128
-23.507 12.176 -38.75
-20.093 10.348 -38.803

-21.793 6.948 -39.527
-22.962 8.546 -42.834
-19.328 9.196 -43.991
-17.677 6.563 -46.261
-14.251 5.2 -45.121

-14.46 6.789 -41.562
-14.765 4.819 -38.279
-15.142 6.964 -35.114
-15.663 4.659 -32.101

-18.218 6.249 -29.657
-17.862 6.903 -25.912
-18.35 3.469 -24.195
-21.794 2.549 -22.772
-20.235 2.829 -19.255
-19.534 6.58 -19.812
-22.964 7.196 -21.431
-24.623 5.531 -18.378
-22.42 7.523 -15.909

-23.028 10.919 -17.654
-26.668 10.153 -18.714
-27.851 13.482 -17.123

-25.214 15.594 -18.963
-26 13.8 -22.296
-29.631 15.147 -21.909

-29.014 18.802 -20.797
-28.522 21.656 -23.337
-27.494 23.803 -20.296
-24.374 24.206 -18.108
-26.03 23.63 -14.722
-23.195 22.587 -12.38
-23.731 19.355 -10.334

-27.219 19.392 -8.694
-26.798 20.208 -4.988
-26.578 17.032 -2.906
-29.814 16.999 -0.82
-29.276 16.946 2.956
-30.305 13.551 4.343

-32.727 13.25 7.268
-30.389 11.851 9.975
-33.077 12.019 12.787
-33.159 8.159 12.923
-29.32 8.149 13.454
-27.82 8.306 16.969

-27.52 12.074 17.913
-23.991 11.509 19.371
-22.796 10.469 15.867
-24.731 13.185 13.93
-23.402 16.008 16.22
-19.738 14.82 15.861

-19.687 14.822 11.995
-17.445 17.587 10.586

-19.106 19.692 7.763
-17.231 17.783 4.996
-18.064 14.402 6.666
-21.796 15.407 6.677
-21.562 16.318 2.947
-19.943 12.855 2.346
-22.788 11.075 4.244
-25.363 13.084 2.191
-23.555 12.165 -1.104
-23.43 8.459 -0.115
-27.196 8.491 0.728
-28.024 10.343 -2.565

-25.973 7.645 -4.472
-28.214 5.048 -2.67
-25.512 3.7 -0.27

-23.352 2.353 -3.174
-19.956 4.118 -3.237
-16.209 4.012 -2.721
-15.295 6.541 0.021

-11.694 7.195 -1.128

-11.135 10.189 1.225
-7.504 10.605 2.377

-6.048 8.715 5.398
-7.361 9.956 8.784
-10.233 12.169 7.374
-12.706 9.981 9.408

-13.844 7.354 6.831
-15.012 5.081 9.734
-17.363 7.714 11.316
-18.876 8.506 7.854
-19.282 4.738 7.09
-21.02 4.042 10.461
-23.415 6.996 9.798
-24.247 5.855 6.195
-24.846 2.277 7.463
-26.955 3.52 10.461
-29.227 5.531 8.078

-29.9 2.058 6.507

-30.384 0.293 9.981
-33.886 -0.857 8.77
-32.05 -2.956 6.062
-29.626 -4.868 8.41
-27.981 -7.413 9.17

-24.774 -5.448 8.488
-21.551 -7.137 7.269
-18.235 -5.328 7.997
-15.132 -6.739 6.223
-11.829 -5.357 7.603

-8.05 -6.016 7.986
-7.416 -8.82 10.567
-5.856 -6.305 13.093
-8.689 -3.64 13.199

-11.758 -5.868 14.003
-11.895 -4.753 17.675
-11.154 -1.102 16.63
-14.365 -1.304 14.506
-16.414 -2.897 17.375
-15.268 -0.08 19.729
-16.109 2.476 16.969
-19.722 1.111 16.76
-20.082 1.14 20.611
-18.596 4.7 20.723
-20.823 6.195 17.978

-24.121 4.191 18.24
-24.851 3.95 22.056
-28.388 2.791 20.948
-26.764 -0.701 20.406
-26.03 -3.285 23.117

-22.632 -5.104 22.857
-24.638 -8.32 22.08
-25.78 -6.667 18.791

-22.091 -6.816 17.576
-20.505 -10.124 16.488
-16.681 -10.041 16.081

-15.702 -13.116 14.035
-12.316 -14.303 15.372
-12.201 -17.837 13.813
-13.405 -19.799 10.735
-15.769 -21.82 13.07
-17.788 -18.808 14.317
-21.352 -17.917 13.159
-21.075 -14.973 10.701
-24.816 -14.102 11.273
-24.919 -14.166 15.127
-25.108 -10.332 15.536
-27.08 -7.466 13.995

-23.588 -6.14 13.038
-21.065 -8.833 11.965
-17.336 -7.898 11.803
-15.009 -10.302 9.887
-11.529 -10.295 8.291

-10.658 -10.74 4.577
-8.757 -14.009 5.375
-11.833 -15.546 7.113
-14.3 -14.769 4.222

-12.926 -17.715 2.14
-13.287 -20.073 5.183
-16.843 -18.74 5.845
-18.014 -18.815 2.139
-20.731 -21.415 3.044
-22.243 -18.836 5.512
-21.955 -15.894 2.989
-25.071 -17.433 1.278
-27.188 -15.451 3.825
-28.094 -12.137 2.052
-26.367 -9.235 3.842
-28.236 -6.215 2.36

-25.704 -3.677 3.792
-21.936 -4.298 3.429
-19.007 -2.145 4.602
-15.517 -3.11 3.36

-12.662 -1.237 5.059
-9.341 -0.865 3.151

-11.066 -2.352 0.031
-7.765 -2.207 -1.968
-7.252 -5.742 -0.456
-9.774 -6.866 -3.176

-7.558 -5.436 -6.054
-6.861 -8.909 -7.611
-9.913 -10.983 -8.736
-7.994 -14.348 -8.638
-7.386 -14.116 -4.839

-9.551 -16.269 -2.508
-10.568 -13.122 -0.487
-11.832 -11.409 -3.693
-13.586 -14.593 -5.006
-15.461 -14.905 -1.648
-16.313 -11.137 -1.332
-17.465 -10.353 -4.925
-20.7 -12.523 -5.003
-21.961 -10.786 -1.799
-21.004 -7.272 -3.064
-22.893 -7.826 -6.386
-26.148 -8.927 -4.576

-26.3284 -5.68931 -2.63414
-29.9728 -4.32383 -2.73516

-32.9496 -2.0649 -2.88063
-33.1076 -0.77129 -6.42674
-34.2191 -3.4371 -8.84392
-37.9946 -3.35192 -9.43976
-41.0073 -4.64175 -11.4941

-37.3193 -4.05575 -12.4011
-34.5783 -1.40875 -12.0091
-32.8703 -2.81975 -15.1191
-35.5823 -4.34275 -17.4141
-32.8433 -5.14175 -19.9271
-29.4243 -6.07675 -18.4591
-27.4013 -5.84775 -21.7381
-29.5403 -6.30575 -24.9461

-33.0663 -5.70875 -26.4661
-33.7253 -9.51675 -26.6831
-33.9823 -9.63875 -22.8051
-37.1993 -7.49075 -22.9611
-39.2083 -9.96675 -25.1101
-40.4843 -12.1467 -22.1961
-41.5613 -9.01275 -20.2251
-43.3183 -7.52675 -23.3401
-45.3393 -10.7587 -23.9581
-46.1253 -11.0467 -20.1961
-47.6843 -7.50375 -20.1781

-49.1873 -7.77475 -23.7541
-49.5723 -11.4907 -24.8391
-50.7523 -10.3717 -28.3621
-47.5153 -8.41075 -29.0901
-44.9173 -10.3567 -31.1741
-46.4803 -13.9057 -30.8111
-43.1563 -15.3377 -32.1531

-39.6813 -14.1397 -31.0111
-38.2993 -14.1427 -34.6141
-40.4463 -11.0877 -35.6121
-39.1453 -9.15175 -32.5411
-35.5453 -10.3197 -33.2501
-35.6083 -9.28275 -36.9661
-36.8183 -5.75475 -36.0121
-34.9833 -4.94075 -32.7241

-32.0903 -7.47175 -32.3461
-30.4313 -6.98875 -35.8241
-31.0793 -10.6977 -36.4401

-28.5023 -12.3447 -38.7711
-28.7513 -15.6927 -40.6131
-25.4713 -17.5357 -39.8561

-24.4753 -21.0177 -41.2841
-25.5253 -22.5847 -37.8971

-28.8813 -20.6917 -37.4901
-30.0453 -17.2087 -36.3961
-27.9553 -14.7837 -34.3141

-29.9663 -12.3127 -32.1201
-27.0353 -10.6967 -30.1611
-27.3663 -7.36975 -32.0541
-29.5853 -4.28275 -31.7081
-31.7133 -2.22275 -34.1471
-34.4683 0.472252 -34.2251

-34.0083 1.18925 -30.4501
-35.8393 4.58725 -30.5491
-38.9393 2.81125 -32.0061
-38.6143 0.0972522 -29.3021
-38.4333 2.86525 -26.6091
-41.6413 4.50325 -27.9781
-43.4743 1.10825 -28.0871
-42.3623 0.285252 -24.5001
-43.4213 3.68325 -23.0131
-46.8233 3.73325 -24.8261
-48.0003 0.124252 -24.2911

-45.7693 -1.87775 -21.8251

-43.6363 0.180252 -19.4411
-43.6943 3.07425 -16.9701

-40.0913 4.31625 -16.4371
-38.7843 7.31725 -14.4481
-35.2093 8.15225 -13.4741

-33.6833 9.63625 -10.2461
-33.0723 12.8403 -12.2681
-36.8273 13.0893 -13.1681
-38.2673 12.7193 -9.60806

-35.4563 13.2143 -6.98606
-33.4953 16.4493 -7.81706
-32.0813 16.2123 -4.21706
-30.0763 12.9443 -4.63306

-26.2773 13.6383 -4.64806
-24.5243 12.9043 -7.97206

-22.8683 9.53425 -8.71506
-19.2523 10.3823 -9.69306
-17.7153 7.49225 -11.6951
-14.0363 6.99425 -12.6421
-11.6743 4.38525 -14.0441
-8.63326 3.69025 -11.8031
-5.81426 2.13625 -13.8581

-4.03426 -0.0647478 -11.2671
-0.319257 -0.245748 -12.0771

0.664743 -3.47675 -14.0001
4.27974 -3.00575 -12.6721
3.24174 -5.19775 -9.65006

2.20074 -7.98675 -12.1351
5.33874 -10.1677 -12.0691

6.84474 -11.4407 -15.3671
5.53274 -15.0587 -14.8261
1.91074 -13.8607 -14.2751
2.18774 -11.5307 -17.3361
3.61674 -14.3757 -19.4881
0.678743 -16.5927 -18.3031
-1.86726 -13.8577 -19.3011
-0.0702568 -13.4597 -22.6911
-0.157257 -17.2857 -23.1221
-3.93026 -17.5947 -22.3741
-4.61826 -14.5427 -24.6421
-2.66326 -16.2187 -27.5291
-4.43726 -19.5317 -26.7381
-7.93426 -17.9797 -27.3221
-6.84326 -16.6487 -30.7931

-5.36326 -19.9787 -32.0451
-7.19326 -21.0767 -35.2501
-7.05226 -24.8567 -34.7151
-8.92326 -25.0177 -31.3301
-12.4963 -26.2457 -30.8231

-15.2923 -23.8587 -29.6691
-14.9733 -25.5207 -26.2061
-11.1513 -25.0617 -25.9171
-11.7023 -21.3597 -26.8881
-14.2913 -21.0067 -24.0131
-11.9233 -22.8267 -21.5761
-8.97426 -20.5347 -22.5331
-11.3253 -17.4967 -22.0771
-12.3403 -18.6987 -18.5531
-8.62526 -19.2797 -17.7461
-7.65526 -15.7587 -19.0181
-10.4823 -14.2197 -16.9031
-9.52726 -16.1687 -13.7051
-5.79426 -15.2517 -14.2721
-6.84426 -11.5617 -14.6321
-8.49526 -11.7507 -11.1721
-5.33526 -13.3317 -9.60306
-3.03526 -10.7707 -11.3311
-5.03426 -7.79675 -9.88506
-5.08726 -8.99275 -6.18706
-1.80026 -7.23975 -5.05006
-2.73726 -3.80675 -6.52206
-6.42226 -4.16175 -5.48206
-5.08126 -4.70975 -1.91106
-2.60926 -1.76675 -2.29806
-5.53626 0.484252 -3.38106
-7.84826 -0.667748 -0.491061
-5.04326 0.100252 2.01994
-4.38926 3.55025 0.394939
-8.13826 4.34725 0.870939
-8.01126 3.33625 4.59594
-4.68626 5.20125 5.18594

-6.34426 8.28025 3.50294
-8.82426 8.26525 6.47694
-11.9933 6.96825 4.68594
-14.6873 6.01525 7.21394
-16.9403 3.66625 5.08994

-16.7213 2.07125 1.60894
-17.8893 -1.00475 -0.362061
-15.5193 -3.36675 -2.23706
-17.1053 -5.43375 -5.04106
-15.4843 -8.58875 -6.51206

-16.8663 -11.8897 -7.98906
-13.9883 -14.4337 -7.93406

-13.8573 -16.1177 -4.48106
-9.99426 -15.9157 -4.42306
-10.2243 -12.0587 -4.66506
-12.8273 -11.8737 -1.82106
-10.6663 -14.3087 0.264939
-7.40126 -12.3267 -0.289061
-9.07826 -8.94775 0.556939
-10.6313 -10.3767 3.79594
-7.29526 -12.0097 4.82594
-5.35326 -8.70675 4.40594
-8.03926 -6.69375 6.31394
-7.82126 -9.28475 9.17894
-3.95926 -9.06075 9.06394

-4.24726 -5.20575 9.31994
-6.91526 -5.63775 12.1209
-9.49326 -3.67775 10.0189
-13.0973 -4.36475 11.0879

-15.1003 -5.35575 7.97694
-18.1853 -7.32375 6.81094
-18.2633 -10.0407 4.09494
-21.2653 -11.1417 1.95094

-20.9993 -13.8637 -0.747061
-22.8323 -16.9597 -2.16106
-22.2543 -18.8767 1.14794
-23.6883 -16.1277 3.46394
-27.2013 -17.1327 4.65294
-30.3643 -15.0367 3.99694
-30.7373 -13.9287 7.68494

-26.9793 -13.2867 8.27194
-26.9883 -11.0617 5.10494
-29.5493 -8.72975 6.76894
-27.7003 -8.78475 10.1529
-24.2643 -7.99675 8.54494
-26.0053 -5.22775 6.52194
-27.3393 -3.73975 9.82194
-23.8623 -4.12275 11.4749
-22.2143 -2.10675 8.60694
-25.0623 0.493252 8.65694
-25.1363 1.05725 12.4679

-21.5033 0.394252 13.6019
-18.9193 3.17625 12.9159
-16.1163 0.548252 13.3659
-16.9273 -1.45575 10.1879
-14.9583 0.525252 7.56694

-15.1003 -1.99875 4.65394
-17.8603 -4.16975 3.17494
-16.3983 -7.03175 1.04494
-19.2543 -7.94175 -1.32806
-19.8283 -10.4697 -4.11606

-21.1403 -8.57375 -7.21706
-23.5693 -11.4837 -7.92606
-24.6323 -12.3327 -4.32906
-25.1193 -8.73875 -2.96206
-26.8413 -7.20975 -6.09506
-30.3023 -7.68375 -4.40706
-32.3003 -6.72775 -1.25606
-29.5333 -4.96175 0.738939
-29.0843 -1.18975 1.42394
-25.6313 0.353252 2.13294
-26.4683 4.08825 2.57894
-23.7583 4.42025 5.33194
-20.9743 4.35525 2.65894
-20.0903 7.16025 0.161939

-17.6433 5.08325 -1.98006
-17.9523 1.91925 -4.12206
-14.7853 0.152252 -5.40706
-15.1623 -2.48075 -8.15106

-12.0023 -4.60375 -7.70706
-13.2113 -6.62375 -10.7381
-15.2223 -5.82075 -13.8861
-18.4153 -7.78575 -14.6821
-19.5013 -8.33975 -18.3491
-23.1473 -7.36775 -17.6041

-23.6873 -3.59075 -16.9561
-27.1603 -4.13875 -15.3931
-25.4593 -6.00575 -12.4731
-22.8403 -3.20975 -12.0581
-25.6773 -0.581748 -11.9041
-27.5573 -2.82175 -9.36906
-24.3793 -2.82875 -7.18906
-23.9053 1.02225 -7.42106

-27.6033 1.49725 -6.40306
-26.9293 -0.349748 -3.11906
-25.3083 2.93025 -1.85406
-27.2403 5.45225 -3.99906
-30.6243 4.95925 -2.17506
-33.1643 7.13325 -0.292061
-31.2403 8.07525 2.90494
-27.9323 8.84725 1.08294
-26.7033 12.4473 1.79694
-23.1813 12.3783 0.183939
-22.0783 12.3413 -3.50206

-21.4563 8.66025 -4.32506
-17.9663 7.83925 -5.65706
-17.7043 4.78825 -7.99206
-14.1433 3.53625 -8.73306
-13.6393 0.852252 -11.4451
-10.2193 -0.842748 -10.9371
-8.68626 -1.85875 -14.3401

-5.29726 -3.35875 -15.3621
-3.59626 -2.83975 -18.7911
-2.49026 -6.20475 -20.3151
-5.51326 -8.17975 -18.8971
-9.18526 -9.17975 -19.5231

-10.1973 -5.59575 -18.4441
-8.87826 -4.25175 -21.8281
-11.6583 -6.25975 -23.6381
-14.3573 -6.18275 -20.9041
-14.3933 -2.36875 -20.4841
-15.2043 -1.52675 -24.1981
-17.7893 -4.41375 -24.1481
-19.4983 -2.97675 -21.0041
-19.4853 0.536252 -22.6211
-21.1783 -0.546748 -25.9031
-23.7793 -2.47175 -23.7881
-24.6213 0.663252 -21.6691
-24.9813 2.65525 -24.9411
-27.4543 0.0102522 -26.3061
-29.3763 0.276252 -22.9741
-29.3613 4.14025 -23.1381
-30.5883 4.22425 -26.8081

-33.4613 1.90225 -25.6911
-34.2613 4.44425 -22.8461
-33.1853 1.84325 -20.2021
-30.1653 3.75025 -18.7261
-28.9903 7.36525 -18.1541
-25.5323 5.92625 -17.4191
-23.0583 7.06225 -20.0641
-19.6183 5.39025 -19.5911
-17.7333 7.19625 -22.4801

-16.7273 10.2853 -20.3981
-14.6793 8.09625 -17.9551
-12.3323 6.77925 -20.7341
-11.4813 10.1763 -22.2931

-10.2163 11.1353 -18.7631
-7.73126 8.16225 -18.3401

End chain 1
