-13.201 -6.296 -53.957
-10.703 -3.406 -53.291
-9.54 -3.087 -49.639
-11.02 0.322 -48.639
-8.614 1.85 -46.053
-10.787 3.126 -43.162

-9.634 6.195 -41.181
-10.061 4.9 -37.589
-10.286 6.838 -34.306
-12.195 7.103 -30.979
-14.163 9.439 -28.711
-12.619 10.223 -25.263
-14.157 12.207 -22.344

-11.943 15.248 -21.466
-14.301 16.978 -18.949
-17.827 16.65 -17.399
-19.139 18.761 -20.353

-16.752 17.96 -23.312
-15.482 14.956 -25.281
-12.62 14.751 -27.824
-12.437 12.939 -31.204
-8.982 11.264 -31.393
-8.672 10.357 -35.1

-6.282 10.744 -38.079
-6.98 13.557 -40.6
-9.895 13.022 -43.051

-11.208 15.853 -45.293
-14.92 14.856 -45.011
-14.611 14.37 -41.226
-13.015 17.857 -40.827
-15.875 19.254 -42.999
-18.403 17.482 -40.669
-16.559 18.759 -37.515
-16.844 22.341 -38.957

-20.697 21.797 -39.029
-20.861 21.033 -35.24
-22.116 23.933 -33.104
-20.016 23.255 -29.939
-16.791 22.621 -31.971

-13.393 23.436 -30.391
-10.011 22.816 -32.063
-6.805 22.812 -29.99

-3.883 23.919 -32.209
-1.328 22.314 -29.773
-2.753 18.736 -29.691
-4.334 19.137 -33.217

-7.578 17.622 -31.79
-11.313 18.386 -31.995
-13.683 18.544 -28.991
-17.466 19.001 -28.65
-20.131 19.402 -25.91

-21.257 16.038 -24.476
-24.923 16.743 -25.497
-23.731 16.722 -29.178
-22.178 13.179 -28.839
-25.228 11.354 -30.322
-25.57 14.044 -33.093
-21.852 13.682 -34.021
-21.815 9.829 -34.037
-25.045 9.774 -36.128
-23.507 12.176 -38.75
-20.093 10.348 -38.803

-21.793 6.948 -39.527
-22.962 8.546 -42.834
-19.328 9.196 -43.991
-17.677 6.563 -46.261
-14.251 5.2 -45.121

-14.46 6.789 -41.562
-14.765 4.819 -38.279
-15.142 6.964 -35.114
-15.663 4.659 -32.101

-18.218 6.249 -29.657
-17.862 6.903 -25.912
-18.35 3.469 -24.195
-21.794 2.549 -22.772
-20.235 2.829 -19.255
-19.534 6.58 -19.812
-22.964 7.196 -21.431
-24.623 5.531 -18.378
-22.42 7.523 -15.909

-23.028 10.919 -17.654
-26.668 10.153 -18.714
-27.851 13.482 -17.123

-25.214 15.594 -18.963
-26 13.8 -22.296
-29.631 15.147 -21.909

-29.014 18.802 -20.797
-28.522 21.656 -23.337
-27.494 23.803 -20.296
-24.374 24.206 -18.108
-26.03 23.63 -14.722
-23.195 22.587 -12.38
-23.731 19.355 -10.334

-27.219 19.392 -8.694
-26.798 20.208 -4.988
-26.578 17.032 -2.906
-29.814 16.999 -0.82
-29.276 16.946 2.956
-30.305 13.551 4.343

-32.727 13.25 7.268
-30.389 11.851 9.975
-33.077 12.019 12.787
-33.159 8.159 12.923
-29.32 8.149 13.454
-27.82 8.306 16.969

-27.52 12.074 17.913
-23.991 11.509 19.371
-22.796 10.469 15.867
-24.731 13.185 13.93
-23.402 16.008 16.22
-19.738 14.82 15.861

-19.687 14.822 11.995
-17.445 17.587 10.586

-19.106 19.692 7.763
-17.231 17.783 4.996
-18.064 14.402 6.666
-21.796 15.407 6.677
-21.562 16.318 2.947
-19.943 12.855 2.346
-22.788 11.075 4.244
-25.363 13.084 2.191
-23.555 12.165 -1.104
-23.43 8.459 -0.115
-27.196 8.491 0.728
-28.024 10.343 -2.565

-25.973 7.645 -4.472
-28.214 5.048 -2.67
-25.512 3.7 -0.27

-23.352 2.353 -3.174
-19.956 4.118 -3.237
-16.209 4.012 -2.721
-15.295 6.541 0.021

-11.694 7.195 -1.128

-11.135 10.189 1.225
-7.504 10.605 2.377

-6.048 8.715 5.398
-7.361 9.956 8.784
-10.233 12.169 7.374
-12.706 9.981 9.408

-13.844 7.354 6.831
-15.012 5.081 9.734
-17.363 7.714 11.316
-18.876 8.506 7.854
-19.282 4.738 7.09
-21.02 4.042 10.461
-23.415 6.996 9.798
-24.247 5.855 6.195
-24.846 2.277 7.463
-26.955 3.52 10.461
-29.227 5.531 8.078

-29.9 2.058 6.507

-30.384 0.293 9.981
-33.886 -0.857 8.77
-32.05 -2.956 6.062
-29.626 -4.868 8.41
-27.981 -7.413 9.17

-24.774 -5.448 8.488
-21.551 -7.137 7.269
-18.235 -5.328 7.997
-15.132 -6.739 6.223
-11.829 -5.357 7.603

-8.05 -6.016 7.986
-7.416 -8.82 10.567
-5.856 -6.305 13.093
-8.689 -3.64 13.199

-11.758 -5.868 14.003
-11.895 -4.753 17.675
-11.154 -1.102 16.63
-14.365 -1.304 14.506
-16.414 -2.897 17.375
-15.268 -0.08 19.729
-16.109 2.476 16.969
-19.722 1.111 16.76
-20.082 1.14 20.611
-18.596 4.7 20.723
-20.823 6.195 17.978

-24.121 4.191 18.24
-24.851 3.95 22.056
-28.388 2.791 20.948
-26.764 -0.701 20.406
-26.03 -3.285 23.117

-22.632 -5.104 22.857
-24.638 -8.32 22.08
-25.78 -6.667 18.791

-22.091 -6.816 17.576
-20.505 -10.124 16.488
-16.681 -10.041 16.081

-15.702 -13.116 14.035
-12.316 -14.303 15.372
-12.201 -17.837 13.813
-13.405 -19.799 10.735
-15.769 -21.82 13.07
-17.788 -18.808 14.317
-21.352 -17.917 13.159
-21.075 -14.973 10.701
-24.816 -14.102 11.273
-24.919 -14.166 15.127
-25.108 -10.332 15.536
-27.08 -7.466 13.995

-23.588 -6.14 13.038
-21.065 -8.833 11.965
-17.336 -7.898 11.803
-15.009 -10.302 9.887
-11.529 -10.295 8.291

-10.658 -10.74 4.577
-8.757 -14.009 5.375
-11.833 -15.546 7.113
-14.3 -14.769 4.222

-12.926 -17.715 2.14
-13.287 -20.073 5.183
-16.843 -18.74 5.845
-18.014 -18.815 2.139
-20.731 -21.415 3.044
-22.243 -18.836 5.512
-21.955 -15.894 2.989
-25.071 -17.433 1.278
-27.188 -15.451 3.825
-28.094 -12.137 2.052
-26.367 -9.235 3.842
-28.236 -6.215 2.36

-25.704 -3.677 3.792
-21.936 -4.298 3.429
-19.007 -2.145 4.602
-15.517 -3.11 3.36

-12.662 -1.237 5.059
-9.341 -0.865 3.151

-11.066 -2.352 0.031
-7.765 -2.207 -1.968
-7.252 -5.742 -0.456
-9.774 -6.866 -3.176

-7.558 -5.436 -6.054
-6.861 -8.909 -7.611
-9.913 -10.983 -8.736
-7.994 -14.348 -8.638
-7.386 -14.116 -4.839

-9.551 -16.269 -2.508
-10.568 -13.122 -0.487
-11.832 -11.409 -3.693
-13.586 -14.593 -5.006
-15.461 -14.905 -1.648
-16.313 -11.137 -1.332
-17.465 -10.353 -4.925
-20.7 -12.523 -5.003
-21.961 -10.786 -1.799
-21.004 -7.272 -3.064
-22.893 -7.826 -6.386
-26.148 -8.927 -4.576

-26.072 -6.644 -1.465
-28.372 -3.542 -1.704

-25.826 -1.116 -0.104
-22.019 -1.347 -0.629
-19.769 1.077 1.29
-16.145 0.543 0.177
-13.427 2.479 2.088

-9.739 3.065 1.181
-6.998 5.712 1.573
-5.29 4.301 -1.537
-8.002 2.778 -3.832
-5.263 1.979 -6.345
-1.844 1.044 -4.877
0.179 1.273 -8.156
-1.96 0.815 -11.364

-5.486 1.412 -12.884
-6.145 -2.396 -13.101
-6.402 -2.518 -9.223
-9.619 -0.37 -9.379
-11.628 -2.846 -11.528
-12.904 -5.026 -8.614
-13.981 -1.892 -6.643
-15.738 -0.406 -9.758
-17.759 -3.638 -10.376
-18.545 -3.926 -6.614
-20.104 -0.383 -6.596

-21.607 -0.654 -10.172
-21.992 -4.37 -11.257
-23.172 -3.251 -14.78
-19.935 -1.29 -15.508
-17.337 -3.236 -17.592
-18.9 -6.785 -17.229
-15.576 -8.217 -18.571

-12.101 -7.019 -17.429
-10.719 -7.022 -21.032
-12.866 -3.967 -22.03
-11.565 -2.031 -18.959
-7.965 -3.199 -19.668
-8.028 -2.162 -23.384
-9.238 1.366 -22.43
-7.403 2.18 -19.142

-4.51 -0.351 -18.764
-2.851 0.132 -22.242
-3.499 -3.577 -22.858

-0.922 -5.224 -25.189
-1.171 -8.572 -27.031
2.109 -10.415 -26.274

3.105 -13.897 -27.702
2.055 -15.464 -24.315

-1.301 -13.571 -23.908
-2.465 -10.088 -22.814
-0.375 -7.663 -20.732

-2.386 -5.192 -18.538
0.545 -3.576 -16.579
0.214 -0.249 -18.472
-2.005 2.838 -18.126
-4.133 4.898 -20.565
-6.888 7.593 -20.643

-6.428 8.31 -16.868
-8.259 11.708 -16.967
-11.359 9.932 -18.424
-11.034 7.218 -15.72
-10.853 9.986 -13.027
-14.061 11.624 -14.396
-15.894 8.229 -14.505
-14.782 7.406 -10.918
-15.841 10.804 -9.431
-19.243 10.854 -11.244
-20.42 7.245 -10.709

-18.189 5.243 -8.243

-16.056 7.301 -5.859
-16.114 10.195 -3.388

-12.511 11.437 -2.855
-11.204 14.438 -0.866
-7.629 15.273 0.108

-6.103 16.757 3.336
-5.492 19.961 1.314
-9.247 20.21 0.414
-10.687 19.84 3.974

-7.876 20.335 6.596
-5.915 23.57 5.765
-4.501 23.333 9.365
-2.496 20.065 8.949

1.303 20.759 8.934
3.056 20.025 5.61

4.712 16.655 4.867
8.328 17.503 3.889
9.865 14.613 1.887
13.544 14.115 0.94
15.906 11.506 -0.462
18.947 10.811 1.779
21.766 9.257 -0.276

23.0225 5.74723 0.417468
25.1001 2.65947 1.34782

25.1298 4.09177 4.86784
28.5387 2.56336 5.56519
29.9552 4.01679 2.35211

28.9142 1.22779 -0.132895
32.0522 -0.953212 -0.0668947

33.5582 -2.22621 -3.36489
32.2462 -5.84421 -2.82389
28.6242 -4.64621 -2.27289
28.9012 -2.31621 -5.33389
30.3302 -5.16121 -7.48589
27.3922 -7.37821 -6.30089
24.8462 -4.64321 -7.29889
26.6432 -4.24521 -10.6889
26.5562 -8.07121 -11.1199
22.7832 -8.38021 -10.3719
22.0952 -5.32821 -12.6399
24.0502 -7.00421 -15.5269
22.2762 -10.3172 -14.7359
18.7792 -8.76521 -15.3199
19.8702 -7.43421 -18.7909

21.3502 -10.7642 -20.0429
19.5202 -11.8622 -23.2479
19.6612 -15.6422 -22.7129
17.7902 -15.8032 -19.3279
14.2172 -17.0312 -18.8209

11.4212 -14.6442 -17.6669
11.7402 -16.3062 -14.2039
15.5622 -15.8472 -13.9149
15.0112 -12.1452 -14.8859
12.4222 -11.7922 -12.0109
14.7902 -13.6122 -9.57389
17.7392 -11.3202 -10.5309
15.3882 -8.28221 -10.0749
14.3732 -9.48421 -6.55089
18.0882 -10.0652 -5.74389
19.0582 -6.54421 -7.01589
16.2312 -5.00521 -4.90089
17.1862 -6.95421 -1.70289
20.9192 -6.03721 -2.26989
19.8692 -2.34721 -2.62989
18.2182 -2.53621 0.830105
21.3782 -4.11721 2.39911
23.6782 -1.55621 0.671105
21.6792 1.41779 2.11711
21.6262 0.221788 5.81511
24.9132 1.97479 6.95211
23.9762 5.40779 5.48011
20.2912 5.05279 6.52011
21.6322 4.50479 10.0911
24.1042 7.44779 9.70411
21.1772 9.69879 8.62111
18.8652 8.54679 11.5111
21.6702 9.31479 14.0221
22.3242 12.7648 12.3971
18.5752 13.5618 12.8731
18.7022 12.5508 16.5981
22.0272 14.4158 17.1881

20.3692 17.4948 15.5051
17.8892 17.4798 18.4791
14.7202 16.1828 16.6881
12.0262 15.2298 19.2161
9.77318 12.8808 17.0921

9.99218 11.2858 13.6111
8.82418 8.20979 11.6401
11.1942 5.84779 9.76511
9.60818 3.78079 6.96111
11.2292 0.625788 5.49011

9.84718 -2.67521 4.01311
12.7252 -5.21921 4.06811

12.8562 -6.90321 7.52111
16.7192 -6.70121 7.57911
16.4892 -2.84421 7.33711
13.8862 -2.65921 10.1811
16.0472 -5.09421 12.2671
19.3122 -3.11221 11.7131
17.6352 0.266788 12.5591
16.0822 -1.16221 15.7981
19.4182 -2.79521 16.8281
21.3602 0.507788 16.4081
18.6742 2.52079 18.3161
18.8922 -0.070212 21.1811
22.7542 0.153788 21.0661

22.4662 4.00879 21.3221
19.7982 3.57679 24.1231
17.2202 5.53679 22.0211
13.6162 4.84979 23.0901

11.6132 3.85879 19.9791
8.52818 1.89079 18.8131
8.45018 -0.826212 16.0971
5.44818 -1.92721 13.9531

5.71418 -4.64921 11.2551
3.88118 -7.74521 9.84111
4.45918 -9.66221 13.1501
3.02518 -6.91321 15.4661
-0.487817 -7.91821 16.6551
-3.65082 -5.82221 15.9991
-4.02382 -4.71421 19.6871

-0.265817 -4.07221 20.2741
-0.274817 -1.84721 17.1071
-2.83582 0.484788 18.7711
-0.986817 0.429788 22.1551
2.44918 1.21779 20.5471
0.708183 3.98679 18.5241
-0.625817 5.47479 21.8241
2.85118 5.09179 23.4771
4.49918 7.10779 20.6091
1.65118 9.70779 20.6591
1.57718 10.2718 24.4701

5.21018 9.60879 25.6041
7.79418 12.3908 24.9181
10.5972 9.76279 25.3681
9.78618 7.75879 22.1901
11.7552 9.73979 19.5691

11.6132 7.21579 16.6561
8.85318 5.04479 15.1771
10.3152 2.18279 13.0471
7.45918 1.27279 10.6741
6.88518 -1.25521 7.88611

5.57318 0.640788 4.78511
3.14418 -2.26921 4.07611
2.08118 -3.11821 7.67311
1.59418 0.475788 9.04011
-0.127817 2.00479 5.90711
-3.58882 1.53079 7.59511
-5.58682 2.48679 10.7461
-2.81982 4.25279 12.7411
-2.37082 8.02479 13.4261
1.08218 9.56779 14.1351
0.245183 13.3028 14.5811
2.95518 13.6348 17.3341
5.73918 13.5698 14.6611
6.62318 16.3748 12.1641

9.07018 14.2978 10.0221
8.76118 11.1338 7.88011
11.9282 9.36679 6.59511
11.5512 6.73379 3.85111

14.7112 4.61079 4.29511
13.5022 2.59079 1.26411
11.4912 3.39379 -1.88389
8.29818 1.42879 -2.67989
7.21218 0.874788 -6.34689
3.56618 1.84679 -5.60189

3.02618 5.62379 -4.95389
-0.446817 5.07579 -3.39089
1.25418 3.20879 -0.470895
3.87318 6.00479 -0.0558947
1.03618 8.63279 0.0981053
-0.843817 6.39279 2.63311
2.33418 6.38579 4.81311
2.80818 10.2368 4.58111

-0.889817 10.7118 5.59911
-0.215817 8.86479 8.88311
1.40518 12.1448 10.1481
-0.526817 14.6668 8.00311
-3.91082 14.1738 9.82711
-6.45082 16.3478 11.7101
-4.52682 17.2898 14.9071
-1.21882 18.0618 13.0851
0.0101834 21.6618 13.7991
3.53218 21.5928 12.1861
4.63518 21.5558 8.50011

5.25718 17.8748 7.67711
8.74718 17.0538 6.34511
9.00918 14.0028 4.01011
12.5702 12.7508 3.26911
13.0742 10.0668 0.557105
16.4942 8.37179 1.06511
18.0272 7.35579 -2.33789

21.4162 5.85579 -3.35989
23.1172 6.37479 -6.78889
24.2232 3.00979 -8.31289
21.2002 1.03479 -6.89489
17.5282 0.034788 -7.52089

16.5162 3.61879 -6.44189
17.8352 4.96279 -9.82589
15.0552 2.95479 -11.6359
12.3562 3.03179 -8.90189
12.3202 6.84579 -8.48189
11.5092 7.68779 -12.1959
8.92418 4.80079 -12.1459
7.21518 6.23779 -9.00189
7.22818 9.75079 -10.6189
5.53518 8.66779 -13.9009
2.93418 6.74279 -11.7859
2.09218 9.87779 -9.66689
1.73218 11.8698 -12.9389
-0.740817 9.22479 -14.3039
-2.66282 9.49079 -10.9719
-2.64782 13.3548 -11.1359
-3.87482 13.4388 -14.8059

-6.74782 11.1168 -13.6889
-7.54782 13.6588 -10.8439
-6.47182 11.0578 -8.19989
-3.45182 12.9648 -6.72389
-2.27682 16.5798 -6.15189
1.18118 15.1408 -5.41689
3.65518 16.2768 -8.06189
7.09518 14.6048 -7.58889
8.98018 16.4108 -10.4779

9.98618 19.4998 -8.39589
12.0342 17.3108 -5.95289
14.3812 15.9938 -8.73189
15.2322 19.3908 -10.2909

16.4972 20.3498 -6.76089
18.9822 17.3768 -6.33789

End chain 1
