-13.201 -6.296 -53.957
-10.703 -3.406 -53.291
-9.54 -3.087 -49.639
-11.02 0.322 -48.639
-8.614 1.85 -46.053
-10.787 3.126 -43.162

-9.634 6.195 -41.181
-10.061 4.9 -37.589
-10.286 6.838 -34.306
-12.195 7.103 -30.979
-14.163 9.439 -28.711
-12.619 10.223 -25.263
-14.157 12.207 -22.344

-11.943 15.248 -21.466
-14.301 16.978 -18.949
-17.827 16.65 -17.399
-19.139 18.761 -20.353

-16.752 17.96 -23.312
-15.482 14.956 -25.281
-12.62 14.751 -27.824
-12.437 12.939 -31.204
-8.982 11.264 -31.393
-8.672 10.357 -35.1

-6.282 10.744 -38.079
-6.98 13.557 -40.6
-9.895 13.022 -43.051

-11.208 15.853 -45.293
-14.92 14.856 -45.011
-14.611 14.37 -41.226
-13.015 17.857 -40.827
-15.875 19.254 -42.999
-18.403 17.482 -40.669
-16.559 18.759 -37.515
-16.844 22.341 -38.957

-20.697 21.797 -39.029
-20.861 21.033 -35.24
-22.116 23.933 -33.104
-20.016 23.255 -29.939
-16.791 22.621 -31.971

-13.393 23.436 -30.391
-10.011 22.816 -32.063
-6.805 22.812 -29.99

-3.883 23.919 -32.209
-1.328 22.314 -29.773
-2.753 18.736 -29.691
-4.334 19.137 -33.217

-7.578 17.622 -31.79
-11.313 18.386 -31.995
-13.683 18.544 -28.991
-17.466 19.001 -28.65
-20.131 19.402 -25.91

-21.257 16.038 -24.476
-24.923 16.743 -25.497
-23.731 16.722 -29.178
-22.178 13.179 -28.839
-25.228 11.354 -30.322
-25.57 14.044 -33.093
-21.852 13.682 -34.021
-21.815 9.829 -34.037
-25.045 9.774 -36.128
-23.507 12.176 -38.75
-20.093 10.348 -38.803

-21.793 6.948 -39.527
-22.962 8.546 -42.834
-19.328 9.196 -43.991
-17.677 6.563 -46.261
-14.251 5.2 -45.121

-14.46 6.789 -41.562
-14.765 4.819 -38.279
-15.142 6.964 -35.114
-15.663 4.659 -32.101

-18.218 6.249 -29.657
-17.862 6.903 -25.912
-18.35 3.469 -24.195
-21.794 2.549 -22.772
-20.235 2.829 -19.255
-19.534 6.58 -19.812
-22.964 7.196 -21.431
-24.623 5.531 -18.378
-22.42 7.523 -15.909

-23.028 10.919 -17.654
-26.668 10.153 -18.714
-27.851 13.482 -17.123

-25.214 15.594 -18.963
-26 13.8 -22.296
-29.631 15.147 -21.909

-29.014 18.802 -20.797
-28.522 21.656 -23.337
-27.494 23.803 -20.296
-24.374 24.206 -18.108
-26.03 23.63 -14.722
-23.195 22.587 -12.38
-23.731 19.355 -10.334

-27.219 19.392 -8.694
-26.798 20.208 -4.988
-26.578 17.032 -2.906
-29.814 16.999 -0.82
-29.276 16.946 2.956
-30.305 13.551 4.343

-32.727 13.25 7.268
-30.389 11.851 9.975
-33.077 12.019 12.787
-33.159 8.159 12.923
-29.32 8.149 13.454
-27.82 8.306 16.969

-27.52 12.074 17.913
-23.991 11.509 19.371
-22.796 10.469 15.867
-24.731 13.185 13.93
-23.402 16.008 16.22
-19.738 14.82 15.861

-19.687 14.822 11.995
-17.445 17.587 10.586

-19.106 19.692 7.763
-17.231 17.783 4.996
-18.064 14.402 6.666
-21.796 15.407 6.677
-21.562 16.318 2.947
-19.943 12.855 2.346
-22.788 11.075 4.244
-25.363 13.084 2.191
-23.555 12.165 -1.104
-23.43 8.459 -0.115
-27.196 8.491 0.728
-28.024 10.343 -2.565

-25.973 7.645 -4.472
-28.214 5.048 -2.67
-25.512 3.7 -0.27

-23.352 2.353 -3.174
-19.956 4.118 -3.237
-16.209 4.012 -2.721
-15.295 6.541 0.021

-11.694 7.195 -1.128

-11.135 10.189 1.225
-7.504 10.605 2.377

-6.048 8.715 5.398
-7.361 9.956 8.784
-10.233 12.169 7.374
-12.706 9.981 9.408

-13.844 7.354 6.831
-15.012 5.081 9.734
-17.363 7.714 11.316
-18.876 8.506 7.854
-19.282 4.738 7.09
-21.02 4.042 10.461
-23.415 6.996 9.798
-24.247 5.855 6.195
-24.846 2.277 7.463
-26.955 3.52 10.461
-29.227 5.531 8.078

-29.9 2.058 6.507

-30.384 0.293 9.981
-33.886 -0.857 8.77
-32.05 -2.956 6.062
-29.626 -4.868 8.41
-27.981 -7.413 9.17

-24.774 -5.448 8.488
-21.551 -7.137 7.269
-18.235 -5.328 7.997
-15.132 -6.739 6.223
-11.829 -5.357 7.603

-8.05 -6.016 7.986
-7.416 -8.82 10.567
-5.856 -6.305 13.093
-8.689 -3.64 13.199

-11.758 -5.868 14.003
-11.895 -4.753 17.675
-11.154 -1.102 16.63
-14.365 -1.304 14.506
-16.414 -2.897 17.375
-15.268 -0.08 19.729
-16.109 2.476 16.969
-19.722 1.111 16.76
-20.082 1.14 20.611
-18.596 4.7 20.723
-20.823 6.195 17.978

-23.4242 5.98927 20.7643
-24.7479 5.56041 24.2443
-24.9542 2.89332 26.9136
-28.4369 1.60258 27.2669
-28.6166 0.801595 23.4764

-26.6272 -2.4298 23.2678
-28.6067 -3.94702 26.1353
-31.8999 -3.02454 24.4778

-28.2109 -3.17354 23.2628
-26.6249 -6.48154 22.1748
-22.8009 -6.39854 21.7678

-21.8219 -9.47354 19.7218
-18.4359 -10.6605 21.0588
-18.3209 -14.1945 19.4998
-19.5249 -16.1565 16.4218
-21.8889 -18.1775 18.7568
-23.9079 -15.1655 20.0038
-27.4719 -14.2745 18.8458
-27.1949 -11.3305 16.3878
-30.9359 -10.4595 16.9598
-31.0389 -10.5235 20.8138
-31.2279 -6.68954 21.2228
-33.1999 -3.82354 19.6818

-29.7079 -2.49754 18.7248
-27.1849 -5.19054 17.6518
-23.4559 -4.25554 17.4898
-21.1289 -6.65954 15.5738
-17.6489 -6.65254 13.9778

-16.7779 -7.09754 10.2638
-14.8769 -10.3665 11.0618
-17.9529 -11.9035 12.7998
-20.4199 -11.1265 9.90884

-19.0459 -14.0725 7.82684
-19.4069 -16.4305 10.8698
-22.9629 -15.0975 11.5318
-24.1339 -15.1725 7.82584
-26.8509 -17.7725 8.73084
-28.3629 -15.1935 11.1988
-28.0749 -12.2515 8.67584
-31.1909 -13.7905 6.96484
-33.3079 -11.8085 9.51184
-34.2139 -8.49454 7.73884
-32.4869 -5.59254 9.52884
-34.3559 -2.57254 8.04684

-31.8239 -0.0345439 9.47884
-28.0559 -0.655544 9.11584
-25.1269 1.49746 10.2888
-21.6369 0.532456 9.04684

-18.7819 2.40546 10.7458
-15.4609 2.77746 8.83784

-17.1859 1.29046 5.71784
-13.8849 1.43546 3.71884
-13.3719 -2.09954 5.23084
-15.8939 -3.22354 2.51084

-13.6779 -1.79354 -0.367163
-12.9809 -5.26654 -1.92416
-16.0329 -7.34054 -3.04916
-14.1139 -10.7055 -2.95116
-13.5059 -10.4735 0.847837

-15.6709 -12.6265 3.17884
-16.6879 -9.47954 5.19984
-17.9519 -7.76654 1.99384
-19.7059 -10.9505 0.680837
-21.5809 -11.2625 4.03884
-22.4329 -7.49454 4.35484
-23.5849 -6.71054 0.761837
-26.8199 -8.88054 0.683837
-28.0809 -7.14354 3.88784
-27.1239 -3.62954 2.62284
-29.0129 -4.18354 -0.699163
-32.2679 -5.28454 1.11084

-32.1919 -3.00154 4.22184
-34.4919 0.100456 3.98284

-31.9459 2.52646 5.58284
-28.1389 2.29546 5.05784
-25.8889 4.71946 6.97684
-22.2649 4.18546 5.86384
-19.5469 6.12146 7.77484

-15.8589 6.70746 6.86784
-13.1179 9.35446 7.25984
-11.4099 7.94346 4.14984
-14.1219 6.42046 1.85484
-11.3829 5.62146 -0.658163
-7.9639 4.68646 0.809837
-5.9409 4.91546 -2.46916
-8.0799 4.45746 -5.67716

-11.6059 5.05446 -7.19716
-12.2649 1.24646 -7.41416
-12.5219 1.12446 -3.53616
-15.7389 3.27246 -3.69216
-17.7479 0.796456 -5.84116
-19.0239 -1.38354 -2.92716
-20.1009 1.75046 -0.956163
-21.8579 3.23646 -4.07116
-23.8789 0.00445614 -4.68916
-24.6649 -0.283544 -0.927163
-26.2239 3.25946 -0.909163

-27.7269 2.98846 -4.48516
-28.1119 -0.727544 -5.57016
-29.2919 0.391456 -9.09316
-26.0549 2.35246 -9.82116
-23.4569 0.406456 -11.9052
-25.0199 -3.14254 -11.5422
-21.6959 -4.57454 -12.8842

-18.2209 -3.37654 -11.7422
-16.8389 -3.37954 -15.3452
-18.9859 -0.324544 -16.3432
-17.6849 1.61146 -13.2722
-14.0849 0.443456 -13.9812
-14.1479 1.48046 -17.6972
-15.3579 5.00846 -16.7432
-13.5229 5.82246 -13.4552

-10.6299 3.29146 -13.0772
-8.9709 3.77446 -16.5552
-9.6189 0.0654561 -17.1712

-7.0419 -1.58154 -19.5022
-7.2909 -4.92954 -21.3442
-4.0109 -6.77254 -20.5872

-3.0149 -10.2545 -22.0152
-4.0649 -11.8215 -18.6282

-7.4209 -9.92854 -18.2212
-8.5849 -6.44554 -17.1272
-6.4949 -4.02054 -15.0452

-8.5059 -1.54954 -12.8512
-5.5749 0.0664561 -10.8922
-5.9059 3.39346 -12.7852
-8.1249 6.48046 -12.4392
-10.2529 8.54046 -14.8782
-13.0079 11.2355 -14.9562

-12.5479 11.9525 -11.1812
-14.3789 15.3505 -11.2802
-17.4789 13.5745 -12.7372
-17.1539 10.8605 -10.0332
-16.9729 13.6285 -7.34016
-20.1809 15.2665 -8.70916
-22.0139 11.8715 -8.81816
-20.9019 11.0485 -5.23116
-21.9609 14.4465 -3.74416
-25.3629 14.4965 -5.55716
-26.5399 10.8875 -5.02216

-24.3089 8.88546 -2.55616

-22.1759 10.9435 -0.172163
-22.2339 13.8375 2.29884

-18.6309 15.0795 2.83184
-17.3239 18.0805 4.82084
-13.7489 18.9155 5.79484

-12.2229 20.3995 9.02284
-11.6119 23.6035 7.00084
-15.3669 23.8525 6.10084
-16.8069 23.4825 9.66084

-13.9959 23.9775 12.2828
-12.0349 27.2125 11.4518
-10.6209 26.9755 15.0518
-8.6159 23.7075 14.6358

-4.8169 24.4015 14.6208
-3.0639 23.6675 11.2968

-1.4079 20.2975 10.5538
2.2081 21.1455 9.57584
3.7451 18.2555 7.57384
7.4241 17.7575 6.62684
9.7861 15.1485 5.22484
12.8271 14.4535 7.46584
15.6461 12.8995 5.41084

17.4261 10.6985 8.00184
21.1411 10.5175 7.19184

22.1251 7.28646 5.26884
25.7401 7.75746 6.59684
24.7021 5.56546 9.61884

23.6611 2.77646 7.13384
26.7991 0.595456 7.19984

28.3051 -0.677544 3.90184
26.9931 -4.29554 4.44284
23.3711 -3.09754 4.99384
23.6481 -0.767544 1.93284
25.0771 -3.61254 -0.219163
22.1391 -5.82954 0.965837
19.5931 -3.09454 -0.032163
21.3901 -2.69654 -3.42216
21.3031 -6.52254 -3.85316
17.5301 -6.83154 -3.10516
16.8421 -3.77954 -5.37316
18.7971 -5.45554 -8.26016
17.0231 -8.76854 -7.46916
13.5261 -7.21654 -8.05316
14.6171 -5.88554 -11.5242

16.0971 -9.21554 -12.7762
14.2671 -10.3135 -15.9812
14.4081 -14.0935 -15.4462
12.5371 -14.2545 -12.0612
8.9641 -15.4825 -11.5542

6.1681 -13.0955 -10.4002
6.4871 -14.7575 -6.93716
10.3091 -14.2985 -6.64816
9.7581 -10.5965 -7.61916
7.1691 -10.2435 -4.74416
9.5371 -12.0635 -2.30716
12.4861 -9.77154 -3.26416
10.1351 -6.73354 -2.80816
9.1201 -7.93554 0.715837
12.8351 -8.51654 1.52284
13.8051 -4.99554 0.250837
10.9781 -3.45654 2.36584
11.9331 -5.40554 5.56384
15.6661 -4.48854 4.99684
14.6161 -0.798544 4.63684
12.9651 -0.987544 8.09684
16.1251 -2.56854 9.66584
18.4251 -0.00754386 7.93784
16.4261 2.96646 9.38384
16.3731 1.77046 13.0818
19.6601 3.52346 14.2188
18.7231 6.95646 12.7468
15.0381 6.60146 13.7868
16.3791 6.05346 17.3578
18.8511 8.99646 16.9708
15.9241 11.2475 15.8878
13.6121 10.0955 18.7778
16.4171 10.8635 21.2888
17.0711 14.3135 19.6638
13.3221 15.1105 20.1398
13.4491 14.0995 23.8648
16.7741 15.9645 24.4548

15.1161 19.0435 22.7718
12.6361 19.0285 25.7458
9.4671 17.7315 23.9548
6.7731 16.7785 26.4828
4.5201 14.4295 24.3588

4.7391 12.8345 20.8778
3.5711 9.75846 18.9068
5.9411 7.39646 17.0318
4.3551 5.32946 14.2278
5.9761 2.17446 12.7568

4.5941 -1.12654 11.2798
7.4721 -3.67054 11.3348

7.6031 -5.35454 14.7878
11.4661 -5.15254 14.8458
11.2361 -1.29554 14.6038
8.6331 -1.11054 17.4478
10.7941 -3.54554 19.5338
14.0591 -1.56354 18.9798
12.3821 1.81546 19.8258
10.8291 0.386456 23.0648
14.1651 -1.24654 24.0948
16.1071 2.05646 23.6748
13.4211 4.06946 25.5828
13.6391 1.47846 28.4478
17.5011 1.70246 28.3328

17.2131 5.55746 28.5888
14.5451 5.12546 31.3898
11.9671 7.08546 29.2878
8.3631 6.39846 30.3568

6.3601 5.40746 27.2458
3.2751 3.43946 26.0798
3.1971 0.722456 23.3638
0.195104 -0.378544 21.2198

0.461104 -3.10054 18.5218
-1.3719 -6.19654 17.1078
-0.793896 -8.11354 20.4168
-2.2279 -5.36454 22.7328
-5.7409 -6.36954 23.9218
-8.9039 -4.27354 23.2658
-9.2769 -3.16554 26.9538

-5.5189 -2.52354 27.5408
-5.5279 -0.298544 24.3738
-8.0889 2.03346 26.0378
-6.2399 1.97846 29.4218
-2.8039 2.76646 27.8138
-4.5449 5.53546 25.7908
-5.8789 7.02346 29.0908
-2.4019 6.64046 30.7438
-0.753896 8.65646 27.8758
-3.6019 11.2565 27.9258
-3.6759 11.8205 31.7368

-0.0428958 11.1575 32.8708
2.5411 13.9395 32.1848
5.3441 11.3115 32.6348
4.5331 9.30746 29.4568
6.5021 11.2885 26.8358

6.3601 8.76446 23.9228
3.6001 6.59346 22.4438
5.0621 3.73146 20.3138
2.2061 2.82146 17.9408
1.6321 0.293456 15.1528

0.320104 2.18946 12.0518
-2.1089 -0.720544 11.3428
-3.1719 -1.56954 14.9398
-3.6589 2.02446 16.3068
-5.3809 3.55346 13.1738
-8.8419 3.07946 14.8618
-10.8399 4.03546 18.0128
-8.0729 5.80146 20.0078
-7.6239 9.57346 20.6928
-4.1709 11.1165 21.4018
-5.0079 14.8515 21.8478
-2.2979 15.1835 24.6008
0.486104 15.1185 21.9278
1.3701 17.9235 19.4308

3.8171 15.8465 17.2888
3.5081 12.6825 15.1468
6.6751 10.9155 13.8618
6.2981 8.28246 11.1178

9.4581 6.15946 11.5618
8.2491 4.13946 8.53084
6.2381 4.94246 5.38284
3.0451 2.97746 4.58684
1.9591 2.42346 0.919837
-1.6869 3.39546 1.66484

-2.2269 7.17246 2.31284
-5.6999 6.62446 3.87584
-3.9989 4.75746 6.79584
-1.3799 7.55346 7.21084
-4.2169 10.1815 7.36484
-6.0969 7.94146 9.89984
-2.9189 7.93446 12.0798
-2.4449 11.7855 11.8478

-6.1429 12.2605 12.8658
-5.4689 10.4135 16.1498
-3.8479 13.6935 17.4148
-5.7799 16.2155 15.2698
-9.1639 15.7225 17.0938
-11.7039 17.8965 18.9768
-9.7799 18.8385 22.1738
-6.4719 19.6105 20.3518
-5.2429 23.2105 21.0658
-1.7209 23.1415 19.4528
-0.617896 23.1045 15.7668

0.00410419 19.4235 14.9438
3.4941 18.6025 13.6118
3.7561 15.5515 11.2768
7.3171 14.2995 10.5358
7.8211 11.6155 7.82384
11.2411 9.92046 8.33184
12.7741 8.90446 4.92884

16.1631 7.40446 3.90684
17.8641 7.92346 0.477837
18.9701 4.55846 -1.04616
15.9471 2.58346 0.371837
12.2751 1.58346 -0.254163

11.2631 5.16746 0.824837
12.5821 6.51146 -2.55916
9.8021 4.50346 -4.36916
7.1031 4.58046 -1.63516
7.0671 8.39446 -1.21516
6.2561 9.23646 -4.92916
3.6711 6.34946 -4.87916
1.9621 7.78646 -1.73516
1.9751 11.2995 -3.35216
0.282104 10.2165 -6.63416
-2.3189 8.29146 -4.51916
-3.1609 11.4265 -2.40016
-3.5209 13.4185 -5.67216
-5.9939 10.7735 -7.03716
-7.9159 11.0395 -3.70516
-7.9009 14.9035 -3.86916
-9.1279 14.9875 -7.53916

-12.0009 12.6655 -6.42216
-12.8009 15.2075 -3.57716
-11.7249 12.6065 -0.933163
-8.7049 14.5135 0.542837
-7.5299 18.1285 1.11484
-4.0719 16.6895 1.84984
-1.5979 17.8255 -0.795163
1.8421 16.1535 -0.322163
3.7271 17.9595 -3.21116

4.7331 21.0485 -1.12916
6.7811 18.8595 1.31384
9.1281 17.5425 -1.46516
9.9791 20.9395 -3.02416

11.2441 21.8985 0.505837
13.7291 18.9255 0.928837

End chain 1
