-13.201 -6.296 -53.957
-10.703 -3.406 -53.291
-9.54 -3.087 -49.639
-11.02 0.322 -48.639
-8.614 1.85 -46.053
-10.787 3.126 -43.162

-9.634 6.195 -41.181
-10.061 4.9 -37.589
-10.286 6.838 -34.306
-12.195 7.103 -30.979
-14.163 9.439 -28.711
-12.619 10.223 -25.263
-14.157 12.207 -22.344

-11.943 15.248 -21.466
-14.301 16.978 -18.949
-17.827 16.65 -17.399
-19.139 18.761 -20.353

-16.752 17.96 -23.312
-15.482 14.956 -25.281
-12.62 14.751 -27.824
-12.437 12.939 -31.204
-8.982 11.264 -31.393
-8.672 10.357 -35.1

-6.282 10.744 -38.079
-6.98 13.557 -40.6
-9.895 13.022 -43.051

-11.208 15.853 -45.293
-14.92 14.856 -45.011
-14.611 14.37 -41.226
-13.015 17.857 -40.827
-15.875 19.254 -42.999
-18.403 17.482 -40.669
-16.559 18.759 -37.515
-16.844 22.341 -38.957

-20.697 21.797 -39.029
-20.861 21.033 -35.24
-22.116 23.933 -33.104
-20.016 23.255 -29.939
-16.791 22.621 -31.971

-13.393 23.436 -30.391
-10.011 22.816 -32.063
-6.805 22.812 -29.99

-3.883 23.919 -32.209
-1.328 22.314 -29.773
-2.753 18.736 -29.691
-4.334 19.137 -33.217

-7.578 17.622 -31.79
-11.313 18.386 -31.995
-13.683 18.544 -28.991
-17.466 19.001 -28.65
-20.131 19.402 -25.91

-21.257 16.038 -24.476
-24.923 16.743 -25.497
-23.731 16.722 -29.178
-22.178 13.179 -28.839
-25.228 11.354 -30.322
-25.57 14.044 -33.093
-21.852 13.682 -34.021
-21.815 9.829 -34.037
-25.045 9.774 -36.128
-23.507 12.176 -38.75
-20.093 10.348 -38.803

-21.793 6.948 -39.527
-22.962 8.546 -42.834
-19.328 9.196 -43.991
-17.677 6.563 -46.261
-14.251 5.2 -45.121

-14.46 6.789 -41.562
-14.765 4.819 -38.279
-15.142 6.964 -35.114
-15.663 4.659 -32.101

-18.218 6.249 -29.657
-17.862 6.903 -25.912
-18.35 3.469 -24.195
-21.794 2.549 -22.772
-20.235 2.829 -19.255
-19.534 6.58 -19.812
-22.964 7.196 -21.431
-24.623 5.531 -18.378
-22.42 7.523 -15.909

-23.028 10.919 -17.654
-26.668 10.153 -18.714
-27.851 13.482 -17.123

-25.214 15.594 -18.963
-26 13.8 -22.296
-29.631 15.147 -21.909

-29.014 18.802 -20.797
-28.522 21.656 -23.337
-27.494 23.803 -20.296
-24.374 24.206 -18.108
-26.03 23.63 -14.722
-23.195 22.587 -12.38
-23.731 19.355 -10.334

-27.219 19.392 -8.694
-26.798 20.208 -4.988
-26.578 17.032 -2.906
-29.814 16.999 -0.82
-29.276 16.946 2.956
-30.305 13.551 4.343

-32.727 13.25 7.268
-30.389 11.851 9.975
-33.077 12.019 12.787
-33.159 8.159 12.923
-29.32 8.149 13.454
-27.82 8.306 16.969

-27.52 12.074 17.913
-23.991 11.509 19.371
-22.796 10.469 15.867
-24.731 13.185 13.93
-23.402 16.008 16.22
-19.738 14.82 15.861

-19.687 14.822 11.995
-17.445 17.587 10.586

-19.106 19.692 7.763
-17.231 17.783 4.996
-18.064 14.402 6.666
-21.796 15.407 6.677
-21.562 16.318 2.947
-19.943 12.855 2.346
-22.788 11.075 4.244
-25.363 13.084 2.191
-23.555 12.165 -1.104
-23.43 8.459 -0.115
-27.196 8.491 0.728
-28.024 10.343 -2.565

-25.973 7.645 -4.472
-28.214 5.048 -2.67
-25.512 3.7 -0.27

-23.352 2.353 -3.174
-19.956 4.118 -3.237
-16.209 4.012 -2.721
-15.295 6.541 0.021

-13.2762 9.13878 1.89016

-15.1335 11.6645 -0.257913
-14.474 14.4349 2.25864

-13.018 12.5449 5.27964
-14.331 13.7859 8.66564
-17.203 15.9989 7.25564
-19.676 13.8109 9.28964

-20.814 11.1839 6.71264
-21.982 8.91089 9.61564
-24.333 11.5439 11.1976
-25.846 12.3359 7.73564
-26.252 8.56789 6.97164
-27.99 7.87189 10.3426
-30.385 10.8259 9.67964
-31.217 9.68489 6.07664
-31.816 6.10689 7.34464
-33.925 7.34989 10.3426
-36.197 9.36089 7.95964

-36.87 5.88789 6.38864

-37.354 4.12289 9.86264
-40.856 2.97289 8.65164
-39.02 0.873888 5.94364
-36.596 -1.03811 8.29164
-34.951 -3.58311 9.05164

-31.744 -1.61811 8.36964
-28.521 -3.30711 7.15064
-25.205 -1.49811 7.87864
-22.102 -2.90911 6.10464
-18.799 -1.52711 7.48464

-15.02 -2.18611 7.86764
-14.386 -4.99011 10.4486
-12.826 -2.47511 12.9746
-15.659 0.189888 13.0806

-18.728 -2.03811 13.8846
-18.865 -0.923112 17.5566
-18.124 2.72789 16.5116
-21.335 2.52589 14.3876
-23.384 0.932888 17.2566
-22.238 3.74989 19.6106
-23.079 6.30589 16.8506
-26.692 4.94089 16.6416
-27.052 4.96989 20.4926
-25.566 8.52989 20.6046
-27.793 10.0249 17.8596

-31.091 8.02089 18.1216
-31.821 7.77989 21.9376
-35.358 6.62089 20.8296
-33.734 3.12889 20.2876
-33 0.544888 22.9986

-29.602 -1.27411 22.7386
-31.608 -4.49011 21.9616
-32.75 -2.83711 18.6726

-29.061 -2.98611 17.4576
-27.475 -6.29411 16.3696
-23.651 -6.21111 15.9626

-22.672 -9.28611 13.9166
-19.286 -10.4731 15.2536
-19.171 -14.0071 13.6946
-20.375 -15.9691 10.6166
-22.739 -17.9901 12.9516
-24.758 -14.9781 14.1986
-28.322 -14.0871 13.0406
-28.045 -11.1431 10.5826
-31.786 -10.2721 11.1546
-31.889 -10.3361 15.0086
-32.078 -6.50211 15.4176
-34.05 -3.63611 13.8766

-30.558 -2.31011 12.9196
-28.035 -5.00311 11.8466
-24.306 -4.06811 11.6846
-21.979 -6.47211 9.76864
-18.499 -6.46511 8.17264

-17.628 -6.91011 4.45864
-15.727 -10.1791 5.25664
-18.803 -11.7161 6.99464
-21.27 -10.9391 4.10364

-19.896 -13.8851 2.02164
-20.257 -16.2431 5.06464
-23.813 -14.9101 5.72664
-24.984 -14.9851 2.02064
-27.701 -17.5851 2.92564
-29.213 -15.0061 5.39364
-28.925 -12.0641 2.87064
-32.041 -13.6031 1.15964
-34.158 -11.6211 3.70664
-35.064 -8.30711 1.93364
-33.337 -5.40511 3.72364
-35.206 -2.38511 2.24164

-32.674 0.152888 3.67364
-28.906 -0.468112 3.31064
-25.977 1.68489 4.48364
-22.487 0.719888 3.24164

-19.632 2.59289 4.94064
-16.311 2.96489 3.03264

-18.036 1.47789 -0.0873561
-14.735 1.62289 -2.08636
-14.222 -1.91211 -0.574356
-16.744 -3.03611 -3.29436

-14.528 -1.60611 -6.17236
-13.831 -5.07911 -7.72936
-16.883 -7.15311 -8.85436
-14.964 -10.5181 -8.75636
-14.356 -10.2861 -4.95736

-16.521 -12.4391 -2.62636
-17.538 -9.29211 -0.605356
-18.802 -7.57911 -3.81136
-20.556 -10.7631 -5.12436
-22.431 -11.0751 -1.76636
-23.283 -7.30711 -1.45036
-24.435 -6.52311 -5.04336
-27.67 -8.69311 -5.12136
-28.931 -6.95611 -1.91736
-27.974 -3.44211 -3.18236
-29.863 -3.99611 -6.50436
-33.118 -5.09711 -4.69436

-33.042 -2.81411 -1.58336
-35.342 0.287888 -1.82236

-32.796 2.71389 -0.222356
-28.989 2.48289 -0.747356
-26.739 4.90689 1.17164
-23.115 4.37289 0.0586439
-20.397 6.30889 1.96964

-16.709 6.89489 1.06264
-13.968 9.54189 1.45464
-12.26 8.13089 -1.65536
-14.972 6.60789 -3.95036
-12.233 5.80889 -6.46336
-8.81396 4.87389 -4.99536
-6.79096 5.10289 -8.27436
-8.92996 4.64489 -11.4824

-12.456 5.24189 -13.0024
-13.115 1.43389 -13.2194
-13.372 1.31189 -9.34136
-16.589 3.45989 -9.49736
-18.598 0.983888 -11.6464
-19.874 -1.19611 -8.73236
-20.951 1.93789 -6.76136
-22.708 3.42389 -9.87636
-24.729 0.191888 -10.4944
-25.515 -0.0961119 -6.73236
-27.074 3.44689 -6.71436

-28.577 3.17589 -10.2904
-28.962 -0.540112 -11.3754
-30.142 0.578888 -14.8984
-26.905 2.53989 -15.6264
-24.307 0.593888 -17.7104
-25.87 -2.95511 -17.3474
-22.546 -4.38711 -18.6894

-19.071 -3.18911 -17.5474
-17.689 -3.19211 -21.1504
-19.836 -0.137112 -22.1484
-18.535 1.79889 -19.0774
-14.935 0.630888 -19.7864
-14.998 1.66789 -23.5024
-16.208 5.19589 -22.5484
-14.373 6.00989 -19.2604

-11.48 3.47889 -18.8824
-9.82096 3.96189 -22.3604
-10.469 0.252888 -22.9764

-7.89196 -1.39411 -25.3074
-8.14096 -4.74211 -27.1494
-4.86096 -6.58511 -26.3924

-3.86496 -10.0671 -27.8204
-4.91496 -11.6341 -24.4334

-8.27096 -9.74111 -24.0264
-9.43496 -6.25811 -22.9324
-7.34496 -3.83311 -20.8504

-9.35596 -1.36211 -18.6564
-6.42496 0.253888 -16.6974
-6.75596 3.58089 -18.5904
-8.97496 6.66789 -18.2444
-11.103 8.72789 -20.6834
-13.858 11.4229 -20.7614

-13.398 12.1399 -16.9864
-15.229 15.5379 -17.0854
-18.329 13.7619 -18.5424
-18.004 11.0479 -15.8384
-17.823 13.8159 -13.1454
-21.031 15.4539 -14.5144
-22.864 12.0589 -14.6234
-21.752 11.2359 -11.0364
-22.811 14.6339 -9.54936
-26.213 14.6839 -11.3624
-27.39 11.0749 -10.8274

-25.159 9.07289 -8.36136

-23.026 11.1309 -5.97736
-23.084 14.0249 -3.50636

-19.481 15.2669 -2.97336
-18.174 18.2679 -0.984356
-14.599 19.1029 -0.0103561

-13.073 20.5869 3.21764
-12.462 23.7909 1.19564
-16.217 24.0399 0.295644
-17.657 23.6699 3.85564

-14.846 24.1649 6.47764
-12.885 27.3999 5.64664
-11.471 27.1629 9.24664
-9.46596 23.8949 8.83064

-5.66696 24.5889 8.81564
-3.91396 23.8549 5.49164

-2.25796 20.4849 4.74864
1.35804 21.3329 3.77064
2.89504 18.4429 1.76864
6.57404 17.9449 0.821644
8.93604 15.3359 -0.580356
11.977 14.6409 1.66064
14.796 13.0869 -0.394356

16.576 10.8859 2.19664
20.291 10.7049 1.38664

21.275 7.47389 -0.536356
24.89 7.94489 0.791644
23.852 5.75289 3.81364

22.811 2.96389 1.32864
25.949 0.782888 1.39464

27.455 -0.490112 -1.90336
26.143 -4.10811 -1.36236
22.521 -2.91011 -0.811356
22.798 -0.580112 -3.87236
24.227 -3.42511 -6.02436
21.289 -5.64211 -4.83936
18.743 -2.90711 -5.83736
20.54 -2.50911 -9.22736
20.453 -6.33511 -9.65836
16.68 -6.64411 -8.91036
15.992 -3.59211 -11.1784
17.947 -5.26811 -14.0654
16.173 -8.58111 -13.2744
12.676 -7.02911 -13.8584
13.767 -5.69811 -17.3294

15.247 -9.02811 -18.5814
13.417 -10.1261 -21.7864
13.558 -13.9061 -21.2514
11.687 -14.0671 -17.8664
8.11404 -15.2951 -17.3594

5.31804 -12.9081 -16.2054
5.63704 -14.5701 -12.7424
9.45904 -14.1111 -12.4534
8.90804 -10.4091 -13.4244
6.31904 -10.0561 -10.5494
8.68704 -11.8761 -8.11236
11.636 -9.58411 -9.06936
9.28504 -6.54611 -8.61336
8.27004 -7.74811 -5.08936
11.985 -8.32911 -4.28236
12.955 -4.80811 -5.55436
10.128 -3.26911 -3.43936
11.083 -5.21811 -0.241356
14.816 -4.30111 -0.808356
13.766 -0.611112 -1.16836
12.115 -0.800112 2.29164
15.275 -2.38111 3.86064
17.575 0.179888 2.13264
15.576 3.15389 3.57864
15.523 1.95789 7.27664
18.81 3.71089 8.41364
17.873 7.14389 6.94164
14.188 6.78889 7.98164
15.529 6.24089 11.5526
18.001 9.18389 11.1656
15.074 11.4349 10.0826
12.762 10.2829 12.9726
15.567 11.0509 15.4836
16.221 14.5009 13.8586
12.472 15.2979 14.3346
12.599 14.2869 18.0596
15.924 16.1519 18.6496

14.266 19.2309 16.9666
11.786 19.2159 19.9406
8.61704 17.9189 18.1496
5.92304 16.9659 20.6776
3.67004 14.6169 18.5536

3.88904 13.0219 15.0726
2.72104 9.94589 13.1016
5.09104 7.58389 11.2266
3.50504 5.51689 8.42264
5.12604 2.36189 6.95164

3.74404 -0.939112 5.47464
6.62204 -3.48311 5.52964

6.75304 -5.16711 8.98264
10.616 -4.96511 9.04064
10.386 -1.10811 8.79864
7.78304 -0.923112 11.6426
9.94404 -3.35811 13.7286
13.209 -1.37611 13.1746
11.532 2.00289 14.0206
9.97904 0.573888 17.2596
13.315 -1.05911 18.2896
15.257 2.24389 17.8696
12.571 4.25689 19.7776
12.789 1.66589 22.6426
16.651 1.88989 22.5276

16.363 5.74489 22.7836
13.695 5.31289 25.5846
11.117 7.27289 23.4826
7.51304 6.58589 24.5516

5.51004 5.59489 21.4406
2.42504 3.62689 20.2746
2.34704 0.909888 17.5586
-0.654961 -0.191112 15.4146

-0.388961 -2.91311 12.7166
-2.22196 -6.00911 11.3026
-1.64396 -7.92611 14.6116
-3.07796 -5.17711 16.9276
-6.59096 -6.18211 18.1166
-9.75396 -4.08611 17.4606
-10.127 -2.97811 21.1486

-6.36896 -2.33611 21.7356
-6.37796 -0.111112 18.5686
-8.93896 2.22089 20.2326
-7.08996 2.16589 23.6166
-3.65396 2.95389 22.0086
-5.39496 5.72289 19.9856
-6.72896 7.21089 23.2856
-3.25196 6.82789 24.9386
-1.60396 8.84389 22.0706
-4.45196 11.4439 22.1206
-4.52596 12.0079 25.9316

-0.892961 11.3449 27.0656
1.69104 14.1269 26.3796
4.49404 11.4989 26.8296
3.68304 9.49489 23.6516
5.65204 11.4759 21.0306

5.51004 8.95189 18.1176
2.75004 6.78089 16.6386
4.21204 3.91889 14.5086
1.35604 3.00889 12.1356
0.782039 0.480888 9.34764

-0.529961 2.37689 6.24664
-2.95896 -0.533112 5.53764
-4.02196 -1.38211 9.13464
-4.50896 2.21189 10.5016
-6.23096 3.74089 7.36864
-9.69196 3.26689 9.05664
-11.69 4.22289 12.2076
-8.92296 5.98889 14.2026
-8.47396 9.76089 14.8876
-5.02096 11.3039 15.5966
-5.85796 15.0389 16.0426
-3.14796 15.3709 18.7956
-0.363961 15.3059 16.1226
0.520039 18.1109 13.6256

2.96704 16.0339 11.4836
2.65804 12.8699 9.34164
5.82504 11.1029 8.05664
5.44804 8.46989 5.31264

8.60804 6.34689 5.75664
7.39904 4.32689 2.72564
5.38804 5.12989 -0.422356
2.19504 3.16489 -1.21836
1.10904 2.61089 -4.88536
-2.53696 3.58289 -4.14036

-3.07696 7.35989 -3.49236
-6.54996 6.81189 -1.92936
-4.84896 4.94489 0.990644
-2.22996 7.74089 1.40564
-5.06696 10.3689 1.55964
-6.94696 8.12889 4.09464
-3.76896 8.12189 6.27464
-3.29496 11.9729 6.04264

-6.99296 12.4479 7.06064
-6.31896 10.6009 10.3446
-4.69796 13.8809 11.6096
-6.62996 16.4029 9.46464
-10.014 15.9099 11.2886
-12.554 18.0839 13.1716
-10.63 19.0259 16.3686
-7.32196 19.7979 14.5466
-6.09296 23.3979 15.2606
-2.57096 23.3289 13.6476
-1.46796 23.2919 9.96164

-0.845961 19.6109 9.13864
2.64404 18.7899 7.80664
2.90604 15.7389 5.47164
6.46704 14.4869 4.73064
6.97104 11.8029 2.01864
10.391 10.1079 2.52664
11.924 9.09189 -0.876356

15.313 7.59189 -1.89836
17.014 8.11089 -5.32736
18.12 4.74589 -6.85136
15.097 2.77089 -5.43336
11.425 1.77089 -6.05936

10.413 5.35489 -4.98036
11.732 6.69889 -8.36436
8.95204 4.69089 -10.1744
6.25304 4.76789 -7.44036
6.21704 8.58189 -7.02036
5.40604 9.42389 -10.7344
2.82104 6.53689 -10.6844
1.11204 7.97389 -7.54036
1.12504 11.4869 -9.15736
-0.567961 10.4039 -12.4394
-3.16896 8.47889 -10.3244
-4.01096 11.6139 -8.20536
-4.37096 13.6059 -11.4774
-6.84396 10.9609 -12.8424
-8.76596 11.2269 -9.51036
-8.75096 15.0909 -9.67436
-9.97796 15.1749 -13.3444

-12.851 12.8529 -12.2274
-13.651 15.3949 -9.38236
-12.575 12.7939 -6.73836
-9.55496 14.7009 -5.26236
-8.37996 18.3159 -4.69036
-4.92196 16.8769 -3.95536
-2.44796 18.0129 -6.60036
0.992039 16.3409 -6.12736
2.87704 18.1469 -9.01636

3.88304 21.2359 -6.93436
5.93104 19.0469 -4.49136
8.27804 17.7299 -7.27036
9.12904 21.1269 -8.82936

10.394 22.0859 -5.29936
12.879 19.1129 -4.87636

End chain 1
