-13.201 -6.296 -53.957
-10.703 -3.406 -53.291
-9.54 -3.087 -49.639
-11.02 0.322 -48.639
-8.614 1.85 -46.053
-10.787 3.126 -43.162

-9.634 6.195 -41.181
-10.061 4.9 -37.589
-10.286 6.838 -34.306
-12.195 7.103 -30.979
-14.163 9.439 -28.711
-12.619 10.223 -25.263
-14.157 12.207 -22.344

-11.943 15.248 -21.466
-14.301 16.978 -18.949
-17.827 16.65 -17.399
-19.139 18.761 -20.353

-16.752 17.96 -23.312
-15.482 14.956 -25.281
-12.62 14.751 -27.824
-12.437 12.939 -31.204
-8.982 11.264 -31.393
-8.672 10.357 -35.1

-6.282 10.744 -38.079
-6.98 13.557 -40.6
-9.895 13.022 -43.051

-11.208 15.853 -45.293
-14.92 14.856 -45.011
-14.611 14.37 -41.226
-13.015 17.857 -40.827
-15.875 19.254 -42.999
-18.403 17.482 -40.669
-16.559 18.759 -37.515
-16.844 22.341 -38.957

-20.697 21.797 -39.029
-20.861 21.033 -35.24
-22.116 23.933 -33.104
-20.016 23.255 -29.939
-16.791 22.621 -31.971

-13.393 23.436 -30.391
-10.011 22.816 -32.063
-6.805 22.812 -29.99

-3.883 23.919 -32.209
-1.328 22.314 -29.773
-2.753 18.736 -29.691
-4.334 19.137 -33.217

-7.578 17.622 -31.79
-11.313 18.386 -31.995
-13.683 18.544 -28.991
-17.466 19.001 -28.65
-20.131 19.402 -25.91

-21.257 16.038 -24.476
-24.923 16.743 -25.497
-23.731 16.722 -29.178
-22.178 13.179 -28.839
-25.228 11.354 -30.322
-25.57 14.044 -33.093
-21.852 13.682 -34.021
-21.815 9.829 -34.037
-25.045 9.774 -36.128
-23.507 12.176 -38.75
-20.093 10.348 -38.803

-20.3578 6.79742 -37.6266
-22.2706 3.56027 -36.6806
-23.8893 0.393705 -35.3122
-27.2462 -1.18271 -36.0879
-25.5196 -4.21948 -37.7314

-23.8064 -7.24117 -39.3613
-25.7923 -9.46781 -41.8501
-25.4856 -13.0546 -43.2441
-27.5909 -15.5966 -41.3519

-30.1459 -14.0066 -38.9079
-29.7899 -13.3526 -35.1629
-30.2779 -16.7866 -33.4459
-33.7219 -17.7066 -32.0229
-32.1629 -17.4266 -28.5059
-31.4619 -13.6756 -29.0629
-34.8919 -13.0596 -30.6819
-36.5509 -14.7246 -27.6289
-34.3479 -12.7326 -25.1599

-34.9559 -9.33663 -26.9049
-38.5959 -10.1026 -27.9649
-39.7789 -6.77363 -26.3739

-37.1419 -4.66163 -28.2139
-37.9279 -6.45563 -31.5469
-41.5589 -5.10863 -31.1599

-40.9419 -1.45363 -30.0479
-40.4499 1.40037 -32.5879
-39.4219 3.54737 -29.5469
-36.3019 3.95037 -27.3589
-37.9579 3.37437 -23.9729
-35.1229 2.33137 -21.6309
-35.6589 -0.900626 -19.5849

-39.1469 -0.863626 -17.9449
-38.7259 -0.0476258 -14.2389
-38.5059 -3.22363 -12.1569
-41.7419 -3.25663 -10.0709
-41.2039 -3.30963 -6.29492
-42.2329 -6.70463 -4.90792

-44.6549 -7.00563 -1.98292
-42.3169 -8.40463 0.724081
-45.0049 -8.23663 3.53608
-45.0869 -12.0966 3.67208
-41.2479 -12.1066 4.20308
-39.7479 -11.9496 7.71808

-39.4479 -8.18163 8.66208
-35.9189 -8.74663 10.1201
-34.7239 -9.78663 6.61608
-36.6589 -7.07063 4.67908
-35.3299 -4.24763 6.96908
-31.6659 -5.43563 6.61008

-31.6149 -5.43363 2.74408
-29.3729 -2.66863 1.33508

-31.0339 -0.563626 -1.48792
-29.1589 -2.47263 -4.25492
-29.9919 -5.85363 -2.58492
-33.7239 -4.84863 -2.57392
-33.4899 -3.93763 -6.30392
-31.8709 -7.40063 -6.90492
-34.7159 -9.18063 -5.00692
-37.2909 -7.17163 -7.05992
-35.4829 -8.09063 -10.3549
-35.3579 -11.7966 -9.36592
-39.1239 -11.7646 -8.52292
-39.9519 -9.91263 -11.8159

-37.9009 -12.6106 -13.7229
-40.1419 -15.2076 -11.9209
-37.4399 -16.5556 -9.52092

-35.2799 -17.9026 -12.4249
-31.8839 -16.1376 -12.4879
-28.1369 -16.2436 -11.9719
-27.2229 -13.7146 -9.22992

-23.6219 -13.0606 -10.3789

-23.0629 -10.0666 -8.02592
-19.4319 -9.65063 -6.87392

-17.9759 -11.5406 -3.85292
-19.2889 -10.2996 -0.466919
-22.1609 -8.08663 -1.87692
-24.6339 -10.2746 0.157081

-25.7719 -12.9016 -2.41992
-26.9399 -15.1746 0.483081
-29.2909 -12.5416 2.06508
-30.8039 -11.7496 -1.39692
-31.2099 -15.5176 -2.16092
-32.9479 -16.2136 1.21008
-35.3429 -13.2596 0.547081
-36.1749 -14.4006 -3.05592
-36.7739 -17.9786 -1.78792
-38.8829 -16.7356 1.21008
-41.1549 -14.7246 -1.17292

-41.8279 -18.1976 -2.74392

-42.3119 -19.9626 0.730081
-45.8139 -21.1126 -0.480919
-43.9779 -23.2116 -3.18892
-41.5539 -25.1236 -0.840919
-39.9089 -27.6686 -0.0809189

-36.7019 -25.7036 -0.762919
-33.4789 -27.3926 -1.98192
-30.1629 -25.5836 -1.25392
-27.0599 -26.9946 -3.02792
-23.7569 -25.6126 -1.64792

-19.9779 -26.2716 -1.26492
-19.3439 -29.0756 1.31608
-17.7839 -26.5606 3.84208
-20.6169 -23.8956 3.94808

-23.6859 -26.1236 4.75208
-23.8229 -25.0086 8.42408
-23.0819 -21.3576 7.37908
-26.2929 -21.5596 5.25508
-28.3419 -23.1526 8.12408
-27.1959 -20.3356 10.4781
-28.0369 -17.7796 7.71808
-31.6499 -19.1446 7.50908
-32.0099 -19.1156 11.3601
-30.5239 -15.5556 11.4721
-32.7509 -14.0606 8.72708

-36.0489 -16.0646 8.98908
-36.7789 -16.3056 12.8051
-40.3159 -17.4646 11.6971
-38.6919 -20.9566 11.1551
-37.9579 -23.5406 13.8661

-34.5599 -25.3596 13.6061
-36.5659 -28.5756 12.8291
-37.7079 -26.9226 9.54008

-34.0189 -27.0716 8.32508
-32.4329 -30.3796 7.23708
-28.6089 -30.2966 6.83008

-27.6299 -33.3716 4.78408
-24.2439 -34.5586 6.12108
-24.1289 -38.0926 4.56208
-25.3329 -40.0546 1.48408
-27.6969 -42.0756 3.81908
-29.7159 -39.0636 5.06608
-33.2799 -38.1726 3.90808
-33.0029 -35.2286 1.45008
-36.7439 -34.3576 2.02208
-36.8469 -34.4216 5.87608
-37.0359 -30.5876 6.28508
-39.0079 -27.7216 4.74408

-35.5159 -26.3956 3.78708
-32.9929 -29.0886 2.71408
-29.2639 -28.1536 2.55208
-26.9369 -30.5576 0.636081
-23.4569 -30.5506 -0.959919

-22.5859 -30.9956 -4.67392
-20.6849 -34.2646 -3.87592
-23.7609 -35.8016 -2.13792
-26.2279 -35.0246 -5.02892

-24.8539 -37.9706 -7.11092
-25.2149 -40.3286 -4.06792
-28.7709 -38.9956 -3.40592
-29.9419 -39.0706 -7.11192
-32.6589 -41.6706 -6.20692
-34.1709 -39.0916 -3.73892
-33.8829 -36.1496 -6.26192
-36.9989 -37.6886 -7.97292
-39.1159 -35.7066 -5.42592
-40.0219 -32.3926 -7.19892
-38.2949 -29.4906 -5.40892
-40.1639 -26.4706 -6.89092

-37.6319 -23.9326 -5.45892
-33.8639 -24.5536 -5.82192
-30.9349 -22.4006 -4.64892
-27.4449 -23.3656 -5.89092

-24.5899 -21.4926 -4.19192
-21.2689 -21.1206 -6.09992

-22.9939 -22.6076 -9.21992
-19.6929 -22.4626 -11.2189
-19.1799 -25.9976 -9.70692
-21.7019 -27.1216 -12.4269

-19.4859 -25.6916 -15.3049
-18.7889 -29.1646 -16.8619
-21.8409 -31.2386 -17.9869
-19.9219 -34.6036 -17.8889
-19.3139 -34.3716 -14.0899

-21.4789 -36.5246 -11.7589
-22.4959 -33.3776 -9.73792
-23.7599 -31.6646 -12.9439
-25.5139 -34.8486 -14.2569
-27.3889 -35.1606 -10.8989
-28.2409 -31.3926 -10.5829
-29.3929 -30.6086 -14.1759
-32.6279 -32.7786 -14.2539
-33.8889 -31.0416 -11.0499
-32.9319 -27.5276 -12.3149
-34.8209 -28.0816 -15.6369
-38.0759 -29.1826 -13.8269

-37.9999 -26.8996 -10.7159
-40.2999 -23.7976 -10.9549

-37.7539 -21.3716 -9.35492
-33.9469 -21.6026 -9.87992
-31.6969 -19.1786 -7.96092
-28.0729 -19.7126 -9.07392
-25.3549 -17.7766 -7.16292

-21.6669 -17.1906 -8.06992
-18.9259 -14.5436 -7.67792
-17.2179 -15.9546 -10.7879
-19.9299 -17.4776 -13.0829
-17.1909 -18.2766 -15.5959
-13.7719 -19.2116 -14.1279
-11.7489 -18.9826 -17.4069
-13.8879 -19.4406 -20.6149

-17.4139 -18.8436 -22.1349
-18.0729 -22.6516 -22.3519
-18.3299 -22.7736 -18.4739
-21.5469 -20.6256 -18.6299
-23.5559 -23.1016 -20.7789
-24.8319 -25.2816 -17.8649
-25.9089 -22.1476 -15.8939
-27.6659 -20.6616 -19.0089
-29.6869 -23.8936 -19.6269
-30.4729 -24.1816 -15.8649
-32.0319 -20.6386 -15.8469

-33.5349 -20.9096 -19.4229
-33.9199 -24.6256 -20.5079
-35.0999 -23.5066 -24.0309
-31.8629 -21.5456 -24.7589
-29.2649 -23.4916 -26.8429
-30.8279 -27.0406 -26.4799
-27.5039 -28.4726 -27.8219

-24.0289 -27.2746 -26.6799
-22.6469 -27.2776 -30.2829
-24.7939 -24.2226 -31.2809
-23.4929 -22.2866 -28.2099
-19.8929 -23.4546 -28.9189
-19.9559 -22.4176 -32.6349
-21.1659 -18.8896 -31.6809
-19.3309 -18.0756 -28.3929

-16.4379 -20.6066 -28.0149
-14.7789 -20.1236 -31.4929
-15.4269 -23.8326 -32.1089

-12.8499 -25.4796 -34.4399
-13.0989 -28.8276 -36.2819
-9.81894 -30.6706 -35.5249

-8.82294 -34.1526 -36.9529
-9.87294 -35.7196 -33.5659

-13.2289 -33.8266 -33.1589
-14.3929 -30.3436 -32.0649
-12.3029 -27.9186 -29.9829

-14.3139 -25.4476 -27.7889
-11.3829 -23.8316 -25.8299
-11.7139 -20.5046 -27.7229
-13.9329 -17.4176 -27.3769
-16.0609 -15.3576 -29.8159
-18.8159 -12.6626 -29.8939

-18.3559 -11.9456 -26.1189
-20.1869 -8.54763 -26.2179
-23.2869 -10.3236 -27.6749
-22.9619 -13.0376 -24.9709
-22.7809 -10.2696 -22.2779
-25.9889 -8.63163 -23.6469
-27.8219 -12.0266 -23.7559
-26.7099 -12.8496 -20.1689
-27.7689 -9.45163 -18.6819
-31.1709 -9.40163 -20.4949
-32.3479 -13.0106 -19.9599

-30.1169 -15.0126 -17.4939

-27.9839 -12.9546 -15.1099
-28.0419 -10.0606 -12.6389

-24.4389 -8.81863 -12.1059
-23.1319 -5.81763 -10.1169
-19.5569 -4.98263 -9.14292

-18.0309 -3.49863 -5.91492
-17.4199 -0.294626 -7.93692
-21.1749 -0.0456258 -8.83692
-22.6149 -0.415626 -5.27692

-19.8039 0.0793742 -2.65492
-17.8429 3.31437 -3.48592
-16.4289 3.07737 0.114081
-14.4239 -0.190626 -0.301919

-10.6249 0.503374 -0.316919
-8.87194 -0.230626 -3.64092

-7.21594 -3.60063 -4.38392
-3.59994 -2.75263 -5.36192
-2.06294 -5.64263 -7.36392
1.61606 -6.14063 -8.31092
3.97806 -8.74963 -9.71292
7.01906 -9.44463 -7.47192
9.83806 -10.9986 -9.52692

11.6181 -13.1996 -6.93592
15.3331 -13.3806 -7.74592

16.3171 -16.6116 -9.66892
19.9321 -16.1406 -8.34092
18.8941 -18.3326 -5.31892

17.8531 -21.1216 -7.80392
20.9911 -23.3026 -7.73792

22.4971 -24.5756 -11.0359
21.1851 -28.1936 -10.4949
17.5631 -26.9956 -9.94392
17.8401 -24.6656 -13.0049
19.2691 -27.5106 -15.1569
16.3311 -29.7276 -13.9719
13.7851 -26.9926 -14.9699
15.5821 -26.5946 -18.3599
15.4951 -30.4206 -18.7909
11.7221 -30.7296 -18.0429
11.0341 -27.6776 -20.3109
12.9891 -29.3536 -23.1979
11.2151 -32.6666 -22.4069
7.71806 -31.1146 -22.9909
8.80906 -29.7836 -26.4619

10.2891 -33.1136 -27.7139
8.45906 -34.2116 -30.9189
8.60006 -37.9916 -30.3839
6.72906 -38.1526 -26.9989
3.15606 -39.3806 -26.4919

0.360055 -36.9936 -25.3379
0.679055 -38.6556 -21.8749
4.50106 -38.1966 -21.5859
3.95006 -34.4946 -22.5569
1.36106 -34.1416 -19.6819
3.72906 -35.9616 -17.2449
6.67806 -33.6696 -18.2019
4.32706 -30.6316 -17.7459
3.31206 -31.8336 -14.2219
7.02706 -32.4146 -13.4149
7.99706 -28.8936 -14.6869
5.17006 -27.3546 -12.5719
6.12506 -29.3036 -9.37392
9.85806 -28.3866 -9.94092
8.80806 -24.6966 -10.3009
7.15706 -24.8856 -6.84092
10.3171 -26.4666 -5.27192
12.6171 -23.9056 -6.99992
10.6181 -20.9316 -5.55392
10.5651 -22.1276 -1.85592
13.8521 -20.3746 -0.718919
12.9151 -16.9416 -2.19092
9.23006 -17.2966 -1.15092
10.5711 -17.8446 2.42008
13.0431 -14.9016 2.03308
10.1161 -12.6506 0.950081
7.80406 -13.8026 3.84008
10.6091 -13.0346 6.35108
11.2631 -9.58463 4.72608
7.51406 -8.78763 5.20208
7.64106 -9.79863 8.92708
10.9661 -7.93363 9.51708

9.30806 -4.85463 7.83408
6.82806 -4.86963 10.8081
3.65906 -6.16663 9.01708
0.965055 -7.11963 11.5451
-1.28794 -9.46863 9.42108

-1.06894 -11.0636 5.94008
-2.23694 -14.1396 3.96908
0.133055 -16.5016 2.09408
-1.45294 -18.5686 -0.709919
0.168055 -21.7236 -2.18092

-1.21394 -25.0246 -3.65792
1.66406 -27.5686 -3.60292

1.79506 -29.2526 -0.149919
5.65806 -29.0506 -0.0919189
5.42806 -25.1936 -0.333919
2.82506 -25.0086 2.51008
4.98606 -27.4436 4.59608
8.25106 -25.4616 4.04208
6.57406 -22.0826 4.88808
5.02106 -23.5116 8.12708
8.35706 -25.1446 9.15708
10.2991 -21.8416 8.73708
7.61306 -19.8286 10.6451
7.83106 -22.4196 13.5101
11.6931 -22.1956 13.3951

11.4051 -18.3406 13.6511
8.73706 -18.7726 16.4521
6.15906 -16.8126 14.3501
2.55506 -17.4996 15.4191

0.552055 -18.4906 12.3081
-2.53294 -20.4586 11.1421
-2.61094 -23.1756 8.42608
-5.61294 -24.2766 6.28208

-5.34694 -26.9986 3.58408
-7.17994 -30.0946 2.17008
-6.60194 -32.0116 5.47908
-8.03594 -29.2626 7.79508
-11.5489 -30.2676 8.98408
-14.7119 -28.1716 8.32808
-15.0849 -27.0636 12.0161

-11.3269 -26.4216 12.6031
-11.3359 -24.1966 9.43608
-13.8969 -21.8646 11.1001
-12.0479 -21.9196 14.4841
-8.61194 -21.1316 12.8761
-10.3529 -18.3626 10.8531
-11.6869 -16.8746 14.1531
-8.20994 -17.2576 15.8061
-6.56194 -15.2416 12.9381
-9.40994 -12.6416 12.9881
-9.48394 -12.0776 16.7991

-5.85094 -12.7406 17.9331
-3.26694 -9.95863 17.2471
-0.463945 -12.5866 17.6971
-1.27494 -14.5906 14.5191
0.694055 -12.6096 11.8981

0.552055 -15.1336 8.98508
-2.20794 -17.3046 7.50608
-0.745945 -20.1666 5.37608
-3.60194 -21.0766 3.00308
-4.17594 -23.6046 0.215081

-5.48794 -21.7086 -2.88592
-7.91694 -24.6186 -3.59492
-8.97994 -25.4676 0.00208112
-9.46694 -21.8736 1.36908
-11.1889 -20.3446 -1.76392
-14.6499 -20.8186 -0.0759189
-16.6479 -19.8626 3.07508
-13.8809 -18.0966 5.07008
-13.4319 -14.3246 5.75508
-9.97894 -12.7816 6.46408
-10.8159 -9.04663 6.91008
-8.10594 -8.71463 9.66308
-5.32194 -8.77963 6.99008
-4.43794 -5.97463 4.49308

-1.99094 -8.05163 2.35108
-2.29994 -11.2156 0.209081
0.867055 -12.9826 -1.07592
0.490055 -15.6156 -3.81992

3.65006 -17.7386 -3.37592
2.44106 -19.7586 -6.40692
0.430055 -18.9556 -9.55492
-2.76294 -20.9206 -10.3509
-3.84894 -21.4746 -14.0179
-7.49494 -20.5026 -13.2729

-8.03494 -16.7256 -12.6249
-11.5079 -17.2736 -11.0619
-9.80694 -19.1406 -8.14192
-7.18794 -16.3446 -7.72692
-10.0249 -13.7166 -7.57292
-11.9049 -15.9566 -5.03792
-8.72694 -15.9636 -2.85792
-8.25294 -12.1126 -3.08992

-11.9509 -11.6376 -2.07192
-11.2769 -13.4846 1.21208
-9.65594 -10.2046 2.47708
-11.5879 -7.68263 0.332081
-14.9719 -8.17563 2.15608
-17.5119 -6.00163 4.03908
-15.5879 -5.05963 7.23608
-12.2799 -4.28763 5.41408
-11.0509 -0.687626 6.12808
-7.52894 -0.756626 4.51508
-6.42594 -0.793626 0.829081

-5.80394 -4.47463 0.00608112
-2.31394 -5.29563 -1.32592
-2.05194 -8.34663 -3.66092
1.50906 -9.59863 -4.40192
2.01306 -12.2826 -7.11392
5.43306 -13.9776 -6.60592
6.96606 -14.9936 -10.0089

10.3551 -16.4936 -11.0309
12.0561 -15.9746 -14.4599
13.1621 -19.3396 -15.9839
10.1391 -21.3146 -14.5659
6.46706 -22.3146 -15.1919

5.45506 -18.7306 -14.1129
6.77406 -17.3866 -17.4969
3.99406 -19.3946 -19.3069
1.29506 -19.3176 -16.5729
1.25906 -15.5036 -16.1529
0.448055 -14.6616 -19.8669
-2.13694 -17.5486 -19.8169
-3.84594 -16.1116 -16.6729
-3.83294 -12.5986 -18.2899
-5.52594 -13.6816 -21.5719
-8.12694 -15.6066 -19.4569
-8.96894 -12.4716 -17.3379
-9.32894 -10.4796 -20.6099
-11.8019 -13.1246 -21.9749
-13.7239 -12.8586 -18.6429
-13.7089 -8.99463 -18.8069
-14.9359 -8.91063 -22.4769

-17.8089 -11.2326 -21.3599
-18.6089 -8.69063 -18.5149
-17.5329 -11.2916 -15.8709
-14.5129 -9.38463 -14.3949
-13.3379 -5.76963 -13.8229
-9.87994 -7.20863 -13.0879
-7.40594 -6.07263 -15.7329
-3.96594 -7.74463 -15.2599
-2.08094 -5.93863 -18.1489

-1.07494 -2.84963 -16.0669
0.973055 -5.03863 -13.6239
3.32006 -6.35563 -16.4029
4.17106 -2.95863 -17.9619

5.43606 -1.99963 -14.4319
7.92106 -4.97263 -14.0089

End chain 1
