-13.201 -6.296 -53.957
-10.703 -3.406 -53.291
-9.54 -3.087 -49.639
-11.02 0.322 -48.639
-8.614 1.85 -46.053
-10.787 3.126 -43.162

-9.634 6.195 -41.181
-10.061 4.9 -37.589
-10.286 6.838 -34.306
-12.195 7.103 -30.979
-14.163 9.439 -28.711
-12.619 10.223 -25.263
-14.157 12.207 -22.344

-11.943 15.248 -21.466
-14.301 16.978 -18.949
-17.827 16.65 -17.399
-19.139 18.761 -20.353

-16.752 17.96 -23.312
-15.482 14.956 -25.281
-12.62 14.751 -27.824
-12.437 12.939 -31.204
-8.982 11.264 -31.393
-8.672 10.357 -35.1

-6.282 10.744 -38.079
-6.98 13.557 -40.6
-9.895 13.022 -43.051

-11.208 15.853 -45.293
-14.92 14.856 -45.011
-14.611 14.37 -41.226
-13.015 17.857 -40.827
-15.875 19.254 -42.999
-18.403 17.482 -40.669
-16.559 18.759 -37.515
-16.844 22.341 -38.957

-20.697 21.797 -39.029
-20.861 21.033 -35.24
-22.116 23.933 -33.104
-20.016 23.255 -29.939
-16.791 22.621 -31.971

-13.393 23.436 -30.391
-10.011 22.816 -32.063
-6.805 22.812 -29.99

-3.883 23.919 -32.209
-1.328 22.314 -29.773
-2.753 18.736 -29.691
-4.334 19.137 -33.217

-7.578 17.622 -31.79
-11.313 18.386 -31.995
-13.683 18.544 -28.991
-17.466 19.001 -28.65
-20.131 19.402 -25.91

-21.257 16.038 -24.476
-24.923 16.743 -25.497
-23.731 16.722 -29.178
-22.178 13.179 -28.839
-25.228 11.354 -30.322
-25.57 14.044 -33.093
-21.852 13.682 -34.021
-21.815 9.829 -34.037
-25.045 9.774 -36.128
-23.507 12.176 -38.75
-20.093 10.348 -38.803

-21.793 6.948 -39.527
-22.962 8.546 -42.834
-19.328 9.196 -43.991
-17.677 6.563 -46.261
-14.251 5.2 -45.121

-14.46 6.789 -41.562
-14.765 4.819 -38.279
-15.142 6.964 -35.114
-15.663 4.659 -32.101

-18.218 6.249 -29.657
-17.862 6.903 -25.912
-18.35 3.469 -24.195
-21.794 2.549 -22.772
-20.235 2.829 -19.255
-19.534 6.58 -19.812
-22.964 7.196 -21.431
-24.623 5.531 -18.378
-22.42 7.523 -15.909

-23.7914 10.5511 -17.873
-24.7959 12.6858 -20.9702
-24.3792 11.3899 -24.5113

-24.6013 8.21203 -22.439
-27.2974 9.72583 -20.2295
-29.3284 10.7797 -23.2639

-28.7114 14.4347 -22.1519
-28.2194 17.2887 -24.6919
-27.1914 19.4357 -21.6509
-24.0714 19.8387 -19.4629
-25.7274 19.2627 -16.0769
-22.8924 18.2197 -13.7349
-23.4284 14.9877 -11.6889

-26.9164 15.0247 -10.0489
-26.4954 15.8407 -6.3429
-26.2754 12.6647 -4.2609
-29.5114 12.6317 -2.1749
-28.9734 12.5787 1.6011
-30.0024 9.18373 2.9881

-32.4244 8.88273 5.9131
-30.0864 7.48373 8.6201
-32.7744 7.65173 11.4321
-32.8564 3.79173 11.5681
-29.0174 3.78173 12.0991
-27.5174 3.93873 15.6141

-27.2174 7.70673 16.5581
-23.6884 7.14173 18.0161
-22.4934 6.10173 14.5121
-24.4284 8.81773 12.5751
-23.0994 11.6407 14.8651
-19.4354 10.4527 14.5061

-19.3844 10.4547 10.6401
-17.1424 13.2197 9.2311

-18.8034 15.3247 6.4081
-16.9284 13.4157 3.6411
-17.7614 10.0347 5.3111
-21.4934 11.0397 5.3221
-21.2594 11.9507 1.5921
-19.6404 8.48773 0.991103
-22.4854 6.70773 2.8891
-25.0604 8.71673 0.836103
-23.2524 7.79773 -2.4589
-23.1274 4.09173 -1.4699
-26.8934 4.12373 -0.626897
-27.7214 5.97573 -3.9199

-25.6704 3.27773 -5.8269
-27.9114 0.680727 -4.0249
-25.2094 -0.667273 -1.6249

-23.0494 -2.01427 -4.5289
-19.6534 -0.249273 -4.5919
-15.9064 -0.355273 -4.0759
-14.9924 2.17373 -1.3339

-11.3914 2.82773 -2.4829

-10.8324 5.82173 -0.129897
-7.20136 6.23773 1.0221

-5.74536 4.34773 4.0431
-7.05836 5.58873 7.4291
-9.93036 7.80173 6.0191
-12.4034 5.61373 8.0531

-13.5414 2.98673 5.4761
-14.7094 0.713727 8.3791
-17.0604 3.34673 9.9611
-18.5734 4.13873 6.4991
-18.9794 0.370727 5.7351
-20.7174 -0.325273 9.1061
-23.1124 2.62873 8.4431
-23.9444 1.48773 4.8401
-24.5434 -2.09027 6.1081
-26.6524 -0.847273 9.1061
-28.9244 1.16373 6.7231

-29.5974 -2.30927 5.1521

-30.0814 -4.07427 8.6261
-33.5834 -5.22427 7.4151
-31.7474 -7.32327 4.7071
-29.3234 -9.23527 7.0551
-27.6784 -11.7803 7.8151

-24.4714 -9.81527 7.1331
-21.2484 -11.5043 5.9141
-17.9324 -9.69527 6.6421
-14.8294 -11.1063 4.8681
-11.5264 -9.72427 6.2481

-7.74736 -10.3833 6.6311
-7.11336 -13.1873 9.2121
-5.55336 -10.6723 11.7381
-8.38636 -8.00727 11.8441

-11.4554 -10.2353 12.6481
-11.5924 -9.12027 16.3201
-10.8514 -5.46927 15.2751
-14.0624 -5.67127 13.1511
-16.1114 -7.26427 16.0201
-14.9654 -4.44727 18.3741
-15.8064 -1.89127 15.6141
-19.4194 -3.25627 15.4051
-19.7794 -3.22727 19.2561
-18.2934 0.332727 19.3681
-20.5204 1.82773 16.6231

-23.8184 -0.176273 16.8851
-24.5484 -0.417273 20.7011
-28.0854 -1.57627 19.5931
-26.4614 -5.06827 19.0511
-25.7274 -7.65227 21.7621

-22.3294 -9.47127 21.5021
-24.3354 -12.6873 20.7251
-25.4774 -11.0343 17.4361

-21.7884 -11.1833 16.2211
-20.2024 -14.4913 15.1331
-16.3784 -14.4083 14.7261

-15.3994 -17.4833 12.6801
-12.0134 -18.6703 14.0171
-11.8984 -22.2043 12.4581
-13.1024 -24.1663 9.3801
-15.4664 -26.1873 11.7151
-17.4854 -23.1753 12.9621
-21.0494 -22.2843 11.8041
-20.7724 -19.3403 9.3461
-24.5134 -18.4693 9.9181
-24.6164 -18.5333 13.7721
-24.8054 -14.6993 14.1811
-26.7774 -11.8333 12.6401

-23.2854 -10.5073 11.6831
-20.7624 -13.2003 10.6101
-17.0334 -12.2653 10.4481
-14.7064 -14.6693 8.5321
-11.2264 -14.6623 6.9361

-10.3554 -15.1073 3.2221
-8.45436 -18.3763 4.0201
-11.5304 -19.9133 5.7581
-13.9974 -19.1363 2.8671

-12.6234 -22.0823 0.785103
-12.9844 -24.4403 3.8281
-16.5404 -23.1073 4.4901
-17.7114 -23.1823 0.784103
-20.4284 -25.7823 1.6891
-21.9404 -23.2033 4.1571
-21.6524 -20.2613 1.6341
-24.7684 -21.8003 -0.076897
-26.8854 -19.8183 2.4701
-27.7914 -16.5043 0.697103
-26.0644 -13.6023 2.4871
-27.9334 -10.5823 1.0051

-25.4014 -8.04427 2.4371
-21.6334 -8.66527 2.0741
-18.7044 -6.51227 3.2471
-15.2144 -7.47727 2.0051

-12.3594 -5.60427 3.7041
-9.03836 -5.23227 1.7961

-10.7634 -6.71927 -1.3239
-7.46236 -6.57427 -3.3229
-6.94936 -10.1093 -1.8109
-9.47136 -11.2333 -4.5309

-7.25536 -9.80327 -7.4089
-6.55836 -13.2763 -8.9659
-9.61036 -15.3503 -10.0909
-7.69136 -18.7153 -9.9929
-7.08336 -18.4833 -6.1939

-9.24836 -20.6363 -3.8629
-10.2654 -17.4893 -1.8419
-11.5294 -15.7763 -5.0479
-13.2834 -18.9603 -6.3609
-15.1584 -19.2723 -3.0029
-16.0104 -15.5043 -2.6869
-17.1624 -14.7203 -6.2799
-20.3974 -16.8903 -6.3579
-21.6584 -15.1533 -3.1539
-20.7014 -11.6393 -4.4189
-22.5904 -12.1933 -7.7409
-25.8454 -13.2943 -5.9309

-25.7694 -11.0113 -2.8199
-28.0694 -7.90927 -3.0589

-25.5234 -5.48327 -1.4589
-21.7164 -5.71427 -1.9839
-19.4664 -3.29027 -0.064897
-15.8424 -3.82427 -1.1779
-13.1244 -1.88827 0.733103

-9.43636 -1.30227 -0.173897
-6.69536 1.34473 0.218103
-4.98736 -0.0662732 -2.8919
-7.69936 -1.58927 -5.1869
-4.96036 -2.38827 -7.6999
-1.54136 -3.32327 -6.2319
0.481641 -3.09427 -9.5109
-1.65736 -3.55227 -12.7189

-5.18336 -2.95527 -14.2389
-5.84236 -6.76327 -14.4559
-6.09936 -6.88527 -10.5779
-9.31636 -4.73727 -10.7339
-11.3254 -7.21327 -12.8829
-12.6014 -9.39327 -9.9689
-13.6784 -6.25927 -7.9979
-15.4354 -4.77327 -11.1129
-17.4564 -8.00527 -11.7309
-18.2424 -8.29327 -7.9689
-19.8014 -4.75027 -7.9509

-21.3044 -5.02127 -11.5269
-21.6894 -8.73727 -12.6119
-22.8694 -7.61827 -16.1349
-19.6324 -5.65727 -16.8629
-17.0344 -7.60327 -18.9469
-18.5974 -11.1523 -18.5839
-15.2734 -12.5843 -19.9259

-11.7984 -11.3863 -18.7839
-10.4164 -11.3893 -22.3869
-12.5634 -8.33427 -23.3849
-11.2624 -6.39827 -20.3139
-7.66236 -7.56627 -21.0229
-7.72536 -6.52927 -24.7389
-8.93536 -3.00127 -23.7849
-7.10036 -2.18727 -20.4969

-4.20736 -4.71827 -20.1189
-2.54836 -4.23527 -23.5969
-3.19636 -7.94427 -24.2129

-0.619359 -9.59127 -26.5439
-0.868359 -12.9393 -28.3859
2.41164 -14.7823 -27.6289

3.40764 -18.2643 -29.0569
2.35764 -19.8313 -25.6699

-0.998359 -17.9383 -25.2629
-2.16236 -14.4553 -24.1689
-0.0723588 -12.0303 -22.0869

-2.08336 -9.55927 -19.8929
0.847641 -7.94327 -17.9339
0.516641 -4.61627 -19.8269
-1.70236 -1.52927 -19.4809
-3.83036 0.530727 -21.9199
-6.58536 3.22573 -21.9979

-6.12536 3.94273 -18.2229
-7.95636 7.34073 -18.3219
-11.0564 5.56473 -19.7789
-10.7314 2.85073 -17.0749
-10.5504 5.61873 -14.3819
-13.7584 7.25673 -15.7509
-15.5914 3.86173 -15.8599
-14.4794 3.03873 -12.2729
-15.5384 6.43673 -10.7859
-18.9404 6.48673 -12.5989
-20.1174 2.87773 -12.0639

-17.8864 0.875727 -9.5979

-15.7534 2.93373 -7.2139
-15.8114 5.82773 -4.7429

-12.2084 7.06973 -4.2099
-10.9014 10.0707 -2.2209
-7.32636 10.9057 -1.2469

-5.80036 12.3897 1.9811
-5.18936 15.5937 -0.040897
-8.94436 15.8427 -0.940897
-10.3844 15.4727 2.6191

-7.57336 15.9677 5.2411
-5.61236 19.2027 4.4101
-4.19836 18.9657 8.0101
-2.19336 15.6977 7.5941

1.60564 16.3917 7.5791
3.35864 15.6577 4.2551

5.01464 12.2877 3.5121
8.63064 13.1357 2.5341
10.1676 10.2457 0.532103
13.8466 9.74773 -0.414897
16.2086 7.13873 -1.8169
19.2496 6.44373 0.424103
22.0686 4.88973 -1.6309

23.8486 2.68873 0.960103
27.5636 2.50773 0.150103

28.5476 -0.723273 -1.7729
32.1626 -0.252273 -0.444897
31.1246 -2.44427 2.5771

30.0836 -5.23327 0.092103
33.2216 -7.41427 0.158103

34.7276 -8.68727 -3.1399
33.4156 -12.3053 -2.5989
29.7936 -11.1073 -2.0479
30.0706 -8.77727 -5.1089
31.4996 -11.6223 -7.2609
28.5616 -13.8393 -6.0759
26.0156 -11.1043 -7.0739
27.8126 -10.7063 -10.4639
27.7256 -14.5323 -10.8949
23.9526 -14.8413 -10.1469
23.2646 -11.7893 -12.4149
25.2196 -13.4653 -15.3019
23.4456 -16.7783 -14.5109
19.9486 -15.2263 -15.0949
21.0396 -13.8953 -18.5659

22.5196 -17.2253 -19.8179
20.6896 -18.3233 -23.0229
20.8306 -22.1033 -22.4879
18.9596 -22.2643 -19.1029
15.3866 -23.4923 -18.5959

12.5906 -21.1053 -17.4419
12.9096 -22.7673 -13.9789
16.7316 -22.3083 -13.6899
16.1806 -18.6063 -14.6609
13.5916 -18.2533 -11.7859
15.9596 -20.0733 -9.3489
18.9086 -17.7813 -10.3059
16.5576 -14.7433 -9.8499
15.5426 -15.9453 -6.3259
19.2576 -16.5263 -5.5189
20.2276 -13.0053 -6.7909
17.4006 -11.4663 -4.6759
18.3556 -13.4153 -1.4779
22.0886 -12.4983 -2.0449
21.0386 -8.80827 -2.4049
19.3876 -8.99727 1.0551
22.5476 -10.5783 2.6241
24.8476 -8.01727 0.896103
22.8486 -5.04327 2.3421
22.7956 -6.23927 6.0401
26.0826 -4.48627 7.1771
25.1456 -1.05327 5.7051
21.4606 -1.40827 6.7451
22.8016 -1.95627 10.3161
25.2736 0.986727 9.9291
22.3466 3.23773 8.8461
20.0346 2.08573 11.7361
22.8396 2.85373 14.2471
23.4936 6.30373 12.6221
19.7446 7.10073 13.0981
19.8716 6.08973 16.8231
23.1966 7.95473 17.4131

21.5386 11.0337 15.7301
19.0586 11.0187 18.7041
15.8896 9.72173 16.9131
13.1956 8.76873 19.4411
10.9426 6.41973 17.3171

11.1616 4.82473 13.8361
9.99364 1.74873 11.8651
12.3636 -0.613273 9.9901
10.7776 -2.68027 7.1861
12.3986 -5.83527 5.7151

11.0166 -9.13627 4.2381
13.8946 -11.6803 4.2931

14.0256 -13.3643 7.7461
17.8886 -13.1623 7.8041
17.6586 -9.30527 7.5621
15.0556 -9.12027 10.4061
17.2166 -11.5553 12.4921
20.4816 -9.57327 11.9381
18.8046 -6.19427 12.7841
17.2516 -7.62327 16.0231
20.5876 -9.25627 17.0531
22.5296 -5.95327 16.6331
19.8436 -3.94027 18.5411
20.0616 -6.53127 21.4061
23.9236 -6.30727 21.2911

23.6356 -2.45227 21.5471
20.9676 -2.88427 24.3481
18.3896 -0.924273 22.2461
14.7856 -1.61127 23.3151

12.7826 -2.60227 20.2041
9.69764 -4.57027 19.0381
9.61964 -7.28727 16.3221
6.61764 -8.38827 14.1781

6.88364 -11.1103 11.4801
5.05064 -14.2063 10.0661
5.62864 -16.1233 13.3751
4.19464 -13.3743 15.6911
0.681641 -14.3793 16.8801
-2.48136 -12.2833 16.2241
-2.85436 -11.1753 19.9121

0.903641 -10.5333 20.4991
0.894641 -8.30827 17.3321
-1.66636 -5.97627 18.9961
0.182641 -6.03127 22.3801
3.61864 -5.24327 20.7721
1.87764 -2.47427 18.7491
0.543641 -0.986273 22.0491
4.02064 -1.36927 23.7021
5.66864 0.646727 20.8341
2.82064 3.24673 20.8841
2.74664 3.81073 24.6951

6.37964 3.14773 25.8291
8.96364 5.92973 25.1431
11.7666 3.30173 25.5931
10.9556 1.29773 22.4151
12.9246 3.27873 19.7941

12.7826 0.754727 16.8811
10.0226 -1.41627 15.4021
11.4846 -4.27827 13.2721
8.62864 -5.18827 10.8991
8.05464 -7.71627 8.1111

6.74264 -5.82027 5.0101
4.31364 -8.73027 4.3011
3.25064 -9.57927 7.8981
2.76364 -5.98527 9.2651
1.04164 -4.45627 6.1321
-2.41936 -4.93027 7.8201
-4.41736 -3.97427 10.9711
-1.65036 -2.20827 12.9661
-1.20136 1.56373 13.6511
2.25164 3.10673 14.3601
1.41464 6.84173 14.8061
4.12464 7.17373 17.5591
6.90864 7.10873 14.8861
7.79264 9.91373 12.3891

10.2396 7.83673 10.2471
9.93064 4.67273 8.1051
13.0976 2.90573 6.8201
12.7206 0.272727 4.0761

15.8806 -1.85027 4.5201
14.6716 -3.87027 1.4891
12.6606 -3.06727 -1.6589
9.46764 -5.03227 -2.4549
8.38164 -5.58627 -6.1219
4.73564 -4.61427 -5.3769

4.19564 -0.837273 -4.7289
0.722641 -1.38527 -3.1659
2.42364 -3.25227 -0.245897
5.04264 -0.456273 0.169103
2.20564 2.17173 0.323103
0.325641 -0.0682732 2.8581
3.50364 -0.0752732 5.0381
3.97764 3.77573 4.8061

0.279641 4.25073 5.8241
0.953641 2.40373 9.1081
2.57464 5.68373 10.3731
0.642641 8.20573 8.2281
-2.74136 7.71273 10.0521
-5.28136 9.88673 11.9351
-3.35736 10.8287 15.1321
-0.0493588 11.6007 13.3101
1.17964 15.2007 14.0241
4.70164 15.1317 12.4111
5.80464 15.0947 8.7251

6.42664 11.4137 7.9021
9.91664 10.5927 6.5701
10.1786 7.54173 4.2351
13.7396 6.28973 3.4941
14.2436 3.60573 0.782103
17.6636 1.91073 1.2901
19.1966 0.894727 -2.1129

22.5856 -0.605273 -3.1349
24.2866 -0.0862732 -6.5639
25.3926 -3.45127 -8.0879
22.3696 -5.42627 -6.6699
18.6976 -6.42627 -7.2959

17.6856 -2.84227 -6.2169
19.0046 -1.49827 -9.6009
16.2246 -3.50627 -11.4109
13.5256 -3.42927 -8.6769
13.4896 0.384727 -8.2569
12.6786 1.22673 -11.9709
10.0936 -1.66027 -11.9209
8.38464 -0.223273 -8.7769
8.39764 3.28973 -10.3939
6.70464 2.20673 -13.6759
4.10364 0.281727 -11.5609
3.26164 3.41673 -9.4419
2.90164 5.40873 -12.7139
0.428641 2.76373 -14.0789
-1.49336 3.02973 -10.7469
-1.47836 6.89373 -10.9109
-2.70536 6.97773 -14.5809

-5.57836 4.65573 -13.4639
-6.37836 7.19773 -10.6189
-5.30236 4.59673 -7.9749
-2.28236 6.50373 -6.4989
-1.10736 10.1187 -5.9269
2.35064 8.67973 -5.1919
4.82464 9.81573 -7.8369
8.26464 8.14373 -7.3639
10.1496 9.94973 -10.2529

11.1556 13.0387 -8.1709
13.2036 10.8497 -5.7279
15.5506 9.53273 -8.5069
16.4016 12.9297 -10.0659

17.6666 13.8887 -6.5359
20.1516 10.9157 -6.1129

End chain 1
