-13.201 -6.296 -53.957
-10.703 -3.406 -53.291
-9.54 -3.087 -49.639
-11.02 0.322 -48.639
-8.614 1.85 -46.053
-10.787 3.126 -43.162

-9.634 6.195 -41.181
-10.061 4.9 -37.589
-10.286 6.838 -34.306
-12.195 7.103 -30.979
-14.163 9.439 -28.711
-12.619 10.223 -25.263
-14.157 12.207 -22.344

-11.943 15.248 -21.466
-14.301 16.978 -18.949
-17.827 16.65 -17.399
-19.139 18.761 -20.353

-16.752 17.96 -23.312
-15.482 14.956 -25.281
-12.62 14.751 -27.824
-12.437 12.939 -31.204
-8.982 11.264 -31.393
-8.672 10.357 -35.1

-6.282 10.744 -38.079
-6.98 13.557 -40.6
-9.895 13.022 -43.051

-11.208 15.853 -45.293
-14.92 14.856 -45.011
-14.611 14.37 -41.226
-13.015 17.857 -40.827
-15.875 19.254 -42.999
-18.403 17.482 -40.669
-16.559 18.759 -37.515
-16.844 22.341 -38.957

-20.697 21.797 -39.029
-20.861 21.033 -35.24
-22.116 23.933 -33.104
-20.016 23.255 -29.939
-16.791 22.621 -31.971

-13.393 23.436 -30.391
-10.011 22.816 -32.063
-6.805 22.812 -29.99

-3.883 23.919 -32.209
-1.328 22.314 -29.773
-2.753 18.736 -29.691
-4.334 19.137 -33.217

-7.578 17.622 -31.79
-11.313 18.386 -31.995
-13.683 18.544 -28.991
-17.466 19.001 -28.65
-20.131 19.402 -25.91

-21.257 16.038 -24.476
-24.923 16.743 -25.497
-23.731 16.722 -29.178
-22.178 13.179 -28.839
-25.228 11.354 -30.322
-25.57 14.044 -33.093
-21.852 13.682 -34.021
-21.815 9.829 -34.037
-25.045 9.774 -36.128
-23.507 12.176 -38.75
-20.093 10.348 -38.803

-21.793 6.948 -39.527
-22.962 8.546 -42.834
-19.328 9.196 -43.991
-17.677 6.563 -46.261
-14.251 5.2 -45.121

-14.46 6.789 -41.562
-14.765 4.819 -38.279
-15.142 6.964 -35.114
-15.663 4.659 -32.101

-18.218 6.249 -29.657
-17.862 6.903 -25.912
-18.35 3.469 -24.195
-21.794 2.549 -22.772
-20.235 2.829 -19.255
-19.534 6.58 -19.812
-22.964 7.196 -21.431
-24.623 5.531 -18.378
-22.42 7.523 -15.909

-23.028 10.919 -17.654
-26.668 10.153 -18.714
-27.851 13.482 -17.123

-25.214 15.594 -18.963
-26 13.8 -22.296
-29.631 15.147 -21.909

-29.014 18.802 -20.797
-28.522 21.656 -23.337
-27.494 23.803 -20.296
-24.374 24.206 -18.108
-26.03 23.63 -14.722
-23.195 22.587 -12.38
-23.731 19.355 -10.334

-27.219 19.392 -8.694
-26.798 20.208 -4.988
-26.578 17.032 -2.906
-29.814 16.999 -0.82
-29.276 16.946 2.956
-30.305 13.551 4.343

-32.727 13.25 7.268
-30.389 11.851 9.975
-33.077 12.019 12.787
-33.159 8.159 12.923
-29.32 8.149 13.454
-27.82 8.306 16.969

-27.52 12.074 17.913
-23.991 11.509 19.371
-22.796 10.469 15.867
-24.731 13.185 13.93
-23.402 16.008 16.22
-19.738 14.82 15.861

-19.687 14.822 11.995
-17.445 17.587 10.586

-19.106 19.692 7.763
-17.231 17.783 4.996
-18.064 14.402 6.666
-21.796 15.407 6.677
-21.562 16.318 2.947
-19.943 12.855 2.346
-22.788 11.075 4.244
-25.363 13.084 2.191
-23.555 12.165 -1.104
-23.43 8.459 -0.115
-27.196 8.491 0.728
-28.024 10.343 -2.565

-25.973 7.645 -4.472
-28.214 5.048 -2.67
-25.512 3.7 -0.27

-23.352 2.353 -3.174
-19.956 4.118 -3.237
-16.209 4.012 -2.721
-15.295 6.541 0.021

-12.0704 7.92095 1.44392

-10.9687 9.45053 -1.85601
-7.90032 10.9924 -0.228014

-6.44432 9.10243 2.79299
-7.75732 10.3434 6.17899
-10.6293 12.5564 4.76899
-13.1023 10.3684 6.80299

-14.2403 7.74143 4.22599
-15.4083 5.46843 7.12899
-17.7593 8.10143 8.71099
-19.2723 8.89343 5.24899
-19.6783 5.12543 4.48499
-21.4163 4.42943 7.85599
-23.8113 7.38343 7.19299
-24.6433 6.24243 3.58999
-25.2423 2.66443 4.85799
-27.3513 3.90743 7.85599
-29.6233 5.91843 5.47299

-30.2963 2.44543 3.90199

-30.7803 0.680427 7.37599
-34.2823 -0.469573 6.16499
-32.4463 -2.56857 3.45699
-30.0223 -4.48057 5.80499
-28.3773 -7.02557 6.56499

-25.1703 -5.06057 5.88299
-21.9473 -6.74957 4.66399
-18.6313 -4.94057 5.39199
-15.5283 -6.35157 3.61799
-12.2253 -4.96957 4.99799

-8.44632 -5.62857 5.38099
-7.81232 -8.43257 7.96199
-6.25232 -5.91757 10.488
-9.08532 -3.25257 10.594

-12.1543 -5.48057 11.398
-12.2913 -4.36557 15.07
-11.5503 -0.714573 14.025
-14.7613 -0.916573 11.901
-16.8103 -2.50957 14.77
-15.6643 0.307427 17.124
-16.5053 2.86343 14.364
-20.1183 1.49843 14.155
-20.4783 1.52743 18.006
-18.9923 5.08743 18.118
-21.2193 6.58243 15.373

-24.5173 4.57843 15.635
-25.2473 4.33743 19.451
-28.7843 3.17843 18.343
-27.1603 -0.313573 17.801
-26.4263 -2.89757 20.512

-23.0283 -4.71657 20.252
-25.0343 -7.93257 19.475
-26.1763 -6.27957 16.186

-22.4873 -6.42857 14.971
-20.9013 -9.73657 13.883
-17.0773 -9.65357 13.476

-16.0983 -12.7286 11.43
-12.7123 -13.9156 12.767
-12.5973 -17.4496 11.208
-13.8013 -19.4116 8.12999
-16.1653 -21.4326 10.465
-18.1843 -18.4206 11.712
-21.7483 -17.5296 10.554
-21.4713 -14.5856 8.09599
-25.2123 -13.7146 8.66799
-25.3153 -13.7786 12.522
-25.5043 -9.94457 12.931
-27.4763 -7.07857 11.39

-23.9843 -5.75257 10.433
-21.4613 -8.44557 9.35999
-17.7323 -7.51057 9.19799
-15.4053 -9.91457 7.28199
-11.9253 -9.90757 5.68599

-11.0543 -10.3526 1.97199
-9.15332 -13.6216 2.76999
-12.2293 -15.1586 4.50799
-14.6963 -14.3816 1.61699

-13.3223 -17.3276 -0.465014
-13.6833 -19.6856 2.57799
-17.2393 -18.3526 3.23999
-18.4103 -18.4276 -0.466014
-21.1273 -21.0276 0.438986
-22.6393 -18.4486 2.90699
-22.3513 -15.5066 0.383986
-25.4673 -17.0456 -1.32701
-27.5843 -15.0636 1.21999
-28.4903 -11.7496 -0.553014
-26.7633 -8.84757 1.23699
-28.6323 -5.82757 -0.245014

-26.1003 -3.28957 1.18699
-22.3323 -3.91057 0.823986
-19.4033 -1.75757 1.99699
-15.9133 -2.72257 0.754986

-13.0583 -0.849573 2.45399
-9.73732 -0.477573 0.545986

-11.4623 -1.96457 -2.57401
-8.16132 -1.81957 -4.57301
-7.64832 -5.35457 -3.06101
-10.1703 -6.47857 -5.78101

-7.95432 -5.04857 -8.65901
-7.25732 -8.52157 -10.216
-10.3093 -10.5956 -11.341
-8.39032 -13.9606 -11.243
-7.78232 -13.7286 -7.44401

-9.94732 -15.8816 -5.11301
-10.9643 -12.7346 -3.09201
-12.2283 -11.0216 -6.29801
-13.9823 -14.2056 -7.61101
-15.8573 -14.5176 -4.25301
-16.7093 -10.7496 -3.93701
-17.8613 -9.96557 -7.53001
-21.0963 -12.1356 -7.60801
-22.3573 -10.3986 -4.40401
-21.4003 -6.88457 -5.66901
-23.2893 -7.43857 -8.99101
-26.5443 -8.53957 -7.18101

-26.4683 -6.25657 -4.07001
-28.7683 -3.15457 -4.30901

-26.2223 -0.728573 -2.70901
-22.4153 -0.959573 -3.23401
-20.1653 1.46443 -1.31501
-16.5413 0.930427 -2.42801
-13.8233 2.86643 -0.517014

-10.1353 3.45243 -1.42401
-7.39432 6.09943 -1.03201
-5.68632 4.68843 -4.14201
-8.39832 3.16543 -6.43701
-5.65932 2.36643 -8.95001
-2.24032 1.43143 -7.48201
-0.21732 1.66043 -10.761
-2.35632 1.20243 -13.969

-5.88232 1.79943 -15.489
-6.54132 -2.00857 -15.706
-6.79832 -2.13057 -11.828
-10.0153 0.0174271 -11.984
-12.0243 -2.45857 -14.133
-13.3003 -4.63857 -11.219
-14.3773 -1.50457 -9.24801
-16.1343 -0.0185729 -12.363
-18.1553 -3.25057 -12.981
-18.9413 -3.53857 -9.21901
-20.5003 0.00442706 -9.20101

-22.0033 -0.266573 -12.777
-22.3883 -3.98257 -13.862
-23.5683 -2.86357 -17.385
-20.3313 -0.902573 -18.113
-17.7333 -2.84857 -20.197
-19.2963 -6.39757 -19.834
-15.9723 -7.82957 -21.176

-12.4973 -6.63157 -20.034
-11.1153 -6.63457 -23.637
-13.2623 -3.57957 -24.635
-11.9613 -1.64357 -21.564
-8.36132 -2.81157 -22.273
-8.42432 -1.77457 -25.989
-9.63432 1.75343 -25.035
-7.79932 2.56743 -21.747

-4.90632 0.0364271 -21.369
-3.24732 0.519427 -24.847
-3.89532 -3.18957 -25.463

-1.31832 -4.83657 -27.794
-1.56732 -8.18457 -29.636
1.71268 -10.0276 -28.879

2.70868 -13.5096 -30.307
1.65868 -15.0766 -26.92

-1.69732 -13.1836 -26.513
-2.86132 -9.70057 -25.419
-0.77132 -7.27557 -23.337

-2.78232 -4.80457 -21.143
0.14868 -3.18857 -19.184
-0.18232 0.138427 -21.077
-2.40132 3.22543 -20.731
-4.52932 5.28543 -23.17
-7.28432 7.98043 -23.248

-6.82432 8.69743 -19.473
-8.65532 12.0954 -19.572
-11.7553 10.3194 -21.029
-11.4303 7.60543 -18.325
-11.2493 10.3734 -15.632
-14.4573 12.0114 -17.001
-16.2903 8.61643 -17.11
-15.1783 7.79343 -13.523
-16.2373 11.1914 -12.036
-19.6393 11.2414 -13.849
-20.8163 7.63243 -13.314

-18.5853 5.63043 -10.848

-16.4523 7.68843 -8.46401
-16.5103 10.5824 -5.99301

-12.9073 11.8244 -5.46001
-11.6003 14.8254 -3.47101
-8.02532 15.6604 -2.49701

-6.49932 17.1444 0.730986
-5.88832 20.3484 -1.29101
-9.64332 20.5974 -2.19101
-11.0833 20.2274 1.36899

-8.27232 20.7224 3.99099
-6.31132 23.9574 3.15999
-4.89732 23.7204 6.75999
-2.89232 20.4524 6.34399

0.90668 21.1464 6.32899
2.65968 20.4124 3.00499

4.31568 17.0424 2.26199
7.93168 17.8904 1.28399
9.46868 15.0004 -0.718014
13.1477 14.5024 -1.66501
15.5097 11.8934 -3.06701
18.5507 11.1984 -0.826014
21.3697 9.64443 -2.88101

23.1497 7.44343 -0.290014
26.8647 7.26243 -1.10001

27.8487 4.03143 -3.02301
31.4637 4.50243 -1.69501
30.4257 2.31043 1.32699

29.3847 -0.478573 -1.15801
32.5227 -2.65957 -1.09201

34.0287 -3.93257 -4.39001
32.7167 -7.55057 -3.84901
29.0947 -6.35257 -3.29801
29.3717 -4.02257 -6.35901
30.8007 -6.86757 -8.51101
27.8627 -9.08457 -7.32601
25.3167 -6.34957 -8.32401
27.1137 -5.95157 -11.714
27.0267 -9.77757 -12.145
23.2537 -10.0866 -11.397
22.5657 -7.03457 -13.665
24.5207 -8.71057 -16.552
22.7467 -12.0236 -15.761
19.2497 -10.4716 -16.345
20.3407 -9.14057 -19.816

21.8207 -12.4706 -21.068
19.9907 -13.5686 -24.273
20.1317 -17.3486 -23.738
18.2607 -17.5096 -20.353
14.6877 -18.7376 -19.846

11.8917 -16.3506 -18.692
12.2107 -18.0126 -15.229
16.0327 -17.5536 -14.94
15.4817 -13.8516 -15.911
12.8927 -13.4986 -13.036
15.2607 -15.3186 -10.599
18.2097 -13.0266 -11.556
15.8587 -9.98857 -11.1
14.8437 -11.1906 -7.57601
18.5587 -11.7716 -6.76901
19.5287 -8.25057 -8.04101
16.7017 -6.71157 -5.92601
17.6567 -8.66057 -2.72801
21.3897 -7.74357 -3.29501
20.3397 -4.05357 -3.65501
18.6887 -4.24257 -0.195014
21.8487 -5.82357 1.37399
24.1487 -3.26257 -0.354014
22.1497 -0.288573 1.09199
22.0967 -1.48457 4.78999
25.3837 0.268427 5.92699
24.4467 3.70143 4.45499
20.7617 3.34643 5.49499
22.1027 2.79843 9.06599
24.5747 5.74143 8.67899
21.6477 7.99243 7.59599
19.3357 6.84043 10.486
22.1407 7.60843 12.997
22.7947 11.0584 11.372
19.0457 11.8554 11.848
19.1727 10.8444 15.573
22.4977 12.7094 16.163

20.8397 15.7884 14.48
18.3597 15.7734 17.454
15.1907 14.4764 15.663
12.4967 13.5234 18.191
10.2437 11.1744 16.067

10.4627 9.57943 12.586
9.29468 6.50343 10.615
11.6647 4.14143 8.73999
10.0787 2.07443 5.93599
11.6997 -1.08057 4.46499

10.3177 -4.38157 2.98799
13.1957 -6.92557 3.04299

13.3267 -8.60957 6.49599
17.1897 -8.40757 6.55399
16.9597 -4.55057 6.31199
14.3567 -4.36557 9.15599
16.5177 -6.80057 11.242
19.7827 -4.81857 10.688
18.1057 -1.43957 11.534
16.5527 -2.86857 14.773
19.8887 -4.50157 15.803
21.8307 -1.19857 15.383
19.1447 0.814427 17.291
19.3627 -1.77657 20.156
23.2247 -1.55257 20.041

22.9367 2.30243 20.297
20.2687 1.87043 23.098
17.6907 3.83043 20.996
14.0867 3.14343 22.065

12.0837 2.15243 18.954
8.99868 0.184427 17.788
8.92068 -2.53257 15.072
5.91868 -3.63357 12.928

6.18468 -6.35557 10.23
4.35168 -9.45157 8.81599
4.92968 -11.3686 12.125
3.49568 -8.61957 14.441
-0.01732 -9.62457 15.63
-3.18032 -7.52857 14.974
-3.55332 -6.42057 18.662

0.20468 -5.77857 19.249
0.19568 -3.55357 16.082
-2.36532 -1.22157 17.746
-0.51632 -1.27657 21.13
2.91968 -0.488573 19.522
1.17868 2.28043 17.499
-0.15532 3.76843 20.799
3.32168 3.38543 22.452
4.96968 5.40143 19.584
2.12168 8.00143 19.634
2.04768 8.56543 23.445

5.68068 7.90243 24.579
8.26468 10.6844 23.893
11.0677 8.05643 24.343
10.2567 6.05243 21.165
12.2257 8.03343 18.544

12.0837 5.50943 15.631
9.32368 3.33843 14.152
10.7857 0.476427 12.022
7.92968 -0.433573 9.64899
7.35568 -2.96157 6.86099

6.04368 -1.06557 3.75999
3.61468 -3.97557 3.05099
2.55168 -4.82457 6.64799
2.06468 -1.23057 8.01499
0.34268 0.298427 4.88199
-3.11832 -0.175573 6.56999
-5.11632 0.780427 9.72099
-2.34932 2.54643 11.716
-1.90032 6.31843 12.401
1.55268 7.86143 13.11
0.71568 11.5964 13.556
3.42568 11.9284 16.309
6.20968 11.8634 13.636
7.09368 14.6684 11.139

9.54068 12.5914 8.99699
9.23168 9.42743 6.85499
12.3987 7.66043 5.56999
12.0217 5.02743 2.82599

15.1817 2.90443 3.26999
13.9727 0.884427 0.238986
11.9617 1.68743 -2.90901
8.76868 -0.277573 -3.70501
7.68268 -0.831573 -7.37201
4.03668 0.140427 -6.62701

3.49668 3.91743 -5.97901
0.02368 3.36943 -4.41601
1.72468 1.50243 -1.49601
4.34368 4.29843 -1.08101
1.50668 6.92643 -0.927014
-0.37332 4.68643 1.60799
2.80468 4.67943 3.78799
3.27868 8.53043 3.55599

-0.41932 9.00543 4.57399
0.25468 7.15843 7.85799
1.87568 10.4384 9.12299
-0.05632 12.9604 6.97799
-3.44032 12.4674 8.80199
-5.98032 14.6414 10.685
-4.05632 15.5834 13.882
-0.74832 16.3554 12.06
0.48068 19.9554 12.774
4.00268 19.8864 11.161
5.10568 19.8494 7.47499

5.72768 16.1684 6.65199
9.21768 15.3474 5.31999
9.47968 12.2964 2.98499
13.0407 11.0444 2.24399
13.5447 8.36043 -0.468014
16.9647 6.66543 0.039986
18.4977 5.64943 -3.36301

21.8867 4.14943 -4.38501
23.5877 4.66843 -7.81401
24.6937 1.30343 -9.33801
21.6707 -0.671573 -7.92001
17.9987 -1.67157 -8.54601

16.9867 1.91243 -7.46701
18.3057 3.25643 -10.851
15.5257 1.24843 -12.661
12.8267 1.32543 -9.92701
12.7907 5.13943 -9.50701
11.9797 5.98143 -13.221
9.39468 3.09443 -13.171
7.68568 4.53143 -10.027
7.69868 8.04443 -11.644
6.00568 6.96143 -14.926
3.40468 5.03643 -12.811
2.56268 8.17143 -10.692
2.20268 10.1634 -13.964
-0.27032 7.51843 -15.329
-2.19232 7.78443 -11.997
-2.17732 11.6484 -12.161
-3.40432 11.7324 -15.831

-6.27732 9.41043 -14.714
-7.07732 11.9524 -11.869
-6.00132 9.35143 -9.22501
-2.98132 11.2584 -7.74901
-1.80632 14.8734 -7.17701
1.65168 13.4344 -6.44201
4.12568 14.5704 -9.08701
7.56568 12.8984 -8.61401
9.45068 14.7044 -11.503

10.4567 17.7934 -9.42101
12.5047 15.6044 -6.97801
14.8517 14.2874 -9.75701
15.7027 17.6844 -11.316

16.9677 18.6434 -7.78601
19.4527 15.6704 -7.36301

End chain 1
