-13.201 -6.296 -53.957
-10.703 -3.406 -53.291
-9.54 -3.087 -49.639
-11.02 0.322 -48.639
-8.614 1.85 -46.053
-10.787 3.126 -43.162

-9.634 6.195 -41.181
-10.061 4.9 -37.589
-10.286 6.838 -34.306
-12.195 7.103 -30.979
-14.163 9.439 -28.711
-12.619 10.223 -25.263
-14.157 12.207 -22.344

-11.943 15.248 -21.466
-14.301 16.978 -18.949
-17.827 16.65 -17.399
-19.139 18.761 -20.353

-16.752 17.96 -23.312
-15.482 14.956 -25.281
-12.62 14.751 -27.824
-12.437 12.939 -31.204
-8.982 11.264 -31.393
-8.672 10.357 -35.1

-6.282 10.744 -38.079
-6.98 13.557 -40.6
-9.895 13.022 -43.051

-11.208 15.853 -45.293
-14.92 14.856 -45.011
-14.611 14.37 -41.226
-13.015 17.857 -40.827
-15.875 19.254 -42.999
-18.403 17.482 -40.669
-16.559 18.759 -37.515
-16.844 22.341 -38.957

-20.697 21.797 -39.029
-20.861 21.033 -35.24
-22.116 23.933 -33.104
-20.016 23.255 -29.939
-16.791 22.621 -31.971

-13.393 23.436 -30.391
-10.011 22.816 -32.063
-6.805 22.812 -29.99

-3.883 23.919 -32.209
-1.328 22.314 -29.773
-2.753 18.736 -29.691
-4.334 19.137 -33.217

-7.578 17.622 -31.79
-11.313 18.386 -31.995
-13.683 18.544 -28.991
-17.466 19.001 -28.65
-20.131 19.402 -25.91

-21.257 16.038 -24.476
-24.923 16.743 -25.497
-23.731 16.722 -29.178
-22.178 13.179 -28.839
-25.228 11.354 -30.322
-25.57 14.044 -33.093
-21.852 13.682 -34.021
-21.815 9.829 -34.037
-25.045 9.774 -36.128
-23.507 12.176 -38.75
-20.093 10.348 -38.803

-21.793 6.948 -39.527
-22.962 8.546 -42.834
-19.328 9.196 -43.991
-17.677 6.563 -46.261
-14.251 5.2 -45.121

-14.46 6.789 -41.562
-14.765 4.819 -38.279
-15.142 6.964 -35.114
-15.663 4.659 -32.101

-18.218 6.249 -29.657
-17.862 6.903 -25.912
-18.35 3.469 -24.195
-21.794 2.549 -22.772
-20.235 2.829 -19.255
-19.534 6.58 -19.812
-22.964 7.196 -21.431
-24.623 5.531 -18.378
-22.42 7.523 -15.909

-23.028 10.919 -17.654
-26.668 10.153 -18.714
-27.851 13.482 -17.123

-25.214 15.594 -18.963
-26 13.8 -22.296
-29.631 15.147 -21.909

-29.014 18.802 -20.797
-28.522 21.656 -23.337
-27.494 23.803 -20.296
-24.374 24.206 -18.108
-26.03 23.63 -14.722
-23.195 22.587 -12.38
-23.731 19.355 -10.334

-27.219 19.392 -8.694
-26.798 20.208 -4.988
-26.578 17.032 -2.906
-29.814 16.999 -0.82
-29.276 16.946 2.956
-30.305 13.551 4.343

-32.727 13.25 7.268
-30.389 11.851 9.975
-33.077 12.019 12.787
-33.159 8.159 12.923
-29.32 8.149 13.454
-27.82 8.306 16.969

-27.52 12.074 17.913
-23.991 11.509 19.371
-22.796 10.469 15.867
-24.731 13.185 13.93
-23.402 16.008 16.22
-19.738 14.82 15.861

-19.687 14.822 11.995
-17.445 17.587 10.586

-19.106 19.692 7.763
-17.231 17.783 4.996
-18.064 14.402 6.666
-21.796 15.407 6.677
-21.562 16.318 2.947
-19.943 12.855 2.346
-22.788 11.075 4.244
-25.363 13.084 2.191
-23.555 12.165 -1.104
-23.43 8.459 -0.115
-27.196 8.491 0.728
-28.024 10.343 -2.565

-25.973 7.645 -4.472
-28.214 5.048 -2.67
-25.512 3.7 -0.27

-23.352 2.353 -3.174
-19.956 4.118 -3.237
-16.209 4.012 -2.721
-15.295 6.541 0.021

-11.694 7.195 -1.128

-11.135 10.189 1.225
-7.504 10.605 2.377

-6.048 8.715 5.398
-7.361 9.956 8.784
-10.233 12.169 7.374
-12.706 9.981 9.408

-13.844 7.354 6.831
-15.012 5.081 9.734
-17.363 7.714 11.316
-18.876 8.506 7.854
-19.282 4.738 7.09
-21.02 4.042 10.461
-23.415 6.996 9.798
-24.247 5.855 6.195
-24.846 2.277 7.463
-26.955 3.52 10.461
-29.227 5.531 8.078

-29.9 2.058 6.507

-30.384 0.293 9.981
-33.886 -0.857 8.77
-32.05 -2.956 6.062
-29.626 -4.868 8.41
-27.981 -7.413 9.17

-24.774 -5.448 8.488
-21.551 -7.137 7.269
-18.235 -5.328 7.997
-15.132 -6.739 6.223
-11.829 -5.357 7.603

-8.05 -6.016 7.986
-7.416 -8.82 10.567
-5.856 -6.305 13.093
-8.689 -3.64 13.199

-11.758 -5.868 14.003
-11.895 -4.753 17.675
-11.154 -1.102 16.63
-14.365 -1.304 14.506
-16.414 -2.897 17.375
-15.268 -0.08 19.729
-16.109 2.476 16.969
-19.722 1.111 16.76
-20.082 1.14 20.611
-18.596 4.7 20.723
-20.823 6.195 17.978

-24.121 4.191 18.24
-24.851 3.95 22.056
-28.388 2.791 20.948
-26.764 -0.701 20.406
-26.03 -3.285 23.117

-22.632 -5.104 22.857
-24.638 -8.32 22.08
-25.78 -6.667 18.791

-22.091 -6.816 17.576
-20.505 -10.124 16.488
-16.681 -10.041 16.081

-15.702 -13.116 14.035
-12.316 -14.303 15.372
-12.201 -17.837 13.813
-13.405 -19.799 10.735
-15.769 -21.82 13.07
-17.788 -18.808 14.317
-21.352 -17.917 13.159
-21.075 -14.973 10.701
-24.816 -14.102 11.273
-24.919 -14.166 15.127
-25.108 -10.332 15.536
-27.08 -7.466 13.995

-23.588 -6.14 13.038
-21.065 -8.833 11.965
-17.336 -7.898 11.803
-15.009 -10.302 9.887
-11.529 -10.295 8.291

-10.658 -10.74 4.577
-8.757 -14.009 5.375
-11.833 -15.546 7.113
-14.3 -14.769 4.222

-12.926 -17.715 2.14
-13.287 -20.073 5.183
-16.843 -18.74 5.845
-18.014 -18.815 2.139
-20.731 -21.415 3.044
-22.243 -18.836 5.512
-21.955 -15.894 2.989
-25.071 -17.433 1.278
-27.188 -15.451 3.825
-28.094 -12.137 2.052
-26.367 -9.235 3.842
-28.236 -6.215 2.36

-25.704 -3.677 3.792
-21.936 -4.298 3.429
-19.007 -2.145 4.602
-15.517 -3.11 3.36

-12.662 -1.237 5.059
-9.341 -0.865 3.151

-11.066 -2.352 0.031
-7.765 -2.207 -1.968
-7.252 -5.742 -0.456
-9.774 -6.866 -3.176

-7.558 -5.436 -6.054
-6.861 -8.909 -7.611
-9.913 -10.983 -8.736
-7.994 -14.348 -8.638
-7.386 -14.116 -4.839

-9.551 -16.269 -2.508
-10.568 -13.122 -0.487
-11.832 -11.409 -3.693
-13.586 -14.593 -5.006
-15.461 -14.905 -1.648
-16.313 -11.137 -1.332
-17.465 -10.353 -4.925
-20.7 -12.523 -5.003
-21.961 -10.786 -1.799
-21.004 -7.272 -3.064
-22.893 -7.826 -6.386
-26.148 -8.927 -4.576

-26.072 -6.644 -1.465
-28.372 -3.542 -1.704

-25.826 -1.116 -0.104
-22.019 -1.347 -0.629
-19.769 1.077 1.29
-16.145 0.543 0.177
-13.427 2.479 2.088

-9.739 3.065 1.181
-6.998 5.712 1.573
-5.29 4.301 -1.537
-8.002 2.778 -3.832
-5.263 1.979 -6.345
-1.844 1.044 -4.877
0.179 1.273 -8.156
-1.96 0.815 -11.364

-5.486 1.412 -12.884
-6.145 -2.396 -13.101
-6.402 -2.518 -9.223
-9.619 -0.37 -9.379
-11.628 -2.846 -11.528
-12.904 -5.026 -8.614
-13.981 -1.892 -6.643
-15.738 -0.406 -9.758
-17.759 -3.638 -10.376
-18.545 -3.926 -6.614
-20.104 -0.383 -6.596

-21.607 -0.654 -10.172
-21.992 -4.37 -11.257
-23.172 -3.251 -14.78
-19.935 -1.29 -15.508
-17.337 -3.236 -17.592
-18.9 -6.785 -17.229
-15.576 -8.217 -18.571

-12.101 -7.019 -17.429
-10.719 -7.022 -21.032
-12.866 -3.967 -22.03
-11.565 -2.031 -18.959
-7.965 -3.199 -19.668
-8.028 -2.162 -23.384
-9.238 1.366 -22.43
-7.403 2.18 -19.142

-4.51 -0.351 -18.764
-2.851 0.132 -22.242
-3.499 -3.577 -22.858

-0.922 -5.224 -25.189
-1.171 -8.572 -27.031
2.109 -10.415 -26.274

3.105 -13.897 -27.702
2.055 -15.464 -24.315

-1.301 -13.571 -23.908
-2.465 -10.088 -22.814
-0.375 -7.663 -20.732

-2.386 -5.192 -18.538
0.545 -3.576 -16.579
0.214 -0.249 -18.472
-2.005 2.838 -18.126
-4.133 4.898 -20.565
-6.888 7.593 -20.643

-6.428 8.31 -16.868
-8.259 11.708 -16.967
-11.359 9.932 -18.424
-11.034 7.218 -15.72
-10.853 9.986 -13.027
-14.061 11.624 -14.396
-15.894 8.229 -14.505
-14.782 7.406 -10.918
-15.841 10.804 -9.431
-19.243 10.854 -11.244
-20.42 7.245 -10.709

-18.189 5.243 -8.243

-16.056 7.301 -5.859
-16.114 10.195 -3.388

-12.511 11.437 -2.855
-11.204 14.438 -0.866
-7.629 15.273 0.108

-6.103 16.757 3.336
-5.492 19.961 1.314
-9.247 20.21 0.414
-10.687 19.84 3.974

-7.876 20.335 6.596
-5.915 23.57 5.765
-4.501 23.333 9.365
-2.496 20.065 8.949

1.303 20.759 8.934
3.056 20.025 5.61

4.712 16.655 4.867
8.328 17.503 3.889
9.865 14.613 1.887
13.544 14.115 0.94
15.906 11.506 -0.462
18.947 10.811 1.779
21.766 9.257 -0.276

23.546 7.056 2.315
27.261 6.875 1.505

28.245 3.644 -0.418
31.86 4.115 0.91
30.822 1.923 3.932

30.0303 -0.695207 1.28983
28.9244 -2.85668 -1.65357

27.0451 -5.78893 -0.132626
25.2977 -3.50522 2.35212
24.2402 -1.13416 -0.423239
22.8292 -4.00712 -2.47215
20.8418 -5.28235 0.505621
19.3931 -1.82696 1.14168
18.3477 -1.48943 -2.49646
16.634 -4.88063 -2.41944
14.7318 -3.9558 0.737973
13.5585 -0.689129 -0.809618
12.3395 -2.49101 -3.92571
10.4062 -5.00602 -1.83279
8.74822 -2.22333 0.154791
7.71594 -0.429845 -3.03279
6.20739 -3.6162 -4.45208

7.68739 -6.9462 -5.70408
5.85739 -8.0442 -8.90908
5.99839 -11.8242 -8.37408
4.12739 -11.9852 -4.98908
0.554393 -13.2132 -4.48208

-2.24161 -10.8262 -3.32808
-1.92261 -12.4882 0.134925
1.89939 -12.0292 0.423925
1.34839 -8.3272 -0.547075
-1.24061 -7.9742 2.32792
1.12739 -9.7942 4.76492
4.07639 -7.5022 3.80792
1.72539 -4.4642 4.26392
0.710393 -5.6662 7.78792
4.42539 -6.2472 8.59492
5.39539 -2.7262 7.32292
2.56839 -1.1872 9.43792
3.52339 -3.1362 12.6359
7.25639 -2.2192 12.0689
6.20639 1.4708 11.7089
4.55539 1.2818 15.1689
7.71539 -0.299196 16.7379
10.0154 2.2618 15.0099
8.01639 5.2358 16.4559
7.96339 4.0398 20.1539
11.2504 5.7928 21.2909
10.3134 9.2258 19.8189
6.62839 8.8708 20.8589
7.96939 8.3228 24.4299
10.4414 11.2658 24.0429
7.51439 13.5168 22.9599
5.20239 12.3648 25.8499
8.00739 13.1328 28.3609
8.66139 16.5828 26.7359
4.91239 17.3798 27.2119
5.03939 16.3688 30.9369
8.36439 18.2338 31.5269

6.70639 21.3128 29.8439
4.22639 21.2978 32.8179
1.05739 20.0008 31.0269
-1.63661 19.0478 33.5549
-3.88961 16.6988 31.4309

-3.67061 15.1038 27.9499
-4.83861 12.0278 25.9789
-2.46861 9.6658 24.1039
-4.05461 7.5988 21.2999
-2.43361 4.4438 19.8289

-3.81561 1.1428 18.3519
-0.937607 -1.4012 18.4069

-0.806607 -3.0852 21.8599
3.05639 -2.8832 21.9179
2.82639 0.973804 21.6759
0.223393 1.1588 24.5199
2.38439 -1.2762 26.6059
5.64939 0.705804 26.0519
3.97239 4.0848 26.8979
2.41939 2.6558 30.1369
5.75539 1.0228 31.1669
7.69739 4.3258 30.7469
5.01139 6.3388 32.6549
5.22939 3.7478 35.5199
9.09139 3.9718 35.4049

8.80339 7.8268 35.6609
6.13539 7.3948 38.4619
3.55739 9.3548 36.3599
-0.0466072 8.6678 37.4289

-2.04961 7.6768 34.3179
-5.13461 5.7088 33.1519
-5.21261 2.9918 30.4359
-8.21461 1.8908 28.2919

-7.94861 -0.831196 25.5939
-9.78161 -3.9272 24.1799
-9.20361 -5.8442 27.4889
-10.6376 -3.0952 29.8049
-14.1506 -4.1002 30.9939
-17.3136 -2.0042 30.3379
-17.6866 -0.896196 34.0259

-13.9286 -0.254196 34.6129
-13.9376 1.9708 31.4459
-16.4986 4.3028 33.1099
-14.6496 4.2478 36.4939
-11.2136 5.0358 34.8859
-12.9546 7.8048 32.8629
-14.2886 9.2928 36.1629
-10.8116 8.9098 37.8159
-9.16361 10.9258 34.9479
-12.0116 13.5258 34.9979
-12.0856 14.0898 38.8089

-8.45261 13.4268 39.9429
-5.86861 16.2088 39.2569
-3.06561 13.5808 39.7069
-3.87661 11.5768 36.5289
-1.90761 13.5578 33.9079

-2.04961 11.0338 30.9949
-4.80961 8.8628 29.5159
-3.34761 6.0008 27.3859
-6.20361 5.0908 25.0129
-6.77761 2.5628 22.2249

-8.08961 4.4588 19.1239
-10.5186 1.5488 18.4149
-11.5816 0.699804 22.0119
-12.0686 4.2938 23.3789
-13.7906 5.8228 20.2459
-17.2516 5.3488 21.9339
-19.2496 6.3048 25.0849
-16.4826 8.0708 27.0799
-16.0336 11.8428 27.7649
-12.5806 13.3858 28.4739
-13.4176 17.1208 28.9199
-10.7076 17.4528 31.6729
-7.92361 17.3878 28.9999
-7.03961 20.1928 26.5029

-4.59261 18.1158 24.3609
-4.90161 14.9518 22.2189
-1.73461 13.1848 20.9339
-2.11161 10.5518 18.1899

1.04839 8.4288 18.6339
-0.160607 6.4088 15.6029
-2.17161 7.2118 12.4549
-5.36461 5.2468 11.6589
-6.45061 4.6928 7.99192
-10.0966 5.6648 8.73692

-10.6366 9.4418 9.38492
-14.1096 8.8938 10.9479
-12.4086 7.0268 13.8679
-9.78961 9.8228 14.2829
-12.6266 12.4508 14.4369
-14.5066 10.2108 16.9719
-11.3286 10.2038 19.1519
-10.8546 14.0548 18.9199

-14.5526 14.5298 19.9379
-13.8786 12.6828 23.2219
-12.2576 15.9628 24.4869
-14.1896 18.4848 22.3419
-17.5736 17.9918 24.1659
-20.1136 20.1658 26.0489
-18.1896 21.1078 29.2459
-14.8816 21.8798 27.4239
-13.6526 25.4798 28.1379
-10.1306 25.4108 26.5249
-9.02761 25.3738 22.8389

-8.40561 21.6928 22.0159
-4.91561 20.8718 20.6839
-4.65361 17.8208 18.3489
-1.09261 16.5688 17.6079
-0.588607 13.8848 14.8959
2.83139 12.1898 15.4039
4.36439 11.1738 12.0009

7.75339 9.6738 10.9789
9.45439 10.1928 7.54992
10.5604 6.8278 6.02592
7.53739 4.8528 7.44392
3.86539 3.8528 6.81792

2.85339 7.4368 7.89692
4.17239 8.7808 4.51292
1.39239 6.7728 2.70292
-1.30661 6.8498 5.43692
-1.34261 10.6638 5.85692
-2.15361 11.5058 2.14292
-4.73861 8.6188 2.19292
-6.44761 10.0558 5.33692
-6.43461 13.5688 3.71992
-8.12761 12.4858 0.437925
-10.7286 10.5608 2.55292
-11.5706 13.6958 4.67192
-11.9306 15.6878 1.39992
-14.4036 13.0428 0.0349249
-16.3256 13.3088 3.36692
-16.3106 17.1728 3.20292
-17.5376 17.2568 -0.467075

-20.4106 14.9348 0.649925
-21.2106 17.4768 3.49492
-20.1346 14.8758 6.13892
-17.1146 16.7828 7.61492
-15.9396 20.3978 8.18692
-12.4816 18.9588 8.92192
-10.0076 20.0948 6.27692
-6.56761 18.4228 6.74992
-4.68261 20.2288 3.86092

-3.67661 23.3178 5.94292
-1.62861 21.1288 8.38592
0.718393 19.8118 5.60692
1.56939 23.2088 4.04792

2.83439 24.1678 7.57792
5.31939 21.1948 8.00092

End chain 1
