-13.201 -6.296 -53.957
-10.703 -3.406 -53.291
-9.54 -3.087 -49.639
-11.02 0.322 -48.639
-8.614 1.85 -46.053
-10.787 3.126 -43.162

-9.634 6.195 -41.181
-10.061 4.9 -37.589
-10.286 6.838 -34.306
-12.195 7.103 -30.979
-14.163 9.439 -28.711
-12.619 10.223 -25.263
-14.157 12.207 -22.344

-11.943 15.248 -21.466
-14.301 16.978 -18.949
-17.827 16.65 -17.399
-19.139 18.761 -20.353

-16.752 17.96 -23.312
-15.482 14.956 -25.281
-12.62 14.751 -27.824
-12.437 12.939 -31.204
-8.982 11.264 -31.393
-8.672 10.357 -35.1

-6.282 10.744 -38.079
-6.98 13.557 -40.6
-9.895 13.022 -43.051

-11.208 15.853 -45.293
-14.92 14.856 -45.011
-14.611 14.37 -41.226
-13.015 17.857 -40.827
-15.875 19.254 -42.999
-18.403 17.482 -40.669
-16.559 18.759 -37.515
-16.844 22.341 -38.957

-20.697 21.797 -39.029
-20.861 21.033 -35.24
-22.116 23.933 -33.104
-20.016 23.255 -29.939
-16.791 22.621 -31.971

-13.393 23.436 -30.391
-10.011 22.816 -32.063
-6.805 22.812 -29.99

-3.883 23.919 -32.209
-1.328 22.314 -29.773
-2.753 18.736 -29.691
-4.334 19.137 -33.217

-7.578 17.622 -31.79
-11.313 18.386 -31.995
-13.683 18.544 -28.991
-17.466 19.001 -28.65
-20.131 19.402 -25.91

-21.257 16.038 -24.476
-24.923 16.743 -25.497
-23.731 16.722 -29.178
-22.178 13.179 -28.839
-25.228 11.354 -30.322
-25.57 14.044 -33.093
-21.852 13.682 -34.021
-21.815 9.829 -34.037
-25.045 9.774 -36.128
-23.507 12.176 -38.75
-20.093 10.348 -38.803

-21.793 6.948 -39.527
-22.962 8.546 -42.834
-19.328 9.196 -43.991
-17.677 6.563 -46.261
-14.251 5.2 -45.121

-14.46 6.789 -41.562
-14.765 4.819 -38.279
-15.142 6.964 -35.114
-15.663 4.659 -32.101

-18.218 6.249 -29.657
-17.862 6.903 -25.912
-18.35 3.469 -24.195
-21.794 2.549 -22.772
-20.235 2.829 -19.255
-19.534 6.58 -19.812
-22.964 7.196 -21.431
-24.623 5.531 -18.378
-22.42 7.523 -15.909

-23.028 10.919 -17.654
-26.668 10.153 -18.714
-27.851 13.482 -17.123

-25.214 15.594 -18.963
-26 13.8 -22.296
-29.631 15.147 -21.909

-29.014 18.802 -20.797
-28.522 21.656 -23.337
-27.494 23.803 -20.296
-24.374 24.206 -18.108
-26.03 23.63 -14.722
-23.195 22.587 -12.38
-23.731 19.355 -10.334

-27.219 19.392 -8.694
-26.798 20.208 -4.988
-26.578 17.032 -2.906
-29.814 16.999 -0.82
-29.276 16.946 2.956
-30.305 13.551 4.343

-32.727 13.25 7.268
-30.389 11.851 9.975
-33.077 12.019 12.787
-33.159 8.159 12.923
-29.32 8.149 13.454
-27.82 8.306 16.969

-27.52 12.074 17.913
-23.991 11.509 19.371
-22.796 10.469 15.867
-24.731 13.185 13.93
-23.402 16.008 16.22
-19.738 14.82 15.861

-19.687 14.822 11.995
-17.445 17.587 10.586

-19.106 19.692 7.763
-17.231 17.783 4.996
-18.064 14.402 6.666
-21.796 15.407 6.677
-21.562 16.318 2.947
-19.943 12.855 2.346
-22.788 11.075 4.244
-25.363 13.084 2.191
-23.555 12.165 -1.104
-23.43 8.459 -0.115
-27.196 8.491 0.728
-28.024 10.343 -2.565

-25.973 7.645 -4.472
-28.214 5.048 -2.67
-25.512 3.7 -0.27

-23.352 2.353 -3.174
-19.956 4.118 -3.237
-16.209 4.012 -2.721
-15.295 6.541 0.021

-11.694 7.195 -1.128

-11.135 10.189 1.225
-7.504 10.605 2.377

-6.048 8.715 5.398
-7.361 9.956 8.784
-10.233 12.169 7.374
-12.706 9.981 9.408

-13.844 7.354 6.831
-15.012 5.081 9.734
-17.363 7.714 11.316
-18.876 8.506 7.854
-19.282 4.738 7.09
-21.02 4.042 10.461
-23.415 6.996 9.798
-24.247 5.855 6.195
-24.846 2.277 7.463
-26.955 3.52 10.461
-29.227 5.531 8.078

-29.9 2.058 6.507

-30.384 0.293 9.981
-33.886 -0.857 8.77
-32.05 -2.956 6.062
-29.626 -4.868 8.41
-27.981 -7.413 9.17

-24.774 -5.448 8.488
-21.551 -7.137 7.269
-18.235 -5.328 7.997
-15.132 -6.739 6.223
-11.829 -5.357 7.603

-8.05 -6.016 7.986
-7.416 -8.82 10.567
-5.856 -6.305 13.093
-8.689 -3.64 13.199

-11.758 -5.868 14.003
-11.895 -4.753 17.675
-11.154 -1.102 16.63
-14.365 -1.304 14.506
-16.414 -2.897 17.375
-15.268 -0.08 19.729
-16.109 2.476 16.969
-19.722 1.111 16.76
-20.082 1.14 20.611
-18.596 4.7 20.723
-20.823 6.195 17.978

-24.121 4.191 18.24
-24.851 3.95 22.056
-28.388 2.791 20.948
-26.764 -0.701 20.406
-26.03 -3.285 23.117

-22.632 -5.104 22.857
-24.638 -8.32 22.08
-25.78 -6.667 18.791

-22.091 -6.816 17.576
-20.505 -10.124 16.488
-16.681 -10.041 16.081

-15.702 -13.116 14.035
-12.316 -14.303 15.372
-12.201 -17.837 13.813
-13.405 -19.799 10.735
-15.769 -21.82 13.07
-17.788 -18.808 14.317
-21.352 -17.917 13.159
-21.075 -14.973 10.701
-24.816 -14.102 11.273
-24.919 -14.166 15.127
-25.108 -10.332 15.536
-27.08 -7.466 13.995

-23.588 -6.14 13.038
-21.065 -8.833 11.965
-17.336 -7.898 11.803
-15.009 -10.302 9.887
-11.529 -10.295 8.291

-10.658 -10.74 4.577
-8.757 -14.009 5.375
-11.833 -15.546 7.113
-14.3 -14.769 4.222

-12.926 -17.715 2.14
-13.287 -20.073 5.183
-16.843 -18.74 5.845
-18.014 -18.815 2.139
-20.731 -21.415 3.044
-22.243 -18.836 5.512
-21.955 -15.894 2.989
-25.071 -17.433 1.278
-27.188 -15.451 3.825
-28.094 -12.137 2.052
-26.367 -9.235 3.842
-28.236 -6.215 2.36

-25.704 -3.677 3.792
-21.936 -4.298 3.429
-19.007 -2.145 4.602
-15.517 -3.11 3.36

-12.662 -1.237 5.059
-9.341 -0.865 3.151

-11.066 -2.352 0.031
-7.765 -2.207 -1.968
-7.252 -5.742 -0.456
-9.774 -6.866 -3.176

-7.558 -5.436 -6.054
-6.861 -8.909 -7.611
-9.913 -10.983 -8.736
-7.994 -14.348 -8.638
-7.386 -14.116 -4.839

-9.551 -16.269 -2.508
-10.568 -13.122 -0.487
-11.832 -11.409 -3.693
-13.586 -14.593 -5.006
-15.461 -14.905 -1.648
-16.313 -11.137 -1.332
-17.465 -10.353 -4.925
-20.7 -12.523 -5.003
-21.961 -10.786 -1.799
-21.004 -7.272 -3.064
-22.893 -7.826 -6.386
-26.148 -8.927 -4.576

-26.072 -6.644 -1.465
-28.372 -3.542 -1.704

-25.826 -1.116 -0.104
-22.019 -1.347 -0.629
-19.769 1.077 1.29
-16.145 0.543 0.177
-13.427 2.479 2.088

-9.739 3.065 1.181
-6.998 5.712 1.573
-5.29 4.301 -1.537
-8.002 2.778 -3.832
-5.263 1.979 -6.345
-1.844 1.044 -4.877
0.179 1.273 -8.156
-1.96 0.815 -11.364

-5.486 1.412 -12.884
-6.145 -2.396 -13.101
-6.402 -2.518 -9.223
-9.619 -0.37 -9.379
-11.628 -2.846 -11.528
-12.904 -5.026 -8.614
-13.981 -1.892 -6.643
-15.738 -0.406 -9.758
-17.759 -3.638 -10.376
-18.545 -3.926 -6.614
-20.104 -0.383 -6.596

-21.607 -0.654 -10.172
-21.992 -4.37 -11.257
-23.172 -3.251 -14.78
-19.935 -1.29 -15.508
-17.337 -3.236 -17.592
-18.9 -6.785 -17.229
-15.576 -8.217 -18.571

-12.101 -7.019 -17.429
-10.719 -7.022 -21.032
-12.866 -3.967 -22.03
-11.565 -2.031 -18.959
-7.965 -3.199 -19.668
-8.028 -2.162 -23.384
-9.238 1.366 -22.43
-7.403 2.18 -19.142

-4.51 -0.351 -18.764
-2.851 0.132 -22.242
-3.499 -3.577 -22.858

-0.922 -5.224 -25.189
-1.171 -8.572 -27.031
2.109 -10.415 -26.274

5.40548 -12.3004 -25.7502
8.4954 -14.6123 -25.8786

9.87532 -15.7758 -22.6238
12.4637 -16.6334 -19.9352
11.7436 -20.3255 -19.6446

9.73256 -17.8545 -17.4506
12.6636 -16.2385 -15.4916
12.3326 -12.9115 -17.3846
10.1136 -9.82448 -17.0386
7.98556 -7.76448 -19.4776
5.23056 -5.06948 -19.5556

5.69056 -4.35248 -15.7806
3.85956 -0.954484 -15.8796
0.759555 -2.73048 -17.3366
1.08456 -5.44448 -14.6326
1.26556 -2.67648 -11.9396
-1.94244 -1.03848 -13.3086
-3.77544 -4.43348 -13.4176
-2.66344 -5.25648 -9.83057
-3.72244 -1.85848 -8.34357
-7.12444 -1.80848 -10.1566
-8.30144 -5.41748 -9.62157

-6.07044 -7.41948 -7.15557

-3.93744 -5.36148 -4.77157
-3.99544 -2.46748 -2.30057

-0.392445 -1.22548 -1.76757
0.914555 1.77552 0.221428
4.48956 2.61052 1.19543

6.01556 4.09452 4.42343
6.62656 7.29852 2.40143
2.87156 7.54752 1.50143
1.43156 7.17752 5.06143

4.24256 7.67252 7.68343
6.20356 10.9075 6.85243
7.61756 10.6705 10.4524
9.62256 7.40252 10.0364

13.4216 8.09652 10.0214
15.1746 7.36252 6.69743

16.8306 3.99252 5.95443
20.4466 4.84052 4.97643
21.9836 1.95052 2.97443
25.6626 1.45252 2.02743
28.0246 -1.15648 0.625428
31.0656 -1.85148 2.86643
33.8846 -3.40548 0.811428

35.6646 -5.60648 3.40243
39.3796 -5.78748 2.59243

40.3636 -9.01848 0.669428
43.9786 -8.54748 1.99743
42.9406 -10.7395 5.01943

41.8996 -13.5285 2.53443
45.0376 -15.7095 2.60043

46.5436 -16.9825 -0.697572
45.2316 -20.6005 -0.156572
41.6096 -19.4025 0.394428
41.8866 -17.0725 -2.66657
43.3156 -19.9175 -4.81857
40.3776 -22.1345 -3.63357
37.8316 -19.3995 -4.63157
39.6286 -19.0015 -8.02157
39.5416 -22.8275 -8.45257
35.7686 -23.1365 -7.70457
35.0806 -20.0845 -9.97257
37.0356 -21.7605 -12.8596
35.2616 -25.0735 -12.0686
31.7646 -23.5215 -12.6526
32.8556 -22.1905 -16.1236

34.3356 -25.5205 -17.3756
32.5056 -26.6185 -20.5806
32.6466 -30.3985 -20.0456
30.7756 -30.5595 -16.6606
27.2026 -31.7875 -16.1536

24.4066 -29.4005 -14.9996
24.7256 -31.0625 -11.5366
28.5476 -30.6035 -11.2476
27.9966 -26.9015 -12.2186
25.4076 -26.5485 -9.34357
27.7756 -28.3685 -6.90657
30.7246 -26.0765 -7.86357
28.3736 -23.0385 -7.40757
27.3586 -24.2405 -3.88357
31.0736 -24.8215 -3.07657
32.0436 -21.3005 -4.34857
29.2166 -19.7615 -2.23357
30.1716 -21.7105 0.964428
33.9046 -20.7935 0.397428
32.8546 -17.1035 0.0374278
31.2036 -17.2925 3.49743
34.3636 -18.8735 5.06643
36.6636 -16.3125 3.33843
34.6646 -13.3385 4.78443
34.6116 -14.5345 8.48243
37.8986 -12.7815 9.61943
36.9616 -9.34848 8.14743
33.2766 -9.70348 9.18743
34.6176 -10.2515 12.7584
37.0896 -7.30848 12.3714
34.1626 -5.05748 11.2884
31.8506 -6.20948 14.1784
34.6556 -5.44148 16.6894
35.3096 -1.99148 15.0644
31.5606 -1.19448 15.5404
31.6876 -2.20548 19.2654
35.0126 -0.340484 19.8554

33.3546 2.73852 18.1724
30.8746 2.72352 21.1464
27.7056 1.42652 19.3554
25.0116 0.473516 21.8834
22.7586 -1.87548 19.7594

22.9776 -3.47048 16.2784
21.8096 -6.54648 14.3074
24.1796 -8.90848 12.4324
22.5936 -10.9755 9.62843
24.2146 -14.1305 8.15743

22.8326 -17.4315 6.68043
25.7106 -19.9755 6.73543

25.8416 -21.6595 10.1884
29.7046 -21.4575 10.2464
29.4746 -17.6005 10.0044
26.8716 -17.4155 12.8484
29.0326 -19.8505 14.9344
32.2976 -17.8685 14.3804
30.6206 -14.4895 15.2264
29.0676 -15.9185 18.4654
32.4036 -17.5515 19.4954
34.3456 -14.2485 19.0754
31.6596 -12.2355 20.9834
31.8776 -14.8265 23.8484
35.7396 -14.6025 23.7334

35.4516 -10.7475 23.9894
32.7836 -11.1795 26.7904
30.2056 -9.21948 24.6884
26.6016 -9.90648 25.7574

24.5986 -10.8975 22.6464
21.5136 -12.8655 21.4804
21.4356 -15.5825 18.7644
18.4336 -16.6835 16.6204

18.6996 -19.4055 13.9224
16.8666 -22.5015 12.5084
17.4446 -24.4185 15.8174
16.0106 -21.6695 18.1334
12.4976 -22.6745 19.3224
9.33456 -20.5785 18.6664
8.96156 -19.4705 22.3544

12.7196 -18.8285 22.9414
12.7106 -16.6035 19.7744
10.1496 -14.2715 21.4384
11.9986 -14.3265 24.8224
15.4346 -13.5385 23.2144
13.6936 -10.7695 21.1914
12.3596 -9.28148 24.4914
15.8366 -9.66448 26.1444
17.4846 -7.64848 23.2764
14.6366 -5.04848 23.3264
14.5626 -4.48448 27.1374

18.1956 -5.14748 28.2714
20.7796 -2.36548 27.5854
23.5826 -4.99348 28.0354
22.7716 -6.99748 24.8574
24.7406 -5.01648 22.2364

24.5986 -7.54048 19.3234
21.8386 -9.71148 17.8444
23.3006 -12.5735 15.7144
20.4446 -13.4835 13.3414
19.8706 -16.0115 10.5534

18.5586 -14.1155 7.45243
16.1296 -17.0255 6.74343
15.0666 -17.8745 10.3404
14.5796 -14.2805 11.7074
12.8576 -12.7515 8.57443
9.39656 -13.2255 10.2624
7.39856 -12.2695 13.4134
10.1656 -10.5035 15.4084
10.6146 -6.73148 16.0934
14.0676 -5.18848 16.8024
13.2306 -1.45348 17.2484
15.9406 -1.12148 20.0014
18.7246 -1.18648 17.3284
19.6086 1.61852 14.8314

22.0556 -0.458484 12.6894
21.7466 -3.62248 10.5474
24.9136 -5.38948 9.26243
24.5366 -8.02248 6.51843

27.6966 -10.1455 6.96243
26.4876 -12.1655 3.93143
24.4766 -11.3625 0.783428
21.2836 -13.3275 -0.0125722
20.1976 -13.8815 -3.67957
16.5516 -12.9095 -2.93457

16.0116 -9.13248 -2.28657
12.5386 -9.68048 -0.723572
14.2396 -11.5475 2.19643
16.8586 -8.75148 2.61143
14.0216 -6.12348 2.76543
12.1416 -8.36348 5.30043
15.3196 -8.37048 7.48043
15.7936 -4.51948 7.24843

12.0956 -4.04448 8.26643
12.7696 -5.89148 11.5504
14.3906 -2.61148 12.8154
12.4586 -0.0894845 10.6704
9.07456 -0.582484 12.4944
6.53456 1.59152 14.3774
8.45856 2.53352 17.5744
11.7666 3.30552 15.7524
12.9956 6.90552 16.4664
16.5176 6.83652 14.8534
17.6206 6.79952 11.1674

18.2426 3.11852 10.3444
21.7326 2.29752 9.01243
21.9946 -0.753484 6.67743
25.5556 -2.00548 5.93643
26.0596 -4.68948 3.22443
29.4796 -6.38448 3.73243
31.0126 -7.40048 0.329428

34.4016 -8.90048 -0.692572
36.1026 -8.38148 -4.12157
37.2086 -11.7465 -5.64557
34.1856 -13.7215 -4.22757
30.5136 -14.7215 -4.85357

29.5016 -11.1375 -3.77457
30.8206 -9.79348 -7.15857
28.0406 -11.8015 -8.96857
25.3416 -11.7245 -6.23457
25.3056 -7.91048 -5.81457
24.4946 -7.06848 -9.52857
21.9096 -9.95548 -9.47857
20.2006 -8.51848 -6.33457
20.2136 -5.00548 -7.95157
18.5206 -6.08848 -11.2336
15.9196 -8.01348 -9.11857
15.0776 -4.87848 -6.99957
14.7176 -2.88648 -10.2716
12.2446 -5.53148 -11.6366
10.3226 -5.26548 -8.30457
10.3376 -1.40148 -8.46857
9.11056 -1.31748 -12.1386

6.23756 -3.63948 -11.0216
5.43756 -1.09748 -8.17657
6.51356 -3.69848 -5.53257
9.53356 -1.79148 -4.05657
10.7086 1.82352 -3.48457
14.1666 0.384516 -2.74957
16.6406 1.52052 -5.39457
20.0806 -0.151484 -4.92157
21.9656 1.65452 -7.81057

22.9716 4.74352 -5.72857
25.0196 2.55452 -3.28557
27.3666 1.23752 -6.06457
28.2176 4.63452 -7.62357

29.4826 5.59352 -4.09357
31.9676 2.62052 -3.67057

End chain 1
