-13.201 -6.296 -53.957
-10.703 -3.406 -53.291
-9.54 -3.087 -49.639
-11.02 0.322 -48.639
-8.614 1.85 -46.053
-10.787 3.126 -43.162

-9.634 6.195 -41.181
-10.061 4.9 -37.589
-10.286 6.838 -34.306
-12.195 7.103 -30.979
-14.163 9.439 -28.711
-12.619 10.223 -25.263
-14.157 12.207 -22.344

-11.943 15.248 -21.466
-14.301 16.978 -18.949
-17.827 16.65 -17.399
-19.139 18.761 -20.353

-16.752 17.96 -23.312
-15.482 14.956 -25.281
-12.62 14.751 -27.824
-12.437 12.939 -31.204
-8.982 11.264 -31.393
-8.672 10.357 -35.1

-6.282 10.744 -38.079
-6.98 13.557 -40.6
-9.895 13.022 -43.051

-11.208 15.853 -45.293
-14.92 14.856 -45.011
-14.611 14.37 -41.226
-13.015 17.857 -40.827
-15.875 19.254 -42.999
-18.403 17.482 -40.669
-16.559 18.759 -37.515
-16.844 22.341 -38.957

-20.697 21.797 -39.029
-20.861 21.033 -35.24
-22.116 23.933 -33.104
-20.016 23.255 -29.939
-16.791 22.621 -31.971

-13.393 23.436 -30.391
-10.011 22.816 -32.063
-6.805 22.812 -29.99

-3.883 23.919 -32.209
-1.328 22.314 -29.773
-2.753 18.736 -29.691
-4.334 19.137 -33.217

-7.578 17.622 -31.79
-11.313 18.386 -31.995
-13.683 18.544 -28.991
-17.466 19.001 -28.65
-20.131 19.402 -25.91

-21.257 16.038 -24.476
-24.923 16.743 -25.497
-23.731 16.722 -29.178
-22.178 13.179 -28.839
-25.228 11.354 -30.322
-25.57 14.044 -33.093
-21.852 13.682 -34.021
-21.815 9.829 -34.037
-25.045 9.774 -36.128
-23.507 12.176 -38.75
-20.093 10.348 -38.803

-21.793 6.948 -39.527
-22.962 8.546 -42.834
-19.328 9.196 -43.991
-17.677 6.563 -46.261
-14.251 5.2 -45.121

-14.46 6.789 -41.562
-14.765 4.819 -38.279
-15.142 6.964 -35.114
-15.663 4.659 -32.101

-18.218 6.249 -29.657
-17.862 6.903 -25.912
-18.35 3.469 -24.195
-21.794 2.549 -22.772
-20.235 2.829 -19.255
-19.534 6.58 -19.812
-22.964 7.196 -21.431
-24.623 5.531 -18.378
-22.42 7.523 -15.909

-23.028 10.919 -17.654
-26.668 10.153 -18.714
-27.851 13.482 -17.123

-25.214 15.594 -18.963
-26 13.8 -22.296
-29.631 15.147 -21.909

-28.4654 18.7732 -21.4137
-26.0435 21.486 -22.4814
-24.6454 21.9752 -25.8759
-20.9475 21.5305 -26.6445
-20.1807 25.1629 -26.38
-21.9253 25.1025 -23.0854
-23.8223 25.1044 -19.8115

-26.3101 23.0067 -17.8484
-27.1375 25.939 -15.5769
-27.7208 28.214 -18.5648
-30.0429 25.6702 -20.171
-32.0504 25.3322 -16.9619
-32.4202 29.1042 -16.6817

-34.8422 28.8032 -13.7567
-32.5042 27.4042 -11.0497
-35.1922 27.5722 -8.23768
-35.2742 23.7122 -8.10168
-31.4352 23.7022 -7.57068
-29.9352 23.8592 -4.05568

-29.6352 27.6272 -3.11168
-26.1062 27.0622 -1.65368
-24.9112 26.0222 -5.15768
-26.8462 28.7382 -7.09468
-25.5172 31.5612 -4.80468
-21.8532 30.3732 -5.16368

-21.8022 30.3752 -9.02968
-19.5602 33.1402 -10.4387

-21.2212 35.2452 -13.2617
-19.3462 33.3362 -16.0287
-20.1792 29.9552 -14.3587
-23.9112 30.9602 -14.3477
-23.6772 31.8712 -18.0777
-22.0582 28.4082 -18.6787
-24.9032 26.6282 -16.7807
-27.4782 28.6372 -18.8337
-25.6702 27.7182 -22.1287
-25.5452 24.0122 -21.1397
-29.3112 24.0442 -20.2967
-30.1392 25.8962 -23.5897

-28.0882 23.1982 -25.4967
-30.3292 20.6012 -23.6947
-27.6272 19.2532 -21.2947

-25.4672 17.9062 -24.1987
-22.0712 19.6712 -24.2617
-18.3242 19.5652 -23.7457
-17.4102 22.0942 -21.0037

-13.8092 22.7482 -22.1527

-13.2502 25.7422 -19.7997
-9.61922 26.1582 -18.6477

-8.16322 24.2682 -15.6267
-9.47622 25.5092 -12.2407
-12.3482 27.7222 -13.6507
-14.8212 25.5342 -11.6167

-15.9592 22.9072 -14.1937
-17.1272 20.6342 -11.2907
-19.4782 23.2672 -9.70868
-20.9912 24.0592 -13.1707
-21.3972 20.2912 -13.9347
-23.1352 19.5952 -10.5637
-25.5302 22.5492 -11.2267
-26.3622 21.4082 -14.8297
-26.9612 17.8302 -13.5617
-29.0702 19.0732 -10.5637
-31.3422 21.0842 -12.9467

-32.0152 17.6112 -14.5177

-32.4992 15.8462 -11.0437
-36.0012 14.6962 -12.2547
-34.1652 12.5972 -14.9627
-31.7412 10.6852 -12.6147
-30.0962 8.14017 -11.8547

-26.8892 10.1052 -12.5367
-23.6662 8.41617 -13.7557
-20.3502 10.2252 -13.0277
-17.2472 8.81417 -14.8017
-13.9442 10.1962 -13.4217

-10.1652 9.53717 -13.0387
-9.53122 6.73317 -10.4577
-7.97122 9.24817 -7.93168
-10.8042 11.9132 -7.82568

-13.8732 9.68517 -7.02168
-14.0102 10.8002 -3.34968
-13.2692 14.4512 -4.39468
-16.4802 14.2492 -6.51868
-18.5292 12.6562 -3.64968
-17.3832 15.4732 -1.29568
-18.2242 18.0292 -4.05568
-21.8372 16.6642 -4.26468
-22.1972 16.6932 -0.41368
-20.7112 20.2532 -0.30168
-22.9382 21.7482 -3.04668

-26.2362 19.7442 -2.78468
-26.9662 19.5032 1.03132
-30.5032 18.3442 -0.0766797
-28.8792 14.8522 -0.61868
-28.1452 12.2682 2.09232

-24.7472 10.4492 1.83232
-26.7532 7.23317 1.05532
-27.8952 8.88617 -2.23368

-24.2062 8.73717 -3.44868
-22.6202 5.42917 -4.53668
-18.7962 5.51217 -4.94368

-17.8172 2.43717 -6.98968
-14.4312 1.25017 -5.65268
-14.3162 -2.28383 -7.21168
-15.5202 -4.24583 -10.2897
-17.8842 -6.26683 -7.95468
-19.9032 -3.25483 -6.70768
-23.4672 -2.36383 -7.86568
-23.1902 0.580174 -10.3237
-26.9312 1.45117 -9.75168
-27.0342 1.38717 -5.89768
-27.2232 5.22117 -5.48868
-29.1952 8.08717 -7.02968

-25.7032 9.41317 -7.98668
-23.1802 6.72017 -9.05968
-19.4512 7.65517 -9.22168
-17.1242 5.25117 -11.1377
-13.6442 5.25817 -12.7337

-12.7732 4.81317 -16.4477
-10.8722 1.54417 -15.6497
-13.9482 0.00717353 -13.9117
-16.4152 0.784174 -16.8027

-15.0412 -2.16183 -18.8847
-15.4022 -4.51983 -15.8417
-18.9582 -3.18683 -15.1797
-20.1292 -3.26183 -18.8857
-22.8462 -5.86183 -17.9807
-24.3582 -3.28283 -15.5127
-24.0702 -0.340826 -18.0357
-27.1862 -1.87983 -19.7467
-29.3032 0.102174 -17.1997
-30.2092 3.41617 -18.9727
-28.4822 6.31817 -17.1827
-30.3512 9.33817 -18.6647

-27.8192 11.8762 -17.2327
-24.0512 11.2552 -17.5957
-21.1222 13.4082 -16.4227
-17.6322 12.4432 -17.6647

-14.7772 14.3162 -15.9657
-11.4562 14.6882 -17.8737

-13.1812 13.2012 -20.9937
-9.88022 13.3462 -22.9927
-9.36722 9.81117 -21.4807
-11.8892 8.68717 -24.2007

-9.67322 10.1172 -27.0787
-8.97622 6.64417 -28.6357
-12.0282 4.57017 -29.7607
-10.1092 1.20517 -29.6627
-9.50122 1.43717 -25.8637

-11.6662 -0.715826 -23.5327
-12.6832 2.43117 -21.5117
-13.9472 4.14417 -24.7177
-15.7012 0.960174 -26.0307
-17.5762 0.648174 -22.6727
-18.4282 4.41617 -22.3567
-19.5802 5.20017 -25.9497
-22.8152 3.03017 -26.0277
-24.0762 4.76717 -22.8237
-23.1192 8.28117 -24.0887
-25.0082 7.72717 -27.4107
-28.2632 6.62617 -25.6007

-28.1872 8.90917 -22.4897
-30.4872 12.0112 -22.7287

-27.9412 14.4372 -21.1287
-24.1342 14.2062 -21.6537
-21.8842 16.6302 -19.7347
-18.2602 16.0962 -20.8477
-15.5422 18.0322 -18.9367

-11.8542 18.6182 -19.8437
-9.11322 21.2652 -19.4517
-7.40522 19.8542 -22.5617
-10.1172 18.3312 -24.8567
-7.37822 17.5322 -27.3697
-3.95922 16.5972 -25.9017
-1.93622 16.8262 -29.1807
-4.07522 16.3682 -32.3887

-7.60122 16.9652 -33.9087
-8.26022 13.1572 -34.1257
-8.51722 13.0352 -30.2477
-11.7342 15.1832 -30.4037
-13.7432 12.7072 -32.5527
-15.0192 10.5272 -29.6387
-16.0962 13.6612 -27.6677
-17.8532 15.1472 -30.7827
-19.8742 11.9152 -31.4007
-20.6602 11.6272 -27.6387
-22.2192 15.1702 -27.6207

-23.7222 14.8992 -31.1967
-24.1072 11.1832 -32.2817
-25.2872 12.3022 -35.8047
-22.0502 14.2632 -36.5327
-19.4522 12.3172 -38.6167
-21.0152 8.76817 -38.2537
-17.6912 7.33617 -39.5957

-14.2162 8.53417 -38.4537
-12.8342 8.53117 -42.0567
-14.9812 11.5862 -43.0547
-13.6802 13.5222 -39.9837
-10.0802 12.3542 -40.6927
-10.1432 13.3912 -44.4087
-11.3532 16.9192 -43.4547
-9.51822 17.7332 -40.1667

-6.62522 15.2022 -39.7887
-4.96622 15.6852 -43.2667
-5.61422 11.9762 -43.8827

-3.03722 10.3292 -46.2137
-3.28622 6.98117 -48.0557
-0.00622241 5.13817 -47.2987

0.989778 1.65617 -48.7267
-0.0602224 0.0891735 -45.3397

-3.41622 1.98217 -44.9327
-4.58022 5.46517 -43.8387
-2.49022 7.89017 -41.7567

-4.50122 10.3612 -39.5627
-1.57022 11.9772 -37.6037
-1.90122 15.3042 -39.4967
-4.12022 18.3912 -39.1507
-6.24822 20.4512 -41.5897
-9.00322 23.1462 -41.6677

-8.54322 23.8632 -37.8927
-10.3742 27.2612 -37.9917
-13.4742 25.4852 -39.4487
-13.1492 22.7712 -36.7447
-12.9682 25.5392 -34.0517
-16.1762 27.1772 -35.4207
-18.0092 23.7822 -35.5297
-16.8972 22.9592 -31.9427
-17.9562 26.3572 -30.4557
-21.3582 26.4072 -32.2687
-22.5352 22.7982 -31.7337

-20.3042 20.7962 -29.2677

-18.1712 22.8542 -26.8837
-18.2292 25.7482 -24.4127

-14.6262 26.9902 -23.8797
-13.3192 29.9912 -21.8907
-9.74422 30.8262 -20.9167

-8.21822 32.3102 -17.6887
-7.60722 35.5142 -19.7107
-11.3622 35.7632 -20.6107
-12.8022 35.3932 -17.0507

-9.99122 35.8882 -14.4287
-8.03022 39.1232 -15.2597
-6.61622 38.8862 -11.6597
-4.61122 35.6182 -12.0757

-0.812222 36.3122 -12.0907
0.940778 35.5782 -15.4147

2.59678 32.2082 -16.1577
6.21278 33.0562 -17.1357
7.74978 30.1662 -19.1377
11.4288 29.6682 -20.0847
13.7908 27.0592 -21.4867
16.8318 26.3642 -19.2457
19.6508 24.8102 -21.3007

21.4308 22.6092 -18.7097
25.1458 22.4282 -19.5197

26.1298 19.1972 -21.4427
29.7448 19.6682 -20.1147
28.7068 17.4762 -17.0927

27.6658 14.6872 -19.5777
30.8038 12.5062 -19.5117

32.3098 11.2332 -22.8097
30.9978 7.61517 -22.2687
27.3758 8.81317 -21.7177
27.6528 11.1432 -24.7787
29.0818 8.29817 -26.9307
26.1438 6.08117 -25.7457
23.5978 8.81617 -26.7437
25.3948 9.21417 -30.1337
25.3078 5.38817 -30.5647
21.5348 5.07917 -29.8167
20.8468 8.13117 -32.0847
22.8018 6.45517 -34.9717
21.0278 3.14217 -34.1807
17.5308 4.69417 -34.7647
18.6218 6.02517 -38.2357

20.1018 2.69517 -39.4877
18.2718 1.59717 -42.6927
18.4128 -2.18283 -42.1577
16.5418 -2.34383 -38.7727
12.9688 -3.57183 -38.2657

10.1728 -1.18483 -37.1117
10.4918 -2.84683 -33.6487
14.3138 -2.38783 -33.3597
13.7628 1.31417 -34.3307
11.1738 1.66717 -31.4557
13.5418 -0.152826 -29.0187
16.4908 2.13917 -29.9757
14.1398 5.17717 -29.5197
13.1248 3.97517 -25.9957
16.8398 3.39417 -25.1887
17.8098 6.91517 -26.4607
14.9828 8.45417 -24.3457
15.9378 6.50517 -21.1477
19.6708 7.42217 -21.7147
18.6208 11.1122 -22.0747
16.9698 10.9232 -18.6147
20.1298 9.34217 -17.0457
22.4298 11.9032 -18.7737
20.4308 14.8772 -17.3277
20.3778 13.6812 -13.6297
23.6648 15.4342 -12.4927
22.7278 18.8672 -13.9647
19.0428 18.5122 -12.9247
20.3838 17.9642 -9.35368
22.8558 20.9072 -9.74068
19.9288 23.1582 -10.8237
17.6168 22.0062 -7.93368
20.4218 22.7742 -5.42268
21.0758 26.2242 -7.04768
17.3268 27.0212 -6.57168
17.4538 26.0102 -2.84668
20.7788 27.8752 -2.25668

19.1208 30.9542 -3.93968
16.6408 30.9392 -0.96568
13.4718 29.6422 -2.75668
10.7778 28.6892 -0.22868
8.52478 26.3402 -2.35268

8.74378 24.7452 -5.83368
7.57578 21.6692 -7.80468
9.94578 19.3072 -9.67968
8.35978 17.2402 -12.4837
9.98078 14.0852 -13.9547

8.59878 10.7842 -15.4317
11.4768 8.24017 -15.3767

11.6078 6.55617 -11.9237
15.4708 6.75817 -11.8657
15.2408 10.6152 -12.1077
12.6378 10.8002 -9.26368
14.7988 8.36517 -7.17768
18.0638 10.3472 -7.73168
16.3868 13.7262 -6.88568
14.8338 12.2972 -3.64668
18.1698 10.6642 -2.61668
20.1118 13.9672 -3.03668
17.4258 15.9802 -1.12868
17.6438 13.3892 1.73632
21.5058 13.6132 1.62132

21.2178 17.4682 1.87732
18.5498 17.0362 4.67832
15.9718 18.9962 2.57632
12.3678 18.3092 3.64532

10.3648 17.3182 0.53432
7.27978 15.3502 -0.63168
7.20178 12.6332 -3.34768
4.19978 11.5322 -5.49168

4.46578 8.81017 -8.18968
2.63278 5.71417 -9.60368
3.21078 3.79717 -6.29468
1.77678 6.54617 -3.97868
-1.73622 5.54117 -2.78968
-4.89922 7.63717 -3.44568
-5.27222 8.74517 0.24232

-1.51422 9.38717 0.82932
-1.52322 11.6122 -2.33768
-4.08422 13.9442 -0.67368
-2.23522 13.8892 2.71032
1.20078 14.6772 1.10232
-0.540222 17.4462 -0.92068
-1.87422 18.9342 2.37932
1.60278 18.5512 4.03232
3.25078 20.5672 1.16432
0.402778 23.1672 1.21432
0.328778 23.7312 5.02532

3.96178 23.0682 6.15932
6.54578 25.8502 5.47332
9.34878 23.2222 5.92332
8.53778 21.2182 2.74532
10.5068 23.1992 0.12432

10.3648 20.6752 -2.78868
7.60478 18.5042 -4.26768
9.06678 15.6422 -6.39768
6.21078 14.7322 -8.77068
5.63678 12.2042 -11.5587

4.32478 14.1002 -14.6597
1.89578 11.1902 -15.3687
0.832778 10.3412 -11.7717
0.345778 13.9352 -10.4047
-1.37622 15.4642 -13.5377
-4.83722 14.9902 -11.8497
-6.83522 15.9462 -8.69868
-4.06822 17.7122 -6.70368
-3.61922 21.4842 -6.01868
-0.166222 23.0272 -5.30968
-1.00322 26.7622 -4.86368
1.70678 27.0942 -2.11068
4.49078 27.0292 -4.78368
5.37478 29.8342 -7.28068

7.82178 27.7572 -9.42268
7.51278 24.5932 -11.5647
10.6798 22.8262 -12.8497
10.3028 20.1932 -15.5937

13.4628 18.0702 -15.1497
12.2538 16.0502 -18.1807
10.2428 16.8532 -21.3287
7.04978 14.8882 -22.1247
5.96378 14.3342 -25.7917
2.31778 15.3062 -25.0467

1.77778 19.0832 -24.3987
-1.69522 18.5352 -22.8357
0.00577759 16.6682 -19.9157
2.62478 19.4642 -19.5007
-0.212222 22.0922 -19.3467
-2.09222 19.8522 -16.8117
1.08578 19.8452 -14.6317
1.55978 23.6962 -14.8637

-2.13822 24.1712 -13.8457
-1.46422 22.3242 -10.5617
0.156778 25.6042 -9.29668
-1.77522 28.1262 -11.4417
-5.15922 27.6332 -9.61768
-7.69922 29.8072 -7.73468
-5.77522 30.7492 -4.53768
-2.46722 31.5212 -6.35968
-1.23822 35.1212 -5.64568
2.28378 35.0522 -7.25868
3.38678 35.0152 -10.9447

4.00878 31.3342 -11.7677
7.49878 30.5132 -13.0997
7.76078 27.4622 -15.4347
11.3218 26.2102 -16.1757
11.8258 23.5262 -18.8877
15.2458 21.8312 -18.3797
16.7788 20.8152 -21.7827

20.1678 19.3152 -22.8047
21.8688 19.8342 -26.2337
22.9748 16.4692 -27.7577
19.9518 14.4942 -26.3397
16.2798 13.4942 -26.9657

15.2678 17.0782 -25.8867
16.5868 18.4222 -29.2707
13.8068 16.4142 -31.0807
11.1078 16.4912 -28.3467
11.0718 20.3052 -27.9267
10.2608 21.1472 -31.6407
7.67578 18.2602 -31.5907
5.96678 19.6972 -28.4467
5.97978 23.2102 -30.0637
4.28678 22.1272 -33.3457
1.68578 20.2022 -31.2307
0.843778 23.3372 -29.1117
0.483778 25.3292 -32.3837
-1.98922 22.6842 -33.7487
-3.91122 22.9502 -30.4167
-3.89622 26.8142 -30.5807
-5.12322 26.8982 -34.2507

-7.99622 24.5762 -33.1337
-8.79622 27.1182 -30.2887
-7.72022 24.5172 -27.6447
-4.70022 26.4242 -26.1687
-3.52522 30.0392 -25.5967
-0.0672224 28.6002 -24.8617
2.40678 29.7362 -27.5067
5.84678 28.0642 -27.0337
7.73178 29.8702 -29.9227

8.73778 32.9592 -27.8407
10.7858 30.7702 -25.3977
13.1328 29.4532 -28.1767
13.9838 32.8502 -29.7357

15.2488 33.8092 -26.2057
17.7338 30.8362 -25.7827

End chain 1
