-13.201 -6.296 -53.957
-10.703 -3.406 -53.291
-9.54 -3.087 -49.639
-11.02 0.322 -48.639
-8.614 1.85 -46.053
-10.787 3.126 -43.162

-9.634 6.195 -41.181
-10.061 4.9 -37.589
-10.286 6.838 -34.306
-12.195 7.103 -30.979
-14.163 9.439 -28.711
-12.619 10.223 -25.263
-14.157 12.207 -22.344

-11.943 15.248 -21.466
-14.301 16.978 -18.949
-17.827 16.65 -17.399
-19.139 18.761 -20.353

-16.752 17.96 -23.312
-15.482 14.956 -25.281
-12.62 14.751 -27.824
-12.437 12.939 -31.204
-8.982 11.264 -31.393
-8.672 10.357 -35.1

-6.282 10.744 -38.079
-6.98 13.557 -40.6
-9.895 13.022 -43.051

-11.208 15.853 -45.293
-14.92 14.856 -45.011
-14.611 14.37 -41.226
-13.015 17.857 -40.827
-15.875 19.254 -42.999
-18.403 17.482 -40.669
-16.559 18.759 -37.515
-16.844 22.341 -38.957

-20.697 21.797 -39.029
-20.861 21.033 -35.24
-22.116 23.933 -33.104
-20.016 23.255 -29.939
-16.791 22.621 -31.971

-13.393 23.436 -30.391
-10.011 22.816 -32.063
-6.805 22.812 -29.99

-3.883 23.919 -32.209
-1.328 22.314 -29.773
-2.753 18.736 -29.691
-4.334 19.137 -33.217

-7.578 17.622 -31.79
-11.313 18.386 -31.995
-13.683 18.544 -28.991
-17.466 19.001 -28.65
-20.131 19.402 -25.91

-21.257 16.038 -24.476
-24.923 16.743 -25.497
-23.731 16.722 -29.178
-22.178 13.179 -28.839
-25.228 11.354 -30.322
-25.57 14.044 -33.093
-21.852 13.682 -34.021
-21.815 9.829 -34.037
-25.045 9.774 -36.128
-23.507 12.176 -38.75
-20.093 10.348 -38.803

-21.793 6.948 -39.527
-22.962 8.546 -42.834
-19.328 9.196 -43.991
-17.677 6.563 -46.261
-14.251 5.2 -45.121

-14.46 6.789 -41.562
-14.765 4.819 -38.279
-15.142 6.964 -35.114
-15.663 4.659 -32.101

-18.218 6.249 -29.657
-17.862 6.903 -25.912
-18.35 3.469 -24.195
-21.794 2.549 -22.772
-20.235 2.829 -19.255
-19.534 6.58 -19.812
-22.964 7.196 -21.431
-24.623 5.531 -18.378
-22.42 7.523 -15.909

-23.028 10.919 -17.654
-26.668 10.153 -18.714
-27.851 13.482 -17.123

-25.214 15.594 -18.963
-26 13.8 -22.296
-29.631 15.147 -21.909

-29.014 18.802 -20.797
-28.522 21.656 -23.337
-27.494 23.803 -20.296
-24.374 24.206 -18.108
-26.03 23.63 -14.722
-23.195 22.587 -12.38
-23.731 19.355 -10.334

-27.219 19.392 -8.694
-26.798 20.208 -4.988
-26.578 17.032 -2.906
-29.814 16.999 -0.82
-29.276 16.946 2.956
-30.305 13.551 4.343

-32.727 13.25 7.268
-30.389 11.851 9.975
-33.077 12.019 12.787
-33.159 8.159 12.923
-29.32 8.149 13.454
-27.82 8.306 16.969

-27.52 12.074 17.913
-23.991 11.509 19.371
-22.796 10.469 15.867
-24.731 13.185 13.93
-23.402 16.008 16.22
-19.738 14.82 15.861

-19.687 14.822 11.995
-17.445 17.587 10.586

-19.106 19.692 7.763
-17.231 17.783 4.996
-18.064 14.402 6.666
-21.796 15.407 6.677
-21.562 16.318 2.947
-19.943 12.855 2.346
-22.788 11.075 4.244
-25.363 13.084 2.191
-23.555 12.165 -1.104
-23.43 8.459 -0.115
-27.196 8.491 0.728
-28.024 10.343 -2.565

-25.973 7.645 -4.472
-28.214 5.048 -2.67
-25.512 3.7 -0.27

-23.352 2.353 -3.174
-19.956 4.118 -3.237
-16.209 4.012 -2.721
-15.295 6.541 0.021

-11.694 7.195 -1.128

-11.135 10.189 1.225
-7.504 10.605 2.377

-6.048 8.715 5.398
-7.361 9.956 8.784
-10.233 12.169 7.374
-12.706 9.981 9.408

-13.844 7.354 6.831
-15.012 5.081 9.734
-17.363 7.714 11.316
-18.876 8.506 7.854
-19.282 4.738 7.09
-21.02 4.042 10.461
-23.415 6.996 9.798
-24.247 5.855 6.195
-24.846 2.277 7.463
-26.955 3.52 10.461
-29.227 5.531 8.078

-29.9 2.058 6.507

-30.384 0.293 9.981
-33.886 -0.857 8.77
-32.05 -2.956 6.062
-29.626 -4.868 8.41
-27.981 -7.413 9.17

-24.774 -5.448 8.488
-21.551 -7.137 7.269
-18.235 -5.328 7.997
-15.132 -6.739 6.223
-11.829 -5.357 7.603

-8.05 -6.016 7.986
-7.416 -8.82 10.567
-5.856 -6.305 13.093
-8.689 -3.64 13.199

-11.758 -5.868 14.003
-11.895 -4.753 17.675
-11.154 -1.102 16.63
-14.365 -1.304 14.506
-16.414 -2.897 17.375
-15.268 -0.08 19.729
-16.109 2.476 16.969
-19.722 1.111 16.76
-20.082 1.14 20.611
-18.596 4.7 20.723
-20.823 6.195 17.978

-24.121 4.191 18.24
-24.851 3.95 22.056
-28.388 2.791 20.948
-26.764 -0.701 20.406
-26.03 -3.285 23.117

-22.632 -5.104 22.857
-24.638 -8.32 22.08
-25.78 -6.667 18.791

-22.091 -6.816 17.576
-20.505 -10.124 16.488
-16.681 -10.041 16.081

-15.702 -13.116 14.035
-12.316 -14.303 15.372
-12.201 -17.837 13.813
-13.405 -19.799 10.735
-15.769 -21.82 13.07
-17.788 -18.808 14.317
-21.352 -17.917 13.159
-21.075 -14.973 10.701
-24.816 -14.102 11.273
-24.919 -14.166 15.127
-25.108 -10.332 15.536
-27.08 -7.466 13.995

-23.588 -6.14 13.038
-21.065 -8.833 11.965
-17.336 -7.898 11.803
-15.009 -10.302 9.887
-11.529 -10.295 8.291

-10.658 -10.74 4.577
-8.757 -14.009 5.375
-11.833 -15.546 7.113
-14.3 -14.769 4.222

-12.926 -17.715 2.14
-13.287 -20.073 5.183
-16.843 -18.74 5.845
-18.014 -18.815 2.139
-20.731 -21.415 3.044
-22.243 -18.836 5.512
-21.955 -15.894 2.989
-25.071 -17.433 1.278
-27.188 -15.451 3.825
-28.094 -12.137 2.052
-26.367 -9.235 3.842
-28.236 -6.215 2.36

-25.704 -3.677 3.792
-21.936 -4.298 3.429
-19.007 -2.145 4.602
-15.517 -3.11 3.36

-11.6738 -3.36091 3.26707
-8.52374 -4.68563 1.6663

-5.98946 -1.85965 1.48146
-3.98245 -3.34226 4.34793
-3.92628 -6.7529 2.67245
-2.71597 -5.23542 -0.594851

-0.499971 -3.80542 -3.47285
0.197029 -7.27842 -5.02985
-2.85497 -9.35242 -6.15485
-0.935971 -12.7174 -6.05685
-0.327971 -12.4854 -2.25785

-2.49297 -14.6384 0.0731494
-3.50997 -11.4914 2.09415
-4.77397 -9.77842 -1.11185
-6.52797 -12.9624 -2.42485
-8.40297 -13.2744 0.933149
-9.25497 -9.50642 1.24915
-10.407 -8.72242 -2.34385
-13.642 -10.8924 -2.42185
-14.903 -9.15542 0.782149
-13.946 -5.64142 -0.482851
-15.835 -6.19542 -3.80485
-19.09 -7.29642 -1.99485

-19.014 -5.01342 1.11615
-21.314 -1.91142 0.877149

-18.768 0.514585 2.47715
-14.961 0.283585 1.95215
-12.711 2.70758 3.87115
-9.08697 2.17358 2.75815
-6.36897 4.10958 4.66915

-2.68097 4.69558 3.76215
0.0600294 7.34258 4.15415
1.76803 5.93158 1.04415
-0.943971 4.40858 -1.25085
1.79503 3.60958 -3.76385
5.21403 2.67458 -2.29585
7.23703 2.90358 -5.57485
5.09803 2.44558 -8.78285

1.57203 3.04258 -10.3029
0.913029 -0.765415 -10.5199
0.656029 -0.887415 -6.64185
-2.56097 1.26058 -6.79785
-4.56997 -1.21542 -8.94685
-5.84597 -3.39542 -6.03285
-6.92297 -0.261415 -4.06185
-8.67997 1.22458 -7.17685
-10.701 -2.00742 -7.79485
-11.487 -2.29542 -4.03285
-13.046 1.24758 -4.01485

-14.549 0.976585 -7.59085
-14.934 -2.73942 -8.67585
-16.114 -1.62042 -12.1989
-12.877 0.340585 -12.9269
-10.279 -1.60542 -15.0109
-11.842 -5.15442 -14.6479
-8.51797 -6.58642 -15.9899

-5.04297 -5.38842 -14.8479
-3.66097 -5.39142 -18.4509
-5.80797 -2.33642 -19.4489
-4.50697 -0.400415 -16.3779
-0.906971 -1.56842 -17.0869
-0.969971 -0.531415 -20.8029
-2.17997 2.99658 -19.8489
-0.344971 3.81058 -16.5609

2.54803 1.27958 -16.1829
4.20703 1.76258 -19.6609
3.55903 -1.94642 -20.2769

6.13603 -3.59342 -22.6079
5.88703 -6.94142 -24.4499
9.16703 -8.78442 -23.6929

10.163 -12.2664 -25.1209
9.11303 -13.8334 -21.7339

5.75703 -11.9404 -21.3269
4.59303 -8.45742 -20.2329
6.68303 -6.03242 -18.1509

4.67203 -3.56142 -15.9569
7.60303 -1.94542 -13.9979
7.27203 1.38158 -15.8909
5.05303 4.46858 -15.5449
2.92503 6.52858 -17.9839
0.170029 9.22358 -18.0619

0.630029 9.94058 -14.2869
-1.20097 13.3386 -14.3859
-4.30097 11.5626 -15.8429
-3.97597 8.84858 -13.1389
-3.79497 11.6166 -10.4459
-7.00297 13.2546 -11.8149
-8.83597 9.85958 -11.9239
-7.72397 9.03658 -8.33685
-8.78297 12.4346 -6.84985
-12.185 12.4846 -8.66285
-13.362 8.87558 -8.12785

-11.131 6.87358 -5.66185

-8.99797 8.93158 -3.27785
-9.05597 11.8256 -0.806851

-5.45297 13.0676 -0.273851
-4.14597 16.0686 1.71515
-0.570971 16.9036 2.68915

0.955029 18.3876 5.91715
1.56603 21.5916 3.89515
-2.18897 21.8406 2.99515
-3.62897 21.4706 6.55515

-0.817971 21.9656 9.17715
1.14303 25.2006 8.34615
2.55703 24.9636 11.9461
4.56203 21.6956 11.5301

8.36103 22.3896 11.5151
10.114 21.6556 8.19115

11.77 18.2856 7.44815
15.386 19.1336 6.47015
16.923 16.2436 4.46815
20.602 15.7456 3.52115
22.964 13.1366 2.11915
26.005 12.4416 4.36015
28.824 10.8876 2.30515

30.604 8.68658 4.89615
34.319 8.50558 4.08615

35.303 5.27458 2.16315
38.918 5.74558 3.49115
37.88 3.55358 6.51315

36.839 0.764585 4.02815
39.977 -1.41642 4.09415

41.483 -2.68942 0.796149
40.171 -6.30742 1.33715
36.549 -5.10942 1.88815
36.826 -2.77942 -1.17285
38.255 -5.62442 -3.32485
35.317 -7.84142 -2.13985
32.771 -5.10642 -3.13785
34.568 -4.70842 -6.52785
34.481 -8.53442 -6.95885
30.708 -8.84342 -6.21085
30.02 -5.79142 -8.47885
31.975 -7.46742 -11.3659
30.201 -10.7804 -10.5749
26.704 -9.22842 -11.1589
27.795 -7.89742 -14.6299

29.275 -11.2274 -15.8819
27.445 -12.3254 -19.0869
27.586 -16.1054 -18.5519
25.715 -16.2664 -15.1669
22.142 -17.4944 -14.6599

19.346 -15.1074 -13.5059
19.665 -16.7694 -10.0429
23.487 -16.3104 -9.75385
22.936 -12.6084 -10.7249
20.347 -12.2554 -7.84985
22.715 -14.0754 -5.41285
25.664 -11.7834 -6.36985
23.313 -8.74542 -5.91385
22.298 -9.94742 -2.38985
26.013 -10.5284 -1.58285
26.983 -7.00742 -2.85485
24.156 -5.46842 -0.739851
25.111 -7.41742 2.45815
28.844 -6.50042 1.89115
27.794 -2.81042 1.53115
26.143 -2.99942 4.99115
29.303 -4.58042 6.56015
31.603 -2.01942 4.83215
29.604 0.954585 6.27815
29.551 -0.241415 9.97615
32.838 1.51158 11.1131
31.901 4.94458 9.64115
28.216 4.58958 10.6811
29.557 4.04158 14.2521
32.029 6.98458 13.8651
29.102 9.23558 12.7821
26.79 8.08358 15.6721
29.595 8.85158 18.1831
30.249 12.3016 16.5581
26.5 13.0986 17.0341
26.627 12.0876 20.7591
29.952 13.9526 21.3491

28.294 17.0316 19.6661
25.814 17.0166 22.6401
22.645 15.7196 20.8491
19.951 14.7666 23.3771
17.698 12.4176 21.2531

17.917 10.8226 17.7721
16.749 7.74658 15.8011
19.119 5.38458 13.9261
17.533 3.31758 11.1221
19.154 0.162585 9.65115

17.772 -3.13842 8.17415
20.65 -5.68242 8.22915

20.781 -7.36642 11.6821
24.644 -7.16442 11.7401
24.414 -3.30742 11.4981
21.811 -3.12242 14.3421
23.972 -5.55742 16.4281
27.237 -3.57542 15.8741
25.56 -0.196415 16.7201
24.007 -1.62542 19.9591
27.343 -3.25842 20.9891
29.285 0.0445847 20.5691
26.599 2.05758 22.4771
26.817 -0.533415 25.3421
30.679 -0.309415 25.2271

30.391 3.54558 25.4831
27.723 3.11358 28.2841
25.145 5.07358 26.1821
21.541 4.38658 27.2511

19.538 3.39558 24.1401
16.453 1.42758 22.9741
16.375 -1.28942 20.2581
13.373 -2.39042 18.1141

13.639 -5.11242 15.4161
11.806 -8.20842 14.0021
12.384 -10.1254 17.3111
10.95 -7.37642 19.6271
7.43703 -8.38142 20.8161
4.27403 -6.28542 20.1601
3.90103 -5.17742 23.8481

7.65903 -4.53542 24.4351
7.65003 -2.31042 21.2681
5.08903 0.0215847 22.9321
6.93803 -0.0334153 26.3161
10.374 0.754585 24.7081
8.63303 3.52358 22.6851
7.29903 5.01158 25.9851
10.776 4.62858 27.6381
12.424 6.64458 24.7701
9.57603 9.24458 24.8201
9.50203 9.80858 28.6311

13.135 9.14558 29.7651
15.719 11.9276 29.0791
18.522 9.29958 29.5291
17.711 7.29558 26.3511
19.68 9.27658 23.7301

19.538 6.75258 20.8171
16.778 4.58158 19.3381
18.24 1.71958 17.2081
15.384 0.809585 14.8351
14.81 -1.71842 12.0471

13.498 0.177585 8.94615
11.069 -2.73242 8.23715
10.006 -3.58142 11.8341
9.51903 0.0125847 13.2011
7.79703 1.54158 10.0681
4.33603 1.06758 11.7561
2.33803 2.02358 14.9071
5.10503 3.78958 16.9021
5.55403 7.56158 17.5871
9.00703 9.10458 18.2961
8.17003 12.8396 18.7421
10.88 13.1716 21.4951
13.664 13.1066 18.8221
14.548 15.9116 16.3251

16.995 13.8346 14.1831
16.686 10.6706 12.0411
19.853 8.90358 10.7561
19.476 6.27058 8.01215

22.636 4.14758 8.45615
21.427 2.12758 5.42515
19.416 2.93058 2.27715
16.223 0.965585 1.48115
15.137 0.411585 -2.18585
11.491 1.38358 -1.44085

10.951 5.16058 -0.792851
7.47803 4.61258 0.770149
9.17903 2.74558 3.69015
11.798 5.54158 4.10515
8.96103 8.16958 4.25915
7.08103 5.92958 6.79415
10.259 5.92258 8.97415
10.733 9.77358 8.74215

7.03503 10.2486 9.76015
7.70903 8.40158 13.0441
9.33003 11.6816 14.3091
7.39803 14.2036 12.1641
4.01403 13.7106 13.9881
1.47403 15.8846 15.8711
3.39803 16.8266 19.0681
6.70603 17.5986 17.2461
7.93503 21.1986 17.9601
11.457 21.1296 16.3471
12.56 21.0926 12.6611

13.182 17.4116 11.8381
16.672 16.5906 10.5061
16.934 13.5396 8.17115
20.495 12.2876 7.43015
20.999 9.60358 4.71815
24.419 7.90858 5.22615
25.952 6.89258 1.82315

29.341 5.39258 0.801149
31.042 5.91158 -2.62785
32.148 2.54658 -4.15185
29.125 0.571585 -2.73385
25.453 -0.428415 -3.35985

24.441 3.15558 -2.28085
25.76 4.49958 -5.66485
22.98 2.49158 -7.47485
20.281 2.56858 -4.74085
20.245 6.38258 -4.32085
19.434 7.22458 -8.03485
16.849 4.33758 -7.98485
15.14 5.77458 -4.84085
15.153 9.28758 -6.45785
13.46 8.20458 -9.73985
10.859 6.27958 -7.62485
10.017 9.41458 -5.50585
9.65703 11.4066 -8.77785
7.18403 8.76158 -10.1429
5.26203 9.02758 -6.81085
5.27703 12.8916 -6.97485
4.05003 12.9756 -10.6449

1.17703 10.6536 -9.52785
0.377029 13.1956 -6.68285
1.45303 10.5946 -4.03885
4.47303 12.5016 -2.56285
5.64803 16.1166 -1.99085
9.10603 14.6776 -1.25585
11.58 15.8136 -3.90085
15.02 14.1416 -3.42785
16.905 15.9476 -6.31685

17.911 19.0366 -4.23485
19.959 16.8476 -1.79185
22.306 15.5306 -4.57085
23.157 18.9276 -6.12985

24.422 19.8866 -2.59985
26.907 16.9136 -2.17685

End chain 1
