0 0 0
0 0 3.81475
0.602421 -1.82188 7.0806
3.88303 0.0392052 7.84634
6.9621 -0.962461 9.76169
7.48903 0.667814 13.1436

6.12208 3.70457 14.8875
4.58501 6.71581 16.8102
6.05239 8.84485 19.4598
9.66945 9.4713 18.7302
12.9188 11.0192 17.4045
15.8531 11.8913 19.586
16.5121 9.38331 22.367

18.7261 12.4243 23.245
16.3681 14.1543 25.762
12.8421 13.8263 27.312
11.5301 15.9373 24.358

13.9171 15.1363 21.399
15.1871 12.1323 19.43
18.0491 11.9273 16.887
18.2321 10.1153 13.507
21.6871 8.44031 13.318
21.9971 7.53331 9.61105

24.3871 7.92031 6.63205
23.6891 10.7333 4.11105
20.7741 10.1983 1.66005

19.4611 13.0293 -0.581953
15.7491 12.0323 -0.299953
16.0581 11.5463 3.48505
17.6541 15.0333 3.88405
14.7941 16.4303 1.71205
12.2661 14.6583 4.04205
14.1101 15.9353 7.19605
13.8251 19.5173 5.75405

9.97209 18.9733 5.68205
9.80809 18.2093 9.47105
8.55309 21.1093 11.607
10.6531 20.4313 14.772
13.8781 19.7973 12.74

17.2761 20.6123 14.32
20.6581 19.9923 12.648
23.8641 19.9883 14.721

26.7861 21.0953 12.502
29.3411 19.4903 14.938
27.9161 15.9123 15.02
26.3351 16.3133 11.494

23.0911 14.7983 12.921
19.3561 15.5623 12.716
16.9861 15.7203 15.72
13.2031 16.1773 16.061
10.5381 16.5783 18.801

9.41209 13.2143 20.235
5.74609 13.9193 19.214
6.93809 13.8983 15.533
8.49109 10.3553 15.872
5.44109 8.53031 14.389
5.09909 11.2203 11.618
8.81709 10.8583 10.69
8.85409 7.00531 10.674
5.62409 6.95031 8.58305
7.16209 9.35231 5.96105
10.5761 7.52431 5.90805

8.87609 4.12431 5.18405
7.70709 5.72231 1.87705
11.3411 6.37231 0.720047
12.9921 3.73931 -1.54995
16.4181 2.37631 -0.409953

16.2091 3.96531 3.14905
15.9041 1.99531 6.43205
15.5271 4.14031 9.59705
15.0061 1.83531 12.61

12.4511 3.42531 15.054
12.8071 4.07931 18.799
12.3191 0.645314 20.516
8.87509 -0.274686 21.939
10.4341 0.00531365 25.456
11.1351 3.75631 24.899
7.70509 4.37231 23.28
6.04609 2.70731 26.333
8.24909 4.69931 28.802

7.64109 8.09531 27.057
4.00109 7.32931 25.997
2.81809 10.6583 27.588

5.45509 12.7703 25.748
4.66909 10.9763 22.415
1.03809 12.3233 22.802

1.65509 15.9783 23.914
2.14709 18.8323 21.374
3.17509 20.9793 24.415
6.29509 21.3823 26.603
4.63909 20.8063 29.989
7.47409 19.7633 32.331
6.93809 16.5313 34.377

3.45009 16.5683 36.017
3.87109 17.3843 39.723
4.09109 14.2083 41.805
0.855094 14.1753 43.891
1.39309 14.1223 47.667
0.364094 10.7273 49.054

-2.05791 10.4263 51.979
0.280094 9.02731 54.686
-2.40791 9.19531 57.498
-2.48991 5.33531 57.634
1.34909 5.32531 58.165
2.84909 5.48231 61.68

3.14909 9.25031 62.624
6.67809 8.68531 64.082
7.87309 7.64531 60.578
5.93809 10.3613 58.641
7.26709 13.1843 60.931
10.9311 11.9963 60.572

10.9821 11.9983 56.706
13.2241 14.7633 55.297

11.5631 16.8683 52.474
13.4381 14.9593 49.707
12.6051 11.5783 51.377
8.87309 12.5833 51.388
9.10709 13.4943 47.658
10.7261 10.0313 47.057
7.88109 8.25131 48.955
5.30609 10.2603 46.902
7.11409 9.34131 43.607
7.23909 5.63531 44.596
3.47309 5.66731 45.439
2.64509 7.51931 42.146

4.69609 4.82131 40.239
2.45509 2.22431 42.041
5.15709 0.876314 44.441

7.31709 -0.470686 41.537
10.7131 1.29431 41.474
14.4601 1.18831 41.99
15.3741 3.71731 44.732

18.9751 4.37131 43.583

19.5341 7.36531 45.936
23.1651 7.78131 47.088

24.6211 5.89131 50.109
23.3081 7.13231 53.495
20.4361 9.34531 52.085
17.9631 7.15731 54.119

16.8251 4.53031 51.542
15.6571 2.25731 54.445
13.3061 4.89031 56.027
11.7931 5.68231 52.565
11.3871 1.91431 51.801
9.64909 1.21831 55.172
7.25409 4.17231 54.509
6.42209 3.03131 50.906
5.82309 -0.546686 52.174
3.71409 0.696314 55.172
1.44209 2.70731 52.789

0.769094 -0.765686 51.218

0.285094 -2.53069 54.692
-3.21691 -3.68069 53.481
-1.38091 -5.77969 50.773
1.04309 -7.69169 53.121
2.68809 -10.2367 53.881

5.89509 -8.27169 53.199
9.11809 -9.96069 51.98
12.4341 -8.15169 52.708
15.5371 -9.56269 50.934
18.8401 -8.18069 52.314

22.6191 -8.83969 52.697
23.2531 -11.6437 55.278
24.8131 -9.12869 57.804
21.9801 -6.46369 57.91

18.9111 -8.69169 58.714
18.7741 -7.57669 62.386
19.5151 -3.92569 61.341
16.3041 -4.12769 59.217
14.2551 -5.72069 62.086
15.4011 -2.90369 64.44
14.5601 -0.347686 61.68
10.9471 -1.71269 61.471
10.5871 -1.68369 65.322
12.0731 1.87631 65.434
9.84609 3.37131 62.689

6.54809 1.36731 62.951
5.81809 1.12631 66.767
2.28109 -0.0326864 65.659
3.90509 -3.52469 65.117
4.63909 -6.10869 67.828

8.03709 -7.92769 67.568
6.03109 -11.1437 66.791
4.88909 -9.49069 63.502

8.57809 -9.63969 62.287
10.1641 -12.9477 61.199
13.9881 -12.8647 60.792

14.9671 -15.9397 58.746
18.3531 -17.1267 60.083
18.4681 -20.6607 58.524
17.2641 -22.6227 55.446
14.9001 -24.6437 57.781
12.8811 -21.6317 59.028
9.31709 -20.7407 57.87
9.59409 -17.7967 55.412
5.85309 -16.9257 55.984
5.75009 -16.9897 59.838
5.56109 -13.1557 60.247
3.58909 -10.2897 58.706

7.08109 -8.96369 57.749
9.60409 -11.6567 56.676
13.3331 -10.7217 56.514
15.6601 -13.1257 54.598
19.1401 -13.1187 53.002

20.0111 -13.5637 49.288
21.9121 -16.8327 50.086
18.8361 -18.3697 51.824
16.3691 -17.5927 48.933

17.7431 -20.5387 46.851
17.3821 -22.8967 49.894
13.8261 -21.5637 50.556
12.6551 -21.6387 46.85
9.93809 -24.2387 47.755
8.42609 -21.6597 50.223
8.71409 -18.7177 47.7
5.59809 -20.2567 45.989
3.48109 -18.2747 48.536
2.57509 -14.9607 46.763
4.30209 -12.0587 48.553
2.43309 -9.03869 47.071

4.96509 -6.50069 48.503
8.73309 -7.12169 48.14
11.6621 -4.96869 49.313
15.1521 -5.93369 48.071

18.0071 -4.06069 49.77
21.3281 -3.68869 47.862

19.6031 -5.17569 44.742
22.9041 -5.03069 42.743
23.4171 -8.56569 44.255
20.8951 -9.68969 41.535

23.1111 -8.25969 38.657
23.8081 -11.7327 37.1
20.7561 -13.8067 35.975
22.6751 -17.1717 36.073
23.2831 -16.9397 39.872

21.1181 -19.0927 42.203
20.1011 -15.9457 44.224
18.8371 -14.2327 41.018
17.0831 -17.4167 39.705
15.2081 -17.7287 43.063
14.3561 -13.9607 43.379
13.2041 -13.1767 39.786
9.96909 -15.3467 39.708
8.70809 -13.6097 42.912
9.66509 -10.0957 41.647
7.77609 -10.6497 38.325
4.52109 -11.7507 40.135

4.59709 -9.46769 43.246
2.29709 -6.36569 43.007

4.84309 -3.93969 44.607
8.65009 -4.17069 44.082
10.9001 -1.74669 46.001
14.5241 -2.28069 44.888
17.2421 -0.344686 46.799

20.9301 0.241314 45.892
23.6711 2.88831 46.284
25.3791 1.47731 43.174
22.6671 -0.0456864 40.879
25.4061 -0.844686 38.366
28.8251 -1.77969 39.834
30.8481 -1.55069 36.555
28.7091 -2.00869 33.347

25.1831 -1.41169 31.827
24.5241 -5.21969 31.61
24.2671 -5.34169 35.488
21.0501 -3.19369 35.332
19.0411 -5.66969 33.183
17.7651 -7.84969 36.097
16.6881 -4.71569 38.068
14.9311 -3.22969 34.953
12.9101 -6.46169 34.335
12.1241 -6.74969 38.097
10.5651 -3.20669 38.115

9.06209 -3.47769 34.539
8.67709 -7.19369 33.454
7.49709 -6.07469 29.931
10.7341 -4.11369 29.203
13.3321 -6.05969 27.119
11.7691 -9.60869 27.482
15.0931 -11.0407 26.14

18.5681 -9.84269 27.282
19.9501 -9.84569 23.679
17.8031 -6.79069 22.681
19.1041 -4.85469 25.752
22.7041 -6.02269 25.043
22.6411 -4.98569 21.327
21.4311 -1.45769 22.281
23.2661 -0.643686 25.569

26.1591 -3.17469 25.947
27.8181 -2.69169 22.469
27.1701 -6.40069 21.853

29.7471 -8.04769 19.522
29.4981 -11.3957 17.68
32.7781 -13.2387 18.437

33.7741 -16.7207 17.009
32.7241 -18.2877 20.396

29.3681 -16.3947 20.803
28.2041 -12.9117 21.897
30.2941 -10.4867 23.979

28.2831 -8.01569 26.173
31.2141 -6.39969 28.132
30.8831 -3.07269 26.239
28.6641 0.0143136 26.585
26.5361 2.07431 24.146
23.7811 4.76931 24.068

24.2411 5.48631 27.843
22.4101 8.88431 27.744
19.3101 7.10831 26.287
19.6351 4.39431 28.991
19.8161 7.16231 31.684
16.6081 8.80031 30.315
14.7751 5.40531 30.206
15.8871 4.58231 33.793
14.8281 7.98031 35.28
11.4261 8.03031 33.467
10.2491 4.42131 34.002

12.4801 2.41931 36.468

14.6131 4.47731 38.852
14.5551 7.37131 41.323

18.1581 8.61331 41.856
19.4651 11.6143 43.845
23.0401 12.4493 44.819

24.5661 13.9333 48.047
25.1771 17.1373 46.025
21.4221 17.3863 45.125
19.9821 17.0163 48.685

22.7931 17.5113 51.307
24.7541 20.7463 50.476
26.1681 20.5093 54.076
28.1731 17.2413 53.66

31.9721 17.9353 53.645
33.7251 17.2013 50.321

35.3811 13.8313 49.578
38.9971 14.6793 48.6
40.5341 11.7893 46.598
44.2131 11.2913 45.651
46.5751 8.68231 44.249
49.6161 7.98731 46.49
52.4351 6.43331 44.435

54.2151 4.23231 47.026
57.9301 4.05131 46.216

58.9141 0.820314 44.293
62.5291 1.29131 45.621
61.4911 -0.900686 48.643

60.4501 -3.68969 46.158
63.5881 -5.87069 46.224

65.0941 -7.14369 42.926
63.7821 -10.7617 43.467
60.1601 -9.56369 44.018
60.4371 -7.23369 40.957
61.8661 -10.0787 38.805
58.9281 -12.2957 39.99
56.3821 -9.56069 38.992
58.1791 -9.16269 35.602
58.0921 -12.9887 35.171
54.3191 -13.2977 35.919
53.6311 -10.2457 33.651
55.5861 -11.9217 30.764
53.8121 -15.2347 31.555
50.3151 -13.6827 30.971
51.4061 -12.3517 27.5

52.8861 -15.6817 26.248
51.0561 -16.7797 23.043
51.1971 -20.5597 23.578
49.3261 -20.7207 26.963
45.7531 -21.9487 27.47

42.9571 -19.5617 28.624
43.2761 -21.2237 32.087
47.0981 -20.7647 32.376
46.5471 -17.0627 31.405
43.9581 -16.7097 34.28
46.3261 -18.5297 36.717
49.2751 -16.2377 35.76
46.9241 -13.1997 36.216
45.9091 -14.4017 39.74
49.6241 -14.9827 40.547
50.5941 -11.4617 39.275
47.7671 -9.92269 41.39
48.7221 -11.8717 44.588
52.4551 -10.9547 44.021
51.4051 -7.26469 43.661
49.7541 -7.45369 47.121
52.9141 -9.03469 48.69
55.2141 -6.47369 46.962
53.2151 -3.49969 48.408
53.1621 -4.69569 52.106
56.4491 -2.94269 53.243
55.5121 0.490314 51.771
51.8271 0.135314 52.811
53.1681 -0.412686 56.382
55.6401 2.53031 55.995
52.7131 4.78131 54.912
50.4011 3.62931 57.802
53.2061 4.39731 60.313
53.8601 7.84731 58.688
50.1111 8.64431 59.164
50.2381 7.63331 62.889
53.5631 9.49831 63.479

51.9051 12.5773 61.796
49.4251 12.5623 64.77
46.2561 11.2653 62.979
43.5621 10.3123 65.507
41.3091 7.96331 63.383

41.5281 6.36831 59.902
40.3601 3.29231 57.931
42.7301 0.930314 56.056
41.1441 -1.13669 53.252
42.7651 -4.29169 51.781

41.3831 -7.59269 50.304
44.2611 -10.1367 50.359

44.3921 -11.8207 53.812
48.2551 -11.6187 53.87
48.0251 -7.76169 53.628
45.4221 -7.57669 56.472
47.5831 -10.0117 58.558
50.8481 -8.02969 58.004
49.1711 -4.65069 58.85
47.6181 -6.07969 62.089
50.9541 -7.71269 63.119
52.8961 -4.40969 62.699
50.2101 -2.39669 64.607
50.4281 -4.98769 67.472
54.2901 -4.76369 67.357

54.0021 -0.908686 67.613
51.3341 -1.34069 70.414
48.7561 0.619314 68.312
45.1521 -0.0676864 69.381

43.1491 -1.05869 66.27
40.0641 -3.02669 65.104
39.9861 -5.74369 62.388
36.9841 -6.84469 60.244

37.2501 -9.56669 57.546
35.4171 -12.6627 56.132
35.9951 -14.5797 59.441
34.5611 -11.8307 61.757
31.0481 -12.8357 62.946
27.8851 -10.7397 62.29
27.5121 -9.63169 65.978

31.2701 -8.98969 66.565
31.2611 -6.76469 63.398
28.7001 -4.43269 65.062
30.5491 -4.48769 68.446
33.9851 -3.69969 66.838
32.2441 -0.930686 64.815
30.9101 0.557314 68.115
34.3871 0.174314 69.768
36.0351 2.19031 66.9
33.1871 4.79031 66.95
33.1131 5.35431 70.761

36.7461 4.69131 71.895
39.3301 7.47331 71.209
42.1331 4.84531 71.659
41.3221 2.84131 68.481
43.2911 4.82231 65.86

43.1491 2.29831 62.947
40.3891 0.127314 61.468
41.8511 -2.73469 59.338
38.9951 -3.64469 56.965
38.4211 -6.17269 54.177

37.1091 -4.27669 51.076
34.6801 -7.18669 50.367
33.6171 -8.03569 53.964
33.1301 -4.44169 55.331
31.4081 -2.91269 52.198
27.9471 -3.38669 53.886
25.9491 -2.43069 57.037
28.7161 -0.664686 59.032
29.1651 3.10731 59.717
32.6181 4.65031 60.426
31.7811 8.38531 60.872
34.4911 8.71731 63.625
37.2751 8.65231 60.952
38.1591 11.4573 58.455

40.6061 9.38031 56.313
40.2971 6.21631 54.171
43.4641 4.44931 52.886
43.0871 1.81631 50.142

46.2471 -0.306686 50.586
45.0381 -2.32669 47.555
43.0271 -1.52369 44.407
39.8341 -3.48869 43.611
38.7481 -4.04269 39.944
35.1021 -3.07069 40.689

34.5621 0.706314 41.337
31.0891 0.158314 42.9
32.7901 -1.70869 45.82
35.4091 1.08731 46.235
32.5721 3.71531 46.389
30.6921 1.47531 48.924
33.8701 1.46831 51.104
34.3441 5.31931 50.872

30.6461 5.79431 51.89
31.3201 3.94731 55.174
32.9411 7.22731 56.439
31.0091 9.74931 54.294
27.6251 9.25631 56.118
25.0851 11.4303 58.001
27.0091 12.3723 61.198
30.3171 13.1443 59.376
31.5461 16.7443 60.09
35.0681 16.6753 58.477
36.1711 16.6383 54.791

36.7931 12.9573 53.968
40.2831 12.1363 52.636
40.5451 9.08531 50.301
44.1061 7.83331 49.56
44.6101 5.14931 46.848
48.0301 3.45431 47.356
49.5631 2.43831 43.953

52.9521 0.938314 42.931
54.6531 1.45731 39.502
55.7591 -1.90769 37.978
52.7361 -3.88269 39.396
49.0641 -4.88269 38.77

48.0521 -1.29869 39.849
49.3711 0.0453136 36.465
46.5911 -1.96269 34.655
43.8921 -1.88569 37.389
43.8561 1.92831 37.809
43.0451 2.77031 34.095
40.4601 -0.116686 34.145
38.7511 1.32031 37.289
38.7641 4.83331 35.672
37.0711 3.75031 32.39
34.4701 1.82531 34.505
33.6281 4.96031 36.624
33.2681 6.95231 33.352
30.7951 4.30731 31.987
28.8731 4.57331 35.319
28.8881 8.43731 35.155
27.6611 8.52131 31.485

24.7881 6.19931 32.602
23.9881 8.74131 35.447
25.0641 6.14031 38.091
28.0841 8.04731 39.567
29.2591 11.6623 40.139
32.7171 10.2233 40.874
35.1911 11.3593 38.229
38.6311 9.68731 38.702
40.5161 11.4933 35.813

41.5221 14.5823 37.895
43.5701 12.3933 40.338
45.9171 11.0763 37.559
46.7681 14.4733 36

48.0331 15.4323 39.53
50.5181 12.4593 39.953

End chain 1
