-13.201 -6.296 -53.957
-10.703 -3.406 -53.291
-9.54 -3.087 -49.639
-11.02 0.322 -48.639
-8.614 1.85 -46.053
-10.787 3.126 -43.162

-9.634 6.195 -41.181
-10.061 4.9 -37.589
-10.286 6.838 -34.306
-12.195 7.103 -30.979
-14.163 9.439 -28.711
-12.619 10.223 -25.263
-14.157 12.207 -22.344

-11.943 15.248 -21.466
-14.301 16.978 -18.949
-17.827 16.65 -17.399
-19.139 18.761 -20.353

-16.752 17.96 -23.312
-15.482 14.956 -25.281
-12.62 14.751 -27.824
-12.437 12.939 -31.204
-8.982 11.264 -31.393
-8.672 10.357 -35.1

-6.282 10.744 -38.079
-6.98 13.557 -40.6
-9.895 13.022 -43.051

-11.208 15.853 -45.293
-14.92 14.856 -45.011
-14.611 14.37 -41.226
-13.015 17.857 -40.827
-15.875 19.254 -42.999
-18.403 17.482 -40.669
-16.559 18.759 -37.515
-16.844 22.341 -38.957

-20.697 21.797 -39.029
-20.861 21.033 -35.24
-22.116 23.933 -33.104
-20.016 23.255 -29.939
-16.791 22.621 -31.971

-13.393 23.436 -30.391
-10.011 22.816 -32.063
-6.805 22.812 -29.99

-3.883 23.919 -32.209
-1.328 22.314 -29.773
-2.753 18.736 -29.691
-4.334 19.137 -33.217

-7.578 17.622 -31.79
-11.313 18.386 -31.995
-13.683 18.544 -28.991
-17.466 19.001 -28.65
-20.131 19.402 -25.91

-21.257 16.038 -24.476
-24.923 16.743 -25.497
-23.731 16.722 -29.178
-22.178 13.179 -28.839
-25.228 11.354 -30.322
-25.57 14.044 -33.093
-21.852 13.682 -34.021
-21.815 9.829 -34.037
-25.045 9.774 -36.128
-23.507 12.176 -38.75
-20.093 10.348 -38.803

-21.793 6.948 -39.527
-22.962 8.546 -42.834
-19.328 9.196 -43.991
-17.677 6.563 -46.261
-14.251 5.2 -45.121

-14.46 6.789 -41.562
-14.765 4.819 -38.279
-15.142 6.964 -35.114
-15.663 4.659 -32.101

-18.218 6.249 -29.657
-17.862 6.903 -25.912
-18.35 3.469 -24.195
-21.794 2.549 -22.772
-20.235 2.829 -19.255
-19.534 6.58 -19.812
-22.964 7.196 -21.431
-24.623 5.531 -18.378
-22.42 7.523 -15.909

-23.028 10.919 -17.654
-26.668 10.153 -18.714
-27.851 13.482 -17.123

-25.214 15.594 -18.963
-26 13.8 -22.296
-29.631 15.147 -21.909

-29.014 18.802 -20.797
-28.522 21.656 -23.337
-27.494 23.803 -20.296
-24.374 24.206 -18.108
-26.03 23.63 -14.722
-23.195 22.587 -12.38
-23.731 19.355 -10.334

-27.219 19.392 -8.694
-26.798 20.208 -4.988
-26.578 17.032 -2.906
-29.814 16.999 -0.82
-29.276 16.946 2.956
-30.305 13.551 4.343

-32.727 13.25 7.268
-30.389 11.851 9.975
-33.077 12.019 12.787
-33.159 8.159 12.923
-29.32 8.149 13.454
-27.82 8.306 16.969

-27.52 12.074 17.913
-23.991 11.509 19.371
-22.796 10.469 15.867
-24.731 13.185 13.93
-23.402 16.008 16.22
-19.738 14.82 15.861

-19.687 14.822 11.995
-17.445 17.587 10.586

-19.106 19.692 7.763
-17.231 17.783 4.996
-18.064 14.402 6.666
-21.796 15.407 6.677
-21.562 16.318 2.947
-19.943 12.855 2.346
-22.788 11.075 4.244
-25.363 13.084 2.191
-23.555 12.165 -1.104
-23.43 8.459 -0.115
-27.196 8.491 0.728
-28.024 10.343 -2.565

-25.973 7.645 -4.472
-28.214 5.048 -2.67
-25.512 3.7 -0.27

-23.352 2.353 -3.174
-19.956 4.118 -3.237
-16.209 4.012 -2.721
-15.295 6.541 0.021

-17.7253 4.22659 1.81586

-17.0993 0.492091 1.49259
-19.4756 -0.252931 4.36327

-18.0196 -2.14293 7.38427
-19.3326 -0.901931 10.7703
-22.2046 1.31107 9.36027
-24.6776 -0.876931 11.3943

-25.8156 -3.50393 8.81727
-26.9836 -5.77693 11.7203
-29.3346 -3.14393 13.3023
-30.8476 -2.35193 9.84027
-31.2536 -6.11993 9.07627
-32.9916 -6.81593 12.4473
-35.3866 -3.86193 11.7843
-36.2186 -5.00293 8.18127
-36.8176 -8.58093 9.44927
-38.9266 -7.33793 12.4473
-41.1986 -5.32693 10.0643

-41.8716 -8.79993 8.49327

-42.3556 -10.5649 11.9673
-45.8576 -11.7149 10.7563
-44.0216 -13.8139 8.04827
-41.5976 -15.7259 10.3963
-39.9526 -18.2709 11.1563

-36.7456 -16.3059 10.4743
-33.5226 -17.9949 9.25527
-30.2066 -16.1859 9.98327
-27.1036 -17.5969 8.20927
-23.8006 -16.2149 9.58927

-20.0216 -16.8739 9.97227
-19.3876 -19.6779 12.5533
-17.8276 -17.1629 15.0793
-20.6606 -14.4979 15.1853

-23.7296 -16.7259 15.9893
-23.8666 -15.6109 19.6613
-23.1256 -11.9599 18.6163
-26.3366 -12.1619 16.4923
-28.3856 -13.7549 19.3613
-27.2396 -10.9379 21.7153
-28.0806 -8.38193 18.9553
-31.6936 -9.74693 18.7463
-32.0536 -9.71793 22.5973
-30.5676 -6.15793 22.7093
-32.7946 -4.66293 19.9643

-36.0926 -6.66693 20.2263
-36.8226 -6.90793 24.0423
-40.3596 -8.06693 22.9343
-38.7356 -11.5589 22.3923
-38.0016 -14.1429 25.1033

-34.6036 -15.9619 24.8433
-36.6096 -19.1779 24.0663
-37.7516 -17.5249 20.7773

-34.0626 -17.6739 19.5623
-32.4766 -20.9819 18.4743
-28.6526 -20.8989 18.0673

-27.6736 -23.9739 16.0213
-24.2876 -25.1609 17.3583
-24.1726 -28.6949 15.7993
-25.3766 -30.6569 12.7213
-27.7406 -32.6779 15.0563
-29.7596 -29.6659 16.3033
-33.3236 -28.7749 15.1453
-33.0466 -25.8309 12.6873
-36.7876 -24.9599 13.2593
-36.8906 -25.0239 17.1133
-37.0796 -21.1899 17.5223
-39.0516 -18.3239 15.9813

-35.5596 -16.9979 15.0243
-33.0366 -19.6909 13.9513
-29.3076 -18.7559 13.7893
-26.9806 -21.1599 11.8733
-23.5006 -21.1529 10.2773

-22.6296 -21.5979 6.56327
-20.7286 -24.8669 7.36127
-23.8046 -26.4039 9.09927
-26.2716 -25.6269 6.20827

-24.8976 -28.5729 4.12627
-25.2586 -30.9309 7.16927
-28.8146 -29.5979 7.83127
-29.9856 -29.6729 4.12527
-32.7026 -32.2729 5.03027
-34.2146 -29.6939 7.49827
-33.9266 -26.7519 4.97527
-37.0426 -28.2909 3.26427
-39.1596 -26.3089 5.81127
-40.0656 -22.9949 4.03827
-38.3386 -20.0929 5.82827
-40.2076 -17.0729 4.34627

-37.6756 -14.5349 5.77827
-33.9076 -15.1559 5.41527
-30.9786 -13.0029 6.58827
-27.4886 -13.9679 5.34627

-24.6336 -12.0949 7.04527
-21.3126 -11.7229 5.13727

-23.0376 -13.2099 2.01727
-19.7366 -13.0649 0.0182718
-19.2236 -16.5999 1.53027
-21.7456 -17.7239 -1.18973

-19.5296 -16.2939 -4.06773
-18.8326 -19.7669 -5.62473
-21.8846 -21.8409 -6.74973
-19.9656 -25.2059 -6.65173
-19.3576 -24.9739 -2.85273

-21.5226 -27.1269 -0.521728
-22.5396 -23.9799 1.49927
-23.8036 -22.2669 -1.70673
-25.5576 -25.4509 -3.01973
-27.4326 -25.7629 0.338272
-28.2846 -21.9949 0.654272
-29.4366 -21.2109 -2.93873
-32.6716 -23.3809 -3.01673
-33.9326 -21.6439 0.187272
-32.9756 -18.1299 -1.07773
-34.8646 -18.6839 -4.39973
-38.1196 -19.7849 -2.58973

-38.0436 -17.5019 0.521272
-40.3436 -14.3999 0.282272

-37.7976 -11.9739 1.88227
-33.9906 -12.2049 1.35727
-31.7406 -9.78093 3.27627
-28.1166 -10.3149 2.16327
-25.3986 -8.37893 4.07427

-21.7106 -7.79293 3.16727
-18.9696 -5.14593 3.55927
-17.2616 -6.55693 0.449272
-19.9736 -8.07993 -1.84573
-17.2346 -8.87893 -4.35873
-13.8156 -9.81393 -2.89073
-11.7926 -9.58493 -6.16973
-13.9316 -10.0429 -9.37773

-17.4576 -9.44593 -10.8977
-18.1166 -13.2539 -11.1147
-18.3736 -13.3759 -7.23673
-21.5906 -11.2279 -7.39273
-23.5996 -13.7039 -9.54173
-24.8756 -15.8839 -6.62773
-25.9526 -12.7499 -4.65673
-27.7096 -11.2639 -7.77173
-29.7306 -14.4959 -8.38973
-30.5166 -14.7839 -4.62773
-32.0756 -11.2409 -4.60973

-33.5786 -11.5119 -8.18573
-33.9636 -15.2279 -9.27073
-35.1436 -14.1089 -12.7937
-31.9066 -12.1479 -13.5217
-29.3086 -14.0939 -15.6057
-30.8716 -17.6429 -15.2427
-27.5476 -19.0749 -16.5847

-24.0726 -17.8769 -15.4427
-22.6906 -17.8799 -19.0457
-24.8376 -14.8249 -20.0437
-23.5366 -12.8889 -16.9727
-19.9366 -14.0569 -17.6817
-19.9996 -13.0199 -21.3977
-21.2096 -9.49193 -20.4437
-19.3746 -8.67793 -17.1557

-16.4816 -11.2089 -16.7777
-14.8226 -10.7259 -20.2557
-15.4706 -14.4349 -20.8717

-12.8936 -16.0819 -23.2027
-13.1426 -19.4299 -25.0447
-9.86264 -21.2729 -24.2877

-8.86664 -24.7549 -25.7157
-9.91664 -26.3219 -22.3287

-13.2726 -24.4289 -21.9217
-14.4366 -20.9459 -20.8277
-12.3466 -18.5209 -18.7457

-14.3576 -16.0499 -16.5517
-11.4266 -14.4339 -14.5927
-11.7576 -11.1069 -16.4857
-13.9766 -8.01993 -16.1397
-16.1046 -5.95993 -18.5787
-18.8596 -3.26493 -18.6567

-18.3996 -2.54793 -14.8817
-20.2306 0.850069 -14.9807
-23.3306 -0.925931 -16.4377
-23.0056 -3.63993 -13.7337
-22.8246 -0.871931 -11.0407
-26.0326 0.766069 -12.4097
-27.8656 -2.62893 -12.5187
-26.7536 -3.45193 -8.93173
-27.8126 -0.0539309 -7.44473
-31.2146 -0.00393089 -9.25773
-32.3916 -3.61293 -8.72273

-30.1606 -5.61493 -6.25673

-28.0276 -3.55693 -3.87273
-28.0856 -0.662931 -1.40173

-24.4826 0.579069 -0.868728
-23.1756 3.58007 1.12027
-19.6006 4.41507 2.09427

-18.0746 5.89907 5.32227
-17.4636 9.10307 3.30027
-21.2186 9.35207 2.40027
-22.6586 8.98207 5.96027

-19.8476 9.47707 8.58227
-17.8866 12.7121 7.75127
-16.4726 12.4751 11.3513
-14.4676 9.20707 10.9353

-10.6686 9.90107 10.9203
-8.91564 9.16707 7.59627

-7.25964 5.79707 6.85327
-3.64364 6.64507 5.87527
-2.10664 3.75507 3.87327
1.57236 3.25707 2.92627
3.93436 0.648069 1.52427
6.97536 -0.0469309 3.76527
9.79436 -1.60093 1.71027

11.5744 -3.80193 4.30127
15.2894 -3.98293 3.49127

16.2734 -7.21393 1.56827
19.8884 -6.74293 2.89627
18.8504 -8.93493 5.91827

17.8094 -11.7239 3.43327
20.9474 -13.9049 3.49927

22.4534 -15.1779 0.201272
21.1414 -18.7959 0.742272
17.5194 -17.5979 1.29327
17.7964 -15.2679 -1.76773
19.2254 -18.1129 -3.91973
16.2874 -20.3299 -2.73473
13.7414 -17.5949 -3.73273
15.5384 -17.1969 -7.12273
15.4514 -21.0229 -7.55373
11.6784 -21.3319 -6.80573
10.9904 -18.2799 -9.07373
12.9454 -19.9559 -11.9607
11.1714 -23.2689 -11.1697
7.67436 -21.7169 -11.7537
8.76536 -20.3859 -15.2247

10.2454 -23.7159 -16.4767
8.41536 -24.8139 -19.6817
8.55636 -28.5939 -19.1467
6.68536 -28.7549 -15.7617
3.11236 -29.9829 -15.2547

0.316357 -27.5959 -14.1007
0.635357 -29.2579 -10.6377
4.45736 -28.7989 -10.3487
3.90636 -25.0969 -11.3197
1.31736 -24.7439 -8.44473
3.68536 -26.5639 -6.00773
6.63436 -24.2719 -6.96473
4.28336 -21.2339 -6.50873
3.26836 -22.4359 -2.98473
6.98336 -23.0169 -2.17773
7.95336 -19.4959 -3.44973
5.12636 -17.9569 -1.33473
6.08136 -19.9059 1.86327
9.81436 -18.9889 1.29627
8.76436 -15.2989 0.936272
7.11336 -15.4879 4.39627
10.2734 -17.0689 5.96527
12.5734 -14.5079 4.23727
10.5744 -11.5339 5.68327
10.5214 -12.7299 9.38127
13.8084 -10.9769 10.5183
12.8714 -7.54393 9.04627
9.18636 -7.89893 10.0863
10.5274 -8.44693 13.6573
12.9994 -5.50393 13.2703
10.0724 -3.25293 12.1873
7.76036 -4.40493 15.0773
10.5654 -3.63693 17.5883
11.2194 -0.186931 15.9633
7.47036 0.610069 16.4393
7.59736 -0.400931 20.1643
10.9224 1.46407 20.7543

9.26436 4.54307 19.0713
6.78436 4.52807 22.0453
3.61536 3.23107 20.2543
0.921357 2.27807 22.7823
-1.33164 -0.0709309 20.6583

-1.11264 -1.66593 17.1773
-2.28064 -4.74193 15.2063
0.0893569 -7.10393 13.3313
-1.49664 -9.17093 10.5273
0.124357 -12.3259 9.05627

-1.25764 -15.6269 7.57927
1.62036 -18.1709 7.63427

1.75136 -19.8549 11.0873
5.61436 -19.6529 11.1453
5.38436 -15.7959 10.9033
2.78136 -15.6109 13.7473
4.94236 -18.0459 15.8333
8.20736 -16.0639 15.2793
6.53036 -12.6849 16.1253
4.97736 -14.1139 19.3643
8.31336 -15.7469 20.3943
10.2554 -12.4439 19.9743
7.56936 -10.4309 21.8823
7.78736 -13.0219 24.7473
11.6494 -12.7979 24.6323

11.3614 -8.94293 24.8883
8.69336 -9.37493 27.6893
6.11536 -7.41493 25.5873
2.51136 -8.10193 26.6563

0.508357 -9.09293 23.5453
-2.57664 -11.0609 22.3793
-2.65464 -13.7779 19.6633
-5.65664 -14.8789 17.5193

-5.39064 -17.6009 14.8213
-7.22364 -20.6969 13.4073
-6.64564 -22.6139 16.7163
-8.07964 -19.8649 19.0323
-11.5926 -20.8699 20.2213
-14.7556 -18.7739 19.5653
-15.1286 -17.6659 23.2533

-11.3706 -17.0239 23.8403
-11.3796 -14.7989 20.6733
-13.9406 -12.4669 22.3373
-12.0916 -12.5219 25.7213
-8.65564 -11.7339 24.1133
-10.3966 -8.96493 22.0903
-11.7306 -7.47693 25.3903
-8.25364 -7.85993 27.0433
-6.60564 -5.84393 24.1753
-9.45364 -3.24393 24.2253
-9.52764 -2.67993 28.0363

-5.89464 -3.34293 29.1703
-3.31064 -0.560931 28.4843
-0.507643 -3.18893 28.9343
-1.31864 -5.19293 25.7563
0.650357 -3.21193 23.1353

0.508357 -5.73593 20.2223
-2.25164 -7.90693 18.7433
-0.789643 -10.7689 16.6133
-3.64564 -11.6789 14.2403
-4.21964 -14.2069 11.4523

-5.53164 -12.3109 8.35127
-7.96064 -15.2209 7.64227
-9.02364 -16.0699 11.2393
-9.51064 -12.4759 12.6063
-11.2326 -10.9469 9.47327
-14.6936 -11.4209 11.1613
-16.6916 -10.4649 14.3123
-13.9246 -8.69893 16.3073
-13.4756 -4.92693 16.9923
-10.0226 -3.38393 17.7013
-10.8596 0.351069 18.1473
-8.14964 0.683069 20.9003
-5.36564 0.618069 18.2273
-4.48164 3.42307 15.7303

-2.03464 1.34607 13.5883
-2.34364 -1.81793 11.4463
0.823357 -3.58493 10.1613
0.446357 -6.21793 7.41727

3.60636 -8.34093 7.86127
2.39736 -10.3609 4.83027
0.386357 -9.55793 1.68227
-2.80664 -11.5229 0.886272
-3.89264 -12.0769 -2.78073
-7.53864 -11.1049 -2.03573

-8.07864 -7.32793 -1.38773
-11.5516 -7.87593 0.175272
-9.85064 -9.74293 3.09527
-7.23164 -6.94693 3.51027
-10.0686 -4.31893 3.66427
-11.9486 -6.55893 6.19927
-8.77064 -6.56593 8.37927
-8.29664 -2.71493 8.14727

-11.9946 -2.23993 9.16527
-11.3206 -4.08693 12.4493
-9.69964 -0.806931 13.7143
-11.6316 1.71507 11.5693
-15.0156 1.22207 13.3933
-17.5556 3.39607 15.2763
-15.6316 4.33807 18.4733
-12.3236 5.11007 16.6513
-11.0946 8.71007 17.3653
-7.57264 8.64107 15.7523
-6.46964 8.60407 12.0663

-5.84764 4.92307 11.2433
-2.35764 4.10207 9.91127
-2.09564 1.05107 7.57627
1.46536 -0.200931 6.83527
1.96936 -2.88493 4.12327
5.38936 -4.57993 4.63127
6.92236 -5.59593 1.22827

10.3114 -7.09593 0.206272
12.0124 -6.57693 -3.22273
13.1184 -9.94193 -4.74673
10.0954 -11.9169 -3.32873
6.42336 -12.9169 -3.95473

5.41136 -9.33293 -2.87573
6.73036 -7.98893 -6.25973
3.95036 -9.99693 -8.06973
1.25136 -9.91993 -5.33573
1.21536 -6.10593 -4.91573
0.404357 -5.26393 -8.62973
-2.18064 -8.15093 -8.57973
-3.88964 -6.71393 -5.43573
-3.87664 -3.20093 -7.05273
-5.56964 -4.28393 -10.3347
-8.17064 -6.20893 -8.21973
-9.01264 -3.07393 -6.10073
-9.37264 -1.08193 -9.37273
-11.8456 -3.72693 -10.7377
-13.7676 -3.46093 -7.40573
-13.7526 0.403069 -7.56973
-14.9796 0.487069 -11.2397

-17.8526 -1.83493 -10.1227
-18.6526 0.707069 -7.27773
-17.5766 -1.89393 -4.63373
-14.5566 0.0130691 -3.15773
-13.3816 3.62807 -2.58573
-9.92364 2.18907 -1.85073
-7.44964 3.32507 -4.49573
-4.00964 1.65307 -4.02273
-2.12464 3.45907 -6.91173

-1.11864 6.54807 -4.82973
0.929357 4.35907 -2.38673
3.27636 3.04207 -5.16573
4.12736 6.43907 -6.72473

5.39236 7.39807 -3.19473
7.87736 4.42507 -2.77173

End chain 1
