-13.201 -6.296 -53.957
-10.703 -3.406 -53.291
-9.54 -3.087 -49.639
-11.02 0.322 -48.639
-8.614 1.85 -46.053
-10.787 3.126 -43.162

-9.634 6.195 -41.181
-10.061 4.9 -37.589
-10.286 6.838 -34.306
-12.195 7.103 -30.979
-14.163 9.439 -28.711
-12.619 10.223 -25.263
-14.157 12.207 -22.344

-11.943 15.248 -21.466
-14.301 16.978 -18.949
-17.827 16.65 -17.399
-19.139 18.761 -20.353

-16.752 17.96 -23.312
-15.482 14.956 -25.281
-12.62 14.751 -27.824
-12.437 12.939 -31.204
-8.982 11.264 -31.393
-8.672 10.357 -35.1

-6.282 10.744 -38.079
-6.98 13.557 -40.6
-9.895 13.022 -43.051

-11.208 15.853 -45.293
-14.92 14.856 -45.011
-14.611 14.37 -41.226
-13.015 17.857 -40.827
-15.875 19.254 -42.999
-18.403 17.482 -40.669
-16.559 18.759 -37.515
-16.844 22.341 -38.957

-20.697 21.797 -39.029
-20.861 21.033 -35.24
-22.116 23.933 -33.104
-20.016 23.255 -29.939
-16.791 22.621 -31.971

-13.393 23.436 -30.391
-10.011 22.816 -32.063
-6.805 22.812 -29.99

-3.883 23.919 -32.209
-1.328 22.314 -29.773
-2.753 18.736 -29.691
-4.334 19.137 -33.217

-7.578 17.622 -31.79
-11.313 18.386 -31.995
-13.683 18.544 -28.991
-17.466 19.001 -28.65
-20.131 19.402 -25.91

-21.257 16.038 -24.476
-24.923 16.743 -25.497
-23.731 16.722 -29.178
-22.178 13.179 -28.839
-25.228 11.354 -30.322
-25.57 14.044 -33.093
-21.852 13.682 -34.021
-21.815 9.829 -34.037
-25.045 9.774 -36.128
-23.507 12.176 -38.75
-20.093 10.348 -38.803

-21.793 6.948 -39.527
-22.962 8.546 -42.834
-19.328 9.196 -43.991
-17.677 6.563 -46.261
-14.251 5.2 -45.121

-14.46 6.789 -41.562
-14.765 4.819 -38.279
-15.142 6.964 -35.114
-15.663 4.659 -32.101

-18.218 6.249 -29.657
-17.862 6.903 -25.912
-18.35 3.469 -24.195
-21.794 2.549 -22.772
-20.235 2.829 -19.255
-19.534 6.58 -19.812
-22.964 7.196 -21.431
-24.623 5.531 -18.378
-22.42 7.523 -15.909

-23.028 10.919 -17.654
-26.668 10.153 -18.714
-27.851 13.482 -17.123

-25.214 15.594 -18.963
-26 13.8 -22.296
-29.631 15.147 -21.909

-29.014 18.802 -20.797
-28.522 21.656 -23.337
-27.494 23.803 -20.296
-24.374 24.206 -18.108
-26.03 23.63 -14.722
-23.195 22.587 -12.38
-23.731 19.355 -10.334

-27.219 19.392 -8.694
-26.798 20.208 -4.988
-26.578 17.032 -2.906
-29.814 16.999 -0.82
-29.276 16.946 2.956
-30.305 13.551 4.343

-32.727 13.25 7.268
-30.389 11.851 9.975
-33.077 12.019 12.787
-33.159 8.159 12.923
-29.32 8.149 13.454
-27.82 8.306 16.969

-27.52 12.074 17.913
-23.991 11.509 19.371
-22.796 10.469 15.867
-24.731 13.185 13.93
-23.402 16.008 16.22
-19.738 14.82 15.861

-19.687 14.822 11.995
-17.445 17.587 10.586

-19.106 19.692 7.763
-17.231 17.783 4.996
-18.064 14.402 6.666
-21.796 15.407 6.677
-21.562 16.318 2.947
-19.943 12.855 2.346
-22.788 11.075 4.244
-25.363 13.084 2.191
-23.555 12.165 -1.104
-23.43 8.459 -0.115
-27.196 8.491 0.728
-28.024 10.343 -2.565

-25.973 7.645 -4.472
-28.214 5.048 -2.67
-25.512 3.7 -0.27

-23.352 2.353 -3.174
-19.956 4.118 -3.237
-16.209 4.012 -2.721
-15.295 6.541 0.021

-11.694 7.195 -1.128

-11.135 10.189 1.225
-7.504 10.605 2.377

-6.048 8.715 5.398
-7.361 9.956 8.784
-10.233 12.169 7.374
-12.706 9.981 9.408

-13.844 7.354 6.831
-15.012 5.081 9.734
-17.363 7.714 11.316
-18.876 8.506 7.854
-19.282 4.738 7.09
-21.02 4.042 10.461
-23.415 6.996 9.798
-24.247 5.855 6.195
-24.846 2.277 7.463
-26.955 3.52 10.461
-29.227 5.531 8.078

-29.1692 4.826 4.39769

-27.855 7.431 1.96258
-25.0362 8.36628 4.33379
-24.0416 4.72133 4.74378
-23.9654 4.21791 0.977666
-21.7699 7.28521 0.514702

-18.5629 9.25021 -0.167298
-15.3399 7.56121 -1.3863
-12.0239 9.37021 -0.658298
-8.92093 7.95921 -2.4323
-5.61793 9.34121 -1.0523

-1.83893 8.68221 -0.669298
-1.20493 5.87821 1.9117
0.355073 8.39321 4.4377
-2.47793 11.0582 4.5437

-5.54693 8.83021 5.3477
-5.68393 9.94521 9.0197
-4.94293 13.5962 7.9747
-8.15393 13.3942 5.8507
-10.2029 11.8012 8.7197
-9.05693 14.6182 11.0737
-9.89793 17.1742 8.3137
-13.5109 15.8092 8.1047
-13.8709 15.8382 11.9557
-12.3849 19.3982 12.0677
-14.6119 20.8932 9.3227

-17.9099 18.8892 9.5847
-18.6399 18.6482 13.4007
-22.1769 17.4892 12.2927
-20.5529 13.9972 11.7507
-19.8189 11.4132 14.4617

-16.4209 9.59421 14.2017
-18.4269 6.37821 13.4247
-19.5689 8.03121 10.1357

-15.8799 7.88221 8.9207
-14.2939 4.57421 7.8327
-10.4699 4.65721 7.4257

-9.49093 1.58221 5.3797
-6.10493 0.395214 6.7167
-5.98993 -3.13879 5.1577
-7.19393 -5.10079 2.0797
-9.55793 -7.12179 4.4147
-11.5769 -4.10979 5.6617
-15.1409 -3.21879 4.5037
-14.8639 -0.274786 2.0457
-18.6049 0.596214 2.6177
-18.7079 0.532214 6.4717
-18.8969 4.36621 6.8807
-20.8689 7.23221 5.3397

-17.3769 8.55821 4.3827
-14.8539 5.86521 3.3097
-11.1249 6.80021 3.1477
-8.79793 4.39621 1.2317
-5.31793 4.40321 -0.364298

-4.44693 3.95821 -4.0783
-2.54593 0.689214 -3.2803
-5.62193 -0.847786 -1.5423
-8.08893 -0.0707858 -4.4333

-6.71493 -3.01679 -6.5153
-7.07593 -5.37479 -3.4723
-10.6319 -4.04179 -2.8103
-11.8029 -4.11679 -6.5163
-14.5199 -6.71679 -5.6113
-16.0319 -4.13779 -3.1433
-15.7439 -1.19579 -5.6663
-18.8599 -2.73479 -7.3773
-20.9769 -0.752786 -4.8303
-21.8829 2.56121 -6.6033
-20.1559 5.46321 -4.8133
-22.0249 8.48321 -6.2953

-19.4929 11.0212 -4.8633
-15.7249 10.4002 -5.2263
-12.7959 12.5532 -4.0533
-9.30593 11.5882 -5.2953

-6.45093 13.4612 -3.5963
-3.12993 13.8332 -5.5043

-4.85493 12.3462 -8.6243
-1.55393 12.4912 -10.6233
-1.04093 8.95621 -9.1113
-3.56293 7.83221 -11.8313

-1.34693 9.26221 -14.7093
-0.649927 5.78921 -16.2663
-3.70193 3.71521 -17.3913
-1.78293 0.350214 -17.2933
-1.17493 0.582214 -13.4943

-3.33993 -1.57079 -11.1633
-4.35693 1.57621 -9.1423
-5.62093 3.28921 -12.3483
-7.37493 0.105214 -13.6613
-9.24993 -0.206786 -10.3033
-10.1019 3.56121 -9.9873
-11.2539 4.34521 -13.5803
-14.4889 2.17521 -13.6583
-15.7499 3.91221 -10.4543
-14.7929 7.42621 -11.7193
-16.6819 6.87221 -15.0413
-19.9369 5.77121 -13.2313

-19.8609 8.05421 -10.1203
-22.1609 11.1562 -10.3593

-19.6149 13.5822 -8.7593
-15.8079 13.3512 -9.2843
-13.5579 15.7752 -7.3653
-9.93393 15.2412 -8.4783
-7.21593 17.1772 -6.5673

-3.52793 17.7632 -7.4743
-0.786927 20.4102 -7.0823
0.921073 18.9992 -10.1923
-1.79093 17.4762 -12.4873
0.948073 16.6772 -15.0003
4.36707 15.7422 -13.5323
6.39007 15.9712 -16.8113
4.25107 15.5132 -20.0193

0.725073 16.1102 -21.5393
0.0660731 12.3022 -21.7563
-0.190927 12.1802 -17.8783
-3.40793 14.3282 -18.0343
-5.41693 11.8522 -20.1833
-6.69293 9.67221 -17.2693
-7.76993 12.8062 -15.2983
-9.52693 14.2922 -18.4133
-11.5479 11.0602 -19.0313
-12.3339 10.7722 -15.2693
-13.8929 14.3152 -15.2513

-15.3959 14.0442 -18.8273
-15.7809 10.3282 -19.9123
-16.9609 11.4472 -23.4353
-13.7239 13.4082 -24.1633
-11.1259 11.4622 -26.2473
-12.6889 7.91321 -25.8843
-9.36493 6.48121 -27.2263

-5.88993 7.67921 -26.0843
-4.50793 7.67621 -29.6873
-6.65493 10.7312 -30.6853
-5.35393 12.6672 -27.6143
-1.75393 11.4992 -28.3233
-1.81693 12.5362 -32.0393
-3.02693 16.0642 -31.0853
-1.19193 16.8782 -27.7973

1.70107 14.3472 -27.4193
3.36007 14.8302 -30.8973
2.71207 11.1212 -31.5133

5.28907 9.47421 -33.8443
5.04007 6.12621 -35.6863
8.32007 4.28321 -34.9293

9.31607 0.801214 -36.3573
8.26607 -0.765786 -32.9703

4.91007 1.12721 -32.5633
3.74607 4.61021 -31.4693
5.83607 7.03521 -29.3873

3.82507 9.50621 -27.1933
6.75607 11.1222 -25.2343
6.42507 14.4492 -27.1273
4.20607 17.5362 -26.7813
2.07807 19.5962 -29.2203
-0.676927 22.2912 -29.2983

-0.216927 23.0082 -25.5233
-2.04793 26.4062 -25.6223
-5.14793 24.6302 -27.0793
-4.82293 21.9162 -24.3753
-4.64193 24.6842 -21.6823
-7.84993 26.3222 -23.0513
-9.68293 22.9272 -23.1603
-8.57093 22.1042 -19.5733
-9.62993 25.5022 -18.0863
-13.0319 25.5522 -19.8993
-14.2089 21.9432 -19.3643

-11.9779 19.9412 -16.8983

-9.84493 21.9992 -14.5143
-9.90293 24.8932 -12.0433

-6.29993 26.1352 -11.5103
-4.99293 29.1362 -9.5213
-1.41793 29.9712 -8.5473

0.108073 31.4552 -5.3193
0.719073 34.6592 -7.3413
-3.03593 34.9082 -8.2413
-4.47593 34.5382 -4.6813

-1.66493 35.0332 -2.0593
0.296073 38.2682 -2.8903
1.71007 38.0312 0.709702
3.71507 34.7632 0.293702

7.51407 35.4572 0.278702
9.26707 34.7232 -3.0453

10.9231 31.3532 -3.7883
14.5391 32.2012 -4.7663
16.0761 29.3112 -6.7683
19.7551 28.8132 -7.7153
22.1171 26.2042 -9.1173
25.1581 25.5092 -6.8763
27.9771 23.9552 -8.9313

29.7571 21.7542 -6.3403
33.4721 21.5732 -7.1503

34.4561 18.3422 -9.0733
38.0711 18.8132 -7.7453
37.0331 16.6212 -4.7233

35.9921 13.8322 -7.2083
39.1301 11.6512 -7.1423

40.6361 10.3782 -10.4403
39.3241 6.76021 -9.8993
35.7021 7.95821 -9.3483
35.9791 10.2882 -12.4093
37.4081 7.44321 -14.5613
34.4701 5.22621 -13.3763
31.9241 7.96121 -14.3743
33.7211 8.35921 -17.7643
33.6341 4.53321 -18.1953
29.8611 4.22421 -17.4473
29.1731 7.27621 -19.7153
31.1281 5.60021 -22.6023
29.3541 2.28721 -21.8113
25.8571 3.83921 -22.3953
26.9481 5.17021 -25.8663

28.4281 1.84021 -27.1183
26.5981 0.742214 -30.3233
26.7391 -3.03779 -29.7883
24.8681 -3.19879 -26.4033
21.2951 -4.42679 -25.8963

18.4991 -2.03979 -24.7423
18.8181 -3.70179 -21.2793
22.6401 -3.24279 -20.9903
22.0891 0.459214 -21.9613
19.5001 0.812214 -19.0863
21.8681 -1.00779 -16.6493
24.8171 1.28421 -17.6063
22.4661 4.32221 -17.1503
21.4511 3.12021 -13.6263
25.1661 2.53921 -12.8193
26.1361 6.06021 -14.0913
23.3091 7.59921 -11.9763
24.2641 5.65021 -8.7783
27.9971 6.56721 -9.3453
26.9471 10.2572 -9.7053
25.2961 10.0682 -6.2453
28.4561 8.48721 -4.6763
30.7561 11.0482 -6.4043
28.7571 14.0222 -4.9583
28.7041 12.8262 -1.2603
31.9911 14.5792 -0.123298
31.0541 18.0122 -1.5953
27.3691 17.6572 -0.555298
28.7101 17.1092 3.0157
31.1821 20.0522 2.6287
28.2551 22.3032 1.5457
25.9431 21.1512 4.4357
28.7481 21.9192 6.9467
29.4021 25.3692 5.3217
25.6531 26.1662 5.7977
25.7801 25.1552 9.5227
29.1051 27.0202 10.1127

27.4471 30.0992 8.4297
24.9671 30.0842 11.4037
21.7981 28.7872 9.6127
19.1041 27.8342 12.1407
16.8511 25.4852 10.0167

17.0701 23.8902 6.5357
15.9021 20.8142 4.5647
18.2721 18.4522 2.6897
16.6861 16.3852 -0.114298
18.3071 13.2302 -1.5853

16.9251 9.92921 -3.0623
19.8031 7.38521 -3.0073

19.9341 5.70121 0.445702
23.7971 5.90321 0.503702
23.5671 9.76021 0.261702
20.9641 9.94521 3.1057
23.1251 7.51021 5.1917
26.3901 9.49221 4.6377
24.7131 12.8712 5.4837
23.1601 11.4422 8.7227
26.4961 9.80921 9.7527
28.4381 13.1122 9.3327
25.7521 15.1252 11.2407
25.9701 12.5342 14.1057
29.8321 12.7582 13.9907

29.5441 16.6132 14.2467
26.8761 16.1812 17.0477
24.2981 18.1412 14.9457
20.6941 17.4542 16.0147

18.6911 16.4632 12.9037
15.6061 14.4952 11.7377
15.5281 11.7782 9.0217
12.5261 10.6772 6.8777

12.7921 7.95521 4.1797
10.9591 4.85921 2.7657
11.5371 2.94221 6.0747
10.1031 5.69121 8.3907
6.59007 4.68621 9.5797
3.42707 6.78221 8.9237
3.05407 7.89021 12.6117

6.81207 8.53221 13.1987
6.80307 10.7572 10.0317
4.24207 13.0892 11.6957
6.09107 13.0342 15.0797
9.52707 13.8222 13.4717
7.78607 16.5912 11.4487
6.45207 18.0792 14.7487
9.92907 17.6962 16.4017
11.5771 19.7122 13.5337
8.72907 22.3122 13.5837
8.65507 22.8762 17.3947

12.2881 22.2132 18.5287
14.8721 24.9952 17.8427
17.6751 22.3672 18.2927
16.8641 20.3632 15.1147
18.8331 22.3442 12.4937

18.6911 19.8202 9.5807
15.9311 17.6492 8.1017
17.3931 14.7872 5.9717
14.5371 13.8772 3.5987
13.9631 11.3492 0.810702

12.6511 13.2452 -2.2903
10.2221 10.3352 -2.9993
9.15907 9.48621 0.597702
8.67207 13.0802 1.9647
6.95007 14.6092 -1.1683
3.48907 14.1352 0.519702
1.49107 15.0912 3.6707
4.25807 16.8572 5.6657
4.70707 20.6292 6.3507
8.16007 22.1722 7.0597
7.32307 25.9072 7.5057
10.0331 26.2392 10.2587
12.8171 26.1742 7.5857
13.7011 28.9792 5.0887

16.1481 26.9022 2.9467
15.8391 23.7382 0.804702
19.0061 21.9712 -0.480298
18.6291 19.3382 -3.2243

21.7891 17.2152 -2.7803
20.5801 15.1952 -5.8113
18.5691 15.9982 -8.9593
15.3761 14.0332 -9.7553
14.2901 13.4792 -13.4223
10.6441 14.4512 -12.6773

10.1041 18.2282 -12.0293
6.63107 17.6802 -10.4663
8.33207 15.8132 -7.5463
10.9511 18.6092 -7.1313
8.11407 21.2372 -6.9773
6.23407 18.9972 -4.4423
9.41207 18.9902 -2.2623
9.88607 22.8412 -2.4943

6.18807 23.3162 -1.4763
6.86207 21.4692 1.8077
8.48307 24.7492 3.0727
6.55107 27.2712 0.927702
3.16707 26.7782 2.7517
0.627073 28.9522 4.6347
2.55107 29.8942 7.8317
5.85907 30.6662 6.0097
7.08807 34.2662 6.7237
10.6101 34.1972 5.1107
11.7131 34.1602 1.4247

12.3351 30.4792 0.601702
15.8251 29.6582 -0.730298
16.0871 26.6072 -3.0653
19.6481 25.3552 -3.8063
20.1521 22.6712 -6.5183
23.5721 20.9762 -6.0103
25.1051 19.9602 -9.4133

28.4941 18.4602 -10.4353
30.1951 18.9792 -13.8643
31.3011 15.6142 -15.3883
28.2781 13.6392 -13.9703
24.6061 12.6392 -14.5963

23.5941 16.2232 -13.5173
24.9131 17.5672 -16.9013
22.1331 15.5592 -18.7113
19.4341 15.6362 -15.9773
19.3981 19.4502 -15.5573
18.5871 20.2922 -19.2713
16.0021 17.4052 -19.2213
14.2931 18.8422 -16.0773
14.3061 22.3552 -17.6943
12.6131 21.2722 -20.9763
10.0121 19.3472 -18.8613
9.17007 22.4822 -16.7423
8.81007 24.4742 -20.0143
6.33707 21.8292 -21.3793
4.41507 22.0952 -18.0473
4.43007 25.9592 -18.2113
3.20307 26.0432 -21.8813

0.330073 23.7212 -20.7643
-0.469927 26.2632 -17.9193
0.606073 23.6622 -15.2753
3.62607 25.5692 -13.7993
4.80107 29.1842 -13.2273
8.25907 27.7452 -12.4923
10.7331 28.8812 -15.1373
14.1731 27.2092 -14.6643
16.0581 29.0152 -17.5533

17.0641 32.1042 -15.4713
19.1121 29.9152 -13.0283
21.4591 28.5982 -15.8073
22.3101 31.9952 -17.3663

23.5751 32.9542 -13.8363
26.0601 29.9812 -13.4133

End chain 1
