-13.201 -6.296 -53.957
-10.703 -3.406 -53.291
-9.54 -3.087 -49.639
-11.02 0.322 -48.639
-8.614 1.85 -46.053
-10.787 3.126 -43.162

-9.634 6.195 -41.181
-10.061 4.9 -37.589
-10.286 6.838 -34.306
-12.195 7.103 -30.979
-14.163 9.439 -28.711
-12.619 10.223 -25.263
-14.157 12.207 -22.344

-11.943 15.248 -21.466
-14.301 16.978 -18.949
-17.827 16.65 -17.399
-19.139 18.761 -20.353

-16.752 17.96 -23.312
-15.482 14.956 -25.281
-12.62 14.751 -27.824
-12.437 12.939 -31.204
-8.982 11.264 -31.393
-8.672 10.357 -35.1

-6.282 10.744 -38.079
-6.98 13.557 -40.6
-9.895 13.022 -43.051

-11.208 15.853 -45.293
-14.92 14.856 -45.011
-14.611 14.37 -41.226
-13.015 17.857 -40.827
-15.875 19.254 -42.999
-18.403 17.482 -40.669
-16.559 18.759 -37.515
-16.844 22.341 -38.957

-20.697 21.797 -39.029
-20.861 21.033 -35.24
-22.116 23.933 -33.104
-20.016 23.255 -29.939
-16.791 22.621 -31.971

-13.393 23.436 -30.391
-10.011 22.816 -32.063
-6.805 22.812 -29.99

-3.883 23.919 -32.209
-1.328 22.314 -29.773
-2.753 18.736 -29.691
-4.334 19.137 -33.217

-7.578 17.622 -31.79
-11.313 18.386 -31.995
-13.683 18.544 -28.991
-17.466 19.001 -28.65
-20.131 19.402 -25.91

-21.257 16.038 -24.476
-24.923 16.743 -25.497
-23.731 16.722 -29.178
-22.178 13.179 -28.839
-25.228 11.354 -30.322
-25.57 14.044 -33.093
-21.852 13.682 -34.021
-21.815 9.829 -34.037
-25.045 9.774 -36.128
-23.507 12.176 -38.75
-20.093 10.348 -38.803

-21.793 6.948 -39.527
-22.962 8.546 -42.834
-19.328 9.196 -43.991
-17.677 6.563 -46.261
-14.251 5.2 -45.121

-14.46 6.789 -41.562
-14.765 4.819 -38.279
-15.142 6.964 -35.114
-15.663 4.659 -32.101

-18.218 6.249 -29.657
-17.862 6.903 -25.912
-18.35 3.469 -24.195
-21.794 2.549 -22.772
-20.235 2.829 -19.255
-19.534 6.58 -19.812
-22.964 7.196 -21.431
-24.623 5.531 -18.378
-22.42 7.523 -15.909

-23.028 10.919 -17.654
-26.668 10.153 -18.714
-27.851 13.482 -17.123

-25.214 15.594 -18.963
-26 13.8 -22.296
-29.631 15.147 -21.909

-29.014 18.802 -20.797
-28.522 21.656 -23.337
-27.494 23.803 -20.296
-24.374 24.206 -18.108
-26.03 23.63 -14.722
-23.195 22.587 -12.38
-23.731 19.355 -10.334

-27.219 19.392 -8.694
-26.798 20.208 -4.988
-26.578 17.032 -2.906
-29.814 16.999 -0.82
-29.276 16.946 2.956
-30.305 13.551 4.343

-32.727 13.25 7.268
-30.389 11.851 9.975
-33.077 12.019 12.787
-33.159 8.159 12.923
-29.32 8.149 13.454
-27.82 8.306 16.969

-27.52 12.074 17.913
-23.991 11.509 19.371
-22.796 10.469 15.867
-24.731 13.185 13.93
-23.402 16.008 16.22
-19.738 14.82 15.861

-19.687 14.822 11.995
-17.445 17.587 10.586

-19.106 19.692 7.763
-17.231 17.783 4.996
-18.064 14.402 6.666
-21.796 15.407 6.677
-21.562 16.318 2.947
-19.943 12.855 2.346
-22.788 11.075 4.244
-25.363 13.084 2.191
-23.555 12.165 -1.104
-23.43 8.459 -0.115
-27.196 8.491 0.728
-28.024 10.343 -2.565

-25.92 7.63595 -4.39095
-23.832 5.00481 -6.17386
-22.0011 2.49725 -8.3332

-24.164 -0.517132 -8.73854
-26.4624 -3.42004 -8.54593
-25.5606 -7.09511 -9.21397
-26.5169 -6.55912 -5.64044

-22.9159 -5.90512 -6.78944

-22.3569 -2.91112 -4.43644
-18.7259 -2.49512 -3.28444

-17.2699 -4.38512 -0.263445
-18.5829 -3.14412 3.12256
-21.4549 -0.931122 1.71256
-23.9279 -3.11912 3.74656

-25.0659 -5.74612 1.16956
-26.2339 -8.01912 4.07256
-28.5849 -5.38612 5.65456
-30.0979 -4.59412 2.19256
-30.5039 -8.36212 1.42856
-32.2419 -9.05812 4.79956
-34.6369 -6.10412 4.13656
-35.4689 -7.24512 0.533555
-36.0679 -10.8231 1.80156
-38.1769 -9.58012 4.79956
-40.4489 -7.56912 2.41656

-41.1219 -11.0421 0.845555

-41.6059 -12.8071 4.31956
-45.1079 -13.9571 3.10856
-43.2719 -16.0561 0.400555
-40.8479 -17.9681 2.74856
-39.2029 -20.5131 3.50856

-35.9959 -18.5481 2.82656
-32.7729 -20.2371 1.60756
-29.4569 -18.4281 2.33556
-26.3539 -19.8391 0.561555
-23.0509 -18.4571 1.94156

-19.2719 -19.1161 2.32456
-18.6379 -21.9201 4.90556
-17.0779 -19.4051 7.43156
-19.9109 -16.7401 7.53756

-22.9799 -18.9681 8.34156
-23.1169 -17.8531 12.0136
-22.3759 -14.2021 10.9686
-25.5869 -14.4041 8.84456
-27.6359 -15.9971 11.7136
-26.4899 -13.1801 14.0676
-27.3309 -10.6241 11.3076
-30.9439 -11.9891 11.0986
-31.3039 -11.9601 14.9496
-29.8179 -8.40012 15.0616
-32.0449 -6.90512 12.3166

-35.3429 -8.90912 12.5786
-36.0729 -9.15012 16.3946
-39.6099 -10.3091 15.2866
-37.9859 -13.8011 14.7446
-37.2519 -16.3851 17.4556

-33.8539 -18.2041 17.1956
-35.8599 -21.4201 16.4186
-37.0019 -19.7671 13.1296

-33.3129 -19.9161 11.9146
-31.7269 -23.2241 10.8266
-27.9029 -23.1411 10.4196

-26.9239 -26.2161 8.37356
-23.5379 -27.4031 9.71056
-23.4229 -30.9371 8.15156
-24.6269 -32.8991 5.07356
-26.9909 -34.9201 7.40856
-29.0099 -31.9081 8.65556
-32.5739 -31.0171 7.49756
-32.2969 -28.0731 5.03956
-36.0379 -27.2021 5.61156
-36.1409 -27.2661 9.46556
-36.3299 -23.4321 9.87456
-38.3019 -20.5661 8.33356

-34.8099 -19.2401 7.37656
-32.2869 -21.9331 6.30356
-28.5579 -20.9981 6.14156
-26.2309 -23.4021 4.22556
-22.7509 -23.3951 2.62956

-21.8799 -23.8401 -1.08444
-19.9789 -27.1091 -0.286445
-23.0549 -28.6461 1.45156
-25.5219 -27.8691 -1.43944

-24.1479 -30.8151 -3.52144
-24.5089 -33.1731 -0.478445
-28.0649 -31.8401 0.183555
-29.2359 -31.9151 -3.52244
-31.9529 -34.5151 -2.61744
-33.4649 -31.9361 -0.149445
-33.1769 -28.9941 -2.67244
-36.2929 -30.5331 -4.38344
-38.4099 -28.5511 -1.83644
-39.3159 -25.2371 -3.60944
-37.5889 -22.3351 -1.81944
-39.4579 -19.3151 -3.30144

-36.9259 -16.7771 -1.86944
-33.1579 -17.3981 -2.23244
-30.2289 -15.2451 -1.05944
-26.7389 -16.2101 -2.30144

-23.8839 -14.3371 -0.602445
-20.5629 -13.9651 -2.51044

-22.2879 -15.4521 -5.63044
-18.9869 -15.3071 -7.62944
-18.4739 -18.8421 -6.11744
-20.9959 -19.9661 -8.83744

-18.7799 -18.5361 -11.7154
-18.0829 -22.0091 -13.2724
-21.1349 -24.0831 -14.3974
-19.2159 -27.4481 -14.2994
-18.6079 -27.2161 -10.5004

-20.7729 -29.3691 -8.16944
-21.7899 -26.2221 -6.14844
-23.0539 -24.5091 -9.35444
-24.8079 -27.6931 -10.6674
-26.6829 -28.0051 -7.30944
-27.5349 -24.2371 -6.99344
-28.6869 -23.4531 -10.5864
-31.9219 -25.6231 -10.6644
-33.1829 -23.8861 -7.46044
-32.2259 -20.3721 -8.72544
-34.1149 -20.9261 -12.0474
-37.3699 -22.0271 -10.2374

-37.2939 -19.7441 -7.12644
-39.5939 -16.6421 -7.36544

-37.0479 -14.2161 -5.76544
-33.2409 -14.4471 -6.29044
-30.9909 -12.0231 -4.37144
-27.3669 -12.5571 -5.48444
-24.6489 -10.6211 -3.57344

-20.9609 -10.0351 -4.48044
-18.2199 -7.38812 -4.08844
-16.5119 -8.79912 -7.19844
-19.2239 -10.3221 -9.49344
-16.4849 -11.1211 -12.0064
-13.0659 -12.0561 -10.5384
-11.0429 -11.8271 -13.8174
-13.1819 -12.2851 -17.0254

-16.7079 -11.6881 -18.5454
-17.3669 -15.4961 -18.7624
-17.6239 -15.6181 -14.8844
-20.8409 -13.4701 -15.0404
-22.8499 -15.9461 -17.1894
-24.1259 -18.1261 -14.2754
-25.2029 -14.9921 -12.3044
-26.9599 -13.5061 -15.4194
-28.9809 -16.7381 -16.0374
-29.7669 -17.0261 -12.2754
-31.3259 -13.4831 -12.2574

-32.8289 -13.7541 -15.8334
-33.2139 -17.4701 -16.9184
-34.3939 -16.3511 -20.4414
-31.1569 -14.3901 -21.1694
-28.5589 -16.3361 -23.2534
-30.1219 -19.8851 -22.8904
-26.7979 -21.3171 -24.2324

-23.3229 -20.1191 -23.0904
-21.9409 -20.1221 -26.6934
-24.0879 -17.0671 -27.6914
-22.7869 -15.1311 -24.6204
-19.1869 -16.2991 -25.3294
-19.2499 -15.2621 -29.0454
-20.4599 -11.7341 -28.0914
-18.6249 -10.9201 -24.8034

-15.7319 -13.4511 -24.4254
-14.0729 -12.9681 -27.9034
-14.7209 -16.6771 -28.5194

-12.1439 -18.3241 -30.8504
-12.3929 -21.6721 -32.6924
-9.11292 -23.5151 -31.9354

-8.11692 -26.9971 -33.3634
-9.16692 -28.5641 -29.9764

-12.5229 -26.6711 -29.5694
-13.6869 -23.1881 -28.4754
-11.5969 -20.7631 -26.3934

-13.6079 -18.2921 -24.1994
-10.6769 -16.6761 -22.2404
-11.0079 -13.3491 -24.1334
-13.2269 -10.2621 -23.7874
-15.3549 -8.20212 -26.2264
-18.1099 -5.50712 -26.3044

-17.6499 -4.79012 -22.5294
-19.4809 -1.39212 -22.6284
-22.5809 -3.16812 -24.0854
-22.2559 -5.88212 -21.3814
-22.0749 -3.11412 -18.6884
-25.2829 -1.47612 -20.0574
-27.1159 -4.87112 -20.1664
-26.0039 -5.69412 -16.5794
-27.0629 -2.29612 -15.0924
-30.4649 -2.24612 -16.9054
-31.6419 -5.85512 -16.3704

-29.4109 -7.85712 -13.9044

-27.2779 -5.79912 -11.5204
-27.3359 -2.90512 -9.04944

-23.7329 -1.66312 -8.51644
-22.4259 1.33788 -6.52744
-18.8509 2.17288 -5.55344

-17.3249 3.65688 -2.32544
-16.7139 6.86088 -4.34744
-20.4689 7.10988 -5.24744
-21.9089 6.73988 -1.68744

-19.0979 7.23488 0.934555
-17.1369 10.4699 0.103555
-15.7229 10.2329 3.70356
-13.7179 6.96488 3.28756

-9.91892 7.65888 3.27256
-8.16592 6.92488 -0.0514448

-6.50992 3.55488 -0.794445
-2.89392 4.40288 -1.77244
-1.35692 1.51288 -3.77444
2.32208 1.01488 -4.72144
4.68408 -1.59412 -6.12344
7.72508 -2.28912 -3.88244
10.5441 -3.84312 -5.93744

12.3241 -6.04412 -3.34644
16.0391 -6.22512 -4.15644

17.0231 -9.45612 -6.07944
20.6381 -8.98512 -4.75144
19.6001 -11.1771 -1.72944

18.5591 -13.9661 -4.21444
21.6971 -16.1471 -4.14844

23.2031 -17.4201 -7.44644
21.8911 -21.0381 -6.90544
18.2691 -19.8401 -6.35444
18.5461 -17.5101 -9.41544
19.9751 -20.3551 -11.5674
17.0371 -22.5721 -10.3824
14.4911 -19.8371 -11.3804
16.2881 -19.4391 -14.7704
16.2011 -23.2651 -15.2014
12.4281 -23.5741 -14.4534
11.7401 -20.5221 -16.7214
13.6951 -22.1981 -19.6084
11.9211 -25.5111 -18.8174
8.42408 -23.9591 -19.4014
9.51508 -22.6281 -22.8724

10.9951 -25.9581 -24.1244
9.16508 -27.0561 -27.3294
9.30608 -30.8361 -26.7944
7.43508 -30.9971 -23.4094
3.86208 -32.2251 -22.9024

1.06608 -29.8381 -21.7484
1.38508 -31.5001 -18.2854
5.20708 -31.0411 -17.9964
4.65608 -27.3391 -18.9674
2.06708 -26.9861 -16.0924
4.43508 -28.8061 -13.6554
7.38408 -26.5141 -14.6124
5.03308 -23.4761 -14.1564
4.01808 -24.6781 -10.6324
7.73308 -25.2591 -9.82544
8.70308 -21.7381 -11.0974
5.87608 -20.1991 -8.98244
6.83108 -22.1481 -5.78444
10.5641 -21.2311 -6.35144
9.51408 -17.5411 -6.71144
7.86308 -17.7301 -3.25144
11.0231 -19.3111 -1.68244
13.3231 -16.7501 -3.41044
11.3241 -13.7761 -1.96444
11.2711 -14.9721 1.73356
14.5581 -13.2191 2.87056
13.6211 -9.78612 1.39856
9.93608 -10.1411 2.43856
11.2771 -10.6891 6.00956
13.7491 -7.74612 5.62256
10.8221 -5.49512 4.53956
8.51008 -6.64712 7.42956
11.3151 -5.87912 9.94056
11.9691 -2.42912 8.31556
8.22008 -1.63212 8.79156
8.34708 -2.64312 12.5166
11.6721 -0.778122 13.1066

10.0141 2.30088 11.4236
7.53408 2.28588 14.3976
4.36508 0.988878 12.6066
1.67108 0.0358782 15.1346
-0.581923 -2.31312 13.0106

-0.362923 -3.90812 9.52956
-1.53092 -6.98412 7.55856
0.839077 -9.34612 5.68356
-0.746923 -11.4131 2.87956
0.874077 -14.5681 1.40856

-0.507923 -17.8691 -0.0684448
2.37008 -20.4131 -0.0134448

2.50108 -22.0971 3.43956
6.36408 -21.8951 3.49756
6.13408 -18.0381 3.25556
3.53108 -17.8531 6.09956
5.69208 -20.2881 8.18556
8.95708 -18.3061 7.63156
7.28008 -14.9271 8.47756
5.72708 -16.3561 11.7166
9.06308 -17.9891 12.7466
11.0051 -14.6861 12.3266
8.31908 -12.6731 14.2346
8.53708 -15.2641 17.0996
12.3991 -15.0401 16.9846

12.1111 -11.1851 17.2406
9.44308 -11.6171 20.0416
6.86508 -9.65712 17.9396
3.26108 -10.3441 19.0086

1.25808 -11.3351 15.8976
-1.82692 -13.3031 14.7316
-1.90492 -16.0201 12.0156
-4.90692 -17.1211 9.87156

-4.64092 -19.8431 7.17356
-6.47392 -22.9391 5.75956
-5.89592 -24.8561 9.06856
-7.32992 -22.1071 11.3846
-10.8429 -23.1121 12.5736
-14.0059 -21.0161 11.9176
-14.3789 -19.9081 15.6056

-10.6209 -19.2661 16.1926
-10.6299 -17.0411 13.0256
-13.1909 -14.7091 14.6896
-11.3419 -14.7641 18.0736
-7.90592 -13.9761 16.4656
-9.64692 -11.2071 14.4426
-10.9809 -9.71912 17.7426
-7.50392 -10.1021 19.3956
-5.85592 -8.08612 16.5276
-8.70392 -5.48612 16.5776
-8.77792 -4.92212 20.3886

-5.14492 -5.58512 21.5226
-2.56092 -2.80312 20.8366
0.242077 -5.43112 21.2866
-0.568923 -7.43512 18.1086
1.40008 -5.45412 15.4876

1.25808 -7.97812 12.5746
-1.50192 -10.1491 11.0956
-0.0399229 -13.0111 8.96556
-2.89592 -13.9211 6.59256
-3.46992 -16.4491 3.80456

-4.78192 -14.5531 0.703555
-7.21092 -17.4631 -0.00544479
-8.27392 -18.3121 3.59156
-8.76092 -14.7181 4.95856
-10.4829 -13.1891 1.82556
-13.9439 -13.6631 3.51356
-15.9419 -12.7071 6.66456
-13.1749 -10.9411 8.65956
-12.7259 -7.16912 9.34456
-9.27292 -5.62612 10.0536
-10.1099 -1.89112 10.4996
-7.39992 -1.55912 13.2526
-4.61592 -1.62412 10.5796
-3.73192 1.18088 8.08256

-1.28492 -0.896122 5.94056
-1.59392 -4.06012 3.79856
1.57308 -5.82712 2.51356
1.19608 -8.46012 -0.230445

4.35608 -10.5831 0.213555
3.14708 -12.6031 -2.81744
1.13608 -11.8001 -5.96544
-2.05692 -13.7651 -6.76144
-3.14292 -14.3191 -10.4284
-6.78892 -13.3471 -9.68344

-7.32892 -9.57012 -9.03544
-10.8019 -10.1181 -7.47244
-9.10092 -11.9851 -4.55244
-6.48192 -9.18912 -4.13744
-9.31892 -6.56112 -3.98344
-11.1989 -8.80112 -1.44844
-8.02092 -8.80812 0.731555
-7.54692 -4.95712 0.499555

-11.2449 -4.48212 1.51756
-10.5709 -6.32912 4.80156
-8.94992 -3.04912 6.06656
-10.8819 -0.527122 3.92156
-14.2659 -1.02012 5.74556
-16.8059 1.15388 7.62856
-14.8819 2.09588 10.8256
-11.5739 2.86788 9.00356
-10.3449 6.46788 9.71756
-6.82292 6.39888 8.10456
-5.71992 6.36188 4.41856

-5.09792 2.68088 3.59556
-1.60792 1.85988 2.26356
-1.34592 -1.19112 -0.0714448
2.21508 -2.44312 -0.812445
2.71908 -5.12712 -3.52444
6.13908 -6.82212 -3.01644
7.67208 -7.83812 -6.41944

11.0611 -9.33812 -7.44144
12.7621 -8.81912 -10.8704
13.8681 -12.1841 -12.3944
10.8451 -14.1591 -10.9764
7.17308 -15.1591 -11.6024

6.16108 -11.5751 -10.5234
7.48008 -10.2311 -13.9074
4.70008 -12.2391 -15.7174
2.00108 -12.1621 -12.9834
1.96508 -8.34812 -12.5634
1.15408 -7.50612 -16.2774
-1.43092 -10.3931 -16.2274
-3.13992 -8.95612 -13.0834
-3.12692 -5.44312 -14.7004
-4.81992 -6.52612 -17.9824
-7.42092 -8.45112 -15.8674
-8.26292 -5.31612 -13.7484
-8.62292 -3.32412 -17.0204
-11.0959 -5.96912 -18.3854
-13.0179 -5.70312 -15.0534
-13.0029 -1.83912 -15.2174
-14.2299 -1.75512 -18.8874

-17.1029 -4.07712 -17.7704
-17.9029 -1.53512 -14.9254
-16.8269 -4.13612 -12.2814
-13.8069 -2.22912 -10.8054
-12.6319 1.38588 -10.2334
-9.17392 -0.0531218 -9.49844
-6.69992 1.08288 -12.1434
-3.25992 -0.589122 -11.6704
-1.37492 1.21688 -14.5594

-0.368923 4.30588 -12.4774
1.67908 2.11688 -10.0344
4.02608 0.799878 -12.8134
4.87708 4.19688 -14.3724

6.14208 5.15588 -10.8424
8.62708 2.18288 -10.4194

End chain 1
