-13.201 -6.296 -53.957
-10.703 -3.406 -53.291
-9.54 -3.087 -49.639
-11.02 0.322 -48.639
-8.614 1.85 -46.053
-10.787 3.126 -43.162

-9.634 6.195 -41.181
-10.061 4.9 -37.589
-10.286 6.838 -34.306
-12.195 7.103 -30.979
-14.163 9.439 -28.711
-12.619 10.223 -25.263
-14.157 12.207 -22.344

-13.2617 15.6352 -21.1468
-12.3553 19.1154 -19.899
-12.6975 22.3693 -17.9828
-13.571 25.0173 -20.4835

-13.7227 28.1003 -22.7356
-11.1886 30.783 -23.646
-7.6344 30.439 -22.3031
-5.51255 27.6524 -20.656
-3.00214 25.7796 -22.9042
-0.426175 27.7573 -20.9685

1.96383 28.1443 -23.9475
1.26583 30.9573 -26.4685
-1.64917 30.4223 -28.9195

-2.96217 33.2533 -31.1615
-6.67417 32.2563 -30.8795
-6.36517 31.7703 -27.0945
-4.76917 35.2573 -26.6955
-7.62917 36.6543 -28.8675
-10.1572 34.8823 -26.5375
-8.31317 36.1593 -23.3835
-8.59817 39.7413 -24.8255

-12.4512 39.1973 -24.8975
-12.6152 38.4333 -21.1085
-13.8702 41.3333 -18.9725
-11.7702 40.6553 -15.8075
-8.54517 40.0213 -17.8395

-5.14717 40.8363 -16.2595
-1.76517 40.2163 -17.9315
1.44083 40.2123 -15.8585

4.36283 41.3193 -18.0775
6.91783 39.7143 -15.6415
5.49283 36.1363 -15.5595
3.91183 36.5373 -19.0855

0.667825 35.0223 -17.6585
-3.06717 35.7863 -17.8635
-5.43717 35.9443 -14.8595
-9.22017 36.4013 -14.5185
-11.8852 36.8023 -11.7785

-13.0112 33.4383 -10.3445
-16.6772 34.1433 -11.3655
-15.4852 34.1223 -15.0465
-13.9322 30.5793 -14.7075
-16.9822 28.7543 -16.1905
-17.3242 31.4443 -18.9615
-13.6062 31.0823 -19.8895
-13.5692 27.2293 -19.9055
-16.7992 27.1743 -21.9965
-15.2612 29.5763 -24.6185
-11.8472 27.7483 -24.6715

-13.5472 24.3483 -25.3955
-14.7162 25.9463 -28.7025
-11.0822 26.5963 -29.8595
-9.43117 23.9633 -32.1295
-6.00517 22.6003 -30.9895

-6.21417 24.1893 -27.4305
-6.51917 22.2193 -24.1475
-6.89617 24.3643 -20.9825
-7.41717 22.0593 -17.9695

-9.97217 23.6493 -15.5255
-9.61617 24.3033 -11.7805
-10.1042 20.8693 -10.0635
-13.5482 19.9493 -8.64053
-11.9892 20.2293 -5.12353
-11.2882 23.9803 -5.68053
-14.7182 24.5963 -7.29953
-16.3772 22.9313 -4.24653
-14.1742 24.9233 -1.77753

-14.7822 28.3193 -3.52253
-18.4222 27.5533 -4.58253
-19.6052 30.8823 -2.99153

-16.9682 32.9943 -4.83153
-17.7542 31.2003 -8.16453
-21.3852 32.5473 -7.77753

-20.7682 36.2023 -6.66553
-20.2762 39.0563 -9.20553
-19.2482 41.2033 -6.16453
-16.1282 41.6063 -3.97653
-17.7842 41.0303 -0.590529
-14.9492 39.9873 1.75147
-15.4852 36.7553 3.79747

-18.9732 36.7923 5.43747
-18.5522 37.6083 9.14347
-18.3322 34.4323 11.2255
-21.5682 34.3993 13.3115
-21.0302 34.3463 17.0875
-22.0592 30.9513 18.4745

-24.4812 30.6503 21.3995
-22.1432 29.2513 24.1065
-24.8312 29.4193 26.9185
-24.9132 25.5593 27.0545
-21.0742 25.5493 27.5855
-19.5742 25.7063 31.1005

-19.2742 29.4743 32.0445
-15.7452 28.9093 33.5025
-14.5502 27.8693 29.9985
-16.4852 30.5853 28.0615
-15.1562 33.4083 30.3515
-11.4922 32.2203 29.9925

-11.4412 32.2223 26.1265
-9.19917 34.9873 24.7175

-10.8602 37.0923 21.8945
-8.98517 35.1833 19.1275
-9.81817 31.8023 20.7975
-13.5502 32.8073 20.8085
-13.3162 33.7183 17.0785
-11.6972 30.2553 16.4775
-14.5422 28.4753 18.3755
-17.1172 30.4843 16.3225
-15.3092 29.5653 13.0275
-15.1842 25.8593 14.0165
-18.9502 25.8913 14.8595
-19.7782 27.7433 11.5665

-17.7272 25.0453 9.65947
-19.9682 22.4483 11.4615
-17.2662 21.1003 13.8615

-15.1062 19.7533 10.9575
-11.7102 21.5183 10.8945
-7.96317 21.4123 11.4105
-7.04917 23.9413 14.1525

-3.44817 24.5953 13.0035

-2.88917 27.5893 15.3565
0.741825 28.0053 16.5085

2.19783 26.1153 19.5295
0.884825 27.3563 22.9155
-1.98717 29.5693 21.5055
-4.46017 27.3813 23.5395

-5.59817 24.7543 20.9625
-6.76617 22.4813 23.8655
-9.11717 25.1143 25.4475
-10.6302 25.9063 21.9855
-11.0362 22.1383 21.2215
-12.7742 21.4423 24.5925
-15.1692 24.3963 23.9295
-16.0012 23.2553 20.3265
-16.6002 19.6773 21.5945
-18.7092 20.9203 24.5925
-20.9812 22.9313 22.2095

-21.6542 19.4583 20.6385

-22.1382 17.6933 24.1125
-25.6402 16.5433 22.9015
-23.8042 14.4443 20.1935
-21.3802 12.5323 22.5415
-19.7352 9.9873 23.3015

-16.5282 11.9523 22.6195
-13.3052 10.2633 21.4005
-9.98917 12.0723 22.1285
-6.88617 10.6613 20.3545
-3.58317 12.0433 21.7345

0.195825 11.3843 22.1175
0.829825 8.5803 24.6985
2.38983 11.0953 27.2245
-0.443175 13.7603 27.3305

-3.51217 11.5323 28.1345
-3.64917 12.6473 31.8065
-2.90817 16.2983 30.7615
-6.11917 16.0963 28.6375
-8.16817 14.5033 31.5065
-7.02217 17.3203 33.8605
-7.86317 19.8763 31.1005
-11.4762 18.5113 30.8915
-11.8362 18.5403 34.7425
-10.3502 22.1003 34.8545
-12.5772 23.5953 32.1095

-15.8752 21.5913 32.3715
-16.6052 21.3503 36.1875
-20.1422 20.1913 35.0795
-18.5182 16.6993 34.5375
-17.7842 14.1153 37.2485

-14.3862 12.2963 36.9885
-16.3922 9.0803 36.2115
-17.5342 10.7333 32.9225

-13.8452 10.5843 31.7075
-12.2592 7.2763 30.6195
-8.43517 7.3593 30.2125

-7.45617 4.2843 28.1665
-4.07017 3.0973 29.5035
-3.95517 -0.436697 27.9445
-5.15917 -2.3987 24.8665
-7.52317 -4.4197 27.2015
-9.54217 -1.4077 28.4485
-13.1062 -0.516697 27.2905
-12.8292 2.4273 24.8325
-16.5702 3.2983 25.4045
-16.6732 3.2343 29.2585
-16.8622 7.0683 29.6675
-18.8342 9.9343 28.1265

-15.3422 11.2603 27.1695
-12.8192 8.5673 26.0965
-9.09017 9.5023 25.9345
-6.76317 7.0983 24.0185
-3.28317 7.1053 22.4225

-2.41217 6.6603 18.7085
-0.511175 3.3913 19.5065
-3.58717 1.8543 21.2445
-6.05417 2.6313 18.3535

-4.68017 -0.314697 16.2715
-5.04117 -2.6727 19.3145
-8.59717 -1.3397 19.9765
-9.76817 -1.4147 16.2705
-12.4852 -4.0147 17.1755
-13.9972 -1.4357 19.6435
-13.7092 1.5063 17.1205
-16.8252 -0.0326974 15.4095
-18.9422 1.9493 17.9565
-19.8482 5.2633 16.1835
-18.1212 8.1653 17.9735
-19.9902 11.1853 16.4915

-17.4582 13.7233 17.9235
-13.6902 13.1023 17.5605
-10.7612 15.2553 18.7335
-7.27117 14.2903 17.4915

-4.41617 16.1633 19.1905
-1.09517 16.5353 17.2825

-2.82017 15.0483 14.1625
0.480825 15.1933 12.1635
0.993825 11.6583 13.6755
-1.52817 10.5343 10.9555

0.687825 11.9643 8.07747
1.38483 8.4913 6.52047
-1.66717 6.4173 5.39547
0.251825 3.0523 5.49347
0.859825 3.2843 9.29247

-1.30517 1.1313 11.6235
-2.32217 4.2783 13.6445
-3.58617 5.9913 10.4385
-5.34017 2.8073 9.12547
-7.21517 2.4953 12.4835
-8.06717 6.2633 12.7995
-9.21917 7.0473 9.20647
-12.4542 4.8773 9.12847
-13.7152 6.6143 12.3325
-12.7582 10.1283 11.0675
-14.6472 9.5743 7.74547
-17.9022 8.4733 9.55547

-17.8262 10.7563 12.6665
-20.1262 13.8583 12.4275

-17.5802 16.2843 14.0275
-13.7732 16.0533 13.5025
-11.5232 18.4773 15.4215
-7.89917 17.9433 14.3085
-5.18117 19.8793 16.2195

-1.49317 20.4653 15.3125
1.24783 23.1123 15.7045
2.95583 21.7013 12.5945
0.243825 20.1783 10.2995
2.98283 19.3793 7.78647
6.40183 18.4443 9.25447
8.42483 18.6733 5.97547
6.28583 18.2153 2.76747

2.75983 18.8123 1.24747
2.10083 15.0043 1.03047
1.84383 14.8823 4.90847
-1.37317 17.0303 4.75247
-3.38217 14.5543 2.60347
-4.65817 12.3743 5.51747
-5.73517 15.5083 7.48847
-7.49217 16.9943 4.37347
-9.51317 13.7623 3.75547
-10.2992 13.4743 7.51747
-11.8582 17.0173 7.53547

-13.3612 16.7463 3.95947
-13.7462 13.0303 2.87447
-14.9262 14.1493 -0.648529
-11.6892 16.1103 -1.37653
-9.09117 14.1643 -3.46053
-10.6542 10.6153 -3.09753
-7.33017 9.1833 -4.43953

-3.85517 10.3813 -3.29753
-2.47317 10.3783 -6.90053
-4.62017 13.4333 -7.89853
-3.31917 15.3693 -4.82753
0.280825 14.2013 -5.53653
0.217825 15.2383 -9.25253
-0.992175 18.7663 -8.29853
0.842825 19.5803 -5.01053

3.73583 17.0493 -4.63253
5.39483 17.5323 -8.11053
4.74683 13.8233 -8.72653

7.32383 12.1763 -11.0575
7.07483 8.8283 -12.8995
10.3548 6.9853 -12.1425

11.3508 3.5033 -13.5705
10.3008 1.9363 -10.1835

6.94483 3.8293 -9.77653
5.78083 7.3123 -8.68253
7.87083 9.7373 -6.60053

5.85983 12.2083 -4.40653
8.79083 13.8243 -2.44753
8.45983 17.1513 -4.34053
6.24083 20.2383 -3.99453
4.11283 22.2983 -6.43353
1.35783 24.9933 -6.51153

1.81783 25.7103 -2.73653
-0.0131749 29.1083 -2.83553
-3.11317 27.3323 -4.29253
-2.78817 24.6183 -1.58853
-2.60717 27.3863 1.10447
-5.81517 29.0243 -0.264529
-7.64817 25.6293 -0.373529
-6.53617 24.8063 3.21347
-7.59517 28.2043 4.70047
-10.9972 28.2543 2.88747
-12.1742 24.6453 3.42247

-9.94317 22.6433 5.88847

-7.81017 24.7013 8.27247
-7.86817 27.5953 10.7435

-4.26517 28.8373 11.2765
-2.95817 31.8383 13.2655
0.616825 32.6733 14.2395

2.14283 34.1573 17.4675
2.75383 37.3613 15.4455
-1.00117 37.6103 14.5455
-2.44117 37.2403 18.1055

0.369825 37.7353 20.7275
2.33083 40.9703 19.8965
3.74483 40.7333 23.4965
5.74983 37.4653 23.0805

9.54883 38.1593 23.0655
11.3018 37.4253 19.7415

12.9578 34.0553 18.9985
16.5738 34.9033 18.0205
18.1108 32.0133 16.0185
21.7898 31.5153 15.0715
24.1518 28.9063 13.6695
27.1928 28.2113 15.9105
30.0118 26.6573 13.8555

31.7918 24.4563 16.4465
35.5068 24.2753 15.6365

36.4908 21.0443 13.7135
40.1058 21.5153 15.0415
39.0678 19.3233 18.0635

38.0268 16.5343 15.5785
41.1648 14.3533 15.6445

42.6708 13.0803 12.3465
41.3588 9.4623 12.8875
37.7368 10.6603 13.4385
38.0138 12.9903 10.3775
39.4428 10.1453 8.22547
36.5048 7.9283 9.41047
33.9588 10.6633 8.41247
35.7558 11.0613 5.02247
35.6688 7.2353 4.59147
31.8958 6.9263 5.33947
31.2078 9.9783 3.07147
33.1628 8.3023 0.184471
31.3888 4.9893 0.975471
27.8918 6.5413 0.391471
28.9828 7.8723 -3.07953

30.4628 4.5423 -4.33153
28.6328 3.4443 -7.53653
28.7738 -0.335697 -7.00153
26.9028 -0.496697 -3.61653
23.3298 -1.7247 -3.10953

20.5338 0.662303 -1.95553
20.8528 -0.999697 1.50747
24.6748 -0.540697 1.79647
24.1238 3.1613 0.825471
21.5348 3.5143 3.70047
23.9028 1.6943 6.13747
26.8518 3.9863 5.18047
24.5008 7.0243 5.63647
23.4858 5.8223 9.16047
27.2008 5.2413 9.96747
28.1708 8.7623 8.69547
25.3438 10.3013 10.8105
26.2988 8.3523 14.0085
30.0318 9.2693 13.4415
28.9818 12.9593 13.0815
27.3308 12.7703 16.5415
30.4908 11.1893 18.1105
32.7908 13.7503 16.3825
30.7918 16.7243 17.8285
30.7388 15.5283 21.5265
34.0258 17.2813 22.6635
33.0888 20.7143 21.1915
29.4038 20.3593 22.2315
30.7448 19.8113 25.8025
33.2168 22.7543 25.4155
30.2898 25.0053 24.3325
27.9778 23.8533 27.2225
30.7828 24.6213 29.7335
31.4368 28.0713 28.1085
27.6878 28.8683 28.5845
27.8148 27.8573 32.3095
31.1398 29.7223 32.8995

29.4818 32.8013 31.2165
27.0018 32.7863 34.1905
23.8328 31.4893 32.3995
21.1388 30.5363 34.9275
18.8858 28.1873 32.8035

19.1048 26.5923 29.3225
17.9368 23.5163 27.3515
20.3068 21.1543 25.4765
18.7208 19.0873 22.6725
20.3418 15.9323 21.2015

18.9598 12.6313 19.7245
21.8378 10.0873 19.7795

21.9688 8.4033 23.2325
25.8318 8.6053 23.2905
25.6018 12.4623 23.0485
22.9988 12.6473 25.8925
25.1598 10.2123 27.9785
28.4248 12.1943 27.4245
26.7478 15.5733 28.2705
25.1948 14.1443 31.5095
28.5308 12.5113 32.5395
30.4728 15.8143 32.1195
27.7868 17.8273 34.0275
28.0048 15.2363 36.8925
31.8668 15.4603 36.7775

31.5788 19.3153 37.0335
28.9108 18.8833 39.8345
26.3328 20.8433 37.7325
22.7288 20.1563 38.8015

20.7258 19.1653 35.6905
17.6408 17.1973 34.5245
17.5628 14.4803 31.8085
14.5608 13.3793 29.6645

14.8268 10.6573 26.9665
12.9938 7.5613 25.5525
13.5718 5.6443 28.8615
12.1378 8.3933 31.1775
8.62483 7.3883 32.3665
5.46183 9.4843 31.7105
5.08883 10.5923 35.3985

8.84683 11.2343 35.9855
8.83783 13.4593 32.8185
6.27683 15.7913 34.4825
8.12583 15.7363 37.8665
11.5618 16.5243 36.2585
9.82083 19.2933 34.2355
8.48683 20.7813 37.5355
11.9638 20.3983 39.1885
13.6118 22.4143 36.3205
10.7638 25.0143 36.3705
10.6898 25.5783 40.1815

14.3228 24.9153 41.3155
16.9068 27.6973 40.6295
19.7098 25.0693 41.0795
18.8988 23.0653 37.9015
20.8678 25.0463 35.2805

20.7258 22.5223 32.3675
17.9658 20.3513 30.8885
19.4278 17.4893 28.7585
16.5718 16.5793 26.3855
15.9978 14.0513 23.5975

14.6858 15.9473 20.4965
12.2568 13.0373 19.7875
11.1938 12.1883 23.3845
10.7068 15.7823 24.7515
8.98483 17.3113 21.6185
5.52383 16.8373 23.3065
3.52583 17.7933 26.4575
6.29283 19.5593 28.4525
6.74183 23.3313 29.1375
10.1948 24.8743 29.8465
9.35783 28.6093 30.2925
12.0678 28.9413 33.0455
14.8518 28.8763 30.3725
15.7358 31.6813 27.8755

18.1828 29.6043 25.7335
17.8738 26.4403 23.5915
21.0408 24.6733 22.3065
20.6638 22.0403 19.5625

23.8238 19.9173 20.0065
22.6148 17.8973 16.9755
20.6038 18.7003 13.8275
17.4108 16.7353 13.0315
16.3248 16.1813 9.36447
12.6788 17.1533 10.1095

12.1388 20.9303 10.7575
8.66583 20.3823 12.3205
10.3668 18.5153 15.2405
12.9858 21.3113 15.6555
10.1488 23.9393 15.8095
8.26883 21.6993 18.3445
11.4468 21.6923 20.5245
11.9208 25.5433 20.2925

8.22283 26.0183 21.3105
8.89683 24.1713 24.5945
10.5178 27.4513 25.8595
8.58583 29.9733 23.7145
5.20183 29.4803 25.5385
2.66183 31.6543 27.4215
4.58583 32.5963 30.6185
7.89383 33.3683 28.7965
9.12283 36.9683 29.5105
12.6448 36.8993 27.8975
13.7478 36.8623 24.2115

14.3698 33.1813 23.3885
17.8598 32.3603 22.0565
18.1218 29.3093 19.7215
21.6828 28.0573 18.9805
22.1868 25.3733 16.2685
25.6068 23.6783 16.7765
27.1398 22.6623 13.3735

30.5288 21.1623 12.3515
32.2298 21.6813 8.92247
33.3358 18.3163 7.39847
30.3128 16.3413 8.81647
26.6408 15.3413 8.19047

25.6288 18.9253 9.26947
26.9478 20.2693 5.88547
24.1678 18.2613 4.07547
21.4688 18.3383 6.80947
21.4328 22.1523 7.22947
20.6218 22.9943 3.51547
18.0368 20.1073 3.56547
16.3278 21.5443 6.70947
16.3408 25.0573 5.09247
14.6478 23.9743 1.81047
12.0468 22.0493 3.92547
11.2048 25.1843 6.04447
10.8448 27.1763 2.77247
8.37183 24.5313 1.40747
6.44983 24.7973 4.73947
6.46483 28.6613 4.57547
5.23783 28.7453 0.905471

2.36483 26.4233 2.02247
1.56483 28.9653 4.86747
2.64083 26.3643 7.51147
5.66083 28.2713 8.98747
6.83583 31.8863 9.55947
10.2938 30.4473 10.2945
12.7678 31.5833 7.64947
16.2078 29.9113 8.12247
18.0928 31.7173 5.23347

19.0988 34.8063 7.31547
21.1468 32.6173 9.75847
23.4938 31.3003 6.97947
24.3448 34.6973 5.42047

25.6098 35.6563 8.95047
28.0948 32.6833 9.37347

End chain 1
