-13.201 -6.296 -53.957
-10.703 -3.406 -53.291
-9.54 -3.087 -49.639
-11.02 0.322 -48.639
-8.614 1.85 -46.053
-10.787 3.126 -43.162

-9.634 6.195 -41.181
-10.061 4.9 -37.589
-10.286 6.838 -34.306
-12.195 7.103 -30.979
-14.163 9.439 -28.711
-12.619 10.223 -25.263
-14.157 12.207 -22.344

-11.943 15.248 -21.466
-14.301 16.978 -18.949
-17.827 16.65 -17.399
-19.139 18.761 -20.353

-16.752 17.96 -23.312
-15.482 14.956 -25.281
-12.62 14.751 -27.824
-12.437 12.939 -31.204
-8.982 11.264 -31.393
-8.672 10.357 -35.1

-6.282 10.744 -38.079
-6.98 13.557 -40.6
-9.895 13.022 -43.051

-11.208 15.853 -45.293
-14.92 14.856 -45.011
-14.611 14.37 -41.226
-13.015 17.857 -40.827
-15.875 19.254 -42.999
-18.403 17.482 -40.669
-16.559 18.759 -37.515
-16.844 22.341 -38.957

-20.697 21.797 -39.029
-20.861 21.033 -35.24
-22.116 23.933 -33.104
-20.016 23.255 -29.939
-16.791 22.621 -31.971

-13.393 23.436 -30.391
-10.011 22.816 -32.063
-6.805 22.812 -29.99

-3.883 23.919 -32.209
-1.328 22.314 -29.773
-2.753 18.736 -29.691
-4.334 19.137 -33.217

-7.578 17.622 -31.79
-11.313 18.386 -31.995
-13.683 18.544 -28.991
-17.466 19.001 -28.65
-20.131 19.402 -25.91

-21.257 16.038 -24.476
-24.923 16.743 -25.497
-23.731 16.722 -29.178
-22.178 13.179 -28.839
-25.228 11.354 -30.322
-25.57 14.044 -33.093
-21.852 13.682 -34.021
-21.815 9.829 -34.037
-25.045 9.774 -36.128
-23.507 12.176 -38.75
-20.093 10.348 -38.803

-21.793 6.948 -39.527
-22.962 8.546 -42.834
-19.328 9.196 -43.991
-17.677 6.563 -46.261
-14.251 5.2 -45.121

-14.46 6.789 -41.562
-14.765 4.819 -38.279
-15.142 6.964 -35.114
-15.663 4.659 -32.101

-18.218 6.249 -29.657
-17.862 6.903 -25.912
-18.35 3.469 -24.195
-21.794 2.549 -22.772
-20.235 2.829 -19.255
-19.534 6.58 -19.812
-22.964 7.196 -21.431
-24.623 5.531 -18.378
-22.42 7.523 -15.909

-23.028 10.919 -17.654
-26.668 10.153 -18.714
-27.851 13.482 -17.123

-25.214 15.594 -18.963
-26 13.8 -22.296
-29.631 15.147 -21.909

-29.014 18.802 -20.797
-28.522 21.656 -23.337
-27.494 23.803 -20.296
-24.374 24.206 -18.108
-26.03 23.63 -14.722
-23.195 22.587 -12.38
-23.731 19.355 -10.334

-27.219 19.392 -8.694
-26.798 20.208 -4.988
-26.578 17.032 -2.906
-29.814 16.999 -0.82
-29.276 16.946 2.956
-30.305 13.551 4.343

-32.727 13.25 7.268
-30.389 11.851 9.975
-33.077 12.019 12.787
-33.159 8.159 12.923
-29.32 8.149 13.454
-27.82 8.306 16.969

-27.52 12.074 17.913
-23.991 11.509 19.371
-22.796 10.469 15.867
-24.731 13.185 13.93
-23.402 16.008 16.22
-19.738 14.82 15.861

-19.687 14.822 11.995
-17.445 17.587 10.586

-19.106 19.692 7.763
-17.231 17.783 4.996
-18.064 14.402 6.666
-21.796 15.407 6.677
-21.562 16.318 2.947
-19.943 12.855 2.346
-22.788 11.075 4.244
-25.363 13.084 2.191
-23.555 12.165 -1.104
-23.43 8.459 -0.115
-27.196 8.491 0.728
-28.024 10.343 -2.565

-25.973 7.645 -4.472
-28.214 5.048 -2.67
-25.512 3.7 -0.27

-23.352 2.353 -3.174
-19.956 4.118 -3.237
-16.209 4.012 -2.721
-15.295 6.541 0.021

-11.694 7.195 -1.128

-11.135 10.189 1.225
-7.504 10.605 2.377

-6.048 8.715 5.398
-7.361 9.956 8.784
-10.233 12.169 7.374
-12.706 9.981 9.408

-13.844 7.354 6.831
-15.012 5.081 9.734
-17.363 7.714 11.316
-18.876 8.506 7.854
-19.282 4.738 7.09
-21.02 4.042 10.461
-23.415 6.996 9.798
-24.247 5.855 6.195
-24.846 2.277 7.463
-26.955 3.52 10.461
-29.227 5.531 8.078

-29.9 2.058 6.507

-30.384 0.293 9.981
-33.886 -0.857 8.77
-32.05 -2.956 6.062
-29.626 -4.868 8.41
-27.981 -7.413 9.17

-24.774 -5.448 8.488
-21.551 -7.137 7.269
-18.235 -5.328 7.997
-15.132 -6.739 6.223
-11.829 -5.357 7.603

-8.05 -6.016 7.986
-7.416 -8.82 10.567
-5.856 -6.305 13.093
-8.689 -3.64 13.199

-11.758 -5.868 14.003
-11.895 -4.753 17.675
-11.154 -1.102 16.63
-14.365 -1.304 14.506
-16.414 -2.897 17.375
-15.268 -0.08 19.729
-16.109 2.476 16.969
-19.722 1.111 16.76
-20.082 1.14 20.611
-18.596 4.7 20.723
-20.823 6.195 17.978

-24.121 4.191 18.24
-24.851 3.95 22.056
-28.388 2.791 20.948
-26.764 -0.701 20.406
-26.03 -3.285 23.117

-22.632 -5.104 22.857
-24.638 -8.32 22.08
-25.78 -6.667 18.791

-22.091 -6.816 17.576
-20.505 -10.124 16.488
-16.681 -10.041 16.081

-15.702 -13.116 14.035
-12.316 -14.303 15.372
-12.201 -17.837 13.813
-13.405 -19.799 10.735
-15.769 -21.82 13.07
-17.788 -18.808 14.317
-21.352 -17.917 13.159
-21.075 -14.973 10.701
-24.816 -14.102 11.273
-24.919 -14.166 15.127
-25.108 -10.332 15.536
-27.08 -7.466 13.995

-23.588 -6.14 13.038
-21.065 -8.833 11.965
-17.336 -7.898 11.803
-15.009 -10.302 9.887
-11.529 -10.295 8.291

-10.658 -10.74 4.577
-8.757 -14.009 5.375
-11.833 -15.546 7.113
-14.3 -14.769 4.222

-12.926 -17.715 2.14
-13.287 -20.073 5.183
-16.843 -18.74 5.845
-18.014 -18.815 2.139
-20.731 -21.415 3.044
-22.243 -18.836 5.512
-21.955 -15.894 2.989
-25.071 -17.433 1.278
-27.188 -15.451 3.825
-28.094 -12.137 2.052
-26.367 -9.235 3.842
-28.236 -6.215 2.36

-25.704 -3.677 3.792
-21.936 -4.298 3.429
-19.007 -2.145 4.602
-15.517 -3.11 3.36

-12.662 -1.237 5.059
-9.341 -0.865 3.151

-11.066 -2.352 0.031
-7.765 -2.207 -1.968
-7.252 -5.742 -0.456
-9.774 -6.866 -3.176

-7.558 -5.436 -6.054
-6.861 -8.909 -7.611
-9.913 -10.983 -8.736
-7.994 -14.348 -8.638
-7.386 -14.116 -4.839

-9.551 -16.269 -2.508
-10.568 -13.122 -0.487
-11.832 -11.409 -3.693
-13.586 -14.593 -5.006
-15.461 -14.905 -1.648
-16.313 -11.137 -1.332
-17.465 -10.353 -4.925
-20.7 -12.523 -5.003
-21.961 -10.786 -1.799
-21.004 -7.272 -3.064
-22.893 -7.826 -6.386
-26.148 -8.927 -4.576

-26.0504 -5.61311 -2.83757
-27.686 -3.0802 -5.2926

-30.4968 -5.3497 -4.48143
-29.3122 -8.65375 -3.13146
-27.6165 -12.1634 -3.13564
-24.6007 -12.7276 -1.03537
-22.1692 -12.8979 1.94389

-18.4812 -12.3119 1.03689
-15.7402 -9.66492 1.42889
-14.0322 -11.0759 -1.68111
-16.7442 -12.5989 -3.97611
-14.0052 -13.3979 -6.48911
-10.5862 -14.3329 -5.02111
-8.56315 -14.1039 -8.30011
-10.7022 -14.5619 -11.5081

-14.2282 -13.9649 -13.0281
-14.8872 -17.7729 -13.2451
-15.1442 -17.8949 -9.36711
-18.3612 -15.7469 -9.52311
-20.3702 -18.2229 -11.6721
-21.6462 -20.4029 -8.75811
-22.7232 -17.2689 -6.78711
-24.4802 -15.7829 -9.90211
-26.5012 -19.0149 -10.5201
-27.2872 -19.3029 -6.75811
-28.8462 -15.7599 -6.74011

-30.3492 -16.0309 -10.3161
-30.7342 -19.7469 -11.4011
-31.9142 -18.6279 -14.9241
-28.6772 -16.6669 -15.6521
-26.0792 -18.6129 -17.7361
-27.6422 -22.1619 -17.3731
-24.3182 -23.5939 -18.7151

-20.8432 -22.3959 -17.5731
-19.4612 -22.3989 -21.1761
-21.6082 -19.3439 -22.1741
-20.3072 -17.4079 -19.1031
-16.7072 -18.5759 -19.8121
-16.7702 -17.5389 -23.5281
-17.9802 -14.0109 -22.5741
-16.1452 -13.1969 -19.2861

-13.2522 -15.7279 -18.9081
-11.5932 -15.2449 -22.3861
-12.2412 -18.9539 -23.0021

-9.66415 -20.6009 -25.3331
-9.91315 -23.9489 -27.1751
-6.63315 -25.7919 -26.4181

-5.63715 -29.2739 -27.8461
-6.68715 -30.8409 -24.4591

-10.0432 -28.9479 -24.0521
-11.2072 -25.4649 -22.9581
-9.11715 -23.0399 -20.8761

-11.1282 -20.5689 -18.6821
-8.19715 -18.9529 -16.7231
-8.52815 -15.6259 -18.6161
-10.7472 -12.5389 -18.2701
-12.8752 -10.4789 -20.7091
-15.6302 -7.78392 -20.7871

-15.1702 -7.06692 -17.0121
-17.0012 -3.66892 -17.1111
-20.1012 -5.44492 -18.5681
-19.7762 -8.15892 -15.8641
-19.5952 -5.39092 -13.1711
-22.8032 -3.75292 -14.5401
-24.6362 -7.14792 -14.6491
-23.5242 -7.97092 -11.0621
-24.5832 -4.57292 -9.57511
-27.9852 -4.52292 -11.3881
-29.1622 -8.13192 -10.8531

-26.9312 -10.1339 -8.38711

-24.7982 -8.07592 -6.00311
-24.8562 -5.18192 -3.53211

-21.2532 -3.93992 -2.99911
-19.9462 -0.938921 -1.01011
-16.3712 -0.103921 -0.0361096

-14.8452 1.38008 3.19189
-14.2342 4.58408 1.16989
-17.9892 4.83308 0.26989
-19.4292 4.46308 3.82989

-16.6182 4.95808 6.45189
-14.6572 8.19308 5.62089
-13.2432 7.95608 9.22089
-11.2382 4.68808 8.80489

-7.43915 5.38208 8.78989
-5.68615 4.64808 5.46589

-4.03015 1.27808 4.72289
-0.414153 2.12608 3.74489
1.12285 -0.763921 1.74289
4.80185 -1.26192 0.79589
7.16385 -3.87092 -0.60611
10.2048 -4.56592 1.63489
13.0238 -6.11992 -0.42011

14.8038 -8.32092 2.17089
18.5188 -8.50192 1.36089

19.5028 -11.7329 -0.56211
23.1178 -11.2619 0.76589
22.0798 -13.4539 3.78789

21.0388 -16.2429 1.30289
24.1768 -18.4239 1.36889

25.6828 -19.6969 -1.92911
24.3708 -23.3149 -1.38811
20.7488 -22.1169 -0.83711
21.0258 -19.7869 -3.89811
22.4548 -22.6319 -6.05011
19.5168 -24.8489 -4.86511
16.9708 -22.1139 -5.86311
18.7678 -21.7159 -9.25311
18.6808 -25.5419 -9.68411
14.9078 -25.8509 -8.93611
14.2198 -22.7989 -11.2041
16.1748 -24.4749 -14.0911
14.4008 -27.7879 -13.3001
10.9038 -26.2359 -13.8841
11.9948 -24.9049 -17.3551

13.4748 -28.2349 -18.6071
11.6448 -29.3329 -21.8121
11.7858 -33.1129 -21.2771
9.91485 -33.2739 -17.8921
6.34185 -34.5019 -17.3851

3.54585 -32.1149 -16.2311
3.86485 -33.7769 -12.7681
7.68685 -33.3179 -12.4791
7.13585 -29.6159 -13.4501
4.54685 -29.2629 -10.5751
6.91485 -31.0829 -8.13811
9.86385 -28.7909 -9.09511
7.51285 -25.7529 -8.63911
6.49785 -26.9549 -5.11511
10.2128 -27.5359 -4.30811
11.1828 -24.0149 -5.58011
8.35585 -22.4759 -3.46511
9.31085 -24.4249 -0.26711
13.0438 -23.5079 -0.83411
11.9938 -19.8179 -1.19411
10.3428 -20.0069 2.26589
13.5028 -21.5879 3.83489
15.8028 -19.0269 2.10689
13.8038 -16.0529 3.55289
13.7508 -17.2489 7.25089
17.0378 -15.4959 8.38789
16.1008 -12.0629 6.91589
12.4158 -12.4179 7.95589
13.7568 -12.9659 11.5269
16.2288 -10.0229 11.1399
13.3018 -7.77192 10.0569
10.9898 -8.92392 12.9469
13.7948 -8.15592 15.4579
14.4488 -4.70592 13.8329
10.6998 -3.90892 14.3089
10.8268 -4.91992 18.0339
14.1518 -3.05492 18.6239

12.4938 0.0240793 16.9409
10.0138 0.00907933 19.9149
6.84485 -1.28792 18.1239
4.15085 -2.24092 20.6519
1.89785 -4.58992 18.5279

2.11685 -6.18492 15.0469
0.948847 -9.26092 13.0759
3.31885 -11.6229 11.2009
1.73285 -13.6899 8.39689
3.35385 -16.8449 6.92589

1.97185 -20.1459 5.44889
4.84985 -22.6899 5.50389

4.98085 -24.3739 8.95689
8.84385 -24.1719 9.01489
8.61385 -20.3149 8.77289
6.01085 -20.1299 11.6169
8.17185 -22.5649 13.7029
11.4368 -20.5829 13.1489
9.75985 -17.2039 13.9949
8.20685 -18.6329 17.2339
11.5428 -20.2659 18.2639
13.4848 -16.9629 17.8439
10.7988 -14.9499 19.7519
11.0168 -17.5409 22.6169
14.8788 -17.3169 22.5019

14.5908 -13.4619 22.7579
11.9228 -13.8939 25.5589
9.34485 -11.9339 23.4569
5.74085 -12.6209 24.5259

3.73785 -13.6119 21.4149
0.652847 -15.5799 20.2489
0.574847 -18.2969 17.5329
-2.42715 -19.3979 15.3889

-2.16115 -22.1199 12.6909
-3.99415 -25.2159 11.2769
-3.41615 -27.1329 14.5859
-4.85015 -24.3839 16.9019
-8.36315 -25.3889 18.0909
-11.5262 -23.2929 17.4349
-11.8992 -22.1849 21.1229

-8.14115 -21.5429 21.7099
-8.15015 -19.3179 18.5429
-10.7112 -16.9859 20.2069
-8.86215 -17.0409 23.5909
-5.42615 -16.2529 21.9829
-7.16715 -13.4839 19.9599
-8.50115 -11.9959 23.2599
-5.02415 -12.3789 24.9129
-3.37615 -10.3629 22.0449
-6.22415 -7.76292 22.0949
-6.29815 -7.19892 25.9059

-2.66515 -7.86192 27.0399
-0.0811533 -5.07992 26.3539
2.72185 -7.70792 26.8039
1.91085 -9.71192 23.6259
3.87985 -7.73092 21.0049

3.73785 -10.2549 18.0919
0.977847 -12.4259 16.6129
2.43985 -15.2879 14.4829
-0.416153 -16.1979 12.1099
-0.990153 -18.7259 9.32189

-2.30215 -16.8299 6.22089
-4.73115 -19.7399 5.51189
-5.79415 -20.5889 9.10889
-6.28115 -16.9949 10.4759
-8.00315 -15.4659 7.34289
-11.4642 -15.9399 9.03089
-13.4622 -14.9839 12.1819
-10.6952 -13.2179 14.1769
-10.2462 -9.44592 14.8619
-6.79315 -7.90292 15.5709
-7.63015 -4.16792 16.0169
-4.92015 -3.83592 18.7699
-2.13615 -3.90092 16.0969
-1.25215 -1.09592 13.5999

1.19485 -3.17292 11.4579
0.885847 -6.33692 9.31589
4.05285 -8.10392 8.03089
3.67585 -10.7369 5.28689

6.83585 -12.8599 5.73089
5.62685 -14.8799 2.69989
3.61585 -14.0769 -0.44811
0.422847 -16.0419 -1.24411
-0.663153 -16.5959 -4.91111
-4.30915 -15.6239 -4.16611

-4.84915 -11.8469 -3.51811
-8.32215 -12.3949 -1.95511
-6.62115 -14.2619 0.96489
-4.00215 -11.4659 1.37989
-6.83915 -8.83792 1.53389
-8.71915 -11.0779 4.06889
-5.54115 -11.0849 6.24889
-5.06715 -7.23392 6.01689

-8.76515 -6.75892 7.03489
-8.09115 -8.60592 10.3189
-6.47015 -5.32592 11.5839
-8.40215 -2.80392 9.43889
-11.7862 -3.29692 11.2629
-14.3262 -1.12292 13.1459
-12.4022 -0.180921 16.3429
-9.09415 0.591079 14.5209
-7.86515 4.19108 15.2349
-4.34315 4.12208 13.6219
-3.24015 4.08508 9.93589

-2.61815 0.404079 9.11289
0.871847 -0.416921 7.78089
1.13385 -3.46792 5.44589
4.69485 -4.71992 4.70489
5.19885 -7.40392 1.99289
8.61885 -9.09892 2.50089
10.1518 -10.1149 -0.90211

13.5408 -11.6149 -1.92411
15.2418 -11.0959 -5.35311
16.3478 -14.4609 -6.87711
13.3248 -16.4359 -5.45911
9.65285 -17.4359 -6.08511

8.64085 -13.8519 -5.00611
9.95985 -12.5079 -8.39011
7.17985 -14.5159 -10.2001
4.48085 -14.4389 -7.46611
4.44485 -10.6249 -7.04611
3.63385 -9.78292 -10.7601
1.04885 -12.6699 -10.7101
-0.660153 -11.2329 -7.56611
-0.647153 -7.71992 -9.18311
-2.34015 -8.80292 -12.4651
-4.94115 -10.7279 -10.3501
-5.78315 -7.59292 -8.23111
-6.14315 -5.60092 -11.5031
-8.61615 -8.24592 -12.8681
-10.5382 -7.97992 -9.53611
-10.5232 -4.11592 -9.70011
-11.7502 -4.03192 -13.3701

-14.6232 -6.35392 -12.2531
-15.4232 -3.81192 -9.40811
-14.3472 -6.41292 -6.76411
-11.3272 -4.50592 -5.28811
-10.1522 -0.890921 -4.71611
-6.69415 -2.32992 -3.98111
-4.22015 -1.19392 -6.62611
-0.780153 -2.86592 -6.15311
1.10485 -1.05992 -9.04211

2.11085 2.02908 -6.96011
4.15885 -0.159921 -4.51711
6.50585 -1.47692 -7.29611
7.35685 1.92008 -8.85511

8.62185 2.87908 -5.32511
11.1068 -0.0939207 -4.90211

End chain 1
