-13.201 -6.296 -53.957
-10.703 -3.406 -53.291
-9.54 -3.087 -49.639
-11.02 0.322 -48.639
-8.614 1.85 -46.053
-10.787 3.126 -43.162

-9.634 6.195 -41.181
-10.061 4.9 -37.589
-10.286 6.838 -34.306
-12.195 7.103 -30.979
-14.163 9.439 -28.711
-12.619 10.223 -25.263
-14.157 12.207 -22.344

-11.943 15.248 -21.466
-14.301 16.978 -18.949
-17.827 16.65 -17.399
-19.139 18.761 -20.353

-16.752 17.96 -23.312
-15.482 14.956 -25.281
-12.62 14.751 -27.824
-12.437 12.939 -31.204
-8.982 11.264 -31.393
-8.672 10.357 -35.1

-6.282 10.744 -38.079
-6.98 13.557 -40.6
-9.895 13.022 -43.051

-11.208 15.853 -45.293
-14.92 14.856 -45.011
-14.611 14.37 -41.226
-13.015 17.857 -40.827
-15.875 19.254 -42.999
-18.403 17.482 -40.669
-16.559 18.759 -37.515
-16.844 22.341 -38.957

-20.697 21.797 -39.029
-20.861 21.033 -35.24
-22.116 23.933 -33.104
-20.016 23.255 -29.939
-16.791 22.621 -31.971

-13.393 23.436 -30.391
-10.011 22.816 -32.063
-6.805 22.812 -29.99

-3.95555 24.4934 -27.9588
-3.07726 28.0335 -27.2273
-1.32306 31.1253 -26.0763
-4.12201 30.1547 -23.5539

-3.26048 32.5169 -20.7704
-1.69991 34.45 -17.8552
1.02727 36.2413 -15.7322
2.17222 37.4954 -19.2306
4.20653 40.4737 -18.2484

3.08053 37.1097 -16.8144
-0.585466 37.8147 -17.8354
0.606534 37.7937 -21.5164
2.15953 34.2507 -21.1774
-0.890466 32.4257 -22.6604
-1.23247 35.1157 -25.4314
2.48553 34.7537 -26.3594
2.52253 30.9007 -26.3754
-0.707466 30.8457 -28.4664
0.830534 33.2477 -31.0884
4.24453 31.4197 -31.1414

2.54453 28.0197 -31.8654
1.37553 29.6177 -35.1724
5.00953 30.2677 -36.3294
6.66053 27.6347 -38.5994
10.0865 26.2717 -37.4594

9.87753 27.8607 -33.9004
9.57253 25.8907 -30.6174
9.19553 28.0357 -27.4524
8.67453 25.7307 -24.4394

6.11953 27.3207 -21.9954
6.47553 27.9747 -18.2504
5.98753 24.5407 -16.5334
2.54353 23.6207 -15.1104
4.10253 23.9007 -11.5934
4.80353 27.6517 -12.1504
1.37353 28.2677 -13.7694
-0.285466 26.6027 -10.7164
1.91753 28.5947 -8.24742

1.30953 31.9907 -9.99242
-2.33047 31.2247 -11.0524
-3.51347 34.5537 -9.46142

-0.876466 36.6657 -11.3014
-1.66247 34.8717 -14.6344
-5.29347 36.2187 -14.2474

-4.67647 39.8737 -13.1354
-4.18447 42.7277 -15.6754
-3.15647 44.8747 -12.6344
-0.0364663 45.2777 -10.4464
-1.69247 44.7017 -7.06042
1.14253 43.6587 -4.71842
0.606534 40.4267 -2.67242

-2.88147 40.4637 -1.03242
-2.46047 41.2797 2.67358
-2.24047 38.1037 4.75558
-5.47647 38.0707 6.84158
-4.93847 38.0177 10.6176
-5.96747 34.6227 12.0046

-8.38947 34.3217 14.9296
-6.05147 32.9227 17.6366
-8.73947 33.0907 20.4486
-8.82147 29.2307 20.5846
-4.98247 29.2207 21.1156
-3.48247 29.3777 24.6306

-3.18247 33.1457 25.5746
0.346534 32.5807 27.0326
1.54153 31.5407 23.5286
-0.393466 34.2567 21.5916
0.935534 37.0797 23.8816
4.59953 35.8917 23.5226

4.65053 35.8937 19.6566
6.89253 38.6587 18.2476

5.23153 40.7637 15.4246
7.10653 38.8547 12.6576
6.27353 35.4737 14.3276
2.54153 36.4787 14.3386
2.77553 37.3897 10.6086
4.39453 33.9267 10.0076
1.54953 32.1467 11.9056
-1.02547 34.1557 9.85258
0.782534 33.2367 6.55758
0.907534 29.5307 7.54658
-2.85847 29.5627 8.38958
-3.68647 31.4147 5.09658

-1.63547 28.7167 3.18958
-3.87647 26.1197 4.99158
-1.17447 24.7717 7.39158

0.985534 23.4247 4.48758
4.38153 25.1897 4.42458
8.12853 25.0837 4.94058
9.04253 27.6127 7.68258

12.6435 28.2667 6.53358

13.2025 31.2607 8.88658
16.8335 31.6767 10.0386

18.2895 29.7867 13.0596
16.9765 31.0277 16.4456
14.1045 33.2407 15.0356
11.6315 31.0527 17.0696

10.4935 28.4257 14.4926
9.32553 26.1527 17.3956
6.97453 28.7857 18.9776
5.46153 29.5777 15.5156
5.05553 25.8097 14.7516
3.31753 25.1137 18.1226
0.922534 28.0677 17.4596
0.0905337 26.9267 13.8566
-0.508466 23.3487 15.1246
-2.61747 24.5917 18.1226
-4.88947 26.6027 15.7396

-5.56247 23.1297 14.1686

-6.04647 21.3647 17.6426
-9.54847 20.2147 16.4316
-7.71247 18.1157 13.7236
-5.28847 16.2037 16.0716
-3.64347 13.6587 16.8316

-0.436466 15.6237 16.1496
2.78653 13.9347 14.9306
6.10253 15.7437 15.6586
9.20553 14.3327 13.8846
12.5085 15.7147 15.2646

16.2875 15.0557 15.6476
16.9215 12.2517 18.2286
18.4815 14.7667 20.7546
15.6485 17.4317 20.8606

12.5795 15.2037 21.6646
12.4425 16.3187 25.3366
13.1835 19.9697 24.2916
9.97253 19.7677 22.1676
7.92353 18.1747 25.0366
9.06953 20.9917 27.3906
8.22853 23.5477 24.6306
4.61553 22.1827 24.4216
4.25553 22.2117 28.2726
5.74153 25.7717 28.3846
3.51453 27.2667 25.6396

0.216534 25.2627 25.9016
-0.513466 25.0217 29.7176
-4.05047 23.8627 28.6096
-2.42647 20.3707 28.0676
-1.69247 17.7867 30.7786

1.70553 15.9677 30.5186
-0.300466 12.7517 29.7416
-1.44247 14.4047 26.4526

2.24653 14.2557 25.2376
3.83253 10.9477 24.1496
7.65653 11.0307 23.7426

8.63553 7.95572 21.6966
12.0215 6.76872 23.0336
12.1365 3.23472 21.4746
10.9325 1.27272 18.3966
8.56853 -0.74828 20.7316
6.54953 2.26372 21.9786
2.98553 3.15472 20.8206
3.26253 6.09872 18.3626
-0.478466 6.96972 18.9346
-0.581466 6.90572 22.7886
-0.770466 10.7397 23.1976
-2.74247 13.6057 21.6566

0.749534 14.9317 20.6996
3.27253 12.2387 19.6266
7.00153 13.1737 19.4646
9.32853 10.7697 17.5486
12.8085 10.7767 15.9526

13.6795 10.3317 12.2386
15.5805 7.06272 13.0366
12.5045 5.52572 14.7746
10.0375 6.30272 11.8836

11.4115 3.35672 9.80158
11.0505 0.99872 12.8446
7.49453 2.33172 13.5066
6.32353 2.25672 9.80058
3.60653 -0.34328 10.7056
2.09453 2.23572 13.1736
2.38253 5.17772 10.6506
-0.733466 3.63872 8.93958
-2.85047 5.62072 11.4866
-3.75647 8.93472 9.71358
-2.02947 11.8367 11.5036
-3.89847 14.8567 10.0216

-1.36647 17.3947 11.4536
2.40153 16.7737 11.0906
5.33053 18.9267 12.2636
8.82053 17.9617 11.0216

11.6755 19.8347 12.7206
14.9965 20.2067 10.8126

13.2715 18.7197 7.69258
16.5725 18.8647 5.69358
17.0855 15.3297 7.20558
14.5635 14.2057 4.48558

16.7795 15.6357 1.60758
17.4765 12.1627 0.0505793
14.4245 10.0887 -1.07442
16.3435 6.72372 -0.976421
16.9515 6.95572 2.82258

14.7865 4.80272 5.15358
13.7695 7.94972 7.17458
12.5055 9.66272 3.96858
10.7515 6.47872 2.65558
8.87653 6.16672 6.01358
8.02453 9.93472 6.32958
6.87253 10.7187 2.73658
3.63753 8.54872 2.65858
2.37653 10.2857 5.86258
3.33353 13.7997 4.59758
1.44453 13.2457 1.27558
-1.81047 12.1447 3.08558

-1.73447 14.4277 6.19658
-4.03447 17.5297 5.95758

-1.48847 19.9557 7.55758
2.31853 19.7247 7.03258
4.56853 22.1487 8.95158
8.19253 21.6147 7.83858
10.9105 23.5507 9.74958

14.5985 24.1367 8.84258
17.3395 26.7837 9.23458
19.0475 25.3727 6.12458
16.3355 23.8497 3.82958
19.0745 23.0507 1.31658
22.4935 22.1157 2.78458
24.5165 22.3447 -0.494421
22.3775 21.8867 -3.70242

18.8515 22.4837 -5.22242
18.1925 18.6757 -5.43942
17.9355 18.5537 -1.56142
14.7185 20.7017 -1.71742
12.7095 18.2257 -3.86642
11.4335 16.0457 -0.952421
10.3565 19.1797 1.01858
8.59953 20.6657 -2.09642
6.57853 17.4337 -2.71442
5.79253 17.1457 1.04758
4.23353 20.6887 1.06558

2.73053 20.4177 -2.51042
2.34553 16.7017 -3.59542
1.16553 17.8207 -7.11842
4.40253 19.7817 -7.84642
7.00053 17.8357 -9.93042
5.43753 14.2867 -9.56742
8.76153 12.8547 -10.9094

12.2365 14.0527 -9.76742
13.6185 14.0497 -13.3704
11.4715 17.1047 -14.3684
12.7725 19.0407 -11.2974
16.3725 17.8727 -12.0064
16.3095 18.9097 -15.7224
15.0995 22.4377 -14.7684
16.9345 23.2517 -11.4804

19.8275 20.7207 -11.1024
21.4865 21.2037 -14.5804
20.8385 17.4947 -15.1964

23.4155 15.8477 -17.5274
23.1665 12.4997 -19.3694
26.4465 10.6567 -18.6124

27.4425 7.17472 -20.0404
26.3925 5.60772 -16.6534

23.0365 7.50072 -16.2464
21.8725 10.9837 -15.1524
23.9625 13.4087 -13.0704

21.9515 15.8797 -10.8764
24.8825 17.4957 -8.91742
24.5515 20.8227 -10.8104
22.3325 23.9097 -10.4644
20.2045 25.9697 -12.9034
17.4495 28.6647 -12.9814

17.9095 29.3817 -9.20642
16.0785 32.7797 -9.30542
12.9785 31.0037 -10.7624
13.3035 28.2897 -8.05842
13.4845 31.0577 -5.36542
10.2765 32.6957 -6.73442
8.44353 29.3007 -6.84342
9.55553 28.4777 -3.25642
8.49653 31.8757 -1.76942
5.09453 31.9257 -3.58242
3.91753 28.3167 -3.04742

6.14853 26.3147 -0.581421

8.28153 28.3727 1.80258
8.22353 31.2667 4.27358

11.8265 32.5087 4.80658
13.1335 35.5097 6.79558
16.7085 36.3447 7.76958

18.2345 37.8287 10.9976
18.8455 41.0327 8.97558
15.0905 41.2817 8.07558
13.6505 40.9117 11.6356

16.4615 41.4067 14.2576
18.4225 44.6417 13.4266
19.8365 44.4047 17.0266
21.8415 41.1367 16.6106

25.6405 41.8307 16.5956
27.3935 41.0967 13.2716

29.0495 37.7267 12.5286
32.6655 38.5747 11.5506
34.2025 35.6847 9.54858
37.8815 35.1867 8.60158
40.2435 32.5777 7.19958
43.2845 31.8827 9.44058
46.1035 30.3287 7.38558

47.8835 28.1277 9.97658
51.5985 27.9467 9.16658

52.5825 24.7157 7.24358
56.1975 25.1867 8.57158
55.1595 22.9947 11.5936

54.1185 20.2057 9.10858
57.2565 18.0247 9.17458

58.7625 16.7517 5.87658
57.4505 13.1337 6.41758
53.8285 14.3317 6.96858
54.1055 16.6617 3.90758
55.5345 13.8167 1.75558
52.5965 11.5997 2.94058
50.0505 14.3347 1.94258
51.8475 14.7327 -1.44742
51.7605 10.9067 -1.87842
47.9875 10.5977 -1.13042
47.2995 13.6497 -3.39842
49.2545 11.9737 -6.28542
47.4805 8.66072 -5.49442
43.9835 10.2127 -6.07842
45.0745 11.5437 -9.54942

46.5545 8.21372 -10.8014
44.7245 7.11572 -14.0064
44.8655 3.33572 -13.4714
42.9945 3.17472 -10.0864
39.4215 1.94672 -9.57942

36.6255 4.33372 -8.42542
36.9445 2.67172 -4.96242
40.7665 3.13072 -4.67342
40.2155 6.83272 -5.64442
37.6265 7.18572 -2.76942
39.9945 5.36572 -0.332421
42.9435 7.65772 -1.28942
40.5925 10.6957 -0.833421
39.5775 9.49372 2.69058
43.2925 8.91272 3.49758
44.2625 12.4337 2.22558
41.4355 13.9727 4.34058
42.3905 12.0237 7.53858
46.1235 12.9407 6.97158
45.0735 16.6307 6.61158
43.4225 16.4417 10.0716
46.5825 14.8607 11.6406
48.8825 17.4217 9.91258
46.8835 20.3957 11.3586
46.8305 19.1997 15.0566
50.1175 20.9527 16.1936
49.1805 24.3857 14.7216
45.4955 24.0307 15.7616
46.8365 23.4827 19.3326
49.3085 26.4257 18.9456
46.3815 28.6767 17.8626
44.0695 27.5247 20.7526
46.8745 28.2927 23.2636
47.5285 31.7427 21.6386
43.7795 32.5397 22.1146
43.9065 31.5287 25.8396
47.2315 33.3937 26.4296

45.5735 36.4727 24.7466
43.0935 36.4577 27.7206
39.9245 35.1607 25.9296
37.2305 34.2077 28.4576
34.9775 31.8587 26.3336

35.1965 30.2637 22.8526
34.0285 27.1877 20.8816
36.3985 24.8257 19.0066
34.8125 22.7587 16.2026
36.4335 19.6037 14.7316

35.0515 16.3027 13.2546
37.9295 13.7587 13.3096

38.0605 12.0747 16.7626
41.9235 12.2767 16.8206
41.6935 16.1337 16.5786
39.0905 16.3187 19.4226
41.2515 13.8837 21.5086
44.5165 15.8657 20.9546
42.8395 19.2447 21.8006
41.2865 17.8157 25.0396
44.6225 16.1827 26.0696
46.5645 19.4857 25.6496
43.8785 21.4987 27.5576
44.0965 18.9077 30.4226
47.9585 19.1317 30.3076

47.6705 22.9867 30.5636
45.0025 22.5547 33.3646
42.4245 24.5147 31.2626
38.8205 23.8277 32.3316

36.8175 22.8367 29.2206
33.7325 20.8687 28.0546
33.6545 18.1517 25.3386
30.6525 17.0507 23.1946

30.9185 14.3287 20.4966
29.0855 11.2327 19.0826
29.6635 9.31572 22.3916
28.2295 12.0647 24.7076
24.7165 11.0597 25.8966
21.5535 13.1557 25.2406
21.1805 14.2637 28.9286

24.9385 14.9057 29.5156
24.9295 17.1307 26.3486
22.3685 19.4627 28.0126
24.2175 19.4077 31.3966
27.6535 20.1957 29.7886
25.9125 22.9647 27.7656
24.5785 24.4527 31.0656
28.0555 24.0697 32.7186
29.7035 26.0857 29.8506
26.8555 28.6857 29.9006
26.7815 29.2497 33.7116

30.4145 28.5867 34.8456
32.9985 31.3687 34.1596
35.8015 28.7407 34.6096
34.9905 26.7367 31.4316
36.9595 28.7177 28.8106

36.8175 26.1937 25.8976
34.0575 24.0227 24.4186
35.5195 21.1607 22.2886
32.6635 20.2507 19.9156
32.0895 17.7227 17.1276

30.7775 19.6187 14.0266
28.3485 16.7087 13.3176
27.2855 15.8597 16.9146
26.7985 19.4537 18.2816
25.0765 20.9827 15.1486
21.6155 20.5087 16.8366
19.6175 21.4647 19.9876
22.3845 23.2307 21.9826
22.8335 27.0027 22.6676
26.2865 28.5457 23.3766
25.4495 32.2807 23.8226
28.1595 32.6127 26.5756
30.9435 32.5477 23.9026
31.8275 35.3527 21.4056

34.2745 33.2757 19.2636
33.9655 30.1117 17.1216
37.1325 28.3447 15.8366
36.7555 25.7117 13.0926

39.9155 23.5887 13.5366
38.7065 21.5687 10.5056
36.6955 22.3717 7.35758
33.5025 20.4067 6.56158
32.4165 19.8527 2.89458
28.7705 20.8247 3.63958

28.2305 24.6017 4.28758
24.7575 24.0537 5.85058
26.4585 22.1867 8.77058
29.0775 24.9827 9.18558
26.2405 27.6107 9.33958
24.3605 25.3707 11.8746
27.5385 25.3637 14.0546
28.0125 29.2147 13.8226

24.3145 29.6897 14.8406
24.9885 27.8427 18.1246
26.6095 31.1227 19.3896
24.6775 33.6447 17.2446
21.2935 33.1517 19.0686
18.7535 35.3257 20.9516
20.6775 36.2677 24.1486
23.9855 37.0397 22.3266
25.2145 40.6397 23.0406
28.7365 40.5707 21.4276
29.8395 40.5337 17.7416

30.4615 36.8527 16.9186
33.9515 36.0317 15.5866
34.2135 32.9807 13.2516
37.7745 31.7287 12.5106
38.2785 29.0447 9.79858
41.6985 27.3497 10.3066
43.2315 26.3337 6.90358

46.6205 24.8337 5.88158
48.3215 25.3527 2.45258
49.4275 21.9877 0.928579
46.4045 20.0127 2.34658
42.7325 19.0127 1.72058

41.7205 22.5967 2.79958
43.0395 23.9407 -0.584421
40.2595 21.9327 -2.39442
37.5605 22.0097 0.339579
37.5245 25.8237 0.759579
36.7135 26.6657 -2.95442
34.1285 23.7787 -2.90442
32.4195 25.2157 0.239579
32.4325 28.7287 -1.37742
30.7395 27.6457 -4.65942
28.1385 25.7207 -2.54442
27.2965 28.8557 -0.425421
26.9365 30.8477 -3.69742
24.4635 28.2027 -5.06242
22.5415 28.4687 -1.73042
22.5565 32.3327 -1.89442
21.3295 32.4167 -5.56442

18.4565 30.0947 -4.44742
17.6565 32.6367 -1.60242
18.7325 30.0357 1.04158
21.7525 31.9427 2.51758
22.9275 35.5577 3.08958
26.3855 34.1187 3.82458
28.8595 35.2547 1.17958
32.2995 33.5827 1.65258
34.1845 35.3887 -1.23642

35.1905 38.4777 0.845579
37.2385 36.2887 3.28858
39.5855 34.9717 0.509579
40.4365 38.3687 -1.04942

41.7015 39.3277 2.48058
44.1865 36.3547 2.90358

End chain 1
