-13.201 -6.296 -53.957
-10.703 -3.406 -53.291
-9.54 -3.087 -49.639
-11.02 0.322 -48.639
-8.614 1.85 -46.053
-10.787 3.126 -43.162

-9.634 6.195 -41.181
-10.061 4.9 -37.589
-10.286 6.838 -34.306
-12.195 7.103 -30.979
-14.163 9.439 -28.711
-12.619 10.223 -25.263
-14.157 12.207 -22.344

-11.943 15.248 -21.466
-14.301 16.978 -18.949
-17.827 16.65 -17.399
-19.139 18.761 -20.353

-16.752 17.96 -23.312
-15.482 14.956 -25.281
-12.62 14.751 -27.824
-12.437 12.939 -31.204
-8.982 11.264 -31.393
-8.672 10.357 -35.1

-6.282 10.744 -38.079
-6.98 13.557 -40.6
-9.895 13.022 -43.051

-11.208 15.853 -45.293
-14.92 14.856 -45.011
-14.611 14.37 -41.226
-13.015 17.857 -40.827
-15.875 19.254 -42.999
-18.403 17.482 -40.669
-16.559 18.759 -37.515
-16.844 22.341 -38.957

-20.697 21.797 -39.029
-20.861 21.033 -35.24
-22.116 23.933 -33.104
-20.016 23.255 -29.939
-16.791 22.621 -31.971

-13.393 23.436 -30.391
-10.011 22.816 -32.063
-6.805 22.812 -29.99

-3.883 23.919 -32.209
-1.328 22.314 -29.773
-2.753 18.736 -29.691
-4.334 19.137 -33.217

-7.578 17.622 -31.79
-11.313 18.386 -31.995
-13.683 18.544 -28.991
-17.466 19.001 -28.65
-20.131 19.402 -25.91

-21.257 16.038 -24.476
-24.923 16.743 -25.497
-23.731 16.722 -29.178
-22.178 13.179 -28.839
-25.228 11.354 -30.322
-25.57 14.044 -33.093
-21.852 13.682 -34.021
-21.815 9.829 -34.037
-25.045 9.774 -36.128
-23.507 12.176 -38.75
-20.093 10.348 -38.803

-21.793 6.948 -39.527
-22.962 8.546 -42.834
-19.328 9.196 -43.991
-17.677 6.563 -46.261
-14.251 5.2 -45.121

-14.46 6.789 -41.562
-14.765 4.819 -38.279
-15.142 6.964 -35.114
-15.663 4.659 -32.101

-18.218 6.249 -29.657
-17.862 6.903 -25.912
-18.35 3.469 -24.195
-21.794 2.549 -22.772
-20.235 2.829 -19.255
-19.534 6.58 -19.812
-22.964 7.196 -21.431
-24.623 5.531 -18.378
-22.42 7.523 -15.909

-23.028 10.919 -17.654
-26.668 10.153 -18.714
-27.851 13.482 -17.123

-25.214 15.594 -18.963
-26 13.8 -22.296
-29.631 15.147 -21.909

-29.014 18.802 -20.797
-28.522 21.656 -23.337
-27.494 23.803 -20.296
-24.374 24.206 -18.108
-26.03 23.63 -14.722
-23.195 22.587 -12.38
-23.731 19.355 -10.334

-27.219 19.392 -8.694
-26.798 20.208 -4.988
-26.578 17.032 -2.906
-29.814 16.999 -0.82
-29.276 16.946 2.956
-30.305 13.551 4.343

-32.727 13.25 7.268
-30.389 11.851 9.975
-33.077 12.019 12.787
-33.159 8.159 12.923
-29.32 8.149 13.454
-27.82 8.306 16.969

-27.52 12.074 17.913
-23.991 11.509 19.371
-22.796 10.469 15.867
-24.731 13.185 13.93
-23.402 16.008 16.22
-19.738 14.82 15.861

-19.687 14.822 11.995
-17.445 17.587 10.586

-19.106 19.692 7.763
-17.231 17.783 4.996
-18.064 14.402 6.666
-21.796 15.407 6.677
-21.562 16.318 2.947
-19.943 12.855 2.346
-22.788 11.075 4.244
-25.363 13.084 2.191
-23.555 12.165 -1.104
-23.43 8.459 -0.115
-27.196 8.491 0.728
-28.024 10.343 -2.565

-25.973 7.645 -4.472
-28.214 5.048 -2.67
-25.512 3.7 -0.27

-23.352 2.353 -3.174
-19.956 4.118 -3.237
-16.209 4.012 -2.721
-15.295 6.541 0.021

-11.694 7.195 -1.128

-11.135 10.189 1.225
-7.504 10.605 2.377

-6.048 8.715 5.398
-7.361 9.956 8.784
-10.233 12.169 7.374
-12.706 9.981 9.408

-13.844 7.354 6.831
-15.012 5.081 9.734
-17.363 7.714 11.316
-18.876 8.506 7.854
-19.282 4.738 7.09
-21.02 4.042 10.461
-23.415 6.996 9.798
-24.247 5.855 6.195
-24.846 2.277 7.463
-26.955 3.52 10.461
-29.227 5.531 8.078

-29.9 2.058 6.507

-30.384 0.293 9.981
-33.886 -0.857 8.77
-32.05 -2.956 6.062
-29.626 -4.868 8.41
-27.981 -7.413 9.17

-24.774 -5.448 8.488
-21.551 -7.137 7.269
-18.235 -5.328 7.997
-15.132 -6.739 6.223
-11.829 -5.357 7.603

-8.05 -6.016 7.986
-7.416 -8.82 10.567
-5.856 -6.305 13.093
-8.689 -3.64 13.199

-11.758 -5.868 14.003
-11.895 -4.753 17.675
-11.154 -1.102 16.63
-14.365 -1.304 14.506
-16.414 -2.897 17.375
-15.268 -0.08 19.729
-16.109 2.476 16.969
-19.722 1.111 16.76
-20.082 1.14 20.611
-18.596 4.7 20.723
-20.823 6.195 17.978

-24.121 4.191 18.24
-24.851 3.95 22.056
-28.388 2.791 20.948
-26.764 -0.701 20.406
-26.03 -3.285 23.117

-22.632 -5.104 22.857
-24.638 -8.32 22.08
-25.78 -6.667 18.791

-22.091 -6.816 17.576
-20.505 -10.124 16.488
-16.681 -10.041 16.081

-15.702 -13.116 14.035
-12.316 -14.303 15.372
-12.201 -17.837 13.813
-13.405 -19.799 10.735
-15.769 -21.82 13.07
-17.788 -18.808 14.317
-21.352 -17.917 13.159
-21.075 -14.973 10.701
-24.816 -14.102 11.273
-24.919 -14.166 15.127
-25.108 -10.332 15.536
-27.08 -7.466 13.995

-23.588 -6.14 13.038
-21.065 -8.833 11.965
-17.336 -7.898 11.803
-15.009 -10.302 9.887
-11.529 -10.295 8.291

-10.658 -10.74 4.577
-8.757 -14.009 5.375
-11.833 -15.546 7.113
-14.3 -14.769 4.222

-12.926 -17.715 2.14
-13.287 -20.073 5.183
-16.843 -18.74 5.845
-18.014 -18.815 2.139
-20.731 -21.415 3.044
-22.243 -18.836 5.512
-21.955 -15.894 2.989
-25.071 -17.433 1.278
-27.188 -15.451 3.825
-28.094 -12.137 2.052
-26.367 -9.235 3.842
-28.236 -6.215 2.36

-25.704 -3.677 3.792
-21.936 -4.298 3.429
-19.007 -2.145 4.602
-15.517 -3.11 3.36

-12.662 -1.237 5.059
-9.341 -0.865 3.151

-11.066 -2.352 0.031
-7.765 -2.207 -1.968
-7.252 -5.742 -0.456
-9.774 -6.866 -3.176

-7.558 -5.436 -6.054
-6.861 -8.909 -7.611
-9.913 -10.983 -8.736
-7.994 -14.348 -8.638
-7.386 -14.116 -4.839

-9.551 -16.269 -2.508
-10.568 -13.122 -0.487
-11.832 -11.409 -3.693
-13.586 -14.593 -5.006
-15.461 -14.905 -1.648
-16.313 -11.137 -1.332
-17.465 -10.353 -4.925
-20.7 -12.523 -5.003
-21.961 -10.786 -1.799
-21.004 -7.272 -3.064
-22.893 -7.826 -6.386
-26.148 -8.927 -4.576

-26.072 -6.644 -1.465
-28.372 -3.542 -1.704

-25.826 -1.116 -0.104
-22.019 -1.347 -0.629
-19.769 1.077 1.29
-16.145 0.543 0.177
-13.427 2.479 2.088

-9.739 3.065 1.181
-6.998 5.712 1.573
-5.29 4.301 -1.537
-8.002 2.778 -3.832
-5.263 1.979 -6.345
-1.844 1.044 -4.877
0.179 1.273 -8.156
-1.96 0.815 -11.364

-5.486 1.412 -12.884
-6.145 -2.396 -13.101
-6.402 -2.518 -9.223
-9.619 -0.37 -9.379
-11.628 -2.846 -11.528
-12.904 -5.026 -8.614
-13.981 -1.892 -6.643
-15.738 -0.406 -9.758
-17.759 -3.638 -10.376
-18.545 -3.926 -6.614
-20.104 -0.383 -6.596

-21.607 -0.654 -10.172
-21.992 -4.37 -11.257
-23.172 -3.251 -14.78
-19.935 -1.29 -15.508
-17.337 -3.236 -17.592
-18.9 -6.785 -17.229
-15.576 -8.217 -18.571

-12.101 -7.019 -17.429
-10.719 -7.022 -21.032
-12.866 -3.967 -22.03
-11.565 -2.031 -18.959
-7.965 -3.199 -19.668
-8.028 -2.162 -23.384
-9.238 1.366 -22.43
-7.403 2.18 -19.142

-4.51 -0.351 -18.764
-2.851 0.132 -22.242
-3.499 -3.577 -22.858

-0.922 -5.224 -25.189
-1.171 -8.572 -27.031
2.109 -10.415 -26.274

3.105 -13.897 -27.702
2.055 -15.464 -24.315

-1.301 -13.571 -23.908
-2.465 -10.088 -22.814
-0.375 -7.663 -20.732

-2.386 -5.192 -18.538
0.545 -3.576 -16.579
0.214 -0.249 -18.472
-2.005 2.838 -18.126
-4.133 4.898 -20.565
-6.888 7.593 -20.643

-6.428 8.31 -16.868
-8.259 11.708 -16.967
-11.359 9.932 -18.424
-11.034 7.218 -15.72
-10.853 9.986 -13.027
-14.061 11.624 -14.396
-15.894 8.229 -14.505
-14.782 7.406 -10.918
-15.841 10.804 -9.431
-19.243 10.854 -11.244
-20.42 7.245 -10.709

-18.189 5.243 -8.243

-16.056 7.301 -5.859
-16.114 10.195 -3.388

-13.063 12.4548 -3.08598
-10.27 10.028 -3.55801
-7.6229 7.3964 -3.56405

-10.8544 5.3974 -3.63189
-12.2942 7.44455 -0.772016
-11.4266 10.6973 -2.53538
-13.0921 9.51658 -5.74085

-10.2811 10.0116 -3.11885
-8.32006 13.2466 -3.94985
-6.90606 13.0096 -0.349846
-4.90106 9.74158 -0.765846

-1.10206 10.4356 -0.780846
0.650943 9.70158 -4.10485

2.30694 6.33158 -4.84785
5.92294 7.17958 -5.82585
7.45994 4.28958 -7.82785
11.1389 3.79158 -8.77485
13.5009 1.18258 -10.1768
16.5419 0.487577 -7.93585
19.3609 -1.06642 -9.99085

21.1409 -3.26742 -7.39985
24.8559 -3.44842 -8.20985

25.8399 -6.67942 -10.1328
29.4549 -6.20842 -8.80485
28.4169 -8.40042 -5.78285

27.3759 -11.1894 -8.26785
30.5139 -13.3704 -8.20185

32.0199 -14.6434 -11.4998
30.7079 -18.2614 -10.9588
27.0859 -17.0634 -10.4078
27.3629 -14.7334 -13.4688
28.7919 -17.5784 -15.6208
25.8539 -19.7954 -14.4358
23.3079 -17.0604 -15.4338
25.1049 -16.6624 -18.8238
25.0179 -20.4884 -19.2548
21.2449 -20.7974 -18.5068
20.5569 -17.7454 -20.7748
22.5119 -19.4214 -23.6618
20.7379 -22.7344 -22.8708
17.2409 -21.1824 -23.4548
18.3319 -19.8514 -26.9258

19.8119 -23.1814 -28.1778
17.9819 -24.2794 -31.3828
18.1229 -28.0594 -30.8478
16.2519 -28.2204 -27.4628
12.6789 -29.4484 -26.9558

9.88294 -27.0614 -25.8018
10.2019 -28.7234 -22.3388
14.0239 -28.2644 -22.0498
13.4729 -24.5624 -23.0208
10.8839 -24.2094 -20.1458
13.2519 -26.0294 -17.7088
16.2009 -23.7374 -18.6658
13.8499 -20.6994 -18.2098
12.8349 -21.9014 -14.6858
16.5499 -22.4824 -13.8788
17.5199 -18.9614 -15.1508
14.6929 -17.4224 -13.0358
15.6479 -19.3714 -9.83785
19.3809 -18.4544 -10.4048
18.3309 -14.7644 -10.7648
16.6799 -14.9534 -7.30485
19.8399 -16.5344 -5.73585
22.1399 -13.9734 -7.46385
20.1409 -10.9994 -6.01785
20.0879 -12.1954 -2.31985
23.3749 -10.4424 -1.18285
22.4379 -7.00942 -2.65485
18.7529 -7.36442 -1.61485
20.0939 -7.91242 1.95615
22.5659 -4.96942 1.56915
19.6389 -2.71842 0.486154
17.3269 -3.87042 3.37615
20.1319 -3.10242 5.88715
20.7859 0.347577 4.26215
17.0369 1.14458 4.73815
17.1639 0.133577 8.46315
20.4889 1.99858 9.05315

18.8309 5.07758 7.37015
16.3509 5.06258 10.3442
13.1819 3.76558 8.55315
10.4879 2.81258 11.0812
8.23494 0.463577 8.95715

8.45394 -1.13142 5.47615
7.28594 -4.20742 3.50515
9.65594 -6.56942 1.63015
8.06994 -8.63642 -1.17385
9.69094 -11.7914 -2.64485

8.30894 -15.0924 -4.12185
11.1869 -17.6364 -4.06685

11.3179 -19.3204 -0.613846
15.1809 -19.1184 -0.555846
14.9509 -15.2614 -0.797846
12.3479 -15.0764 2.04615
14.5089 -17.5114 4.13215
17.7739 -15.5294 3.57815
16.0969 -12.1504 4.42415
14.5439 -13.5794 7.66315
17.8799 -15.2124 8.69315
19.8219 -11.9094 8.27315
17.1359 -9.89642 10.1812
17.3539 -12.4874 13.0462
21.2159 -12.2634 12.9312

20.9279 -8.40842 13.1872
18.2599 -8.84042 15.9882
15.6819 -6.88042 13.8862
12.0779 -7.56742 14.9552

10.0749 -8.55842 11.8442
6.98994 -10.5264 10.6782
6.91194 -13.2434 7.96215
3.90994 -14.3444 5.81815

4.17594 -17.0664 3.12015
2.34294 -20.1624 1.70615
2.92094 -22.0794 5.01515
1.48694 -19.3304 7.33115
-2.02606 -20.3354 8.52015
-5.18906 -18.2394 7.86415
-5.56206 -17.1314 11.5522

-1.80406 -16.4894 12.1392
-1.81306 -14.2644 8.97215
-4.37406 -11.9324 10.6362
-2.52506 -11.9874 14.0202
0.910943 -11.1994 12.4122
-0.830057 -8.43042 10.3892
-2.16406 -6.94242 13.6892
1.31294 -7.32542 15.3422
2.96094 -5.30942 12.4742
0.112943 -2.70942 12.5242
0.0389429 -2.14542 16.3352

3.67194 -2.80842 17.4692
6.25594 -0.0264225 16.7832
9.05894 -2.65442 17.2332
8.24794 -4.65842 14.0552
10.2169 -2.67742 11.4342

10.0749 -5.20142 8.52115
7.31494 -7.37242 7.04215
8.77694 -10.2344 4.91215
5.92094 -11.1444 2.53915
5.34694 -13.6724 -0.248846

4.03494 -11.7764 -3.34985
1.60594 -14.6864 -4.05885
0.542943 -15.5354 -0.461846
0.0559429 -11.9414 0.905154
-1.66606 -10.4124 -2.22785
-5.12706 -10.8864 -0.539846
-7.12506 -9.93042 2.61115
-4.35806 -8.16442 4.60615
-3.90906 -4.39242 5.29115
-0.456057 -2.84942 6.00015
-1.29306 0.885577 6.44615
1.41694 1.21758 9.19915
4.20094 1.15258 6.52615
5.08494 3.95758 4.02915

7.53194 1.88058 1.88715
7.22294 -1.28342 -0.254846
10.3899 -3.05042 -1.53985
10.0129 -5.68342 -4.28385

13.1729 -7.80642 -3.83985
11.9639 -9.82642 -6.87085
9.95294 -9.02342 -10.0188
6.75994 -10.9884 -10.8148
5.67394 -11.5424 -14.4818
2.02794 -10.5704 -13.7368

1.48794 -6.79342 -13.0888
-1.98506 -7.34142 -11.5258
-0.284057 -9.20842 -8.60585
2.33494 -6.41242 -8.19085
-0.502057 -3.78442 -8.03685
-2.38206 -6.02442 -5.50185
0.795943 -6.03142 -3.32185
1.26994 -2.18042 -3.55385

-2.42806 -1.70542 -2.53585
-1.75406 -3.55242 0.748154
-0.133057 -0.272423 2.01315
-2.06506 2.24958 -0.131846
-5.44906 1.75658 1.69215
-7.98906 3.93058 3.57515
-6.06506 4.87258 6.77215
-2.75706 5.64458 4.95015
-1.52806 9.24458 5.66415
1.99394 9.17558 4.05115
3.09694 9.13858 0.365154

3.71894 5.45758 -0.457846
7.20894 4.63658 -1.78985
7.47094 1.58558 -4.12485
11.0319 0.333577 -4.86585
11.5359 -2.35042 -7.57785
14.9559 -4.04542 -7.06985
16.4889 -5.06142 -10.4728

19.8779 -6.56142 -11.4948
21.5789 -6.04242 -14.9238
22.6849 -9.40742 -16.4478
19.6619 -11.3824 -15.0298
15.9899 -12.3824 -15.6558

14.9779 -8.79842 -14.5768
16.2969 -7.45442 -17.9608
13.5169 -9.46242 -19.7708
10.8179 -9.38542 -17.0368
10.7819 -5.57142 -16.6168
9.97094 -4.72942 -20.3308
7.38594 -7.61642 -20.2808
5.67694 -6.17942 -17.1368
5.68994 -2.66642 -18.7538
3.99694 -3.74942 -22.0358
1.39594 -5.67442 -19.9208
0.553943 -2.53942 -17.8018
0.193943 -0.547423 -21.0738
-2.27906 -3.19242 -22.4388
-4.20106 -2.92642 -19.1068
-4.18606 0.937577 -19.2708
-5.41306 1.02158 -22.9408

-8.28606 -1.30042 -21.8238
-9.08606 1.24158 -18.9788
-8.01006 -1.35942 -16.3348
-4.99006 0.547577 -14.8588
-3.81506 4.16258 -14.2868
-0.357057 2.72358 -13.5518
2.11694 3.85958 -16.1968
5.55694 2.18758 -15.7238
7.44194 3.99358 -18.6128

8.44794 7.08258 -16.5308
10.4959 4.89358 -14.0878
12.8429 3.57658 -16.8668
13.6939 6.97358 -18.4258

14.9589 7.93258 -14.8958
17.4439 4.95958 -14.4728

End chain 1
