-13.201 -6.296 -53.957
-10.703 -3.406 -53.291
-9.54 -3.087 -49.639
-11.02 0.322 -48.639
-8.614 1.85 -46.053
-10.787 3.126 -43.162

-9.634 6.195 -41.181
-10.061 4.9 -37.589
-10.286 6.838 -34.306
-12.195 7.103 -30.979
-14.163 9.439 -28.711
-12.619 10.223 -25.263
-14.157 12.207 -22.344

-11.943 15.248 -21.466
-14.301 16.978 -18.949
-17.827 16.65 -17.399
-19.139 18.761 -20.353

-16.752 17.96 -23.312
-15.482 14.956 -25.281
-12.62 14.751 -27.824
-12.437 12.939 -31.204
-8.982 11.264 -31.393
-8.672 10.357 -35.1

-6.282 10.744 -38.079
-6.98 13.557 -40.6
-9.895 13.022 -43.051

-11.208 15.853 -45.293
-14.92 14.856 -45.011
-14.611 14.37 -41.226
-13.015 17.857 -40.827
-15.875 19.254 -42.999
-18.403 17.482 -40.669
-16.559 18.759 -37.515
-16.844 22.341 -38.957

-20.697 21.797 -39.029
-20.861 21.033 -35.24
-22.116 23.933 -33.104
-20.016 23.255 -29.939
-16.791 22.621 -31.971

-13.393 23.436 -30.391
-10.011 22.816 -32.063
-6.805 22.812 -29.99

-3.883 23.919 -32.209
-1.328 22.314 -29.773
-2.753 18.736 -29.691
-4.334 19.137 -33.217

-7.578 17.622 -31.79
-11.313 18.386 -31.995
-13.683 18.544 -28.991
-17.466 19.001 -28.65
-20.131 19.402 -25.91

-21.257 16.038 -24.476
-24.923 16.743 -25.497
-23.731 16.722 -29.178
-22.178 13.179 -28.839
-25.228 11.354 -30.322
-25.57 14.044 -33.093
-21.852 13.682 -34.021
-21.815 9.829 -34.037
-25.045 9.774 -36.128
-23.507 12.176 -38.75
-20.093 10.348 -38.803

-21.793 6.948 -39.527
-22.962 8.546 -42.834
-19.328 9.196 -43.991
-17.677 6.563 -46.261
-14.251 5.2 -45.121

-14.46 6.789 -41.562
-14.765 4.819 -38.279
-15.142 6.964 -35.114
-15.663 4.659 -32.101

-18.218 6.249 -29.657
-17.862 6.903 -25.912
-18.35 3.469 -24.195
-21.794 2.549 -22.772
-20.235 2.829 -19.255
-19.534 6.58 -19.812
-22.964 7.196 -21.431
-24.623 5.531 -18.378
-22.42 7.523 -15.909

-23.028 10.919 -17.654
-26.668 10.153 -18.714
-27.851 13.482 -17.123

-25.214 15.594 -18.963
-26 13.8 -22.296
-29.631 15.147 -21.909

-29.014 18.802 -20.797
-28.522 21.656 -23.337
-27.494 23.803 -20.296
-24.374 24.206 -18.108
-26.03 23.63 -14.722
-23.195 22.587 -12.38
-23.731 19.355 -10.334

-27.219 19.392 -8.694
-26.798 20.208 -4.988
-26.578 17.032 -2.906
-29.814 16.999 -0.82
-29.276 16.946 2.956
-30.305 13.551 4.343

-32.727 13.25 7.268
-30.389 11.851 9.975
-33.077 12.019 12.787
-33.159 8.159 12.923
-29.32 8.149 13.454
-27.82 8.306 16.969

-27.52 12.074 17.913
-23.991 11.509 19.371
-22.796 10.469 15.867
-24.731 13.185 13.93
-23.402 16.008 16.22
-19.738 14.82 15.861

-19.687 14.822 11.995
-17.445 17.587 10.586

-19.106 19.692 7.763
-17.231 17.783 4.996
-18.064 14.402 6.666
-21.796 15.407 6.677
-21.562 16.318 2.947
-19.943 12.855 2.346
-22.788 11.075 4.244
-25.363 13.084 2.191
-23.555 12.165 -1.104
-23.43 8.459 -0.115
-27.196 8.491 0.728
-28.024 10.343 -2.565

-25.973 7.645 -4.472
-28.214 5.048 -2.67
-25.512 3.7 -0.27

-23.352 2.353 -3.174
-19.956 4.118 -3.237
-16.209 4.012 -2.721
-15.295 6.541 0.021

-11.694 7.195 -1.128

-11.135 10.189 1.225
-7.504 10.605 2.377

-6.048 8.715 5.398
-7.361 9.956 8.784
-10.233 12.169 7.374
-12.706 9.981 9.408

-13.844 7.354 6.831
-15.012 5.081 9.734
-17.363 7.714 11.316
-18.876 8.506 7.854
-19.282 4.738 7.09
-21.02 4.042 10.461
-23.415 6.996 9.798
-24.247 5.855 6.195
-24.846 2.277 7.463
-26.955 3.52 10.461
-29.227 5.531 8.078

-29.9 2.058 6.507

-30.384 0.293 9.981
-33.886 -0.857 8.77
-32.05 -2.956 6.062
-29.626 -4.868 8.41
-27.981 -7.413 9.17

-24.774 -5.448 8.488
-21.551 -7.137 7.269
-18.235 -5.328 7.997
-15.132 -6.739 6.223
-11.829 -5.357 7.603

-8.05 -6.016 7.986
-7.416 -8.82 10.567
-5.856 -6.305 13.093
-8.689 -3.64 13.199

-11.758 -5.868 14.003
-11.895 -4.753 17.675
-11.154 -1.102 16.63
-14.365 -1.304 14.506
-16.414 -2.897 17.375
-15.268 -0.08 19.729
-16.109 2.476 16.969
-19.722 1.111 16.76
-20.082 1.14 20.611
-18.596 4.7 20.723
-20.823 6.195 17.978

-24.121 4.191 18.24
-24.851 3.95 22.056
-28.388 2.791 20.948
-26.764 -0.701 20.406
-26.03 -3.285 23.117

-22.632 -5.104 22.857
-24.638 -8.32 22.08
-25.78 -6.667 18.791

-22.091 -6.816 17.576
-20.505 -10.124 16.488
-16.681 -10.041 16.081

-15.702 -13.116 14.035
-12.316 -14.303 15.372
-12.201 -17.837 13.813
-13.405 -19.799 10.735
-15.769 -21.82 13.07
-17.788 -18.808 14.317
-21.352 -17.917 13.159
-21.075 -14.973 10.701
-24.816 -14.102 11.273
-24.919 -14.166 15.127
-25.108 -10.332 15.536
-27.08 -7.466 13.995

-23.588 -6.14 13.038
-21.065 -8.833 11.965
-17.336 -7.898 11.803
-15.009 -10.302 9.887
-11.529 -10.295 8.291

-10.658 -10.74 4.577
-8.757 -14.009 5.375
-11.833 -15.546 7.113
-14.3 -14.769 4.222

-12.926 -17.715 2.14
-13.287 -20.073 5.183
-16.843 -18.74 5.845
-18.014 -18.815 2.139
-20.731 -21.415 3.044
-22.243 -18.836 5.512
-21.955 -15.894 2.989
-25.071 -17.433 1.278
-27.188 -15.451 3.825
-28.094 -12.137 2.052
-26.367 -9.235 3.842
-28.236 -6.215 2.36

-25.704 -3.677 3.792
-21.936 -4.298 3.429
-19.007 -2.145 4.602
-15.517 -3.11 3.36

-12.662 -1.237 5.059
-9.341 -0.865 3.151

-11.066 -2.352 0.031
-7.765 -2.207 -1.968
-7.252 -5.742 -0.456
-9.774 -6.866 -3.176

-7.558 -5.436 -6.054
-6.861 -8.909 -7.611
-9.913 -10.983 -8.736
-7.994 -14.348 -8.638
-7.386 -14.116 -4.839

-9.551 -16.269 -2.508
-10.568 -13.122 -0.487
-11.832 -11.409 -3.693
-13.586 -14.593 -5.006
-15.461 -14.905 -1.648
-16.313 -11.137 -1.332
-17.465 -10.353 -4.925
-20.7 -12.523 -5.003
-21.961 -10.786 -1.799
-21.004 -7.272 -3.064
-22.893 -7.826 -6.386
-26.148 -8.927 -4.576

-26.072 -6.644 -1.465
-28.372 -3.542 -1.704

-25.826 -1.116 -0.104
-22.019 -1.347 -0.629
-19.769 1.077 1.29
-16.145 0.543 0.177
-13.427 2.479 2.088

-9.739 3.065 1.181
-6.998 5.712 1.573
-5.29 4.301 -1.537
-8.002 2.778 -3.832
-5.263 1.979 -6.345
-1.844 1.044 -4.877
0.179 1.273 -8.156
-1.96 0.815 -11.364

-5.486 1.412 -12.884
-6.145 -2.396 -13.101
-6.402 -2.518 -9.223
-9.619 -0.37 -9.379
-11.628 -2.846 -11.528
-12.904 -5.026 -8.614
-13.981 -1.892 -6.643
-15.738 -0.406 -9.758
-17.759 -3.638 -10.376
-18.545 -3.926 -6.614
-20.104 -0.383 -6.596

-21.607 -0.654 -10.172
-21.992 -4.37 -11.257
-23.172 -3.251 -14.78
-19.935 -1.29 -15.508
-17.337 -3.236 -17.592
-18.9 -6.785 -17.229
-15.576 -8.217 -18.571

-12.101 -7.019 -17.429
-10.719 -7.022 -21.032
-12.866 -3.967 -22.03
-11.565 -2.031 -18.959
-7.965 -3.199 -19.668
-8.028 -2.162 -23.384
-9.238 1.366 -22.43
-7.403 2.18 -19.142

-4.51 -0.351 -18.764
-2.851 0.132 -22.242
-3.499 -3.577 -22.858

-0.922 -5.224 -25.189
-1.171 -8.572 -27.031
2.109 -10.415 -26.274

3.105 -13.897 -27.702
2.055 -15.464 -24.315

-1.301 -13.571 -23.908
-2.465 -10.088 -22.814
-0.375 -7.663 -20.732

-2.386 -5.192 -18.538
0.545 -3.576 -16.579
0.214 -0.249 -18.472
-2.005 2.838 -18.126
-4.133 4.898 -20.565
-6.888 7.593 -20.643

-6.428 8.31 -16.868
-8.259 11.708 -16.967
-11.359 9.932 -18.424
-11.034 7.218 -15.72
-10.853 9.986 -13.027
-14.061 11.624 -14.396
-15.894 8.229 -14.505
-14.782 7.406 -10.918
-15.841 10.804 -9.431
-19.243 10.854 -11.244
-20.42 7.245 -10.709

-18.189 5.243 -8.243

-16.056 7.301 -5.859
-16.114 10.195 -3.388

-15.6011 13.1112 -1.01748
-11.8332 12.7327 -0.705767
-8.01313 13.0814 -0.844807

-9.23394 16.6802 -0.810373
-6.87876 17.5538 2.04145
-3.92766 16.0198 0.202716
-4.74405 17.9847 -2.94617

-1.93305 18.4797 -0.324168
0.0279529 21.7147 -1.15517
1.44195 21.4777 2.44483
3.44695 18.2097 2.02883

7.24595 18.9037 2.01383
8.99895 18.1697 -1.31017

10.655 14.7997 -2.05317
14.271 15.6477 -3.03117
15.808 12.7577 -5.03317
19.487 12.2597 -5.98017
21.849 9.65074 -7.38217
24.89 8.95574 -5.14117
27.709 7.40174 -7.19617

29.489 5.20074 -4.60517
33.204 5.01974 -5.41517

34.188 1.78874 -7.33817
37.803 2.25974 -6.01017
36.765 0.0677406 -2.98817

35.724 -2.72126 -5.47317
38.862 -4.90226 -5.40717

40.368 -6.17526 -8.70517
39.056 -9.79326 -8.16417
35.434 -8.59526 -7.61317
35.711 -6.26526 -10.6742
37.14 -9.11026 -12.8262
34.202 -11.3273 -11.6412
31.656 -8.59226 -12.6392
33.453 -8.19426 -16.0292
33.366 -12.0203 -16.4602
29.593 -12.3293 -15.7122
28.905 -9.27726 -17.9802
30.86 -10.9533 -20.8672
29.086 -14.2663 -20.0762
25.589 -12.7143 -20.6602
26.68 -11.3833 -24.1312

28.16 -14.7133 -25.3832
26.33 -15.8113 -28.5882
26.471 -19.5913 -28.0532
24.6 -19.7523 -24.6682
21.027 -20.9803 -24.1612

18.231 -18.5933 -23.0072
18.55 -20.2553 -19.5442
22.372 -19.7963 -19.2552
21.821 -16.0943 -20.2262
19.232 -15.7413 -17.3512
21.6 -17.5613 -14.9142
24.549 -15.2693 -15.8712
22.198 -12.2313 -15.4152
21.183 -13.4333 -11.8912
24.898 -14.0143 -11.0842
25.868 -10.4933 -12.3562
23.041 -8.95426 -10.2412
23.996 -10.9033 -7.04317
27.729 -9.98626 -7.61017
26.679 -6.29626 -7.97017
25.028 -6.48526 -4.51017
28.188 -8.06626 -2.94117
30.488 -5.50526 -4.66917
28.489 -2.53126 -3.22317
28.436 -3.72726 0.474832
31.723 -1.97426 1.61183
30.786 1.45874 0.139832
27.101 1.10374 1.17983
28.442 0.555741 4.75083
30.914 3.49874 4.36383
27.987 5.74974 3.28083
25.675 4.59774 6.17083
28.48 5.36574 8.68183
29.134 8.81574 7.05683
25.385 9.61274 7.53283
25.512 8.60174 11.2578
28.837 10.4667 11.8478

27.179 13.5457 10.1648
24.699 13.5307 13.1388
21.53 12.2337 11.3478
18.836 11.2807 13.8758
16.583 8.93174 11.7518

16.802 7.33674 8.27083
15.634 4.26074 6.29983
18.004 1.89874 4.42483
16.418 -0.168259 1.62083
18.039 -3.32326 0.149832

16.657 -6.62426 -1.32717
19.535 -9.16826 -1.27217

19.666 -10.8523 2.18083
23.529 -10.6503 2.23883
23.299 -6.79326 1.99683
20.696 -6.60826 4.84083
22.857 -9.04326 6.92683
26.122 -7.06126 6.37283
24.445 -3.68226 7.21883
22.892 -5.11126 10.4578
26.228 -6.74426 11.4878
28.17 -3.44126 11.0678
25.484 -1.42826 12.9758
25.702 -4.01926 15.8408
29.564 -3.79526 15.7258

29.276 0.0597406 15.9818
26.608 -0.372259 18.7828
24.03 1.58774 16.6808
20.426 0.900741 17.7498

18.423 -0.0902594 14.6388
15.338 -2.05826 13.4728
15.26 -4.77526 10.7568
12.258 -5.87626 8.61283

12.524 -8.59826 5.91483
10.691 -11.6943 4.50083
11.269 -13.6113 7.80983
9.83495 -10.8623 10.1258
6.32195 -11.8673 11.3148
3.15895 -9.77126 10.6588
2.78595 -8.66326 14.3468

6.54395 -8.02126 14.9338
6.53495 -5.79626 11.7668
3.97395 -3.46426 13.4308
5.82295 -3.51926 16.8148
9.25895 -2.73126 15.2068
7.51795 0.0377406 13.1838
6.18395 1.52574 16.4838
9.66095 1.14274 18.1368
11.309 3.15874 15.2688
8.46095 5.75874 15.3188
8.38695 6.32274 19.1298

12.02 5.65974 20.2638
14.604 8.44174 19.5778
17.407 5.81374 20.0278
16.596 3.80974 16.8498
18.565 5.79074 14.2288

18.423 3.26674 11.3158
15.663 1.09574 9.83683
17.125 -1.76626 7.70683
14.269 -2.67626 5.33383
13.695 -5.20426 2.54583

12.383 -3.30826 -0.555168
9.95395 -6.21826 -1.26417
8.89095 -7.06726 2.33283
8.40395 -3.47326 3.69983
6.68195 -1.94426 0.566832
3.22095 -2.41826 2.25483
1.22295 -1.46226 5.40583
3.98995 0.303741 7.40083
4.43895 4.07574 8.08583
7.89195 5.61874 8.79483
7.05495 9.35374 9.24083
9.76495 9.68574 11.9938
12.549 9.62074 9.32083
13.433 12.4257 6.82383

15.88 10.3487 4.68183
15.571 7.18474 2.53983
18.738 5.41774 1.25483
18.361 2.78474 -1.48917

21.521 0.661741 -1.04517
20.312 -1.35826 -4.07617
18.301 -0.555259 -7.22417
15.108 -2.52026 -8.02017
14.022 -3.07426 -11.6872
10.376 -2.10226 -10.9422

9.83595 1.67474 -10.2942
6.36295 1.12674 -8.73117
8.06395 -0.740259 -5.81117
10.683 2.05574 -5.39617
7.84595 4.68374 -5.24217
5.96595 2.44374 -2.70717
9.14395 2.43674 -0.527168
9.61795 6.28774 -0.759168

5.91995 6.76274 0.258832
6.59395 4.91574 3.54283
8.21495 8.19574 4.80783
6.28295 10.7177 2.66283
2.89895 10.2247 4.48683
0.358953 12.3987 6.36983
2.28295 13.3407 9.56683
5.59095 14.1127 7.74483
6.81995 17.7127 8.45883
10.342 17.6437 6.84583
11.445 17.6067 3.15983

12.067 13.9257 2.33683
15.557 13.1047 1.00483
15.819 10.0537 -1.33017
19.38 8.80174 -2.07117
19.884 6.11774 -4.78317
23.304 4.42274 -4.27517
24.837 3.40674 -7.67817

28.226 1.90674 -8.70017
29.927 2.42574 -12.1292
31.033 -0.939259 -13.6532
28.01 -2.91426 -12.2352
24.338 -3.91426 -12.8612

23.326 -0.330259 -11.7822
24.645 1.01374 -15.1662
21.865 -0.994259 -16.9762
19.166 -0.917259 -14.2422
19.13 2.89674 -13.8222
18.319 3.73874 -17.5362
15.734 0.851741 -17.4862
14.025 2.28874 -14.3422
14.038 5.80174 -15.9592
12.345 4.71874 -19.2412
9.74395 2.79374 -17.1262
8.90195 5.92874 -15.0072
8.54195 7.92074 -18.2792
6.06895 5.27574 -19.6442
4.14695 5.54174 -16.3122
4.16195 9.40574 -16.4762
2.93495 9.48974 -20.1462

0.0619529 7.16774 -19.0292
-0.738047 9.70974 -16.1842
0.337953 7.10874 -13.5402
3.35795 9.01574 -12.0642
4.53295 12.6307 -11.4922
7.99095 11.1917 -10.7572
10.465 12.3277 -13.4022
13.905 10.6557 -12.9292
15.79 12.4617 -15.8182

16.796 15.5507 -13.7362
18.844 13.3617 -11.2932
21.191 12.0447 -14.0722
22.042 15.4417 -15.6312

23.307 16.4007 -12.1012
25.792 13.4277 -11.6782

End chain 1
