-13.201 -6.296 -53.957
-10.703 -3.406 -53.291
-9.54 -3.087 -49.639
-11.02 0.322 -48.639
-8.614 1.85 -46.053
-10.787 3.126 -43.162

-9.634 6.195 -41.181
-10.061 4.9 -37.589
-10.286 6.838 -34.306
-12.195 7.103 -30.979
-14.163 9.439 -28.711
-12.619 10.223 -25.263
-14.157 12.207 -22.344

-11.943 15.248 -21.466
-14.301 16.978 -18.949
-17.827 16.65 -17.399
-19.139 18.761 -20.353

-16.752 17.96 -23.312
-15.482 14.956 -25.281
-12.62 14.751 -27.824
-12.437 12.939 -31.204
-8.982 11.264 -31.393
-8.672 10.357 -35.1

-6.282 10.744 -38.079
-6.98 13.557 -40.6
-9.895 13.022 -43.051

-11.208 15.853 -45.293
-14.92 14.856 -45.011
-14.611 14.37 -41.226
-13.015 17.857 -40.827
-15.875 19.254 -42.999
-18.403 17.482 -40.669
-16.559 18.759 -37.515
-16.844 22.341 -38.957

-20.697 21.797 -39.029
-20.861 21.033 -35.24
-22.116 23.933 -33.104
-20.016 23.255 -29.939
-16.791 22.621 -31.971

-13.393 23.436 -30.391
-10.011 22.816 -32.063
-6.805 22.812 -29.99

-3.883 23.919 -32.209
-1.328 22.314 -29.773
-2.753 18.736 -29.691
-4.334 19.137 -33.217

-7.578 17.622 -31.79
-11.313 18.386 -31.995
-13.683 18.544 -28.991
-17.466 19.001 -28.65
-20.131 19.402 -25.91

-21.257 16.038 -24.476
-24.923 16.743 -25.497
-23.731 16.722 -29.178
-22.178 13.179 -28.839
-25.228 11.354 -30.322
-25.57 14.044 -33.093
-21.852 13.682 -34.021
-21.815 9.829 -34.037
-25.045 9.774 -36.128
-23.507 12.176 -38.75
-20.093 10.348 -38.803

-21.793 6.948 -39.527
-22.962 8.546 -42.834
-19.328 9.196 -43.991
-17.677 6.563 -46.261
-14.251 5.2 -45.121

-14.46 6.789 -41.562
-14.765 4.819 -38.279
-15.142 6.964 -35.114
-15.663 4.659 -32.101

-18.218 6.249 -29.657
-17.862 6.903 -25.912
-18.35 3.469 -24.195
-21.794 2.549 -22.772
-20.235 2.829 -19.255
-19.534 6.58 -19.812
-22.964 7.196 -21.431
-24.623 5.531 -18.378
-22.42 7.523 -15.909

-23.028 10.919 -17.654
-26.668 10.153 -18.714
-27.851 13.482 -17.123

-25.214 15.594 -18.963
-26 13.8 -22.296
-29.631 15.147 -21.909

-29.014 18.802 -20.797
-28.522 21.656 -23.337
-27.494 23.803 -20.296
-24.374 24.206 -18.108
-26.03 23.63 -14.722
-23.195 22.587 -12.38
-23.731 19.355 -10.334

-27.219 19.392 -8.694
-26.798 20.208 -4.988
-26.578 17.032 -2.906
-29.814 16.999 -0.82
-29.276 16.946 2.956
-30.305 13.551 4.343

-32.727 13.25 7.268
-30.389 11.851 9.975
-33.077 12.019 12.787
-33.159 8.159 12.923
-29.32 8.149 13.454
-27.82 8.306 16.969

-27.52 12.074 17.913
-23.991 11.509 19.371
-22.796 10.469 15.867
-24.731 13.185 13.93
-23.402 16.008 16.22
-19.738 14.82 15.861

-19.687 14.822 11.995
-17.445 17.587 10.586

-19.106 19.692 7.763
-17.231 17.783 4.996
-18.064 14.402 6.666
-21.796 15.407 6.677
-21.562 16.318 2.947
-19.943 12.855 2.346
-22.788 11.075 4.244
-25.363 13.084 2.191
-23.555 12.165 -1.104
-23.43 8.459 -0.115
-27.196 8.491 0.728
-28.024 10.343 -2.565

-25.973 7.645 -4.472
-28.214 5.048 -2.67
-25.512 3.7 -0.27

-23.352 2.353 -3.174
-19.956 4.118 -3.237
-16.209 4.012 -2.721
-15.295 6.541 0.021

-11.694 7.195 -1.128

-11.135 10.189 1.225
-7.504 10.605 2.377

-6.048 8.715 5.398
-7.361 9.956 8.784
-10.233 12.169 7.374
-12.706 9.981 9.408

-13.844 7.354 6.831
-15.012 5.081 9.734
-17.363 7.714 11.316
-18.876 8.506 7.854
-19.282 4.738 7.09
-21.02 4.042 10.461
-23.415 6.996 9.798
-24.247 5.855 6.195
-24.846 2.277 7.463
-26.955 3.52 10.461
-29.227 5.531 8.078

-29.9 2.058 6.507

-30.384 0.293 9.981
-33.886 -0.857 8.77
-32.05 -2.956 6.062
-29.626 -4.868 8.41
-27.981 -7.413 9.17

-24.774 -5.448 8.488
-21.551 -7.137 7.269
-18.235 -5.328 7.997
-15.132 -6.739 6.223
-11.829 -5.357 7.603

-8.05 -6.016 7.986
-7.416 -8.82 10.567
-5.856 -6.305 13.093
-8.689 -3.64 13.199

-11.758 -5.868 14.003
-11.895 -4.753 17.675
-11.154 -1.102 16.63
-14.365 -1.304 14.506
-16.414 -2.897 17.375
-15.268 -0.08 19.729
-16.109 2.476 16.969
-19.722 1.111 16.76
-20.082 1.14 20.611
-18.596 4.7 20.723
-20.823 6.195 17.978

-24.121 4.191 18.24
-24.851 3.95 22.056
-28.388 2.791 20.948
-26.764 -0.701 20.406
-26.03 -3.285 23.117

-22.632 -5.104 22.857
-24.638 -8.32 22.08
-25.78 -6.667 18.791

-22.091 -6.816 17.576
-20.505 -10.124 16.488
-16.681 -10.041 16.081

-15.702 -13.116 14.035
-12.316 -14.303 15.372
-12.201 -17.837 13.813
-13.405 -19.799 10.735
-15.769 -21.82 13.07
-17.788 -18.808 14.317
-21.352 -17.917 13.159
-21.075 -14.973 10.701
-24.816 -14.102 11.273
-24.919 -14.166 15.127
-25.108 -10.332 15.536
-27.08 -7.466 13.995

-23.588 -6.14 13.038
-21.065 -8.833 11.965
-17.336 -7.898 11.803
-15.009 -10.302 9.887
-11.529 -10.295 8.291

-10.658 -10.74 4.577
-8.757 -14.009 5.375
-11.833 -15.546 7.113
-14.3 -14.769 4.222

-12.926 -17.715 2.14
-13.287 -20.073 5.183
-16.843 -18.74 5.845
-18.014 -18.815 2.139
-20.731 -21.415 3.044
-22.243 -18.836 5.512
-21.955 -15.894 2.989
-25.071 -17.433 1.278
-27.188 -15.451 3.825
-28.094 -12.137 2.052
-26.367 -9.235 3.842
-28.236 -6.215 2.36

-25.704 -3.677 3.792
-21.936 -4.298 3.429
-19.007 -2.145 4.602
-15.517 -3.11 3.36

-12.0708 -1.50659 3.29048
-8.40195 -1.30862 2.481

-6.22949 0.798663 4.7794
-5.29167 -2.24913 6.84685
-4.33242 -4.19213 3.72476
-2.14542 -1.33506 2.5012

0.0705773 0.0949371 -0.376804
0.767577 -3.37806 -1.9338
-2.28442 -5.45206 -3.0588
-0.365423 -8.81706 -2.9608
0.242577 -8.58506 0.838196

-1.92242 -10.7381 3.1692
-2.93942 -7.59106 5.1902
-4.20342 -5.87806 1.9842
-5.95742 -9.06206 0.671196
-7.83242 -9.37406 4.0292
-8.68442 -5.60606 4.3452
-9.83642 -4.82206 0.752196
-13.0714 -6.99206 0.674196
-14.3324 -5.25506 3.8782
-13.3754 -1.74106 2.6132
-15.2644 -2.29506 -0.708804
-18.5194 -3.39606 1.1012

-18.4434 -1.11306 4.2122
-20.7434 1.98894 3.9732

-18.1974 4.41494 5.5732
-14.3904 4.18394 5.0482
-12.1404 6.60794 6.9672
-8.51642 6.07394 5.8542
-5.79842 8.00994 7.7652

-2.11042 8.59594 6.8582
0.630577 11.2429 7.2502
2.33858 9.83194 4.1402
-0.373423 8.30894 1.8452
2.36558 7.50994 -0.667804
5.78458 6.57494 0.800196
7.80758 6.80394 -2.4788
5.66858 6.34594 -5.6868

2.14258 6.94294 -7.2068
1.48358 3.13494 -7.4238
1.22658 3.01294 -3.5458
-1.99042 5.16094 -3.7018
-3.99942 2.68494 -5.8508
-5.27542 0.504937 -2.9368
-6.35242 3.63894 -0.965804
-8.10942 5.12494 -4.0808
-10.1304 1.89294 -4.6988
-10.9164 1.60494 -0.936804
-12.4754 5.14794 -0.918804

-13.9784 4.87694 -4.4948
-14.3634 1.16094 -5.5798
-15.5434 2.27994 -9.1028
-12.3064 4.24094 -9.8308
-9.70842 2.29494 -11.9148
-11.2714 -1.25406 -11.5518
-7.94742 -2.68606 -12.8938

-4.47242 -1.48806 -11.7518
-3.09042 -1.49106 -15.3548
-5.23742 1.56394 -16.3528
-3.93642 3.49994 -13.2818
-0.336423 2.33194 -13.9908
-0.399423 3.36894 -17.7068
-1.60942 6.89694 -16.7528
0.225577 7.71094 -13.4648

3.11858 5.17994 -13.0868
4.77758 5.66294 -16.5648
4.12958 1.95394 -17.1808

6.70658 0.306937 -19.5118
6.45758 -3.04106 -21.3538
9.73758 -4.88406 -20.5968

10.7336 -8.36606 -22.0248
9.68358 -9.93306 -18.6378

6.32758 -8.04006 -18.2308
5.16358 -4.55706 -17.1368
7.25358 -2.13206 -15.0548

5.24258 0.338937 -12.8608
8.17358 1.95494 -10.9018
7.84258 5.28194 -12.7948
5.62358 8.36894 -12.4488
3.49558 10.4289 -14.8878
0.740577 13.1239 -14.9658

1.20058 13.8409 -11.1908
-0.630423 17.2389 -11.2898
-3.73042 15.4629 -12.7468
-3.40542 12.7489 -10.0428
-3.22442 15.5169 -7.3498
-6.43242 17.1549 -8.7188
-8.26542 13.7599 -8.8278
-7.15342 12.9369 -5.2408
-8.21242 16.3349 -3.7538
-11.6144 16.3849 -5.5668
-12.7914 12.7759 -5.0318

-10.5604 10.7739 -2.5658

-8.42742 12.8319 -0.181804
-8.48542 15.7259 2.2892

-4.88242 16.9679 2.8222
-3.57542 19.9689 4.8112
-0.000422747 20.8039 5.7852

1.52558 22.2879 9.0132
2.13658 25.4919 6.9912
-1.61842 25.7409 6.0912
-3.05842 25.3709 9.6512

-0.247423 25.8659 12.2732
1.71358 29.1009 11.4422
3.12758 28.8639 15.0422
5.13258 25.5959 14.6262

8.93158 26.2899 14.6112
10.6846 25.5559 11.2872

12.3406 22.1859 10.5442
15.9566 23.0339 9.5662
17.4936 20.1439 7.5642
21.1726 19.6459 6.6172
23.5346 17.0369 5.2152
26.5756 16.3419 7.4562
29.3946 14.7879 5.4012

31.1746 12.5869 7.9922
34.8896 12.4059 7.1822

35.8736 9.17494 5.2592
39.4886 9.64594 6.5872
38.4506 7.45394 9.6092

37.4096 4.66494 7.1242
40.5476 2.48394 7.1902

42.0536 1.21094 3.8922
40.7416 -2.40706 4.4332
37.1196 -1.20906 4.9842
37.3966 1.12094 1.9232
38.8256 -1.72406 -0.228804
35.8876 -3.94106 0.956196
33.3416 -1.20606 -0.0418045
35.1386 -0.808063 -3.4318
35.0516 -4.63406 -3.8628
31.2786 -4.94306 -3.1148
30.5906 -1.89106 -5.3828
32.5456 -3.56706 -8.2698
30.7716 -6.88006 -7.4788
27.2746 -5.32806 -8.0628
28.3656 -3.99706 -11.5338

29.8456 -7.32706 -12.7858
28.0156 -8.42506 -15.9908
28.1566 -12.2051 -15.4558
26.2856 -12.3661 -12.0708
22.7126 -13.5941 -11.5638

19.9166 -11.2071 -10.4098
20.2356 -12.8691 -6.9468
24.0576 -12.4101 -6.6578
23.5066 -8.70806 -7.6288
20.9176 -8.35506 -4.7538
23.2856 -10.1751 -2.3168
26.2346 -7.88306 -3.2738
23.8836 -4.84506 -2.8178
22.8686 -6.04706 0.706196
26.5836 -6.62806 1.5132
27.5536 -3.10706 0.241196
24.7266 -1.56806 2.3562
25.6816 -3.51706 5.5542
29.4146 -2.60006 4.9872
28.3646 1.08994 4.6272
26.7136 0.900937 8.0872
29.8736 -0.680063 9.6562
32.1736 1.88094 7.9282
30.1746 4.85494 9.3742
30.1216 3.65894 13.0722
33.4086 5.41194 14.2092
32.4716 8.84494 12.7372
28.7866 8.48994 13.7772
30.1276 7.94194 17.3482
32.5996 10.8849 16.9612
29.6726 13.1359 15.8782
27.3606 11.9839 18.7682
30.1656 12.7519 21.2792
30.8196 16.2019 19.6542
27.0706 16.9989 20.1302
27.1976 15.9879 23.8552
30.5226 17.8529 24.4452

28.8646 20.9319 22.7622
26.3846 20.9169 25.7362
23.2156 19.6199 23.9452
20.5216 18.6669 26.4732
18.2686 16.3179 24.3492

18.4876 14.7229 20.8682
17.3196 11.6469 18.8972
19.6896 9.28494 17.0222
18.1036 7.21794 14.2182
19.7246 4.06294 12.7472

18.3426 0.761937 11.2702
21.2206 -1.78206 11.3252

21.3516 -3.46606 14.7782
25.2146 -3.26406 14.8362
24.9846 0.592937 14.5942
22.3816 0.777937 17.4382
24.5426 -1.65706 19.5242
27.8076 0.324937 18.9702
26.1306 3.70394 19.8162
24.5776 2.27494 23.0552
27.9136 0.641937 24.0852
29.8556 3.94494 23.6652
27.1696 5.95794 25.5732
27.3876 3.36694 28.4382
31.2496 3.59094 28.3232

30.9616 7.44594 28.5792
28.2936 7.01394 31.3802
25.7156 8.97394 29.2782
22.1116 8.28694 30.3472

20.1086 7.29594 27.2362
17.0236 5.32794 26.0702
16.9456 2.61094 23.3542
13.9436 1.50994 21.2102

14.2096 -1.21206 18.5122
12.3766 -4.30806 17.0982
12.9546 -6.22506 20.4072
11.5206 -3.47606 22.7232
8.00758 -4.48106 23.9122
4.84458 -2.38506 23.2562
4.47158 -1.27706 26.9442

8.22958 -0.635063 27.5312
8.22058 1.58994 24.3642
5.65958 3.92194 26.0282
7.50858 3.86694 29.4122
10.9446 4.65494 27.8042
9.20358 7.42394 25.7812
7.86958 8.91194 29.0812
11.3466 8.52894 30.7342
12.9946 10.5449 27.8662
10.1466 13.1449 27.9162
10.0726 13.7089 31.7272

13.7056 13.0459 32.8612
16.2896 15.8279 32.1752
19.0926 13.1999 32.6252
18.2816 11.1959 29.4472
20.2506 13.1769 26.8262

20.1086 10.6529 23.9132
17.3486 8.48194 22.4342
18.8106 5.61994 20.3042
15.9546 4.70994 17.9312
15.3806 2.18194 15.1432

14.0686 4.07794 12.0422
11.6396 1.16794 11.3332
10.5766 0.318937 14.9302
10.0896 3.91294 16.2972
8.36758 5.44194 13.1642
4.90658 4.96794 14.8522
2.90858 5.92394 18.0032
5.67558 7.68994 19.9982
6.12458 11.4619 20.6832
9.57758 13.0049 21.3922
8.74058 16.7399 21.8382
11.4506 17.0719 24.5912
14.2346 17.0069 21.9182
15.1186 19.8119 19.4212

17.5656 17.7349 17.2792
17.2566 14.5709 15.1372
20.4236 12.8039 13.8522
20.0466 10.1709 11.1082

23.2066 8.04794 11.5522
21.9976 6.02794 8.5212
19.9866 6.83094 5.3732
16.7936 4.86594 4.5772
15.7076 4.31194 0.910196
12.0616 5.28394 1.6552

11.5216 9.06094 2.3032
8.04858 8.51294 3.8662
9.74958 6.64594 6.7862
12.3686 9.44194 7.2012
9.53158 12.0699 7.3552
7.65158 9.82994 9.8902
10.8296 9.82294 12.0702
11.3036 13.6739 11.8382

7.60558 14.1489 12.8562
8.27958 12.3019 16.1402
9.90058 15.5819 17.4052
7.96858 18.1039 15.2602
4.58458 17.6109 17.0842
2.04458 19.7849 18.9672
3.96858 20.7269 22.1642
7.27658 21.4989 20.3422
8.50558 25.0989 21.0562
12.0276 25.0299 19.4432
13.1306 24.9929 15.7572

13.7526 21.3119 14.9342
17.2426 20.4909 13.6022
17.5046 17.4399 11.2672
21.0656 16.1879 10.5262
21.5696 13.5039 7.8142
24.9896 11.8089 8.3222
26.5226 10.7929 4.9192

29.9116 9.29294 3.8972
31.6126 9.81194 0.468196
32.7186 6.44694 -1.0558
29.6956 4.47194 0.362196
26.0236 3.47194 -0.263804

25.0116 7.05594 0.815196
26.3306 8.39994 -2.5688
23.5506 6.39194 -4.3788
20.8516 6.46894 -1.6448
20.8156 10.2829 -1.2248
20.0046 11.1249 -4.9388
17.4196 8.23794 -4.8888
15.7106 9.67494 -1.7448
15.7236 13.1879 -3.3618
14.0306 12.1049 -6.6438
11.4296 10.1799 -4.5288
10.5876 13.3149 -2.4098
10.2276 15.3069 -5.6818
7.75458 12.6619 -7.0468
5.83258 12.9279 -3.7148
5.84758 16.7919 -3.8788
4.62058 16.8759 -7.5488

1.74758 14.5539 -6.4318
0.947577 17.0959 -3.5868
2.02358 14.4949 -0.942804
5.04358 16.4019 0.533196
6.21858 20.0169 1.1052
9.67658 18.5779 1.8402
12.1506 19.7139 -0.804804
15.5906 18.0419 -0.331804
17.4756 19.8479 -3.2208

18.4816 22.9369 -1.1388
20.5296 20.7479 1.3042
22.8766 19.4309 -1.4748
23.7276 22.8279 -3.0338

24.9926 23.7869 0.496196
27.4776 20.8139 0.919196

End chain 1
