-13.201 -6.296 -53.957
-10.703 -3.406 -53.291
-9.54 -3.087 -49.639
-11.02 0.322 -48.639
-8.614 1.85 -46.053
-10.787 3.126 -43.162

-9.634 6.195 -41.181
-10.061 4.9 -37.589
-10.286 6.838 -34.306
-12.195 7.103 -30.979
-14.163 9.439 -28.711
-12.619 10.223 -25.263
-14.157 12.207 -22.344

-11.943 15.248 -21.466
-14.301 16.978 -18.949
-17.827 16.65 -17.399
-19.139 18.761 -20.353

-16.752 17.96 -23.312
-15.482 14.956 -25.281
-12.62 14.751 -27.824
-12.437 12.939 -31.204
-8.982 11.264 -31.393
-8.672 10.357 -35.1

-6.282 10.744 -38.079
-6.98 13.557 -40.6
-9.895 13.022 -43.051

-11.208 15.853 -45.293
-14.92 14.856 -45.011
-14.611 14.37 -41.226
-13.015 17.857 -40.827
-15.875 19.254 -42.999
-18.403 17.482 -40.669
-16.559 18.759 -37.515
-16.844 22.341 -38.957

-20.697 21.797 -39.029
-20.861 21.033 -35.24
-22.116 23.933 -33.104
-20.016 23.255 -29.939
-16.791 22.621 -31.971

-13.393 23.436 -30.391
-10.011 22.816 -32.063
-6.805 22.812 -29.99

-3.883 23.919 -32.209
-1.328 22.314 -29.773
-2.753 18.736 -29.691
-4.334 19.137 -33.217

-7.578 17.622 -31.79
-11.313 18.386 -31.995
-13.683 18.544 -28.991
-17.466 19.001 -28.65
-20.131 19.402 -25.91

-21.257 16.038 -24.476
-24.923 16.743 -25.497
-23.731 16.722 -29.178
-22.178 13.179 -28.839
-25.228 11.354 -30.322
-25.57 14.044 -33.093
-21.852 13.682 -34.021
-21.815 9.829 -34.037
-25.045 9.774 -36.128
-23.507 12.176 -38.75
-20.093 10.348 -38.803

-21.793 6.948 -39.527
-22.962 8.546 -42.834
-19.328 9.196 -43.991
-17.677 6.563 -46.261
-14.251 5.2 -45.121

-14.46 6.789 -41.562
-14.765 4.819 -38.279
-15.142 6.964 -35.114
-15.663 4.659 -32.101

-18.218 6.249 -29.657
-17.862 6.903 -25.912
-18.35 3.469 -24.195
-21.794 2.549 -22.772
-20.235 2.829 -19.255
-19.534 6.58 -19.812
-22.964 7.196 -21.431
-24.623 5.531 -18.378
-22.42 7.523 -15.909

-23.028 10.919 -17.654
-26.668 10.153 -18.714
-27.851 13.482 -17.123

-25.214 15.594 -18.963
-26 13.8 -22.296
-29.631 15.147 -21.909

-29.014 18.802 -20.797
-28.522 21.656 -23.337
-27.494 23.803 -20.296
-24.374 24.206 -18.108
-26.03 23.63 -14.722
-23.195 22.587 -12.38
-23.731 19.355 -10.334

-27.219 19.392 -8.694
-26.798 20.208 -4.988
-26.578 17.032 -2.906
-29.814 16.999 -0.82
-29.276 16.946 2.956
-30.305 13.551 4.343

-32.727 13.25 7.268
-30.389 11.851 9.975
-33.077 12.019 12.787
-33.159 8.159 12.923
-29.32 8.149 13.454
-27.82 8.306 16.969

-27.52 12.074 17.913
-23.991 11.509 19.371
-22.796 10.469 15.867
-24.731 13.185 13.93
-23.402 16.008 16.22
-19.738 14.82 15.861

-19.687 14.822 11.995
-17.445 17.587 10.586

-19.106 19.692 7.763
-17.231 17.783 4.996
-18.064 14.402 6.666
-21.796 15.407 6.677
-21.562 16.318 2.947
-19.943 12.855 2.346
-22.788 11.075 4.244
-25.363 13.084 2.191
-23.555 12.165 -1.104
-23.43 8.459 -0.115
-27.196 8.491 0.728
-28.024 10.343 -2.565

-25.973 7.645 -4.472
-28.214 5.048 -2.67
-25.512 3.7 -0.27

-23.352 2.353 -3.174
-19.956 4.118 -3.237
-16.209 4.012 -2.721
-15.295 6.541 0.021

-11.694 7.195 -1.128

-11.135 10.189 1.225
-7.504 10.605 2.377

-6.048 8.715 5.398
-7.361 9.956 8.784
-10.233 12.169 7.374
-12.706 9.981 9.408

-13.844 7.354 6.831
-15.012 5.081 9.734
-17.363 7.714 11.316
-18.876 8.506 7.854
-19.282 4.738 7.09
-21.02 4.042 10.461
-23.415 6.996 9.798
-24.247 5.855 6.195
-24.846 2.277 7.463
-26.955 3.52 10.461
-29.227 5.531 8.078

-29.9 2.058 6.507

-30.384 0.293 9.981
-33.886 -0.857 8.77
-32.05 -2.956 6.062
-29.626 -4.868 8.41
-27.981 -7.413 9.17

-24.774 -5.448 8.488
-21.551 -7.137 7.269
-18.235 -5.328 7.997
-15.132 -6.739 6.223
-11.829 -5.357 7.603

-8.05 -6.016 7.986
-7.416 -8.82 10.567
-5.856 -6.305 13.093
-8.689 -3.64 13.199

-11.758 -5.868 14.003
-11.895 -4.753 17.675
-11.154 -1.102 16.63
-14.365 -1.304 14.506
-16.414 -2.897 17.375
-15.268 -0.08 19.729
-16.109 2.476 16.969
-19.722 1.111 16.76
-20.082 1.14 20.611
-18.596 4.7 20.723
-20.823 6.195 17.978

-24.121 4.191 18.24
-24.851 3.95 22.056
-28.388 2.791 20.948
-26.764 -0.701 20.406
-26.03 -3.285 23.117

-22.632 -5.104 22.857
-24.638 -8.32 22.08
-25.78 -6.667 18.791

-22.091 -6.816 17.576
-20.505 -10.124 16.488
-16.681 -10.041 16.081

-15.702 -13.116 14.035
-12.316 -14.303 15.372
-12.201 -17.837 13.813
-13.405 -19.799 10.735
-15.769 -21.82 13.07
-17.788 -18.808 14.317
-21.352 -17.917 13.159
-21.075 -14.973 10.701
-24.816 -14.102 11.273
-24.919 -14.166 15.127
-25.108 -10.332 15.536
-27.08 -7.466 13.995

-23.588 -6.14 13.038
-21.065 -8.833 11.965
-17.336 -7.898 11.803
-15.009 -10.302 9.887
-11.529 -10.295 8.291

-10.658 -10.74 4.577
-8.757 -14.009 5.375
-11.833 -15.546 7.113
-14.3 -14.769 4.222

-12.926 -17.715 2.14
-13.287 -20.073 5.183
-16.843 -18.74 5.845
-18.014 -18.815 2.139
-20.731 -21.415 3.044
-22.243 -18.836 5.512
-21.955 -15.894 2.989
-25.071 -17.433 1.278
-27.188 -15.451 3.825
-28.094 -12.137 2.052
-26.367 -9.235 3.842
-28.236 -6.215 2.36

-25.704 -3.677 3.792
-21.936 -4.298 3.429
-19.007 -2.145 4.602
-15.517 -3.11 3.36

-12.662 -1.237 5.059
-9.341 -0.865 3.151

-11.066 -2.352 0.031
-7.765 -2.207 -1.968
-7.252 -5.742 -0.456
-9.774 -6.866 -3.176

-7.558 -5.436 -6.054
-6.861 -8.909 -7.611
-9.913 -10.983 -8.736
-7.994 -14.348 -8.638
-7.386 -14.116 -4.839

-9.551 -16.269 -2.508
-10.568 -13.122 -0.487
-11.832 -11.409 -3.693
-13.586 -14.593 -5.006
-15.461 -14.905 -1.648
-16.313 -11.137 -1.332
-17.465 -10.353 -4.925
-20.7 -12.523 -5.003
-21.961 -10.786 -1.799
-21.004 -7.272 -3.064
-22.893 -7.826 -6.386
-26.148 -8.927 -4.576

-26.072 -6.644 -1.465
-28.372 -3.542 -1.704

-25.826 -1.116 -0.104
-22.019 -1.347 -0.629
-19.769 1.077 1.29
-16.145 0.543 0.177
-13.427 2.479 2.088

-9.739 3.065 1.181
-6.998 5.712 1.573
-5.29 4.301 -1.537
-8.002 2.778 -3.832
-5.263 1.979 -6.345
-1.844 1.044 -4.877
0.179 1.273 -8.156
-1.96 0.815 -11.364

-5.486 1.412 -12.884
-6.145 -2.396 -13.101
-6.402 -2.518 -9.223
-9.619 -0.37 -9.379
-11.628 -2.846 -11.528
-12.904 -5.026 -8.614
-13.981 -1.892 -6.643
-15.738 -0.406 -9.758
-17.759 -3.638 -10.376
-18.545 -3.926 -6.614
-20.104 -0.383 -6.596

-21.607 -0.654 -10.172
-21.992 -4.37 -11.257
-23.172 -3.251 -14.78
-19.935 -1.29 -15.508
-17.337 -3.236 -17.592
-18.9 -6.785 -17.229
-15.576 -8.217 -18.571

-12.101 -7.019 -17.429
-10.719 -7.022 -21.032
-12.866 -3.967 -22.03
-11.565 -2.031 -18.959
-7.965 -3.199 -19.668
-8.028 -2.162 -23.384
-9.238 1.366 -22.43
-7.403 2.18 -19.142

-4.51 -0.351 -18.764
-2.851 0.132 -22.242
-3.499 -3.577 -22.858

-0.922 -5.224 -25.189
-1.171 -8.572 -27.031
2.109 -10.415 -26.274

3.105 -13.897 -27.702
2.055 -15.464 -24.315

-1.301 -13.571 -23.908
-2.465 -10.088 -22.814
-0.375 -7.663 -20.732

-2.386 -5.192 -18.538
0.545 -3.576 -16.579
0.214 -0.249 -18.472
-2.005 2.838 -18.126
-4.133 4.898 -20.565
-6.888 7.593 -20.643

-6.428 8.31 -16.868
-8.259 11.708 -16.967
-11.359 9.932 -18.424
-11.034 7.218 -15.72
-10.853 9.986 -13.027
-14.061 11.624 -14.396
-15.894 8.229 -14.505
-14.782 7.406 -10.918
-15.841 10.804 -9.431
-19.243 10.854 -11.244
-20.42 7.245 -10.709

-19.8953 8.40574 -7.11469

-20.9355 10.7071 -4.36905
-21.0678 13.3944 -1.60671

-17.4648 14.6364 -1.07371
-16.1578 17.6374 0.915292
-12.5828 18.4724 1.88929

-11.0568 19.9564 5.11729
-10.4458 23.1604 3.09529
-14.2008 23.4094 2.19529
-15.6408 23.0394 5.75529

-12.8298 23.5344 8.37729
-10.8688 26.7694 7.54629
-9.45477 26.5324 11.1463
-7.44977 23.2644 10.7303

-3.65077 23.9584 10.7153
-1.89777 23.2244 7.39129

-0.24177 19.8544 6.64829
3.37423 20.7024 5.67029
4.91123 17.8124 3.66829
8.59023 17.3144 2.72129
10.9522 14.7054 1.31929
13.9932 14.0104 3.56029
16.8122 12.4564 1.50529

18.5922 10.2554 4.09629
22.3072 10.0744 3.28629

23.2912 6.84341 1.36329
26.9062 7.31441 2.69129
25.8682 5.12241 5.71329

24.8272 2.33341 3.22829
27.9652 0.152412 3.29429

29.4712 -1.12059 -0.00370835
28.1592 -4.73859 0.537292
24.5372 -3.54059 1.08829
24.8142 -1.21059 -1.97271
26.2432 -4.05559 -4.12471
23.3052 -6.27259 -2.93971
20.7592 -3.53759 -3.93771
22.5562 -3.13959 -7.32771
22.4692 -6.96559 -7.75871
18.6962 -7.27459 -7.01071
18.0082 -4.22259 -9.27871
19.9632 -5.89859 -12.1657
18.1892 -9.21159 -11.3747
14.6922 -7.65959 -11.9587
15.7832 -6.32859 -15.4297

17.2632 -9.65859 -16.6817
15.4332 -10.7566 -19.8867
15.5742 -14.5366 -19.3517
13.7032 -14.6976 -15.9667
10.1302 -15.9256 -15.4597

7.33423 -13.5386 -14.3057
7.65323 -15.2006 -10.8427
11.4752 -14.7416 -10.5537
10.9242 -11.0396 -11.5247
8.33523 -10.6866 -8.64971
10.7032 -12.5066 -6.21271
13.6522 -10.2146 -7.16971
11.3012 -7.17659 -6.71371
10.2862 -8.37859 -3.18971
14.0012 -8.95959 -2.38271
14.9712 -5.43859 -3.65471
12.1442 -3.89959 -1.53971
13.0992 -5.84859 1.65829
16.8322 -4.93159 1.09129
15.7822 -1.24159 0.731292
14.1312 -1.43059 4.19129
17.2912 -3.01159 5.76029
19.5912 -0.450588 4.03229
17.5922 2.52341 5.47829
17.5392 1.32741 9.17629
20.8262 3.08041 10.3133
19.8892 6.51341 8.84129
16.2042 6.15841 9.88129
17.5452 5.61041 13.4523
20.0172 8.55341 13.0653
17.0902 10.8044 11.9823
14.7782 9.65241 14.8723
17.5832 10.4204 17.3833
18.2372 13.8704 15.7583
14.4882 14.6674 16.2343
14.6152 13.6564 19.9593
17.9402 15.5214 20.5493

16.2822 18.6004 18.8663
13.8022 18.5854 21.8403
10.6332 17.2884 20.0493
7.93923 16.3354 22.5773
5.68623 13.9864 20.4533

5.90523 12.3914 16.9723
4.73723 9.31541 15.0013
7.10723 6.95341 13.1263
5.52123 4.88641 10.3223
7.14223 1.73141 8.85129

5.76023 -1.56959 7.37429
8.63823 -4.11359 7.42929

8.76923 -5.79759 10.8823
12.6322 -5.59559 10.9403
12.4022 -1.73859 10.6983
9.79923 -1.55359 13.5423
11.9602 -3.98859 15.6283
15.2252 -2.00659 15.0743
13.5482 1.37241 15.9203
11.9952 -0.0565877 19.1593
15.3312 -1.68959 20.1893
17.2732 1.61341 19.7693
14.5872 3.62641 21.6773
14.8052 1.03541 24.5423
18.6672 1.25941 24.4273

18.3792 5.11441 24.6833
15.7112 4.68241 27.4843
13.1332 6.64241 25.3823
9.52923 5.95541 26.4513

7.52623 4.96441 23.3403
4.44123 2.99641 22.1743
4.36323 0.279412 19.4583
1.36123 -0.821588 17.3143

1.62723 -3.54359 14.6163
-0.20577 -6.63959 13.2023
0.37223 -8.55659 16.5113
-1.06177 -5.80759 18.8273
-4.57477 -6.81259 20.0163
-7.73777 -4.71659 19.3603
-8.11077 -3.60859 23.0483

-4.35277 -2.96659 23.6353
-4.36177 -0.741588 20.4683
-6.92277 1.59041 22.1323
-5.07377 1.53541 25.5163
-1.63777 2.32341 23.9083
-3.37877 5.09241 21.8853
-4.71277 6.58041 25.1853
-1.23577 6.19741 26.8383
0.41223 8.21341 23.9703
-2.43577 10.8134 24.0203
-2.50977 11.3774 27.8313

1.12323 10.7144 28.9653
3.70723 13.4964 28.2793
6.51023 10.8684 28.7293
5.69923 8.86441 25.5513
7.66823 10.8454 22.9303

7.52623 8.32141 20.0173
4.76623 6.15041 18.5383
6.22823 3.28841 16.4083
3.37223 2.37841 14.0353
2.79823 -0.149588 11.2473

1.48623 1.74641 8.14629
-0.94277 -1.16359 7.43729
-2.00577 -2.01259 11.0343
-2.49277 1.58141 12.4013
-4.21477 3.11041 9.26829
-7.67577 2.63641 10.9563
-9.67377 3.59241 14.1073
-6.90677 5.35841 16.1023
-6.45777 9.13041 16.7873
-3.00477 10.6734 17.4963
-3.84177 14.4084 17.9423
-1.13177 14.7404 20.6953
1.65223 14.6754 18.0223
2.53623 17.4804 15.5253

4.98323 15.4034 13.3833
4.67423 12.2394 11.2413
7.84123 10.4724 9.95629
7.46423 7.83941 7.21229

10.6242 5.71641 7.65629
9.41523 3.69641 4.62529
7.40423 4.49941 1.47729
4.21123 2.53441 0.681292
3.12523 1.98041 -2.98571
-0.52077 2.95241 -2.24071

-1.06077 6.72941 -1.59271
-4.53377 6.18141 -0.0297083
-2.83277 4.31441 2.89029
-0.21377 7.11041 3.30529
-3.05077 9.73841 3.45929
-4.93077 7.49841 5.99429
-1.75277 7.49141 8.17429
-1.27877 11.3424 7.94229

-4.97677 11.8174 8.96029
-4.30277 9.97041 12.2443
-2.68177 13.2504 13.5093
-4.61377 15.7724 11.3643
-7.99777 15.2794 13.1883
-10.5378 17.4534 15.0713
-8.61377 18.3954 18.2683
-5.30577 19.1674 16.4463
-4.07677 22.7674 17.1603
-0.55477 22.6984 15.5473
0.54823 22.6614 11.8613

1.17023 18.9804 11.0383
4.66023 18.1594 9.70629
4.92223 15.1084 7.37129
8.48323 13.8564 6.63029
8.98723 11.1724 3.91829
12.4072 9.47741 4.42629
13.9402 8.46141 1.02329

17.3292 6.96141 0.00129165
19.0302 7.48041 -3.42771
20.1362 4.11541 -4.95171
17.1132 2.14041 -3.53371
13.4412 1.14041 -4.15971

12.4292 4.72441 -3.08071
13.7482 6.06841 -6.46471
10.9682 4.06041 -8.27471
8.26923 4.13741 -5.54071
8.23323 7.95141 -5.12071
7.42223 8.79341 -8.83471
4.83723 5.90641 -8.78471
3.12823 7.34341 -5.64071
3.14123 10.8564 -7.25771
1.44823 9.77341 -10.5397
-1.15277 7.84841 -8.42471
-1.99477 10.9834 -6.30571
-2.35477 12.9754 -9.57771
-4.82777 10.3304 -10.9427
-6.74977 10.5964 -7.61071
-6.73477 14.4604 -7.77471
-7.96177 14.5444 -11.4447

-10.8348 12.2224 -10.3277
-11.6348 14.7644 -7.48271
-10.5588 12.1634 -4.83871
-7.53877 14.0704 -3.36271
-6.36377 17.6854 -2.79071
-2.90577 16.2464 -2.05571
-0.43177 17.3824 -4.70071
3.00823 15.7104 -4.22771
4.89323 17.5164 -7.11671

5.89923 20.6054 -5.03471
7.94723 18.4164 -2.59171
10.2942 17.0994 -5.37071
11.1452 20.4964 -6.92971

12.4102 21.4554 -3.39971
14.8952 18.4824 -2.97671

End chain 1
