-13.201 -6.296 -53.957
-10.703 -3.406 -53.291
-9.54 -3.087 -49.639
-11.02 0.322 -48.639
-8.614 1.85 -46.053
-10.787 3.126 -43.162

-9.634 6.195 -41.181
-10.061 4.9 -37.589
-10.286 6.838 -34.306
-12.195 7.103 -30.979
-14.163 9.439 -28.711
-12.619 10.223 -25.263
-14.157 12.207 -22.344

-11.943 15.248 -21.466
-14.301 16.978 -18.949
-17.827 16.65 -17.399
-19.139 18.761 -20.353

-16.752 17.96 -23.312
-15.482 14.956 -25.281
-12.62 14.751 -27.824
-12.437 12.939 -31.204
-8.982 11.264 -31.393
-8.672 10.357 -35.1

-6.282 10.744 -38.079
-6.98 13.557 -40.6
-9.895 13.022 -43.051

-11.208 15.853 -45.293
-14.92 14.856 -45.011
-14.611 14.37 -41.226
-13.015 17.857 -40.827
-15.875 19.254 -42.999
-18.403 17.482 -40.669
-16.559 18.759 -37.515
-16.844 22.341 -38.957

-20.697 21.797 -39.029
-20.861 21.033 -35.24
-22.116 23.933 -33.104
-20.016 23.255 -29.939
-16.791 22.621 -31.971

-13.393 23.436 -30.391
-10.011 22.816 -32.063
-6.805 22.812 -29.99

-3.883 23.919 -32.209
-1.328 22.314 -29.773
-2.753 18.736 -29.691
-4.334 19.137 -33.217

-7.578 17.622 -31.79
-11.313 18.386 -31.995
-13.683 18.544 -28.991
-17.466 19.001 -28.65
-20.131 19.402 -25.91

-21.257 16.038 -24.476
-24.923 16.743 -25.497
-23.731 16.722 -29.178
-22.178 13.179 -28.839
-25.228 11.354 -30.322
-25.57 14.044 -33.093
-21.852 13.682 -34.021
-21.815 9.829 -34.037
-25.045 9.774 -36.128
-23.507 12.176 -38.75
-20.093 10.348 -38.803

-21.793 6.948 -39.527
-22.962 8.546 -42.834
-19.328 9.196 -43.991
-17.677 6.563 -46.261
-14.251 5.2 -45.121

-14.46 6.789 -41.562
-14.765 4.819 -38.279
-15.142 6.964 -35.114
-15.663 4.659 -32.101

-18.218 6.249 -29.657
-17.862 6.903 -25.912
-18.35 3.469 -24.195
-21.794 2.549 -22.772
-20.235 2.829 -19.255
-19.534 6.58 -19.812
-22.964 7.196 -21.431
-24.623 5.531 -18.378
-22.42 7.523 -15.909

-23.028 10.919 -17.654
-26.668 10.153 -18.714
-27.851 13.482 -17.123

-25.214 15.594 -18.963
-26 13.8 -22.296
-29.631 15.147 -21.909

-29.014 18.802 -20.797
-28.522 21.656 -23.337
-27.494 23.803 -20.296
-24.374 24.206 -18.108
-26.03 23.63 -14.722
-23.195 22.587 -12.38
-23.731 19.355 -10.334

-27.219 19.392 -8.694
-26.798 20.208 -4.988
-26.578 17.032 -2.906
-29.814 16.999 -0.82
-29.276 16.946 2.956
-30.305 13.551 4.343

-32.727 13.25 7.268
-30.389 11.851 9.975
-33.077 12.019 12.787
-33.159 8.159 12.923
-29.32 8.149 13.454
-27.82 8.306 16.969

-27.52 12.074 17.913
-23.991 11.509 19.371
-22.796 10.469 15.867
-24.731 13.185 13.93
-23.402 16.008 16.22
-19.738 14.82 15.861

-19.687 14.822 11.995
-17.445 17.587 10.586

-19.106 19.692 7.763
-17.231 17.783 4.996
-18.064 14.402 6.666
-21.796 15.407 6.677
-21.562 16.318 2.947
-19.943 12.855 2.346
-22.788 11.075 4.244
-25.363 13.084 2.191
-23.555 12.165 -1.104
-23.43 8.459 -0.115
-27.196 8.491 0.728
-28.024 10.343 -2.565

-26.2802 7.58413 -4.61795
-24.5739 4.79411 -6.59561
-23.4177 1.23613 -6.85089

-20.2253 0.969762 -8.86677
-17.3964 1.39027 -11.2695
-14.7957 2.12281 -13.8976
-12.2444 0.216176 -15.9055

-8.64337 0.870176 -17.0545

-8.08437 3.86418 -14.7015
-4.45337 4.28018 -13.5495

-2.99737 2.39018 -10.5285
-4.31037 3.63118 -7.14247
-7.18237 5.84418 -8.55247
-9.65537 3.65618 -6.51847

-10.7934 1.02918 -9.09547
-11.9614 -1.24382 -6.19247
-14.3124 1.38918 -4.61047
-15.8254 2.18118 -8.07247
-16.2314 -1.58682 -8.83647
-17.9694 -2.28282 -5.46547
-20.3644 0.671176 -6.12847
-21.1964 -0.469824 -9.73147
-21.7954 -4.04782 -8.46347
-23.9044 -2.80482 -5.46547
-26.1764 -0.793824 -7.84847

-26.8494 -4.26682 -9.41947

-27.3334 -6.03182 -5.94547
-30.8354 -7.18182 -7.15647
-28.9994 -9.28082 -9.86447
-26.5754 -11.1928 -7.51647
-24.9304 -13.7378 -6.75647

-21.7234 -11.7728 -7.43847
-18.5004 -13.4618 -8.65747
-15.1844 -11.6528 -7.92947
-12.0814 -13.0638 -9.70347
-8.77837 -11.6818 -8.32347

-4.99937 -12.3408 -7.94047
-4.36537 -15.1448 -5.35947
-2.80537 -12.6298 -2.83347
-5.63837 -9.96482 -2.72747

-8.70737 -12.1928 -1.92347
-8.84437 -11.0778 1.74853
-8.10337 -7.42682 0.703534
-11.3144 -7.62882 -1.42047
-13.3634 -9.22182 1.44853
-12.2174 -6.40482 3.80253
-13.0584 -3.84882 1.04253
-16.6714 -5.21382 0.833534
-17.0314 -5.18482 4.68453
-15.5454 -1.62482 4.79653
-17.7724 -0.129824 2.05153

-21.0704 -2.13382 2.31353
-21.8004 -2.37482 6.12953
-25.3374 -3.53382 5.02153
-23.7134 -7.02582 4.47953
-22.9794 -9.60982 7.19053

-19.5814 -11.4288 6.93053
-21.5874 -14.6448 6.15353
-22.7294 -12.9918 2.86453

-19.0404 -13.1408 1.64953
-17.4544 -16.4488 0.561534
-13.6304 -16.3658 0.154534

-12.6514 -19.4408 -1.89147
-9.26537 -20.6278 -0.554466
-9.15037 -24.1618 -2.11347
-10.3544 -26.1238 -5.19147
-12.7184 -28.1448 -2.85647
-14.7374 -25.1328 -1.60947
-18.3014 -24.2418 -2.76747
-18.0244 -21.2978 -5.22547
-21.7654 -20.4268 -4.65347
-21.8684 -20.4908 -0.799466
-22.0574 -16.6568 -0.390466
-24.0294 -13.7908 -1.93147

-20.5374 -12.4648 -2.88847
-18.0144 -15.1578 -3.96147
-14.2854 -14.2228 -4.12347
-11.9584 -16.6268 -6.03947
-8.47837 -16.6198 -7.63547

-7.60737 -17.0648 -11.3495
-5.70637 -20.3338 -10.5515
-8.78237 -21.8708 -8.81347
-11.2494 -21.0938 -11.7045

-9.87537 -24.0398 -13.7865
-10.2364 -26.3978 -10.7435
-13.7924 -25.0648 -10.0815
-14.9634 -25.1398 -13.7875
-17.6804 -27.7398 -12.8825
-19.1924 -25.1608 -10.4145
-18.9044 -22.2188 -12.9375
-22.0204 -23.7578 -14.6485
-24.1374 -21.7758 -12.1015
-25.0434 -18.4618 -13.8745
-23.3164 -15.5598 -12.0845
-25.1854 -12.5398 -13.5665

-22.6534 -10.0018 -12.1345
-18.8854 -10.6228 -12.4975
-15.9564 -8.46982 -11.3245
-12.4664 -9.43482 -12.5665

-9.61137 -7.56182 -10.8675
-6.29037 -7.18982 -12.7755

-8.01537 -8.67682 -15.8955
-4.71437 -8.53182 -17.8945
-4.20137 -12.0668 -16.3825
-6.72337 -13.1908 -19.1025

-4.50737 -11.7608 -21.9805
-3.81037 -15.2338 -23.5375
-6.86237 -17.3078 -24.6625
-4.94337 -20.6728 -24.5645
-4.33537 -20.4408 -20.7655

-6.50037 -22.5938 -18.4345
-7.51737 -19.4468 -16.4135
-8.78137 -17.7338 -19.6195
-10.5354 -20.9178 -20.9325
-12.4104 -21.2298 -17.5745
-13.2624 -17.4618 -17.2585
-14.4144 -16.6778 -20.8515
-17.6494 -18.8478 -20.9295
-18.9104 -17.1108 -17.7255
-17.9534 -13.5968 -18.9905
-19.8424 -14.1508 -22.3125
-23.0974 -15.2518 -20.5025

-23.0214 -12.9688 -17.3915
-25.3214 -9.86682 -17.6305

-22.7754 -7.44082 -16.0305
-18.9684 -7.67182 -16.5555
-16.7184 -5.24782 -14.6365
-13.0944 -5.78182 -15.7495
-10.3764 -3.84582 -13.8385

-6.68837 -3.25982 -14.7455
-3.94737 -0.612824 -14.3535
-2.23937 -2.02382 -17.4635
-4.95137 -3.54682 -19.7585
-2.21237 -4.34582 -22.2715
1.20663 -5.28082 -20.8035
3.22963 -5.05182 -24.0825
1.09063 -5.50982 -27.2905

-2.43537 -4.91282 -28.8105
-3.09437 -8.72082 -29.0275
-3.35137 -8.84282 -25.1495
-6.56837 -6.69482 -25.3055
-8.57737 -9.17082 -27.4545
-9.85337 -11.3508 -24.5405
-10.9304 -8.21682 -22.5695
-12.6874 -6.73082 -25.6845
-14.7084 -9.96282 -26.3025
-15.4944 -10.2508 -22.5405
-17.0534 -6.70782 -22.5225

-18.5564 -6.97882 -26.0985
-18.9414 -10.6948 -27.1835
-20.1214 -9.57582 -30.7065
-16.8844 -7.61482 -31.4345
-14.2864 -9.56082 -33.5185
-15.8494 -13.1098 -33.1555
-12.5254 -14.5418 -34.4975

-9.05037 -13.3438 -33.3555
-7.66837 -13.3468 -36.9585
-9.81537 -10.2918 -37.9565
-8.51437 -8.35582 -34.8855
-4.91437 -9.52382 -35.5945
-4.97737 -8.48682 -39.3105
-6.18737 -4.95882 -38.3565
-4.35237 -4.14482 -35.0685

-1.45937 -6.67582 -34.6905
0.199632 -6.19282 -38.1685
-0.448368 -9.90182 -38.7845

2.12863 -11.5488 -41.1155
1.87963 -14.8968 -42.9575
5.15963 -16.7398 -42.2005

6.15563 -20.2218 -43.6285
5.10563 -21.7888 -40.2415

1.74963 -19.8958 -39.8345
0.585632 -16.4128 -38.7405
2.67563 -13.9878 -36.6585

0.664632 -11.5168 -34.4645
3.59563 -9.90082 -32.5055
3.26463 -6.57382 -34.3985
1.04563 -3.48682 -34.0525
-1.08237 -1.42682 -36.4915
-3.83737 1.26818 -36.5695

-3.37737 1.98518 -32.7945
-5.20837 5.38318 -32.8935
-8.30837 3.60718 -34.3505
-7.98337 0.893176 -31.6465
-7.80237 3.66118 -28.9535
-11.0104 5.29918 -30.3225
-12.8434 1.90418 -30.4315
-11.7314 1.08118 -26.8445
-12.7904 4.47918 -25.3575
-16.1924 4.52918 -27.1705
-17.3694 0.920176 -26.6355

-15.1384 -1.08182 -24.1695

-13.0054 0.976176 -21.7855
-13.0634 3.87018 -19.3145

-9.46037 5.11218 -18.7815
-8.15337 8.11318 -16.7925
-4.57837 8.94818 -15.8185

-3.05237 10.4322 -12.5905
-2.44137 13.6362 -14.6125
-6.19637 13.8852 -15.5125
-7.63637 13.5152 -11.9525

-4.82537 14.0102 -9.33047
-2.86437 17.2452 -10.1615
-1.45037 17.0082 -6.56147
0.554632 13.7402 -6.97747

4.35363 14.4342 -6.99247
6.10663 13.7002 -10.3165

7.76263 10.3302 -11.0595
11.3786 11.1782 -12.0375
12.9156 8.28818 -14.0395
16.5946 7.79018 -14.9865
18.9566 5.18118 -16.3885
21.9976 4.48618 -14.1475
24.8166 2.93218 -16.2025

26.5966 0.731176 -13.6115
30.3116 0.550176 -14.4215

31.2956 -2.68082 -16.3445
34.9106 -2.20982 -15.0165
33.8726 -4.40182 -11.9945

32.8316 -7.19082 -14.4795
35.9696 -9.37182 -14.4135

37.4756 -10.6448 -17.7115
36.1636 -14.2628 -17.1705
32.5416 -13.0648 -16.6195
32.8186 -10.7348 -19.6805
34.2476 -13.5798 -21.8325
31.3096 -15.7968 -20.6475
28.7636 -13.0618 -21.6455
30.5606 -12.6638 -25.0355
30.4736 -16.4898 -25.4665
26.7006 -16.7988 -24.7185
26.0126 -13.7468 -26.9865
27.9676 -15.4228 -29.8735
26.1936 -18.7358 -29.0825
22.6966 -17.1838 -29.6665
23.7876 -15.8528 -33.1375

25.2676 -19.1828 -34.3895
23.4376 -20.2808 -37.5945
23.5786 -24.0608 -37.0595
21.7076 -24.2218 -33.6745
18.1346 -25.4498 -33.1675

15.3386 -23.0628 -32.0135
15.6576 -24.7248 -28.5505
19.4796 -24.2658 -28.2615
18.9286 -20.5638 -29.2325
16.3396 -20.2108 -26.3575
18.7076 -22.0308 -23.9205
21.6566 -19.7388 -24.8775
19.3056 -16.7008 -24.4215
18.2906 -17.9028 -20.8975
22.0056 -18.4838 -20.0905
22.9756 -14.9628 -21.3625
20.1486 -13.4238 -19.2475
21.1036 -15.3728 -16.0495
24.8366 -14.4558 -16.6165
23.7866 -10.7658 -16.9765
22.1356 -10.9548 -13.5165
25.2956 -12.5358 -11.9475
27.5956 -9.97482 -13.6755
25.5966 -7.00082 -12.2295
25.5436 -8.19682 -8.53147
28.8306 -6.44382 -7.39447
27.8936 -3.01082 -8.86647
24.2086 -3.36582 -7.82647
25.5496 -3.91382 -4.25547
28.0216 -0.970824 -4.64247
25.0946 1.28018 -5.72547
22.7826 0.128176 -2.83547
25.5876 0.896176 -0.324466
26.2416 4.34618 -1.94947
22.4926 5.14318 -1.47347
22.6196 4.13218 2.25153
25.9446 5.99718 2.84153

24.2866 9.07618 1.15853
21.8066 9.06118 4.13253
18.6376 7.76418 2.34153
15.9436 6.81118 4.86953
13.6906 4.46218 2.74553

13.9096 2.86718 -0.735466
12.7416 -0.208824 -2.70647
15.1116 -2.57082 -4.58147
13.5256 -4.63782 -7.38547
15.1466 -7.79282 -8.85647

13.7646 -11.0938 -10.3335
16.6426 -13.6378 -10.2785

16.7736 -15.3218 -6.82547
20.6366 -15.1198 -6.76747
20.4066 -11.2628 -7.00947
17.8036 -11.0778 -4.16547
19.9646 -13.5128 -2.07947
23.2296 -11.5308 -2.63347
21.5526 -8.15182 -1.78747
19.9996 -9.58082 1.45153
23.3356 -11.2138 2.48153
25.2776 -7.91082 2.06153
22.5916 -5.89782 3.96953
22.8096 -8.48882 6.83453
26.6716 -8.26482 6.71953

26.3836 -4.40982 6.97553
23.7156 -4.84182 9.77653
21.1376 -2.88182 7.67453
17.5336 -3.56882 8.74353

15.5306 -4.55982 5.63253
12.4456 -6.52782 4.46653
12.3676 -9.24482 1.75053
9.36563 -10.3458 -0.393466

9.63163 -13.0678 -3.09147
7.79863 -16.1638 -4.50547
8.37663 -18.0808 -1.19647
6.94263 -15.3318 1.11953
3.42963 -16.3368 2.30853
0.266632 -14.2408 1.65253
-0.106368 -13.1328 5.34053

3.65163 -12.4908 5.92753
3.64263 -10.2658 2.76053
1.08163 -7.93382 4.42453
2.93063 -7.98882 7.80853
6.36663 -7.20082 6.20053
4.62563 -4.43182 4.17753
3.29163 -2.94382 7.47753
6.76863 -3.32682 9.13053
8.41663 -1.31082 6.26253
5.56863 1.28918 6.31253
5.49463 1.85318 10.1235

9.12763 1.19018 11.2575
11.7116 3.97218 10.5715
14.5146 1.34418 11.0215
13.7036 -0.659824 7.84353
15.6726 1.32118 5.22253

15.5306 -1.20282 2.30953
12.7706 -3.37382 0.830534
14.2326 -6.23582 -1.29947
11.3766 -7.14582 -3.67247
10.8026 -9.67382 -6.46047

9.49063 -7.77782 -9.56147
7.06163 -10.6878 -10.2705
5.99863 -11.5368 -6.67347
5.51163 -7.94282 -5.30647
3.78963 -6.41382 -8.43947
0.328632 -6.88782 -6.75147
-1.66937 -5.93182 -3.60047
1.09763 -4.16582 -1.60547
1.54663 -0.393824 -0.920466
4.99963 1.14918 -0.211466
4.16263 4.88418 0.234534
6.87263 5.21618 2.98753
9.65663 5.15118 0.314534
10.5406 7.95618 -2.18247

12.9876 5.87918 -4.32447
12.6786 2.71518 -6.46647
15.8456 0.948176 -7.75147
15.4686 -1.68482 -10.4955

18.6286 -3.80782 -10.0515
17.4196 -5.82782 -13.0825
15.4086 -5.02482 -16.2305
12.2156 -6.98982 -17.0265
11.1296 -7.54382 -20.6935
7.48363 -6.57182 -19.9485

6.94363 -2.79482 -19.3005
3.47063 -3.34282 -17.7375
5.17163 -5.20982 -14.8175
7.79063 -2.41382 -14.4025
4.95363 0.214176 -14.2485
3.07363 -2.02582 -11.7135
6.25163 -2.03282 -9.53347
6.72563 1.81818 -9.76547

3.02763 2.29318 -8.74747
3.70163 0.446176 -5.46347
5.32263 3.72618 -4.19847
3.39063 6.24818 -6.34347
0.0066316 5.75518 -4.51947
-2.53337 7.92918 -2.63647
-0.609368 8.87118 0.560534
2.69863 9.64318 -1.26147
3.92763 13.2432 -0.547466
7.44963 13.1742 -2.16047
8.55263 13.1372 -5.84647

9.17463 9.45618 -6.66947
12.6646 8.63518 -8.00147
12.9266 5.58418 -10.3365
16.4876 4.33218 -11.0775
16.9916 1.64818 -13.7895
20.4116 -0.0468242 -13.2815
21.9446 -1.06282 -16.6845

25.3336 -2.56282 -17.7065
27.0346 -2.04382 -21.1355
28.1406 -5.40882 -22.6595
25.1176 -7.38382 -21.2415
21.4456 -8.38382 -21.8675

20.4336 -4.79982 -20.7885
21.7526 -3.45582 -24.1725
18.9726 -5.46382 -25.9825
16.2736 -5.38682 -23.2485
16.2376 -1.57282 -22.8285
15.4266 -0.730824 -26.5425
12.8416 -3.61782 -26.4925
11.1326 -2.18082 -23.3485
11.1456 1.33218 -24.9655
9.45263 0.249176 -28.2475
6.85163 -1.67582 -26.1325
6.00963 1.45918 -24.0135
5.64963 3.45118 -27.2855
3.17663 0.806176 -28.6505
1.25463 1.07218 -25.3185
1.26963 4.93618 -25.4825
0.0426316 5.02018 -29.1525

-2.83037 2.69818 -28.0355
-3.63037 5.24018 -25.1905
-2.55437 2.63918 -22.5465
0.465632 4.54618 -21.0705
1.64063 8.16118 -20.4985
5.09863 6.72218 -19.7635
7.57263 7.85818 -22.4085
11.0126 6.18618 -21.9355
12.8976 7.99218 -24.8245

13.9036 11.0812 -22.7425
15.9516 8.89218 -20.2995
18.2986 7.57518 -23.0785
19.1496 10.9722 -24.6375

20.4146 11.9312 -21.1075
22.8996 8.95818 -20.6845

End chain 1
