-13.201 -6.296 -53.957
-10.703 -3.406 -53.291
-9.54 -3.087 -49.639
-11.02 0.322 -48.639
-8.614 1.85 -46.053
-10.787 3.126 -43.162

-9.634 6.195 -41.181
-10.061 4.9 -37.589
-10.286 6.838 -34.306
-12.195 7.103 -30.979
-14.163 9.439 -28.711
-12.619 10.223 -25.263
-14.157 12.207 -22.344

-11.943 15.248 -21.466
-14.301 16.978 -18.949
-17.827 16.65 -17.399
-19.139 18.761 -20.353

-16.752 17.96 -23.312
-15.482 14.956 -25.281
-12.62 14.751 -27.824
-12.437 12.939 -31.204
-8.982 11.264 -31.393
-8.672 10.357 -35.1

-6.282 10.744 -38.079
-6.98 13.557 -40.6
-9.895 13.022 -43.051

-11.208 15.853 -45.293
-14.92 14.856 -45.011
-14.611 14.37 -41.226
-13.015 17.857 -40.827
-15.875 19.254 -42.999
-18.403 17.482 -40.669
-16.559 18.759 -37.515
-16.844 22.341 -38.957

-20.697 21.797 -39.029
-20.861 21.033 -35.24
-22.116 23.933 -33.104
-20.016 23.255 -29.939
-16.791 22.621 -31.971

-13.393 23.436 -30.391
-10.011 22.816 -32.063
-6.805 22.812 -29.99

-3.883 23.919 -32.209
-1.328 22.314 -29.773
-2.753 18.736 -29.691
-4.334 19.137 -33.217

-7.578 17.622 -31.79
-11.313 18.386 -31.995
-13.683 18.544 -28.991
-17.466 19.001 -28.65
-20.131 19.402 -25.91

-21.257 16.038 -24.476
-24.923 16.743 -25.497
-23.731 16.722 -29.178
-22.178 13.179 -28.839
-25.228 11.354 -30.322
-25.57 14.044 -33.093
-21.852 13.682 -34.021
-21.815 9.829 -34.037
-25.045 9.774 -36.128
-23.507 12.176 -38.75
-20.093 10.348 -38.803

-21.793 6.948 -39.527
-22.962 8.546 -42.834
-19.328 9.196 -43.991
-17.677 6.563 -46.261
-14.251 5.2 -45.121

-14.46 6.789 -41.562
-14.765 4.819 -38.279
-15.142 6.964 -35.114
-15.663 4.659 -32.101

-18.218 6.249 -29.657
-17.862 6.903 -25.912
-18.35 3.469 -24.195
-21.794 2.549 -22.772
-20.235 2.829 -19.255
-19.534 6.58 -19.812
-22.964 7.196 -21.431
-24.623 5.531 -18.378
-22.42 7.523 -15.909

-23.028 10.919 -17.654
-26.668 10.153 -18.714
-27.851 13.482 -17.123

-25.214 15.594 -18.963
-26 13.8 -22.296
-29.631 15.147 -21.909

-29.014 18.802 -20.797
-28.522 21.656 -23.337
-27.494 23.803 -20.296
-24.374 24.206 -18.108
-26.03 23.63 -14.722
-23.195 22.587 -12.38
-23.731 19.355 -10.334

-27.219 19.392 -8.694
-26.798 20.208 -4.988
-26.578 17.032 -2.906
-29.814 16.999 -0.82
-29.276 16.946 2.956
-30.305 13.551 4.343

-32.727 13.25 7.268
-30.389 11.851 9.975
-33.077 12.019 12.787
-33.159 8.159 12.923
-29.32 8.149 13.454
-27.82 8.306 16.969

-27.52 12.074 17.913
-23.991 11.509 19.371
-22.796 10.469 15.867
-24.731 13.185 13.93
-23.402 16.008 16.22
-19.738 14.82 15.861

-19.687 14.822 11.995
-17.445 17.587 10.586

-19.106 19.692 7.763
-17.231 17.783 4.996
-18.064 14.402 6.666
-21.796 15.407 6.677
-21.562 16.318 2.947
-19.943 12.855 2.346
-22.788 11.075 4.244
-25.363 13.084 2.191
-23.555 12.165 -1.104
-23.43 8.459 -0.115
-27.196 8.491 0.728
-28.024 10.343 -2.565

-25.973 7.645 -4.472
-28.214 5.048 -2.67
-25.512 3.7 -0.27

-23.352 2.353 -3.174
-19.956 4.118 -3.237
-16.209 4.012 -2.721
-15.295 6.541 0.021

-11.694 7.195 -1.128

-11.135 10.189 1.225
-7.504 10.605 2.377

-6.048 8.715 5.398
-7.361 9.956 8.784
-10.233 12.169 7.374
-12.706 9.981 9.408

-13.844 7.354 6.831
-15.012 5.081 9.734
-17.363 7.714 11.316
-18.876 8.506 7.854
-19.282 4.738 7.09
-21.02 4.042 10.461
-23.415 6.996 9.798
-24.247 5.855 6.195
-24.846 2.277 7.463
-26.955 3.52 10.461
-29.227 5.531 8.078

-29.9 2.058 6.507

-30.384 0.293 9.981
-33.886 -0.857 8.77
-32.05 -2.956 6.062
-29.626 -4.868 8.41
-27.981 -7.413 9.17

-24.774 -5.448 8.488
-21.551 -7.137 7.269
-18.235 -5.328 7.997
-15.132 -6.739 6.223
-11.829 -5.357 7.603

-8.05 -6.016 7.986
-7.416 -8.82 10.567
-5.856 -6.305 13.093
-8.689 -3.64 13.199

-11.758 -5.868 14.003
-11.895 -4.753 17.675
-11.154 -1.102 16.63
-14.365 -1.304 14.506
-16.414 -2.897 17.375
-15.268 -0.08 19.729
-16.109 2.476 16.969
-19.722 1.111 16.76
-20.082 1.14 20.611
-18.596 4.7 20.723
-20.823 6.195 17.978

-24.121 4.191 18.24
-24.851 3.95 22.056
-28.388 2.791 20.948
-26.764 -0.701 20.406
-26.03 -3.285 23.117

-22.632 -5.104 22.857
-24.638 -8.32 22.08
-25.78 -6.667 18.791

-22.091 -6.816 17.576
-20.505 -10.124 16.488
-16.681 -10.041 16.081

-13.5688 -10.6635 14.1208
-10.8281 -9.88973 11.5841
-7.09011 -9.98715 12.2358
-5.85768 -6.40585 12.863
-6.64083 -6.74965 9.18453
-4.16661 -7.05689 6.24871
-3.37014 -3.67128 4.59607
-4.9739 -0.250218 4.74199
-5.49368 -1.24712 8.37925
-3.02166 0.733958 10.3961
-0.665872 3.33656 9.12257
-2.5166 6.32708 10.4365

-2.12018 9.67285 12.2883
-1.30278 12.0169 15.2789
-2.71267 15.1624 17.0703
-3.65446 15.0532 20.7611
-1.41618 13.0548 23.0209

-0.545182 12.6098 19.3069
1.35582 9.34083 20.1049
-1.72018 7.80383 21.8429
-4.18718 8.58083 18.9519

-2.81318 5.63483 16.8699
-3.17418 3.27683 19.9129
-6.73018 4.60983 20.5749
-7.90118 4.53483 16.8689
-10.6182 1.93483 17.7739
-12.1302 4.51383 20.2419
-11.8422 7.45583 17.7189
-14.9582 5.91683 16.0079
-17.0752 7.89883 18.5549
-17.9812 11.2128 16.7819
-16.2542 14.1148 18.5719
-18.1232 17.1348 17.0899

-15.5912 19.6728 18.5219
-11.8232 19.0518 18.1589
-8.89418 21.2048 19.3319
-5.40418 20.2398 18.0899

-2.54918 22.1128 19.7889
0.771818 22.4848 17.8809

-0.953182 20.9978 14.7609
2.34782 21.1428 12.7619
2.86082 17.6078 14.2739
0.338818 16.4838 11.5539

2.55482 17.9138 8.6759
3.25182 14.4408 7.1189
0.199818 12.3668 5.9939
2.11882 9.00183 6.0919
2.72682 9.23383 9.8909

0.561818 7.08083 12.2219
-0.455182 10.2278 14.2429
-1.71918 11.9408 11.0369
-3.47318 8.75683 9.7239
-5.34818 8.44483 13.0819
-6.20018 12.2128 13.3979
-7.35218 12.9968 9.8049
-10.5872 10.8268 9.7269
-11.8482 12.5638 12.9309
-10.8912 16.0778 11.6659
-12.7802 15.5238 8.3439
-16.0352 14.4228 10.1539

-15.9592 16.7058 13.2649
-18.2592 19.8078 13.0259

-15.7132 22.2338 14.6259
-11.9062 22.0028 14.1009
-9.65618 24.4268 16.0199
-6.03218 23.8928 14.9069
-3.31418 25.8288 16.8179

0.373818 26.4148 15.9109
3.11482 29.0618 16.3029
4.82282 27.6508 13.1929
2.11082 26.1278 10.8979
4.84982 25.3288 8.3849
8.26882 24.3938 9.8529
10.2918 24.6228 6.5739
8.15282 24.1648 3.3659

4.62682 24.7618 1.8459
3.96782 20.9538 1.6289
3.71082 20.8318 5.5069
0.493818 22.9798 5.3509
-1.51518 20.5038 3.2019
-2.79118 18.3238 6.1159
-3.86818 21.4578 8.0869
-5.62518 22.9438 4.9719
-7.64618 19.7118 4.3539
-8.43218 19.4238 8.1159
-9.99118 22.9668 8.1339

-11.4942 22.6958 4.5579
-11.8792 18.9798 3.4729
-13.0592 20.0988 -0.0501012
-9.82218 22.0598 -0.778101
-7.22418 20.1138 -2.8621
-8.78718 16.5648 -2.4991
-5.46318 15.1328 -3.8411

-1.98818 16.3308 -2.6991
-0.606182 16.3278 -6.3021
-2.75318 19.3828 -7.3001
-1.45218 21.3188 -4.2291
2.14782 20.1508 -4.9381
2.08482 21.1878 -8.6541
0.874818 24.7158 -7.7001
2.70982 25.5298 -4.4121

5.60282 22.9988 -4.0341
7.26182 23.4818 -7.5121
6.61382 19.7728 -8.1281

9.19082 18.1258 -10.4591
8.94182 14.7778 -12.3011
12.2218 12.9348 -11.5441

13.2178 9.45283 -12.9721
12.1678 7.88583 -9.5851

8.81182 9.77883 -9.1781
7.64782 13.2618 -8.0841
9.73782 15.6868 -6.0021

7.72682 18.1578 -3.8081
10.6578 19.7738 -1.8491
10.3268 23.1008 -3.7421
8.10782 26.1878 -3.3961
5.97982 28.2478 -5.8351
3.22482 30.9428 -5.9131

3.68482 31.6598 -2.1381
1.85382 35.0578 -2.2371
-1.24618 33.2818 -3.6941
-0.921182 30.5678 -0.990101
-0.740182 33.3358 1.7029
-3.94818 34.9738 0.333899
-5.78118 31.5788 0.224899
-4.66918 30.7558 3.8119
-5.72818 34.1538 5.2989
-9.13018 34.2038 3.4859
-10.3072 30.5948 4.0209

-8.07618 28.5928 6.4869

-5.94318 30.6508 8.8709
-6.00118 33.5448 11.3419

-2.39818 34.7868 11.8749
-1.09118 37.7878 13.8639
2.48382 38.6228 14.8379

4.00982 40.1068 18.0659
4.62082 43.3108 16.0439
0.865818 43.5598 15.1439
-0.574182 43.1898 18.7039

2.23682 43.6848 21.3259
4.19782 46.9198 20.4949
5.61182 46.6828 24.0949
7.61682 43.4148 23.6789

11.4158 44.1088 23.6639
13.1688 43.3748 20.3399

14.8248 40.0048 19.5969
18.4408 40.8528 18.6189
19.9778 37.9628 16.6169
23.6568 37.4648 15.6699
26.0188 34.8558 14.2679
29.0598 34.1608 16.5089
31.8788 32.6068 14.4539

33.6588 30.4058 17.0449
37.3738 30.2248 16.2349

38.3578 26.9938 14.3119
41.9728 27.4648 15.6399
40.9348 25.2728 18.6619

39.8938 22.4838 16.1769
43.0318 20.3028 16.2429

44.5378 19.0298 12.9449
43.2258 15.4118 13.4859
39.6038 16.6098 14.0369
39.8808 18.9398 10.9759
41.3098 16.0948 8.8239
38.3718 13.8778 10.0089
35.8258 16.6128 9.0109
37.6228 17.0108 5.6209
37.5358 13.1848 5.1899
33.7628 12.8758 5.9379
33.0748 15.9278 3.6699
35.0298 14.2518 0.782899
33.2558 10.9388 1.5739
29.7588 12.4908 0.989899
30.8498 13.8218 -2.4811

32.3298 10.4918 -3.7331
30.4998 9.39383 -6.9381
30.6408 5.61383 -6.4031
28.7698 5.45283 -3.0181
25.1968 4.22483 -2.5111

22.4008 6.61183 -1.3571
22.7198 4.94983 2.1059
26.5418 5.40883 2.3949
25.9908 9.11083 1.4239
23.4018 9.46383 4.2989
25.7698 7.64383 6.7359
28.7188 9.93583 5.7789
26.3678 12.9738 6.2349
25.3528 11.7718 9.7589
29.0678 11.1908 10.5659
30.0378 14.7118 9.2939
27.2108 16.2508 11.4089
28.1658 14.3018 14.6069
31.8988 15.2188 14.0399
30.8488 18.9088 13.6799
29.1978 18.7198 17.1399
32.3578 17.1388 18.7089
34.6578 19.6998 16.9809
32.6588 22.6738 18.4269
32.6058 21.4778 22.1249
35.8928 23.2308 23.2619
34.9558 26.6638 21.7899
31.2708 26.3088 22.8299
32.6118 25.7608 26.4009
35.0838 28.7038 26.0139
32.1568 30.9548 24.9309
29.8448 29.8028 27.8209
32.6498 30.5708 30.3319
33.3038 34.0208 28.7069
29.5548 34.8178 29.1829
29.6818 33.8068 32.9079
33.0068 35.6718 33.4979

31.3488 38.7508 31.8149
28.8688 38.7358 34.7889
25.6998 37.4388 32.9979
23.0058 36.4858 35.5259
20.7528 34.1368 33.4019

20.9718 32.5418 29.9209
19.8038 29.4658 27.9499
22.1738 27.1038 26.0749
20.5878 25.0368 23.2709
22.2088 21.8818 21.7999

20.8268 18.5808 20.3229
23.7048 16.0368 20.3779

23.8358 14.3528 23.8309
27.6988 14.5548 23.8889
27.4688 18.4118 23.6469
24.8658 18.5968 26.4909
27.0268 16.1618 28.5769
30.2918 18.1438 28.0229
28.6148 21.5228 28.8689
27.0618 20.0938 32.1079
30.3978 18.4608 33.1379
32.3398 21.7638 32.7179
29.6538 23.7768 34.6259
29.8718 21.1858 37.4909
33.7338 21.4098 37.3759

33.4458 25.2648 37.6319
30.7778 24.8328 40.4329
28.1998 26.7928 38.3309
24.5958 26.1058 39.3999

22.5928 25.1148 36.2889
19.5078 23.1468 35.1229
19.4298 20.4298 32.4069
16.4278 19.3288 30.2629

16.6938 16.6068 27.5649
14.8608 13.5108 26.1509
15.4388 11.5938 29.4599
14.0048 14.3428 31.7759
10.4918 13.3378 32.9649
7.32882 15.4338 32.3089
6.95582 16.5418 35.9969

10.7138 17.1838 36.5839
10.7048 19.4088 33.4169
8.14382 21.7408 35.0809
9.99282 21.6858 38.4649
13.4288 22.4738 36.8569
11.6878 25.2428 34.8339
10.3538 26.7308 38.1339
13.8308 26.3478 39.7869
15.4788 28.3638 36.9189
12.6308 30.9638 36.9689
12.5568 31.5278 40.7799

16.1898 30.8648 41.9139
18.7738 33.6468 41.2279
21.5768 31.0188 41.6779
20.7658 29.0148 38.4999
22.7348 30.9958 35.8789

22.5928 28.4718 32.9659
19.8328 26.3008 31.4869
21.2948 23.4388 29.3569
18.4388 22.5288 26.9839
17.8648 20.0008 24.1959

16.5528 21.8968 21.0949
14.1238 18.9868 20.3859
13.0608 18.1378 23.9829
12.5738 21.7318 25.3499
10.8518 23.2608 22.2169
7.39082 22.7868 23.9049
5.39282 23.7428 27.0559
8.15982 25.5088 29.0509
8.60882 29.2808 29.7359
12.0618 30.8238 30.4449
11.2248 34.5588 30.8909
13.9348 34.8908 33.6439
16.7188 34.8258 30.9709
17.6028 37.6308 28.4739

20.0498 35.5538 26.3319
19.7408 32.3898 24.1899
22.9078 30.6228 22.9049
22.5308 27.9898 20.1609

25.6908 25.8668 20.6049
24.4818 23.8468 17.5739
22.4708 24.6498 14.4259
19.2778 22.6848 13.6299
18.1918 22.1308 9.9629
14.5458 23.1028 10.7079

14.0058 26.8798 11.3559
10.5328 26.3318 12.9189
12.2338 24.4648 15.8389
14.8528 27.2608 16.2539
12.0158 29.8888 16.4079
10.1358 27.6488 18.9429
13.3138 27.6418 21.1229
13.7878 31.4928 20.8909

10.0898 31.9678 21.9089
10.7638 30.1208 25.1929
12.3848 33.4008 26.4579
10.4528 35.9228 24.3129
7.06882 35.4298 26.1369
4.52882 37.6038 28.0199
6.45282 38.5458 31.2169
9.76082 39.3178 29.3949
10.9898 42.9178 30.1089
14.5118 42.8488 28.4959
15.6148 42.8118 24.8099

16.2368 39.1308 23.9869
19.7268 38.3098 22.6549
19.9888 35.2588 20.3199
23.5498 34.0068 19.5789
24.0538 31.3228 16.8669
27.4738 29.6278 17.3749
29.0068 28.6118 13.9719

32.3958 27.1118 12.9499
34.0968 27.6308 9.5209
35.2028 24.2658 7.9969
32.1798 22.2908 9.4149
28.5078 21.2908 8.7889

27.4958 24.8748 9.8679
28.8148 26.2188 6.4839
26.0348 24.2108 4.6739
23.3358 24.2878 7.4079
23.2998 28.1018 7.8279
22.4888 28.9438 4.1139
19.9038 26.0568 4.1639
18.1948 27.4938 7.3079
18.2078 31.0068 5.6909
16.5148 29.9238 2.4089
13.9138 27.9988 4.5239
13.0718 31.1338 6.6429
12.7118 33.1258 3.3709
10.2388 30.4808 2.0059
8.31682 30.7468 5.3379
8.33182 34.6108 5.1739
7.10482 34.6948 1.5039

4.23182 32.3728 2.6209
3.43182 34.9148 5.4659
4.50782 32.3138 8.1099
7.52782 34.2208 9.5859
8.70282 37.8358 10.1579
12.1608 36.3968 10.8929
14.6348 37.5328 8.2479
18.0748 35.8608 8.7209
19.9598 37.6668 5.8319

20.9658 40.7558 7.9139
23.0138 38.5668 10.3569
25.3608 37.2498 7.5779
26.2118 40.6468 6.0189

27.4768 41.6058 9.5489
29.9618 38.6328 9.9719

End chain 1
