-13.201 -6.296 -53.957
-10.703 -3.406 -53.291
-9.54 -3.087 -49.639
-11.02 0.322 -48.639
-8.614 1.85 -46.053
-10.787 3.126 -43.162

-9.634 6.195 -41.181
-10.061 4.9 -37.589
-10.286 6.838 -34.306
-12.195 7.103 -30.979
-14.163 9.439 -28.711
-12.619 10.223 -25.263
-14.157 12.207 -22.344

-11.943 15.248 -21.466
-14.301 16.978 -18.949
-17.827 16.65 -17.399
-19.139 18.761 -20.353

-16.752 17.96 -23.312
-15.482 14.956 -25.281
-12.62 14.751 -27.824
-12.437 12.939 -31.204
-8.982 11.264 -31.393
-8.672 10.357 -35.1

-6.282 10.744 -38.079
-6.98 13.557 -40.6
-9.895 13.022 -43.051

-11.208 15.853 -45.293
-14.92 14.856 -45.011
-14.611 14.37 -41.226
-13.015 17.857 -40.827
-15.875 19.254 -42.999
-18.403 17.482 -40.669
-16.559 18.759 -37.515
-16.844 22.341 -38.957

-20.697 21.797 -39.029
-20.861 21.033 -35.24
-22.116 23.933 -33.104
-20.016 23.255 -29.939
-16.791 22.621 -31.971

-13.393 23.436 -30.391
-10.011 22.816 -32.063
-6.805 22.812 -29.99

-3.883 23.919 -32.209
-1.328 22.314 -29.773
-2.753 18.736 -29.691
-4.334 19.137 -33.217

-7.578 17.622 -31.79
-11.313 18.386 -31.995
-13.683 18.544 -28.991
-17.466 19.001 -28.65
-20.131 19.402 -25.91

-21.257 16.038 -24.476
-24.923 16.743 -25.497
-23.731 16.722 -29.178
-22.178 13.179 -28.839
-25.228 11.354 -30.322
-25.57 14.044 -33.093
-21.852 13.682 -34.021
-21.815 9.829 -34.037
-25.045 9.774 -36.128
-23.507 12.176 -38.75
-20.093 10.348 -38.803

-21.793 6.948 -39.527
-22.962 8.546 -42.834
-19.328 9.196 -43.991
-17.677 6.563 -46.261
-14.251 5.2 -45.121

-14.46 6.789 -41.562
-14.765 4.819 -38.279
-15.142 6.964 -35.114
-15.663 4.659 -32.101

-18.218 6.249 -29.657
-17.862 6.903 -25.912
-18.35 3.469 -24.195
-21.794 2.549 -22.772
-20.235 2.829 -19.255
-19.534 6.58 -19.812
-22.964 7.196 -21.431
-24.623 5.531 -18.378
-22.42 7.523 -15.909

-23.028 10.919 -17.654
-26.668 10.153 -18.714
-27.851 13.482 -17.123

-25.214 15.594 -18.963
-26 13.8 -22.296
-29.631 15.147 -21.909

-29.014 18.802 -20.797
-28.522 21.656 -23.337
-27.494 23.803 -20.296
-24.374 24.206 -18.108
-26.03 23.63 -14.722
-23.195 22.587 -12.38
-23.731 19.355 -10.334

-27.219 19.392 -8.694
-26.798 20.208 -4.988
-26.578 17.032 -2.906
-29.814 16.999 -0.82
-29.276 16.946 2.956
-30.305 13.551 4.343

-32.727 13.25 7.268
-30.389 11.851 9.975
-33.077 12.019 12.787
-33.159 8.159 12.923
-29.32 8.149 13.454
-27.82 8.306 16.969

-27.52 12.074 17.913
-23.991 11.509 19.371
-22.796 10.469 15.867
-24.731 13.185 13.93
-23.402 16.008 16.22
-19.738 14.82 15.861

-19.687 14.822 11.995
-17.445 17.587 10.586

-19.106 19.692 7.763
-17.231 17.783 4.996
-18.064 14.402 6.666
-21.796 15.407 6.677
-21.562 16.318 2.947
-19.943 12.855 2.346
-22.788 11.075 4.244
-25.363 13.084 2.191
-23.555 12.165 -1.104
-23.43 8.459 -0.115
-27.196 8.491 0.728
-28.024 10.343 -2.565

-25.973 7.645 -4.472
-28.214 5.048 -2.67
-25.512 3.7 -0.27

-23.352 2.353 -3.174
-19.956 4.118 -3.237
-16.209 4.012 -2.721
-15.295 6.541 0.021

-11.694 7.195 -1.128

-11.135 10.189 1.225
-7.504 10.605 2.377

-6.048 8.715 5.398
-7.361 9.956 8.784
-10.233 12.169 7.374
-12.706 9.981 9.408

-13.844 7.354 6.831
-15.012 5.081 9.734
-17.363 7.714 11.316
-18.876 8.506 7.854
-19.282 4.738 7.09
-21.02 4.042 10.461
-23.415 6.996 9.798
-24.247 5.855 6.195
-24.846 2.277 7.463
-26.955 3.52 10.461
-29.227 5.531 8.078

-29.9 2.058 6.507

-30.384 0.293 9.981
-33.886 -0.857 8.77
-32.05 -2.956 6.062
-29.626 -4.868 8.41
-27.981 -7.413 9.17

-24.774 -5.448 8.488
-21.551 -7.137 7.269
-18.235 -5.328 7.997
-15.132 -6.739 6.223
-11.829 -5.357 7.603

-8.05 -6.016 7.986
-7.416 -8.82 10.567
-5.856 -6.305 13.093
-8.689 -3.64 13.199

-11.758 -5.868 14.003
-11.895 -4.753 17.675
-11.154 -1.102 16.63
-14.365 -1.304 14.506
-16.414 -2.897 17.375
-15.268 -0.08 19.729
-16.109 2.476 16.969
-19.722 1.111 16.76
-20.082 1.14 20.611
-18.596 4.7 20.723
-20.823 6.195 17.978

-24.121 4.191 18.24
-24.851 3.95 22.056
-28.388 2.791 20.948
-26.764 -0.701 20.406
-26.03 -3.285 23.117

-22.632 -5.104 22.857
-24.638 -8.32 22.08
-25.78 -6.667 18.791

-22.091 -6.816 17.576
-20.505 -10.124 16.488
-16.681 -10.041 16.081

-15.702 -13.116 14.035
-12.316 -14.303 15.372
-12.201 -17.837 13.813
-13.405 -19.799 10.735
-15.769 -21.82 13.07
-17.788 -18.808 14.317
-21.352 -17.917 13.159
-21.075 -14.973 10.701
-24.816 -14.102 11.273
-24.919 -14.166 15.127
-25.108 -10.332 15.536
-27.08 -7.466 13.995

-23.588 -6.14 13.038
-21.065 -8.833 11.965
-17.336 -7.898 11.803
-15.009 -10.302 9.887
-11.529 -10.295 8.291

-10.658 -10.74 4.577
-8.757 -14.009 5.375
-11.833 -15.546 7.113
-14.3 -14.769 4.222

-12.926 -17.715 2.14
-13.287 -20.073 5.183
-16.843 -18.74 5.845
-18.014 -18.815 2.139
-20.731 -21.415 3.044
-22.243 -18.836 5.512
-21.955 -15.894 2.989
-25.071 -17.433 1.278
-27.188 -15.451 3.825
-28.094 -12.137 2.052
-26.367 -9.235 3.842
-28.236 -6.215 2.36

-25.704 -3.677 3.792
-21.936 -4.298 3.429
-19.007 -2.145 4.602
-15.517 -3.11 3.36

-12.662 -1.237 5.059
-9.341 -0.865 3.151

-11.066 -2.352 0.031
-7.765 -2.207 -1.968
-7.252 -5.742 -0.456
-9.774 -6.866 -3.176

-7.558 -5.436 -6.054
-6.861 -8.909 -7.611
-9.913 -10.983 -8.736
-7.994 -14.348 -8.638
-7.386 -14.116 -4.839

-9.551 -16.269 -2.508
-10.568 -13.122 -0.487
-11.832 -11.409 -3.693
-13.586 -14.593 -5.006
-15.461 -14.905 -1.648
-16.313 -11.137 -1.332
-17.465 -10.353 -4.925
-20.7 -12.523 -5.003
-21.961 -10.786 -1.799
-21.004 -7.272 -3.064
-22.893 -7.826 -6.386
-26.148 -8.927 -4.576

-26.072 -6.644 -1.465
-28.372 -3.542 -1.704

-25.826 -1.116 -0.104
-22.019 -1.347 -0.629
-19.769 1.077 1.29
-16.145 0.543 0.177
-13.427 2.479 2.088

-9.739 3.065 1.181
-6.998 5.712 1.573
-5.29 4.301 -1.537
-8.002 2.778 -3.832
-5.263 1.979 -6.345
-1.844 1.044 -4.877
0.179 1.273 -8.156
-1.96 0.815 -11.364

-5.486 1.412 -12.884
-6.145 -2.396 -13.101
-6.402 -2.518 -9.223
-9.619 -0.37 -9.379
-11.628 -2.846 -11.528
-12.904 -5.026 -8.614
-13.981 -1.892 -6.643
-15.738 -0.406 -9.758
-17.759 -3.638 -10.376
-18.545 -3.926 -6.614
-20.104 -0.383 -6.596

-21.607 -0.654 -10.172
-21.992 -4.37 -11.257
-23.172 -3.251 -14.78
-19.935 -1.29 -15.508
-17.337 -3.236 -17.592
-18.9 -6.785 -17.229
-15.576 -8.217 -18.571

-12.101 -7.019 -17.429
-10.719 -7.022 -21.032
-12.866 -3.967 -22.03
-11.565 -2.031 -18.959
-7.965 -3.199 -19.668
-8.028 -2.162 -23.384
-9.238 1.366 -22.43
-7.403 2.18 -19.142

-4.51 -0.351 -18.764
-2.851 0.132 -22.242
-3.499 -3.577 -22.858

-0.922 -5.224 -25.189
-1.171 -8.572 -27.031
2.109 -10.415 -26.274

3.105 -13.897 -27.702
2.055 -15.464 -24.315

-1.301 -13.571 -23.908
-2.465 -10.088 -22.814
-0.375 -7.663 -20.732

-2.386 -5.192 -18.538
0.545 -3.576 -16.579
0.214 -0.249 -18.472
-2.005 2.838 -18.126
-4.133 4.898 -20.565
-6.888 7.593 -20.643

-6.428 8.31 -16.868
-8.259 11.708 -16.967
-11.359 9.932 -18.424
-11.034 7.218 -15.72
-10.853 9.986 -13.027
-14.061 11.624 -14.396
-15.894 8.229 -14.505
-14.782 7.406 -10.918
-15.841 10.804 -9.431
-19.243 10.854 -11.244
-20.42 7.245 -10.709

-18.189 5.243 -8.243

-16.056 7.301 -5.859
-16.114 10.195 -3.388

-12.511 11.437 -2.855
-11.204 14.438 -0.866
-7.629 15.273 0.108

-6.103 16.757 3.336
-5.492 19.961 1.314
-9.247 20.21 0.414
-10.687 19.84 3.974

-7.876 20.335 6.596
-5.915 23.57 5.765
-4.501 23.333 9.365
-2.496 20.065 8.949

1.303 20.759 8.934
3.056 20.025 5.61

4.712 16.655 4.867
8.328 17.503 3.889
9.865 14.613 1.887
13.544 14.115 0.94
15.906 11.506 -0.462
18.947 10.811 1.779
21.766 9.257 -0.276

23.546 7.056 2.315
27.261 6.875 1.505

28.245 3.644 -0.418
31.86 4.115 0.91
30.822 1.923 3.932

29.781 -0.866 1.447
32.919 -3.047 1.513

34.425 -4.32 -1.785
33.113 -7.938 -1.244
29.491 -6.74 -0.693
29.768 -4.41 -3.754
31.197 -7.255 -5.906
28.259 -9.472 -4.721
25.713 -6.737 -5.719
27.51 -6.339 -9.109
27.423 -10.165 -9.54
23.65 -10.474 -8.792
22.962 -7.422 -11.06
24.917 -9.098 -13.947
23.143 -12.411 -13.156
19.646 -10.859 -13.74
20.737 -9.528 -17.211

21.155 -13.2197 -17.9498
21.3033 -16.9942 -17.2151
18.1667 -18.534 -18.7313
18.2447 -15.683 -21.3728
21.3185 -17.7698 -22.4667

22.9215 -20.5164 -20.386
19.8371 -20.7799 -18.1814
17.5708 -21.0593 -21.2193
19.7289 -23.8167 -22.6964
19.6472 -25.762 -19.4326
15.8608 -25.4902 -19.2531
15.5047 -26.743 -22.8233
17.751 -29.7229 -22.1044
15.7308 -30.6232 -19.0139
12.4792 -30.4647 -20.9747
13.8898 -32.726 -23.6838
15.0337 -35.2686 -21.1013
11.601 -35.301 -19.4707
9.90565 -35.8586 -22.826
12.2286 -38.7578 -23.6271
11.523 -40.3792 -20.2632
7.77229 -40.0697 -20.7917
8.02863 -41.6585 -24.2346
10.0425 -44.5681 -22.8485
7.48452 -45.1551 -20.0998
4.63815 -45.1675 -22.6179
6.45624 -47.6872 -24.8062
7.0639 -49.9758 -21.8336
3.39605 -49.8314 -20.8493
2.31251 -50.6999 -24.3869
4.67404 -53.676 -24.4832
3.34424 -54.9618 -21.1634
-0.244477 -54.6833 -22.3826
0.584012 -56.5976 -25.5594
2.25201 -59.3717 -23.5682
-0.76696 -59.6767 -21.28
-3.11935 -59.9153 -24.2553

-4.77735 -56.8363 -25.9383
-7.25735 -56.8513 -22.9643
-10.4264 -58.1483 -24.7553
-13.1204 -59.1013 -22.2273
-15.3734 -61.4503 -24.3513

-15.1544 -63.0453 -27.8323
-16.3224 -66.1213 -29.8033
-13.9524 -68.4833 -31.6783
-15.5384 -70.5503 -34.4823
-13.9174 -73.7053 -35.9533

-15.2994 -77.0063 -37.4303
-12.4214 -79.5503 -37.3753

-12.2904 -81.2343 -33.9223
-8.42735 -81.0323 -33.8643
-8.65735 -77.1753 -34.1063
-11.2604 -76.9903 -31.2623
-9.09935 -79.4253 -29.1763
-5.83435 -77.4433 -29.7303
-7.51135 -74.0643 -28.8843
-9.06435 -75.4933 -25.6453
-5.72835 -77.1263 -24.6153
-3.78635 -73.8233 -25.0353
-6.47235 -71.8103 -23.1273
-6.25435 -74.4013 -20.2623
-2.39235 -74.1773 -20.3773

-2.68035 -70.3223 -20.1213
-5.34835 -70.7543 -17.3203
-7.92635 -68.7943 -19.4223
-11.5304 -69.4813 -18.3533

-13.5334 -70.4723 -21.4643
-16.6184 -72.4403 -22.6303
-16.6964 -75.1573 -25.3463
-19.6984 -76.2583 -27.4903

-19.4324 -78.9803 -30.1883
-21.2654 -82.0763 -31.6023
-20.6874 -83.9933 -28.2933
-22.1214 -81.2443 -25.9773
-25.6344 -82.2493 -24.7883
-28.7974 -80.1533 -25.4443
-29.1704 -79.0453 -21.7563

-25.4124 -78.4033 -21.1693
-25.4214 -76.1783 -24.3363
-27.9824 -73.8463 -22.6723
-26.1334 -73.9013 -19.2883
-22.6974 -73.1133 -20.8963
-24.4384 -70.3443 -22.9193
-25.7724 -68.8563 -19.6193
-22.2954 -69.2393 -17.9663
-20.6474 -67.2233 -20.8343
-23.4954 -64.6233 -20.7843
-23.5694 -64.0593 -16.9733

-19.9364 -64.7223 -15.8393
-17.3524 -61.9403 -16.5253
-14.5494 -64.5683 -16.0753
-15.3604 -66.5723 -19.2533
-13.3914 -64.5913 -21.8743

-13.5334 -67.1153 -24.7873
-16.2934 -69.2863 -26.2663
-14.8314 -72.1483 -28.3963
-17.6874 -73.0583 -30.7693
-18.2614 -75.5863 -33.5573

-19.5734 -73.6903 -36.6583
-22.0024 -76.6003 -37.3673
-23.0654 -77.4493 -33.7703
-23.5524 -73.8553 -32.4033
-25.2744 -72.3263 -35.5363
-28.7354 -72.8003 -33.8483
-30.7334 -71.8443 -30.6973
-27.9664 -70.0783 -28.7023
-27.5174 -66.3063 -28.0173
-24.0644 -64.7633 -27.3083
-24.9014 -61.0283 -26.8623
-22.1914 -60.6963 -24.1093
-19.4074 -60.7613 -26.7823
-18.5234 -57.9563 -29.2793

-16.0764 -60.0333 -31.4213
-16.3854 -63.1973 -33.5633
-13.2184 -64.9643 -34.8483
-13.5954 -67.5973 -37.5923

-10.4354 -69.7203 -37.1483
-11.6444 -71.7403 -40.1793
-13.6554 -70.9373 -43.3273
-16.8484 -72.9023 -44.1233
-17.9344 -73.4563 -47.7903
-21.5804 -72.4843 -47.0453

-22.1204 -68.7073 -46.3973
-25.5934 -69.2553 -44.8343
-23.8924 -71.1223 -41.9143
-21.2734 -68.3263 -41.4993
-24.1104 -65.6983 -41.3453
-25.9904 -67.9383 -38.8103
-22.8124 -67.9453 -36.6303
-22.3384 -64.0943 -36.8623

-26.0364 -63.6193 -35.8443
-25.3624 -65.4663 -32.5603
-23.7414 -62.1863 -31.2953
-25.6734 -59.6643 -33.4403
-29.0574 -60.1573 -31.6163
-31.5974 -57.9833 -29.7333
-29.6734 -57.0413 -26.5363
-26.3654 -56.2693 -28.3583
-25.1364 -52.6693 -27.6443
-21.6144 -52.7383 -29.2573
-20.5114 -52.7753 -32.9433

-19.8894 -56.4563 -33.7663
-16.3994 -57.2773 -35.0983
-16.1374 -60.3283 -37.4333
-12.5764 -61.5803 -38.1743
-12.0724 -64.2643 -40.8863
-8.65235 -65.9593 -40.3783
-7.11935 -66.9753 -43.7813

-3.73035 -68.4753 -44.8033
-2.02935 -67.9563 -48.2323
-0.92335 -71.3213 -49.7563
-3.94635 -73.2963 -48.3383
-7.61835 -74.2963 -48.9643

-8.63035 -70.7123 -47.8853
-7.31135 -69.3683 -51.2693
-10.0914 -71.3763 -53.0793
-12.7904 -71.2993 -50.3453
-12.8264 -67.4853 -49.9253
-13.6374 -66.6433 -53.6393
-16.2224 -69.5303 -53.5893
-17.9314 -68.0933 -50.4453
-17.9184 -64.5803 -52.0623
-19.6114 -65.6633 -55.3443
-22.2124 -67.5883 -53.2293
-23.0544 -64.4533 -51.1103
-23.4144 -62.4613 -54.3823
-25.8874 -65.1063 -55.7473
-27.8094 -64.8403 -52.4153
-27.7944 -60.9763 -52.5793
-29.0214 -60.8923 -56.2493

-31.8944 -63.2143 -55.1323
-32.6944 -60.6723 -52.2873
-31.6184 -63.2733 -49.6433
-28.5984 -61.3663 -48.1673
-27.4234 -57.7513 -47.5953
-23.9654 -59.1903 -46.8603
-21.4914 -58.0543 -49.5053
-18.0514 -59.7263 -49.0323
-16.1664 -57.9203 -51.9213

-15.1604 -54.8313 -49.8393
-13.1124 -57.0203 -47.3963
-10.7654 -58.3373 -50.1753
-9.91435 -54.9403 -51.7343

-8.64935 -53.9813 -48.2043
-6.16435 -56.9543 -47.7813

End chain 1
