-13.201 -6.296 -53.957
-10.703 -3.406 -53.291
-9.54 -3.087 -49.639
-11.02 0.322 -48.639
-8.614 1.85 -46.053
-10.787 3.126 -43.162

-9.634 6.195 -41.181
-10.061 4.9 -37.589
-10.286 6.838 -34.306
-12.195 7.103 -30.979
-14.163 9.439 -28.711
-12.619 10.223 -25.263
-14.157 12.207 -22.344

-11.943 15.248 -21.466
-14.301 16.978 -18.949
-17.827 16.65 -17.399
-19.139 18.761 -20.353

-16.752 17.96 -23.312
-15.482 14.956 -25.281
-12.62 14.751 -27.824
-12.437 12.939 -31.204
-8.982 11.264 -31.393
-8.672 10.357 -35.1

-6.282 10.744 -38.079
-6.98 13.557 -40.6
-9.895 13.022 -43.051

-11.208 15.853 -45.293
-14.92 14.856 -45.011
-14.611 14.37 -41.226
-13.015 17.857 -40.827
-15.875 19.254 -42.999
-18.403 17.482 -40.669
-16.559 18.759 -37.515
-16.844 22.341 -38.957

-20.697 21.797 -39.029
-20.861 21.033 -35.24
-22.116 23.933 -33.104
-20.016 23.255 -29.939
-16.791 22.621 -31.971

-13.393 23.436 -30.391
-10.011 22.816 -32.063
-6.805 22.812 -29.99

-3.883 23.919 -32.209
-1.328 22.314 -29.773
-2.753 18.736 -29.691
-4.334 19.137 -33.217

-7.578 17.622 -31.79
-11.313 18.386 -31.995
-13.683 18.544 -28.991
-17.466 19.001 -28.65
-20.131 19.402 -25.91

-21.257 16.038 -24.476
-24.923 16.743 -25.497
-23.731 16.722 -29.178
-22.178 13.179 -28.839
-25.228 11.354 -30.322
-25.57 14.044 -33.093
-21.852 13.682 -34.021
-21.815 9.829 -34.037
-25.045 9.774 -36.128
-23.507 12.176 -38.75
-20.093 10.348 -38.803

-21.793 6.948 -39.527
-22.962 8.546 -42.834
-19.328 9.196 -43.991
-17.677 6.563 -46.261
-14.251 5.2 -45.121

-14.46 6.789 -41.562
-14.765 4.819 -38.279
-15.142 6.964 -35.114
-15.663 4.659 -32.101

-18.218 6.249 -29.657
-17.862 6.903 -25.912
-18.35 3.469 -24.195
-21.794 2.549 -22.772
-20.235 2.829 -19.255
-19.534 6.58 -19.812
-22.964 7.196 -21.431
-24.623 5.531 -18.378
-22.42 7.523 -15.909

-23.028 10.919 -17.654
-26.668 10.153 -18.714
-27.851 13.482 -17.123

-25.214 15.594 -18.963
-26 13.8 -22.296
-29.631 15.147 -21.909

-29.014 18.802 -20.797
-28.522 21.656 -23.337
-27.494 23.803 -20.296
-24.374 24.206 -18.108
-26.03 23.63 -14.722
-23.195 22.587 -12.38
-23.731 19.355 -10.334

-27.219 19.392 -8.694
-26.798 20.208 -4.988
-26.578 17.032 -2.906
-29.814 16.999 -0.82
-29.276 16.946 2.956
-30.305 13.551 4.343

-32.727 13.25 7.268
-30.389 11.851 9.975
-33.077 12.019 12.787
-33.159 8.159 12.923
-29.32 8.149 13.454
-27.82 8.306 16.969

-27.52 12.074 17.913
-23.991 11.509 19.371
-22.796 10.469 15.867
-24.731 13.185 13.93
-23.402 16.008 16.22
-19.738 14.82 15.861

-19.687 14.822 11.995
-17.445 17.587 10.586

-19.106 19.692 7.763
-17.231 17.783 4.996
-18.064 14.402 6.666
-21.796 15.407 6.677
-21.562 16.318 2.947
-19.943 12.855 2.346
-22.788 11.075 4.244
-25.363 13.084 2.191
-23.555 12.165 -1.104
-23.43 8.459 -0.115
-27.196 8.491 0.728
-28.024 10.343 -2.565

-25.973 7.645 -4.472
-28.214 5.048 -2.67
-25.512 3.7 -0.27

-23.352 2.353 -3.174
-19.956 4.118 -3.237
-16.209 4.012 -2.721
-15.295 6.541 0.021

-14.3849 10.3177 0.0105439

-13.7742 13.953 0.934953
-11.2845 12.9514 3.62582

-9.82848 11.0614 6.64682
-11.1415 12.3024 10.0328
-14.0135 14.5154 8.62282
-16.4865 12.3274 10.6568

-17.6245 9.70038 8.07982
-18.7925 7.42738 10.9828
-21.1435 10.0604 12.5648
-22.6565 10.8524 9.10282
-23.0625 7.08438 8.33882
-24.8005 6.38838 11.7098
-27.1955 9.34238 11.0468
-28.0275 8.20138 7.44382
-28.6265 4.62338 8.71182
-30.7355 5.86638 11.7098
-33.0075 7.87738 9.32682

-33.6805 4.40438 7.75582

-34.1645 2.63938 11.2298
-37.6665 1.48938 10.0188
-35.8305 -0.609624 7.31082
-33.4065 -2.52162 9.65882
-31.7615 -5.06662 10.4188

-28.5545 -3.10162 9.73682
-25.3315 -4.79062 8.51782
-22.0155 -2.98162 9.24582
-18.9125 -4.39262 7.47182
-15.6095 -3.01062 8.85182

-11.8305 -3.66962 9.23482
-11.1965 -6.47362 11.8158
-9.63648 -3.95862 14.3418
-12.4695 -1.29362 14.4478

-15.5385 -3.52162 15.2518
-15.6755 -2.40662 18.9238
-14.9345 1.24438 17.8788
-18.1455 1.04238 15.7548
-20.1945 -0.550624 18.6238
-19.0485 2.26638 20.9778
-19.8895 4.82238 18.2178
-23.5025 3.45738 18.0088
-23.8625 3.48638 21.8598
-22.3765 7.04638 21.9718
-24.6035 8.54138 19.2268

-27.9015 6.53738 19.4888
-28.6315 6.29638 23.3048
-32.1685 5.13738 22.1968
-30.5445 1.64538 21.6548
-29.8105 -0.938624 24.3658

-26.4125 -2.75762 24.1058
-28.4185 -5.97362 23.3288
-29.5605 -4.32062 20.0398

-25.8715 -4.46962 18.8248
-24.2855 -7.77762 17.7368
-20.4615 -7.69462 17.3298

-19.4825 -10.7696 15.2838
-16.0965 -11.9566 16.6208
-15.9815 -15.4906 15.0618
-17.1855 -17.4526 11.9838
-19.5495 -19.4736 14.3188
-21.5685 -16.4616 15.5658
-25.1325 -15.5706 14.4078
-24.8555 -12.6266 11.9498
-28.5965 -11.7556 12.5218
-28.6995 -11.8196 16.3758
-28.8885 -7.98562 16.7848
-30.8605 -5.11962 15.2438

-27.3685 -3.79362 14.2868
-24.8455 -6.48662 13.2138
-21.1165 -5.55162 13.0518
-18.7895 -7.95562 11.1358
-15.3095 -7.94862 9.53982

-14.4385 -8.39362 5.82582
-12.5375 -11.6626 6.62382
-15.6135 -13.1996 8.36182
-18.0805 -12.4226 5.47082

-16.7065 -15.3686 3.38882
-17.0675 -17.7266 6.43182
-20.6235 -16.3936 7.09382
-21.7945 -16.4686 3.38782
-24.5115 -19.0686 4.29282
-26.0235 -16.4896 6.76082
-25.7355 -13.5476 4.23782
-28.8515 -15.0866 2.52682
-30.9685 -13.1046 5.07382
-31.8745 -9.79062 3.30082
-30.1475 -6.88862 5.09082
-32.0165 -3.86862 3.60882

-29.4845 -1.33062 5.04082
-25.7165 -1.95162 4.67782
-22.7875 0.201376 5.85082
-19.2975 -0.763624 4.60882

-16.4425 1.10938 6.30782
-13.1215 1.48138 4.39982

-14.8465 -0.00562426 1.27982
-11.5455 0.139376 -0.719181
-11.0325 -3.39562 0.792819
-13.5545 -4.51962 -1.92718

-11.3385 -3.08962 -4.80518
-10.6415 -6.56262 -6.36218
-13.6935 -8.63662 -7.48718
-11.7745 -12.0016 -7.38918
-11.1665 -11.7696 -3.59018

-13.3315 -13.9226 -1.25918
-14.3485 -10.7756 0.761819
-15.6125 -9.06262 -2.44418
-17.3665 -12.2466 -3.75718
-19.2415 -12.5586 -0.399181
-20.0935 -8.79062 -0.0831814
-21.2455 -8.00662 -3.67618
-24.4805 -10.1766 -3.75418
-25.7415 -8.43962 -0.550181
-24.7845 -4.92562 -1.81518
-26.6735 -5.47962 -5.13718
-29.9285 -6.58062 -3.32718

-29.8525 -4.29762 -0.216181
-32.1525 -1.19562 -0.455181

-29.6065 1.23038 1.14482
-25.7995 0.999376 0.619819
-23.5495 3.42338 2.53882
-19.9255 2.88938 1.42582
-17.2075 4.82538 3.33682

-13.5195 5.41138 2.42982
-10.7785 8.05838 2.82182
-9.07048 6.64738 -0.288181
-11.7825 5.12438 -2.58318
-9.04348 4.32538 -5.09618
-5.62448 3.39038 -3.62818
-3.60148 3.61938 -6.90718
-5.74048 3.16138 -10.1152

-9.26648 3.75838 -11.6352
-9.92548 -0.0496243 -11.8522
-10.1825 -0.171624 -7.97418
-13.3995 1.97638 -8.13018
-15.4085 -0.499624 -10.2792
-16.6845 -2.67962 -7.36518
-17.7615 0.454376 -5.39418
-19.5185 1.94038 -8.50918
-21.5395 -1.29162 -9.12718
-22.3255 -1.57962 -5.36518
-23.8845 1.96338 -5.34718

-25.3875 1.69238 -8.92318
-25.7725 -2.02362 -10.0082
-26.9525 -0.904624 -13.5312
-23.7155 1.05638 -14.2592
-21.1175 -0.889624 -16.3432
-22.6805 -4.43862 -15.9802
-19.3565 -5.87062 -17.3222

-15.8815 -4.67262 -16.1802
-14.4995 -4.67562 -19.7832
-16.6465 -1.62062 -20.7812
-15.3455 0.315376 -17.7102
-11.7455 -0.852624 -18.4192
-11.8085 0.184376 -22.1352
-13.0185 3.71238 -21.1812
-11.1835 4.52638 -17.8932

-8.29048 1.99538 -17.5152
-6.63148 2.47838 -20.9932
-7.27948 -1.23062 -21.6092

-4.70248 -2.87762 -23.9402
-4.95148 -6.22562 -25.7822
-1.67148 -8.06862 -25.0252

-0.675476 -11.5506 -26.4532
-1.72548 -13.1176 -23.0662

-5.08148 -11.2246 -22.6592
-6.24548 -7.74162 -21.5652
-4.15548 -5.31662 -19.4832

-6.16648 -2.84562 -17.2892
-3.23548 -1.22962 -15.3302
-3.56648 2.09738 -17.2232
-5.78548 5.18438 -16.8772
-7.91348 7.24438 -19.3162
-10.6685 9.93938 -19.3942

-10.2085 10.6564 -15.6192
-12.0395 14.0544 -15.7182
-15.1395 12.2784 -17.1752
-14.8145 9.56438 -14.4712
-14.6335 12.3324 -11.7782
-17.8415 13.9704 -13.1472
-19.6745 10.5754 -13.2562
-18.5625 9.75238 -9.66918
-19.6215 13.1504 -8.18218
-23.0235 13.2004 -9.99518
-24.2005 9.59138 -9.46018

-21.9695 7.58938 -6.99418

-19.8365 9.64738 -4.61018
-19.8945 12.5414 -2.13918

-16.2915 13.7834 -1.60618
-14.9845 16.7844 0.382819
-11.4095 17.6194 1.35682

-9.88348 19.1034 4.58482
-9.27248 22.3074 2.56282
-13.0275 22.5564 1.66282
-14.4675 22.1864 5.22282

-11.6565 22.6814 7.84482
-9.69548 25.9164 7.01382
-8.28148 25.6794 10.6138
-6.27648 22.4114 10.1978

-2.47748 23.1054 10.1828
-0.724476 22.3714 6.85882

0.931524 19.0014 6.11582
4.54752 19.8494 5.13782
6.08452 16.9594 3.13582
9.76352 16.4614 2.18882
12.1255 13.8524 0.786819
15.1665 13.1574 3.02782
17.9855 11.6034 0.972819

19.7655 9.40238 3.56382
23.4805 9.22138 2.75382

24.4645 5.99038 0.830819
28.0795 6.46138 2.15882
27.0415 4.26938 5.18082

26.0005 1.48038 2.69582
29.1385 -0.700624 2.76182

30.6445 -1.97362 -0.536181
29.3325 -5.59162 0.0048186
25.7105 -4.39362 0.555819
25.9875 -2.06362 -2.50518
27.4165 -4.90862 -4.65718
24.4785 -7.12562 -3.47218
21.9325 -4.39062 -4.47018
23.7295 -3.99262 -7.86018
23.6425 -7.81862 -8.29118
19.8695 -8.12762 -7.54318
19.1815 -5.07562 -9.81118
21.1365 -6.75162 -12.6982
19.3625 -10.0646 -11.9072
15.8655 -8.51262 -12.4912
16.9565 -7.18162 -15.9622

18.4365 -10.5116 -17.2142
16.6065 -11.6096 -20.4192
16.7475 -15.3896 -19.8842
14.8765 -15.5506 -16.4992
11.3035 -16.7786 -15.9922

8.50752 -14.3916 -14.8382
8.82652 -16.0536 -11.3752
12.6485 -15.5946 -11.0862
12.0975 -11.8926 -12.0572
9.50852 -11.5396 -9.18218
11.8765 -13.3596 -6.74518
14.8255 -11.0676 -7.70218
12.4745 -8.02962 -7.24618
11.4595 -9.23162 -3.72218
15.1745 -9.81262 -2.91518
16.1445 -6.29162 -4.18718
13.3175 -4.75262 -2.07218
14.2725 -6.70162 1.12582
18.0055 -5.78462 0.558819
16.9555 -2.09462 0.198819
15.3045 -2.28362 3.65882
18.4645 -3.86462 5.22782
20.7645 -1.30362 3.49982
18.7655 1.67038 4.94582
18.7125 0.474376 8.64382
21.9995 2.22738 9.78082
21.0625 5.66038 8.30882
17.3775 5.30538 9.34882
18.7185 4.75738 12.9198
21.1905 7.70038 12.5328
18.2635 9.95138 11.4498
15.9515 8.79938 14.3398
18.7565 9.56738 16.8508
19.4105 13.0174 15.2258
15.6615 13.8144 15.7018
15.7885 12.8034 19.4268
19.1135 14.6684 20.0168

17.4555 17.7474 18.3338
14.9755 17.7324 21.3078
11.8065 16.4354 19.5168
9.11252 15.4824 22.0448
6.85952 13.1334 19.9208

7.07852 11.5384 16.4398
5.91052 8.46238 14.4688
8.28052 6.10038 12.5938
6.69452 4.03338 9.78982
8.31552 0.878376 8.31882

6.93352 -2.42262 6.84182
9.81152 -4.96662 6.89682

9.94252 -6.65062 10.3498
13.8055 -6.44862 10.4078
13.5755 -2.59162 10.1658
10.9725 -2.40662 13.0098
13.1335 -4.84162 15.0958
16.3985 -2.85962 14.5418
14.7215 0.519376 15.3878
13.1685 -0.909624 18.6268
16.5045 -2.54262 19.6568
18.4465 0.760376 19.2368
15.7605 2.77338 21.1448
15.9785 0.182376 24.0098
19.8405 0.406376 23.8948

19.5525 4.26138 24.1508
16.8845 3.82938 26.9518
14.3065 5.78938 24.8498
10.7025 5.10238 25.9188

8.69952 4.11138 22.8078
5.61452 2.14338 21.6418
5.53652 -0.573624 18.9258
2.53452 -1.67462 16.7818

2.80052 -4.39662 14.0838
0.967524 -7.49262 12.6698
1.54552 -9.40962 15.9788
0.111524 -6.66062 18.2948
-3.40148 -7.66562 19.4838
-6.56448 -5.56962 18.8278
-6.93748 -4.46162 22.5158

-3.17948 -3.81962 23.1028
-3.18848 -1.59462 19.9358
-5.74948 0.737376 21.5998
-3.90048 0.682376 24.9838
-0.464476 1.47038 23.3758
-2.20548 4.23938 21.3528
-3.53948 5.72738 24.6528
-0.0624758 5.34438 26.3058
1.58552 7.36038 23.4378
-1.26248 9.96038 23.4878
-1.33648 10.5244 27.2988

2.29652 9.86138 28.4328
4.88052 12.6434 27.7468
7.68352 10.0154 28.1968
6.87252 8.01138 25.0188
8.84152 9.99238 22.3978

8.69952 7.46838 19.4848
5.93952 5.29738 18.0058
7.40152 2.43538 15.8758
4.54552 1.52538 13.5028
3.97152 -1.00262 10.7148

2.65952 0.893376 7.61382
0.230524 -2.01662 6.90482
-0.832476 -2.86562 10.5018
-1.31948 0.728376 11.8688
-3.04148 2.25738 8.73582
-6.50248 1.78338 10.4238
-8.50048 2.73938 13.5748
-5.73348 4.50538 15.5698
-5.28448 8.27738 16.2548
-1.83148 9.82038 16.9638
-2.66848 13.5554 17.4098
0.0415242 13.8874 20.1628
2.82552 13.8224 17.4898
3.70952 16.6274 14.9928

6.15652 14.5504 12.8508
5.84752 11.3864 10.7088
9.01452 9.61938 9.42382
8.63752 6.98638 6.67982

11.7975 4.86338 7.12382
10.5885 2.84338 4.09282
8.57752 3.64638 0.944819
5.38452 1.68138 0.148819
4.29852 1.12738 -3.51818
0.652524 2.09938 -2.77318

0.112524 5.87638 -2.12518
-3.36048 5.32838 -0.562181
-1.65948 3.46138 2.35782
0.959524 6.25738 2.77282
-1.87748 8.88538 2.92682
-3.75748 6.64538 5.46182
-0.579476 6.63838 7.64182
-0.105476 10.4894 7.40982

-3.80348 10.9644 8.42782
-3.12948 9.11738 11.7118
-1.50848 12.3974 12.9768
-3.44048 14.9194 10.8318
-6.82448 14.4264 12.6558
-9.36448 16.6004 14.5388
-7.44048 17.5424 17.7358
-4.13248 18.3144 15.9138
-2.90348 21.9144 16.6278
0.618524 21.8454 15.0148
1.72152 21.8084 11.3288

2.34352 18.1274 10.5058
5.83352 17.3064 9.17382
6.09552 14.2554 6.83882
9.65652 13.0034 6.09782
10.1605 10.3194 3.38582
13.5805 8.62438 3.89382
15.1135 7.60838 0.490819

18.5025 6.10838 -0.531181
20.2035 6.62738 -3.96018
21.3095 3.26238 -5.48418
18.2865 1.28738 -4.06618
14.6145 0.287376 -4.69218

13.6025 3.87138 -3.61318
14.9215 5.21538 -6.99718
12.1415 3.20738 -8.80718
9.44252 3.28438 -6.07318
9.40652 7.09838 -5.65318
8.59552 7.94038 -9.36718
6.01052 5.05338 -9.31718
4.30152 6.49038 -6.17318
4.31452 10.0034 -7.79018
2.62152 8.92038 -11.0722
0.0205242 6.99538 -8.95718
-0.821476 10.1304 -6.83818
-1.18148 12.1224 -10.1102
-3.65448 9.47738 -11.4752
-5.57648 9.74338 -8.14318
-5.56148 13.6074 -8.30718
-6.78848 13.6914 -11.9772

-9.66148 11.3694 -10.8602
-10.4615 13.9114 -8.01518
-9.38548 11.3104 -5.37118
-6.36548 13.2174 -3.89518
-5.19048 16.8324 -3.32318
-1.73248 15.3934 -2.58818
0.741524 16.5294 -5.23318
4.18152 14.8574 -4.76018
6.06652 16.6634 -7.64918

7.07252 19.7524 -5.56718
9.12052 17.5634 -3.12418
11.4675 16.2464 -5.90318
12.3185 19.6434 -7.46218

13.5835 20.6024 -3.93218
16.0685 17.6294 -3.50918

End chain 1
