-13.201 -6.296 -53.957
-10.703 -3.406 -53.291
-9.54 -3.087 -49.639
-11.02 0.322 -48.639
-8.614 1.85 -46.053
-10.787 3.126 -43.162

-9.634 6.195 -41.181
-10.061 4.9 -37.589
-10.286 6.838 -34.306
-12.195 7.103 -30.979
-14.163 9.439 -28.711
-12.619 10.223 -25.263
-14.157 12.207 -22.344

-11.943 15.248 -21.466
-14.301 16.978 -18.949
-17.827 16.65 -17.399
-19.139 18.761 -20.353

-16.752 17.96 -23.312
-15.482 14.956 -25.281
-12.62 14.751 -27.824
-12.437 12.939 -31.204
-8.982 11.264 -31.393
-8.672 10.357 -35.1

-6.282 10.744 -38.079
-6.98 13.557 -40.6
-9.895 13.022 -43.051

-11.208 15.853 -45.293
-14.92 14.856 -45.011
-14.611 14.37 -41.226
-13.015 17.857 -40.827
-15.875 19.254 -42.999
-18.403 17.482 -40.669
-16.559 18.759 -37.515
-16.844 22.341 -38.957

-20.697 21.797 -39.029
-20.861 21.033 -35.24
-22.116 23.933 -33.104
-20.016 23.255 -29.939
-16.791 22.621 -31.971

-13.393 23.436 -30.391
-10.011 22.816 -32.063
-6.805 22.812 -29.99

-3.883 23.919 -32.209
-1.328 22.314 -29.773
-2.753 18.736 -29.691
-4.334 19.137 -33.217

-7.578 17.622 -31.79
-11.313 18.386 -31.995
-13.683 18.544 -28.991
-17.466 19.001 -28.65
-20.131 19.402 -25.91

-21.257 16.038 -24.476
-24.923 16.743 -25.497
-23.731 16.722 -29.178
-22.178 13.179 -28.839
-25.228 11.354 -30.322
-25.57 14.044 -33.093
-21.852 13.682 -34.021
-21.815 9.829 -34.037
-25.045 9.774 -36.128
-23.507 12.176 -38.75
-20.093 10.348 -38.803

-21.793 6.948 -39.527
-22.962 8.546 -42.834
-19.328 9.196 -43.991
-17.677 6.563 -46.261
-14.251 5.2 -45.121

-14.46 6.789 -41.562
-14.765 4.819 -38.279
-15.142 6.964 -35.114
-15.663 4.659 -32.101

-18.218 6.249 -29.657
-17.862 6.903 -25.912
-18.35 3.469 -24.195
-21.794 2.549 -22.772
-20.235 2.829 -19.255
-19.534 6.58 -19.812
-22.964 7.196 -21.431
-24.623 5.531 -18.378
-22.42 7.523 -15.909

-23.028 10.919 -17.654
-26.668 10.153 -18.714
-27.851 13.482 -17.123

-25.214 15.594 -18.963
-26 13.8 -22.296
-29.631 15.147 -21.909

-28.4656 18.7567 -21.2786
-25.9052 21.41 -20.2556
-24.0808 23.8009 -17.9447
-22.8197 21.0189 -15.6644
-22.3672 18.1441 -17.99
-24.5237 15.9883 -15.5688
-27.537 15.9784 -13.1477

-27.8882 18.7517 -15.7223
-26.1354 21.2293 -13.435
-23.2585 18.8131 -12.8619
-22.8468 18.2651 -16.5999
-22.767 22.0106 -17.2384
-20.1155 22.5083 -14.5617

-22.5375 22.2073 -11.6367
-20.1995 20.8083 -8.92974
-22.8875 20.9763 -6.11774
-22.9695 17.1163 -5.98174
-19.1305 17.1063 -5.45074
-17.6305 17.2633 -1.93574

-17.3305 21.0313 -0.991745
-13.8015 20.4663 0.466255
-12.6065 19.4263 -3.03774
-14.5415 22.1423 -4.97474
-13.2125 24.9653 -2.68474
-9.54847 23.7773 -3.04374

-9.49747 23.7793 -6.90974
-7.25547 26.5443 -8.31874

-8.91647 28.6493 -11.1417
-7.04147 26.7403 -13.9087
-7.87447 23.3593 -12.2387
-11.6065 24.3643 -12.2277
-11.3725 25.2753 -15.9577
-9.75347 21.8123 -16.5587
-12.5985 20.0323 -14.6607
-15.1735 22.0413 -16.7137
-13.3655 21.1223 -20.0087
-13.2405 17.4163 -19.0197
-17.0065 17.4483 -18.1767
-17.8345 19.3003 -21.4697

-15.7835 16.6023 -23.3767
-18.0245 14.0053 -21.5747
-15.3225 12.6573 -19.1747

-13.1625 11.3103 -22.0787
-9.76647 13.0753 -22.1417
-6.01947 12.9693 -21.6257
-5.10547 15.4983 -18.8837

-1.50447 16.1523 -20.0327

-0.945471 19.1463 -17.6797
2.68553 19.5623 -16.5277

4.14153 17.6723 -13.5067
2.82853 18.9133 -10.1207
-0.0434714 21.1263 -11.5307
-2.51647 18.9383 -9.49674

-3.65447 16.3113 -12.0737
-4.82247 14.0383 -9.17074
-7.17347 16.6713 -7.58874
-8.68647 17.4633 -11.0507
-9.09247 13.6953 -11.8147
-10.8305 12.9993 -8.44374
-13.2255 15.9533 -9.10674
-14.0575 14.8123 -12.7097
-14.6565 11.2343 -11.4417
-16.7655 12.4773 -8.44374
-19.0375 14.4883 -10.8267

-19.7105 11.0153 -12.3977

-20.1945 9.25029 -8.92374
-23.6965 8.10029 -10.1347
-21.8605 6.00129 -12.8427
-19.4365 4.08929 -10.4947
-17.7915 1.54429 -9.73474

-14.5845 3.50929 -10.4167
-11.3615 1.82029 -11.6357
-8.04547 3.62929 -10.9077
-4.94247 2.21829 -12.6817
-1.63947 3.60029 -11.3017

2.13953 2.94129 -10.9187
2.77353 0.137295 -8.33774
4.33353 2.65229 -5.81174
1.50053 5.31729 -5.70574

-1.56847 3.08929 -4.90174
-1.70547 4.20429 -1.22974
-0.964471 7.85529 -2.27474
-4.17547 7.65329 -4.39874
-6.22447 6.06029 -1.52974
-5.07847 8.87729 0.824255
-5.91947 11.4333 -1.93574
-9.53247 10.0683 -2.14474
-9.89247 10.0973 1.70626
-8.40647 13.6573 1.81826
-10.6335 15.1523 -0.926745

-13.9315 13.1483 -0.664745
-14.6615 12.9073 3.15126
-18.1985 11.7483 2.04326
-16.5745 8.25629 1.50126
-15.8405 5.67229 4.21226

-12.4425 3.85329 3.95226
-14.4485 0.637295 3.17526
-15.5905 2.29029 -0.113745

-11.9015 2.14129 -1.32874
-10.3155 -1.16671 -2.41674
-6.49147 -1.08371 -2.82374

-5.51247 -4.15871 -4.86974
-2.12647 -5.34571 -3.53274
-2.01147 -8.87971 -5.09174
-3.21547 -10.8417 -8.16974
-5.57947 -12.8627 -5.83474
-7.59847 -9.85071 -4.58774
-11.1625 -8.95971 -5.74574
-10.8855 -6.01571 -8.20374
-14.6265 -5.14471 -7.63174
-14.7295 -5.20871 -3.77774
-14.9185 -1.37471 -3.36874
-16.8905 1.49129 -4.90974

-13.3985 2.81729 -5.86674
-10.8755 0.124295 -6.93974
-7.14647 1.05929 -7.10174
-4.81947 -1.34471 -9.01774
-1.33947 -1.33771 -10.6137

-0.468471 -1.78271 -14.3277
1.43253 -5.05171 -13.5297
-1.64347 -6.58871 -11.7917
-4.11047 -5.81171 -14.6827

-2.73647 -8.75771 -16.7647
-3.09747 -11.1157 -13.7217
-6.65347 -9.78271 -13.0597
-7.82447 -9.85771 -16.7657
-10.5415 -12.4577 -15.8607
-12.0535 -9.87871 -13.3927
-11.7655 -6.93671 -15.9157
-14.8815 -8.47571 -17.6267
-16.9985 -6.49371 -15.0797
-17.9045 -3.17971 -16.8527
-16.1775 -0.277705 -15.0627
-18.0465 2.74229 -16.5447

-15.5145 5.28029 -15.1127
-11.7465 4.65929 -15.4757
-8.81747 6.81229 -14.3027
-5.32747 5.84729 -15.5447

-2.47247 7.72029 -13.8457
0.848529 8.09229 -15.7537

-0.876471 6.60529 -18.8737
2.42453 6.75029 -20.8727
2.93753 3.21529 -19.3607
0.415529 2.09129 -22.0807

2.63153 3.52129 -24.9587
3.32853 0.048295 -26.5157
0.276529 -2.02571 -27.6407
2.19553 -5.39071 -27.5427
2.80353 -5.15871 -23.7437

0.638529 -7.31171 -21.4127
-0.378471 -4.16471 -19.3917
-1.64247 -2.45171 -22.5977
-3.39647 -5.63571 -23.9107
-5.27147 -5.94771 -20.5527
-6.12347 -2.17971 -20.2367
-7.27547 -1.39571 -23.8297
-10.5105 -3.56571 -23.9077
-11.7715 -1.82871 -20.7037
-10.8145 1.68529 -21.9687
-12.7035 1.13129 -25.2907
-15.9585 0.030295 -23.4807

-15.8825 2.31329 -20.3697
-18.1825 5.41529 -20.6087

-15.6365 7.84129 -19.0087
-11.8295 7.61029 -19.5337
-9.57947 10.0343 -17.6147
-5.95547 9.50029 -18.7277
-3.23747 11.4363 -16.8167

0.450529 12.0223 -17.7237
3.19153 14.6693 -17.3317
4.89953 13.2583 -20.4417
2.18753 11.7353 -22.7367
4.92653 10.9363 -25.2497
8.34553 10.0013 -23.7817
10.3685 10.2303 -27.0607
8.22953 9.77229 -30.2687

4.70353 10.3693 -31.7887
4.04453 6.56129 -32.0057
3.78753 6.43929 -28.1277
0.570529 8.58729 -28.2837
-1.43847 6.11129 -30.4327
-2.71447 3.93129 -27.5187
-3.79147 7.06529 -25.5477
-5.54847 8.55129 -28.6627
-7.56947 5.31929 -29.2807
-8.35547 5.03129 -25.5187
-9.91447 8.57429 -25.5007

-11.4175 8.30329 -29.0767
-11.8025 4.58729 -30.1617
-12.9825 5.70629 -33.6847
-9.74547 7.66729 -34.4127
-7.14747 5.72129 -36.4967
-8.71047 2.17229 -36.1337
-5.38647 0.740295 -37.4757

-1.91147 1.93829 -36.3337
-0.529471 1.93529 -39.9367
-2.67647 4.99029 -40.9347
-1.37547 6.92629 -37.8637
2.22453 5.75829 -38.5727
2.16153 6.79529 -42.2887
0.951529 10.3233 -41.3347
2.78653 11.1373 -38.0467

5.67953 8.60629 -37.6687
7.33853 9.08929 -41.1467
6.69053 5.38029 -41.7627

9.26753 3.73329 -44.0937
9.01853 0.385295 -45.9357
12.2985 -1.45771 -45.1787

13.2945 -4.93971 -46.6067
12.2445 -6.50671 -43.2197

8.88853 -4.61371 -42.8127
7.72453 -1.13071 -41.7187
9.81453 1.29429 -39.6367

7.80353 3.76529 -37.4427
10.7345 5.38129 -35.4837
10.4035 8.70829 -37.3767
8.18453 11.7953 -37.0307
6.05653 13.8553 -39.4697
3.30153 16.5503 -39.5477

3.76153 17.2673 -35.7727
1.93053 20.6653 -35.8717
-1.16947 18.8893 -37.3287
-0.844471 16.1753 -34.6247
-0.663471 18.9433 -31.9317
-3.87147 20.5813 -33.3007
-5.70447 17.1863 -33.4097
-4.59247 16.3633 -29.8227
-5.65147 19.7613 -28.3357
-9.05347 19.8113 -30.1487
-10.2305 16.2023 -29.6137

-7.99947 14.2003 -27.1477

-5.86647 16.2583 -24.7637
-5.92447 19.1523 -22.2927

-2.32147 20.3943 -21.7597
-1.01447 23.3953 -19.7707
2.56053 24.2303 -18.7967

4.08653 25.7143 -15.5687
4.69753 28.9183 -17.5907
0.942529 29.1673 -18.4907
-0.497471 28.7973 -14.9307

2.31353 29.2923 -12.3087
4.27453 32.5273 -13.1397
5.68853 32.2903 -9.53974
7.69353 29.0223 -9.95574

11.4925 29.7163 -9.97074
13.2455 28.9823 -13.2947

14.9015 25.6123 -14.0377
18.5175 26.4603 -15.0157
20.0545 23.5703 -17.0177
23.7335 23.0723 -17.9647
26.0955 20.4633 -19.3667
29.1365 19.7683 -17.1257
31.9555 18.2143 -19.1807

33.7355 16.0133 -16.5897
37.4505 15.8323 -17.3997

38.4345 12.6013 -19.3227
42.0495 13.0723 -17.9947
41.0115 10.8803 -14.9727

39.9705 8.09129 -17.4577
43.1085 5.91029 -17.3917

44.6145 4.63729 -20.6897
43.3025 1.01929 -20.1487
39.6805 2.21729 -19.5977
39.9575 4.54729 -22.6587
41.3865 1.70229 -24.8107
38.4485 -0.514705 -23.6257
35.9025 2.22029 -24.6237
37.6995 2.61829 -28.0137
37.6125 -1.20771 -28.4447
33.8395 -1.51671 -27.6967
33.1515 1.53529 -29.9647
35.1065 -0.140705 -32.8517
33.3325 -3.45371 -32.0607
29.8355 -1.90171 -32.6447
30.9265 -0.570705 -36.1157

32.4065 -3.90071 -37.3677
30.5765 -4.99871 -40.5727
30.7175 -8.77871 -40.0377
28.8465 -8.93971 -36.6527
25.2735 -10.1677 -36.1457

22.4775 -7.78071 -34.9917
22.7965 -9.44271 -31.5287
26.6185 -8.98371 -31.2397
26.0675 -5.28171 -32.2107
23.4785 -4.92871 -29.3357
25.8465 -6.74871 -26.8987
28.7955 -4.45671 -27.8557
26.4445 -1.41871 -27.3997
25.4295 -2.62071 -23.8757
29.1445 -3.20171 -23.0687
30.1145 0.319295 -24.3407
27.2875 1.85829 -22.2257
28.2425 -0.090705 -19.0277
31.9755 0.826295 -19.5947
30.9255 4.51629 -19.9547
29.2745 4.32729 -16.4947
32.4345 2.74629 -14.9257
34.7345 5.30729 -16.6537
32.7355 8.28129 -15.2077
32.6825 7.08529 -11.5097
35.9695 8.83829 -10.3727
35.0325 12.2713 -11.8447
31.3475 11.9163 -10.8047
32.6885 11.3683 -7.23374
35.1605 14.3113 -7.62074
32.2335 16.5623 -8.70374
29.9215 15.4103 -5.81374
32.7265 16.1783 -3.30274
33.3805 19.6283 -4.92774
29.6315 20.4253 -4.45174
29.7585 19.4143 -0.726745
33.0835 21.2793 -0.136745

31.4255 24.3583 -1.81974
28.9455 24.3433 1.15426
25.7765 23.0463 -0.636745
23.0825 22.0933 1.89126
20.8295 19.7443 -0.232745

21.0485 18.1493 -3.71374
19.8805 15.0733 -5.68474
22.2505 12.7113 -7.55974
20.6645 10.6443 -10.3637
22.2855 7.48929 -11.8347

20.9035 4.18829 -13.3117
23.7815 1.64429 -13.2567

23.9125 -0.039705 -9.80374
27.7755 0.162295 -9.74574
27.5455 4.01929 -9.98774
24.9425 4.20429 -7.14374
27.1035 1.76929 -5.05774
30.3685 3.75129 -5.61174
28.6915 7.13029 -4.76574
27.1385 5.70129 -1.52674
30.4745 4.06829 -0.496745
32.4165 7.37129 -0.916745
29.7305 9.38429 0.991255
29.9485 6.79329 3.85626
33.8105 7.01729 3.74126

33.5225 10.8723 3.99726
30.8545 10.4403 6.79826
28.2765 12.4003 4.69626
24.6725 11.7133 5.76526

22.6695 10.7223 2.65426
19.5845 8.75429 1.48826
19.5065 6.03729 -1.22774
16.5045 4.93629 -3.37174

16.7705 2.21429 -6.06974
14.9375 -0.881705 -7.48374
15.5155 -2.79871 -4.17474
14.0815 -0.049705 -1.85874
10.5685 -1.05471 -0.669745
7.40553 1.04129 -1.32574
7.03253 2.14929 2.36226

10.7905 2.79129 2.94926
10.7815 5.01629 -0.217745
8.22053 7.34829 1.44626
10.0695 7.29329 4.83026
13.5055 8.08129 3.22226
11.7645 10.8503 1.19926
10.4305 12.3383 4.49926
13.9075 11.9553 6.15226
15.5555 13.9713 3.28426
12.7075 16.5713 3.33426
12.6335 17.1353 7.14526

16.2665 16.4723 8.27926
18.8505 19.2543 7.59326
21.6535 16.6263 8.04326
20.8425 14.6223 4.86526
22.8115 16.6033 2.24426

22.6695 14.0793 -0.668745
19.9095 11.9083 -2.14774
21.3715 9.04629 -4.27774
18.5155 8.13629 -6.65074
17.9415 5.60829 -9.43874

16.6295 7.50429 -12.5397
14.2005 4.59429 -13.2487
13.1375 3.74529 -9.65174
12.6505 7.33929 -8.28474
10.9285 8.86829 -11.4177
7.46753 8.39429 -9.72974
5.46953 9.35029 -6.57874
8.23653 11.1163 -4.58374
8.68553 14.8883 -3.89874
12.1385 16.4313 -3.18974
11.3015 20.1663 -2.74374
14.0115 20.4983 0.00925532
16.7955 20.4333 -2.66374
17.6795 23.2383 -5.16074

20.1265 21.1613 -7.30274
19.8175 17.9973 -9.44474
22.9845 16.2303 -10.7297
22.6075 13.5973 -13.4737

25.7675 11.4743 -13.0297
24.5585 9.45429 -16.0607
22.5475 10.2573 -19.2087
19.3545 8.29229 -20.0047
18.2685 7.73829 -23.6717
14.6225 8.71029 -22.9267

14.0825 12.4873 -22.2787
10.6095 11.9393 -20.7157
12.3105 10.0723 -17.7957
14.9295 12.8683 -17.3807
12.0925 15.4963 -17.2267
10.2125 13.2563 -14.6917
13.3905 13.2493 -12.5117
13.8645 17.1003 -12.7437

10.1665 17.5753 -11.7257
10.8405 15.7283 -8.44174
12.4615 19.0083 -7.17674
10.5295 21.5303 -9.32174
7.14553 21.0373 -7.49774
4.60553 23.2113 -5.61474
6.52953 24.1533 -2.41774
9.83753 24.9253 -4.23974
11.0665 28.5253 -3.52574
14.5885 28.4563 -5.13874
15.6915 28.4193 -8.82474

16.3135 24.7383 -9.64774
19.8035 23.9173 -10.9797
20.0655 20.8663 -13.3147
23.6265 19.6143 -14.0557
24.1305 16.9303 -16.7677
27.5505 15.2353 -16.2597
29.0835 14.2193 -19.6627

32.4725 12.7193 -20.6847
34.1735 13.2383 -24.1137
35.2795 9.87329 -25.6377
32.2565 7.89829 -24.2197
28.5845 6.89829 -24.8457

27.5725 10.4823 -23.7667
28.8915 11.8263 -27.1507
26.1115 9.81829 -28.9607
23.4125 9.89529 -26.2267
23.3765 13.7093 -25.8067
22.5655 14.5513 -29.5207
19.9805 11.6643 -29.4707
18.2715 13.1013 -26.3267
18.2845 16.6143 -27.9437
16.5915 15.5313 -31.2257
13.9905 13.6063 -29.1107
13.1485 16.7413 -26.9917
12.7885 18.7333 -30.2637
10.3155 16.0883 -31.6287
8.39353 16.3543 -28.2967
8.40853 20.2183 -28.4607
7.18153 20.3023 -32.1307

4.30853 17.9803 -31.0137
3.50853 20.5223 -28.1687
4.58453 17.9213 -25.5247
7.60453 19.8283 -24.0487
8.77953 23.4433 -23.4767
12.2375 22.0043 -22.7417
14.7115 23.1403 -25.3867
18.1515 21.4683 -24.9137
20.0365 23.2743 -27.8027

21.0425 26.3633 -25.7207
23.0905 24.1743 -23.2777
25.4375 22.8573 -26.0567
26.2885 26.2543 -27.6157

27.5535 27.2133 -24.0857
30.0385 24.2403 -23.6627

End chain 1
