-13.201 -6.296 -53.957
-10.703 -3.406 -53.291
-9.54 -3.087 -49.639
-11.02 0.322 -48.639
-8.614 1.85 -46.053
-10.787 3.126 -43.162

-9.634 6.195 -41.181
-10.061 4.9 -37.589
-10.286 6.838 -34.306
-12.195 7.103 -30.979
-14.163 9.439 -28.711
-12.619 10.223 -25.263
-14.157 12.207 -22.344

-11.943 15.248 -21.466
-14.301 16.978 -18.949
-17.827 16.65 -17.399
-19.139 18.761 -20.353

-16.752 17.96 -23.312
-15.482 14.956 -25.281
-12.62 14.751 -27.824
-12.437 12.939 -31.204
-8.982 11.264 -31.393
-8.672 10.357 -35.1

-6.94973 7.60942 -37.0682
-7.68954 3.80105 -36.77
-7.86093 0.0633811 -36.6688

-9.84365 -1.97355 -34.1464
-10.8271 1.16386 -32.2405
-11.9972 2.85529 -35.4363
-14.1066 -0.162978 -36.3762
-15.7275 -0.221867 -32.9393
-16.5661 3.47798 -33.1647
-18.1445 3.01063 -36.59
-20.2676 0.123621 -35.3249

-24.1206 -0.420379 -35.3969
-24.2846 -1.18438 -31.6079
-25.5396 1.71562 -29.4719
-23.4396 1.03762 -26.3069
-20.2146 0.403621 -28.3389

-16.8166 1.21862 -26.7589
-13.4346 0.598621 -28.4309
-10.2286 0.594621 -26.3579

-7.30659 1.70162 -28.5769
-4.75159 0.0966206 -26.1409
-6.17659 -3.48138 -26.0589
-7.75759 -3.08038 -29.5849

-11.0016 -4.59538 -28.1579
-14.7366 -3.83138 -28.3629
-17.1066 -3.67338 -25.3589
-20.8896 -3.21638 -25.0179
-23.5546 -2.81538 -22.2779

-24.6806 -6.17938 -20.8439
-28.3466 -5.47438 -21.8649
-27.1546 -5.49538 -25.5459
-25.6016 -9.03838 -25.2069
-28.6516 -10.8634 -26.6899
-28.9936 -8.17338 -29.4609
-25.2756 -8.53538 -30.3889
-25.2386 -12.3884 -30.4049
-28.4686 -12.4434 -32.4959
-26.9306 -10.0414 -35.1179
-23.5166 -11.8694 -35.1709

-25.2166 -15.2694 -35.8949
-26.3856 -13.6714 -39.2019
-22.7516 -13.0214 -40.3589
-21.1006 -15.6544 -42.6289
-17.6746 -17.0174 -41.4889

-17.8836 -15.4284 -37.9299
-18.1886 -17.3984 -34.6469
-18.5656 -15.2534 -31.4819
-19.0866 -17.5584 -28.4689

-21.6416 -15.9684 -26.0249
-21.2856 -15.3144 -22.2799
-21.7736 -18.7484 -20.5629
-25.2176 -19.6684 -19.1399
-23.6586 -19.3884 -15.6229
-22.9576 -15.6374 -16.1799
-26.3876 -15.0214 -17.7989
-28.0466 -16.6864 -14.7459
-25.8436 -14.6944 -12.2769

-26.4516 -11.2984 -14.0219
-30.0916 -12.0644 -15.0819
-31.2746 -8.73538 -13.4909

-28.6376 -6.62338 -15.3309
-29.4236 -8.41738 -18.6639
-33.0546 -7.07038 -18.2769

-32.4376 -3.41538 -17.1649
-31.9456 -0.561379 -19.7049
-30.9176 1.58562 -16.6639
-27.7976 1.98862 -14.4759
-29.4536 1.41262 -11.0899
-26.6186 0.369621 -8.74785
-27.1546 -2.86238 -6.70185

-30.6426 -2.82538 -5.06185
-30.2216 -2.00938 -1.35585
-30.0016 -5.18538 0.726145
-33.2376 -5.21838 2.81215
-32.6996 -5.27138 6.58815
-33.7286 -8.66638 7.97515

-36.1506 -8.96738 10.9001
-33.8126 -10.3664 13.6071
-36.5006 -10.1984 16.4191
-36.5826 -14.0584 16.5551
-32.7436 -14.0684 17.0861
-31.2436 -13.9114 20.6011

-30.9436 -10.1434 21.5451
-27.4146 -10.7084 23.0031
-26.2196 -11.7484 19.4991
-28.1546 -9.03238 17.5621
-26.8256 -6.20938 19.8521
-23.1616 -7.39738 19.4931

-23.1106 -7.39538 15.6271
-20.8686 -4.63038 14.2181

-22.5296 -2.52538 11.3951
-20.6546 -4.43438 8.62815
-21.4876 -7.81538 10.2981
-25.2196 -6.81038 10.3091
-24.9856 -5.89938 6.57915
-23.3666 -9.36238 5.97815
-26.2116 -11.1424 7.87615
-28.7866 -9.13338 5.82315
-26.9786 -10.0524 2.52815
-26.8536 -13.7584 3.51715
-30.6196 -13.7264 4.36015
-31.4476 -11.8744 1.06715

-29.3966 -14.5724 -0.839855
-31.6376 -17.1694 0.962145
-28.9356 -18.5174 3.36215

-26.7756 -19.8644 0.458145
-23.3796 -18.0994 0.395145
-19.6326 -18.2054 0.911145
-18.7186 -15.6764 3.65315

-15.1176 -15.0224 2.50415

-14.5586 -12.0284 4.85715
-10.9276 -11.6124 6.00915

-9.47159 -13.5024 9.03015
-10.7846 -12.2614 12.4161
-13.6566 -10.0484 11.0061
-16.1296 -12.2364 13.0401

-17.2676 -14.8634 10.4631
-18.4356 -17.1364 13.3661
-20.7866 -14.5034 14.9481
-22.2996 -13.7114 11.4861
-22.7056 -17.4794 10.7221
-24.4436 -18.1754 14.0931
-26.8386 -15.2214 13.4301
-27.6706 -16.3624 9.82715
-28.2696 -19.9404 11.0951
-30.3786 -18.6974 14.0931
-32.6506 -16.6864 11.7101

-33.3236 -20.1594 10.1391

-33.8076 -21.9244 13.6131
-37.3096 -23.0744 12.4021
-35.4736 -25.1734 9.69415
-33.0496 -27.0854 12.0421
-31.4046 -29.6304 12.8021

-28.1976 -27.6654 12.1201
-24.9746 -29.3544 10.9011
-21.6586 -27.5454 11.6291
-18.5556 -28.9564 9.85515
-15.2526 -27.5744 11.2351

-11.4736 -28.2334 11.6181
-10.8396 -31.0374 14.1991
-9.27959 -28.5224 16.7251
-12.1126 -25.8574 16.8311

-15.1816 -28.0854 17.6351
-15.3186 -26.9704 21.3071
-14.5776 -23.3194 20.2621
-17.7886 -23.5214 18.1381
-19.8376 -25.1144 21.0071
-18.6916 -22.2974 23.3611
-19.5326 -19.7414 20.6011
-23.1456 -21.1064 20.3921
-23.5056 -21.0774 24.2431
-22.0196 -17.5174 24.3551
-24.2466 -16.0224 21.6101

-27.5446 -18.0264 21.8721
-28.2746 -18.2674 25.6881
-31.8116 -19.4264 24.5801
-30.1876 -22.9184 24.0381
-29.4536 -25.5024 26.7491

-26.0556 -27.3214 26.4891
-28.0616 -30.5374 25.7121
-29.2036 -28.8844 22.4231

-25.5146 -29.0334 21.2081
-23.9286 -32.3414 20.1201
-20.1046 -32.2584 19.7131

-19.1256 -35.3334 17.6671
-15.7396 -36.5204 19.0041
-15.6246 -40.0544 17.4451
-16.8286 -42.0164 14.3671
-19.1926 -44.0374 16.7021
-21.2116 -41.0254 17.9491
-24.7756 -40.1344 16.7911
-24.4986 -37.1904 14.3331
-28.2396 -36.3194 14.9051
-28.3426 -36.3834 18.7591
-28.5316 -32.5494 19.1681
-30.5036 -29.6834 17.6271

-27.0116 -28.3574 16.6701
-24.4886 -31.0504 15.5971
-20.7596 -30.1154 15.4351
-18.4326 -32.5194 13.5191
-14.9526 -32.5124 11.9231

-14.0816 -32.9574 8.20915
-12.1806 -36.2264 9.00715
-15.2566 -37.7634 10.7451
-17.7236 -36.9864 7.85415

-16.3496 -39.9324 5.77215
-16.7106 -42.2904 8.81515
-20.2666 -40.9574 9.47715
-21.4376 -41.0324 5.77115
-24.1546 -43.6324 6.67615
-25.6666 -41.0534 9.14415
-25.3786 -38.1114 6.62115
-28.4946 -39.6504 4.91015
-30.6116 -37.6684 7.45715
-31.5176 -34.3544 5.68415
-29.7906 -31.4524 7.47415
-31.6596 -28.4324 5.99215

-29.1276 -25.8944 7.42415
-25.3596 -26.5154 7.06115
-22.4306 -24.3624 8.23415
-18.9406 -25.3274 6.99215

-16.0856 -23.4544 8.69115
-12.7646 -23.0824 6.78315

-14.4896 -24.5694 3.66315
-11.1886 -24.4244 1.66415
-10.6756 -27.9594 3.17615
-13.1976 -29.0834 0.456145

-10.9816 -27.6534 -2.42185
-10.2846 -31.1264 -3.97885
-13.3366 -33.2004 -5.10385
-11.4176 -36.5654 -5.00585
-10.8096 -36.3334 -1.20685

-12.9746 -38.4864 1.12415
-13.9916 -35.3394 3.14515
-15.2556 -33.6264 -0.0608546
-17.0096 -36.8104 -1.37385
-18.8846 -37.1224 1.98415
-19.7366 -33.3544 2.30015
-20.8886 -32.5704 -1.29285
-24.1236 -34.7404 -1.37085
-25.3846 -33.0034 1.83315
-24.4276 -29.4894 0.568145
-26.3166 -30.0434 -2.75385
-29.5716 -31.1444 -0.943855

-29.4956 -28.8614 2.16715
-31.7956 -25.7594 1.92815

-29.2496 -23.3334 3.52815
-25.4426 -23.5644 3.00315
-23.1926 -21.1404 4.92215
-19.5686 -21.6744 3.80915
-16.8506 -19.7384 5.72015

-13.1626 -19.1524 4.81315
-10.4216 -16.5054 5.20515
-8.71359 -17.9164 2.09515
-11.4256 -19.4394 -0.199855
-8.68659 -20.2384 -2.71285
-5.26759 -21.1734 -1.24485
-3.24459 -20.9444 -4.52385
-5.38359 -21.4024 -7.73185

-8.90959 -20.8054 -9.25185
-9.56859 -24.6134 -9.46885
-9.82559 -24.7354 -5.59085
-13.0426 -22.5874 -5.74685
-15.0516 -25.0634 -7.89585
-16.3276 -27.2434 -4.98185
-17.4046 -24.1094 -3.01085
-19.1616 -22.6234 -6.12585
-21.1826 -25.8554 -6.74385
-21.9686 -26.1434 -2.98185
-23.5276 -22.6004 -2.96385

-25.0306 -22.8714 -6.53985
-25.4156 -26.5874 -7.62485
-26.5956 -25.4684 -11.1479
-23.3586 -23.5074 -11.8759
-20.7606 -25.4534 -13.9599
-22.3236 -29.0024 -13.5969
-18.9996 -30.4344 -14.9389

-15.5246 -29.2364 -13.7969
-14.1426 -29.2394 -17.3999
-16.2896 -26.1844 -18.3979
-14.9886 -24.2484 -15.3269
-11.3886 -25.4164 -16.0359
-11.4516 -24.3794 -19.7519
-12.6616 -20.8514 -18.7979
-10.8266 -20.0374 -15.5099

-7.93359 -22.5684 -15.1319
-6.27459 -22.0854 -18.6099
-6.92259 -25.7944 -19.2259

-4.34559 -27.4414 -21.5569
-4.59459 -30.7894 -23.3989
-1.31459 -32.6324 -22.6419

-0.318588 -36.1144 -24.0699
-1.36859 -37.6814 -20.6829

-4.72459 -35.7884 -20.2759
-5.88859 -32.3054 -19.1819
-3.79859 -29.8804 -17.0999

-5.80959 -27.4094 -14.9059
-2.87859 -25.7934 -12.9469
-3.20959 -22.4664 -14.8399
-5.42859 -19.3794 -14.4939
-7.55659 -17.3194 -16.9329
-10.3116 -14.6244 -17.0109

-9.85159 -13.9074 -13.2359
-11.6826 -10.5094 -13.3349
-14.7826 -12.2854 -14.7919
-14.4576 -14.9994 -12.0879
-14.2766 -12.2314 -9.39485
-17.4846 -10.5934 -10.7639
-19.3176 -13.9884 -10.8729
-18.2056 -14.8114 -7.28585
-19.2646 -11.4134 -5.79885
-22.6666 -11.3634 -7.61185
-23.8436 -14.9724 -7.07685

-21.6126 -16.9744 -4.61085

-19.4796 -14.9164 -2.22685
-19.5376 -12.0224 0.244145

-15.9346 -10.7804 0.777145
-14.6276 -7.77938 2.76615
-11.0526 -6.94438 3.74015

-9.52659 -5.46038 6.96815
-8.91559 -2.25638 4.94615
-12.6706 -2.00738 4.04615
-14.1106 -2.37738 7.60615

-11.2996 -1.88238 10.2281
-9.33859 1.35262 9.39715
-7.92459 1.11562 12.9971
-5.91959 -2.15238 12.5811

-2.12059 -1.45838 12.5661
-0.367588 -2.19238 9.24215

1.28841 -5.56238 8.49915
4.90441 -4.71438 7.52115
6.44141 -7.60438 5.51915
10.1204 -8.10238 4.57215
12.4824 -10.7114 3.17015
15.5234 -11.4064 5.41115
18.3424 -12.9604 3.35615

20.1224 -15.1614 5.94715
23.8374 -15.3424 5.13715

24.8214 -18.5734 3.21415
28.4364 -18.1024 4.54215
27.3984 -20.2944 7.56415

26.3574 -23.0834 5.07915
29.4954 -25.2644 5.14515

31.0014 -26.5374 1.84715
29.6894 -30.1554 2.38815
26.0674 -28.9574 2.93915
26.3444 -26.6274 -0.121855
27.7734 -29.4724 -2.27385
24.8354 -31.6894 -1.08885
22.2894 -28.9544 -2.08685
24.0864 -28.5564 -5.47685
23.9994 -32.3824 -5.90785
20.2264 -32.6914 -5.15985
19.5384 -29.6394 -7.42785
21.4934 -31.3154 -10.3149
19.7194 -34.6284 -9.52385
16.2224 -33.0764 -10.1079
17.3134 -31.7454 -13.5789

18.7934 -35.0754 -14.8309
16.9634 -36.1734 -18.0359
17.1044 -39.9534 -17.5009
15.2334 -40.1144 -14.1159
11.6604 -41.3424 -13.6089

8.86441 -38.9554 -12.4549
9.18341 -40.6174 -8.99185
13.0054 -40.1584 -8.70285
12.4544 -36.4564 -9.67385
9.86541 -36.1034 -6.79885
12.2334 -37.9234 -4.36185
15.1824 -35.6314 -5.31885
12.8314 -32.5934 -4.86285
11.8164 -33.7954 -1.33885
15.5314 -34.3764 -0.531855
16.5014 -30.8554 -1.80385
13.6744 -29.3164 0.311145
14.6294 -31.2654 3.50915
18.3624 -30.3484 2.94215
17.3124 -26.6584 2.58215
15.6614 -26.8474 6.04215
18.8214 -28.4284 7.61115
21.1214 -25.8674 5.88315
19.1224 -22.8934 7.32915
19.0694 -24.0894 11.0271
22.3564 -22.3364 12.1641
21.4194 -18.9034 10.6921
17.7344 -19.2584 11.7321
19.0754 -19.8064 15.3031
21.5474 -16.8634 14.9161
18.6204 -14.6124 13.8331
16.3084 -15.7644 16.7231
19.1134 -14.9964 19.2341
19.7674 -11.5464 17.6091
16.0184 -10.7494 18.0851
16.1454 -11.7604 21.8101
19.4704 -9.89538 22.4001

17.8124 -6.81638 20.7171
15.3324 -6.83138 23.6911
12.1634 -8.12838 21.9001
9.46941 -9.08138 24.4281
7.21641 -11.4304 22.3041

7.43541 -13.0254 18.8231
6.26741 -16.1014 16.8521
8.63741 -18.4634 14.9771
7.05141 -20.5304 12.1731
8.67241 -23.6854 10.7021

7.29041 -26.9864 9.22515
10.1684 -29.5304 9.28015

10.2994 -31.2144 12.7331
14.1624 -31.0124 12.7911
13.9324 -27.1554 12.5491
11.3294 -26.9704 15.3931
13.4904 -29.4054 17.4791
16.7554 -27.4234 16.9251
15.0784 -24.0444 17.7711
13.5254 -25.4734 21.0101
16.8614 -27.1064 22.0401
18.8034 -23.8034 21.6201
16.1174 -21.7904 23.5281
16.3354 -24.3814 26.3931
20.1974 -24.1574 26.2781

19.9094 -20.3024 26.5341
17.2414 -20.7344 29.3351
14.6634 -18.7744 27.2331
11.0594 -19.4614 28.3021

9.05641 -20.4524 25.1911
5.97141 -22.4204 24.0251
5.89341 -25.1374 21.3091
2.89141 -26.2384 19.1651

3.15741 -28.9604 16.4671
1.32441 -32.0564 15.0531
1.90241 -33.9734 18.3621
0.468412 -31.2244 20.6781
-3.04459 -32.2294 21.8671
-6.20759 -30.1334 21.2111
-6.58059 -29.0254 24.8991

-2.82259 -28.3834 25.4861
-2.83159 -26.1584 22.3191
-5.39259 -23.8264 23.9831
-3.54359 -23.8814 27.3671
-0.107588 -23.0934 25.7591
-1.84859 -20.3244 23.7361
-3.18259 -18.8364 27.0361
0.294412 -19.2194 28.6891
1.94241 -17.2034 25.8211
-0.905588 -14.6034 25.8711
-0.979588 -14.0394 29.6821

2.65341 -14.7024 30.8161
5.23741 -11.9204 30.1301
8.04041 -14.5484 30.5801
7.22941 -16.5524 27.4021
9.19841 -14.5714 24.7811

9.05641 -17.0954 21.8681
6.29641 -19.2664 20.3891
7.75841 -22.1284 18.2591
4.90241 -23.0384 15.8861
4.32841 -25.5664 13.0981

3.01641 -23.6704 9.99715
0.587412 -26.5804 9.28815
-0.475588 -27.4294 12.8851
-0.962588 -23.8354 14.2521
-2.68459 -22.3064 11.1191
-6.14559 -22.7804 12.8071
-8.14359 -21.8244 15.9581
-5.37659 -20.0584 17.9531
-4.92759 -16.2864 18.6381
-1.47459 -14.7434 19.3471
-2.31159 -11.0084 19.7931
0.398412 -10.6764 22.5461
3.18241 -10.7414 19.8731
4.06641 -7.93638 17.3761

6.51341 -10.0134 15.2341
6.20441 -13.1774 13.0921
9.37141 -14.9444 11.8071
8.99441 -17.5774 9.06315

12.1544 -19.7004 9.50715
10.9454 -21.7204 6.47615
8.93441 -20.9174 3.32815
5.74141 -22.8824 2.53215
4.65541 -23.4364 -1.13485
1.00941 -22.4644 -0.389855

0.469412 -18.6874 0.258145
-3.00359 -19.2354 1.82115
-1.30259 -21.1024 4.74115
1.31641 -18.3064 5.15615
-1.52059 -15.6784 5.31015
-3.40059 -17.9184 7.84515
-0.222588 -17.9254 10.0251
0.251412 -14.0744 9.79315

-3.44659 -13.5994 10.8111
-2.77259 -15.4464 14.0951
-1.15159 -12.1664 15.3601
-3.08359 -9.64438 13.2151
-6.46759 -10.1374 15.0391
-9.00759 -7.96338 16.9221
-7.08359 -7.02138 20.1191
-3.77559 -6.24938 18.2971
-2.54659 -2.64938 19.0111
0.975412 -2.71838 17.3981
2.07841 -2.75538 13.7121

2.70041 -6.43638 12.8891
6.19041 -7.25738 11.5571
6.45241 -10.3084 9.22215
10.0134 -11.5604 8.48115
10.5174 -14.2444 5.76915
13.9374 -15.9394 6.27715
15.4704 -16.9554 2.87415

18.8594 -18.4554 1.85215
20.5604 -17.9364 -1.57685
21.6664 -21.3014 -3.10085
18.6434 -23.2764 -1.68285
14.9714 -24.2764 -2.30885

13.9594 -20.6924 -1.22985
15.2784 -19.3484 -4.61385
12.4984 -21.3564 -6.42385
9.79941 -21.2794 -3.68985
9.76341 -17.4654 -3.26985
8.95241 -16.6234 -6.98385
6.36741 -19.5104 -6.93385
4.65841 -18.0734 -3.78985
4.67141 -14.5604 -5.40685
2.97841 -15.6434 -8.68885
0.377412 -17.5684 -6.57385
-0.464588 -14.4334 -4.45485
-0.824588 -12.4414 -7.72685
-3.29759 -15.0864 -9.09185
-5.21959 -14.8204 -5.75985
-5.20459 -10.9564 -5.92385
-6.43159 -10.8724 -9.59385

-9.30459 -13.1944 -8.47685
-10.1046 -10.6524 -5.63185
-9.02859 -13.2534 -2.98785
-6.00859 -11.3464 -1.51185
-4.83359 -7.73138 -0.939855
-1.37559 -9.17038 -0.204855
1.09841 -8.03438 -2.84985
4.53841 -9.70638 -2.37685
6.42341 -7.90038 -5.26585

7.42941 -4.81138 -3.18385
9.47741 -7.00038 -0.740855
11.8244 -8.31738 -3.51985
12.6754 -4.92038 -5.07885

13.9404 -3.96138 -1.54885
16.4254 -6.93438 -1.12585

End chain 1
