-13.201 -6.296 -53.957
-10.703 -3.406 -53.291
-9.54 -3.087 -49.639
-11.02 0.322 -48.639
-8.614 1.85 -46.053
-10.787 3.126 -43.162

-9.634 6.195 -41.181
-10.061 4.9 -37.589
-10.286 6.838 -34.306
-12.195 7.103 -30.979
-14.163 9.439 -28.711
-12.619 10.223 -25.263
-14.157 12.207 -22.344

-11.943 15.248 -21.466
-14.301 16.978 -18.949
-17.827 16.65 -17.399
-19.139 18.761 -20.353

-16.752 17.96 -23.312
-15.482 14.956 -25.281
-12.62 14.751 -27.824
-12.437 12.939 -31.204
-8.982 11.264 -31.393
-8.672 10.357 -35.1

-6.282 10.744 -38.079
-6.98 13.557 -40.6
-9.895 13.022 -43.051

-11.208 15.853 -45.293
-14.92 14.856 -45.011
-14.611 14.37 -41.226
-13.015 17.857 -40.827
-15.875 19.254 -42.999
-18.403 17.482 -40.669
-16.559 18.759 -37.515
-16.844 22.341 -38.957

-20.697 21.797 -39.029
-20.861 21.033 -35.24
-22.116 23.933 -33.104
-20.016 23.255 -29.939
-16.791 22.621 -31.971

-13.393 23.436 -30.391
-10.011 22.816 -32.063
-6.805 22.812 -29.99

-3.883 23.919 -32.209
-1.328 22.314 -29.773
-2.753 18.736 -29.691
-4.334 19.137 -33.217

-7.578 17.622 -31.79
-11.313 18.386 -31.995
-13.683 18.544 -28.991
-17.466 19.001 -28.65
-20.131 19.402 -25.91

-21.257 16.038 -24.476
-24.923 16.743 -25.497
-23.731 16.722 -29.178
-22.178 13.179 -28.839
-25.228 11.354 -30.322
-25.57 14.044 -33.093
-21.852 13.682 -34.021
-21.815 9.829 -34.037
-25.045 9.774 -36.128
-23.507 12.176 -38.75
-20.093 10.348 -38.803

-21.793 6.948 -39.527
-22.962 8.546 -42.834
-19.328 9.196 -43.991
-17.677 6.563 -46.261
-14.251 5.2 -45.121

-14.46 6.789 -41.562
-14.765 4.819 -38.279
-15.142 6.964 -35.114
-15.663 4.659 -32.101

-18.218 6.249 -29.657
-17.862 6.903 -25.912
-18.35 3.469 -24.195
-21.794 2.549 -22.772
-20.235 2.829 -19.255
-19.534 6.58 -19.812
-22.964 7.196 -21.431
-24.623 5.531 -18.378
-22.42 7.523 -15.909

-23.028 10.919 -17.654
-26.668 10.153 -18.714
-27.851 13.482 -17.123

-25.214 15.594 -18.963
-26 13.8 -22.296
-29.631 15.147 -21.909

-29.014 18.802 -20.797
-28.522 21.656 -23.337
-27.494 23.803 -20.296
-24.374 24.206 -18.108
-26.03 23.63 -14.722
-23.195 22.587 -12.38
-23.731 19.355 -10.334

-27.219 19.392 -8.694
-26.798 20.208 -4.988
-26.578 17.032 -2.906
-29.814 16.999 -0.82
-29.276 16.946 2.956
-30.305 13.551 4.343

-27.1152 13.3473 2.39101
-23.3875 14.0716 1.69858
-23.1801 17.7473 2.82354
-23.5639 15.5996 6.04315
-21.3028 12.6414 6.11946
-21.1057 9.13487 4.69174

-22.9346 6.40576 6.60224
-24.5498 8.96391 8.90219
-25.716 11.0362 5.93766
-27.2402 7.97737 4.27534
-29.0984 7.0532 7.45905
-30.4912 10.5742 7.78335

-30.4402 10.5762 3.91735
-28.1982 13.3412 2.50835

-29.8592 15.4462 -0.314645
-27.9842 13.5372 -3.08165
-28.8172 10.1562 -1.41165
-32.5492 11.1612 -1.40065
-32.3152 12.0722 -5.13065
-30.6962 8.60922 -5.73165
-33.5412 6.82922 -3.83365
-36.1162 8.83822 -5.88665
-34.3082 7.91922 -9.18165
-34.1832 4.21322 -8.19265
-37.9492 4.24522 -7.34965
-38.7772 6.09722 -10.6426

-36.7262 3.39922 -12.5496
-38.9672 0.802221 -10.7476
-36.2652 -0.545779 -8.34765

-34.1052 -1.89278 -11.2516
-30.7092 -0.127779 -11.3146
-26.9622 -0.233779 -10.7986
-26.0482 2.29522 -8.05665

-22.4472 2.94922 -9.20565

-21.8882 5.94322 -6.85265
-18.2572 6.35922 -5.70065

-16.8012 4.46922 -2.67965
-18.1142 5.71022 0.706355
-20.9862 7.92322 -0.703645
-23.4592 5.73522 1.33035

-24.5972 3.10822 -1.24665
-25.7652 0.835221 1.65635
-28.1162 3.46822 3.23835
-29.6292 4.26022 -0.223645
-30.0352 0.492221 -0.987645
-31.7732 -0.203779 2.38335
-34.1682 2.75022 1.72035
-35.0002 1.60922 -1.88265
-35.5992 -1.96878 -0.614645
-37.7082 -0.725779 2.38335
-39.9802 1.28522 0.00035461

-40.6532 -2.18778 -1.57065

-41.1372 -3.95278 1.90335
-44.6392 -5.10278 0.692355
-42.8032 -7.20178 -2.01565
-40.3792 -9.11378 0.332355
-38.7342 -11.6588 1.09235

-35.5272 -9.69378 0.410355
-32.3042 -11.3828 -0.808645
-28.9882 -9.57378 -0.0806454
-25.8852 -10.9848 -1.85465
-22.5822 -9.60278 -0.474645

-18.8032 -10.2618 -0.0916454
-18.1692 -13.0658 2.48935
-16.6092 -10.5508 5.01535
-19.4422 -7.88578 5.12135

-22.5112 -10.1138 5.92535
-22.6482 -8.99878 9.59735
-21.9072 -5.34778 8.55235
-25.1182 -5.54978 6.42835
-27.1672 -7.14278 9.29735
-26.0212 -4.32578 11.6514
-26.8622 -1.76978 8.89135
-30.4752 -3.13478 8.68235
-30.8352 -3.10578 12.5334
-29.3492 0.454221 12.6454
-31.5762 1.94922 9.90035

-34.8742 -0.0547794 10.1624
-35.6042 -0.295779 13.9784
-39.1412 -1.45478 12.8704
-37.5172 -4.94678 12.3284
-36.7832 -7.53078 15.0394

-33.3852 -9.34978 14.7794
-35.3912 -12.5658 14.0024
-36.5332 -10.9128 10.7134

-32.8442 -11.0618 9.49835
-31.2582 -14.3698 8.41035
-27.4342 -14.2868 8.00335

-26.4552 -17.3618 5.95735
-23.0692 -18.5488 7.29435
-22.9542 -22.0828 5.73535
-24.1582 -24.0448 2.65735
-26.5222 -26.0658 4.99235
-28.5412 -23.0538 6.23935
-32.1052 -22.1628 5.08135
-31.8282 -19.2188 2.62335
-35.5692 -18.3478 3.19535
-35.6722 -18.4118 7.04935
-35.8612 -14.5778 7.45835
-37.8332 -11.7118 5.91735

-34.3412 -10.3858 4.96035
-31.8182 -13.0788 3.88735
-28.0892 -12.1438 3.72535
-25.7622 -14.5478 1.80935
-22.2822 -14.5408 0.213355

-21.4112 -14.9858 -3.50065
-19.5102 -18.2548 -2.70265
-22.5862 -19.7918 -0.964645
-25.0532 -19.0148 -3.85565

-23.6792 -21.9608 -5.93765
-24.0402 -24.3188 -2.89465
-27.5962 -22.9858 -2.23265
-28.7672 -23.0608 -5.93865
-31.4842 -25.6608 -5.03365
-32.9962 -23.0818 -2.56565
-32.7082 -20.1398 -5.08865
-35.8242 -21.6788 -6.79965
-37.9412 -19.6968 -4.25265
-38.8472 -16.3828 -6.02565
-37.1202 -13.4808 -4.23565
-38.9892 -10.4608 -5.71765

-36.4572 -7.92278 -4.28565
-32.6892 -8.54378 -4.64865
-29.7602 -6.39078 -3.47565
-26.2702 -7.35578 -4.71765

-23.4152 -5.48278 -3.01865
-20.0942 -5.11078 -4.92665

-21.8192 -6.59778 -8.04665
-18.5182 -6.45278 -10.0456
-18.0052 -9.98778 -8.53365
-20.5272 -11.1118 -11.2536

-18.3112 -9.68178 -14.1316
-17.6142 -13.1548 -15.6886
-20.6662 -15.2288 -16.8136
-18.7472 -18.5938 -16.7156
-18.1392 -18.3618 -12.9166

-20.3042 -20.5148 -10.5856
-21.3212 -17.3678 -8.56465
-22.5852 -15.6548 -11.7706
-24.3392 -18.8388 -13.0836
-26.2142 -19.1508 -9.72565
-27.0662 -15.3828 -9.40965
-28.2182 -14.5988 -13.0026
-31.4532 -16.7688 -13.0806
-32.7142 -15.0318 -9.87665
-31.7572 -11.5178 -11.1416
-33.6462 -12.0718 -14.4636
-36.9012 -13.1728 -12.6536

-36.8252 -10.8898 -9.54265
-39.1252 -7.78778 -9.78165

-36.5792 -5.36178 -8.18165
-32.7722 -5.59278 -8.70665
-30.5222 -3.16878 -6.78765
-26.8982 -3.70278 -7.90065
-24.1802 -1.76678 -5.98965

-20.4922 -1.18078 -6.89665
-17.7512 1.46622 -6.50465
-16.0432 0.0552206 -9.61465
-18.7552 -1.46778 -11.9096
-16.0162 -2.26678 -14.4226
-12.5972 -3.20178 -12.9546
-10.5742 -2.97278 -16.2336
-12.7132 -3.43078 -19.4416

-16.2392 -2.83378 -20.9616
-16.8982 -6.64178 -21.1786
-17.1552 -6.76378 -17.3006
-20.3722 -4.61578 -17.4566
-22.3812 -7.09178 -19.6056
-23.6572 -9.27178 -16.6916
-24.7342 -6.13778 -14.7206
-26.4912 -4.65178 -17.8356
-28.5122 -7.88378 -18.4536
-29.2982 -8.17178 -14.6916
-30.8572 -4.62878 -14.6736

-32.3602 -4.89978 -18.2496
-32.7452 -8.61578 -19.3346
-33.9252 -7.49678 -22.8576
-30.6882 -5.53578 -23.5856
-28.0902 -7.48178 -25.6696
-29.6532 -11.0308 -25.3066
-26.3292 -12.4628 -26.6486

-22.8542 -11.2648 -25.5066
-21.4722 -11.2678 -29.1096
-23.6192 -8.21278 -30.1076
-22.3182 -6.27678 -27.0366
-18.7182 -7.44478 -27.7456
-18.7812 -6.40778 -31.4616
-19.9912 -2.87978 -30.5076
-18.1562 -2.06578 -27.2196

-15.2632 -4.59678 -26.8416
-13.6042 -4.11378 -30.3196
-14.2522 -7.82278 -30.9356

-11.6752 -9.46978 -33.2666
-11.9242 -12.8178 -35.1086
-8.64424 -14.6608 -34.3516

-7.64824 -18.1428 -35.7796
-8.69824 -19.7098 -32.3926

-12.0542 -17.8168 -31.9856
-13.2182 -14.3338 -30.8916
-11.1282 -11.9088 -28.8096

-13.1392 -9.43778 -26.6156
-10.2082 -7.82178 -24.6566
-10.5392 -4.49478 -26.5496
-12.7582 -1.40778 -26.2036
-14.8862 0.652221 -28.6426
-17.6412 3.34722 -28.7206

-17.1812 4.06422 -24.9456
-19.0122 7.46222 -25.0446
-22.1122 5.68622 -26.5016
-21.7872 2.97222 -23.7976
-21.6062 5.74022 -21.1046
-24.8142 7.37822 -22.4736
-26.6472 3.98322 -22.5826
-25.5352 3.16022 -18.9956
-26.5942 6.55822 -17.5086
-29.9962 6.60822 -19.3216
-31.1732 2.99922 -18.7866

-28.9422 0.997221 -16.3206

-26.8092 3.05522 -13.9366
-26.8672 5.94922 -11.4656

-23.2642 7.19122 -10.9326
-21.9572 10.1922 -8.94365
-18.3822 11.0272 -7.96965

-16.8562 12.5112 -4.74165
-16.2452 15.7152 -6.76365
-20.0002 15.9642 -7.66365
-21.4402 15.5942 -4.10365

-18.6292 16.0892 -1.48165
-16.6682 19.3242 -2.31265
-15.2542 19.0872 1.28735
-13.2492 15.8192 0.871355

-9.45024 16.5132 0.856355
-7.69724 15.7792 -2.46765

-6.04124 12.4092 -3.21065
-2.42524 13.2572 -4.18865
-0.888239 10.3672 -6.19065
2.79076 9.86922 -7.13765
5.15276 7.26022 -8.53965
8.19376 6.56522 -6.29865
11.0128 5.01122 -8.35365

12.7928 2.81022 -5.76265
16.5078 2.62922 -6.57265

17.4918 -0.601779 -8.49565
21.1068 -0.130779 -7.16765
20.0688 -2.32278 -4.14565

19.0278 -5.11178 -6.63065
22.1658 -7.29278 -6.56465

23.6718 -8.56578 -9.86265
22.3598 -12.1838 -9.32165
18.7378 -10.9858 -8.77065
19.0148 -8.65578 -11.8316
20.4438 -11.5008 -13.9836
17.5058 -13.7178 -12.7986
14.9598 -10.9828 -13.7966
16.7568 -10.5848 -17.1866
16.6698 -14.4108 -17.6176
12.8968 -14.7198 -16.8696
12.2088 -11.6678 -19.1376
14.1638 -13.3438 -22.0246
12.3898 -16.6568 -21.2336
8.89276 -15.1048 -21.8176
9.98376 -13.7738 -25.2886

11.4638 -17.1038 -26.5406
9.63376 -18.2018 -29.7456
9.77476 -21.9818 -29.2106
7.90376 -22.1428 -25.8256
4.33076 -23.3708 -25.3186

1.53476 -20.9838 -24.1646
1.85376 -22.6458 -20.7016
5.67576 -22.1868 -20.4126
5.12476 -18.4848 -21.3836
2.53576 -18.1318 -18.5086
4.90376 -19.9518 -16.0716
7.85276 -17.6598 -17.0286
5.50176 -14.6218 -16.5726
4.48676 -15.8238 -13.0486
8.20176 -16.4048 -12.2416
9.17176 -12.8838 -13.5136
6.34476 -11.3448 -11.3986
7.29976 -13.2938 -8.20065
11.0328 -12.3768 -8.76765
9.98276 -8.68678 -9.12765
8.33176 -8.87578 -5.66765
11.4918 -10.4568 -4.09865
13.7918 -7.89578 -5.82665
11.7928 -4.92178 -4.38065
11.7398 -6.11778 -0.682645
15.0268 -4.36478 0.454355
14.0898 -0.931779 -1.01765
10.4048 -1.28678 0.0223546
11.7458 -1.83478 3.59335
14.2178 1.10822 3.20635
11.2908 3.35922 2.12335
8.97876 2.20722 5.01335
11.7838 2.97522 7.52435
12.4378 6.42522 5.89935
8.68876 7.22222 6.37535
8.81576 6.21122 10.1004
12.1408 8.07622 10.6904

10.4828 11.1552 9.00735
8.00276 11.1402 11.9814
4.83376 9.84322 10.1904
2.13976 8.89022 12.7184
-0.113239 6.54122 10.5944

0.105761 4.94622 7.11335
-1.06224 1.87022 5.14235
1.30776 -0.491779 3.26735
-0.278239 -2.55878 0.463355
1.34276 -5.71378 -1.00765

-0.0392386 -9.01478 -2.48465
2.83876 -11.5588 -2.42965

2.96976 -13.2428 1.02335
6.83276 -13.0408 1.08135
6.60276 -9.18378 0.839355
3.99976 -8.99878 3.68335
6.16076 -11.4338 5.76935
9.42576 -9.45178 5.21535
7.74876 -6.07278 6.06135
6.19576 -7.50178 9.30035
9.53176 -9.13478 10.3304
11.4738 -5.83178 9.91035
8.78776 -3.81878 11.8184
9.00576 -6.40978 14.6834
12.8678 -6.18578 14.5684

12.5798 -2.33078 14.8244
9.91176 -2.76278 17.6254
7.33376 -0.802779 15.5234
3.72976 -1.48978 16.5924

1.72676 -2.48078 13.4814
-1.35824 -4.44878 12.3154
-1.43624 -7.16578 9.59935
-4.43824 -8.26678 7.45535

-4.17224 -10.9888 4.75735
-6.00524 -14.0848 3.34335
-5.42724 -16.0018 6.65235
-6.86124 -13.2528 8.96835
-10.3742 -14.2578 10.1574
-13.5372 -12.1618 9.50135
-13.9102 -11.0538 13.1894

-10.1522 -10.4118 13.7764
-10.1612 -8.18678 10.6094
-12.7222 -5.85478 12.2734
-10.8732 -5.90978 15.6574
-7.43724 -5.12178 14.0494
-9.17824 -2.35278 12.0264
-10.5122 -0.864779 15.3264
-7.03524 -1.24778 16.9794
-5.38724 0.768221 14.1114
-8.23524 3.36822 14.1614
-8.30924 3.93222 17.9724

-4.67624 3.26922 19.1064
-2.09224 6.05122 18.4204
0.710761 3.42322 18.8704
-0.100239 1.41922 15.6924
1.86876 3.40022 13.0714

1.72676 0.876221 10.1584
-1.03324 -1.29478 8.67935
0.428761 -4.15678 6.54935
-2.42724 -5.06678 4.17635
-3.00124 -7.59478 1.38835

-4.31324 -5.69878 -1.71265
-6.74224 -8.60878 -2.42165
-7.80524 -9.45778 1.17535
-8.29224 -5.86378 2.54235
-10.0142 -4.33478 -0.590645
-13.4752 -4.80878 1.09735
-15.4732 -3.85278 4.24835
-12.7062 -2.08678 6.24335
-12.2572 1.68522 6.92835
-8.80424 3.22822 7.63735
-9.64124 6.96322 8.08335
-6.93124 7.29522 10.8364
-4.14724 7.23022 8.16335
-3.26324 10.0352 5.66635

-0.816239 7.95822 3.52435
-1.12524 4.79422 1.38235
2.04176 3.02722 0.0973546
1.66476 0.394221 -2.64665

4.82476 -1.72878 -2.20265
3.61576 -3.74878 -5.23365
1.60476 -2.94578 -8.38165
-1.58824 -4.91078 -9.17765
-2.67424 -5.46478 -12.8446
-6.32024 -4.49278 -12.0996

-6.86024 -0.715779 -11.4516
-10.3332 -1.26378 -9.88865
-8.63224 -3.13078 -6.96865
-6.01324 -0.334779 -6.55365
-8.85024 2.29322 -6.39965
-10.7302 0.0532206 -3.86465
-7.55224 0.0462206 -1.68465
-7.07824 3.89722 -1.91665

-10.7762 4.37222 -0.898645
-10.1022 2.52522 2.38535
-8.48124 5.80522 3.65035
-10.4132 8.32722 1.50535
-13.7972 7.83422 3.32935
-16.3372 10.0082 5.21235
-14.4132 10.9502 8.40935
-11.1052 11.7222 6.58735
-9.87624 15.3222 7.30135
-6.35424 15.2532 5.68835
-5.25124 15.2162 2.00235

-4.62924 11.5352 1.17935
-1.13924 10.7142 -0.152645
-0.877239 7.66322 -2.48765
2.68376 6.41122 -3.22865
3.18776 3.72722 -5.94065
6.60776 2.03222 -5.43265
8.14076 1.01622 -8.83565

11.5298 -0.483779 -9.85765
13.2308 0.0352206 -13.2866
14.3368 -3.32978 -14.8106
11.3138 -5.30478 -13.3926
7.64176 -6.30478 -14.0186

6.62976 -2.72078 -12.9396
7.94876 -1.37678 -16.3236
5.16876 -3.38478 -18.1336
2.46976 -3.30778 -15.3996
2.43376 0.506221 -14.9796
1.62276 1.34822 -18.6936
-0.962239 -1.53878 -18.6436
-2.67124 -0.101779 -15.4996
-2.65824 3.41122 -17.1166
-4.35124 2.32822 -20.3986
-6.95224 0.403221 -18.2836
-7.79424 3.53822 -16.1646
-8.15424 5.53022 -19.4366
-10.6272 2.88522 -20.8016
-12.5492 3.15122 -17.4696
-12.5342 7.01522 -17.6336
-13.7612 7.09922 -21.3036

-16.6342 4.77722 -20.1866
-17.4342 7.31922 -17.3416
-16.3582 4.71822 -14.6976
-13.3382 6.62522 -13.2216
-12.1632 10.2402 -12.6496
-8.70524 8.80122 -11.9146
-6.23124 9.93722 -14.5596
-2.79124 8.26522 -14.0866
-0.906239 10.0712 -16.9756

0.0997614 13.1602 -14.8936
2.14776 10.9712 -12.4506
4.49476 9.65422 -15.2296
5.34576 13.0512 -16.7886

6.61076 14.0102 -13.2586
9.09576 11.0372 -12.8356

End chain 1
