-13.201 -6.296 -53.957
-10.703 -3.406 -53.291
-9.54 -3.087 -49.639
-11.02 0.322 -48.639
-8.614 1.85 -46.053
-10.787 3.126 -43.162

-9.634 6.195 -41.181
-10.061 4.9 -37.589
-10.286 6.838 -34.306
-12.195 7.103 -30.979
-14.163 9.439 -28.711
-12.619 10.223 -25.263
-14.157 12.207 -22.344

-11.943 15.248 -21.466
-14.301 16.978 -18.949
-17.827 16.65 -17.399
-19.139 18.761 -20.353

-16.752 17.96 -23.312
-15.482 14.956 -25.281
-12.62 14.751 -27.824
-12.437 12.939 -31.204
-8.982 11.264 -31.393
-8.672 10.357 -35.1

-6.282 10.744 -38.079
-6.98 13.557 -40.6
-9.895 13.022 -43.051

-11.208 15.853 -45.293
-14.92 14.856 -45.011
-14.611 14.37 -41.226
-13.015 17.857 -40.827
-15.875 19.254 -42.999
-18.403 17.482 -40.669
-16.559 18.759 -37.515
-16.844 22.341 -38.957

-20.697 21.797 -39.029
-20.861 21.033 -35.24
-22.116 23.933 -33.104
-20.016 23.255 -29.939
-16.791 22.621 -31.971

-13.393 23.436 -30.391
-10.011 22.816 -32.063
-6.805 22.812 -29.99

-3.883 23.919 -32.209
-1.328 22.314 -29.773
-2.753 18.736 -29.691
-4.334 19.137 -33.217

-7.578 17.622 -31.79
-11.313 18.386 -31.995
-13.683 18.544 -28.991
-17.466 19.001 -28.65
-20.131 19.402 -25.91

-21.257 16.038 -24.476
-24.923 16.743 -25.497
-23.731 16.722 -29.178
-22.178 13.179 -28.839
-25.228 11.354 -30.322
-25.57 14.044 -33.093
-21.852 13.682 -34.021
-21.815 9.829 -34.037
-25.045 9.774 -36.128
-23.507 12.176 -38.75
-20.093 10.348 -38.803

-21.793 6.948 -39.527
-22.962 8.546 -42.834
-19.328 9.196 -43.991
-17.677 6.563 -46.261
-14.251 5.2 -45.121

-14.46 6.789 -41.562
-14.765 4.819 -38.279
-15.142 6.964 -35.114
-15.663 4.659 -32.101

-18.218 6.249 -29.657
-17.862 6.903 -25.912
-18.35 3.469 -24.195
-21.794 2.549 -22.772
-20.235 2.829 -19.255
-19.534 6.58 -19.812
-22.964 7.196 -21.431
-24.623 5.531 -18.378
-22.42 7.523 -15.909

-23.028 10.919 -17.654
-26.668 10.153 -18.714
-27.851 13.482 -17.123

-25.214 15.594 -18.963
-26 13.8 -22.296
-29.631 15.147 -21.909

-29.014 18.802 -20.797
-28.522 21.656 -23.337
-27.494 23.803 -20.296
-24.374 24.206 -18.108
-26.03 23.63 -14.722
-23.195 22.587 -12.38
-23.731 19.355 -10.334

-27.219 19.392 -8.694
-26.798 20.208 -4.988
-26.578 17.032 -2.906
-29.814 16.999 -0.82
-29.276 16.946 2.956
-30.305 13.551 4.343

-32.727 13.25 7.268
-30.389 11.851 9.975
-33.077 12.019 12.787
-33.159 8.159 12.923
-29.32 8.149 13.454
-27.82 8.306 16.969

-27.52 12.074 17.913
-23.991 11.509 19.371
-22.796 10.469 15.867
-24.731 13.185 13.93
-23.402 16.008 16.22
-19.738 14.82 15.861

-19.687 14.822 11.995
-17.445 17.587 10.586

-19.106 19.692 7.763
-17.231 17.783 4.996
-18.064 14.402 6.666
-21.796 15.407 6.677
-21.562 16.318 2.947
-19.943 12.855 2.346
-22.788 11.075 4.244
-25.363 13.084 2.191
-23.555 12.165 -1.104
-23.43 8.459 -0.115
-27.196 8.491 0.728
-28.024 10.343 -2.565

-25.973 7.645 -4.472
-28.214 5.048 -2.67
-25.512 3.7 -0.27

-23.352 2.353 -3.174
-19.956 4.118 -3.237
-16.209 4.012 -2.721
-15.295 6.541 0.021

-11.694 7.195 -1.128

-11.135 10.189 1.225
-7.504 10.605 2.377

-7.6422 9.6753 -1.30251
-9.2256 7.36275 -3.9432
-11.984 5.34316 -5.66203
-10.9527 1.83589 -4.45195

-8.20881 -0.617093 -5.39905
-9.1792 -2.94855 -2.55907
-12.8284 -2.87671 -3.61786
-11.9026 -3.69865 -7.21093
-9.76802 -6.63669 -6.09085
-12.5969 -8.00096 -3.95101
-15.0396 -7.75485 -6.852
-12.6429 -9.59997 -9.15295
-12.1876 -12.3835 -6.6059
-15.9477 -12.7742 -6.21671
-16.412 -12.9955 -9.98213

-17.085 -16.4685 -11.5531

-17.569 -18.2335 -8.07913
-21.071 -19.3835 -9.29013
-19.235 -21.4825 -11.9981
-16.811 -23.3945 -9.65013
-15.166 -25.9395 -8.89013

-11.959 -23.9745 -9.57213
-8.73597 -25.6635 -10.7911
-5.41997 -23.8545 -10.0631
-2.31697 -25.2655 -11.8371
0.986035 -23.8835 -10.4571

4.76503 -24.5425 -10.0741
5.39903 -27.3465 -7.49313
6.95903 -24.8315 -4.96713
4.12603 -22.1665 -4.86113

1.05703 -24.3945 -4.05713
0.920035 -23.2795 -0.38513
1.66103 -19.6285 -1.43013
-1.54997 -19.8305 -3.55413
-3.59897 -21.4235 -0.68513
-2.45297 -18.6065 1.66887
-3.29397 -16.0505 -1.09113
-6.90697 -17.4155 -1.30013
-7.26697 -17.3865 2.55087
-5.78097 -13.8265 2.66287
-8.00797 -12.3315 -0.0821305

-11.306 -14.3355 0.17987
-12.036 -14.5765 3.99587
-15.573 -15.7355 2.88787
-13.949 -19.2275 2.34587
-13.215 -21.8115 5.05687

-9.81697 -23.6305 4.79687
-11.823 -26.8465 4.01987
-12.965 -25.1935 0.73087

-9.27597 -25.3425 -0.48413
-7.68997 -28.6505 -1.57213
-3.86597 -28.5675 -1.97913

-2.88697 -31.6425 -4.02513
0.499035 -32.8295 -2.68813
0.614035 -36.3635 -4.24713
-0.589965 -38.3255 -7.32513
-2.95397 -40.3465 -4.99013
-4.97297 -37.3345 -3.74313
-8.53697 -36.4435 -4.90113
-8.25997 -33.4995 -7.35913
-12.001 -32.6285 -6.78713
-12.104 -32.6925 -2.93313
-12.293 -28.8585 -2.52413
-14.265 -25.9925 -4.06513

-10.773 -24.6665 -5.02213
-8.24997 -27.3595 -6.09513
-4.52097 -26.4245 -6.25713
-2.19397 -28.8285 -8.17313
1.28603 -28.8215 -9.76913

2.15703 -29.2665 -13.4831
4.05803 -32.5355 -12.6851
0.982035 -34.0725 -10.9471
-1.48497 -33.2955 -13.8381

-0.110965 -36.2415 -15.9201
-0.471965 -38.5995 -12.8771
-4.02797 -37.2665 -12.2151
-5.19897 -37.3415 -15.9211
-7.91597 -39.9415 -15.0161
-9.42797 -37.3625 -12.5481
-9.13997 -34.4205 -15.0711
-12.256 -35.9595 -16.7821
-14.373 -33.9775 -14.2351
-15.279 -30.6635 -16.0081
-13.552 -27.7615 -14.2181
-15.421 -24.7415 -15.7001

-12.889 -22.2035 -14.2681
-9.12097 -22.8245 -14.6311
-6.19197 -20.6715 -13.4581
-2.70197 -21.6365 -14.7001

0.153035 -19.7635 -13.0011
3.47403 -19.3915 -14.9091

1.74903 -20.8785 -18.0291
5.05003 -20.7335 -20.0281
5.56303 -24.2685 -18.5161
3.04103 -25.3925 -21.2361

5.25703 -23.9625 -24.1141
5.95403 -27.4355 -25.6711
2.90203 -29.5095 -26.7961
4.82103 -32.8745 -26.6981
5.42903 -32.6425 -22.8991

3.26403 -34.7955 -20.5681
2.24703 -31.6485 -18.5471
0.983035 -29.9355 -21.7531
-0.770965 -33.1195 -23.0661
-2.64597 -33.4315 -19.7081
-3.49797 -29.6635 -19.3921
-4.64997 -28.8795 -22.9851
-7.88497 -31.0495 -23.0631
-9.14597 -29.3125 -19.8591
-8.18897 -25.7985 -21.1241
-10.078 -26.3525 -24.4461
-13.333 -27.4535 -22.6361

-13.257 -25.1705 -19.5251
-15.557 -22.0685 -19.7641

-13.011 -19.6425 -18.1641
-9.20397 -19.8735 -18.6891
-6.95397 -17.4495 -16.7701
-3.32997 -17.9835 -17.8831
-0.611965 -16.0475 -15.9721

3.07603 -15.4615 -16.8791
5.81703 -12.8145 -16.4871
7.52503 -14.2255 -19.5971
4.81303 -15.7485 -21.8921
7.55203 -16.5475 -24.4051
10.971 -17.4825 -22.9371
12.994 -17.2535 -26.2161
10.855 -17.7115 -29.4241

7.32903 -17.1145 -30.9441
6.67003 -20.9225 -31.1611
6.41303 -21.0445 -27.2831
3.19603 -18.8965 -27.4391
1.18703 -21.3725 -29.5881
-0.088965 -23.5525 -26.6741
-1.16597 -20.4185 -24.7031
-2.92297 -18.9325 -27.8181
-4.94397 -22.1645 -28.4361
-5.72997 -22.4525 -24.6741
-7.28897 -18.9095 -24.6561

-8.79197 -19.1805 -28.2321
-9.17697 -22.8965 -29.3171
-10.357 -21.7775 -32.8401
-7.11997 -19.8165 -33.5681
-4.52197 -21.7625 -35.6521
-6.08497 -25.3115 -35.2891
-2.76097 -26.7435 -36.6311

0.714035 -25.5455 -35.4891
2.09603 -25.5485 -39.0921
-0.050965 -22.4935 -40.0901
1.25003 -20.5575 -37.0191
4.85003 -21.7255 -37.7281
4.78703 -20.6885 -41.4441
3.57703 -17.1605 -40.4901
5.41203 -16.3465 -37.2021

8.30503 -18.8775 -36.8241
9.96403 -18.3945 -40.3021
9.31603 -22.1035 -40.9181

11.893 -23.7505 -43.2491
11.644 -27.0985 -45.0911
14.924 -28.9415 -44.3341

15.92 -32.4235 -45.7621
14.87 -33.9905 -42.3751

11.514 -32.0975 -41.9681
10.35 -28.6145 -40.8741
12.44 -26.1895 -38.7921

10.429 -23.7185 -36.5981
13.36 -22.1025 -34.6391
13.029 -18.7755 -36.5321
10.81 -15.6885 -36.1861
8.68203 -13.6285 -38.6251
5.92703 -10.9335 -38.7031

6.38703 -10.2165 -34.9281
4.55603 -6.81847 -35.0271
1.45603 -8.59447 -36.4841
1.78103 -11.3085 -33.7801
1.96203 -8.54047 -31.0871
-1.24597 -6.90247 -32.4561
-3.07897 -10.2975 -32.5651
-1.96697 -11.1205 -28.9781
-3.02597 -7.72247 -27.4911
-6.42797 -7.67247 -29.3041
-7.60497 -11.2815 -28.7691

-5.37397 -13.2835 -26.3031

-3.24097 -11.2255 -23.9191
-3.29897 -8.33147 -21.4481

0.304035 -7.08947 -20.9151
1.61103 -4.08847 -18.9261
5.18603 -3.25347 -17.9521

6.71203 -1.76947 -14.7241
7.32303 1.43453 -16.7461
3.56803 1.68353 -17.6461
2.12803 1.31353 -14.0861

4.93903 1.80853 -11.4641
6.90003 5.04353 -12.2951
8.31403 4.80653 -8.69513
10.319 1.53853 -9.11113

14.118 2.23253 -9.12613
15.871 1.49853 -12.4501

17.527 -1.87147 -13.1931
21.143 -1.02347 -14.1711
22.68 -3.91347 -16.1731
26.359 -4.41147 -17.1201
28.721 -7.02047 -18.5221
31.762 -7.71547 -16.2811
34.581 -9.26947 -18.3361

36.361 -11.4705 -15.7451
40.076 -11.6515 -16.5551

41.06 -14.8825 -18.4781
44.675 -14.4115 -17.1501
43.637 -16.6035 -14.1281

42.596 -19.3925 -16.6131
45.734 -21.5735 -16.5471

47.24 -22.8465 -19.8451
45.928 -26.4645 -19.3041
42.306 -25.2665 -18.7531
42.583 -22.9365 -21.8141
44.012 -25.7815 -23.9661
41.074 -27.9985 -22.7811
38.528 -25.2635 -23.7791
40.325 -24.8655 -27.1691
40.238 -28.6915 -27.6001
36.465 -29.0005 -26.8521
35.777 -25.9485 -29.1201
37.732 -27.6245 -32.0071
35.958 -30.9375 -31.2161
32.461 -29.3855 -31.8001
33.552 -28.0545 -35.2711

35.032 -31.3845 -36.5231
33.202 -32.4825 -39.7281
33.343 -36.2625 -39.1931
31.472 -36.4235 -35.8081
27.899 -37.6515 -35.3011

25.103 -35.2645 -34.1471
25.422 -36.9265 -30.6841
29.244 -36.4675 -30.3951
28.693 -32.7655 -31.3661
26.104 -32.4125 -28.4911
28.472 -34.2325 -26.0541
31.421 -31.9405 -27.0111
29.07 -28.9025 -26.5551
28.055 -30.1045 -23.0311
31.77 -30.6855 -22.2241
32.74 -27.1645 -23.4961
29.913 -25.6255 -21.3811
30.868 -27.5745 -18.1831
34.601 -26.6575 -18.7501
33.551 -22.9675 -19.1101
31.9 -23.1565 -15.6501
35.06 -24.7375 -14.0811
37.36 -22.1765 -15.8091
35.361 -19.2025 -14.3631
35.308 -20.3985 -10.6651
38.595 -18.6455 -9.52813
37.658 -15.2125 -11.0001
33.973 -15.5675 -9.96013
35.314 -16.1155 -6.38913
37.786 -13.1725 -6.77613
34.859 -10.9215 -7.85913
32.547 -12.0735 -4.96913
35.352 -11.3055 -2.45813
36.006 -7.85547 -4.08313
32.257 -7.05847 -3.60713
32.384 -8.06947 0.11787
35.709 -6.20447 0.70787

34.051 -3.12547 -0.97513
31.571 -3.14047 1.99887
28.402 -4.43747 0.20787
25.708 -5.39047 2.73587
23.455 -7.73947 0.61187

23.674 -9.33447 -2.86913
22.506 -12.4105 -4.84013
24.876 -14.7725 -6.71513
23.29 -16.8395 -9.51913
24.911 -19.9945 -10.9901

23.529 -23.2955 -12.4671
26.407 -25.8395 -12.4121

26.538 -27.5235 -8.95913
30.401 -27.3215 -8.90113
30.171 -23.4645 -9.14313
27.568 -23.2795 -6.29913
29.729 -25.7145 -4.21313
32.994 -23.7325 -4.76713
31.317 -20.3535 -3.92113
29.764 -21.7825 -0.68213
33.1 -23.4155 0.34787
35.042 -20.1125 -0.0721305
32.356 -18.0995 1.83587
32.574 -20.6905 4.70087
36.436 -20.4665 4.58587

36.148 -16.6115 4.84187
33.48 -17.0435 7.64287
30.902 -15.0835 5.54087
27.298 -15.7705 6.60987

25.295 -16.7615 3.49887
22.21 -18.7295 2.33287
22.132 -21.4465 -0.38313
19.13 -22.5475 -2.52713

19.396 -25.2695 -5.22513
17.563 -28.3655 -6.63913
18.141 -30.2825 -3.33013
16.707 -27.5335 -1.01413
13.194 -28.5385 0.17487
10.031 -26.4425 -0.48113
9.65803 -25.3345 3.20687

13.416 -24.6925 3.79387
13.407 -22.4675 0.62687
10.846 -20.1355 2.29087
12.695 -20.1905 5.67487
16.131 -19.4025 4.06687
14.39 -16.6335 2.04387
13.056 -15.1455 5.34387
16.533 -15.5285 6.99687
18.181 -13.5125 4.12887
15.333 -10.9125 4.17887
15.259 -10.3485 7.98987

18.892 -11.0115 9.12387
21.476 -8.22947 8.43787
24.279 -10.8575 8.88787
23.468 -12.8615 5.70987
25.437 -10.8805 3.08887

25.295 -13.4045 0.17587
22.535 -15.5755 -1.30313
23.997 -18.4375 -3.43313
21.141 -19.3475 -5.80613
20.567 -21.8755 -8.59413

19.255 -19.9795 -11.6951
16.826 -22.8895 -12.4041
15.763 -23.7385 -8.80713
15.276 -20.1445 -7.44013
13.554 -18.6155 -10.5731
10.093 -19.0895 -8.88513
8.09503 -18.1335 -5.73413
10.862 -16.3675 -3.73913
11.311 -12.5955 -3.05413
14.764 -11.0525 -2.34513
13.927 -7.31747 -1.89913
16.637 -6.98547 0.85387
19.421 -7.05047 -1.81913
20.305 -4.24547 -4.31613

22.752 -6.32247 -6.45813
22.443 -9.48647 -8.60013
25.61 -11.2535 -9.88513
25.233 -13.8865 -12.6291

28.393 -16.0095 -12.1851
27.184 -18.0295 -15.2161
25.173 -17.2265 -18.3641
21.98 -19.1915 -19.1601
20.894 -19.7455 -22.8271
17.248 -18.7735 -22.0821

16.708 -14.9965 -21.4341
13.235 -15.5445 -19.8711
14.936 -17.4115 -16.9511
17.555 -14.6155 -16.5361
14.718 -11.9875 -16.3821
12.838 -14.2275 -13.8471
16.016 -14.2345 -11.6671
16.49 -10.3835 -11.8991

12.792 -9.90847 -10.8811
13.466 -11.7555 -7.59713
15.087 -8.47547 -6.33213
13.155 -5.95347 -8.47713
9.77103 -6.44647 -6.65313
7.23103 -4.27247 -4.77013
9.15503 -3.33047 -1.57313
12.463 -2.55847 -3.39513
13.692 1.04153 -2.68113
17.214 0.972531 -4.29413
18.317 0.935531 -7.98013

18.939 -2.74547 -8.80313
22.429 -3.56647 -10.1351
22.691 -6.61747 -12.4701
26.252 -7.86947 -13.2111
26.756 -10.5535 -15.9231
30.176 -12.2485 -15.4151
31.709 -13.2645 -18.8181

35.098 -14.7645 -19.8401
36.799 -14.2455 -23.2691
37.905 -17.6105 -24.7931
34.882 -19.5855 -23.3751
31.21 -20.5855 -24.0011

30.198 -17.0015 -22.9221
31.517 -15.6575 -26.3061
28.737 -17.6655 -28.1161
26.038 -17.5885 -25.3821
26.002 -13.7745 -24.9621
25.191 -12.9325 -28.6761
22.606 -15.8195 -28.6261
20.897 -14.3825 -25.4821
20.91 -10.8695 -27.0991
19.217 -11.9525 -30.3811
16.616 -13.8775 -28.2661
15.774 -10.7425 -26.1471
15.414 -8.75047 -29.4191
12.941 -11.3955 -30.7841
11.019 -11.1295 -27.4521
11.034 -7.26547 -27.6161
9.80703 -7.18147 -31.2861

6.93403 -9.50347 -30.1691
6.13403 -6.96147 -27.3241
7.21003 -9.56247 -24.6801
10.23 -7.65547 -23.2041
11.405 -4.04047 -22.6321
14.863 -5.47947 -21.8971
17.337 -4.34347 -24.5421
20.777 -6.01547 -24.0691
22.662 -4.20947 -26.9581

23.668 -1.12047 -24.8761
25.716 -3.30947 -22.4331
28.063 -4.62647 -25.2121
28.914 -1.22947 -26.7711

30.179 -0.270469 -23.2411
32.664 -3.24347 -22.8181

End chain 1
