-13.201 -6.296 -53.957
-10.703 -3.406 -53.291
-9.54 -3.087 -49.639
-11.02 0.322 -48.639
-8.614 1.85 -46.053
-10.787 3.126 -43.162

-9.634 6.195 -41.181
-10.061 4.9 -37.589
-10.286 6.838 -34.306
-12.195 7.103 -30.979
-14.163 9.439 -28.711
-12.619 10.223 -25.263
-14.157 12.207 -22.344

-11.943 15.248 -21.466
-14.301 16.978 -18.949
-17.827 16.65 -17.399
-19.139 18.761 -20.353

-16.752 17.96 -23.312
-15.482 14.956 -25.281
-12.62 14.751 -27.824
-12.437 12.939 -31.204
-8.982 11.264 -31.393
-8.672 10.357 -35.1

-6.282 10.744 -38.079
-6.98 13.557 -40.6
-9.895 13.022 -43.051

-11.208 15.853 -45.293
-14.92 14.856 -45.011
-14.611 14.37 -41.226
-13.015 17.857 -40.827
-15.875 19.254 -42.999
-18.403 17.482 -40.669
-16.559 18.759 -37.515
-16.844 22.341 -38.957

-20.697 21.797 -39.029
-20.861 21.033 -35.24
-22.116 23.933 -33.104
-20.016 23.255 -29.939
-16.791 22.621 -31.971

-13.393 23.436 -30.391
-10.011 22.816 -32.063
-6.805 22.812 -29.99

-3.883 23.919 -32.209
-1.328 22.314 -29.773
-2.753 18.736 -29.691
-4.334 19.137 -33.217

-7.578 17.622 -31.79
-11.313 18.386 -31.995
-13.683 18.544 -28.991
-17.466 19.001 -28.65
-20.131 19.402 -25.91

-21.257 16.038 -24.476
-24.923 16.743 -25.497
-23.731 16.722 -29.178
-22.178 13.179 -28.839
-25.228 11.354 -30.322
-25.57 14.044 -33.093
-21.852 13.682 -34.021
-21.815 9.829 -34.037
-25.045 9.774 -36.128
-23.507 12.176 -38.75
-20.093 10.348 -38.803

-21.793 6.948 -39.527
-22.962 8.546 -42.834
-19.328 9.196 -43.991
-17.677 6.563 -46.261
-14.251 5.2 -45.121

-14.46 6.789 -41.562
-14.765 4.819 -38.279
-15.142 6.964 -35.114
-15.663 4.659 -32.101

-18.218 6.249 -29.657
-17.862 6.903 -25.912
-18.35 3.469 -24.195
-21.794 2.549 -22.772
-20.235 2.829 -19.255
-19.534 6.58 -19.812
-22.964 7.196 -21.431
-24.623 5.531 -18.378
-22.42 7.523 -15.909

-23.028 10.919 -17.654
-26.668 10.153 -18.714
-27.851 13.482 -17.123

-25.214 15.594 -18.963
-26 13.8 -22.296
-29.631 15.147 -21.909

-29.014 18.802 -20.797
-28.522 21.656 -23.337
-27.494 23.803 -20.296
-24.374 24.206 -18.108
-26.03 23.63 -14.722
-23.195 22.587 -12.38
-23.731 19.355 -10.334

-27.219 19.392 -8.694
-26.798 20.208 -4.988
-26.578 17.032 -2.906
-29.814 16.999 -0.82
-29.276 16.946 2.956
-30.305 13.551 4.343

-32.727 13.25 7.268
-30.389 11.851 9.975
-33.077 12.019 12.787
-33.159 8.159 12.923
-29.32 8.149 13.454
-27.82 8.306 16.969

-27.52 12.074 17.913
-23.991 11.509 19.371
-22.796 10.469 15.867
-24.731 13.185 13.93
-23.402 16.008 16.22
-19.738 14.82 15.861

-19.687 14.822 11.995
-17.445 17.587 10.586

-19.106 19.692 7.763
-17.231 17.783 4.996
-18.064 14.402 6.666
-21.796 15.407 6.677
-21.562 16.318 2.947
-19.943 12.855 2.346
-22.788 11.075 4.244
-25.363 13.084 2.191
-23.555 12.165 -1.104
-23.43 8.459 -0.115
-27.196 8.491 0.728
-28.024 10.343 -2.565

-25.973 7.645 -4.472
-28.214 5.048 -2.67
-25.512 3.7 -0.27

-23.352 2.353 -3.174
-19.956 4.118 -3.237
-16.209 4.012 -2.721
-15.295 6.541 0.021

-14.5064 10.1658 -0.274925

-13.6236 13.8617 -0.339838
-11.1594 13.4225 2.51983

-9.7034 11.5325 5.54083
-11.0164 12.7735 8.92683
-13.8884 14.9865 7.51683
-16.3614 12.7985 9.55083

-17.4994 10.1715 6.97383
-18.6674 7.89853 9.87683
-21.0184 10.5315 11.4588
-22.5314 11.3235 7.99683
-22.9374 7.55553 7.23283
-24.6754 6.85953 10.6038
-27.0704 9.81353 9.94083
-27.9024 8.67253 6.33783
-28.5014 5.09453 7.60583
-30.6104 6.33753 10.6038
-32.8824 8.34853 8.22083

-33.5554 4.87553 6.64983

-34.0394 3.11053 10.1238
-37.5414 1.96053 8.91283
-35.7054 -0.13847 6.20483
-33.2814 -2.05047 8.55283
-31.6364 -4.59547 9.31283

-28.4294 -2.63047 8.63083
-25.2064 -4.31947 7.41183
-21.8904 -2.51047 8.13983
-18.7874 -3.92147 6.36583
-15.4844 -2.53947 7.74583

-11.7054 -3.19847 8.12883
-11.0714 -6.00247 10.7098
-9.5114 -3.48747 13.2358
-12.3444 -0.82247 13.3418

-15.4134 -3.05047 14.1458
-15.5504 -1.93547 17.8178
-14.8094 1.71553 16.7728
-18.0204 1.51353 14.6488
-20.0694 -0.0794705 17.5178
-18.9234 2.73753 19.8718
-19.7644 5.29353 17.1118
-23.3774 3.92853 16.9028
-23.7374 3.95753 20.7538
-22.2514 7.51753 20.8658
-24.4784 9.01253 18.1208

-27.7764 7.00853 18.3828
-28.5064 6.76753 22.1988
-32.0434 5.60853 21.0908
-30.4194 2.11653 20.5488
-29.6854 -0.46747 23.2598

-26.2874 -2.28647 22.9998
-28.2934 -5.50247 22.2228
-29.4354 -3.84947 18.9338

-25.7464 -3.99847 17.7188
-24.1604 -7.30647 16.6308
-20.3364 -7.22347 16.2238

-19.3574 -10.2985 14.1778
-15.9714 -11.4855 15.5148
-15.8564 -15.0195 13.9558
-17.0604 -16.9815 10.8778
-19.4244 -19.0025 13.2128
-21.4434 -15.9905 14.4598
-25.0074 -15.0995 13.3018
-24.7304 -12.1555 10.8438
-28.4714 -11.2845 11.4158
-28.5744 -11.3485 15.2698
-28.7634 -7.51447 15.6788
-30.7354 -4.64847 14.1378

-27.2434 -3.32247 13.1808
-24.7204 -6.01547 12.1078
-20.9914 -5.08047 11.9458
-18.6644 -7.48447 10.0298
-15.1844 -7.47747 8.43383

-14.3134 -7.92247 4.71983
-12.4124 -11.1915 5.51783
-15.4884 -12.7285 7.25583
-17.9554 -11.9515 4.36483

-16.5814 -14.8975 2.28283
-16.9424 -17.2555 5.32583
-20.4984 -15.9225 5.98783
-21.6694 -15.9975 2.28183
-24.3864 -18.5975 3.18683
-25.8984 -16.0185 5.65483
-25.6104 -13.0765 3.13183
-28.7264 -14.6155 1.42083
-30.8434 -12.6335 3.96783
-31.7494 -9.31947 2.19483
-30.0224 -6.41747 3.98483
-31.8914 -3.39747 2.50283

-29.3594 -0.85947 3.93483
-25.5914 -1.48047 3.57183
-22.6624 0.67253 4.74483
-19.1724 -0.29247 3.50283

-16.3174 1.58053 5.20183
-12.9964 1.95253 3.29383

-14.7214 0.46553 0.173833
-11.4204 0.61053 -1.82517
-10.9074 -2.92447 -0.313167
-13.4294 -4.04847 -3.03317

-11.2134 -2.61847 -5.91117
-10.5164 -6.09147 -7.46817
-13.5684 -8.16547 -8.59317
-11.6494 -11.5305 -8.49517
-11.0414 -11.2985 -4.69617

-13.2064 -13.4515 -2.36517
-14.2234 -10.3045 -0.344167
-15.4874 -8.59147 -3.55017
-17.2414 -11.7755 -4.86317
-19.1164 -12.0875 -1.50517
-19.9684 -8.31947 -1.18917
-21.1204 -7.53547 -4.78217
-24.3554 -9.70547 -4.86017
-25.6164 -7.96847 -1.65617
-24.6594 -4.45447 -2.92117
-26.5484 -5.00847 -6.24317
-29.8034 -6.10947 -4.43317

-29.7274 -3.82647 -1.32217
-32.0274 -0.72447 -1.56117

-29.4814 1.70153 0.0388328
-25.6744 1.47053 -0.486167
-23.4244 3.89453 1.43283
-19.8004 3.36053 0.319833
-17.0824 5.29653 2.23083

-13.3944 5.88253 1.32383
-10.6534 8.52953 1.71583
-8.9454 7.11853 -1.39417
-11.6574 5.59553 -3.68917
-8.9184 4.79653 -6.20217
-5.4994 3.86153 -4.73417
-3.4764 4.09053 -8.01317
-5.6154 3.63253 -11.2212

-9.1414 4.22953 -12.7412
-9.8004 0.42153 -12.9582
-10.0574 0.29953 -9.08017
-13.2744 2.44753 -9.23617
-15.2834 -0.0284705 -11.3852
-16.5594 -2.20847 -8.47117
-17.6364 0.92553 -6.50017
-19.3934 2.41153 -9.61517
-21.4144 -0.82047 -10.2332
-22.2004 -1.10847 -6.47117
-23.7594 2.43453 -6.45317

-25.2624 2.16353 -10.0292
-25.6474 -1.55247 -11.1142
-26.8274 -0.43347 -14.6372
-23.5904 1.52753 -15.3652
-20.9924 -0.41847 -17.4492
-22.5554 -3.96747 -17.0862
-19.2314 -5.39947 -18.4282

-15.7564 -4.20147 -17.2862
-14.3744 -4.20447 -20.8892
-16.5214 -1.14947 -21.8872
-15.2204 0.78653 -18.8162
-11.6204 -0.38147 -19.5252
-11.6834 0.65553 -23.2412
-12.8934 4.18353 -22.2872
-11.0584 4.99753 -18.9992

-8.1654 2.46653 -18.6212
-6.5064 2.94953 -22.0992
-7.1544 -0.75947 -22.7152

-4.5774 -2.40647 -25.0462
-4.8264 -5.75447 -26.8882
-1.5464 -7.59747 -26.1312

-0.550398 -11.0795 -27.5592
-1.6004 -12.6465 -24.1722

-4.9564 -10.7535 -23.7652
-6.1204 -7.27047 -22.6712
-4.0304 -4.84547 -20.5892

-6.0414 -2.37447 -18.3952
-3.1104 -0.75847 -16.4362
-3.4414 2.56853 -18.3292
-5.6604 5.65553 -17.9832
-7.7884 7.71553 -20.4222
-10.5434 10.4105 -20.5002

-10.0834 11.1275 -16.7252
-11.9144 14.5255 -16.8242
-15.0144 12.7495 -18.2812
-14.6894 10.0355 -15.5772
-14.5084 12.8035 -12.8842
-17.7164 14.4415 -14.2532
-19.5494 11.0465 -14.3622
-18.4374 10.2235 -10.7752
-19.4964 13.6215 -9.28817
-22.8984 13.6715 -11.1012
-24.0754 10.0625 -10.5662

-21.8444 8.06053 -8.10017

-19.7114 10.1185 -5.71617
-19.7694 13.0125 -3.24517

-16.1664 14.2545 -2.71217
-14.8594 17.2555 -0.723167
-11.2844 18.0905 0.250833

-9.7584 19.5745 3.47883
-9.1474 22.7785 1.45683
-12.9024 23.0275 0.556833
-14.3424 22.6575 4.11683

-11.5314 23.1525 6.73883
-9.5704 26.3875 5.90783
-8.1564 26.1505 9.50783
-6.1514 22.8825 9.09183

-2.3524 23.5765 9.07683
-0.599398 22.8425 5.75283

1.0566 19.4725 5.00983
4.6726 20.3205 4.03183
6.2096 17.4305 2.02983
9.8886 16.9325 1.08283
12.2506 14.3235 -0.319167
15.2916 13.6285 1.92183
18.1106 12.0745 -0.133167

19.8906 9.87353 2.45783
23.6056 9.69253 1.64783

24.5896 6.46153 -0.275167
28.2046 6.93253 1.05283
27.1666 4.74053 4.07483

26.1256 1.95153 1.58983
29.2636 -0.22947 1.65583

30.7696 -1.50247 -1.64217
29.4576 -5.12047 -1.10117
25.8356 -3.92247 -0.550167
26.1126 -1.59247 -3.61117
27.5416 -4.43747 -5.76317
24.6036 -6.65447 -4.57817
22.0576 -3.91947 -5.57617
23.8546 -3.52147 -8.96617
23.7676 -7.34747 -9.39717
19.9946 -7.65647 -8.64917
19.3066 -4.60447 -10.9172
21.2616 -6.28047 -13.8042
19.4876 -9.59347 -13.0132
15.9906 -8.04147 -13.5972
17.0816 -6.71047 -17.0682

18.5616 -10.0405 -18.3202
16.7316 -11.1385 -21.5252
16.8726 -14.9185 -20.9902
15.0016 -15.0795 -17.6052
11.4286 -16.3075 -17.0982

8.6326 -13.9205 -15.9442
8.9516 -15.5825 -12.4812
12.7736 -15.1235 -12.1922
12.2226 -11.4215 -13.1632
9.6336 -11.0685 -10.2882
12.0016 -12.8885 -7.85117
14.9506 -10.5965 -8.80817
12.5996 -7.55847 -8.35217
11.5846 -8.76047 -4.82817
15.2996 -9.34147 -4.02117
16.2696 -5.82047 -5.29317
13.4426 -4.28147 -3.17817
14.3976 -6.23047 0.0198328
18.1306 -5.31347 -0.547167
17.0806 -1.62347 -0.907167
15.4296 -1.81247 2.55283
18.5896 -3.39347 4.12183
20.8896 -0.83247 2.39383
18.8906 2.14153 3.83983
18.8376 0.94553 7.53783
22.1246 2.69853 8.67483
21.1876 6.13153 7.20283
17.5026 5.77653 8.24283
18.8436 5.22853 11.8138
21.3156 8.17153 11.4268
18.3886 10.4225 10.3438
16.0766 9.27053 13.2338
18.8816 10.0385 15.7448
19.5356 13.4885 14.1198
15.7866 14.2855 14.5958
15.9136 13.2745 18.3208
19.2386 15.1395 18.9108

17.5806 18.2185 17.2278
15.1006 18.2035 20.2018
11.9316 16.9065 18.4108
9.2376 15.9535 20.9388
6.9846 13.6045 18.8148

7.2036 12.0095 15.3338
6.0356 8.93353 13.3628
8.4056 6.57153 11.4878
6.8196 4.50453 8.68383
8.4406 1.34953 7.21283

7.0586 -1.95147 5.73583
9.9366 -4.49547 5.79083

10.0676 -6.17947 9.24383
13.9306 -5.97747 9.30183
13.7006 -2.12047 9.05983
11.0976 -1.93547 11.9038
13.2586 -4.37047 13.9898
16.5236 -2.38847 13.4358
14.8466 0.99053 14.2818
13.2936 -0.43847 17.5208
16.6296 -2.07147 18.5508
18.5716 1.23153 18.1308
15.8856 3.24453 20.0388
16.1036 0.65353 22.9038
19.9656 0.87753 22.7888

19.6776 4.73253 23.0448
17.0096 4.30053 25.8458
14.4316 6.26053 23.7438
10.8276 5.57353 24.8128

8.8246 4.58253 21.7018
5.7396 2.61453 20.5358
5.6616 -0.10247 17.8198
2.6596 -1.20347 15.6758

2.9256 -3.92547 12.9778
1.0926 -7.02147 11.5638
1.6706 -8.93847 14.8728
0.236602 -6.18947 17.1888
-3.2764 -7.19447 18.3778
-6.4394 -5.09847 17.7218
-6.8124 -3.99047 21.4098

-3.0544 -3.34847 21.9968
-3.0634 -1.12347 18.8298
-5.6244 1.20853 20.4938
-3.7754 1.15353 23.8778
-0.339398 1.94153 22.2698
-2.0804 4.71053 20.2468
-3.4144 6.19853 23.5468
0.0626018 5.81553 25.1998
1.7106 7.83153 22.3318
-1.1374 10.4315 22.3818
-1.2114 10.9955 26.1928

2.4216 10.3325 27.3268
5.0056 13.1145 26.6408
7.8086 10.4865 27.0908
6.9976 8.48253 23.9128
8.9666 10.4635 21.2918

8.8246 7.93953 18.3788
6.0646 5.76853 16.8998
7.5266 2.90653 14.7698
4.6706 1.99653 12.3968
4.0966 -0.53147 9.60883

2.7846 1.36453 6.50783
0.355602 -1.54547 5.79883
-0.707398 -2.39447 9.39583
-1.1944 1.19953 10.7628
-2.9164 2.72853 7.62983
-6.3774 2.25453 9.31783
-8.3754 3.21053 12.4688
-5.6084 4.97653 14.4638
-5.1594 8.74853 15.1488
-1.7064 10.2915 15.8578
-2.5434 14.0265 16.3038
0.166602 14.3585 19.0568
2.9506 14.2935 16.3838
3.8346 17.0985 13.8868

6.2816 15.0215 11.7448
5.9726 11.8575 9.60283
9.1396 10.0905 8.31783
8.7626 7.45753 5.57383

11.9226 5.33453 6.01783
10.7136 3.31453 2.98683
8.7026 4.11753 -0.161167
5.5096 2.15253 -0.957167
4.4236 1.59853 -4.62417
0.777602 2.57053 -3.87917

0.237602 6.34753 -3.23117
-3.2354 5.79953 -1.66817
-1.5344 3.93253 1.25183
1.0846 6.72853 1.66683
-1.7524 9.35653 1.82083
-3.6324 7.11653 4.35583
-0.454398 7.10953 6.53583
0.0196018 10.9605 6.30383

-3.6784 11.4355 7.32183
-3.0044 9.58853 10.6058
-1.3834 12.8685 11.8708
-3.3154 15.3905 9.72583
-6.6994 14.8975 11.5498
-9.2394 17.0715 13.4328
-7.3154 18.0135 16.6298
-4.0074 18.7855 14.8078
-2.7784 22.3855 15.5218
0.743602 22.3165 13.9088
1.8466 22.2795 10.2228

2.4686 18.5985 9.39983
5.9586 17.7775 8.06783
6.2206 14.7265 5.73283
9.7816 13.4745 4.99183
10.2856 10.7905 2.27983
13.7056 9.09553 2.78783
15.2386 8.07953 -0.615167

18.6276 6.57953 -1.63717
20.3286 7.09853 -5.06617
21.4346 3.73353 -6.59017
18.4116 1.75853 -5.17217
14.7396 0.75853 -5.79817

13.7276 4.34253 -4.71917
15.0466 5.68653 -8.10317
12.2666 3.67853 -9.91317
9.5676 3.75553 -7.17917
9.5316 7.56953 -6.75917
8.7206 8.41153 -10.4732
6.1356 5.52453 -10.4232
4.4266 6.96153 -7.27917
4.4396 10.4745 -8.89617
2.7466 9.39153 -12.1782
0.145602 7.46653 -10.0632
-0.696398 10.6015 -7.94417
-1.0564 12.5935 -11.2162
-3.5294 9.94853 -12.5812
-5.4514 10.2145 -9.24917
-5.4364 14.0785 -9.41317
-6.6634 14.1625 -13.0832

-9.5364 11.8405 -11.9662
-10.3364 14.3825 -9.12117
-9.2604 11.7815 -6.47717
-6.2404 13.6885 -5.00117
-5.0654 17.3035 -4.42917
-1.6074 15.8645 -3.69417
0.866602 17.0005 -6.33917
4.3066 15.3285 -5.86617
6.1916 17.1345 -8.75517

7.1976 20.2235 -6.67317
9.2456 18.0345 -4.23017
11.5926 16.7175 -7.00917
12.4436 20.1145 -8.56817

13.7086 21.0735 -5.03817
16.1936 18.1005 -4.61517

End chain 1
