-13.201 -6.296 -53.957
-10.703 -3.406 -53.291
-9.54 -3.087 -49.639
-11.02 0.322 -48.639
-8.614 1.85 -46.053
-10.787 3.126 -43.162

-9.634 6.195 -41.181
-10.061 4.9 -37.589
-10.286 6.838 -34.306
-12.195 7.103 -30.979
-14.163 9.439 -28.711
-12.619 10.223 -25.263
-14.157 12.207 -22.344

-11.943 15.248 -21.466
-14.301 16.978 -18.949
-17.827 16.65 -17.399
-19.139 18.761 -20.353

-16.752 17.96 -23.312
-15.482 14.956 -25.281
-12.62 14.751 -27.824
-12.437 12.939 -31.204
-8.982 11.264 -31.393
-8.672 10.357 -35.1

-6.282 10.744 -38.079
-6.98 13.557 -40.6
-9.895 13.022 -43.051

-11.208 15.853 -45.293
-14.92 14.856 -45.011
-14.611 14.37 -41.226
-13.015 17.857 -40.827
-15.875 19.254 -42.999
-18.403 17.482 -40.669
-16.559 18.759 -37.515
-16.844 22.341 -38.957

-20.697 21.797 -39.029
-20.861 21.033 -35.24
-22.116 23.933 -33.104
-20.016 23.255 -29.939
-16.791 22.621 -31.971

-13.393 23.436 -30.391
-10.011 22.816 -32.063
-6.805 22.812 -29.99

-3.883 23.919 -32.209
-1.328 22.314 -29.773
-2.753 18.736 -29.691
-4.334 19.137 -33.217

-7.578 17.622 -31.79
-11.313 18.386 -31.995
-13.683 18.544 -28.991
-17.466 19.001 -28.65
-20.131 19.402 -25.91

-21.257 16.038 -24.476
-24.923 16.743 -25.497
-23.731 16.722 -29.178
-22.178 13.179 -28.839
-25.228 11.354 -30.322
-25.57 14.044 -33.093
-21.852 13.682 -34.021
-21.815 9.829 -34.037
-25.045 9.774 -36.128
-23.507 12.176 -38.75
-20.093 10.348 -38.803

-21.793 6.948 -39.527
-22.962 8.546 -42.834
-19.328 9.196 -43.991
-17.677 6.563 -46.261
-14.251 5.2 -45.121

-14.46 6.789 -41.562
-14.765 4.819 -38.279
-15.142 6.964 -35.114
-15.663 4.659 -32.101

-18.218 6.249 -29.657
-17.862 6.903 -25.912
-18.35 3.469 -24.195
-21.794 2.549 -22.772
-20.235 2.829 -19.255
-19.534 6.58 -19.812
-22.964 7.196 -21.431
-24.623 5.531 -18.378
-22.42 7.523 -15.909

-23.028 10.919 -17.654
-26.668 10.153 -18.714
-27.851 13.482 -17.123

-25.214 15.594 -18.963
-26 13.8 -22.296
-29.631 15.147 -21.909

-29.014 18.802 -20.797
-28.522 21.656 -23.337
-27.494 23.803 -20.296
-24.374 24.206 -18.108
-26.03 23.63 -14.722
-23.195 22.587 -12.38
-23.731 19.355 -10.334

-27.219 19.392 -8.694
-26.798 20.208 -4.988
-26.578 17.032 -2.906
-29.814 16.999 -0.82
-29.276 16.946 2.956
-30.305 13.551 4.343

-32.727 13.25 7.268
-30.389 11.851 9.975
-33.077 12.019 12.787
-33.159 8.159 12.923
-29.32 8.149 13.454
-27.82 8.306 16.969

-27.52 12.074 17.913
-23.991 11.509 19.371
-22.796 10.469 15.867
-24.731 13.185 13.93
-23.402 16.008 16.22
-19.738 14.82 15.861

-19.687 14.822 11.995
-17.445 17.587 10.586

-19.106 19.692 7.763
-17.231 17.783 4.996
-18.064 14.402 6.666
-21.796 15.407 6.677
-21.562 16.318 2.947
-19.943 12.855 2.346
-22.788 11.075 4.244
-25.363 13.084 2.191
-23.555 12.165 -1.104
-23.43 8.459 -0.115
-27.196 8.491 0.728
-28.024 10.343 -2.565

-25.973 7.645 -4.472
-28.214 5.048 -2.67
-25.512 3.7 -0.27

-23.352 2.353 -3.174
-19.956 4.118 -3.237
-16.209 4.012 -2.721
-15.295 6.541 0.021

-11.694 7.195 -1.128

-11.135 10.189 1.225
-7.504 10.605 2.377

-6.5607 8.98325 -1.00297
-4.67273 9.75618 -4.10905
-3.22733 6.30199 -4.28954
-6.04813 3.80542 -3.89988

-7.90655 3.4151 -7.19181
-11.2039 4.35607 -5.55328
-9.65842 7.46296 -4.00357
-8.23016 8.54258 -7.35579
-11.6071 8.10771 -9.04401
-13.3227 10.1868 -6.36501
-10.767 12.9725 -6.75335
-11.2451 13.0172 -10.5233
-15.0197 13.2361 -10.1392
-14.7011 16.14 -7.70842
-12.4014 18.0069 -10.0893

-13.0744 14.5339 -11.6603

-13.5584 12.7689 -8.18627
-17.0604 11.6189 -9.39727
-15.2244 9.51994 -12.1053
-12.8004 7.60794 -9.75727
-11.1554 5.06294 -8.99727

-7.9484 7.02794 -9.67927
-4.7254 5.33894 -10.8983
-1.4094 7.14794 -10.1703
1.6936 5.73694 -11.9443
4.9966 7.11894 -10.5643

8.7756 6.45994 -10.1813
9.4096 3.65594 -7.60027
10.9696 6.17094 -5.07427
8.1366 8.83594 -4.96827

5.0676 6.60794 -4.16427
4.9306 7.72294 -0.492272
5.6716 11.3739 -1.53727
2.4606 11.1719 -3.66127
0.411601 9.57894 -0.792272
1.5576 12.3959 1.56173
0.716601 14.9519 -1.19827
-2.8964 13.5869 -1.40727
-3.2564 13.6159 2.44373
-1.7704 17.1759 2.55573
-3.9974 18.6709 -0.189272

-7.2954 16.6669 0.0727281
-8.0254 16.4259 3.88873
-11.5624 15.2669 2.78073
-9.9384 11.7749 2.23873
-9.2044 9.19094 4.94973

-5.8064 7.37194 4.68973
-7.8124 4.15594 3.91273
-8.9544 5.80894 0.623728

-5.2654 5.65994 -0.591272
-3.6794 2.35194 -1.67927
0.144601 2.43494 -2.08627

1.1236 -0.640063 -4.13227
4.5096 -1.82706 -2.79527
4.6246 -5.36106 -4.35427
3.4206 -7.32306 -7.43227
1.0566 -9.34406 -5.09727
-0.962399 -6.33206 -3.85027
-4.5264 -5.44106 -5.00827
-4.2494 -2.49706 -7.46627
-7.9904 -1.62606 -6.89427
-8.0934 -1.69006 -3.04027
-8.2824 2.14394 -2.63127
-10.2544 5.00994 -4.17227

-6.7624 6.33594 -5.12927
-4.2394 3.64294 -6.20227
-0.510399 4.57794 -6.36427
1.8166 2.17394 -8.28027
5.2966 2.18094 -9.87627

6.1676 1.73594 -13.5903
8.0686 -1.53306 -12.7923
4.9926 -3.07006 -11.0543
2.5256 -2.29306 -13.9453

3.8996 -5.23906 -16.0273
3.5386 -7.59706 -12.9843
-0.0173985 -6.26406 -12.3223
-1.1884 -6.33906 -16.0283
-3.9054 -8.93906 -15.1233
-5.4174 -6.36006 -12.6553
-5.1294 -3.41806 -15.1783
-8.2454 -4.95706 -16.8893
-10.3624 -2.97506 -14.3423
-11.2684 0.338937 -16.1153
-9.5414 3.24094 -14.3253
-11.4104 6.26094 -15.8073

-8.8784 8.79894 -14.3753
-5.1104 8.17794 -14.7383
-2.1814 10.3309 -13.5653
1.3086 9.36594 -14.8073

4.1636 11.2389 -13.1083
7.4846 11.6109 -15.0163

5.7596 10.1239 -18.1363
9.0606 10.2689 -20.1353
9.5736 6.73394 -18.6233
7.0516 5.60994 -21.3433

9.2676 7.03994 -24.2213
9.9646 3.56694 -25.7783
6.9126 1.49294 -26.9033
8.8316 -1.87206 -26.8053
9.4396 -1.64006 -23.0063

7.2746 -3.79306 -20.6753
6.2576 -0.646063 -18.6543
4.9936 1.06694 -21.8603
3.2396 -2.11706 -23.1733
1.3646 -2.42906 -19.8153
0.512601 1.33894 -19.4993
-0.639399 2.12294 -23.0923
-3.8744 -0.0470631 -23.1703
-5.1354 1.68994 -19.9663
-4.1784 5.20394 -21.2313
-6.0674 4.64994 -24.5533
-9.3224 3.54894 -22.7433

-9.2464 5.83194 -19.6323
-11.5464 8.93394 -19.8713

-9.0004 11.3599 -18.2713
-5.1934 11.1289 -18.7963
-2.9434 13.5529 -16.8773
0.680601 13.0189 -17.9903
3.3986 14.9549 -16.0793

7.0866 15.5409 -16.9863
9.8276 18.1879 -16.5943
11.5356 16.7769 -19.7043
8.8236 15.2539 -21.9993
11.5626 14.4549 -24.5123
14.9816 13.5199 -23.0443
17.0046 13.7489 -26.3233
14.8656 13.2909 -29.5313

11.3396 13.8879 -31.0513
10.6806 10.0799 -31.2683
10.4236 9.95794 -27.3903
7.2066 12.1059 -27.5463
5.1976 9.62994 -29.6953
3.9216 7.44994 -26.7813
2.8446 10.5839 -24.8103
1.0876 12.0699 -27.9253
-0.933399 8.83794 -28.5433
-1.7194 8.54994 -24.7813
-3.2784 12.0929 -24.7633

-4.7814 11.8219 -28.3393
-5.1664 8.10594 -29.4243
-6.3464 9.22494 -32.9473
-3.1094 11.1859 -33.6753
-0.511399 9.23994 -35.7593
-2.0744 5.69094 -35.3963
1.2496 4.25894 -36.7383

4.7246 5.45694 -35.5963
6.1066 5.45394 -39.1993
3.9596 8.50894 -40.1973
5.2606 10.4449 -37.1263
8.8606 9.27694 -37.8353
8.7976 10.3139 -41.5513
7.5876 13.8419 -40.5973
9.4226 14.6559 -37.3093

12.3156 12.1249 -36.9313
13.9746 12.6079 -40.4093
13.3266 8.89894 -41.0253

15.9036 7.25194 -43.3563
15.6546 3.90394 -45.1983
18.9346 2.06094 -44.4413

19.9306 -1.42106 -45.8693
18.8806 -2.98806 -42.4823

15.5246 -1.09506 -42.0753
14.3606 2.38794 -40.9813
16.4506 4.81294 -38.8993

14.4396 7.28394 -36.7053
17.3706 8.89994 -34.7463
17.0396 12.2269 -36.6393
14.8206 15.3139 -36.2933
12.6926 17.3739 -38.7323
9.9376 20.0689 -38.8103

10.3976 20.7859 -35.0353
8.5666 24.1839 -35.1343
5.4666 22.4079 -36.5913
5.7916 19.6939 -33.8873
5.9726 22.4619 -31.1943
2.7646 24.0999 -32.5633
0.931601 20.7049 -32.6723
2.0436 19.8819 -29.0853
0.984601 23.2799 -27.5983
-2.4174 23.3299 -29.4113
-3.5944 19.7209 -28.8763

-1.3634 17.7189 -26.4103

0.769601 19.7769 -24.0263
0.711601 22.6709 -21.5553

4.3146 23.9129 -21.0223
5.6216 26.9139 -19.0333
9.1966 27.7489 -18.0593

10.7226 29.2329 -14.8313
11.3336 32.4369 -16.8533
7.5786 32.6859 -17.7533
6.1386 32.3159 -14.1933

8.9496 32.8109 -11.5713
10.9106 36.0459 -12.4023
12.3246 35.8089 -8.80227
14.3296 32.5409 -9.21827

18.1286 33.2349 -9.23327
19.8816 32.5009 -12.5573

21.5376 29.1309 -13.3003
25.1536 29.9789 -14.2783
26.6906 27.0889 -16.2803
30.3696 26.5909 -17.2273
32.7316 23.9819 -18.6293
35.7726 23.2869 -16.3883
38.5916 21.7329 -18.4433

40.3716 19.5319 -15.8523
44.0866 19.3509 -16.6623

45.0706 16.1199 -18.5853
48.6856 16.5909 -17.2573
47.6476 14.3989 -14.2353

46.6066 11.6099 -16.7203
49.7446 9.42894 -16.6543

51.2506 8.15594 -19.9523
49.9386 4.53794 -19.4113
46.3166 5.73594 -18.8603
46.5936 8.06594 -21.9213
48.0226 5.22094 -24.0733
45.0846 3.00394 -22.8883
42.5386 5.73894 -23.8863
44.3356 6.13694 -27.2763
44.2486 2.31094 -27.7073
40.4756 2.00194 -26.9593
39.7876 5.05394 -29.2273
41.7426 3.37794 -32.1143
39.9686 0.0649369 -31.3233
36.4716 1.61694 -31.9073
37.5626 2.94794 -35.3783

39.0426 -0.382063 -36.6303
37.2126 -1.48006 -39.8353
37.3536 -5.26006 -39.3003
35.4826 -5.42106 -35.9153
31.9096 -6.64906 -35.4083

29.1136 -4.26206 -34.2543
29.4326 -5.92406 -30.7913
33.2546 -5.46506 -30.5023
32.7036 -1.76306 -31.4733
30.1146 -1.41006 -28.5983
32.4826 -3.23006 -26.1613
35.4316 -0.938063 -27.1183
33.0806 2.09994 -26.6623
32.0656 0.897937 -23.1383
35.7806 0.316937 -22.3313
36.7506 3.83794 -23.6033
33.9236 5.37694 -21.4883
34.8786 3.42794 -18.2903
38.6116 4.34494 -18.8573
37.5616 8.03494 -19.2173
35.9106 7.84594 -15.7573
39.0706 6.26494 -14.1883
41.3706 8.82594 -15.9163
39.3716 11.7999 -14.4703
39.3186 10.6039 -10.7723
42.6056 12.3569 -9.63527
41.6686 15.7899 -11.1073
37.9836 15.4349 -10.0673
39.3246 14.8869 -6.49627
41.7966 17.8299 -6.88327
38.8696 20.0809 -7.96627
36.5576 18.9289 -5.07627
39.3626 19.6969 -2.56527
40.0166 23.1469 -4.19027
36.2676 23.9439 -3.71427
36.3946 22.9329 0.0107281
39.7196 24.7979 0.600728

38.0616 27.8769 -1.08227
35.5816 27.8619 1.89173
32.4126 26.5649 0.100728
29.7186 25.6119 2.62873
27.4656 23.2629 0.504728

27.6846 21.6679 -2.97627
26.5166 18.5919 -4.94727
28.8866 16.2299 -6.82227
27.3006 14.1629 -9.62627
28.9216 11.0079 -11.0973

27.5396 7.70694 -12.5743
30.4176 5.16294 -12.5193

30.5486 3.47894 -9.06627
34.4116 3.68094 -9.00827
34.1816 7.53794 -9.25027
31.5786 7.72294 -6.40627
33.7396 5.28794 -4.32027
37.0046 7.26994 -4.87427
35.3276 10.6489 -4.02827
33.7746 9.21994 -0.789272
37.1106 7.58694 0.240728
39.0526 10.8899 -0.179272
36.3666 12.9029 1.72873
36.5846 10.3119 4.59373
40.4466 10.5359 4.47873

40.1586 14.3909 4.73473
37.4906 13.9589 7.53573
34.9126 15.9189 5.43373
31.3086 15.2319 6.50273

29.3056 14.2409 3.39173
26.2206 12.2729 2.22573
26.1426 9.55594 -0.490272
23.1406 8.45494 -2.63427

23.4066 5.73294 -5.33227
21.5736 2.63694 -6.74627
22.1516 0.719937 -3.43727
20.7176 3.46894 -1.12127
17.2046 2.46394 0.0677281
14.0416 4.55994 -0.588272
13.6686 5.66794 3.09973

17.4266 6.30994 3.68673
17.4176 8.53494 0.519728
14.8566 10.8669 2.18373
16.7056 10.8119 5.56773
20.1416 11.5999 3.95973
18.4006 14.3689 1.93673
17.0666 15.8569 5.23673
20.5436 15.4739 6.88973
22.1916 17.4899 4.02173
19.3436 20.0899 4.07173
19.2696 20.6539 7.88273

22.9026 19.9909 9.01673
25.4866 22.7729 8.33073
28.2896 20.1449 8.78073
27.4786 18.1409 5.60273
29.4476 20.1219 2.98173

29.3056 17.5979 0.0687281
26.5456 15.4269 -1.41027
28.0076 12.5649 -3.54027
25.1516 11.6549 -5.91327
24.5776 9.12694 -8.70127

23.2656 11.0229 -11.8023
20.8366 8.11294 -12.5113
19.7736 7.26394 -8.91427
19.2866 10.8579 -7.54727
17.5646 12.3869 -10.6803
14.1036 11.9129 -8.99227
12.1056 12.8689 -5.84127
14.8726 14.6349 -3.84627
15.3216 18.4069 -3.16127
18.7746 19.9499 -2.45227
17.9376 23.6849 -2.00627
20.6476 24.0169 0.746728
23.4316 23.9519 -1.92627
24.3156 26.7569 -4.42327

26.7626 24.6799 -6.56527
26.4536 21.5159 -8.70727
29.6206 19.7489 -9.99227
29.2436 17.1159 -12.7363

32.4036 14.9929 -12.2923
31.1946 12.9729 -15.3233
29.1836 13.7759 -18.4713
25.9906 11.8109 -19.2673
24.9046 11.2569 -22.9343
21.2586 12.2289 -22.1893

20.7186 16.0059 -21.5413
17.2456 15.4579 -19.9783
18.9466 13.5909 -17.0583
21.5656 16.3869 -16.6433
18.7286 19.0149 -16.4893
16.8486 16.7749 -13.9543
20.0266 16.7679 -11.7743
20.5006 20.6189 -12.0063

16.8026 21.0939 -10.9883
17.4766 19.2469 -7.70427
19.0976 22.5269 -6.43927
17.1656 25.0489 -8.58427
13.7816 24.5559 -6.76027
11.2416 26.7299 -4.87727
13.1656 27.6719 -1.68027
16.4736 28.4439 -3.50227
17.7026 32.0439 -2.78827
21.2246 31.9749 -4.40127
22.3276 31.9379 -8.08727

22.9496 28.2569 -8.91027
26.4396 27.4359 -10.2423
26.7016 24.3849 -12.5773
30.2626 23.1329 -13.3183
30.7666 20.4489 -16.0303
34.1866 18.7539 -15.5223
35.7196 17.7379 -18.9253

39.1086 16.2379 -19.9473
40.8096 16.7569 -23.3763
41.9156 13.3919 -24.9003
38.8926 11.4169 -23.4823
35.2206 10.4169 -24.1083

34.2086 14.0009 -23.0293
35.5276 15.3449 -26.4133
32.7476 13.3369 -28.2233
30.0486 13.4139 -25.4893
30.0126 17.2279 -25.0693
29.2016 18.0699 -28.7833
26.6166 15.1829 -28.7333
24.9076 16.6199 -25.5893
24.9206 20.1329 -27.2063
23.2276 19.0499 -30.4883
20.6266 17.1249 -28.3733
19.7846 20.2599 -26.2543
19.4246 22.2519 -29.5263
16.9516 19.6069 -30.8913
15.0296 19.8729 -27.5593
15.0446 23.7369 -27.7233
13.8176 23.8209 -31.3933

10.9446 21.4989 -30.2763
10.1446 24.0409 -27.4313
11.2206 21.4399 -24.7873
14.2406 23.3469 -23.3113
15.4156 26.9619 -22.7393
18.8736 25.5229 -22.0043
21.3476 26.6589 -24.6493
24.7876 24.9869 -24.1763
26.6726 26.7929 -27.0653

27.6786 29.8819 -24.9833
29.7266 27.6929 -22.5403
32.0736 26.3759 -25.3193
32.9246 29.7729 -26.8783

34.1896 30.7319 -23.3483
36.6746 27.7589 -22.9253

End chain 1
