-13.201 -6.296 -53.957
-10.703 -3.406 -53.291
-9.54 -3.087 -49.639
-11.02 0.322 -48.639
-8.614 1.85 -46.053
-10.787 3.126 -43.162

-9.634 6.195 -41.181
-10.061 4.9 -37.589
-10.286 6.838 -34.306
-12.195 7.103 -30.979
-14.163 9.439 -28.711
-12.619 10.223 -25.263
-14.157 12.207 -22.344

-11.943 15.248 -21.466
-14.301 16.978 -18.949
-17.827 16.65 -17.399
-19.139 18.761 -20.353

-16.752 17.96 -23.312
-15.482 14.956 -25.281
-12.62 14.751 -27.824
-12.437 12.939 -31.204
-8.982 11.264 -31.393
-8.672 10.357 -35.1

-6.282 10.744 -38.079
-6.98 13.557 -40.6
-9.895 13.022 -43.051

-11.208 15.853 -45.293
-14.92 14.856 -45.011
-14.611 14.37 -41.226
-13.015 17.857 -40.827
-15.875 19.254 -42.999
-18.403 17.482 -40.669
-16.559 18.759 -37.515
-16.844 22.341 -38.957

-20.697 21.797 -39.029
-20.861 21.033 -35.24
-22.116 23.933 -33.104
-20.016 23.255 -29.939
-16.791 22.621 -31.971

-13.393 23.436 -30.391
-10.011 22.816 -32.063
-6.805 22.812 -29.99

-3.883 23.919 -32.209
-1.328 22.314 -29.773
-2.753 18.736 -29.691
-4.334 19.137 -33.217

-7.578 17.622 -31.79
-11.313 18.386 -31.995
-13.683 18.544 -28.991
-17.466 19.001 -28.65
-20.131 19.402 -25.91

-21.257 16.038 -24.476
-24.923 16.743 -25.497
-23.731 16.722 -29.178
-22.178 13.179 -28.839
-25.228 11.354 -30.322
-25.57 14.044 -33.093
-21.852 13.682 -34.021
-21.815 9.829 -34.037
-25.045 9.774 -36.128
-23.507 12.176 -38.75
-20.093 10.348 -38.803

-21.793 6.948 -39.527
-22.962 8.546 -42.834
-19.328 9.196 -43.991
-17.677 6.563 -46.261
-14.251 5.2 -45.121

-14.46 6.789 -41.562
-14.765 4.819 -38.279
-15.142 6.964 -35.114
-15.663 4.659 -32.101

-18.218 6.249 -29.657
-17.862 6.903 -25.912
-18.35 3.469 -24.195
-21.794 2.549 -22.772
-20.235 2.829 -19.255
-19.534 6.58 -19.812
-22.964 7.196 -21.431
-24.623 5.531 -18.378
-22.42 7.523 -15.909

-23.028 10.919 -17.654
-26.668 10.153 -18.714
-27.851 13.482 -17.123

-25.214 15.594 -18.963
-26 13.8 -22.296
-29.631 15.147 -21.909

-29.014 18.802 -20.797
-28.522 21.656 -23.337
-27.494 23.803 -20.296
-24.374 24.206 -18.108
-26.03 23.63 -14.722
-23.195 22.587 -12.38
-23.731 19.355 -10.334

-27.219 19.392 -8.694
-26.798 20.208 -4.988
-26.578 17.032 -2.906
-29.814 16.999 -0.82
-29.276 16.946 2.956
-30.305 13.551 4.343

-32.727 13.25 7.268
-30.389 11.851 9.975
-33.077 12.019 12.787
-33.159 8.159 12.923
-29.32 8.149 13.454
-27.82 8.306 16.969

-27.52 12.074 17.913
-23.991 11.509 19.371
-22.796 10.469 15.867
-24.731 13.185 13.93
-23.402 16.008 16.22
-19.738 14.82 15.861

-19.687 14.822 11.995
-17.445 17.587 10.586

-19.106 19.692 7.763
-17.231 17.783 4.996
-18.064 14.402 6.666
-21.796 15.407 6.677
-21.562 16.318 2.947
-19.943 12.855 2.346
-22.788 11.075 4.244
-25.363 13.084 2.191
-23.555 12.165 -1.104
-23.43 8.459 -0.115
-27.196 8.491 0.728
-28.024 10.343 -2.565

-25.973 7.645 -4.472
-28.214 5.048 -2.67
-25.512 3.7 -0.27

-23.352 2.353 -3.174
-19.956 4.118 -3.237
-16.209 4.012 -2.721
-15.295 6.541 0.021

-11.694 7.195 -1.128

-11.135 10.189 1.225
-7.504 10.605 2.377

-6.048 8.715 5.398
-7.361 9.956 8.784
-10.233 12.169 7.374
-12.706 9.981 9.408

-13.844 7.354 6.831
-15.012 5.081 9.734
-17.363 7.714 11.316
-18.876 8.506 7.854
-19.282 4.738 7.09
-21.02 4.042 10.461
-23.415 6.996 9.798
-24.247 5.855 6.195
-24.846 2.277 7.463
-26.955 3.52 10.461
-29.227 5.531 8.078

-29.9 2.058 6.507

-30.384 0.293 9.981
-33.886 -0.857 8.77
-32.05 -2.956 6.062
-29.626 -4.868 8.41
-27.981 -7.413 9.17

-24.774 -5.448 8.488
-21.551 -7.137 7.269
-18.235 -5.328 7.997
-15.132 -6.739 6.223
-11.829 -5.357 7.603

-8.05 -6.016 7.986
-7.416 -8.82 10.567
-5.856 -6.305 13.093
-8.689 -3.64 13.199

-11.758 -5.868 14.003
-11.895 -4.753 17.675
-11.154 -1.102 16.63
-14.365 -1.304 14.506
-16.414 -2.897 17.375
-15.268 -0.08 19.729
-16.109 2.476 16.969
-19.722 1.111 16.76
-20.082 1.14 20.611
-18.596 4.7 20.723
-20.823 6.195 17.978

-24.121 4.191 18.24
-24.851 3.95 22.056
-28.388 2.791 20.948
-26.764 -0.701 20.406
-26.03 -3.285 23.117

-22.632 -5.104 22.857
-24.638 -8.32 22.08
-25.78 -6.667 18.791

-22.091 -6.816 17.576
-20.505 -10.124 16.488
-16.681 -10.041 16.081

-15.702 -13.116 14.035
-12.316 -14.303 15.372
-12.201 -17.837 13.813
-13.405 -19.799 10.735
-15.769 -21.82 13.07
-17.788 -18.808 14.317
-21.352 -17.917 13.159
-21.075 -14.973 10.701
-24.816 -14.102 11.273
-24.919 -14.166 15.127
-25.108 -10.332 15.536
-27.08 -7.466 13.995

-23.588 -6.14 13.038
-21.065 -8.833 11.965
-17.336 -7.898 11.803
-15.009 -10.302 9.887
-11.529 -10.295 8.291

-10.658 -10.74 4.577
-8.757 -14.009 5.375
-11.833 -15.546 7.113
-14.3 -14.769 4.222

-11.6897 -16.303 1.83503
-8.38732 -18.1644 1.93537
-4.99199 -19.4915 2.75141
-3.02046 -17.1422 0.640158
-1.51976 -14.5007 2.76144
-1.54917 -10.8488 4.12367
0.0992479 -10.7348 7.44233
3.26675 -8.75201 6.55336
0.857974 -6.29366 4.92968
1.35595 -6.57439 1.10434
3.85385 -4.23748 -0.68224
5.95754 -1.98258 1.5178

9.42809 -2.66217 0.351373
13.0811 -1.81827 -0.707344
16.1603 -1.82202 1.35911
17.3296 -5.36253 0.366627

20.1846 -3.48953 2.06563
23.5056 -3.11753 0.157627

21.7806 -4.60453 -2.96237
25.0816 -4.45953 -4.96137
25.5946 -7.99453 -3.44937
23.0726 -9.11853 -6.16937

25.2886 -7.68853 -9.04737
25.9856 -11.1615 -10.6044
22.9336 -13.2355 -11.7294
24.8526 -16.6005 -11.6314
25.4606 -16.3685 -7.83237

23.2956 -18.5215 -5.50137
22.2786 -15.3745 -3.48037
21.0146 -13.6615 -6.68637
19.2606 -16.8455 -7.99937
17.3856 -17.1575 -4.64137
16.5336 -13.3895 -4.32537
15.3816 -12.6055 -7.91837
12.1466 -14.7755 -7.99637
10.8856 -13.0385 -4.79237
11.8426 -9.52453 -6.05737
9.95358 -10.0785 -9.37937
6.69858 -11.1795 -7.56937

6.77458 -8.89653 -4.45837
4.47458 -5.79453 -4.69737

7.02058 -3.36853 -3.09737
10.8276 -3.59953 -3.62237
13.0776 -1.17553 -1.70337
16.7016 -1.70953 -2.81637
19.4196 0.226474 -0.905373

23.1076 0.812474 -1.81237
25.8486 3.45947 -1.42037
27.5566 2.04847 -4.53037
24.8446 0.525474 -6.82537
27.5836 -0.273526 -9.33837
31.0026 -1.20853 -7.87037
33.0256 -0.979526 -11.1494
30.8866 -1.43753 -14.3574

27.3606 -0.840526 -15.8774
26.7016 -4.64853 -16.0944
26.4446 -4.77053 -12.2164
23.2276 -2.62253 -12.3724
21.2186 -5.09853 -14.5214
19.9426 -7.27853 -11.6074
18.8656 -4.14453 -9.63637
17.1086 -2.65853 -12.7514
15.0876 -5.89053 -13.3694
14.3016 -6.17853 -9.60737
12.7426 -2.63553 -9.58937

11.2396 -2.90653 -13.1654
10.8546 -6.62253 -14.2504
9.67458 -5.50353 -17.7734
12.9116 -3.54253 -18.5014
15.5096 -5.48853 -20.5854
13.9466 -9.03753 -20.2224
17.2706 -10.4695 -21.5644

20.7456 -9.27153 -20.4224
22.1276 -9.27453 -24.0254
19.9806 -6.21953 -25.0234
21.2816 -4.28353 -21.9524
24.8816 -5.45153 -22.6614
24.8186 -4.41453 -26.3774
23.6086 -0.886526 -25.4234
25.4436 -0.0725256 -22.1354

28.3366 -2.60353 -21.7574
29.9956 -2.12053 -25.2354
29.3476 -5.82953 -25.8514

31.9246 -7.47653 -28.1824
31.6756 -10.8245 -30.0244
34.9556 -12.6675 -29.2674

35.9516 -16.1495 -30.6954
34.9016 -17.7165 -27.3084

31.5456 -15.8235 -26.9014
30.3816 -12.3405 -25.8074
32.4716 -9.91553 -23.7254

30.4606 -7.44453 -21.5314
33.3916 -5.82853 -19.5724
33.0606 -2.50153 -21.4654
30.8416 0.585474 -21.1194
28.7136 2.64547 -23.5584
25.9586 5.34047 -23.6364

26.4186 6.05747 -19.8614
24.5876 9.45547 -19.9604
21.4876 7.67947 -21.4174
21.8126 4.96547 -18.7134
21.9936 7.73347 -16.0204
18.7856 9.37147 -17.3894
16.9526 5.97647 -17.4984
18.0646 5.15347 -13.9114
17.0056 8.55147 -12.4244
13.6036 8.60147 -14.2374
12.4266 4.99247 -13.7024

14.6576 2.99047 -11.2364

16.7906 5.04847 -8.85237
16.7326 7.94247 -6.38137

20.3356 9.18447 -5.84837
21.6426 12.1855 -3.85937
25.2176 13.0205 -2.88537

26.7436 14.5045 0.342627
27.3546 17.7085 -1.67937
23.5996 17.9575 -2.57937
22.1596 17.5875 0.980627

24.9706 18.0825 3.60263
26.9316 21.3175 2.77163
28.3456 21.0805 6.37163
30.3506 17.8125 5.95563

34.1496 18.5065 5.94063
35.9026 17.7725 2.61663

37.5586 14.4025 1.87363
41.1746 15.2505 0.895627
42.7116 12.3605 -1.10637
46.3906 11.8625 -2.05337
48.7526 9.25347 -3.45537
51.7936 8.55847 -1.21437
54.6126 7.00447 -3.26937

56.3926 4.80347 -0.678373
60.1076 4.62247 -1.48837

61.0916 1.39147 -3.41137
64.7066 1.86247 -2.08337
63.6686 -0.329526 0.938627

62.6276 -3.11853 -1.54637
65.7656 -5.29953 -1.48037

67.2716 -6.57253 -4.77837
65.9596 -10.1905 -4.23737
62.3376 -8.99253 -3.68637
62.6146 -6.66253 -6.74737
64.0436 -9.50753 -8.89937
61.1056 -11.7245 -7.71437
58.5596 -8.98953 -8.71237
60.3566 -8.59153 -12.1024
60.2696 -12.4175 -12.5334
56.4966 -12.7265 -11.7854
55.8086 -9.67453 -14.0534
57.7636 -11.3505 -16.9404
55.9896 -14.6635 -16.1494
52.4926 -13.1115 -16.7334
53.5836 -11.7805 -20.2044

55.0636 -15.1105 -21.4564
53.2336 -16.2085 -24.6614
53.3746 -19.9885 -24.1264
51.5036 -20.1495 -20.7414
47.9306 -21.3775 -20.2344

45.1346 -18.9905 -19.0804
45.4536 -20.6525 -15.6174
49.2756 -20.1935 -15.3284
48.7246 -16.4915 -16.2994
46.1356 -16.1385 -13.4244
48.5036 -17.9585 -10.9874
51.4526 -15.6665 -11.9444
49.1016 -12.6285 -11.4884
48.0866 -13.8305 -7.96437
51.8016 -14.4115 -7.15737
52.7716 -10.8905 -8.42937
49.9446 -9.35153 -6.31437
50.8996 -11.3005 -3.11637
54.6326 -10.3835 -3.68337
53.5826 -6.69353 -4.04337
51.9316 -6.88253 -0.583373
55.0916 -8.46353 0.985627
57.3916 -5.90253 -0.742373
55.3926 -2.92853 0.703627
55.3396 -4.12453 4.40163
58.6266 -2.37153 5.53863
57.6896 1.06147 4.06663
54.0046 0.706474 5.10663
55.3456 0.158474 8.67763
57.8176 3.10147 8.29063
54.8906 5.35247 7.20763
52.5786 4.20047 10.0976
55.3836 4.96847 12.6086
56.0376 8.41847 10.9836
52.2886 9.21547 11.4596
52.4156 8.20447 15.1846
55.7406 10.0695 15.7746

54.0826 13.1485 14.0916
51.6026 13.1335 17.0656
48.4336 11.8365 15.2746
45.7396 10.8835 17.8026
43.4866 8.53447 15.6786

43.7056 6.93947 12.1976
42.5376 3.86347 10.2266
44.9076 1.50147 8.35163
43.3216 -0.565526 5.54763
44.9426 -3.72053 4.07663

43.5606 -7.02153 2.59963
46.4386 -9.56553 2.65463

46.5696 -11.2495 6.10763
50.4326 -11.0475 6.16563
50.2026 -7.19053 5.92363
47.5996 -7.00553 8.76763
49.7606 -9.44053 10.8536
53.0256 -7.45853 10.2996
51.3486 -4.07953 11.1456
49.7956 -5.50853 14.3846
53.1316 -7.14153 15.4146
55.0736 -3.83853 14.9946
52.3876 -1.82553 16.9026
52.6056 -4.41653 19.7676
56.4676 -4.19253 19.6526

56.1796 -0.337526 19.9086
53.5116 -0.769526 22.7096
50.9336 1.19047 20.6076
47.3296 0.503474 21.6766

45.3266 -0.487526 18.5656
42.2416 -2.45553 17.3996
42.1636 -5.17253 14.6836
39.1616 -6.27353 12.5396

39.4276 -8.99553 9.84163
37.5946 -12.0915 8.42763
38.1726 -14.0085 11.7366
36.7386 -11.2595 14.0526
33.2256 -12.2645 15.2416
30.0626 -10.1685 14.5856
29.6896 -9.06053 18.2736

33.4476 -8.41853 18.8606
33.4386 -6.19353 15.6936
30.8776 -3.86153 17.3576
32.7266 -3.91653 20.7416
36.1626 -3.12853 19.1336
34.4216 -0.359526 17.1106
33.0876 1.12847 20.4106
36.5646 0.745474 22.0636
38.2126 2.76147 19.1956
35.3646 5.36147 19.2456
35.2906 5.92547 23.0566

38.9236 5.26247 24.1906
41.5076 8.04447 23.5046
44.3106 5.41647 23.9546
43.4996 3.41247 20.7766
45.4686 5.39347 18.1556

45.3266 2.86947 15.2426
42.5666 0.698474 13.7636
44.0286 -2.16353 11.6336
41.1726 -3.07353 9.26063
40.5986 -5.60153 6.47263

39.2866 -3.70553 3.37163
36.8576 -6.61553 2.66263
35.7946 -7.46453 6.25963
35.3076 -3.87053 7.62663
33.5856 -2.34153 4.49363
30.1246 -2.81553 6.18163
28.1266 -1.85953 9.33263
30.8936 -0.0935256 11.3276
31.3426 3.67847 12.0126
34.7956 5.22147 12.7216
33.9586 8.95647 13.1676
36.6686 9.28847 15.9206
39.4526 9.22347 13.2476
40.3366 12.0285 10.7506

42.7836 9.95147 8.60863
42.4746 6.78747 6.46663
45.6416 5.02047 5.18163
45.2646 2.38747 2.43763

48.4246 0.264474 2.88163
47.2156 -1.75553 -0.149373
45.2046 -0.952526 -3.29737
42.0116 -2.91753 -4.09337
40.9256 -3.47153 -7.76037
37.2796 -2.49953 -7.01537

36.7396 1.27747 -6.36737
33.2666 0.729474 -4.80437
34.9676 -1.13753 -1.88437
37.5866 1.65847 -1.46937
34.7496 4.28647 -1.31537
32.8696 2.04647 1.21963
36.0476 2.03947 3.39963
36.5216 5.89047 3.16763

32.8236 6.36547 4.18563
33.4976 4.51847 7.46963
35.1186 7.79847 8.73463
33.1866 10.3205 6.58963
29.8026 9.82747 8.41363
27.2626 12.0015 10.2966
29.1866 12.9435 13.4936
32.4946 13.7155 11.6716
33.7236 17.3155 12.3856
37.2456 17.2465 10.7726
38.3486 17.2095 7.08663

38.9706 13.5285 6.26363
42.4606 12.7075 4.93163
42.7226 9.65647 2.59663
46.2836 8.40447 1.85563
46.7876 5.72047 -0.856373
50.2076 4.02547 -0.348373
51.7406 3.00947 -3.75137

55.1296 1.50947 -4.77337
56.8306 2.02847 -8.20237
57.9366 -1.33653 -9.72637
54.9136 -3.31153 -8.30837
51.2416 -4.31153 -8.93437

50.2296 -0.727526 -7.85537
51.5486 0.616474 -11.2394
48.7686 -1.39153 -13.0494
46.0696 -1.31453 -10.3154
46.0336 2.49947 -9.89537
45.2226 3.34147 -13.6094
42.6376 0.454474 -13.5594
40.9286 1.89147 -10.4154
40.9416 5.40447 -12.0324
39.2486 4.32147 -15.3144
36.6476 2.39647 -13.1994
35.8056 5.53147 -11.0804
35.4456 7.52347 -14.3524
32.9726 4.87847 -15.7174
31.0506 5.14447 -12.3854
31.0656 9.00847 -12.5494
29.8386 9.09247 -16.2194

26.9656 6.77047 -15.1024
26.1656 9.31247 -12.2574
27.2416 6.71147 -9.61337
30.2616 8.61847 -8.13737
31.4366 12.2335 -7.56537
34.8946 10.7945 -6.83037
37.3686 11.9305 -9.47537
40.8086 10.2585 -9.00237
42.6936 12.0645 -11.8914

43.6996 15.1535 -9.80937
45.7476 12.9645 -7.36637
48.0946 11.6475 -10.1454
48.9456 15.0445 -11.7044

50.2106 16.0035 -8.17437
52.6956 13.0305 -7.75137

End chain 1
