-13.201 -6.296 -53.957
-10.703 -3.406 -53.291
-9.54 -3.087 -49.639
-11.02 0.322 -48.639
-8.614 1.85 -46.053
-10.787 3.126 -43.162

-9.634 6.195 -41.181
-10.061 4.9 -37.589
-10.286 6.838 -34.306
-12.195 7.103 -30.979
-14.163 9.439 -28.711
-12.619 10.223 -25.263
-14.157 12.207 -22.344

-11.943 15.248 -21.466
-14.301 16.978 -18.949
-17.827 16.65 -17.399
-19.139 18.761 -20.353

-16.752 17.96 -23.312
-15.482 14.956 -25.281
-12.62 14.751 -27.824
-12.437 12.939 -31.204
-8.982 11.264 -31.393
-8.672 10.357 -35.1

-6.282 10.744 -38.079
-6.98 13.557 -40.6
-9.895 13.022 -43.051

-11.208 15.853 -45.293
-14.92 14.856 -45.011
-14.611 14.37 -41.226
-13.015 17.857 -40.827
-15.875 19.254 -42.999
-18.403 17.482 -40.669
-16.559 18.759 -37.515
-16.844 22.341 -38.957

-20.697 21.797 -39.029
-20.861 21.033 -35.24
-22.116 23.933 -33.104
-20.016 23.255 -29.939
-16.791 22.621 -31.971

-13.393 23.436 -30.391
-10.011 22.816 -32.063
-6.805 22.812 -29.99

-3.883 23.919 -32.209
-1.328 22.314 -29.773
-2.753 18.736 -29.691
-4.334 19.137 -33.217

-7.578 17.622 -31.79
-11.313 18.386 -31.995
-13.683 18.544 -28.991
-17.466 19.001 -28.65
-20.131 19.402 -25.91

-21.257 16.038 -24.476
-24.923 16.743 -25.497
-23.731 16.722 -29.178
-22.178 13.179 -28.839
-25.228 11.354 -30.322
-25.57 14.044 -33.093
-21.852 13.682 -34.021
-21.815 9.829 -34.037
-25.045 9.774 -36.128
-23.507 12.176 -38.75
-20.093 10.348 -38.803

-21.793 6.948 -39.527
-22.962 8.546 -42.834
-19.328 9.196 -43.991
-17.677 6.563 -46.261
-14.251 5.2 -45.121

-14.46 6.789 -41.562
-14.765 4.819 -38.279
-15.142 6.964 -35.114
-15.663 4.659 -32.101

-18.218 6.249 -29.657
-17.862 6.903 -25.912
-18.35 3.469 -24.195
-21.794 2.549 -22.772
-20.235 2.829 -19.255
-19.534 6.58 -19.812
-22.964 7.196 -21.431
-24.623 5.531 -18.378
-22.42 7.523 -15.909

-23.028 10.919 -17.654
-26.668 10.153 -18.714
-27.851 13.482 -17.123

-25.214 15.594 -18.963
-26 13.8 -22.296
-29.631 15.147 -21.909

-29.014 18.802 -20.797
-28.522 21.656 -23.337
-27.494 23.803 -20.296
-24.374 24.206 -18.108
-26.03 23.63 -14.722
-23.195 22.587 -12.38
-23.731 19.355 -10.334

-27.219 19.392 -8.694
-26.798 20.208 -4.988
-26.578 17.032 -2.906
-29.814 16.999 -0.82
-29.276 16.946 2.956
-30.305 13.551 4.343

-32.727 13.25 7.268
-30.389 11.851 9.975
-33.077 12.019 12.787
-33.159 8.159 12.923
-29.32 8.149 13.454
-27.82 8.306 16.969

-27.52 12.074 17.913
-23.991 11.509 19.371
-22.796 10.469 15.867
-24.731 13.185 13.93
-23.402 16.008 16.22
-19.738 14.82 15.861

-19.687 14.822 11.995
-17.445 17.587 10.586

-19.106 19.692 7.763
-17.231 17.783 4.996
-18.064 14.402 6.666
-21.796 15.407 6.677
-21.562 16.318 2.947
-19.943 12.855 2.346
-22.788 11.075 4.244
-25.363 13.084 2.191
-23.555 12.165 -1.104
-23.43 8.459 -0.115
-27.196 8.491 0.728
-28.024 10.343 -2.565

-26.8401 8.28868 -5.54931
-25.2289 6.39585 -8.43425
-22.9974 6.40315 -11.5969

-23.3217 4.02494 -14.5163
-24.0645 0.754939 -16.4963
-24.8102 -2.38028 -18.6323
-26.0349 -5.99059 -18.0326

-22.4339 -5.33659 -19.1816

-21.8749 -2.34259 -16.8286
-18.2439 -1.92659 -15.6766

-16.7879 -3.81659 -12.6556
-18.1009 -2.57559 -9.26963
-20.9729 -0.362587 -10.6796
-23.4459 -2.55059 -8.64563

-24.5839 -5.17759 -11.2226
-25.7519 -7.45059 -8.31963
-28.1029 -4.81759 -6.73763
-29.6159 -4.02559 -10.1996
-30.0219 -7.79359 -10.9636
-31.7599 -8.48959 -7.59263
-34.1549 -5.53559 -8.25563
-34.9869 -6.67659 -11.8586
-35.5859 -10.2546 -10.5906
-37.6949 -9.01159 -7.59263
-39.9669 -7.00059 -9.97563

-40.6399 -10.4736 -11.5466

-41.1239 -12.2386 -8.07263
-44.6259 -13.3886 -9.28363
-42.7899 -15.4876 -11.9916
-40.3659 -17.3996 -9.64363
-38.7209 -19.9446 -8.88363

-35.5139 -17.9796 -9.56563
-32.2909 -19.6686 -10.7846
-28.9749 -17.8596 -10.0566
-25.8719 -19.2706 -11.8306
-22.5689 -17.8886 -10.4506

-18.7899 -18.5476 -10.0676
-18.1559 -21.3516 -7.48663
-16.5959 -18.8366 -4.96063
-19.4289 -16.1716 -4.85463

-22.4979 -18.3996 -4.05063
-22.6349 -17.2846 -0.378626
-21.8939 -13.6336 -1.42363
-25.1049 -13.8356 -3.54763
-27.1539 -15.4286 -0.678626
-26.0079 -12.6116 1.67537
-26.8489 -10.0556 -1.08463
-30.4619 -11.4206 -1.29363
-30.8219 -11.3916 2.55737
-29.3359 -7.83159 2.66937
-31.5629 -6.33659 -0.0756259

-34.8609 -8.34059 0.186374
-35.5909 -8.58159 4.00237
-39.1279 -9.74059 2.89437
-37.5039 -13.2326 2.35237
-36.7699 -15.8166 5.06337

-33.3719 -17.6356 4.80337
-35.3779 -20.8516 4.02637
-36.5199 -19.1986 0.737374

-32.8309 -19.3476 -0.477626
-31.2449 -22.6556 -1.56563
-27.4209 -22.5726 -1.97263

-26.4419 -25.6476 -4.01863
-23.0559 -26.8346 -2.68163
-22.9409 -30.3686 -4.24063
-24.1449 -32.3306 -7.31863
-26.5089 -34.3516 -4.98363
-28.5279 -31.3396 -3.73663
-32.0919 -30.4486 -4.89463
-31.8149 -27.5046 -7.35263
-35.5559 -26.6336 -6.78063
-35.6589 -26.6976 -2.92663
-35.8479 -22.8636 -2.51763
-37.8199 -19.9976 -4.05863

-34.3279 -18.6716 -5.01563
-31.8049 -21.3646 -6.08863
-28.0759 -20.4296 -6.25063
-25.7489 -22.8336 -8.16663
-22.2689 -22.8266 -9.76263

-21.3979 -23.2716 -13.4766
-19.4969 -26.5406 -12.6786
-22.5729 -28.0776 -10.9406
-25.0399 -27.3006 -13.8316

-23.6659 -30.2466 -15.9136
-24.0269 -32.6046 -12.8706
-27.5829 -31.2716 -12.2086
-28.7539 -31.3466 -15.9146
-31.4709 -33.9466 -15.0096
-32.9829 -31.3676 -12.5416
-32.6949 -28.4256 -15.0646
-35.8109 -29.9646 -16.7756
-37.9279 -27.9826 -14.2286
-38.8339 -24.6686 -16.0016
-37.1069 -21.7666 -14.2116
-38.9759 -18.7466 -15.6936

-36.4439 -16.2086 -14.2616
-32.6759 -16.8296 -14.6246
-29.7469 -14.6766 -13.4516
-26.2569 -15.6416 -14.6936

-23.4019 -13.7686 -12.9946
-20.0809 -13.3966 -14.9026

-21.8059 -14.8836 -18.0226
-18.5049 -14.7386 -20.0216
-17.9919 -18.2736 -18.5096
-20.5139 -19.3976 -21.2296

-18.2979 -17.9676 -24.1076
-17.6009 -21.4406 -25.6646
-20.6529 -23.5146 -26.7896
-18.7339 -26.8796 -26.6916
-18.1259 -26.6476 -22.8926

-20.2909 -28.8006 -20.5616
-21.3079 -25.6536 -18.5406
-22.5719 -23.9406 -21.7466
-24.3259 -27.1246 -23.0596
-26.2009 -27.4366 -19.7016
-27.0529 -23.6686 -19.3856
-28.2049 -22.8846 -22.9786
-31.4399 -25.0546 -23.0566
-32.7009 -23.3176 -19.8526
-31.7439 -19.8036 -21.1176
-33.6329 -20.3576 -24.4396
-36.8879 -21.4586 -22.6296

-36.8119 -19.1756 -19.5186
-39.1119 -16.0736 -19.7576

-36.5659 -13.6476 -18.1576
-32.7589 -13.8786 -18.6826
-30.5089 -11.4546 -16.7636
-26.8849 -11.9886 -17.8766
-24.1669 -10.0526 -15.9656

-20.4789 -9.46659 -16.8726
-17.7379 -6.81959 -16.4806
-16.0299 -8.23059 -19.5906
-18.7419 -9.75359 -21.8856
-16.0029 -10.5526 -24.3986
-12.5839 -11.4876 -22.9306
-10.5609 -11.2586 -26.2096
-12.6999 -11.7166 -29.4176

-16.2259 -11.1196 -30.9376
-16.8849 -14.9276 -31.1546
-17.1419 -15.0496 -27.2766
-20.3589 -12.9016 -27.4326
-22.3679 -15.3776 -29.5816
-23.6439 -17.5576 -26.6676
-24.7209 -14.4236 -24.6966
-26.4779 -12.9376 -27.8116
-28.4989 -16.1696 -28.4296
-29.2849 -16.4576 -24.6676
-30.8439 -12.9146 -24.6496

-32.3469 -13.1856 -28.2256
-32.7319 -16.9016 -29.3106
-33.9119 -15.7826 -32.8336
-30.6749 -13.8216 -33.5616
-28.0769 -15.7676 -35.6456
-29.6399 -19.3166 -35.2826
-26.3159 -20.7486 -36.6246

-22.8409 -19.5506 -35.4826
-21.4589 -19.5536 -39.0856
-23.6059 -16.4986 -40.0836
-22.3049 -14.5626 -37.0126
-18.7049 -15.7306 -37.7216
-18.7679 -14.6936 -41.4376
-19.9779 -11.1656 -40.4836
-18.1429 -10.3516 -37.1956

-15.2499 -12.8826 -36.8176
-13.5909 -12.3996 -40.2956
-14.2389 -16.1086 -40.9116

-11.6619 -17.7556 -43.2426
-11.9109 -21.1036 -45.0846
-8.6309 -22.9466 -44.3276

-7.6349 -26.4286 -45.7556
-8.6849 -27.9956 -42.3686

-12.0409 -26.1026 -41.9616
-13.2049 -22.6196 -40.8676
-11.1149 -20.1946 -38.7856

-13.1259 -17.7236 -36.5916
-10.1949 -16.1076 -34.6326
-10.5259 -12.7806 -36.5256
-12.7449 -9.69359 -36.1796
-14.8729 -7.63359 -38.6186
-17.6279 -4.93859 -38.6966

-17.1679 -4.22159 -34.9216
-18.9989 -0.823587 -35.0206
-22.0989 -2.59959 -36.4776
-21.7739 -5.31359 -33.7736
-21.5929 -2.54559 -31.0806
-24.8009 -0.907587 -32.4496
-26.6339 -4.30259 -32.5586
-25.5219 -5.12559 -28.9716
-26.5809 -1.72759 -27.4846
-29.9829 -1.67759 -29.2976
-31.1599 -5.28659 -28.7626

-28.9289 -7.28859 -26.2966

-26.7959 -5.23059 -23.9126
-26.8539 -2.33659 -21.4416

-23.2509 -1.09459 -20.9086
-21.9439 1.90641 -18.9196
-18.3689 2.74141 -17.9456

-16.8429 4.22541 -14.7176
-16.2319 7.42941 -16.7396
-19.9869 7.67841 -17.6396
-21.4269 7.30841 -14.0796

-18.6159 7.80341 -11.4576
-16.6549 11.0384 -12.2886
-15.2409 10.8014 -8.68863
-13.2359 7.53341 -9.10463

-9.4369 8.22741 -9.11963
-7.6839 7.49341 -12.4436

-6.0279 4.12341 -13.1866
-2.4119 4.97141 -14.1646
-0.874896 2.08141 -16.1666
2.8041 1.58341 -17.1136
5.1661 -1.02559 -18.5156
8.2071 -1.72059 -16.2746
11.0261 -3.27459 -18.3296

12.8061 -5.47559 -15.7386
16.5211 -5.65659 -16.5486

17.5051 -8.88759 -18.4716
21.1201 -8.41659 -17.1436
20.0821 -10.6086 -14.1216

19.0411 -13.3976 -16.6066
22.1791 -15.5786 -16.5406

23.6851 -16.8516 -19.8386
22.3731 -20.4696 -19.2976
18.7511 -19.2716 -18.7466
19.0281 -16.9416 -21.8076
20.4571 -19.7866 -23.9596
17.5191 -22.0036 -22.7746
14.9731 -19.2686 -23.7726
16.7701 -18.8706 -27.1626
16.6831 -22.6966 -27.5936
12.9101 -23.0056 -26.8456
12.2221 -19.9536 -29.1136
14.1771 -21.6296 -32.0006
12.4031 -24.9426 -31.2096
8.9061 -23.3906 -31.7936
9.9971 -22.0596 -35.2646

11.4771 -25.3896 -36.5166
9.6471 -26.4876 -39.7216
9.7881 -30.2676 -39.1866
7.9171 -30.4286 -35.8016
4.3441 -31.6566 -35.2946

1.5481 -29.2696 -34.1406
1.8671 -30.9316 -30.6776
5.6891 -30.4726 -30.3886
5.1381 -26.7706 -31.3596
2.5491 -26.4176 -28.4846
4.9171 -28.2376 -26.0476
7.8661 -25.9456 -27.0046
5.5151 -22.9076 -26.5486
4.5001 -24.1096 -23.0246
8.2151 -24.6906 -22.2176
9.1851 -21.1696 -23.4896
6.3581 -19.6306 -21.3746
7.3131 -21.5796 -18.1766
11.0461 -20.6626 -18.7436
9.9961 -16.9726 -19.1036
8.3451 -17.1616 -15.6436
11.5051 -18.7426 -14.0746
13.8051 -16.1816 -15.8026
11.8061 -13.2076 -14.3566
11.7531 -14.4036 -10.6586
15.0401 -12.6506 -9.52163
14.1031 -9.21759 -10.9936
10.4181 -9.57259 -9.95363
11.7591 -10.1206 -6.38263
14.2311 -7.17759 -6.76963
11.3041 -4.92659 -7.85263
8.9921 -6.07859 -4.96263
11.7971 -5.31059 -2.45163
12.4511 -1.86059 -4.07663
8.7021 -1.06359 -3.60063
8.8291 -2.07459 0.124374
12.1541 -0.209587 0.714374

10.4961 2.86941 -0.968626
8.0161 2.85441 2.00537
4.8471 1.55741 0.214374
2.1531 0.604413 2.74237
-0.0998964 -1.74459 0.618374

0.119104 -3.33959 -2.86263
-1.0489 -6.41559 -4.83363
1.3211 -8.77759 -6.70863
-0.264896 -10.8446 -9.51263
1.3561 -13.9996 -10.9836

-0.0258964 -17.3006 -12.4606
2.8521 -19.8446 -12.4056

2.9831 -21.5286 -8.95263
6.8461 -21.3266 -8.89463
6.6161 -17.4696 -9.13663
4.0131 -17.2846 -6.29263
6.1741 -19.7196 -4.20663
9.4391 -17.7376 -4.76063
7.7621 -14.3586 -3.91463
6.2091 -15.7876 -0.675626
9.5451 -17.4206 0.354374
11.4871 -14.1176 -0.0656259
8.8011 -12.1046 1.84237
9.0191 -14.6956 4.70737
12.8811 -14.4716 4.59237

12.5931 -10.6166 4.84837
9.9251 -11.0486 7.64937
7.3471 -9.08859 5.54737
3.7431 -9.77559 6.61637

1.7401 -10.7666 3.50537
-1.3449 -12.7346 2.33937
-1.4229 -15.4516 -0.376626
-4.4249 -16.5526 -2.52063

-4.1589 -19.2746 -5.21863
-5.9919 -22.3706 -6.63263
-5.4139 -24.2876 -3.32363
-6.8479 -21.5386 -1.00763
-10.3609 -22.5436 0.181374
-13.5239 -20.4476 -0.474626
-13.8969 -19.3396 3.21337

-10.1389 -18.6976 3.80037
-10.1479 -16.4726 0.633374
-12.7089 -14.1406 2.29737
-10.8599 -14.1956 5.68137
-7.4239 -13.4076 4.07337
-9.1649 -10.6386 2.05037
-10.4989 -9.15059 5.35037
-7.0219 -9.53359 7.00337
-5.3739 -7.51759 4.13537
-8.2219 -4.91759 4.18537
-8.2959 -4.35359 7.99637

-4.6629 -5.01659 9.13037
-2.0789 -2.23459 8.44437
0.724104 -4.86259 8.89437
-0.0868964 -6.86659 5.71637
1.8821 -4.88559 3.09537

1.7401 -7.40959 0.182374
-1.0199 -9.58059 -1.29663
0.442104 -12.4426 -3.42663
-2.4139 -13.3526 -5.79963
-2.9879 -15.8806 -8.58763

-4.2999 -13.9846 -11.6886
-6.7289 -16.8946 -12.3976
-7.7919 -17.7436 -8.80063
-8.2789 -14.1496 -7.43363
-10.0009 -12.6206 -10.5666
-13.4619 -13.0946 -8.87863
-15.4599 -12.1386 -5.72763
-12.6929 -10.3726 -3.73263
-12.2439 -6.60059 -3.04763
-8.7909 -5.05759 -2.33863
-9.6279 -1.32259 -1.89263
-6.9179 -0.990587 0.860374
-4.1339 -1.05559 -1.81263
-3.2499 1.74941 -4.30963

-0.802896 -0.327587 -6.45163
-1.1119 -3.49159 -8.59363
2.0551 -5.25859 -9.87863
1.6781 -7.89159 -12.6226

4.8381 -10.0146 -12.1786
3.6291 -12.0346 -15.2096
1.6181 -11.2316 -18.3576
-1.5749 -13.1966 -19.1536
-2.6609 -13.7506 -22.8206
-6.3069 -12.7786 -22.0756

-6.8469 -9.00159 -21.4276
-10.3199 -9.54959 -19.8646
-8.6189 -11.4166 -16.9446
-5.9999 -8.62059 -16.5296
-8.8369 -5.99259 -16.3756
-10.7169 -8.23259 -13.8406
-7.5389 -8.23959 -11.6606
-7.0649 -4.38859 -11.8926

-10.7629 -3.91359 -10.8746
-10.0889 -5.76059 -7.59063
-8.4679 -2.48059 -6.32563
-10.3999 0.0414127 -8.47063
-13.7839 -0.451587 -6.64663
-16.3239 1.72241 -4.76363
-14.3999 2.66441 -1.56663
-11.0919 3.43641 -3.38863
-9.8629 7.03641 -2.67463
-6.3409 6.96741 -4.28763
-5.2379 6.93041 -7.97363

-4.6159 3.24941 -8.79663
-1.1259 2.42841 -10.1286
-0.863896 -0.622587 -12.4636
2.6971 -1.87459 -13.2046
3.2011 -4.55859 -15.9166
6.6211 -6.25359 -15.4086
8.1541 -7.26959 -18.8116

11.5431 -8.76959 -19.8336
13.2441 -8.25059 -23.2626
14.3501 -11.6156 -24.7866
11.3271 -13.5906 -23.3686
7.6551 -14.5906 -23.9946

6.6431 -11.0066 -22.9156
7.9621 -9.66259 -26.2996
5.1821 -11.6706 -28.1096
2.4831 -11.5936 -25.3756
2.4471 -7.77959 -24.9556
1.6361 -6.93759 -28.6696
-0.948896 -9.82459 -28.6196
-2.6579 -8.38759 -25.4756
-2.6449 -4.87459 -27.0926
-4.3379 -5.95759 -30.3746
-6.9389 -7.88259 -28.2596
-7.7809 -4.74759 -26.1406
-8.1409 -2.75559 -29.4126
-10.6139 -5.40059 -30.7776
-12.5359 -5.13459 -27.4456
-12.5209 -1.27059 -27.6096
-13.7479 -1.18659 -31.2796

-16.6209 -3.50859 -30.1626
-17.4209 -0.966587 -27.3176
-16.3449 -3.56759 -24.6736
-13.3249 -1.66059 -23.1976
-12.1499 1.95441 -22.6256
-8.6919 0.515413 -21.8906
-6.2179 1.65141 -24.5356
-2.7779 -0.0205873 -24.0626
-0.892896 1.78541 -26.9516

0.113104 4.87441 -24.8696
2.1611 2.68541 -22.4266
4.5081 1.36841 -25.2056
5.3591 4.76541 -26.7646

6.6241 5.72441 -23.2346
9.1091 2.75141 -22.8116

End chain 1
