-13.201 -6.296 -53.957
-10.703 -3.406 -53.291
-9.54 -3.087 -49.639
-11.02 0.322 -48.639
-8.614 1.85 -46.053
-10.787 3.126 -43.162

-9.634 6.195 -41.181
-10.061 4.9 -37.589
-10.286 6.838 -34.306
-12.195 7.103 -30.979
-14.163 9.439 -28.711
-12.619 10.223 -25.263
-14.157 12.207 -22.344

-11.943 15.248 -21.466
-14.301 16.978 -18.949
-17.827 16.65 -17.399
-19.139 18.761 -20.353

-16.752 17.96 -23.312
-15.482 14.956 -25.281
-12.62 14.751 -27.824
-12.437 12.939 -31.204
-8.982 11.264 -31.393
-8.672 10.357 -35.1

-6.282 10.744 -38.079
-6.98 13.557 -40.6
-9.895 13.022 -43.051

-11.208 15.853 -45.293
-14.92 14.856 -45.011
-14.611 14.37 -41.226
-13.015 17.857 -40.827
-15.875 19.254 -42.999
-18.403 17.482 -40.669
-16.559 18.759 -37.515
-16.844 22.341 -38.957

-20.697 21.797 -39.029
-20.861 21.033 -35.24
-22.116 23.933 -33.104
-20.016 23.255 -29.939
-16.791 22.621 -31.971

-13.393 23.436 -30.391
-10.011 22.816 -32.063
-6.805 22.812 -29.99

-3.883 23.919 -32.209
-1.328 22.314 -29.773
-2.753 18.736 -29.691
-4.334 19.137 -33.217

-7.578 17.622 -31.79
-11.313 18.386 -31.995
-13.683 18.544 -28.991
-17.466 19.001 -28.65
-20.131 19.402 -25.91

-21.257 16.038 -24.476
-24.923 16.743 -25.497
-23.731 16.722 -29.178
-22.178 13.179 -28.839
-25.228 11.354 -30.322
-25.57 14.044 -33.093
-21.852 13.682 -34.021
-21.815 9.829 -34.037
-25.045 9.774 -36.128
-23.507 12.176 -38.75
-20.093 10.348 -38.803

-21.793 6.948 -39.527
-22.962 8.546 -42.834
-19.328 9.196 -43.991
-17.677 6.563 -46.261
-14.251 5.2 -45.121

-14.46 6.789 -41.562
-14.765 4.819 -38.279
-15.142 6.964 -35.114
-15.663 4.659 -32.101

-18.218 6.249 -29.657
-17.862 6.903 -25.912
-18.35 3.469 -24.195
-21.794 2.549 -22.772
-20.235 2.829 -19.255
-19.534 6.58 -19.812
-22.964 7.196 -21.431
-24.623 5.531 -18.378
-22.42 7.523 -15.909

-23.028 10.919 -17.654
-26.668 10.153 -18.714
-27.851 13.482 -17.123

-25.214 15.594 -18.963
-26 13.8 -22.296
-29.631 15.147 -21.909

-29.014 18.802 -20.797
-28.522 21.656 -23.337
-27.494 23.803 -20.296
-24.374 24.206 -18.108
-26.03 23.63 -14.722
-23.195 22.587 -12.38
-23.731 19.355 -10.334

-27.219 19.392 -8.694
-26.798 20.208 -4.988
-26.578 17.032 -2.906
-29.814 16.999 -0.82
-29.276 16.946 2.956
-30.305 13.551 4.343

-32.727 13.25 7.268
-30.389 11.851 9.975
-33.077 12.019 12.787
-33.159 8.159 12.923
-29.32 8.149 13.454
-27.82 8.306 16.969

-27.52 12.074 17.913
-23.991 11.509 19.371
-22.796 10.469 15.867
-24.731 13.185 13.93
-23.402 16.008 16.22
-19.738 14.82 15.861

-19.687 14.822 11.995
-17.445 17.587 10.586

-19.106 19.692 7.763
-17.231 17.783 4.996
-18.064 14.402 6.666
-21.796 15.407 6.677
-21.562 16.318 2.947
-19.943 12.855 2.346
-22.788 11.075 4.244
-25.363 13.084 2.191
-23.555 12.165 -1.104
-23.43 8.459 -0.115
-27.196 8.491 0.728
-28.024 10.343 -2.565

-25.973 7.645 -4.472
-28.214 5.048 -2.67
-25.512 3.7 -0.27

-23.352 2.353 -3.174
-19.956 4.118 -3.237
-16.209 4.012 -2.721
-15.295 6.541 0.021

-11.694 7.195 -1.128

-11.135 10.189 1.225
-7.504 10.605 2.377

-6.048 8.715 5.398
-7.361 9.956 8.784
-10.233 12.169 7.374
-12.706 9.981 9.408

-13.844 7.354 6.831
-15.012 5.081 9.734
-17.363 7.714 11.316
-18.876 8.506 7.854
-19.282 4.738 7.09
-21.02 4.042 10.461
-23.415 6.996 9.798
-24.247 5.855 6.195
-24.846 2.277 7.463
-26.955 3.52 10.461
-29.227 5.531 8.078

-29.9 2.058 6.507

-30.384 0.293 9.981
-33.886 -0.857 8.77
-32.05 -2.956 6.062
-29.626 -4.868 8.41
-27.981 -7.413 9.17

-24.774 -5.448 8.488
-21.551 -7.137 7.269
-18.235 -5.328 7.997
-15.132 -6.739 6.223
-11.829 -5.357 7.603

-8.05 -6.016 7.986
-7.416 -8.82 10.567
-5.856 -6.305 13.093
-8.689 -3.64 13.199

-11.758 -5.868 14.003
-11.895 -4.753 17.675
-11.154 -1.102 16.63
-14.365 -1.304 14.506
-16.414 -2.897 17.375
-15.268 -0.08 19.729
-16.109 2.476 16.969
-19.722 1.111 16.76
-20.082 1.14 20.611
-18.596 4.7 20.723
-20.823 6.195 17.978

-24.121 4.191 18.24
-24.851 3.95 22.056
-28.388 2.791 20.948
-26.764 -0.701 20.406
-26.03 -3.285 23.117

-22.632 -5.104 22.857
-24.638 -8.32 22.08
-25.78 -6.667 18.791

-22.091 -6.816 17.576
-20.505 -10.124 16.488
-16.681 -10.041 16.081

-15.702 -13.116 14.035
-12.316 -14.303 15.372
-12.201 -17.837 13.813
-13.405 -19.799 10.735
-15.769 -21.82 13.07
-17.788 -18.808 14.317
-21.352 -17.917 13.159
-21.075 -14.973 10.701
-24.816 -14.102 11.273
-24.919 -14.166 15.127
-25.108 -10.332 15.536
-27.08 -7.466 13.995

-23.588 -6.14 13.038
-21.065 -8.833 11.965
-17.336 -7.898 11.803
-15.009 -10.302 9.887
-11.529 -10.295 8.291

-10.658 -10.74 4.577
-8.757 -14.009 5.375
-11.833 -15.546 7.113
-14.3 -14.769 4.222

-12.926 -17.715 2.14
-13.287 -20.073 5.183
-16.843 -18.74 5.845
-18.014 -18.815 2.139
-20.731 -21.415 3.044
-22.243 -18.836 5.512
-21.955 -15.894 2.989
-25.071 -17.433 1.278
-27.188 -15.451 3.825
-28.094 -12.137 2.052
-26.367 -9.235 3.842
-28.236 -6.215 2.36

-25.704 -3.677 3.792
-21.936 -4.298 3.429
-19.007 -2.145 4.602
-15.517 -3.11 3.36

-12.662 -1.237 5.059
-9.341 -0.865 3.151

-11.066 -2.352 0.031
-7.765 -2.207 -1.968
-7.252 -5.742 -0.456
-9.774 -6.866 -3.176

-7.558 -5.436 -6.054
-6.861 -8.909 -7.611
-9.913 -10.983 -8.736
-7.994 -14.348 -8.638
-7.386 -14.116 -4.839

-9.551 -16.269 -2.508
-10.568 -13.122 -0.487
-11.832 -11.409 -3.693
-13.586 -14.593 -5.006
-15.461 -14.905 -1.648
-16.313 -11.137 -1.332
-17.465 -10.353 -4.925
-20.7 -12.523 -5.003
-21.961 -10.786 -1.799
-21.004 -7.272 -3.064
-22.893 -7.826 -6.386
-26.148 -8.927 -4.576

-26.072 -6.644 -1.465
-28.372 -3.542 -1.704

-25.826 -1.116 -0.104
-22.019 -1.347 -0.629
-19.769 1.077 1.29
-16.145 0.543 0.177
-13.427 2.479 2.088

-9.739 3.065 1.181
-6.998 5.712 1.573
-5.29 4.301 -1.537
-8.002 2.778 -3.832
-5.263 1.979 -6.345
-1.844 1.044 -4.877
0.179 1.273 -8.156
-1.96 0.815 -11.364

-5.486 1.412 -12.884
-6.145 -2.396 -13.101
-6.402 -2.518 -9.223
-9.619 -0.37 -9.379
-11.628 -2.846 -11.528
-12.904 -5.026 -8.614
-13.981 -1.892 -6.643
-15.738 -0.406 -9.758
-17.759 -3.638 -10.376
-18.545 -3.926 -6.614
-20.104 -0.383 -6.596

-21.607 -0.654 -10.172
-21.992 -4.37 -11.257
-23.172 -3.251 -14.78
-19.935 -1.29 -15.508
-17.337 -3.236 -17.592
-18.9 -6.785 -17.229
-15.576 -8.217 -18.571

-12.101 -7.019 -17.429
-10.719 -7.022 -21.032
-12.866 -3.967 -22.03
-11.565 -2.031 -18.959
-7.965 -3.199 -19.668
-8.028 -2.162 -23.384
-9.238 1.366 -22.43
-7.403 2.18 -19.142

-4.51 -0.351 -18.764
-2.851 0.132 -22.242
-3.499 -3.577 -22.858

-0.922 -5.224 -25.189
-1.171 -8.572 -27.031
2.109 -10.415 -26.274

3.105 -13.897 -27.702
2.055 -15.464 -24.315

-1.301 -13.571 -23.908
-2.465 -10.088 -22.814
-0.375 -7.663 -20.732

-2.386 -5.192 -18.538
0.545 -3.576 -16.579
0.214 -0.249 -18.472
-2.005 2.838 -18.126
-4.133 4.898 -20.565
-6.888 7.593 -20.643

-6.428 8.31 -16.868
-8.259 11.708 -16.967
-11.359 9.932 -18.424
-11.034 7.218 -15.72
-10.853 9.986 -13.027
-14.061 11.624 -14.396
-15.894 8.229 -14.505
-14.782 7.406 -10.918
-15.841 10.804 -9.431
-19.243 10.854 -11.244
-20.42 7.245 -10.709

-18.189 5.243 -8.243

-16.056 7.301 -5.859
-16.114 10.195 -3.388

-12.511 11.437 -2.855
-11.204 14.438 -0.866
-7.629 15.273 0.108

-6.103 16.757 3.336
-5.492 19.961 1.314
-9.247 20.21 0.414
-10.687 19.84 3.974

-7.876 20.335 6.596
-5.915 23.57 5.765
-4.501 23.333 9.365
-2.496 20.065 8.949

1.303 20.759 8.934
3.056 20.025 5.61

4.712 16.655 4.867
8.328 17.503 3.889
9.865 14.613 1.887
13.544 14.115 0.94
15.906 11.506 -0.462
18.947 10.811 1.779
21.766 9.257 -0.276

23.546 7.056 2.315
27.261 6.875 1.505

28.245 3.644 -0.418
31.86 4.115 0.91
30.822 1.923 3.932

29.781 -0.866 1.447
32.919 -3.047 1.513

34.425 -4.32 -1.785
33.113 -7.938 -1.244
29.491 -6.74 -0.693
29.768 -4.41 -3.754
31.197 -7.255 -5.906
28.259 -9.472 -4.721
25.713 -6.737 -5.719
27.51 -6.339 -9.109
27.423 -10.165 -9.54
23.65 -10.474 -8.792
22.962 -7.422 -11.06
24.917 -9.098 -13.947
23.143 -12.411 -13.156
19.646 -10.859 -13.74
20.737 -9.528 -17.211

22.8639 -12.6609 -17.2368
20.6342 -15.8254 -17.4001
18.8847 -17.6629 -14.6255
21.5854 -20.3909 -14.6104
24.6145 -18.3643 -15.8003

23.7253 -14.6829 -15.4853
26.2317 -14.2191 -12.6664
28.9774 -15.8768 -14.705
28.2507 -13.6351 -17.6866
28.4004 -10.525 -15.5077
31.741 -11.5933 -14.0441
33.1797 -12.1874 -17.511
32.0388 -8.7554 -18.6784
33.6286 -7.09135 -15.6541
36.9206 -8.88526 -16.2764
36.9349 -7.8001 -19.9185
36.3002 -4.18212 -18.9437
39.1518 -4.2571 -16.4326
41.5322 -5.67822 -19.0321
40.5776 -2.97381 -21.5256
41.166 -0.248945 -18.9427
44.5934 -1.65618 -18.0969
45.5656 -1.75608 -21.7694
44.4877 1.85602 -22.2529
46.5238 2.968 -19.2428
49.6094 1.17134 -20.5444
49.2438 2.80947 -23.954
48.9376 6.2525 -22.3746
52.0636 5.68077 -20.2902
54.0272 4.59422 -23.3572
52.9322 7.68787 -25.2738
53.9824 9.95309 -22.4087
57.4019 8.30432 -22.2306
57.9148 8.74167 -25.9707
56.9925 12.4227 -25.7648
59.4378 12.9752 -22.9086
62.2364 11.2895 -24.8501

60.5784 14.3685 -26.5331
58.0984 14.3535 -23.5591
54.9294 13.0565 -25.3501
52.2354 12.1035 -22.8221
49.9824 9.75445 -24.9461

50.2014 8.15945 -28.4271
49.0334 5.08345 -30.3981
51.4034 2.72145 -32.2731
49.8174 0.654454 -35.0771
51.4384 -2.50055 -36.5481

50.0564 -5.80155 -38.0251
52.9344 -8.34555 -37.9701

53.0654 -10.0295 -34.5171
56.9284 -9.82755 -34.4591
56.6984 -5.97055 -34.7011
54.0954 -5.78555 -31.8571
56.2564 -8.22055 -29.7711
59.5214 -6.23855 -30.3251
57.8444 -2.85955 -29.4791
56.2914 -4.28855 -26.2401
59.6274 -5.92155 -25.2101
61.5694 -2.61855 -25.6301
58.8834 -0.605546 -23.7221
59.1014 -3.19655 -20.8571
62.9634 -2.97255 -20.9721

62.6754 0.882454 -20.7161
60.0074 0.450454 -17.9151
57.4294 2.41045 -20.0171
53.8254 1.72345 -18.9481

51.8224 0.732454 -22.0591
48.7374 -1.23555 -23.2251
48.6594 -3.95255 -25.9411
45.6574 -5.05355 -28.0851

45.9234 -7.77555 -30.7831
44.0904 -10.8715 -32.1971
44.6684 -12.7885 -28.8881
43.2344 -10.0395 -26.5721
39.7214 -11.0445 -25.3831
36.5584 -8.94855 -26.0391
36.1854 -7.84055 -22.3511

39.9434 -7.19855 -21.7641
39.9344 -4.97355 -24.9311
37.3734 -2.64155 -23.2671
39.2224 -2.69655 -19.8831
42.6584 -1.90855 -21.4911
40.9174 0.860454 -23.5141
39.5834 2.34845 -20.2141
43.0604 1.96545 -18.5611
44.7084 3.98145 -21.4291
41.8604 6.58145 -21.3791
41.7864 7.14545 -17.5681

45.4194 6.48245 -16.4341
48.0034 9.26445 -17.1201
50.8064 6.63645 -16.6701
49.9954 4.63245 -19.8481
51.9644 6.61345 -22.4691

51.8224 4.08945 -25.3821
49.0624 1.91845 -26.8611
50.5244 -0.943546 -28.9911
47.6684 -1.85355 -31.3641
47.0944 -4.38155 -34.1521

45.7824 -2.48555 -37.2531
43.3534 -5.39555 -37.9621
42.2904 -6.24455 -34.3651
41.8034 -2.65055 -32.9981
40.0814 -1.12155 -36.1311
36.6204 -1.59555 -34.4431
34.6224 -0.639546 -31.2921
37.3894 1.12645 -29.2971
37.8384 4.89845 -28.6121
41.2914 6.44145 -27.9031
40.4544 10.1765 -27.4571
43.1644 10.5085 -24.7041
45.9484 10.4435 -27.3771
46.8324 13.2485 -29.8741

49.2794 11.1715 -32.0161
48.9704 8.00745 -34.1581
52.1374 6.24045 -35.4431
51.7604 3.60745 -38.1871

54.9204 1.48445 -37.7431
53.7114 -0.535546 -40.7741
51.7004 0.267454 -43.9221
48.5074 -1.69755 -44.7181
47.4214 -2.25155 -48.3851
43.7754 -1.27955 -47.6401

43.2354 2.49745 -46.9921
39.7624 1.94945 -45.4291
41.4634 0.0824538 -42.5091
44.0824 2.87845 -42.0941
41.2454 5.50645 -41.9401
39.3654 3.26645 -39.4051
42.5434 3.25945 -37.2251
43.0174 7.11045 -37.4571

39.3194 7.58545 -36.4391
39.9934 5.73845 -33.1551
41.6144 9.01845 -31.8901
39.6824 11.5405 -34.0351
36.2984 11.0475 -32.2111
33.7584 13.2215 -30.3281
35.6824 14.1635 -27.1311
38.9904 14.9355 -28.9531
40.2194 18.5355 -28.2391
43.7414 18.4665 -29.8521
44.8444 18.4295 -33.5381

45.4664 14.7485 -34.3611
48.9564 13.9275 -35.6931
49.2184 10.8765 -38.0281
52.7794 9.62445 -38.7691
53.2834 6.94045 -41.4811
56.7034 5.24545 -40.9731
58.2364 4.22945 -44.3761

61.6254 2.72945 -45.3981
63.3264 3.24845 -48.8271
64.4324 -0.116546 -50.3511
61.4094 -2.09155 -48.9331
57.7374 -3.09155 -49.5591

56.7254 0.492454 -48.4801
58.0444 1.83645 -51.8641
55.2644 -0.171546 -53.6741
52.5654 -0.0945462 -50.9401
52.5294 3.71945 -50.5201
51.7184 4.56145 -54.2341
49.1334 1.67445 -54.1841
47.4244 3.11145 -51.0401
47.4374 6.62445 -52.6571
45.7444 5.54145 -55.9391
43.1434 3.61645 -53.8241
42.3014 6.75145 -51.7051
41.9414 8.74345 -54.9771
39.4684 6.09845 -56.3421
37.5464 6.36445 -53.0101
37.5614 10.2285 -53.1741
36.3344 10.3125 -56.8441

33.4614 7.99045 -55.7271
32.6614 10.5325 -52.8821
33.7374 7.93145 -50.2381
36.7574 9.83845 -48.7621
37.9324 13.4535 -48.1901
41.3904 12.0145 -47.4551
43.8644 13.1505 -50.1001
47.3044 11.4785 -49.6271
49.1894 13.2845 -52.5161

50.1954 16.3735 -50.4341
52.2434 14.1845 -47.9911
54.5904 12.8675 -50.7701
55.4414 16.2645 -52.3291

56.7064 17.2235 -48.7991
59.1914 14.2505 -48.3761

End chain 1
