-13.201 -6.296 -53.957
-10.703 -3.406 -53.291
-9.54 -3.087 -49.639
-11.02 0.322 -48.639
-8.614 1.85 -46.053
-10.787 3.126 -43.162

-9.634 6.195 -41.181
-10.061 4.9 -37.589
-10.286 6.838 -34.306
-12.195 7.103 -30.979
-14.163 9.439 -28.711
-12.619 10.223 -25.263
-14.157 12.207 -22.344

-11.943 15.248 -21.466
-14.301 16.978 -18.949
-17.827 16.65 -17.399
-19.139 18.761 -20.353

-16.752 17.96 -23.312
-15.482 14.956 -25.281
-12.62 14.751 -27.824
-12.437 12.939 -31.204
-8.982 11.264 -31.393
-8.672 10.357 -35.1

-6.282 10.744 -38.079
-6.98 13.557 -40.6
-9.895 13.022 -43.051

-11.208 15.853 -45.293
-14.92 14.856 -45.011
-14.611 14.37 -41.226
-13.015 17.857 -40.827
-15.875 19.254 -42.999
-18.403 17.482 -40.669
-16.559 18.759 -37.515
-16.844 22.341 -38.957

-20.697 21.797 -39.029
-20.861 21.033 -35.24
-22.116 23.933 -33.104
-20.016 23.255 -29.939
-16.791 22.621 -31.971

-13.393 23.436 -30.391
-10.011 22.816 -32.063
-6.805 22.812 -29.99

-3.883 23.919 -32.209
-1.328 22.314 -29.773
-2.753 18.736 -29.691
-4.334 19.137 -33.217

-7.578 17.622 -31.79
-11.313 18.386 -31.995
-13.683 18.544 -28.991
-17.466 19.001 -28.65
-20.131 19.402 -25.91

-21.257 16.038 -24.476
-24.923 16.743 -25.497
-23.731 16.722 -29.178
-22.178 13.179 -28.839
-25.228 11.354 -30.322
-25.57 14.044 -33.093
-21.852 13.682 -34.021
-21.815 9.829 -34.037
-25.045 9.774 -36.128
-23.507 12.176 -38.75
-20.093 10.348 -38.803

-21.793 6.948 -39.527
-22.962 8.546 -42.834
-19.328 9.196 -43.991
-17.677 6.563 -46.261
-14.251 5.2 -45.121

-14.46 6.789 -41.562
-14.765 4.819 -38.279
-15.142 6.964 -35.114
-15.663 4.659 -32.101

-18.218 6.249 -29.657
-17.862 6.903 -25.912
-18.35 3.469 -24.195
-21.794 2.549 -22.772
-20.235 2.829 -19.255
-19.534 6.58 -19.812
-22.964 7.196 -21.431
-24.623 5.531 -18.378
-22.42 7.523 -15.909

-23.028 10.919 -17.654
-26.668 10.153 -18.714
-27.851 13.482 -17.123

-25.214 15.594 -18.963
-26 13.8 -22.296
-29.631 15.147 -21.909

-29.014 18.802 -20.797
-28.522 21.656 -23.337
-27.494 23.803 -20.296
-24.374 24.206 -18.108
-26.03 23.63 -14.722
-23.195 22.587 -12.38
-23.731 19.355 -10.334

-27.219 19.392 -8.694
-26.798 20.208 -4.988
-26.578 17.032 -2.906
-29.814 16.999 -0.82
-29.276 16.946 2.956
-30.305 13.551 4.343

-32.727 13.25 7.268
-30.389 11.851 9.975
-33.077 12.019 12.787
-33.159 8.159 12.923
-29.32 8.149 13.454
-27.82 8.306 16.969

-27.52 12.074 17.913
-23.991 11.509 19.371
-22.796 10.469 15.867
-24.731 13.185 13.93
-23.402 16.008 16.22
-19.738 14.82 15.861

-19.687 14.822 11.995
-17.445 17.587 10.586

-19.106 19.692 7.763
-17.231 17.783 4.996
-18.064 14.402 6.666
-21.796 15.407 6.677
-21.562 16.318 2.947
-19.943 12.855 2.346
-22.788 11.075 4.244
-25.363 13.084 2.191
-23.555 12.165 -1.104
-23.43 8.459 -0.115
-27.196 8.491 0.728
-28.024 10.343 -2.565

-25.973 7.645 -4.472
-28.214 5.048 -2.67
-25.512 3.7 -0.27

-23.352 2.353 -3.174
-19.956 4.118 -3.237
-16.209 4.012 -2.721
-15.295 6.541 0.021

-11.694 7.195 -1.128

-11.135 10.189 1.225
-7.504 10.605 2.377

-6.048 8.715 5.398
-7.361 9.956 8.784
-10.233 12.169 7.374
-12.706 9.981 9.408

-13.844 7.354 6.831
-15.012 5.081 9.734
-17.363 7.714 11.316
-18.876 8.506 7.854
-19.282 4.738 7.09
-21.02 4.042 10.461
-23.415 6.996 9.798
-24.247 5.855 6.195
-24.846 2.277 7.463
-26.955 3.52 10.461
-29.227 5.531 8.078

-29.9 2.058 6.507

-30.384 0.293 9.981
-33.886 -0.857 8.77
-32.05 -2.956 6.062
-29.626 -4.868 8.41
-27.981 -7.413 9.17

-24.774 -5.448 8.488
-21.551 -7.137 7.269
-18.235 -5.328 7.997
-15.132 -6.739 6.223
-11.829 -5.357 7.603

-8.05 -6.016 7.986
-7.416 -8.82 10.567
-5.856 -6.305 13.093
-8.689 -3.64 13.199

-11.758 -5.868 14.003
-11.895 -4.753 17.675
-11.154 -1.102 16.63
-14.365 -1.304 14.506
-16.414 -2.897 17.375
-15.268 -0.08 19.729
-16.109 2.476 16.969
-19.722 1.111 16.76
-20.082 1.14 20.611
-18.596 4.7 20.723
-20.823 6.195 17.978

-24.121 4.191 18.24
-24.851 3.95 22.056
-28.388 2.791 20.948
-26.764 -0.701 20.406
-26.03 -3.285 23.117

-22.632 -5.104 22.857
-24.638 -8.32 22.08
-25.78 -6.667 18.791

-22.091 -6.816 17.576
-20.505 -10.124 16.488
-16.681 -10.041 16.081

-15.702 -13.116 14.035
-12.316 -14.303 15.372
-12.201 -17.837 13.813
-13.405 -19.799 10.735
-15.769 -21.82 13.07
-17.788 -18.808 14.317
-21.352 -17.917 13.159
-21.075 -14.973 10.701
-24.816 -14.102 11.273
-24.919 -14.166 15.127
-25.108 -10.332 15.536
-27.08 -7.466 13.995

-23.588 -6.14 13.038
-21.065 -8.833 11.965
-17.336 -7.898 11.803
-15.009 -10.302 9.887
-11.529 -10.295 8.291

-10.658 -10.74 4.577
-8.757 -14.009 5.375
-11.833 -15.546 7.113
-14.3 -14.769 4.222

-12.926 -17.715 2.14
-13.287 -20.073 5.183
-16.843 -18.74 5.845
-18.014 -18.815 2.139
-20.731 -21.415 3.044
-22.243 -18.836 5.512
-21.955 -15.894 2.989
-25.071 -17.433 1.278
-27.188 -15.451 3.825
-28.094 -12.137 2.052
-26.367 -9.235 3.842
-28.236 -6.215 2.36

-25.704 -3.677 3.792
-21.936 -4.298 3.429
-19.007 -2.145 4.602
-15.517 -3.11 3.36

-12.662 -1.237 5.059
-9.341 -0.865 3.151

-11.066 -2.352 0.031
-7.765 -2.207 -1.968
-7.252 -5.742 -0.456
-9.774 -6.866 -3.176

-7.558 -5.436 -6.054
-6.861 -8.909 -7.611
-9.913 -10.983 -8.736
-7.994 -14.348 -8.638
-7.386 -14.116 -4.839

-9.551 -16.269 -2.508
-10.568 -13.122 -0.487
-11.832 -11.409 -3.693
-13.586 -14.593 -5.006
-15.461 -14.905 -1.648
-16.313 -11.137 -1.332
-17.465 -10.353 -4.925
-20.7 -12.523 -5.003
-21.961 -10.786 -1.799
-21.004 -7.272 -3.064
-22.893 -7.826 -6.386
-26.148 -8.927 -4.576

-26.072 -6.644 -1.465
-28.372 -3.542 -1.704

-25.826 -1.116 -0.104
-22.019 -1.347 -0.629
-19.769 1.077 1.29
-16.145 0.543 0.177
-13.427 2.479 2.088

-9.739 3.065 1.181
-6.998 5.712 1.573
-5.29 4.301 -1.537
-8.002 2.778 -3.832
-5.263 1.979 -6.345
-1.844 1.044 -4.877
0.179 1.273 -8.156
-1.96 0.815 -11.364

-5.486 1.412 -12.884
-6.145 -2.396 -13.101
-6.402 -2.518 -9.223
-9.619 -0.37 -9.379
-11.628 -2.846 -11.528
-12.904 -5.026 -8.614
-13.981 -1.892 -6.643
-15.738 -0.406 -9.758
-17.759 -3.638 -10.376
-18.545 -3.926 -6.614
-20.104 -0.383 -6.596

-21.9438 -0.611831 -10.0075
-22.8197 -2.16024 -13.3309
-20.0275 -3.28569 -15.574
-18.6853 -4.60186 -18.9769
-19.1296 -8.33672 -18.3481
-17.8301 -8.66726 -14.8298
-14.5687 -8.98063 -12.791

-12.5495 -8.22908 -15.9216
-9.28499 -8.89185 -14.0922
-10.5777 -12.2202 -12.7907
-11.6514 -13.2776 -16.2795
-8.23814 -12.3993 -17.7012
-6.48583 -14.4138 -14.9968
-8.68666 -17.4346 -15.6854
-7.95628 -17.2391 -19.4098

-5.06328 -19.7701 -19.0318
-3.40428 -19.2871 -22.5098
-4.05228 -22.9961 -23.1258

-1.47528 -24.6431 -25.4568
-1.72428 -27.9911 -27.2988
1.55572 -29.8341 -26.5418

2.55172 -33.3161 -27.9698
1.50172 -34.8831 -24.5828

-1.85428 -32.9901 -24.1758
-3.01828 -29.5071 -23.0818
-0.928284 -27.0821 -20.9998

-2.93928 -24.6111 -18.8058
-0.00828366 -22.9951 -16.8468
-0.339284 -19.6681 -18.7398
-2.55828 -16.5811 -18.3938
-4.68628 -14.5211 -20.8328
-7.44128 -11.8261 -20.9108

-6.98128 -11.1091 -17.1358
-8.81228 -7.71108 -17.2348
-11.9123 -9.48708 -18.6918
-11.5873 -12.2011 -15.9878
-11.4063 -9.43308 -13.2948
-14.6143 -7.79508 -14.6638
-16.4473 -11.1901 -14.7728
-15.3353 -12.0131 -11.1858
-16.3943 -8.61508 -9.69878
-19.7963 -8.56508 -11.5118
-20.9733 -12.1741 -10.9768

-18.7423 -14.1761 -8.51078

-16.6093 -12.1181 -6.12678
-16.6673 -9.22408 -3.65578

-13.0643 -7.98208 -3.12278
-11.7573 -4.98108 -1.13378
-8.18228 -4.14608 -0.159784

-6.65628 -2.66208 3.06822
-6.04528 0.541916 1.04622
-9.80028 0.790916 0.146216
-11.2403 0.420916 3.70622

-8.42928 0.915916 6.32822
-6.46828 4.15092 5.49722
-5.05428 3.91392 9.09722
-3.04928 0.645916 8.68122

0.749716 1.33992 8.66622
2.50272 0.605916 5.34222

4.15872 -2.76408 4.59922
7.77472 -1.91608 3.62122
9.31172 -4.80608 1.61922
12.9907 -5.30408 0.672216
15.3527 -7.91308 -0.729784
18.3937 -8.60808 1.51122
21.2127 -10.1621 -0.543784

22.9927 -12.3631 2.04722
26.7077 -12.5441 1.23722

27.6917 -15.7751 -0.685784
31.3067 -15.3041 0.642216
30.2687 -17.4961 3.66422

29.2277 -20.2851 1.17922
32.3657 -22.4661 1.24522

33.8717 -23.7391 -2.05278
32.5597 -27.3571 -1.51178
28.9377 -26.1591 -0.960784
29.2147 -23.8291 -4.02178
30.6437 -26.6741 -6.17378
27.7057 -28.8911 -4.98878
25.1597 -26.1561 -5.98678
26.9567 -25.7581 -9.37678
26.8697 -29.5841 -9.80778
23.0967 -29.8931 -9.05978
22.4087 -26.8411 -11.3278
24.3637 -28.5171 -14.2148
22.5897 -31.8301 -13.4238
19.0927 -30.2781 -14.0078
20.1837 -28.9471 -17.4788

21.6637 -32.2771 -18.7308
19.8337 -33.3751 -21.9358
19.9747 -37.1551 -21.4008
18.1037 -37.3161 -18.0158
14.5307 -38.5441 -17.5088

11.7347 -36.1571 -16.3548
12.0537 -37.8191 -12.8918
15.8757 -37.3601 -12.6028
15.3247 -33.6581 -13.5738
12.7357 -33.3051 -10.6988
15.1037 -35.1251 -8.26178
18.0527 -32.8331 -9.21878
15.7017 -29.7951 -8.76278
14.6867 -30.9971 -5.23878
18.4017 -31.5781 -4.43178
19.3717 -28.0571 -5.70378
16.5447 -26.5181 -3.58878
17.4997 -28.4671 -0.390784
21.2327 -27.5501 -0.957784
20.1827 -23.8601 -1.31778
18.5317 -24.0491 2.14222
21.6917 -25.6301 3.71122
23.9917 -23.0691 1.98322
21.9927 -20.0951 3.42922
21.9397 -21.2911 7.12722
25.2267 -19.5381 8.26422
24.2897 -16.1051 6.79222
20.6047 -16.4601 7.83222
21.9457 -17.0081 11.4032
24.4177 -14.0651 11.0162
21.4907 -11.8141 9.93322
19.1787 -12.9661 12.8232
21.9837 -12.1981 15.3342
22.6377 -8.74808 13.7092
18.8887 -7.95108 14.1852
19.0157 -8.96208 17.9102
22.3407 -7.09708 18.5002

20.6827 -4.01808 16.8172
18.2027 -4.03308 19.7912
15.0337 -5.33008 18.0002
12.3397 -6.28308 20.5282
10.0867 -8.63208 18.4042

10.3057 -10.2271 14.9232
9.13772 -13.3031 12.9522
11.5077 -15.6651 11.0772
9.92172 -17.7321 8.27322
11.5427 -20.8871 6.80222

10.1607 -24.1881 5.32522
13.0387 -26.7321 5.38022

13.1697 -28.4161 8.83322
17.0327 -28.2141 8.89122
16.8027 -24.3571 8.64922
14.1997 -24.1721 11.4932
16.3607 -26.6071 13.5792
19.6257 -24.6251 13.0252
17.9487 -21.2461 13.8712
16.3957 -22.6751 17.1102
19.7317 -24.3081 18.1402
21.6737 -21.0051 17.7202
18.9877 -18.9921 19.6282
19.2057 -21.5831 22.4932
23.0677 -21.3591 22.3782

22.7797 -17.5041 22.6342
20.1117 -17.9361 25.4352
17.5337 -15.9761 23.3332
13.9297 -16.6631 24.4022

11.9267 -17.6541 21.2912
8.84172 -19.6221 20.1252
8.76372 -22.3391 17.4092
5.76172 -23.4401 15.2652

6.02772 -26.1621 12.5672
4.19472 -29.2581 11.1532
4.77272 -31.1751 14.4622
3.33872 -28.4261 16.7782
-0.174284 -29.4311 17.9672
-3.33728 -27.3351 17.3112
-3.71028 -26.2271 20.9992

0.0477163 -25.5851 21.5862
0.0387163 -23.3601 18.4192
-2.52228 -21.0281 20.0832
-0.673284 -21.0831 23.4672
2.76272 -20.2951 21.8592
1.02172 -17.5261 19.8362
-0.312284 -16.0381 23.1362
3.16472 -16.4211 24.7892
4.81272 -14.4051 21.9212
1.96472 -11.8051 21.9712
1.89072 -11.2411 25.7822

5.52372 -11.9041 26.9162
8.10772 -9.12208 26.2302
10.9107 -11.7501 26.6802
10.0997 -13.7541 23.5022
12.0687 -11.7731 20.8812

11.9267 -14.2971 17.9682
9.16672 -16.4681 16.4892
10.6287 -19.3301 14.3592
7.77272 -20.2401 11.9862
7.19872 -22.7681 9.19822

5.88672 -20.8721 6.09722
3.45772 -23.7821 5.38822
2.39472 -24.6311 8.98522
1.90772 -21.0371 10.3522
0.185716 -19.5081 7.21922
-3.27528 -19.9821 8.90722
-5.27328 -19.0261 12.0582
-2.50628 -17.2601 14.0532
-2.05728 -13.4881 14.7382
1.39572 -11.9451 15.4472
0.558716 -8.21008 15.8932
3.26872 -7.87808 18.6462
6.05272 -7.94308 15.9732
6.93672 -5.13808 13.4762

9.38372 -7.21508 11.3342
9.07472 -10.3791 9.19222
12.2417 -12.1461 7.90722
11.8647 -14.7791 5.16322

15.0247 -16.9021 5.60722
13.8157 -18.9221 2.57622
11.8047 -18.1191 -0.571784
8.61172 -20.0841 -1.36778
7.52572 -20.6381 -5.03478
3.87972 -19.6661 -4.28978

3.33972 -15.8891 -3.64178
-0.133284 -16.4371 -2.07878
1.56772 -18.3041 0.841216
4.18672 -15.5081 1.25622
1.34972 -12.8801 1.41022
-0.530284 -15.1201 3.94522
2.64772 -15.1271 6.12522
3.12172 -11.2761 5.89322

-0.576284 -10.8011 6.91122
0.0977163 -12.6481 10.1952
1.71872 -9.36808 11.4602
-0.213284 -6.84608 9.31522
-3.59728 -7.33908 11.1392
-6.13728 -5.16508 13.0222
-4.21328 -4.22308 16.2192
-0.905284 -3.45108 14.3972
0.323716 0.148916 15.1112
3.84572 0.0799159 13.4982
4.94872 0.0429159 9.81222

5.57072 -3.63808 8.98922
9.06072 -4.45908 7.65722
9.32272 -7.51008 5.32222
12.8837 -8.76208 4.58122
13.3877 -11.4461 1.86922
16.8077 -13.1411 2.37722
18.3407 -14.1571 -1.02578

21.7297 -15.6571 -2.04778
23.4307 -15.1381 -5.47678
24.5367 -18.5031 -7.00078
21.5137 -20.4781 -5.58278
17.8417 -21.4781 -6.20878

16.8297 -17.8941 -5.12978
18.1487 -16.5501 -8.51378
15.3687 -18.5581 -10.3238
12.6697 -18.4811 -7.58978
12.6337 -14.6671 -7.16978
11.8227 -13.8251 -10.8838
9.23772 -16.7121 -10.8338
7.52872 -15.2751 -7.68978
7.54172 -11.7621 -9.30678
5.84872 -12.8451 -12.5888
3.24772 -14.7701 -10.4738
2.40572 -11.6351 -8.35478
2.04572 -9.64308 -11.6268
-0.427284 -12.2881 -12.9918
-2.34928 -12.0221 -9.65978
-2.33428 -8.15808 -9.82378
-3.56128 -8.07408 -13.4938

-6.43428 -10.3961 -12.3768
-7.23428 -7.85408 -9.53178
-6.15828 -10.4551 -6.88778
-3.13828 -8.54808 -5.41178
-1.96328 -4.93308 -4.83978
1.49472 -6.37208 -4.10478
3.96872 -5.23608 -6.74978
7.40872 -6.90808 -6.27678
9.29372 -5.10208 -9.16578

10.2997 -2.01308 -7.08378
12.3477 -4.20208 -4.64078
14.6947 -5.51908 -7.41978
15.5457 -2.12208 -8.97878

16.8107 -1.16308 -5.44878
19.2957 -4.13608 -5.02578

End chain 1
