-13.201 -6.296 -53.957
-10.703 -3.406 -53.291
-9.54 -3.087 -49.639
-11.02 0.322 -48.639
-8.614 1.85 -46.053
-10.787 3.126 -43.162

-9.634 6.195 -41.181
-10.061 4.9 -37.589
-10.286 6.838 -34.306
-12.195 7.103 -30.979
-14.163 9.439 -28.711
-12.619 10.223 -25.263
-14.157 12.207 -22.344

-11.943 15.248 -21.466
-14.301 16.978 -18.949
-17.827 16.65 -17.399
-19.139 18.761 -20.353

-16.752 17.96 -23.312
-15.482 14.956 -25.281
-12.62 14.751 -27.824
-12.437 12.939 -31.204
-8.982 11.264 -31.393
-8.672 10.357 -35.1

-6.282 10.744 -38.079
-6.98 13.557 -40.6
-9.895 13.022 -43.051

-11.208 15.853 -45.293
-14.92 14.856 -45.011
-14.611 14.37 -41.226
-13.015 17.857 -40.827
-15.875 19.254 -42.999
-18.403 17.482 -40.669
-16.559 18.759 -37.515
-16.844 22.341 -38.957

-20.697 21.797 -39.029
-20.861 21.033 -35.24
-22.116 23.933 -33.104
-20.016 23.255 -29.939
-16.791 22.621 -31.971

-13.393 23.436 -30.391
-10.011 22.816 -32.063
-6.805 22.812 -29.99

-3.883 23.919 -32.209
-1.328 22.314 -29.773
-2.753 18.736 -29.691
-4.334 19.137 -33.217

-7.578 17.622 -31.79
-11.313 18.386 -31.995
-13.683 18.544 -28.991
-17.466 19.001 -28.65
-20.131 19.402 -25.91

-21.257 16.038 -24.476
-24.923 16.743 -25.497
-23.731 16.722 -29.178
-22.178 13.179 -28.839
-25.228 11.354 -30.322
-25.57 14.044 -33.093
-21.852 13.682 -34.021
-21.815 9.829 -34.037
-25.045 9.774 -36.128
-23.507 12.176 -38.75
-20.093 10.348 -38.803

-21.793 6.948 -39.527
-22.962 8.546 -42.834
-19.328 9.196 -43.991
-17.677 6.563 -46.261
-14.251 5.2 -45.121

-14.46 6.789 -41.562
-14.765 4.819 -38.279
-15.142 6.964 -35.114
-15.663 4.659 -32.101

-18.218 6.249 -29.657
-17.862 6.903 -25.912
-18.35 3.469 -24.195
-21.794 2.549 -22.772
-20.235 2.829 -19.255
-19.534 6.58 -19.812
-22.964 7.196 -21.431
-24.623 5.531 -18.378
-22.42 7.523 -15.909

-23.028 10.919 -17.654
-26.668 10.153 -18.714
-27.851 13.482 -17.123

-25.214 15.594 -18.963
-26 13.8 -22.296
-29.631 15.147 -21.909

-29.014 18.802 -20.797
-28.522 21.656 -23.337
-27.494 23.803 -20.296
-24.374 24.206 -18.108
-26.03 23.63 -14.722
-23.195 22.587 -12.38
-23.731 19.355 -10.334

-27.219 19.392 -8.694
-26.798 20.208 -4.988
-26.578 17.032 -2.906
-29.814 16.999 -0.82
-29.276 16.946 2.956
-30.305 13.551 4.343

-32.727 13.25 7.268
-30.389 11.851 9.975
-33.077 12.019 12.787
-33.159 8.159 12.923
-29.32 8.149 13.454
-27.82 8.306 16.969

-27.52 12.074 17.913
-23.991 11.509 19.371
-22.796 10.469 15.867
-24.731 13.185 13.93
-23.402 16.008 16.22
-19.738 14.82 15.861

-19.687 14.822 11.995
-17.445 17.587 10.586

-19.106 19.692 7.763
-17.231 17.783 4.996
-18.064 14.402 6.666
-21.796 15.407 6.677
-21.562 16.318 2.947
-19.943 12.855 2.346
-22.788 11.075 4.244
-25.363 13.084 2.191
-23.555 12.165 -1.104
-23.43 8.459 -0.115
-27.196 8.491 0.728
-28.024 10.343 -2.565

-25.973 7.645 -4.472
-28.214 5.048 -2.67
-25.512 3.7 -0.27

-23.352 2.353 -3.174
-19.956 4.118 -3.237
-16.209 4.012 -2.721
-15.295 6.541 0.021

-11.694 7.195 -1.128

-11.135 10.189 1.225
-7.504 10.605 2.377

-6.048 8.715 5.398
-7.361 9.956 8.784
-10.233 12.169 7.374
-12.706 9.981 9.408

-13.844 7.354 6.831
-15.012 5.081 9.734
-17.363 7.714 11.316
-18.876 8.506 7.854
-19.282 4.738 7.09
-21.02 4.042 10.461
-23.415 6.996 9.798
-24.247 5.855 6.195
-24.846 2.277 7.463
-26.955 3.52 10.461
-29.227 5.531 8.078

-29.9 2.058 6.507

-30.384 0.293 9.981
-33.886 -0.857 8.77
-32.05 -2.956 6.062
-29.626 -4.868 8.41
-27.981 -7.413 9.17

-24.774 -5.448 8.488
-21.551 -7.137 7.269
-18.235 -5.328 7.997
-15.132 -6.739 6.223
-11.829 -5.357 7.603

-8.05 -6.016 7.986
-7.416 -8.82 10.567
-5.856 -6.305 13.093
-8.689 -3.64 13.199

-11.758 -5.868 14.003
-11.895 -4.753 17.675
-11.154 -1.102 16.63
-14.365 -1.304 14.506
-16.414 -2.897 17.375
-15.268 -0.08 19.729
-16.109 2.476 16.969
-19.722 1.111 16.76
-20.082 1.14 20.611
-18.596 4.7 20.723
-20.823 6.195 17.978

-24.121 4.191 18.24
-24.851 3.95 22.056
-28.388 2.791 20.948
-26.764 -0.701 20.406
-26.03 -3.285 23.117

-22.632 -5.104 22.857
-24.638 -8.32 22.08
-25.78 -6.667 18.791

-22.091 -6.816 17.576
-20.505 -10.124 16.488
-16.681 -10.041 16.081

-15.702 -13.116 14.035
-12.316 -14.303 15.372
-12.201 -17.837 13.813
-13.405 -19.799 10.735
-15.769 -21.82 13.07
-17.788 -18.808 14.317
-21.352 -17.917 13.159
-21.075 -14.973 10.701
-24.816 -14.102 11.273
-24.919 -14.166 15.127
-25.108 -10.332 15.536
-27.08 -7.466 13.995

-23.588 -6.14 13.038
-21.065 -8.833 11.965
-17.336 -7.898 11.803
-15.009 -10.302 9.887
-11.529 -10.295 8.291

-10.658 -10.74 4.577
-8.757 -14.009 5.375
-11.833 -15.546 7.113
-14.3 -14.769 4.222

-12.926 -17.715 2.14
-13.287 -20.073 5.183
-16.843 -18.74 5.845
-18.014 -18.815 2.139
-20.731 -21.415 3.044
-22.243 -18.836 5.512
-21.955 -15.894 2.989
-25.071 -17.433 1.278
-27.188 -15.451 3.825
-28.094 -12.137 2.052
-26.367 -9.235 3.842
-28.236 -6.215 2.36

-25.704 -3.677 3.792
-21.936 -4.298 3.429
-19.007 -2.145 4.602
-15.517 -3.11 3.36

-11.8711 -3.40777 4.43081
-8.32281 -3.5988 5.70303

-7.86486 0.16651 5.93879
-5.35744 -0.218257 8.76857
-3.36558 -2.77607 6.7854
-3.25752 -0.485533 3.75479

-1.04152 0.944467 0.876789
-0.344524 -2.52853 -0.680211
-3.39652 -4.60253 -1.80521
-1.47752 -7.96753 -1.70721
-0.869524 -7.73553 2.09179

-3.03452 -9.88853 4.42279
-4.05152 -6.74153 6.44379
-5.31552 -5.02853 3.23779
-7.06952 -8.21253 1.92479
-8.94452 -8.52453 5.28279
-9.79652 -4.75653 5.59879
-10.9485 -3.97253 2.00579
-14.1835 -6.14253 1.92779
-15.4445 -4.40553 5.13179
-14.4875 -0.891533 3.86679
-16.3765 -1.44553 0.544789
-19.6315 -2.54653 2.35479

-19.5555 -0.263533 5.46579
-21.8555 2.83847 5.22679

-19.3095 5.26447 6.82679
-15.5025 5.03347 6.30179
-13.2525 7.45747 8.22079
-9.62852 6.92347 7.10779
-6.91052 8.85947 9.01879

-3.22252 9.44547 8.11179
-0.481524 12.0925 8.50379
1.22648 10.6815 5.39379
-1.48552 9.15847 3.09879
1.25348 8.35947 0.585789
4.67248 7.42447 2.05379
6.69548 7.65347 -1.22521
4.55648 7.19547 -4.43321

1.03048 7.79247 -5.95321
0.371476 3.98447 -6.17021
0.114476 3.86247 -2.29221
-3.10252 6.01047 -2.44821
-5.11152 3.53447 -4.59721
-6.38752 1.35447 -1.68321
-7.46452 4.48847 0.287789
-9.22152 5.97447 -2.82721
-11.2425 2.74247 -3.44521
-12.0285 2.45447 0.316789
-13.5875 5.99747 0.334789

-15.0905 5.72647 -3.24121
-15.4755 2.01047 -4.32621
-16.6555 3.12947 -7.84921
-13.4185 5.09047 -8.57721
-10.8205 3.14447 -10.6612
-12.3835 -0.404533 -10.2982
-9.05952 -1.83653 -11.6402

-5.58452 -0.638533 -10.4982
-4.20252 -0.641533 -14.1012
-6.34952 2.41347 -15.0992
-5.04852 4.34947 -12.0282
-1.44852 3.18147 -12.7372
-1.51152 4.21847 -16.4532
-2.72152 7.74647 -15.4992
-0.886524 8.56047 -12.2112

2.00648 6.02947 -11.8332
3.66548 6.51247 -15.3112
3.01748 2.80347 -15.9272

5.59448 1.15647 -18.2582
5.34548 -2.19153 -20.1002
8.62548 -4.03453 -19.3432

9.62148 -7.51653 -20.7712
8.57148 -9.08353 -17.3842

5.21548 -7.19053 -16.9772
4.05148 -3.70753 -15.8832
6.14148 -1.28253 -13.8012

4.13048 1.18847 -11.6072
7.06148 2.80447 -9.64821
6.73048 6.13147 -11.5412
4.51148 9.21847 -11.1952
2.38348 11.2785 -13.6342
-0.371524 13.9735 -13.7122

0.0884761 14.6905 -9.93721
-1.74252 18.0885 -10.0362
-4.84252 16.3125 -11.4932
-4.51752 13.5985 -8.78921
-4.33652 16.3665 -6.09621
-7.54452 18.0045 -7.46521
-9.37752 14.6095 -7.57421
-8.26552 13.7865 -3.98721
-9.32452 17.1845 -2.50021
-12.7265 17.2345 -4.31321
-13.9035 13.6255 -3.77821

-11.6725 11.6235 -1.31221

-9.53952 13.6815 1.07179
-9.59752 16.5755 3.54279

-5.99452 17.8175 4.07579
-4.68752 20.8185 6.06479
-1.11252 21.6535 7.03879

0.413476 23.1375 10.2668
1.02448 26.3415 8.24479
-2.73052 26.5905 7.34479
-4.17052 26.2205 10.9048

-1.35952 26.7155 13.5268
0.601476 29.9505 12.6958
2.01548 29.7135 16.2958
4.02048 26.4455 15.8798

7.81948 27.1395 15.8648
9.57248 26.4055 12.5408

11.2285 23.0355 11.7978
14.8445 23.8835 10.8198
16.3815 20.9935 8.81779
20.0605 20.4955 7.87079
22.4225 17.8865 6.46879
25.4635 17.1915 8.70979
28.2825 15.6375 6.65479

30.0625 13.4365 9.24579
33.7775 13.2555 8.43579

34.7615 10.0245 6.51279
38.3765 10.4955 7.84079
37.3385 8.30347 10.8628

36.2975 5.51447 8.37779
39.4355 3.33347 8.44379

40.9415 2.06047 5.14579
39.6295 -1.55753 5.68679
36.0075 -0.359533 6.23779
36.2845 1.97047 3.17679
37.7135 -0.874533 1.02479
34.7755 -3.09153 2.20979
32.2295 -0.356533 1.21179
34.0265 0.0414672 -2.17821
33.9395 -3.78453 -2.60921
30.1665 -4.09353 -1.86121
29.4785 -1.04153 -4.12921
31.4335 -2.71753 -7.01621
29.6595 -6.03053 -6.22521
26.1625 -4.47853 -6.80921
27.2535 -3.14753 -10.2802

28.7335 -6.47753 -11.5322
26.9035 -7.57553 -14.7372
27.0445 -11.3555 -14.2022
25.1735 -11.5165 -10.8172
21.6005 -12.7445 -10.3102

18.8045 -10.3575 -9.15621
19.1235 -12.0195 -5.69321
22.9455 -11.5605 -5.40421
22.3945 -7.85853 -6.37521
19.8055 -7.50553 -3.50021
22.1735 -9.32553 -1.06321
25.1225 -7.03353 -2.02021
22.7715 -3.99553 -1.56421
21.7565 -5.19753 1.95979
25.4715 -5.77853 2.76679
26.4415 -2.25753 1.49479
23.6145 -0.718533 3.60979
24.5695 -2.66753 6.80779
28.3025 -1.75053 6.24079
27.2525 1.93947 5.88079
25.6015 1.75047 9.34079
28.7615 0.169467 10.9098
31.0615 2.73047 9.18179
29.0625 5.70447 10.6278
29.0095 4.50847 14.3258
32.2965 6.26147 15.4628
31.3595 9.69447 13.9908
27.6745 9.33947 15.0308
29.0155 8.79147 18.6018
31.4875 11.7345 18.2148
28.5605 13.9855 17.1318
26.2485 12.8335 20.0218
29.0535 13.6015 22.5328
29.7075 17.0515 20.9078
25.9585 17.8485 21.3838
26.0855 16.8375 25.1088
29.4105 18.7025 25.6988

27.7525 21.7815 24.0158
25.2725 21.7665 26.9898
22.1035 20.4695 25.1988
19.4095 19.5165 27.7268
17.1565 17.1675 25.6028

17.3755 15.5725 22.1218
16.2075 12.4965 20.1508
18.5775 10.1345 18.2758
16.9915 8.06747 15.4718
18.6125 4.91247 14.0008

17.2305 1.61147 12.5238
20.1085 -0.932533 12.5788

20.2395 -2.61653 16.0318
24.1025 -2.41453 16.0898
23.8725 1.44247 15.8478
21.2695 1.62747 18.6918
23.4305 -0.807533 20.7778
26.6955 1.17447 20.2238
25.0185 4.55347 21.0698
23.4655 3.12447 24.3088
26.8015 1.49147 25.3388
28.7435 4.79447 24.9188
26.0575 6.80747 26.8268
26.2755 4.21647 29.6918
30.1375 4.44047 29.5768

29.8495 8.29547 29.8328
27.1815 7.86347 32.6338
24.6035 9.82347 30.5318
20.9995 9.13647 31.6008

18.9965 8.14547 28.4898
15.9115 6.17747 27.3238
15.8335 3.46047 24.6078
12.8315 2.35947 22.4638

13.0975 -0.362533 19.7658
11.2645 -3.45853 18.3518
11.8425 -5.37553 21.6608
10.4085 -2.62653 23.9768
6.89548 -3.63153 25.1658
3.73248 -1.53553 24.5098
3.35948 -0.427533 28.1978

7.11748 0.214467 28.7848
7.10848 2.43947 25.6178
4.54748 4.77147 27.2818
6.39648 4.71647 30.6658
9.83248 5.50447 29.0578
8.09148 8.27347 27.0348
6.75748 9.76147 30.3348
10.2345 9.37847 31.9878
11.8825 11.3945 29.1198
9.03448 13.9945 29.1698
8.96048 14.5585 32.9808

12.5935 13.8955 34.1148
15.1775 16.6775 33.4288
17.9805 14.0495 33.8788
17.1695 12.0455 30.7008
19.1385 14.0265 28.0798

18.9965 11.5025 25.1668
16.2365 9.33147 23.6878
17.6985 6.46947 21.5578
14.8425 5.55947 19.1848
14.2685 3.03147 16.3968

12.9565 4.92747 13.2958
10.5275 2.01747 12.5868
9.46448 1.16847 16.1838
8.97748 4.76247 17.5508
7.25548 6.29147 14.4178
3.79448 5.81747 16.1058
1.79648 6.77347 19.2568
4.56348 8.53947 21.2518
5.01248 12.3115 21.9368
8.46548 13.8545 22.6458
7.62848 17.5895 23.0918
10.3385 17.9215 25.8448
13.1225 17.8565 23.1718
14.0065 20.6615 20.6748

16.4535 18.5845 18.5328
16.1445 15.4205 16.3908
19.3115 13.6535 15.1058
18.9345 11.0205 12.3618

22.0945 8.89747 12.8058
20.8855 6.87747 9.77479
18.8745 7.68047 6.62679
15.6815 5.71547 5.83079
14.5955 5.16147 2.16379
10.9495 6.13347 2.90879

10.4095 9.91047 3.55679
6.93648 9.36247 5.11979
8.63748 7.49547 8.03979
11.2565 10.2915 8.45479
8.41948 12.9195 8.60879
6.53948 10.6795 11.1438
9.71748 10.6725 13.3238
10.1915 14.5235 13.0918

6.49348 14.9985 14.1098
7.16748 13.1515 17.3938
8.78848 16.4315 18.6588
6.85648 18.9535 16.5138
3.47248 18.4605 18.3378
0.932476 20.6345 20.2208
2.85648 21.5765 23.4178
6.16448 22.3485 21.5958
7.39348 25.9485 22.3098
10.9155 25.8795 20.6968
12.0185 25.8425 17.0108

12.6405 22.1615 16.1878
16.1305 21.3405 14.8558
16.3925 18.2895 12.5208
19.9535 17.0375 11.7798
20.4575 14.3535 9.06779
23.8775 12.6585 9.57579
25.4105 11.6425 6.17279

28.7995 10.1425 5.15079
30.5005 10.6615 1.72179
31.6065 7.29647 0.197789
28.5835 5.32147 1.61579
24.9115 4.32147 0.989789

23.8995 7.90547 2.06879
25.2185 9.24947 -1.31521
22.4385 7.24147 -3.12521
19.7395 7.31847 -0.391211
19.7035 11.1325 0.0287891
18.8925 11.9745 -3.68521
16.3075 9.08747 -3.63521
14.5985 10.5245 -0.491211
14.6115 14.0375 -2.10821
12.9185 12.9545 -5.39021
10.3175 11.0295 -3.27521
9.47548 14.1645 -1.15621
9.11548 16.1565 -4.42821
6.64248 13.5115 -5.79321
4.72048 13.7775 -2.46121
4.73548 17.6415 -2.62521
3.50848 17.7255 -6.29521

0.635476 15.4035 -5.17821
-0.164524 17.9455 -2.33321
0.911476 15.3445 0.310789
3.93148 17.2515 1.78679
5.10648 20.8665 2.35879
8.56448 19.4275 3.09379
11.0385 20.5635 0.448789
14.4785 18.8915 0.921789
16.3635 20.6975 -1.96721

17.3695 23.7865 0.114789
19.4175 21.5975 2.55779
21.7645 20.2805 -0.221211
22.6155 23.6775 -1.78021

23.8805 24.6365 1.74979
26.3655 21.6635 2.17279

End chain 1
