-13.201 -6.296 -53.957
-10.703 -3.406 -53.291
-9.54 -3.087 -49.639
-11.02 0.322 -48.639
-8.614 1.85 -46.053
-10.787 3.126 -43.162

-9.634 6.195 -41.181
-10.061 4.9 -37.589
-10.286 6.838 -34.306
-12.195 7.103 -30.979
-14.163 9.439 -28.711
-12.619 10.223 -25.263
-14.157 12.207 -22.344

-11.943 15.248 -21.466
-14.301 16.978 -18.949
-17.827 16.65 -17.399
-19.139 18.761 -20.353

-16.752 17.96 -23.312
-15.482 14.956 -25.281
-12.62 14.751 -27.824
-12.437 12.939 -31.204
-8.982 11.264 -31.393
-8.672 10.357 -35.1

-6.282 10.744 -38.079
-6.98 13.557 -40.6
-9.895 13.022 -43.051

-11.208 15.853 -45.293
-14.92 14.856 -45.011
-14.611 14.37 -41.226
-13.015 17.857 -40.827
-15.875 19.254 -42.999
-18.403 17.482 -40.669
-16.559 18.759 -37.515
-16.844 22.341 -38.957

-20.697 21.797 -39.029
-20.861 21.033 -35.24
-22.116 23.933 -33.104
-20.016 23.255 -29.939
-16.791 22.621 -31.971

-13.393 23.436 -30.391
-10.011 22.816 -32.063
-6.805 22.812 -29.99

-3.883 23.919 -32.209
-1.328 22.314 -29.773
-2.753 18.736 -29.691
-4.334 19.137 -33.217

-7.578 17.622 -31.79
-11.313 18.386 -31.995
-13.683 18.544 -28.991
-17.466 19.001 -28.65
-20.131 19.402 -25.91

-21.257 16.038 -24.476
-24.923 16.743 -25.497
-23.731 16.722 -29.178
-22.178 13.179 -28.839
-25.228 11.354 -30.322
-25.57 14.044 -33.093
-21.852 13.682 -34.021
-21.815 9.829 -34.037
-25.045 9.774 -36.128
-23.507 12.176 -38.75
-20.093 10.348 -38.803

-21.793 6.948 -39.527
-22.962 8.546 -42.834
-19.328 9.196 -43.991
-17.677 6.563 -46.261
-14.251 5.2 -45.121

-14.46 6.789 -41.562
-14.765 4.819 -38.279
-15.142 6.964 -35.114
-15.663 4.659 -32.101

-18.218 6.249 -29.657
-17.862 6.903 -25.912
-18.35 3.469 -24.195
-21.794 2.549 -22.772
-20.235 2.829 -19.255
-19.534 6.58 -19.812
-22.964 7.196 -21.431
-24.623 5.531 -18.378
-22.42 7.523 -15.909

-23.028 10.919 -17.654
-26.668 10.153 -18.714
-27.851 13.482 -17.123

-25.214 15.594 -18.963
-26 13.8 -22.296
-29.631 15.147 -21.909

-29.014 18.802 -20.797
-28.522 21.656 -23.337
-27.494 23.803 -20.296
-24.374 24.206 -18.108
-26.03 23.63 -14.722
-23.195 22.587 -12.38
-23.731 19.355 -10.334

-27.219 19.392 -8.694
-26.798 20.208 -4.988
-26.578 17.032 -2.906
-29.814 16.999 -0.82
-29.276 16.946 2.956
-30.305 13.551 4.343

-32.727 13.25 7.268
-30.389 11.851 9.975
-33.077 12.019 12.787
-33.159 8.159 12.923
-29.32 8.149 13.454
-27.82 8.306 16.969

-27.52 12.074 17.913
-23.991 11.509 19.371
-22.796 10.469 15.867
-24.731 13.185 13.93
-23.402 16.008 16.22
-19.738 14.82 15.861

-19.687 14.822 11.995
-17.445 17.587 10.586

-19.106 19.692 7.763
-17.231 17.783 4.996
-18.064 14.402 6.666
-21.796 15.407 6.677
-21.562 16.318 2.947
-19.943 12.855 2.346
-22.788 11.075 4.244
-25.363 13.084 2.191
-23.555 12.165 -1.104
-23.43 8.459 -0.115
-27.196 8.491 0.728
-28.024 10.343 -2.565

-25.973 7.645 -4.472
-28.214 5.048 -2.67
-25.512 3.7 -0.27

-23.352 2.353 -3.174
-19.956 4.118 -3.237
-16.209 4.012 -2.721
-15.295 6.541 0.021

-11.694 7.195 -1.128

-11.135 10.189 1.225
-7.504 10.605 2.377

-6.048 8.715 5.398
-7.361 9.956 8.784
-10.233 12.169 7.374
-12.706 9.981 9.408

-13.844 7.354 6.831
-15.012 5.081 9.734
-17.363 7.714 11.316
-18.876 8.506 7.854
-19.282 4.738 7.09
-21.02 4.042 10.461
-23.415 6.996 9.798
-24.247 5.855 6.195
-24.846 2.277 7.463
-26.955 3.52 10.461
-29.227 5.531 8.078

-29.9 2.058 6.507

-30.384 0.293 9.981
-33.886 -0.857 8.77
-32.05 -2.956 6.062
-29.626 -4.868 8.41
-27.981 -7.413 9.17

-24.774 -5.448 8.488
-21.551 -7.137 7.269
-18.235 -5.328 7.997
-15.132 -6.739 6.223
-11.829 -5.357 7.603

-8.05 -6.016 7.986
-7.416 -8.82 10.567
-5.856 -6.305 13.093
-8.689 -3.64 13.199

-11.758 -5.868 14.003
-11.895 -4.753 17.675
-11.154 -1.102 16.63
-14.365 -1.304 14.506
-16.414 -2.897 17.375
-15.268 -0.08 19.729
-16.109 2.476 16.969
-19.722 1.111 16.76
-20.082 1.14 20.611
-18.596 4.7 20.723
-20.823 6.195 17.978

-24.121 4.191 18.24
-24.851 3.95 22.056
-28.388 2.791 20.948
-26.764 -0.701 20.406
-26.03 -3.285 23.117

-22.632 -5.104 22.857
-24.638 -8.32 22.08
-25.78 -6.667 18.791

-22.091 -6.816 17.576
-20.505 -10.124 16.488
-16.681 -10.041 16.081

-15.702 -13.116 14.035
-12.316 -14.303 15.372
-12.201 -17.837 13.813
-13.405 -19.799 10.735
-15.769 -21.82 13.07
-17.788 -18.808 14.317
-21.352 -17.917 13.159
-21.075 -14.973 10.701
-24.816 -14.102 11.273
-24.919 -14.166 15.127
-25.108 -10.332 15.536
-27.08 -7.466 13.995

-23.588 -6.14 13.038
-21.065 -8.833 11.965
-17.336 -7.898 11.803
-15.009 -10.302 9.887
-11.529 -10.295 8.291

-10.658 -10.74 4.577
-8.757 -14.009 5.375
-11.833 -15.546 7.113
-14.3 -14.769 4.222

-12.926 -17.715 2.14
-13.287 -20.073 5.183
-16.843 -18.74 5.845
-18.014 -18.815 2.139
-20.731 -21.415 3.044
-22.243 -18.836 5.512
-21.955 -15.894 2.989
-25.071 -17.433 1.278
-27.188 -15.451 3.825
-28.094 -12.137 2.052
-26.367 -9.235 3.842
-28.236 -6.215 2.36

-25.704 -3.677 3.792
-21.936 -4.298 3.429
-19.007 -2.145 4.602
-15.517 -3.11 3.36

-12.662 -1.237 5.059
-9.341 -0.865 3.151

-11.066 -2.352 0.031
-7.765 -2.207 -1.968
-7.252 -5.742 -0.456
-9.774 -6.866 -3.176

-7.558 -5.436 -6.054
-6.861 -8.909 -7.611
-9.913 -10.983 -8.736
-7.994 -14.348 -8.638
-7.386 -14.116 -4.839

-9.551 -16.269 -2.508
-10.568 -13.122 -0.487
-11.832 -11.409 -3.693
-13.586 -14.593 -5.006
-15.461 -14.905 -1.648
-16.313 -11.137 -1.332
-17.465 -10.353 -4.925
-20.7 -12.523 -5.003
-21.961 -10.786 -1.799
-21.004 -7.272 -3.064
-22.893 -7.826 -6.386
-26.148 -8.927 -4.576

-26.072 -6.644 -1.465
-28.372 -3.542 -1.704

-25.826 -1.116 -0.104
-22.019 -1.347 -0.629
-19.769 1.077 1.29
-16.145 0.543 0.177
-13.427 2.479 2.088

-9.739 3.065 1.181
-6.998 5.712 1.573
-5.29 4.301 -1.537
-8.002 2.778 -3.832
-5.263 1.979 -6.345
-1.844 1.044 -4.877
0.179 1.273 -8.156
-1.96 0.815 -11.364

-5.486 1.412 -12.884
-6.145 -2.396 -13.101
-6.402 -2.518 -9.223
-9.619 -0.37 -9.379
-11.628 -2.846 -11.528
-12.904 -5.026 -8.614
-13.981 -1.892 -6.643
-15.738 -0.406 -9.758
-17.759 -3.638 -10.376
-18.545 -3.926 -6.614
-20.104 -0.383 -6.596

-21.607 -0.654 -10.172
-21.992 -4.37 -11.257
-23.172 -3.251 -14.78
-19.935 -1.29 -15.508
-17.337 -3.236 -17.592
-18.9 -6.785 -17.229
-15.576 -8.217 -18.571

-12.101 -7.019 -17.429
-10.719 -7.022 -21.032
-12.866 -3.967 -22.03
-11.565 -2.031 -18.959
-7.965 -3.199 -19.668
-8.028 -2.162 -23.384
-9.238 1.366 -22.43
-7.403 2.18 -19.142

-4.51 -0.351 -18.764
-2.851 0.132 -22.242
-3.499 -3.577 -22.858

-0.922 -5.224 -25.189
-1.171 -8.572 -27.031
2.109 -10.415 -26.274

3.18649 -13.5288 -28.2004
3.32951 -16.8907 -29.8431

4.98932 -17.4668 -26.5211
2.92439 -20.3202 -25.3372
2.53255 -24.0272 -25.1362

0.521546 -21.5562 -22.9422
3.45255 -19.9402 -20.9832
3.12155 -16.6132 -22.8762
0.902546 -13.5262 -22.5302
-1.22545 -11.4662 -24.9692
-3.98045 -8.77116 -25.0472

-3.52045 -8.05416 -21.2722
-5.35145 -4.65616 -21.3712
-8.45145 -6.43216 -22.8282
-8.12645 -9.14616 -20.1242
-7.94545 -6.37816 -17.4312
-11.1535 -4.74016 -18.8002
-12.9865 -8.13516 -18.9092
-11.8745 -8.95816 -15.3222
-12.9335 -5.56016 -13.8352
-16.3355 -5.51016 -15.6482
-17.5125 -9.11916 -15.1132

-15.2815 -11.1212 -12.6472

-13.1485 -9.06316 -10.2632
-13.2065 -6.16916 -7.79221

-9.60345 -4.92716 -7.25921
-8.29645 -1.92616 -5.27021
-4.72145 -1.09116 -4.29621

-3.19545 0.392843 -1.06821
-2.58445 3.59684 -3.09021
-6.33945 3.84584 -3.99021
-7.77945 3.47584 -0.430208

-4.96845 3.97084 2.19179
-3.00745 7.20584 1.36079
-1.59345 6.96884 4.96079
0.411546 3.70084 4.54479

4.21055 4.39484 4.52979
5.96355 3.66084 1.20579

7.61955 0.290843 0.462792
11.2355 1.13884 -0.515208
12.7725 -1.75116 -2.51721
16.4515 -2.24916 -3.46421
18.8135 -4.85816 -4.86621
21.8545 -5.55316 -2.62521
24.6735 -7.10716 -4.68021

26.4535 -9.30816 -2.08921
30.1685 -9.48916 -2.89921

31.1525 -12.7202 -4.82221
34.7675 -12.2492 -3.49421
33.7295 -14.4412 -0.472208

32.6885 -17.2302 -2.95721
35.8265 -19.4112 -2.89121

37.3325 -20.6842 -6.18921
36.0205 -24.3022 -5.64821
32.3985 -23.1042 -5.09721
32.6755 -20.7742 -8.15821
34.1045 -23.6192 -10.3102
31.1665 -25.8362 -9.12521
28.6205 -23.1012 -10.1232
30.4175 -22.7032 -13.5132
30.3305 -26.5292 -13.9442
26.5575 -26.8382 -13.1962
25.8695 -23.7862 -15.4642
27.8245 -25.4622 -18.3512
26.0505 -28.7752 -17.5602
22.5535 -27.2232 -18.1442
23.6445 -25.8922 -21.6152

25.1245 -29.2222 -22.8672
23.2945 -30.3202 -26.0722
23.4355 -34.1002 -25.5372
21.5645 -34.2612 -22.1522
17.9915 -35.4892 -21.6452

15.1955 -33.1022 -20.4912
15.5145 -34.7642 -17.0282
19.3365 -34.3052 -16.7392
18.7855 -30.6032 -17.7102
16.1965 -30.2502 -14.8352
18.5645 -32.0702 -12.3982
21.5135 -29.7782 -13.3552
19.1625 -26.7402 -12.8992
18.1475 -27.9422 -9.37521
21.8625 -28.5232 -8.56821
22.8325 -25.0022 -9.84021
20.0055 -23.4632 -7.72521
20.9605 -25.4122 -4.52721
24.6935 -24.4952 -5.09421
23.6435 -20.8052 -5.45421
21.9925 -20.9942 -1.99421
25.1525 -22.5752 -0.425208
27.4525 -20.0142 -2.15321
25.4535 -17.0402 -0.707208
25.4005 -18.2362 2.99079
28.6875 -16.4832 4.12779
27.7505 -13.0502 2.65579
24.0655 -13.4052 3.69579
25.4065 -13.9532 7.26679
27.8785 -11.0102 6.87979
24.9515 -8.75916 5.79679
22.6395 -9.91116 8.68679
25.4445 -9.14316 11.1978
26.0985 -5.69316 9.57279
22.3495 -4.89616 10.0488
22.4765 -5.90716 13.7738
25.8015 -4.04216 14.3638

24.1435 -0.963157 12.6808
21.6635 -0.978157 15.6548
18.4945 -2.27516 13.8638
15.8005 -3.22816 16.3918
13.5475 -5.57716 14.2678

13.7665 -7.17216 10.7868
12.5985 -10.2482 8.81579
14.9685 -12.6102 6.94079
13.3825 -14.6772 4.13679
15.0035 -17.8322 2.66579

13.6215 -21.1332 1.18879
16.4995 -23.6772 1.24379

16.6305 -25.3612 4.69679
20.4935 -25.1592 4.75479
20.2635 -21.3022 4.51279
17.6605 -21.1172 7.35679
19.8215 -23.5522 9.44279
23.0865 -21.5702 8.88879
21.4095 -18.1912 9.73479
19.8565 -19.6202 12.9738
23.1925 -21.2532 14.0038
25.1345 -17.9502 13.5838
22.4485 -15.9372 15.4918
22.6665 -18.5282 18.3568
26.5285 -18.3042 18.2418

26.2405 -14.4492 18.4978
23.5725 -14.8812 21.2988
20.9945 -12.9212 19.1968
17.3905 -13.6082 20.2658

15.3875 -14.5992 17.1548
12.3025 -16.5672 15.9888
12.2245 -19.2842 13.2728
9.22255 -20.3852 11.1288

9.48855 -23.1072 8.43079
7.65555 -26.2032 7.01679
8.23355 -28.1202 10.3258
6.79955 -25.3712 12.6418
3.28655 -26.3762 13.8308
0.123546 -24.2802 13.1748
-0.249454 -23.1722 16.8628

3.50855 -22.5302 17.4498
3.49955 -20.3052 14.2828
0.938546 -17.9732 15.9468
2.78755 -18.0282 19.3308
6.22355 -17.2402 17.7228
4.48255 -14.4712 15.6998
3.14855 -12.9832 18.9998
6.62555 -13.3662 20.6528
8.27355 -11.3502 17.7848
5.42555 -8.75016 17.8348
5.35155 -8.18616 21.6458

8.98455 -8.84916 22.7798
11.5685 -6.06716 22.0938
14.3715 -8.69516 22.5438
13.5605 -10.6992 19.3658
15.5295 -8.71816 16.7448

15.3875 -11.2422 13.8318
12.6275 -13.4132 12.3528
14.0895 -16.2752 10.2228
11.2335 -17.1852 7.84979
10.6595 -19.7132 5.06179

9.34755 -17.8172 1.96079
6.91855 -20.7272 1.25179
5.85555 -21.5762 4.84879
5.36855 -17.9822 6.21579
3.64655 -16.4532 3.08279
0.185546 -16.9272 4.77079
-1.81245 -15.9712 7.92179
0.954546 -14.2052 9.91679
1.40355 -10.4332 10.6018
4.85655 -8.89016 11.3108
4.01955 -5.15516 11.7568
6.72955 -4.82316 14.5098
9.51355 -4.88816 11.8368
10.3975 -2.08316 9.33979

12.8445 -4.16016 7.19779
12.5355 -7.32416 5.05579
15.7025 -9.09116 3.77079
15.3255 -11.7242 1.02679

18.4855 -13.8472 1.47079
17.2765 -15.8672 -1.56021
15.2655 -15.0642 -4.70821
12.0725 -17.0292 -5.50421
10.9865 -17.5832 -9.17121
7.34055 -16.6112 -8.42621

6.80055 -12.8342 -7.77821
3.32755 -13.3822 -6.21521
5.02855 -15.2492 -3.29521
7.64755 -12.4532 -2.88021
4.81055 -9.82516 -2.72621
2.93055 -12.0652 -0.191208
6.10855 -12.0722 1.98879
6.58255 -8.22116 1.75679

2.88455 -7.74616 2.77479
3.55855 -9.59316 6.05879
5.17955 -6.31316 7.32379
3.24755 -3.79116 5.17879
-0.136454 -4.28416 7.00279
-2.67645 -2.11016 8.88579
-0.752454 -1.16816 12.0828
2.55555 -0.396157 10.2608
3.78455 3.20384 10.9748
7.30655 3.13484 9.36179
8.40955 3.09784 5.67579

9.03155 -0.583157 4.85279
12.5215 -1.40416 3.52079
12.7835 -4.45516 1.18579
16.3445 -5.70716 0.444792
16.8485 -8.39116 -2.26721
20.2685 -10.0862 -1.75921
21.8015 -11.1022 -5.16221

25.1905 -12.6022 -6.18421
26.8915 -12.0832 -9.61321
27.9975 -15.4482 -11.1372
24.9745 -17.4232 -9.71921
21.3025 -18.4232 -10.3452

20.2905 -14.8392 -9.26621
21.6095 -13.4952 -12.6502
18.8295 -15.5032 -14.4602
16.1305 -15.4262 -11.7262
16.0945 -11.6122 -11.3062
15.2835 -10.7702 -15.0202
12.6985 -13.6572 -14.9702
10.9895 -12.2202 -11.8262
11.0025 -8.70716 -13.4432
9.30955 -9.79016 -16.7252
6.70855 -11.7152 -14.6102
5.86655 -8.58016 -12.4912
5.50655 -6.58816 -15.7632
3.03355 -9.23316 -17.1282
1.11155 -8.96716 -13.7962
1.12655 -5.10316 -13.9602
-0.100454 -5.01916 -17.6302

-2.97345 -7.34116 -16.5132
-3.77345 -4.79916 -13.6682
-2.69745 -7.40016 -11.0242
0.322546 -5.49316 -9.54821
1.49755 -1.87816 -8.97621
4.95555 -3.31716 -8.24121
7.42955 -2.18116 -10.8862
10.8695 -3.85316 -10.4132
12.7545 -2.04716 -13.3022

13.7605 1.04184 -11.2202
15.8085 -1.14716 -8.77721
18.1555 -2.46416 -11.5562
19.0065 0.932843 -13.1152

20.2715 1.89184 -9.58521
22.7565 -1.08116 -9.16221

End chain 1
