-13.201 -6.296 -53.957
-10.703 -3.406 -53.291
-9.54 -3.087 -49.639
-11.02 0.322 -48.639
-8.614 1.85 -46.053
-10.787 3.126 -43.162

-9.634 6.195 -41.181
-10.061 4.9 -37.589
-10.286 6.838 -34.306
-12.195 7.103 -30.979
-14.163 9.439 -28.711
-12.619 10.223 -25.263
-14.157 12.207 -22.344

-11.943 15.248 -21.466
-14.301 16.978 -18.949
-17.827 16.65 -17.399
-19.139 18.761 -20.353

-16.752 17.96 -23.312
-15.482 14.956 -25.281
-12.62 14.751 -27.824
-12.437 12.939 -31.204
-8.982 11.264 -31.393
-8.672 10.357 -35.1

-6.282 10.744 -38.079
-6.98 13.557 -40.6
-9.895 13.022 -43.051

-11.208 15.853 -45.293
-14.92 14.856 -45.011
-14.611 14.37 -41.226
-13.015 17.857 -40.827
-15.875 19.254 -42.999
-18.403 17.482 -40.669
-16.559 18.759 -37.515
-16.844 22.341 -38.957

-20.697 21.797 -39.029
-20.861 21.033 -35.24
-22.116 23.933 -33.104
-20.016 23.255 -29.939
-16.791 22.621 -31.971

-13.393 23.436 -30.391
-10.011 22.816 -32.063
-6.805 22.812 -29.99

-3.883 23.919 -32.209
-1.328 22.314 -29.773
-2.753 18.736 -29.691
-4.334 19.137 -33.217

-7.578 17.622 -31.79
-11.313 18.386 -31.995
-13.683 18.544 -28.991
-17.466 19.001 -28.65
-20.131 19.402 -25.91

-21.257 16.038 -24.476
-24.923 16.743 -25.497
-23.731 16.722 -29.178
-22.178 13.179 -28.839
-25.228 11.354 -30.322
-25.57 14.044 -33.093
-21.852 13.682 -34.021
-21.815 9.829 -34.037
-25.045 9.774 -36.128
-23.507 12.176 -38.75
-20.093 10.348 -38.803

-21.793 6.948 -39.527
-22.962 8.546 -42.834
-19.328 9.196 -43.991
-17.677 6.563 -46.261
-14.251 5.2 -45.121

-14.46 6.789 -41.562
-14.765 4.819 -38.279
-15.142 6.964 -35.114
-15.663 4.659 -32.101

-18.218 6.249 -29.657
-17.862 6.903 -25.912
-18.35 3.469 -24.195
-21.794 2.549 -22.772
-20.235 2.829 -19.255
-19.534 6.58 -19.812
-22.964 7.196 -21.431
-24.623 5.531 -18.378
-22.42 7.523 -15.909

-23.028 10.919 -17.654
-26.668 10.153 -18.714
-27.851 13.482 -17.123

-25.214 15.594 -18.963
-26 13.8 -22.296
-29.631 15.147 -21.909

-29.014 18.802 -20.797
-28.522 21.656 -23.337
-27.494 23.803 -20.296
-24.374 24.206 -18.108
-26.03 23.63 -14.722
-23.195 22.587 -12.38
-23.731 19.355 -10.334

-27.219 19.392 -8.694
-26.798 20.208 -4.988
-26.578 17.032 -2.906
-29.814 16.999 -0.82
-29.276 16.946 2.956
-30.305 13.551 4.343

-32.727 13.25 7.268
-30.389 11.851 9.975
-33.077 12.019 12.787
-33.159 8.159 12.923
-29.32 8.149 13.454
-27.82 8.306 16.969

-27.52 12.074 17.913
-23.991 11.509 19.371
-22.796 10.469 15.867
-24.731 13.185 13.93
-23.402 16.008 16.22
-19.738 14.82 15.861

-19.687 14.822 11.995
-17.445 17.587 10.586

-19.106 19.692 7.763
-17.231 17.783 4.996
-18.064 14.402 6.666
-21.796 15.407 6.677
-21.562 16.318 2.947
-19.943 12.855 2.346
-22.788 11.075 4.244
-25.363 13.084 2.191
-23.555 12.165 -1.104
-23.43 8.459 -0.115
-27.196 8.491 0.728
-28.024 10.343 -2.565

-25.973 7.645 -4.472
-28.214 5.048 -2.67
-25.512 3.7 -0.27

-23.352 2.353 -3.174
-19.956 4.118 -3.237
-16.209 4.012 -2.721
-15.295 6.541 0.021

-11.694 7.195 -1.128

-11.135 10.189 1.225
-7.504 10.605 2.377

-6.048 8.715 5.398
-7.361 9.956 8.784
-10.233 12.169 7.374
-12.706 9.981 9.408

-13.844 7.354 6.831
-15.012 5.081 9.734
-17.363 7.714 11.316
-18.876 8.506 7.854
-19.282 4.738 7.09
-21.02 4.042 10.461
-23.415 6.996 9.798
-24.247 5.855 6.195
-24.846 2.277 7.463
-26.955 3.52 10.461
-29.227 5.531 8.078

-29.9 2.058 6.507

-30.384 0.293 9.981
-33.886 -0.857 8.77
-32.05 -2.956 6.062
-29.626 -4.868 8.41
-27.981 -7.413 9.17

-24.774 -5.448 8.488
-21.551 -7.137 7.269
-18.235 -5.328 7.997
-15.132 -6.739 6.223
-11.829 -5.357 7.603

-8.05 -6.016 7.986
-7.416 -8.82 10.567
-5.856 -6.305 13.093
-8.689 -3.64 13.199

-11.758 -5.868 14.003
-11.895 -4.753 17.675
-11.154 -1.102 16.63
-14.365 -1.304 14.506
-16.414 -2.897 17.375
-15.268 -0.08 19.729
-16.109 2.476 16.969
-19.722 1.111 16.76
-20.082 1.14 20.611
-18.596 4.7 20.723
-20.823 6.195 17.978

-24.121 4.191 18.24
-24.851 3.95 22.056
-28.388 2.791 20.948
-26.764 -0.701 20.406
-26.03 -3.285 23.117

-22.632 -5.104 22.857
-24.638 -8.32 22.08
-25.78 -6.667 18.791

-22.091 -6.816 17.576
-20.505 -10.124 16.488
-16.681 -10.041 16.081

-15.702 -13.116 14.035
-12.316 -14.303 15.372
-12.201 -17.837 13.813
-13.405 -19.799 10.735
-15.769 -21.82 13.07
-17.788 -18.808 14.317
-21.352 -17.917 13.159
-21.075 -14.973 10.701
-24.816 -14.102 11.273
-24.919 -14.166 15.127
-25.108 -10.332 15.536
-27.08 -7.466 13.995

-23.588 -6.14 13.038
-21.065 -8.833 11.965
-17.336 -7.898 11.803
-15.009 -10.302 9.887
-11.529 -10.295 8.291

-10.658 -10.74 4.577
-8.757 -14.009 5.375
-11.833 -15.546 7.113
-14.3 -14.769 4.222

-12.926 -17.715 2.14
-13.287 -20.073 5.183
-16.843 -18.74 5.845
-18.014 -18.815 2.139
-20.731 -21.415 3.044
-22.243 -18.836 5.512
-21.955 -15.894 2.989
-25.071 -17.433 1.278
-27.188 -15.451 3.825
-28.094 -12.137 2.052
-26.367 -9.235 3.842
-28.236 -6.215 2.36

-25.704 -3.677 3.792
-21.936 -4.298 3.429
-19.007 -2.145 4.602
-15.517 -3.11 3.36

-12.662 -1.237 5.059
-9.341 -0.865 3.151

-11.066 -2.352 0.031
-7.765 -2.207 -1.968
-7.252 -5.742 -0.456
-9.774 -6.866 -3.176

-7.558 -5.436 -6.054
-6.861 -8.909 -7.611
-9.913 -10.983 -8.736
-7.994 -14.348 -8.638
-7.386 -14.116 -4.839

-9.551 -16.269 -2.508
-10.568 -13.122 -0.487
-11.832 -11.409 -3.693
-13.586 -14.593 -5.006
-15.461 -14.905 -1.648
-16.313 -11.137 -1.332
-17.465 -10.353 -4.925
-20.7 -12.523 -5.003
-21.961 -10.786 -1.799
-21.004 -7.272 -3.064
-22.893 -7.826 -6.386
-26.148 -8.927 -4.576

-26.072 -6.644 -1.465
-28.372 -3.542 -1.704

-25.826 -1.116 -0.104
-22.019 -1.347 -0.629
-19.769 1.077 1.29
-16.145 0.543 0.177
-13.427 2.479 2.088

-9.739 3.065 1.181
-6.998 5.712 1.573
-5.29 4.301 -1.537
-8.002 2.778 -3.832
-5.263 1.979 -6.345
-1.844 1.044 -4.877
0.179 1.273 -8.156
-1.96 0.815 -11.364

-5.486 1.412 -12.884
-6.145 -2.396 -13.101
-6.402 -2.518 -9.223
-9.619 -0.37 -9.379
-11.628 -2.846 -11.528
-12.904 -5.026 -8.614
-13.981 -1.892 -6.643
-15.738 -0.406 -9.758
-17.759 -3.638 -10.376
-18.545 -3.926 -6.614
-20.104 -0.383 -6.596

-21.607 -0.654 -10.172
-21.992 -4.37 -11.257
-23.172 -3.251 -14.78
-19.935 -1.29 -15.508
-17.337 -3.236 -17.592
-18.9 -6.785 -17.229
-15.576 -8.217 -18.571

-12.101 -7.019 -17.429
-10.719 -7.022 -21.032
-12.866 -3.967 -22.03
-11.565 -2.031 -18.959
-7.965 -3.199 -19.668
-8.028 -2.162 -23.384
-9.238 1.366 -22.43
-7.403 2.18 -19.142

-4.51 -0.351 -18.764
-2.851 0.132 -22.242
-3.499 -3.577 -22.858

-0.922 -5.224 -25.189
-1.171 -8.572 -27.031
2.109 -10.415 -26.274

3.105 -13.897 -27.702
2.055 -15.464 -24.315

-1.301 -13.571 -23.908
-2.465 -10.088 -22.814
-0.375 -7.663 -20.732

1.01725 -5.06936 -18.425
2.67597 -2.82374 -15.7528
4.77951 0.0328601 -14.6775
1.72093 1.67502 -13.375
-0.551582 4.79 -13.3811
-1.1767 4.54861 -9.67673

-1.46739 3.24547 -6.11861
-4.58596 5.32956 -5.50705
-6.19598 4.03197 -8.69562
-5.46286 0.433808 -7.71652
-6.99123 0.956578 -4.2765
-10.136 2.45572 -5.79495
-10.4999 -0.479817 -8.18097
-10.141 -2.9667 -5.32975
-12.7953 -1.16308 -3.29386
-15.2041 -1.1868 -6.23322
-14.6786 -4.91384 -6.75852

-12.4476 -6.91584 -4.29252

-10.3146 -4.85784 -1.90852
-10.3726 -1.96384 0.562479

-6.76962 -0.721841 1.09548
-5.46262 2.27916 3.08448
-1.88762 3.11416 4.05848

-0.36162 4.59816 7.28648
0.24938 7.80216 5.26448
-3.50562 8.05116 4.36448
-4.94562 7.68116 7.92448

-2.13462 8.17616 10.5465
-0.17362 11.4112 9.71548
1.24038 11.1742 13.3155
3.24538 7.90616 12.8995

7.04438 8.60016 12.8845
8.79738 7.86616 9.56048

10.4534 4.49616 8.81748
14.0694 5.34416 7.83948
15.6064 2.45416 5.83748
19.2854 1.95616 4.89048
21.6474 -0.652841 3.48848
24.6884 -1.34784 5.72948
27.5074 -2.90184 3.67448

29.2874 -5.10284 6.26548
33.0024 -5.28384 5.45548

33.9864 -8.51484 3.53248
37.6014 -8.04384 4.86048
36.5634 -10.2358 7.88248

35.5224 -13.0248 5.39748
38.6604 -15.2058 5.46348

40.1664 -16.4788 2.16548
38.8544 -20.0968 2.70648
35.2324 -18.8988 3.25748
35.5094 -16.5688 0.196479
36.9384 -19.4138 -1.95552
34.0004 -21.6308 -0.770521
31.4544 -18.8958 -1.76852
33.2514 -18.4978 -5.15852
33.1644 -22.3238 -5.58952
29.3914 -22.6328 -4.84152
28.7034 -19.5808 -7.10952
30.6584 -21.2568 -9.99652
28.8844 -24.5698 -9.20552
25.3874 -23.0178 -9.78952
26.4784 -21.6868 -13.2605

27.9584 -25.0168 -14.5125
26.1284 -26.1148 -17.7175
26.2694 -29.8948 -17.1825
24.3984 -30.0558 -13.7975
20.8254 -31.2838 -13.2905

18.0294 -28.8968 -12.1365
18.3484 -30.5588 -8.67352
22.1704 -30.0998 -8.38452
21.6194 -26.3978 -9.35552
19.0304 -26.0448 -6.48052
21.3984 -27.8648 -4.04352
24.3474 -25.5728 -5.00052
21.9964 -22.5348 -4.54452
20.9814 -23.7368 -1.02052
24.6964 -24.3178 -0.213521
25.6664 -20.7968 -1.48552
22.8394 -19.2578 0.629479
23.7944 -21.2068 3.82748
27.5274 -20.2898 3.26048
26.4774 -16.5998 2.90048
24.8264 -16.7888 6.36048
27.9864 -18.3698 7.92948
30.2864 -15.8088 6.20148
28.2874 -12.8348 7.64748
28.2344 -14.0308 11.3455
31.5214 -12.2778 12.4825
30.5844 -8.84484 11.0105
26.8994 -9.19984 12.0505
28.2404 -9.74784 15.6215
30.7124 -6.80484 15.2345
27.7854 -4.55384 14.1515
25.4734 -5.70584 17.0415
28.2784 -4.93784 19.5525
28.9324 -1.48784 17.9275
25.1834 -0.690841 18.4035
25.3104 -1.70184 22.1285
28.6354 0.163159 22.7185

26.9774 3.24216 21.0355
24.4974 3.22716 24.0095
21.3284 1.93016 22.2185
18.6344 0.977159 24.7465
16.3814 -1.37184 22.6225

16.6004 -2.96684 19.1415
15.4324 -6.04284 17.1705
17.8024 -8.40484 15.2955
16.2164 -10.4718 12.4915
17.8374 -13.6268 11.0205

16.4554 -16.9278 9.54348
19.3334 -19.4718 9.59848

19.4644 -21.1558 13.0515
23.3274 -20.9538 13.1095
23.0974 -17.0968 12.8675
20.4944 -16.9118 15.7115
22.6554 -19.3468 17.7975
25.9204 -17.3648 17.2435
24.2434 -13.9858 18.0895
22.6904 -15.4148 21.3285
26.0264 -17.0478 22.3585
27.9684 -13.7448 21.9385
25.2824 -11.7318 23.8465
25.5004 -14.3228 26.7115
29.3624 -14.0988 26.5965

29.0744 -10.2438 26.8525
26.4064 -10.6758 29.6535
23.8284 -8.71584 27.5515
20.2244 -9.40284 28.6205

18.2214 -10.3938 25.5095
15.1364 -12.3618 24.3435
15.0584 -15.0788 21.6275
12.0564 -16.1798 19.4835

12.3224 -18.9018 16.7855
10.4894 -21.9978 15.3715
11.0674 -23.9148 18.6805
9.63338 -21.1658 20.9965
6.12038 -22.1708 22.1855
2.95738 -20.0748 21.5295
2.58438 -18.9668 25.2175

6.34238 -18.3248 25.8045
6.33338 -16.0998 22.6375
3.77238 -13.7678 24.3015
5.62138 -13.8228 27.6855
9.05738 -13.0348 26.0775
7.31638 -10.2658 24.0545
5.98238 -8.77784 27.3545
9.45938 -9.16084 29.0075
11.1074 -7.14484 26.1395
8.25938 -4.54484 26.1895
8.18538 -3.98084 30.0005

11.8184 -4.64384 31.1345
14.4024 -1.86184 30.4485
17.2054 -4.48984 30.8985
16.3944 -6.49384 27.7205
18.3634 -4.51284 25.0995

18.2214 -7.03684 22.1865
15.4614 -9.20784 20.7075
16.9234 -12.0698 18.5775
14.0674 -12.9798 16.2045
13.4934 -15.5078 13.4165

12.1814 -13.6118 10.3155
9.75238 -16.5218 9.60648
8.68938 -17.3708 13.2035
8.20238 -13.7768 14.5705
6.48038 -12.2478 11.4375
3.01938 -12.7218 13.1255
1.02138 -11.7658 16.2765
3.78838 -9.99984 18.2715
4.23738 -6.22784 18.9565
7.69038 -4.68484 19.6655
6.85338 -0.949841 20.1115
9.56338 -0.617841 22.8645
12.3474 -0.682841 20.1915
13.2314 2.12216 17.6945

15.6784 0.045159 15.5525
15.3694 -3.11884 13.4105
18.5364 -4.88584 12.1255
18.1594 -7.51884 9.38148

21.3194 -9.64184 9.82548
20.1104 -11.6618 6.79448
18.0994 -10.8588 3.64648
14.9064 -12.8238 2.85048
13.8204 -13.3778 -0.816521
10.1744 -12.4058 -0.0715206

9.63438 -8.62884 0.576479
6.16138 -9.17684 2.13948
7.86238 -11.0438 5.05948
10.4814 -8.24784 5.47448
7.64438 -5.61984 5.62848
5.76438 -7.85984 8.16348
8.94238 -7.86684 10.3435
9.41638 -4.01584 10.1115

5.71838 -3.54084 11.1295
6.39238 -5.38784 14.4135
8.01338 -2.10784 15.6785
6.08138 0.414159 13.5335
2.69738 -0.078841 15.3575
0.15738 2.09516 17.2405
2.08138 3.03716 20.4375
5.38938 3.80916 18.6155
6.61838 7.40916 19.3295
10.1404 7.34016 17.7165
11.2434 7.30316 14.0305

11.8654 3.62216 13.2075
15.3554 2.80116 11.8755
15.6174 -0.249841 9.54048
19.1784 -1.50184 8.79948
19.6824 -4.18584 6.08748
23.1024 -5.88084 6.59548
24.6354 -6.89684 3.19248

28.0244 -8.39684 2.17048
29.7254 -7.87784 -1.25852
30.8314 -11.2428 -2.78252
27.8084 -13.2178 -1.36452
24.1364 -14.2178 -1.99052

23.1244 -10.6338 -0.911521
24.4434 -9.28984 -4.29552
21.6634 -11.2978 -6.10552
18.9644 -11.2208 -3.37152
18.9284 -7.40684 -2.95152
18.1174 -6.56484 -6.66552
15.5324 -9.45184 -6.61552
13.8234 -8.01484 -3.47152
13.8364 -4.50184 -5.08852
12.1434 -5.58484 -8.37052
9.54238 -7.50984 -6.25552
8.70038 -4.37484 -4.13652
8.34038 -2.38284 -7.40852
5.86738 -5.02784 -8.77352
3.94538 -4.76184 -5.44152
3.96038 -0.897841 -5.60552
2.73338 -0.813841 -9.27552

-0.13962 -3.13584 -8.15852
-0.93962 -0.593841 -5.31352
0.13638 -3.19484 -2.66952
3.15638 -1.28784 -1.19352
4.33138 2.32716 -0.621521
7.78938 0.888159 0.113479
10.2634 2.02416 -2.53152
13.7034 0.352159 -2.05852
15.5884 2.15816 -4.94752

16.5944 5.24716 -2.86552
18.6424 3.05816 -0.422521
20.9894 1.74116 -3.20152
21.8404 5.13816 -4.76052

23.1054 6.09716 -1.23052
25.5904 3.12416 -0.807521

End chain 1
