-13.201 -6.296 -53.957
-10.703 -3.406 -53.291
-9.54 -3.087 -49.639
-11.02 0.322 -48.639
-8.614 1.85 -46.053
-10.787 3.126 -43.162

-9.634 6.195 -41.181
-10.061 4.9 -37.589
-10.286 6.838 -34.306
-12.195 7.103 -30.979
-14.163 9.439 -28.711
-12.619 10.223 -25.263
-14.157 12.207 -22.344

-11.943 15.248 -21.466
-14.301 16.978 -18.949
-17.827 16.65 -17.399
-19.139 18.761 -20.353

-16.752 17.96 -23.312
-15.482 14.956 -25.281
-12.62 14.751 -27.824
-12.437 12.939 -31.204
-8.982 11.264 -31.393
-8.672 10.357 -35.1

-6.282 10.744 -38.079
-6.98 13.557 -40.6
-9.895 13.022 -43.051

-11.208 15.853 -45.293
-14.92 14.856 -45.011
-14.611 14.37 -41.226
-13.015 17.857 -40.827
-15.875 19.254 -42.999
-18.403 17.482 -40.669
-16.559 18.759 -37.515
-16.844 22.341 -38.957

-20.697 21.797 -39.029
-20.861 21.033 -35.24
-22.116 23.933 -33.104
-20.016 23.255 -29.939
-16.791 22.621 -31.971

-13.393 23.436 -30.391
-10.011 22.816 -32.063
-6.805 22.812 -29.99

-3.883 23.919 -32.209
-1.328 22.314 -29.773
-2.753 18.736 -29.691
-4.334 19.137 -33.217

-7.578 17.622 -31.79
-11.313 18.386 -31.995
-13.683 18.544 -28.991
-17.466 19.001 -28.65
-20.131 19.402 -25.91

-21.257 16.038 -24.476
-24.923 16.743 -25.497
-23.731 16.722 -29.178
-22.178 13.179 -28.839
-25.228 11.354 -30.322
-25.57 14.044 -33.093
-21.852 13.682 -34.021
-21.815 9.829 -34.037
-25.045 9.774 -36.128
-23.507 12.176 -38.75
-20.093 10.348 -38.803

-21.793 6.948 -39.527
-22.962 8.546 -42.834
-19.328 9.196 -43.991
-17.677 6.563 -46.261
-14.251 5.2 -45.121

-14.46 6.789 -41.562
-14.765 4.819 -38.279
-15.142 6.964 -35.114
-15.663 4.659 -32.101

-18.218 6.249 -29.657
-17.862 6.903 -25.912
-18.35 3.469 -24.195
-21.794 2.549 -22.772
-20.235 2.829 -19.255
-19.534 6.58 -19.812
-22.964 7.196 -21.431
-24.623 5.531 -18.378
-22.42 7.523 -15.909

-23.3037 10.5878 -17.9295
-24.3612 13.0053 -20.7054
-24.9095 13.7415 -24.2916

-22.5005 16.522 -25.245
-20.1516 15.5923 -22.4058
-20.1674 11.9409 -23.4591

-19.5504 15.5959 -22.3471
-19.0584 18.4499 -24.8871
-18.0304 20.5969 -21.8461
-14.9104 20.9999 -19.6581
-16.5664 20.4239 -16.2721
-13.7314 19.3809 -13.9301
-14.2674 16.1489 -11.8841

-17.7554 16.1859 -10.2441
-17.3344 17.0019 -6.53809
-17.1144 13.8259 -4.45609
-20.3504 13.7929 -2.37009
-19.8124 13.7399 1.40591
-20.8414 10.3449 2.79291

-23.2634 10.0439 5.71791
-20.9254 8.64488 8.42491
-23.6134 8.81288 11.2369
-23.6954 4.95288 11.3729
-19.8564 4.94288 11.9039
-18.3564 5.09988 15.4189

-18.0564 8.86788 16.3629
-14.5274 8.30288 17.8209
-13.3324 7.26288 14.3169
-15.2674 9.97888 12.3799
-13.9384 12.8019 14.6699
-10.2744 11.6139 14.3109

-10.2234 11.6159 10.4449
-7.98143 14.3809 9.03591

-9.64243 16.4859 6.21291
-7.76743 14.5769 3.44591
-8.60043 11.1959 5.11591
-12.3324 12.2009 5.12691
-12.0984 13.1119 1.39691
-10.4794 9.64888 0.795911
-13.3244 7.86888 2.69391
-15.8994 9.87788 0.640911
-14.0914 8.95888 -2.65409
-13.9664 5.25288 -1.66509
-17.7324 5.28488 -0.822089
-18.5604 7.13688 -4.11509

-16.5094 4.43888 -6.02209
-18.7504 1.84188 -4.22009
-16.0484 0.493878 -1.82009

-13.8884 -0.853122 -4.72409
-10.4924 0.911878 -4.78709
-6.74543 0.805878 -4.27109
-5.83143 3.33488 -1.52909

-2.23043 3.98888 -2.67809

-1.67143 6.98288 -0.325089
1.95957 7.39888 0.826911

3.41557 5.50888 3.84791
2.10257 6.74988 7.23391
-0.769431 8.96288 5.82391
-3.24243 6.77488 7.85791

-4.38043 4.14788 5.28091
-5.54843 1.87488 8.18391
-7.89943 4.50788 9.76591
-9.41243 5.29988 6.30391
-9.81843 1.53188 5.53991
-11.5564 0.835878 8.91091
-13.9514 3.78988 8.24791
-14.7834 2.64888 4.64491
-15.3824 -0.929122 5.91291
-17.4914 0.313878 8.91091
-19.7634 2.32488 6.52791

-20.4364 -1.14812 4.95691

-20.9204 -2.91312 8.43091
-24.4224 -4.06312 7.21991
-22.5864 -6.16212 4.51191
-20.1624 -8.07412 6.85991
-18.5174 -10.6191 7.61991

-15.3104 -8.65412 6.93791
-12.0874 -10.3431 5.71891
-8.77143 -8.53412 6.44691
-5.66843 -9.94512 4.67291
-2.36543 -8.56312 6.05291

1.41357 -9.22212 6.43591
2.04757 -12.0261 9.01691
3.60757 -9.51112 11.5429
0.774569 -6.84612 11.6489

-2.29443 -9.07412 12.4529
-2.43143 -7.95912 16.1249
-1.69043 -4.30812 15.0799
-4.90143 -4.51012 12.9559
-6.95043 -6.10312 15.8249
-5.80443 -3.28612 18.1789
-6.64543 -0.730122 15.4189
-10.2584 -2.09512 15.2099
-10.6184 -2.06612 19.0609
-9.13243 1.49388 19.1729
-11.3594 2.98888 16.4279

-14.6574 0.984878 16.6899
-15.3874 0.743878 20.5059
-18.9244 -0.415122 19.3979
-17.3004 -3.90712 18.8559
-16.5664 -6.49112 21.5669

-13.1684 -8.31012 21.3069
-15.1744 -11.5261 20.5299
-16.3164 -9.87312 17.2409

-12.6274 -10.0221 16.0259
-11.0414 -13.3301 14.9379
-7.21743 -13.2471 14.5309

-6.23843 -16.3221 12.4849
-2.85243 -17.5091 13.8219
-2.73743 -21.0431 12.2629
-3.94143 -23.0051 9.18491
-6.30543 -25.0261 11.5199
-8.32443 -22.0141 12.7669
-11.8884 -21.1231 11.6089
-11.6114 -18.1791 9.15091
-15.3524 -17.3081 9.72291
-15.4554 -17.3721 13.5769
-15.6444 -13.5381 13.9859
-17.6164 -10.6721 12.4449

-14.1244 -9.34612 11.4879
-11.6014 -12.0391 10.4149
-7.87243 -11.1041 10.2529
-5.54543 -13.5081 8.33691
-2.06543 -13.5011 6.74091

-1.19443 -13.9461 3.02691
0.706569 -17.2151 3.82491
-2.36943 -18.7521 5.56291
-4.83643 -17.9751 2.67191

-3.46243 -20.9211 0.589911
-3.82343 -23.2791 3.63291
-7.37943 -21.9461 4.29491
-8.55043 -22.0211 0.588911
-11.2674 -24.6211 1.49391
-12.7794 -22.0421 3.96191
-12.4914 -19.1001 1.43891
-15.6074 -20.6391 -0.272089
-17.7244 -18.6571 2.27491
-18.6304 -15.3431 0.501911
-16.9034 -12.4411 2.29191
-18.7724 -9.42112 0.809911

-16.2404 -6.88312 2.24191
-12.4724 -7.50412 1.87891
-9.54343 -5.35112 3.05191
-6.05343 -6.31612 1.80991

-3.19843 -4.44312 3.50891
0.122569 -4.07112 1.60091

-1.60243 -5.55812 -1.51909
1.69857 -5.41312 -3.51809
2.21157 -8.94812 -2.00609
-0.310431 -10.0721 -4.72609

1.90557 -8.64212 -7.60409
2.60257 -12.1151 -9.16109
-0.449431 -14.1891 -10.2861
1.46957 -17.5541 -10.1881
2.07757 -17.3221 -6.38909

-0.0874308 -19.4751 -4.05809
-1.10443 -16.3281 -2.03709
-2.36843 -14.6151 -5.24309
-4.12243 -17.7991 -6.55609
-5.99743 -18.1111 -3.19809
-6.84943 -14.3431 -2.88209
-8.00143 -13.5591 -6.47509
-11.2364 -15.7291 -6.55309
-12.4974 -13.9921 -3.34909
-11.5404 -10.4781 -4.61409
-13.4294 -11.0321 -7.93609
-16.6844 -12.1331 -6.12609

-16.6084 -9.85012 -3.01509
-18.9084 -6.74812 -3.25409

-16.3624 -4.32212 -1.65409
-12.5554 -4.55312 -2.17909
-10.3054 -2.12912 -0.260089
-6.68143 -2.66312 -1.37309
-3.96343 -0.727122 0.537911

-0.275431 -0.141122 -0.369089
2.46557 2.50588 0.0229108
4.17357 1.09488 -3.08709
1.46157 -0.428122 -5.38209
4.20057 -1.22712 -7.89509
7.61957 -2.16212 -6.42709
9.64257 -1.93312 -9.70609
7.50357 -2.39112 -12.9141

3.97757 -1.79412 -14.4341
3.31857 -5.60212 -14.6511
3.06157 -5.72412 -10.7731
-0.155431 -3.57612 -10.9291
-2.16443 -6.05212 -13.0781
-3.44043 -8.23212 -10.1641
-4.51743 -5.09812 -8.19309
-6.27443 -3.61212 -11.3081
-8.29543 -6.84412 -11.9261
-9.08143 -7.13212 -8.16409
-10.6404 -3.58912 -8.14609

-12.1434 -3.86012 -11.7221
-12.5284 -7.57612 -12.8071
-13.7084 -6.45712 -16.3301
-10.4714 -4.49612 -17.0581
-7.87343 -6.44212 -19.1421
-9.43643 -9.99112 -18.7791
-6.11243 -11.4231 -20.1211

-2.63743 -10.2251 -18.9791
-1.25543 -10.2281 -22.5821
-3.40243 -7.17312 -23.5801
-2.10143 -5.23712 -20.5091
1.49857 -6.40512 -21.2181
1.43557 -5.36812 -24.9341
0.225569 -1.84012 -23.9801
2.06057 -1.02612 -20.6921

4.95357 -3.55712 -20.3141
6.61257 -3.07412 -23.7921
5.96457 -6.78312 -24.4081

8.54157 -8.43012 -26.7391
8.29257 -11.7781 -28.5811
11.5726 -13.6211 -27.8241

12.5686 -17.1031 -29.2521
11.5186 -18.6701 -25.8651

8.16257 -16.7771 -25.4581
6.99857 -13.2941 -24.3641
9.08857 -10.8691 -22.2821

7.07757 -8.39812 -20.0881
10.0086 -6.78212 -18.1291
9.67757 -3.45512 -20.0221
7.45857 -0.368122 -19.6761
5.33057 1.69188 -22.1151
2.57557 4.38688 -22.1931

3.03557 5.10388 -18.4181
1.20457 8.50188 -18.5171
-1.89543 6.72588 -19.9741
-1.57043 4.01188 -17.2701
-1.38943 6.77988 -14.5771
-4.59743 8.41788 -15.9461
-6.43043 5.02288 -16.0551
-5.31843 4.19988 -12.4681
-6.37743 7.59788 -10.9811
-9.77943 7.64788 -12.7941
-10.9564 4.03888 -12.2591

-8.72543 2.03688 -9.79309

-6.59243 4.09488 -7.40909
-6.65043 6.98888 -4.93809

-3.04743 8.23088 -4.40509
-1.74043 11.2319 -2.41609
1.83457 12.0669 -1.44209

3.36057 13.5509 1.78591
3.97157 16.7549 -0.236089
0.216569 17.0039 -1.13609
-1.22343 16.6339 2.42391

1.58757 17.1289 5.04591
3.54857 20.3639 4.21491
4.96257 20.1269 7.81491
6.96757 16.8589 7.39891

10.7666 17.5529 7.38391
12.5196 16.8189 4.05991

14.1756 13.4489 3.31691
17.7916 14.2969 2.33891
19.3286 11.4069 0.336911
23.0076 10.9089 -0.610089
25.3696 8.29988 -2.01209
28.4106 7.60488 0.228911
31.2296 6.05088 -1.82609

33.0096 3.84988 0.764911
36.7246 3.66888 -0.0450892

37.7086 0.437878 -1.96809
41.3236 0.908878 -0.640089
40.2856 -1.28312 2.38191

39.2446 -4.07212 -0.103089
42.3826 -6.25312 -0.0370892

43.8886 -7.52612 -3.33509
42.5766 -11.1441 -2.79409
38.9546 -9.94612 -2.24309
39.2316 -7.61612 -5.30409
40.6606 -10.4611 -7.45609
37.7226 -12.6781 -6.27109
35.1766 -9.94312 -7.26909
36.9736 -9.54512 -10.6591
36.8866 -13.3711 -11.0901
33.1136 -13.6801 -10.3421
32.4256 -10.6281 -12.6101
34.3806 -12.3041 -15.4971
32.6066 -15.6171 -14.7061
29.1096 -14.0651 -15.2901
30.2006 -12.7341 -18.7611

31.6806 -16.0641 -20.0131
29.8506 -17.1621 -23.2181
29.9916 -20.9421 -22.6831
28.1206 -21.1031 -19.2981
24.5476 -22.3311 -18.7911

21.7516 -19.9441 -17.6371
22.0706 -21.6061 -14.1741
25.8926 -21.1471 -13.8851
25.3416 -17.4451 -14.8561
22.7526 -17.0921 -11.9811
25.1206 -18.9121 -9.54409
28.0696 -16.6201 -10.5011
25.7186 -13.5821 -10.0451
24.7036 -14.7841 -6.52109
28.4186 -15.3651 -5.71409
29.3886 -11.8441 -6.98609
26.5616 -10.3051 -4.87109
27.5166 -12.2541 -1.67309
31.2496 -11.3371 -2.24009
30.1996 -7.64712 -2.60009
28.5486 -7.83612 0.859911
31.7086 -9.41712 2.42891
34.0086 -6.85612 0.700911
32.0096 -3.88212 2.14691
31.9566 -5.07812 5.84491
35.2436 -3.32512 6.98191
34.3066 0.107878 5.50991
30.6216 -0.247122 6.54991
31.9626 -0.795122 10.1209
34.4346 2.14788 9.73391
31.5076 4.39888 8.65091
29.1956 3.24688 11.5409
32.0006 4.01488 14.0519
32.6546 7.46488 12.4269
28.9056 8.26188 12.9029
29.0326 7.25088 16.6279
32.3576 9.11588 17.2179

30.6996 12.1949 15.5349
28.2196 12.1799 18.5089
25.0506 10.8829 16.7179
22.3566 9.92988 19.2459
20.1036 7.58088 17.1219

20.3226 5.98588 13.6409
19.1546 2.90988 11.6699
21.5246 0.547878 9.79491
19.9386 -1.51912 6.99091
21.5596 -4.67412 5.51991

20.1776 -7.97512 4.04291
23.0556 -10.5191 4.09791

23.1866 -12.2031 7.55091
27.0496 -12.0011 7.60891
26.8196 -8.14412 7.36691
24.2166 -7.95912 10.2109
26.3776 -10.3941 12.2969
29.6426 -8.41212 11.7429
27.9656 -5.03312 12.5889
26.4126 -6.46212 15.8279
29.7486 -8.09512 16.8579
31.6906 -4.79212 16.4379
29.0046 -2.77912 18.3459
29.2226 -5.37012 21.2109
33.0846 -5.14612 21.0959

32.7966 -1.29112 21.3519
30.1286 -1.72312 24.1529
27.5506 0.236878 22.0509
23.9466 -0.450122 23.1199

21.9436 -1.44112 20.0089
18.8586 -3.40912 18.8429
18.7806 -6.12612 16.1269
15.7786 -7.22712 13.9829

16.0446 -9.94912 11.2849
14.2116 -13.0451 9.87091
14.7896 -14.9621 13.1799
13.3556 -12.2131 15.4959
9.84257 -13.2181 16.6849
6.67957 -11.1221 16.0289
6.30657 -10.0141 19.7169

10.0646 -9.37212 20.3039
10.0556 -7.14712 17.1369
7.49457 -4.81512 18.8009
9.34357 -4.87012 22.1849
12.7796 -4.08212 20.5769
11.0386 -1.31312 18.5539
9.70457 0.174878 21.8539
13.1816 -0.208122 23.5069
14.8296 1.80788 20.6389
11.9816 4.40788 20.6889
11.9076 4.97188 24.4999

15.5406 4.30888 25.6339
18.1246 7.09088 24.9479
20.9276 4.46288 25.3979
20.1166 2.45888 22.2199
22.0856 4.43988 19.5989

21.9436 1.91588 16.6859
19.1836 -0.255122 15.2069
20.6456 -3.11712 13.0769
17.7896 -4.02712 10.7039
17.2156 -6.55512 7.91591

15.9036 -4.65912 4.81491
13.4746 -7.56912 4.10591
12.4116 -8.41812 7.70291
11.9246 -4.82412 9.06991
10.2026 -3.29512 5.93691
6.74157 -3.76912 7.62491
4.74357 -2.81312 10.7759
7.51057 -1.04712 12.7709
7.95957 2.72488 13.4559
11.4126 4.26788 14.1649
10.5756 8.00288 14.6109
13.2856 8.33488 17.3639
16.0696 8.26988 14.6909
16.9536 11.0749 12.1939

19.4006 8.99788 10.0519
19.0916 5.83388 7.90991
22.2586 4.06688 6.62491
21.8816 1.43388 3.88091

25.0416 -0.689122 4.32491
23.8326 -2.70912 1.29391
21.8216 -1.90612 -1.85409
18.6286 -3.87112 -2.65009
17.5426 -4.42512 -6.31709
13.8966 -3.45312 -5.57209

13.3566 0.323878 -4.92409
9.88357 -0.224122 -3.36109
11.5846 -2.09112 -0.441089
14.2036 0.704878 -0.0260892
11.3666 3.33288 0.127911
9.48657 1.09288 2.66291
12.6646 1.08588 4.84291
13.1386 4.93688 4.61091

9.44057 5.41188 5.62891
10.1146 3.56488 8.91291
11.7356 6.84488 10.1779
9.80357 9.36688 8.03291
6.41957 8.87388 9.85691
3.87957 11.0479 11.7399
5.80357 11.9899 14.9369
9.11157 12.7619 13.1149
10.3406 16.3619 13.8289
13.8626 16.2929 12.2159
14.9656 16.2559 8.52991

15.5876 12.5749 7.70691
19.0776 11.7539 6.37491
19.3396 8.70288 4.03991
22.9006 7.45088 3.29891
23.4046 4.76688 0.586911
26.8246 3.07188 1.09491
28.3576 2.05588 -2.30809

31.7466 0.555878 -3.33009
33.4476 1.07488 -6.75909
34.5536 -2.29012 -8.28309
31.5306 -4.26512 -6.86509
27.8586 -5.26512 -7.49109

26.8466 -1.68112 -6.41209
28.1656 -0.337122 -9.79609
25.3856 -2.34512 -11.6061
22.6866 -2.26812 -8.87209
22.6506 1.54588 -8.45209
21.8396 2.38788 -12.1661
19.2546 -0.499122 -12.1161
17.5456 0.937878 -8.97209
17.5586 4.45088 -10.5891
15.8656 3.36788 -13.8711
13.2646 1.44288 -11.7561
12.4226 4.57788 -9.63709
12.0626 6.56988 -12.9091
9.58957 3.92488 -14.2741
7.66757 4.19088 -10.9421
7.68257 8.05488 -11.1061
6.45557 8.13888 -14.7761

3.58257 5.81688 -13.6591
2.78257 8.35888 -10.8141
3.85857 5.75788 -8.17009
6.87857 7.66488 -6.69409
8.05357 11.2799 -6.12209
11.5116 9.84088 -5.38709
13.9856 10.9769 -8.03209
17.4256 9.30488 -7.55909
19.3106 11.1109 -10.4481

20.3166 14.1999 -8.36609
22.3646 12.0109 -5.92309
24.7116 10.6939 -8.70209
25.5626 14.0909 -10.2611

26.8276 15.0499 -6.73109
29.3126 12.0769 -6.30809

End chain 1
