-13.201 -6.296 -53.957
-10.703 -3.406 -53.291
-9.54 -3.087 -49.639
-11.02 0.322 -48.639
-8.614 1.85 -46.053
-10.787 3.126 -43.162

-9.634 6.195 -41.181
-10.061 4.9 -37.589
-10.286 6.838 -34.306
-12.195 7.103 -30.979
-14.163 9.439 -28.711
-12.619 10.223 -25.263
-14.157 12.207 -22.344

-11.943 15.248 -21.466
-14.301 16.978 -18.949
-17.827 16.65 -17.399
-19.139 18.761 -20.353

-16.752 17.96 -23.312
-15.482 14.956 -25.281
-12.62 14.751 -27.824
-12.437 12.939 -31.204
-8.982 11.264 -31.393
-8.672 10.357 -35.1

-6.282 10.744 -38.079
-6.98 13.557 -40.6
-9.895 13.022 -43.051

-11.208 15.853 -45.293
-14.92 14.856 -45.011
-14.611 14.37 -41.226
-13.015 17.857 -40.827
-15.875 19.254 -42.999
-18.403 17.482 -40.669
-16.559 18.759 -37.515
-16.844 22.341 -38.957

-20.697 21.797 -39.029
-20.861 21.033 -35.24
-22.116 23.933 -33.104
-20.016 23.255 -29.939
-16.791 22.621 -31.971

-13.393 23.436 -30.391
-10.011 22.816 -32.063
-6.805 22.812 -29.99

-3.883 23.919 -32.209
-1.328 22.314 -29.773
-2.753 18.736 -29.691
-4.334 19.137 -33.217

-7.578 17.622 -31.79
-11.313 18.386 -31.995
-13.683 18.544 -28.991
-17.466 19.001 -28.65
-20.131 19.402 -25.91

-21.257 16.038 -24.476
-24.923 16.743 -25.497
-23.731 16.722 -29.178
-22.178 13.179 -28.839
-25.228 11.354 -30.322
-25.57 14.044 -33.093
-21.852 13.682 -34.021
-21.815 9.829 -34.037
-25.045 9.774 -36.128
-23.507 12.176 -38.75
-20.093 10.348 -38.803

-21.793 6.948 -39.527
-22.962 8.546 -42.834
-19.328 9.196 -43.991
-17.677 6.563 -46.261
-14.251 5.2 -45.121

-14.46 6.789 -41.562
-14.765 4.819 -38.279
-15.142 6.964 -35.114
-15.663 4.659 -32.101

-18.218 6.249 -29.657
-17.862 6.903 -25.912
-18.35 3.469 -24.195
-21.794 2.549 -22.772
-20.235 2.829 -19.255
-19.534 6.58 -19.812
-22.964 7.196 -21.431
-24.623 5.531 -18.378
-22.42 7.523 -15.909

-23.028 10.919 -17.654
-26.668 10.153 -18.714
-27.851 13.482 -17.123

-25.214 15.594 -18.963
-26 13.8 -22.296
-29.631 15.147 -21.909

-29.014 18.802 -20.797
-28.522 21.656 -23.337
-27.494 23.803 -20.296
-24.374 24.206 -18.108
-26.03 23.63 -14.722
-23.195 22.587 -12.38
-23.731 19.355 -10.334

-27.219 19.392 -8.694
-26.798 20.208 -4.988
-26.578 17.032 -2.906
-29.814 16.999 -0.82
-29.276 16.946 2.956
-30.305 13.551 4.343

-32.727 13.25 7.268
-30.389 11.851 9.975
-33.077 12.019 12.787
-33.159 8.159 12.923
-29.32 8.149 13.454
-27.82 8.306 16.969

-27.52 12.074 17.913
-23.991 11.509 19.371
-22.796 10.469 15.867
-24.731 13.185 13.93
-23.402 16.008 16.22
-19.738 14.82 15.861

-19.687 14.822 11.995
-17.445 17.587 10.586

-19.106 19.692 7.763
-17.231 17.783 4.996
-18.064 14.402 6.666
-21.796 15.407 6.677
-21.562 16.318 2.947
-19.943 12.855 2.346
-22.788 11.075 4.244
-25.363 13.084 2.191
-23.555 12.165 -1.104
-23.43 8.459 -0.115
-27.196 8.491 0.728
-28.024 10.343 -2.565

-25.973 7.645 -4.472
-28.214 5.048 -2.67
-25.512 3.7 -0.27

-23.352 2.353 -3.174
-19.956 4.118 -3.237
-16.209 4.012 -2.721
-15.295 6.541 0.021

-11.694 7.195 -1.128

-11.135 10.189 1.225
-7.504 10.605 2.377

-6.048 8.715 5.398
-7.361 9.956 8.784
-10.233 12.169 7.374
-12.706 9.981 9.408

-13.844 7.354 6.831
-15.012 5.081 9.734
-17.363 7.714 11.316
-18.876 8.506 7.854
-19.282 4.738 7.09
-21.02 4.042 10.461
-23.415 6.996 9.798
-24.247 5.855 6.195
-24.846 2.277 7.463
-26.955 3.52 10.461
-29.227 5.531 8.078

-29.9 2.058 6.507

-30.384 0.293 9.981
-33.886 -0.857 8.77
-32.05 -2.956 6.062
-29.626 -4.868 8.41
-27.981 -7.413 9.17

-24.774 -5.448 8.488
-21.551 -7.137 7.269
-18.235 -5.328 7.997
-15.132 -6.739 6.223
-11.829 -5.357 7.603

-8.05 -6.016 7.986
-7.416 -8.82 10.567
-5.856 -6.305 13.093
-8.689 -3.64 13.199

-11.758 -5.868 14.003
-11.895 -4.753 17.675
-11.154 -1.102 16.63
-14.365 -1.304 14.506
-16.414 -2.897 17.375
-15.268 -0.08 19.729
-16.109 2.476 16.969
-19.722 1.111 16.76
-20.082 1.14 20.611
-18.596 4.7 20.723
-20.823 6.195 17.978

-24.121 4.191 18.24
-24.851 3.95 22.056
-28.388 2.791 20.948
-26.764 -0.701 20.406
-26.03 -3.285 23.117

-22.632 -5.104 22.857
-24.638 -8.32 22.08
-25.78 -6.667 18.791

-22.091 -6.816 17.576
-20.505 -10.124 16.488
-16.681 -10.041 16.081

-15.702 -13.116 14.035
-12.316 -14.303 15.372
-12.201 -17.837 13.813
-13.405 -19.799 10.735
-15.769 -21.82 13.07
-17.788 -18.808 14.317
-21.352 -17.917 13.159
-21.075 -14.973 10.701
-24.816 -14.102 11.273
-24.919 -14.166 15.127
-25.108 -10.332 15.536
-27.08 -7.466 13.995

-23.588 -6.14 13.038
-21.065 -8.833 11.965
-17.336 -7.898 11.803
-15.009 -10.302 9.887
-11.529 -10.295 8.291

-10.658 -10.74 4.577
-8.757 -14.009 5.375
-11.833 -15.546 7.113
-14.3 -14.769 4.222

-12.926 -17.715 2.14
-13.287 -20.073 5.183
-16.843 -18.74 5.845
-18.014 -18.815 2.139
-20.731 -21.415 3.044
-22.243 -18.836 5.512
-21.955 -15.894 2.989
-25.071 -17.433 1.278
-27.188 -15.451 3.825
-28.094 -12.137 2.052
-26.367 -9.235 3.842
-28.236 -6.215 2.36

-25.704 -3.677 3.792
-21.936 -4.298 3.429
-19.007 -2.145 4.602
-15.517 -3.11 3.36

-12.662 -1.237 5.059
-9.341 -0.865 3.151

-11.066 -2.352 0.031
-7.765 -2.207 -1.968
-7.252 -5.742 -0.456
-9.774 -6.866 -3.176

-7.558 -5.436 -6.054
-6.861 -8.909 -7.611
-9.913 -10.983 -8.736
-7.994 -14.348 -8.638
-7.386 -14.116 -4.839

-9.551 -16.269 -2.508
-10.568 -13.122 -0.487
-11.832 -11.409 -3.693
-13.586 -14.593 -5.006
-15.461 -14.905 -1.648
-16.313 -11.137 -1.332
-17.465 -10.353 -4.925
-20.7 -12.523 -5.003
-21.961 -10.786 -1.799
-21.004 -7.272 -3.064
-22.893 -7.826 -6.386
-26.148 -8.927 -4.576

-26.072 -6.644 -1.465
-28.372 -3.542 -1.704

-25.826 -1.116 -0.104
-22.019 -1.347 -0.629
-19.769 1.077 1.29
-16.145 0.543 0.177
-13.427 2.479 2.088

-9.739 3.065 1.181
-6.998 5.712 1.573
-5.29 4.301 -1.537
-8.002 2.778 -3.832
-5.263 1.979 -6.345
-1.844 1.044 -4.877
0.179 1.273 -8.156
-1.96 0.815 -11.364

-5.486 1.412 -12.884
-6.145 -2.396 -13.101
-6.402 -2.518 -9.223
-9.619 -0.37 -9.379
-11.628 -2.846 -11.528
-12.904 -5.026 -8.614
-13.981 -1.892 -6.643
-15.738 -0.406 -9.758
-17.759 -3.638 -10.376
-18.545 -3.926 -6.614
-20.104 -0.383 -6.596

-21.607 -0.654 -10.172
-21.992 -4.37 -11.257
-23.172 -3.251 -14.78
-19.935 -1.29 -15.508
-17.337 -3.236 -17.592
-18.9 -6.785 -17.229
-15.576 -8.217 -18.571

-12.101 -7.019 -17.429
-10.719 -7.022 -21.032
-12.866 -3.967 -22.03
-11.565 -2.031 -18.959
-7.965 -3.199 -19.668
-8.028 -2.162 -23.384
-9.238 1.366 -22.43
-7.403 2.18 -19.142

-4.51 -0.351 -18.764
-2.851 0.132 -22.242
-3.499 -3.577 -22.858

-0.922 -5.224 -25.189
-1.171 -8.572 -27.031
2.109 -10.415 -26.274

3.105 -13.897 -27.702
2.055 -15.464 -24.315

-1.301 -13.571 -23.908
-2.465 -10.088 -22.814
-0.375 -7.663 -20.732

-2.386 -5.192 -18.538
0.545 -3.576 -16.579
0.214 -0.249 -18.472
-2.005 2.838 -18.126
-4.133 4.898 -20.565
-6.888 7.593 -20.643

-6.428 8.31 -16.868
-8.259 11.708 -16.967
-11.359 9.932 -18.424
-11.034 7.218 -15.72
-10.853 9.986 -13.027
-14.061 11.624 -14.396
-15.894 8.229 -14.505
-14.782 7.406 -10.918
-15.841 10.804 -9.431
-19.243 10.854 -11.244
-20.42 7.245 -10.709

-18.189 5.243 -8.243

-16.056 7.301 -5.859
-16.114 10.195 -3.388

-12.511 11.437 -2.855
-11.204 14.438 -0.866
-7.629 15.273 0.108

-6.103 16.757 3.336
-5.492 19.961 1.314
-9.247 20.21 0.414
-10.687 19.84 3.974

-8.14773 22.7059 4.46079
-4.79778 24.448 4.2319
-1.21746 25.6534 4.99207
-1.29281 29.2269 3.91131

-3.44232 30.89 6.5677
-0.366898 32.2142 8.36525

1.2891 28.8442 7.62225
4.9051 29.6922 6.64425
6.4421 26.8022 4.64225
10.1211 26.3042 3.69525
12.4831 23.6952 2.29325
15.5241 23.0002 4.53425
18.3431 21.4462 2.47925

20.1231 19.2452 5.07025
23.8381 19.0642 4.26025

24.8221 15.8332 2.33725
28.4371 16.3042 3.66525
27.3991 14.1122 6.68725

26.3581 11.3232 4.20225
29.4961 9.14223 4.26825

31.0021 7.86923 0.970249
29.6901 4.25123 1.51125
26.0681 5.44923 2.06225
26.3451 7.77923 -0.998751
27.7741 4.93423 -3.15075
24.8361 2.71723 -1.96575
22.2901 5.45223 -2.96375
24.0871 5.85023 -6.35375
24.0001 2.02423 -6.78475
20.2271 1.71523 -6.03675
19.5391 4.76723 -8.30475
21.4941 3.09123 -11.1918
19.7201 -0.221774 -10.4008
16.2231 1.33023 -10.9848
17.3141 2.66123 -14.4558

18.7941 -0.668774 -15.7078
16.9641 -1.76677 -18.9128
17.1051 -5.54677 -18.3778
15.2341 -5.70777 -14.9928
11.6611 -6.93577 -14.4858

8.8651 -4.54877 -13.3318
9.1841 -6.21077 -9.86875
13.0061 -5.75177 -9.57975
12.4551 -2.04977 -10.5508
9.8661 -1.69677 -7.67575
12.2341 -3.51677 -5.23875
15.1831 -1.22477 -6.19575
12.8321 1.81323 -5.73975
11.8171 0.611226 -2.21575
15.5321 0.0302259 -1.40875
16.5021 3.55123 -2.68075
13.6751 5.09023 -0.565751
14.6301 3.14123 2.63225
18.3631 4.05823 2.06525
17.3131 7.74823 1.70525
15.6621 7.55923 5.16525
18.8221 5.97823 6.73425
21.1221 8.53923 5.00625
19.1231 11.5132 6.45225
19.0701 10.3172 10.1502
22.3571 12.0702 11.2872
21.4201 15.5032 9.81525
17.7351 15.1482 10.8552
19.0761 14.6002 14.4262
21.5481 17.5432 14.0392
18.6211 19.7942 12.9562
16.3091 18.6422 15.8462
19.1141 19.4102 18.3572
19.7681 22.8602 16.7322
16.0191 23.6572 17.2082
16.1461 22.6462 20.9332
19.4711 24.5112 21.5232

17.8131 27.5902 19.8402
15.3331 27.5752 22.8142
12.1641 26.2782 21.0232
9.4701 25.3252 23.5512
7.2171 22.9762 21.4272

7.4361 21.3812 17.9462
6.2681 18.3052 15.9752
8.6381 15.9432 14.1002
7.0521 13.8762 11.2962
8.6731 10.7212 9.82525

7.2911 7.42023 8.34825
10.1691 4.87623 8.40325

10.3001 3.19223 11.8562
14.1631 3.39423 11.9142
13.9331 7.25123 11.6722
11.3301 7.43623 14.5162
13.4911 5.00123 16.6022
16.7561 6.98323 16.0482
15.0791 10.3622 16.8942
13.5261 8.93323 20.1332
16.8621 7.30023 21.1632
18.8041 10.6032 20.7432
16.1181 12.6162 22.6512
16.3361 10.0252 25.5162
20.1981 10.2492 25.4012

19.9101 14.1042 25.6572
17.2421 13.6722 28.4582
14.6641 15.6322 26.3562
11.0601 14.9452 27.4252

9.0571 13.9542 24.3142
5.9721 11.9862 23.1482
5.8941 9.26923 20.4322
2.8921 8.16823 18.2882

3.1581 5.44623 15.5902
1.3251 2.35023 14.1762
1.9031 0.433226 17.4852
0.469102 3.18223 19.8012
-3.0439 2.17723 20.9902
-6.2069 4.27323 20.3342
-6.5799 5.38123 24.0222

-2.8219 6.02323 24.6092
-2.8309 8.24823 21.4422
-5.3919 10.5802 23.1062
-3.5429 10.5252 26.4902
-0.106898 11.3132 24.8822
-1.8479 14.0822 22.8592
-3.1819 15.5702 26.1592
0.295102 15.1872 27.8122
1.9431 17.2032 24.9442
-0.904898 19.8032 24.9942
-0.978898 20.3672 28.8052

2.6541 19.7042 29.9392
5.2381 22.4862 29.2532
8.0411 19.8582 29.7032
7.2301 17.8542 26.5252
9.1991 19.8352 23.9042

9.0571 17.3112 20.9912
6.2971 15.1402 19.5122
7.7591 12.2782 17.3822
4.9031 11.3682 15.0092
4.3291 8.84023 12.2212

3.0171 10.7362 9.12025
0.588102 7.82623 8.41125
-0.474898 6.97723 12.0082
-0.961898 10.5712 13.3752
-2.6839 12.1002 10.2422
-6.1449 11.6262 11.9302
-8.1429 12.5822 15.0812
-5.3759 14.3482 17.0762
-4.9269 18.1202 17.7612
-1.4739 19.6632 18.4702
-2.3109 23.3982 18.9162
0.399102 23.7302 21.6692
3.1831 23.6652 18.9962
4.0671 26.4702 16.4992

6.5141 24.3932 14.3572
6.2051 21.2292 12.2152
9.3721 19.4622 10.9302
8.9951 16.8292 8.18625

12.1551 14.7062 8.63025
10.9461 12.6862 5.59925
8.9351 13.4892 2.45125
5.7421 11.5242 1.65525
4.6561 10.9702 -2.01175
1.0101 11.9422 -1.26675

0.470102 15.7192 -0.618751
-3.0029 15.1712 0.944249
-1.3019 13.3042 3.86425
1.3171 16.1002 4.27925
-1.5199 18.7282 4.43325
-3.3999 16.4882 6.96825
-0.221898 16.4812 9.14825
0.252102 20.3322 8.91625

-3.4459 20.8072 9.93425
-2.7719 18.9602 13.2182
-1.1509 22.2402 14.4832
-3.0829 24.7622 12.3382
-6.4669 24.2692 14.1622
-9.0069 26.4432 16.0452
-7.0829 27.3852 19.2422
-3.7749 28.1572 17.4202
-2.5459 31.7572 18.1342
0.976102 31.6882 16.5212
2.0791 31.6512 12.8352

2.7011 27.9702 12.0122
6.1911 27.1492 10.6802
6.4531 24.0982 8.34525
10.0141 22.8462 7.60425
10.5181 20.1622 4.89225
13.9381 18.4672 5.40025
15.4711 17.4512 1.99725

18.8601 15.9512 0.975249
20.5611 16.4702 -2.45375
21.6671 13.1052 -3.97775
18.6441 11.1302 -2.55975
14.9721 10.1302 -3.18575

13.9601 13.7142 -2.10675
15.2791 15.0582 -5.49075
12.4991 13.0502 -7.30075
9.8001 13.1272 -4.56675
9.7641 16.9412 -4.14675
8.9531 17.7832 -7.86075
6.3681 14.8962 -7.81075
4.6591 16.3332 -4.66675
4.6721 19.8462 -6.28375
2.9791 18.7632 -9.56575
0.378102 16.8382 -7.45075
-0.463898 19.9732 -5.33175
-0.823898 21.9652 -8.60375
-3.2969 19.3202 -9.96875
-5.2189 19.5862 -6.63675
-5.2039 23.4502 -6.80075
-6.4309 23.5342 -10.4708

-9.3039 21.2122 -9.35375
-10.1039 23.7542 -6.50875
-9.0279 21.1532 -3.86475
-6.0079 23.0602 -2.38875
-4.8329 26.6752 -1.81675
-1.3749 25.2362 -1.08175
1.0991 26.3722 -3.72675
4.5391 24.7002 -3.25375
6.4241 26.5062 -6.14275

7.4301 29.5952 -4.06075
9.4781 27.4062 -1.61775
11.8251 26.0892 -4.39675
12.6761 29.4862 -5.95575

13.9411 30.4452 -2.42575
16.4261 27.4722 -2.00275

End chain 1
