-13.201 -6.296 -53.957
-10.703 -3.406 -53.291
-9.54 -3.087 -49.639
-11.02 0.322 -48.639
-8.614 1.85 -46.053
-10.787 3.126 -43.162

-9.634 6.195 -41.181
-10.061 4.9 -37.589
-10.286 6.838 -34.306
-12.195 7.103 -30.979
-14.163 9.439 -28.711
-12.619 10.223 -25.263
-14.157 12.207 -22.344

-11.943 15.248 -21.466
-14.301 16.978 -18.949
-17.827 16.65 -17.399
-19.139 18.761 -20.353

-16.752 17.96 -23.312
-15.482 14.956 -25.281
-12.62 14.751 -27.824
-12.437 12.939 -31.204
-8.982 11.264 -31.393
-8.672 10.357 -35.1

-6.282 10.744 -38.079
-6.98 13.557 -40.6
-9.895 13.022 -43.051

-11.208 15.853 -45.293
-14.92 14.856 -45.011
-14.611 14.37 -41.226
-13.015 17.857 -40.827
-15.875 19.254 -42.999
-18.403 17.482 -40.669
-16.559 18.759 -37.515
-16.844 22.341 -38.957

-20.697 21.797 -39.029
-20.861 21.033 -35.24
-22.116 23.933 -33.104
-20.016 23.255 -29.939
-16.791 22.621 -31.971

-13.393 23.436 -30.391
-10.011 22.816 -32.063
-6.805 22.812 -29.99

-3.883 23.919 -32.209
-1.328 22.314 -29.773
-2.753 18.736 -29.691
-4.334 19.137 -33.217

-7.578 17.622 -31.79
-11.313 18.386 -31.995
-13.683 18.544 -28.991
-17.466 19.001 -28.65
-20.131 19.402 -25.91

-21.257 16.038 -24.476
-24.923 16.743 -25.497
-23.731 16.722 -29.178
-22.178 13.179 -28.839
-25.228 11.354 -30.322
-25.57 14.044 -33.093
-21.852 13.682 -34.021
-21.815 9.829 -34.037
-25.045 9.774 -36.128
-23.507 12.176 -38.75
-20.093 10.348 -38.803

-21.793 6.948 -39.527
-22.962 8.546 -42.834
-19.328 9.196 -43.991
-17.677 6.563 -46.261
-14.251 5.2 -45.121

-14.46 6.789 -41.562
-14.765 4.819 -38.279
-15.142 6.964 -35.114
-15.663 4.659 -32.101

-18.218 6.249 -29.657
-17.862 6.903 -25.912
-18.35 3.469 -24.195
-21.794 2.549 -22.772
-20.235 2.829 -19.255
-19.534 6.58 -19.812
-22.964 7.196 -21.431
-24.623 5.531 -18.378
-22.42 7.523 -15.909

-23.028 10.919 -17.654
-26.668 10.153 -18.714
-27.851 13.482 -17.123

-25.214 15.594 -18.963
-26 13.8 -22.296
-29.631 15.147 -21.909

-29.014 18.802 -20.797
-28.522 21.656 -23.337
-27.494 23.803 -20.296
-24.374 24.206 -18.108
-26.03 23.63 -14.722
-23.195 22.587 -12.38
-23.731 19.355 -10.334

-27.219 19.392 -8.694
-26.798 20.208 -4.988
-26.578 17.032 -2.906
-29.814 16.999 -0.82
-29.276 16.946 2.956
-30.305 13.551 4.343

-32.727 13.25 7.268
-30.389 11.851 9.975
-33.077 12.019 12.787
-33.159 8.159 12.923
-29.32 8.149 13.454
-27.82 8.306 16.969

-27.52 12.074 17.913
-23.991 11.509 19.371
-22.796 10.469 15.867
-24.731 13.185 13.93
-23.402 16.008 16.22
-19.738 14.82 15.861

-19.687 14.822 11.995
-17.445 17.587 10.586

-19.106 19.692 7.763
-17.231 17.783 4.996
-18.064 14.402 6.666
-21.796 15.407 6.677
-21.562 16.318 2.947
-19.943 12.855 2.346
-22.788 11.075 4.244
-25.363 13.084 2.191
-23.555 12.165 -1.104
-23.43 8.459 -0.115
-27.196 8.491 0.728
-28.024 10.343 -2.565

-25.973 7.645 -4.472
-28.214 5.048 -2.67
-25.512 3.7 -0.27

-23.352 2.353 -3.174
-19.956 4.118 -3.237
-16.209 4.012 -2.721
-15.295 6.541 0.021

-11.694 7.195 -1.128

-11.135 10.189 1.225
-7.504 10.605 2.377

-6.048 8.715 5.398
-7.361 9.956 8.784
-10.233 12.169 7.374
-12.706 9.981 9.408

-13.844 7.354 6.831
-15.012 5.081 9.734
-17.363 7.714 11.316
-18.876 8.506 7.854
-19.282 4.738 7.09
-21.02 4.042 10.461
-23.415 6.996 9.798
-24.247 5.855 6.195
-24.846 2.277 7.463
-26.955 3.52 10.461
-29.227 5.531 8.078

-29.9 2.058 6.507

-30.384 0.293 9.981
-33.886 -0.857 8.77
-32.05 -2.956 6.062
-29.626 -4.868 8.41
-27.981 -7.413 9.17

-24.774 -5.448 8.488
-21.551 -7.137 7.269
-18.235 -5.328 7.997
-15.132 -6.739 6.223
-11.829 -5.357 7.603

-8.05 -6.016 7.986
-7.416 -8.82 10.567
-5.856 -6.305 13.093
-8.689 -3.64 13.199

-11.758 -5.868 14.003
-11.895 -4.753 17.675
-11.154 -1.102 16.63
-14.365 -1.304 14.506
-16.414 -2.897 17.375
-15.268 -0.08 19.729
-16.109 2.476 16.969
-19.722 1.111 16.76
-20.082 1.14 20.611
-18.596 4.7 20.723
-20.823 6.195 17.978

-24.121 4.191 18.24
-24.851 3.95 22.056
-28.388 2.791 20.948
-26.764 -0.701 20.406
-26.03 -3.285 23.117

-22.632 -5.104 22.857
-24.638 -8.32 22.08
-25.78 -6.667 18.791

-22.091 -6.816 17.576
-20.505 -10.124 16.488
-16.681 -10.041 16.081

-15.702 -13.116 14.035
-12.316 -14.303 15.372
-12.201 -17.837 13.813
-13.405 -19.799 10.735
-15.769 -21.82 13.07
-17.788 -18.808 14.317
-21.352 -17.917 13.159
-21.075 -14.973 10.701
-24.816 -14.102 11.273
-24.919 -14.166 15.127
-25.108 -10.332 15.536
-27.08 -7.466 13.995

-23.588 -6.14 13.038
-21.065 -8.833 11.965
-17.336 -7.898 11.803
-15.009 -10.302 9.887
-11.529 -10.295 8.291

-10.658 -10.74 4.577
-8.757 -14.009 5.375
-11.833 -15.546 7.113
-14.3 -14.769 4.222

-12.926 -17.715 2.14
-13.287 -20.073 5.183
-16.843 -18.74 5.845
-18.014 -18.815 2.139
-20.731 -21.415 3.044
-22.243 -18.836 5.512
-21.955 -15.894 2.989
-25.071 -17.433 1.278
-27.188 -15.451 3.825
-28.094 -12.137 2.052
-26.367 -9.235 3.842
-28.236 -6.215 2.36

-25.704 -3.677 3.792
-21.936 -4.298 3.429
-19.007 -2.145 4.602
-15.517 -3.11 3.36

-12.662 -1.237 5.059
-9.341 -0.865 3.151

-11.066 -2.352 0.031
-7.765 -2.207 -1.968
-7.252 -5.742 -0.456
-9.774 -6.866 -3.176

-7.558 -5.436 -6.054
-6.861 -8.909 -7.611
-9.913 -10.983 -8.736
-7.994 -14.348 -8.638
-7.386 -14.116 -4.839

-9.551 -16.269 -2.508
-10.568 -13.122 -0.487
-11.832 -11.409 -3.693
-13.586 -14.593 -5.006
-15.461 -14.905 -1.648
-16.313 -11.137 -1.332
-17.465 -10.353 -4.925
-20.7 -12.523 -5.003
-21.961 -10.786 -1.799
-21.004 -7.272 -3.064
-22.893 -7.826 -6.386
-26.148 -8.927 -4.576

-26.072 -6.644 -1.465
-28.372 -3.542 -1.704

-25.826 -1.116 -0.104
-22.019 -1.347 -0.629
-19.769 1.077 1.29
-16.145 0.543 0.177
-13.427 2.479 2.088

-9.739 3.065 1.181
-6.998 5.712 1.573
-5.29 4.301 -1.537
-8.002 2.778 -3.832
-5.263 1.979 -6.345
-1.844 1.044 -4.877
0.179 1.273 -8.156
-1.96 0.815 -11.364

-5.486 1.412 -12.884
-6.145 -2.396 -13.101
-6.402 -2.518 -9.223
-9.619 -0.37 -9.379
-11.628 -2.846 -11.528
-12.904 -5.026 -8.614
-13.981 -1.892 -6.643
-15.738 -0.406 -9.758
-17.759 -3.638 -10.376
-18.545 -3.926 -6.614
-20.104 -0.383 -6.596

-21.607 -0.654 -10.172
-21.992 -4.37 -11.257
-23.172 -3.251 -14.78
-19.935 -1.29 -15.508
-17.337 -3.236 -17.592
-18.9 -6.785 -17.229
-15.576 -8.217 -18.571

-12.101 -7.019 -17.429
-10.719 -7.022 -21.032
-12.866 -3.967 -22.03
-11.565 -2.031 -18.959
-7.965 -3.199 -19.668
-8.028 -2.162 -23.384
-9.238 1.366 -22.43
-7.403 2.18 -19.142

-4.74784 0.281788 -21.0509
-1.12928 0.146287 -22.3398
2.20407 -0.192102 -24.2957

4.96923 1.76121 -22.542
8.60563 2.74622 -23.2947
9.62114 6.13528 -22.0538

10.6171 2.65328 -23.4818
9.56714 1.08628 -20.0948

6.21114 2.97928 -19.6878
5.04714 6.46228 -18.5938
7.13714 8.88728 -16.5118

5.12614 11.3583 -14.3178
8.05714 12.9743 -12.3588
7.72614 16.3013 -14.2518
5.50714 19.3883 -13.9058
3.37914 21.4483 -16.3448
0.624135 24.1433 -16.4228

1.08414 24.8603 -12.6478
-0.746865 28.2583 -12.7468
-3.84686 26.4823 -14.2038
-3.52186 23.7683 -11.4998
-3.34086 26.5363 -8.80684
-6.54886 28.1743 -10.1758
-8.38186 24.7793 -10.2848
-7.26986 23.9563 -6.69784
-8.32886 27.3543 -5.21084
-11.7309 27.4043 -7.02384
-12.9079 23.7953 -6.48884

-10.6769 21.7933 -4.02284

-8.54386 23.8513 -1.63884
-8.60186 26.7453 0.83216

-4.99886 27.9873 1.36516
-3.69186 30.9883 3.35416
-0.116865 31.8233 4.32816

1.40914 33.3073 7.55616
2.02014 36.5113 5.53416
-1.73486 36.7603 4.63416
-3.17486 36.3903 8.19416

-0.363865 36.8853 10.8162
1.59714 40.1203 9.98516
3.01114 39.8833 13.5852
5.01614 36.6153 13.1692

8.81514 37.3093 13.1542
10.5681 36.5753 9.83016

12.2241 33.2053 9.08716
15.8401 34.0533 8.10916
17.3771 31.1633 6.10716
21.0561 30.6653 5.16016
23.4181 28.0563 3.75816
26.4591 27.3613 5.99916
29.2781 25.8073 3.94416

31.0581 23.6063 6.53516
34.7731 23.4253 5.72516

35.7571 20.1943 3.80216
39.3721 20.6653 5.13016
38.3341 18.4733 8.15216

37.2931 15.6843 5.66716
40.4311 13.5033 5.73316

41.9371 12.2303 2.43516
40.6251 8.61228 2.97616
37.0031 9.81028 3.52716
37.2801 12.1403 0.46616
38.7091 9.29528 -1.68584
35.7711 7.07828 -0.50084
33.2251 9.81328 -1.49884
35.0221 10.2113 -4.88884
34.9351 6.38528 -5.31984
31.1621 6.07628 -4.57184
30.4741 9.12828 -6.83984
32.4291 7.45228 -9.72684
30.6551 4.13928 -8.93584
27.1581 5.69128 -9.51984
28.2491 7.02228 -12.9908

29.7291 3.69228 -14.2428
27.8991 2.59428 -17.4478
28.0401 -1.18572 -16.9128
26.1691 -1.34672 -13.5278
22.5961 -2.57472 -13.0208

19.8001 -0.187718 -11.8668
20.1191 -1.84972 -8.40384
23.9411 -1.39072 -8.11484
23.3901 2.31128 -9.08584
20.8011 2.66428 -6.21084
23.1691 0.844282 -3.77384
26.1181 3.13628 -4.73084
23.7671 6.17428 -4.27484
22.7521 4.97228 -0.75084
26.4671 4.39128 0.0561604
27.4371 7.91228 -1.21584
24.6101 9.45128 0.89916
25.5651 7.50228 4.09716
29.2981 8.41928 3.53016
28.2481 12.1093 3.17016
26.5971 11.9203 6.63016
29.7571 10.3393 8.19916
32.0571 12.9003 6.47116
30.0581 15.8743 7.91716
30.0051 14.6783 11.6152
33.2921 16.4313 12.7522
32.3551 19.8643 11.2802
28.6701 19.5093 12.3202
30.0111 18.9613 15.8912
32.4831 21.9043 15.5042
29.5561 24.1553 14.4212
27.2441 23.0033 17.3112
30.0491 23.7713 19.8222
30.7031 27.2213 18.1972
26.9541 28.0183 18.6732
27.0811 27.0073 22.3982
30.4061 28.8723 22.9882

28.7481 31.9513 21.3052
26.2681 31.9363 24.2792
23.0991 30.6393 22.4882
20.4051 29.6863 25.0162
18.1521 27.3373 22.8922

18.3711 25.7423 19.4112
17.2031 22.6663 17.4402
19.5731 20.3043 15.5652
17.9871 18.2373 12.7612
19.6081 15.0823 11.2902

18.2261 11.7813 9.81316
21.1041 9.23728 9.86816

21.2351 7.55328 13.3212
25.0981 7.75528 13.3792
24.8681 11.6123 13.1372
22.2651 11.7973 15.9812
24.4261 9.36228 18.0672
27.6911 11.3443 17.5132
26.0141 14.7233 18.3592
24.4611 13.2943 21.5982
27.7971 11.6613 22.6282
29.7391 14.9643 22.2082
27.0531 16.9773 24.1162
27.2711 14.3863 26.9812
31.1331 14.6103 26.8662

30.8451 18.4653 27.1222
28.1771 18.0333 29.9232
25.5991 19.9933 27.8212
21.9951 19.3063 28.8902

19.9921 18.3153 25.7792
16.9071 16.3473 24.6132
16.8291 13.6303 21.8972
13.8271 12.5293 19.7532

14.0931 9.80728 17.0552
12.2601 6.71128 15.6412
12.8381 4.79428 18.9502
11.4041 7.54328 21.2662
7.89114 6.53828 22.4552
4.72814 8.63428 21.7992
4.35514 9.74228 25.4872

8.11314 10.3843 26.0742
8.10414 12.6093 22.9072
5.54314 14.9413 24.5712
7.39214 14.8863 27.9552
10.8281 15.6743 26.3472
9.08714 18.4433 24.3242
7.75314 19.9313 27.6242
11.2301 19.5483 29.2772
12.8781 21.5643 26.4092
10.0301 24.1643 26.4592
9.95614 24.7283 30.2702

13.5891 24.0653 31.4042
16.1731 26.8473 30.7182
18.9761 24.2193 31.1682
18.1651 22.2153 27.9902
20.1341 24.1963 25.3692

19.9921 21.6723 22.4562
17.2321 19.5013 20.9772
18.6941 16.6393 18.8472
15.8381 15.7293 16.4742
15.2641 13.2013 13.6862

13.9521 15.0973 10.5852
11.5231 12.1873 9.87616
10.4601 11.3383 13.4732
9.97314 14.9323 14.8402
8.25114 16.4613 11.7072
4.79014 15.9873 13.3952
2.79214 16.9433 16.5462
5.55914 18.7093 18.5412
6.00814 22.4813 19.2262
9.46114 24.0243 19.9352
8.62414 27.7593 20.3812
11.3341 28.0913 23.1342
14.1181 28.0263 20.4612
15.0021 30.8313 17.9642

17.4491 28.7543 15.8222
17.1401 25.5903 13.6802
20.3071 23.8233 12.3952
19.9301 21.1903 9.65116

23.0901 19.0673 10.0952
21.8811 17.0473 7.06416
19.8701 17.8503 3.91616
16.6771 15.8853 3.12016
15.5911 15.3313 -0.54684
11.9451 16.3033 0.19816

11.4051 20.0803 0.84616
7.93214 19.5323 2.40916
9.63314 17.6653 5.32916
12.2521 20.4613 5.74416
9.41514 23.0893 5.89816
7.53514 20.8493 8.43316
10.7131 20.8423 10.6132
11.1871 24.6933 10.3812

7.48914 25.1683 11.3992
8.16314 23.3213 14.6832
9.78414 26.6013 15.9482
7.85214 29.1233 13.8032
4.46814 28.6303 15.6272
1.92814 30.8043 17.5102
3.85214 31.7463 20.7072
7.16014 32.5183 18.8852
8.38914 36.1183 19.5992
11.9111 36.0493 17.9862
13.0141 36.0123 14.3002

13.6361 32.3313 13.4772
17.1261 31.5103 12.1452
17.3881 28.4593 9.81016
20.9491 27.2073 9.06916
21.4531 24.5233 6.35716
24.8731 22.8283 6.86516
26.4061 21.8123 3.46216

29.7951 20.3123 2.44016
31.4961 20.8313 -0.98884
32.6021 17.4663 -2.51284
29.5791 15.4913 -1.09484
25.9071 14.4913 -1.72084

24.8951 18.0753 -0.64184
26.2141 19.4193 -4.02584
23.4341 17.4113 -5.83584
20.7351 17.4883 -3.10184
20.6991 21.3023 -2.68184
19.8881 22.1443 -6.39584
17.3031 19.2573 -6.34584
15.5941 20.6943 -3.20184
15.6071 24.2073 -4.81884
13.9141 23.1243 -8.10084
11.3131 21.1993 -5.98584
10.4711 24.3343 -3.86684
10.1111 26.3263 -7.13884
7.63814 23.6813 -8.50384
5.71614 23.9473 -5.17184
5.73114 27.8113 -5.33584
4.50414 27.8953 -9.00584

1.63114 25.5733 -7.88884
0.831135 28.1153 -5.04384
1.90714 25.5143 -2.39984
4.92714 27.4213 -0.92384
6.10214 31.0363 -0.35184
9.56014 29.5973 0.38316
12.0341 30.7333 -2.26184
15.4741 29.0613 -1.78884
17.3591 30.8673 -4.67784

18.3651 33.9563 -2.59584
20.4131 31.7673 -0.15284
22.7601 30.4503 -2.93184
23.6111 33.8473 -4.49084

24.8761 34.8063 -0.96084
27.3611 31.8333 -0.53784

End chain 1
