-13.201 -6.296 -53.957
-10.703 -3.406 -53.291
-9.54 -3.087 -49.639
-11.02 0.322 -48.639
-8.614 1.85 -46.053
-10.787 3.126 -43.162

-9.634 6.195 -41.181
-10.061 4.9 -37.589
-10.286 6.838 -34.306
-12.195 7.103 -30.979
-14.163 9.439 -28.711
-12.619 10.223 -25.263
-14.157 12.207 -22.344

-11.943 15.248 -21.466
-14.301 16.978 -18.949
-17.827 16.65 -17.399
-19.139 18.761 -20.353

-16.752 17.96 -23.312
-15.482 14.956 -25.281
-12.62 14.751 -27.824
-12.437 12.939 -31.204
-8.982 11.264 -31.393
-8.672 10.357 -35.1

-8.28787 8.08669 -38.1346
-6.81937 4.85899 -36.7029
-5.29029 5.50736 -33.3244

-4.71924 4.39773 -29.7347
-8.44559 3.8758 -29.2011
-8.7044 1.78633 -32.365
-5.78004 -0.387139 -31.2847
-7.3461 -0.966068 -27.8707
-10.6524 -1.97338 -29.4508
-8.90906 -4.43758 -31.7598
-7.04813 -6.00525 -28.8405

-10.9011 -6.54925 -28.9125
-11.0651 -7.31325 -25.1235
-12.3201 -4.41325 -22.9875
-10.2201 -5.09125 -19.8225
-6.99513 -5.72525 -21.8545

-3.59713 -4.91025 -20.2745
-0.215127 -5.53025 -21.9465
2.99087 -5.53425 -19.8735

5.91287 -4.42725 -22.0925
8.46787 -6.03225 -19.6565
7.04287 -9.61025 -19.5745
5.46187 -9.20925 -23.1005

2.21787 -10.7242 -21.6735
-1.51713 -9.96025 -21.8785
-3.88713 -9.80225 -18.8745
-7.67013 -9.34525 -18.5335
-10.3351 -8.94425 -15.7935

-11.4611 -12.3082 -14.3595
-15.1271 -11.6032 -15.3805
-13.9351 -11.6242 -19.0615
-12.3821 -15.1672 -18.7225
-15.4321 -16.9922 -20.2055
-15.7741 -14.3022 -22.9765
-12.0561 -14.6642 -23.9045
-12.0191 -18.5172 -23.9205
-15.2491 -18.5722 -26.0115
-13.7111 -16.1702 -28.6335
-10.2971 -17.9982 -28.6865

-11.9971 -21.3982 -29.4105
-13.1661 -19.8002 -32.7175
-9.53213 -19.1502 -33.8745
-7.88113 -21.7832 -36.1445
-4.45513 -23.1462 -35.0045

-4.66413 -21.5572 -31.4455
-4.96913 -23.5272 -28.1625
-5.34613 -21.3822 -24.9975
-5.86713 -23.6872 -21.9845

-8.42213 -22.0972 -19.5405
-8.06613 -21.4432 -15.7955
-8.55413 -24.8772 -14.0785
-11.9981 -25.7972 -12.6555
-10.4391 -25.5172 -9.13848
-9.73813 -21.7662 -9.69548
-13.1681 -21.1502 -11.3145
-14.8271 -22.8152 -8.26148
-12.6241 -20.8232 -5.79248

-13.2321 -17.4272 -7.53748
-16.8721 -18.1932 -8.59748
-18.0551 -14.8642 -7.00648

-15.4181 -12.7522 -8.84648
-16.2041 -14.5462 -12.1795
-19.8351 -13.1992 -11.7925

-19.2181 -9.54425 -10.6805
-18.7261 -6.69025 -13.2205
-17.6981 -4.54325 -10.1795
-14.5781 -4.14025 -7.99148
-16.2341 -4.71625 -4.60548
-13.3991 -5.75925 -2.26348
-13.9351 -8.99125 -0.217482

-17.4231 -8.95425 1.42252
-17.0021 -8.13825 5.12852
-16.7821 -11.3142 7.21052
-20.0181 -11.3472 9.29652
-19.4801 -11.4002 13.0725
-20.5091 -14.7952 14.4595

-22.9311 -15.0962 17.3845
-20.5931 -16.4952 20.0915
-23.2811 -16.3272 22.9035
-23.3631 -20.1872 23.0395
-19.5241 -20.1972 23.5705
-18.0241 -20.0402 27.0855

-17.7241 -16.2722 28.0295
-14.1951 -16.8372 29.4875
-13.0001 -17.8772 25.9835
-14.9351 -15.1612 24.0465
-13.6061 -12.3382 26.3365
-9.94213 -13.5262 25.9775

-9.89113 -13.5242 22.1115
-7.64913 -10.7592 20.7025

-9.31013 -8.65425 17.8795
-7.43513 -10.5632 15.1125
-8.26813 -13.9442 16.7825
-12.0001 -12.9392 16.7935
-11.7661 -12.0282 13.0635
-10.1471 -15.4912 12.4625
-12.9921 -17.2712 14.3605
-15.5671 -15.2622 12.3075
-13.7591 -16.1812 9.01252
-13.6341 -19.8872 10.0015
-17.4001 -19.8552 10.8445
-18.2281 -18.0032 7.55152

-16.1771 -20.7012 5.64452
-18.4181 -23.2982 7.44652
-15.7161 -24.6462 9.84652

-13.5561 -25.9932 6.94252
-10.1601 -24.2282 6.87952
-6.41313 -24.3342 7.39552
-5.49913 -21.8052 10.1375

-1.89813 -21.1512 8.98852

-1.33913 -18.1572 11.3415
2.29187 -17.7412 12.4935

3.74787 -19.6312 15.5145
2.43487 -18.3902 18.9005
-0.437127 -16.1772 17.4905
-2.91013 -18.3652 19.5245

-4.04813 -20.9922 16.9475
-5.21613 -23.2652 19.8505
-7.56713 -20.6322 21.4325
-9.08013 -19.8402 17.9705
-9.48613 -23.6082 17.2065
-11.2241 -24.3042 20.5775
-13.6191 -21.3502 19.9145
-14.4511 -22.4912 16.3115
-15.0501 -26.0692 17.5795
-17.1591 -24.8262 20.5775
-19.4311 -22.8152 18.1945

-20.1041 -26.2882 16.6235

-20.5881 -28.0532 20.0975
-24.0901 -29.2032 18.8865
-22.2541 -31.3022 16.1785
-19.8301 -33.2142 18.5265
-18.1851 -35.7592 19.2865

-14.9781 -33.7942 18.6045
-11.7551 -35.4832 17.3855
-8.43913 -33.6742 18.1135
-5.33613 -35.0852 16.3395
-2.03313 -33.7032 17.7195

1.74587 -34.3622 18.1025
2.37987 -37.1662 20.6835
3.93987 -34.6512 23.2095
1.10687 -31.9862 23.3155

-1.96213 -34.2142 24.1195
-2.09913 -33.0992 27.7915
-1.35813 -29.4482 26.7465
-4.56913 -29.6502 24.6225
-6.61813 -31.2432 27.4915
-5.47213 -28.4262 29.8455
-6.31313 -25.8702 27.0855
-9.92613 -27.2352 26.8765
-10.2861 -27.2062 30.7275
-8.80013 -23.6462 30.8395
-11.0271 -22.1512 28.0945

-14.3251 -24.1552 28.3565
-15.0551 -24.3962 32.1725
-18.5921 -25.5552 31.0645
-16.9681 -29.0472 30.5225
-16.2341 -31.6312 33.2335

-12.8361 -33.4502 32.9735
-14.8421 -36.6662 32.1965
-15.9841 -35.0132 28.9075

-12.2951 -35.1622 27.6925
-10.7091 -38.4702 26.6045
-6.88513 -38.3872 26.1975

-5.90613 -41.4622 24.1515
-2.52013 -42.6492 25.4885
-2.40513 -46.1832 23.9295
-3.60913 -48.1452 20.8515
-5.97313 -50.1662 23.1865
-7.99213 -47.1542 24.4335
-11.5561 -46.2632 23.2755
-11.2791 -43.3192 20.8175
-15.0201 -42.4482 21.3895
-15.1231 -42.5122 25.2435
-15.3121 -38.6782 25.6525
-17.2841 -35.8122 24.1115

-13.7921 -34.4862 23.1545
-11.2691 -37.1792 22.0815
-7.54013 -36.2442 21.9195
-5.21313 -38.6482 20.0035
-1.73313 -38.6412 18.4075

-0.862127 -39.0862 14.6935
1.03887 -42.3552 15.4915
-2.03713 -43.8922 17.2295
-4.50413 -43.1152 14.3385

-3.13013 -46.0612 12.2565
-3.49113 -48.4192 15.2995
-7.04713 -47.0862 15.9615
-8.21813 -47.1612 12.2555
-10.9351 -49.7612 13.1605
-12.4471 -47.1822 15.6285
-12.1591 -44.2402 13.1055
-15.2751 -45.7792 11.3945
-17.3921 -43.7972 13.9415
-18.2981 -40.4832 12.1685
-16.5711 -37.5812 13.9585
-18.4401 -34.5612 12.4765

-15.9081 -32.0232 13.9085
-12.1401 -32.6442 13.5455
-9.21113 -30.4912 14.7185
-5.72113 -31.4562 13.4765

-2.86613 -29.5832 15.1755
0.454873 -29.2112 13.2675

-1.27013 -30.6982 10.1475
2.03087 -30.5532 8.14852
2.54387 -34.0882 9.66052
0.0218728 -35.2122 6.94052

2.23787 -33.7822 4.06252
2.93487 -37.2552 2.50552
-0.117127 -39.3292 1.38052
1.80187 -42.6942 1.47852
2.40987 -42.4622 5.27752

0.244873 -44.6152 7.60852
-0.772127 -41.4682 9.62952
-2.03613 -39.7552 6.42352
-3.79013 -42.9392 5.11052
-5.66513 -43.2512 8.46852
-6.51713 -39.4832 8.78452
-7.66913 -38.6992 5.19152
-10.9041 -40.8692 5.11352
-12.1651 -39.1322 8.31752
-11.2081 -35.6182 7.05252
-13.0971 -36.1722 3.73052
-16.3521 -37.2732 5.54052

-16.2761 -34.9902 8.65152
-18.5761 -31.8882 8.41252

-16.0301 -29.4622 10.0125
-12.2231 -29.6932 9.48752
-9.97313 -27.2692 11.4065
-6.34913 -27.8032 10.2935
-3.63113 -25.8672 12.2045

0.0568728 -25.2812 11.2975
2.79787 -22.6342 11.6895
4.50587 -24.0452 8.57952
1.79387 -25.5682 6.28452
4.53287 -26.3672 3.77152
7.95187 -27.3022 5.23952
9.97487 -27.0732 1.96052
7.83587 -27.5312 -1.24748

4.30987 -26.9342 -2.76748
3.65087 -30.7422 -2.98448
3.39387 -30.8642 0.893518
0.176873 -28.7162 0.737518
-1.83213 -31.1922 -1.41148
-3.10813 -33.3722 1.50252
-4.18513 -30.2382 3.47352
-5.94213 -28.7522 0.358518
-7.96313 -31.9842 -0.259482
-8.74913 -32.2722 3.50252
-10.3081 -28.7292 3.52052

-11.8111 -29.0002 -0.0554822
-12.1961 -32.7162 -1.14048
-13.3761 -31.5972 -4.66348
-10.1391 -29.6362 -5.39148
-7.54113 -31.5822 -7.47548
-9.10413 -35.1312 -7.11248
-5.78013 -36.5632 -8.45448

-2.30513 -35.3652 -7.31248
-0.923127 -35.3682 -10.9155
-3.07013 -32.3132 -11.9135
-1.76913 -30.3772 -8.84248
1.83087 -31.5452 -9.55148
1.76787 -30.5082 -13.2675
0.557873 -26.9802 -12.3135
2.39287 -26.1662 -9.02548

5.28587 -28.6972 -8.64748
6.94487 -28.2142 -12.1255
6.29687 -31.9232 -12.7415

8.87387 -33.5702 -15.0725
8.62487 -36.9182 -16.9145
11.9049 -38.7612 -16.1575

12.9009 -42.2432 -17.5855
11.8509 -43.8102 -14.1985

8.49487 -41.9172 -13.7915
7.33087 -38.4342 -12.6975
9.42087 -36.0092 -10.6155

7.40987 -33.5382 -8.42148
10.3409 -31.9222 -6.46248
10.0099 -28.5952 -8.35548
7.79087 -25.5082 -8.00948
5.66287 -23.4482 -10.4485
2.90787 -20.7532 -10.5265

3.36787 -20.0362 -6.75148
1.53687 -16.6382 -6.85048
-1.56313 -18.4142 -8.30748
-1.23813 -21.1282 -5.60348
-1.05713 -18.3602 -2.91048
-4.26513 -16.7222 -4.27948
-6.09813 -20.1172 -4.38848
-4.98613 -20.9402 -0.801482
-6.04513 -17.5422 0.685518
-9.44713 -17.4922 -1.12748
-10.6241 -21.1012 -0.592482

-8.39313 -23.1032 1.87352

-6.26013 -21.0452 4.25752
-6.31813 -18.1512 6.72852

-2.71513 -16.9092 7.26152
-1.40813 -13.9082 9.25052
2.16687 -13.0732 10.2245

3.69287 -11.5892 13.4525
4.30387 -8.38525 11.4305
0.548873 -8.13625 10.5305
-0.891127 -8.50625 14.0905

1.91987 -8.01125 16.7125
3.88087 -4.77625 15.8815
5.29487 -5.01325 19.4815
7.29987 -8.28125 19.0655

11.0989 -7.58725 19.0505
12.8519 -8.32125 15.7265

14.5079 -11.6912 14.9835
18.1239 -10.8432 14.0055
19.6609 -13.7332 12.0035
23.3399 -14.2312 11.0565
25.7019 -16.8402 9.65452
28.7429 -17.5352 11.8955
31.5619 -19.0892 9.84052

33.3419 -21.2902 12.4315
37.0569 -21.4712 11.6215

38.0409 -24.7022 9.69852
41.6559 -24.2312 11.0265
40.6179 -26.4232 14.0485

39.5769 -29.2122 11.5635
42.7149 -31.3932 11.6295

44.2209 -32.6662 8.33152
42.9089 -36.2842 8.87252
39.2869 -35.0862 9.42352
39.5639 -32.7562 6.36252
40.9929 -35.6012 4.21052
38.0549 -37.8182 5.39552
35.5089 -35.0832 4.39752
37.3059 -34.6852 1.00752
37.2189 -38.5112 0.576518
33.4459 -38.8202 1.32452
32.7579 -35.7682 -0.943482
34.7129 -37.4442 -3.83048
32.9389 -40.7572 -3.03948
29.4419 -39.2052 -3.62348
30.5329 -37.8742 -7.09448

32.0129 -41.2042 -8.34648
30.1829 -42.3022 -11.5515
30.3239 -46.0822 -11.0165
28.4529 -46.2432 -7.63148
24.8799 -47.4712 -7.12448

22.0839 -45.0842 -5.97048
22.4029 -46.7462 -2.50748
26.2249 -46.2872 -2.21848
25.6739 -42.5852 -3.18948
23.0849 -42.2322 -0.314482
25.4529 -44.0522 2.12252
28.4019 -41.7602 1.16552
26.0509 -38.7222 1.62152
25.0359 -39.9242 5.14552
28.7509 -40.5052 5.95252
29.7209 -36.9842 4.68052
26.8939 -35.4452 6.79552
27.8489 -37.3942 9.99352
31.5819 -36.4772 9.42652
30.5319 -32.7872 9.06652
28.8809 -32.9762 12.5265
32.0409 -34.5572 14.0955
34.3409 -31.9962 12.3675
32.3419 -29.0222 13.8135
32.2889 -30.2182 17.5115
35.5759 -28.4652 18.6485
34.6389 -25.0322 17.1765
30.9539 -25.3872 18.2165
32.2949 -25.9352 21.7875
34.7669 -22.9922 21.4005
31.8399 -20.7412 20.3175
29.5279 -21.8932 23.2075
32.3329 -21.1252 25.7185
32.9869 -17.6752 24.0935
29.2379 -16.8782 24.5695
29.3649 -17.8892 28.2945
32.6899 -16.0242 28.8845

31.0319 -12.9452 27.2015
28.5519 -12.9602 30.1755
25.3829 -14.2572 28.3845
22.6889 -15.2102 30.9125
20.4359 -17.5592 28.7885

20.6549 -19.1542 25.3075
19.4869 -22.2302 23.3365
21.8569 -24.5922 21.4615
20.2709 -26.6592 18.6575
21.8919 -29.8142 17.1865

20.5099 -33.1152 15.7095
23.3879 -35.6592 15.7645

23.5189 -37.3432 19.2175
27.3819 -37.1412 19.2755
27.1519 -33.2842 19.0335
24.5489 -33.0992 21.8775
26.7099 -35.5342 23.9635
29.9749 -33.5522 23.4095
28.2979 -30.1732 24.2555
26.7449 -31.6022 27.4945
30.0809 -33.2352 28.5245
32.0229 -29.9322 28.1045
29.3369 -27.9192 30.0125
29.5549 -30.5102 32.8775
33.4169 -30.2862 32.7625

33.1289 -26.4312 33.0185
30.4609 -26.8632 35.8195
27.8829 -24.9032 33.7175
24.2789 -25.5902 34.7865

22.2759 -26.5812 31.6755
19.1909 -28.5492 30.5095
19.1129 -31.2662 27.7935
16.1109 -32.3672 25.6495

16.3769 -35.0892 22.9515
14.5439 -38.1852 21.5375
15.1219 -40.1022 24.8465
13.6879 -37.3532 27.1625
10.1749 -38.3582 28.3515
7.01187 -36.2622 27.6955
6.63887 -35.1542 31.3835

10.3969 -34.5122 31.9705
10.3879 -32.2872 28.8035
7.82687 -29.9552 30.4675
9.67587 -30.0102 33.8515
13.1119 -29.2222 32.2435
11.3709 -26.4532 30.2205
10.0369 -24.9652 33.5205
13.5139 -25.3482 35.1735
15.1619 -23.3322 32.3055
12.3139 -20.7322 32.3555
12.2399 -20.1682 36.1665

15.8729 -20.8312 37.3005
18.4569 -18.0492 36.6145
21.2599 -20.6772 37.0645
20.4489 -22.6812 33.8865
22.4179 -20.7002 31.2655

22.2759 -23.2242 28.3525
19.5159 -25.3952 26.8735
20.9779 -28.2572 24.7435
18.1219 -29.1672 22.3705
17.5479 -31.6952 19.5825

16.2359 -29.7992 16.4815
13.8069 -32.7092 15.7725
12.7439 -33.5582 19.3695
12.2569 -29.9642 20.7365
10.5349 -28.4352 17.6035
7.07387 -28.9092 19.2915
5.07587 -27.9532 22.4425
7.84287 -26.1872 24.4375
8.29187 -22.4152 25.1225
11.7449 -20.8722 25.8315
10.9079 -17.1372 26.2775
13.6179 -16.8052 29.0305
16.4019 -16.8702 26.3575
17.2859 -14.0652 23.8605

19.7329 -16.1422 21.7185
19.4239 -19.3062 19.5765
22.5909 -21.0732 18.2915
22.2139 -23.7062 15.5475

25.3739 -25.8292 15.9915
24.1649 -27.8492 12.9605
22.1539 -27.0462 9.81252
18.9609 -29.0112 9.01652
17.8749 -29.5652 5.34952
14.2289 -28.5932 6.09452

13.6889 -24.8162 6.74252
10.2159 -25.3642 8.30552
11.9169 -27.2312 11.2255
14.5359 -24.4352 11.6405
11.6989 -21.8072 11.7945
9.81887 -24.0472 14.3295
12.9969 -24.0542 16.5095
13.4709 -20.2032 16.2775

9.77287 -19.7282 17.2955
10.4469 -21.5752 20.5795
12.0679 -18.2952 21.8445
10.1359 -15.7732 19.6995
6.75187 -16.2662 21.5235
4.21187 -14.0922 23.4065
6.13587 -13.1502 26.6035
9.44387 -12.3782 24.7815
10.6729 -8.77825 25.4955
14.1949 -8.84725 23.8825
15.2979 -8.88425 20.1965

15.9199 -12.5652 19.3735
19.4099 -13.3862 18.0415
19.6719 -16.4372 15.7065
23.2329 -17.6892 14.9655
23.7369 -20.3732 12.2535
27.1569 -22.0682 12.7615
28.6899 -23.0842 9.35852

32.0789 -24.5842 8.33652
33.7799 -24.0652 4.90752
34.8859 -27.4302 3.38352
31.8629 -29.4052 4.80152
28.1909 -30.4052 4.17552

27.1789 -26.8212 5.25452
28.4979 -25.4772 1.87052
25.7179 -27.4852 0.0605178
23.0189 -27.4082 2.79452
22.9829 -23.5942 3.21452
22.1719 -22.7522 -0.499482
19.5869 -25.6392 -0.449482
17.8779 -24.2022 2.69452
17.8909 -20.6892 1.07752
16.1979 -21.7722 -2.20448
13.5969 -23.6972 -0.0894822
12.7549 -20.5622 2.02952
12.3949 -18.5702 -1.24248
9.92187 -21.2152 -2.60748
7.99987 -20.9492 0.724518
8.01487 -17.0852 0.560518
6.78787 -17.0012 -3.10948

3.91487 -19.3232 -1.99248
3.11487 -16.7812 0.852518
4.19087 -19.3822 3.49652
7.21087 -17.4752 4.97252
8.38587 -13.8602 5.54452
11.8439 -15.2992 6.27952
14.3179 -14.1632 3.63452
17.7579 -15.8352 4.10752
19.6429 -14.0292 1.21852

20.6489 -10.9402 3.30052
22.6969 -13.1292 5.74352
25.0439 -14.4462 2.96452
25.8949 -11.0492 1.40552

27.1599 -10.0902 4.93552
29.6449 -13.0632 5.35852

End chain 1
