-13.201 -6.296 -53.957
-10.703 -3.406 -53.291
-9.54 -3.087 -49.639
-11.02 0.322 -48.639
-8.614 1.85 -46.053
-10.787 3.126 -43.162

-9.634 6.195 -41.181
-10.061 4.9 -37.589
-10.286 6.838 -34.306
-12.195 7.103 -30.979
-14.163 9.439 -28.711
-12.619 10.223 -25.263
-14.157 12.207 -22.344

-11.943 15.248 -21.466
-14.301 16.978 -18.949
-17.827 16.65 -17.399
-19.139 18.761 -20.353

-16.752 17.96 -23.312
-15.482 14.956 -25.281
-12.62 14.751 -27.824
-12.437 12.939 -31.204
-8.982 11.264 -31.393
-8.672 10.357 -35.1

-6.282 10.744 -38.079
-6.98 13.557 -40.6
-9.895 13.022 -43.051

-11.208 15.853 -45.293
-14.92 14.856 -45.011
-14.611 14.37 -41.226
-13.015 17.857 -40.827
-15.875 19.254 -42.999
-18.403 17.482 -40.669
-16.559 18.759 -37.515
-16.844 22.341 -38.957

-20.697 21.797 -39.029
-20.861 21.033 -35.24
-22.116 23.933 -33.104
-20.016 23.255 -29.939
-16.791 22.621 -31.971

-13.393 23.436 -30.391
-10.011 22.816 -32.063
-6.805 22.812 -29.99

-3.883 23.919 -32.209
-1.328 22.314 -29.773
-2.753 18.736 -29.691
-4.334 19.137 -33.217

-7.578 17.622 -31.79
-11.313 18.386 -31.995
-13.683 18.544 -28.991
-17.466 19.001 -28.65
-20.131 19.402 -25.91

-21.257 16.038 -24.476
-24.923 16.743 -25.497
-23.731 16.722 -29.178
-22.178 13.179 -28.839
-25.228 11.354 -30.322
-25.57 14.044 -33.093
-21.852 13.682 -34.021
-21.815 9.829 -34.037
-25.045 9.774 -36.128
-23.507 12.176 -38.75
-20.093 10.348 -38.803

-21.793 6.948 -39.527
-22.962 8.546 -42.834
-19.328 9.196 -43.991
-17.677 6.563 -46.261
-14.251 5.2 -45.121

-14.46 6.789 -41.562
-14.765 4.819 -38.279
-15.142 6.964 -35.114
-15.663 4.659 -32.101

-18.218 6.249 -29.657
-17.862 6.903 -25.912
-18.35 3.469 -24.195
-21.794 2.549 -22.772
-20.235 2.829 -19.255
-19.534 6.58 -19.812
-22.964 7.196 -21.431
-24.623 5.531 -18.378
-22.42 7.523 -15.909

-23.028 10.919 -17.654
-26.668 10.153 -18.714
-27.851 13.482 -17.123

-25.214 15.594 -18.963
-26 13.8 -22.296
-29.631 15.147 -21.909

-29.014 18.802 -20.797
-28.522 21.656 -23.337
-27.494 23.803 -20.296
-24.374 24.206 -18.108
-26.03 23.63 -14.722
-23.195 22.587 -12.38
-23.731 19.355 -10.334

-27.219 19.392 -8.694
-26.798 20.208 -4.988
-26.578 17.032 -2.906
-29.814 16.999 -0.82
-29.276 16.946 2.956
-30.305 13.551 4.343

-32.727 13.25 7.268
-30.389 11.851 9.975
-33.077 12.019 12.787
-33.159 8.159 12.923
-29.32 8.149 13.454
-27.82 8.306 16.969

-27.52 12.074 17.913
-23.991 11.509 19.371
-22.796 10.469 15.867
-24.731 13.185 13.93
-23.402 16.008 16.22
-19.738 14.82 15.861

-19.687 14.822 11.995
-17.445 17.587 10.586

-19.106 19.692 7.763
-17.231 17.783 4.996
-18.064 14.402 6.666
-21.796 15.407 6.677
-21.562 16.318 2.947
-19.943 12.855 2.346
-22.788 11.075 4.244
-25.363 13.084 2.191
-23.555 12.165 -1.104
-23.43 8.459 -0.115
-27.196 8.491 0.728
-28.024 10.343 -2.565

-25.973 7.645 -4.472
-28.214 5.048 -2.67
-25.512 3.7 -0.27

-23.352 2.353 -3.174
-19.956 4.118 -3.237
-16.209 4.012 -2.721
-15.295 6.541 0.021

-11.694 7.195 -1.128

-11.135 10.189 1.225
-7.504 10.605 2.377

-6.048 8.715 5.398
-7.361 9.956 8.784
-10.233 12.169 7.374
-12.706 9.981 9.408

-13.844 7.354 6.831
-15.012 5.081 9.734
-17.363 7.714 11.316
-18.876 8.506 7.854
-19.282 4.738 7.09
-21.02 4.042 10.461
-23.415 6.996 9.798
-24.247 5.855 6.195
-24.846 2.277 7.463
-26.955 3.52 10.461
-29.227 5.531 8.078

-29.9 2.058 6.507

-30.384 0.293 9.981
-33.886 -0.857 8.77
-32.05 -2.956 6.062
-29.626 -4.868 8.41
-27.981 -7.413 9.17

-24.774 -5.448 8.488
-21.551 -7.137 7.269
-18.235 -5.328 7.997
-15.132 -6.739 6.223
-11.829 -5.357 7.603

-8.05 -6.016 7.986
-7.416 -8.82 10.567
-5.856 -6.305 13.093
-8.689 -3.64 13.199

-11.758 -5.868 14.003
-11.895 -4.753 17.675
-11.154 -1.102 16.63
-14.365 -1.304 14.506
-16.414 -2.897 17.375
-15.268 -0.08 19.729
-16.109 2.476 16.969
-19.722 1.111 16.76
-20.082 1.14 20.611
-18.596 4.7 20.723
-20.823 6.195 17.978

-24.121 4.191 18.24
-24.851 3.95 22.056
-28.388 2.791 20.948
-26.764 -0.701 20.406
-26.03 -3.285 23.117

-22.632 -5.104 22.857
-24.638 -8.32 22.08
-25.78 -6.667 18.791

-22.091 -6.816 17.576
-20.505 -10.124 16.488
-16.681 -10.041 16.081

-15.702 -13.116 14.035
-12.316 -14.303 15.372
-12.201 -17.837 13.813
-13.405 -19.799 10.735
-15.769 -21.82 13.07
-17.788 -18.808 14.317
-21.352 -17.917 13.159
-21.075 -14.973 10.701
-24.816 -14.102 11.273
-24.919 -14.166 15.127
-25.108 -10.332 15.536
-27.08 -7.466 13.995

-23.588 -6.14 13.038
-21.065 -8.833 11.965
-17.336 -7.898 11.803
-15.009 -10.302 9.887
-11.529 -10.295 8.291

-10.658 -10.74 4.577
-8.757 -14.009 5.375
-11.833 -15.546 7.113
-14.3 -14.769 4.222

-12.926 -17.715 2.14
-13.287 -20.073 5.183
-16.843 -18.74 5.845
-18.014 -18.815 2.139
-20.731 -21.415 3.044
-22.243 -18.836 5.512
-21.955 -15.894 2.989
-25.071 -17.433 1.278
-27.188 -15.451 3.825
-28.094 -12.137 2.052
-26.367 -9.235 3.842
-28.236 -6.215 2.36

-25.704 -3.677 3.792
-21.936 -4.298 3.429
-19.007 -2.145 4.602
-15.517 -3.11 3.36

-12.662 -1.237 5.059
-9.341 -0.865 3.151

-11.066 -2.352 0.031
-7.765 -2.207 -1.968
-7.252 -5.742 -0.456
-9.774 -6.866 -3.176

-7.558 -5.436 -6.054
-6.861 -8.909 -7.611
-9.913 -10.983 -8.736
-7.994 -14.348 -8.638
-7.386 -14.116 -4.839

-9.551 -16.269 -2.508
-10.568 -13.122 -0.487
-11.832 -11.409 -3.693
-13.586 -14.593 -5.006
-15.461 -14.905 -1.648
-16.313 -11.137 -1.332
-17.465 -10.353 -4.925
-20.7 -12.523 -5.003
-21.961 -10.786 -1.799
-21.004 -7.272 -3.064
-22.893 -7.826 -6.386
-26.148 -8.927 -4.576

-26.072 -6.644 -1.465
-28.372 -3.542 -1.704

-25.826 -1.116 -0.104
-22.019 -1.347 -0.629
-19.769 1.077 1.29
-16.145 0.543 0.177
-13.427 2.479 2.088

-9.739 3.065 1.181
-6.998 5.712 1.573
-5.29 4.301 -1.537
-8.002 2.778 -3.832
-5.263 1.979 -6.345
-1.844 1.044 -4.877
0.179 1.273 -8.156
-1.96 0.815 -11.364

-5.486 1.412 -12.884
-6.145 -2.396 -13.101
-6.402 -2.518 -9.223
-9.619 -0.37 -9.379
-11.628 -2.846 -11.528
-12.904 -5.026 -8.614
-13.981 -1.892 -6.643
-15.738 -0.406 -9.758
-17.759 -3.638 -10.376
-18.545 -3.926 -6.614
-20.104 -0.383 -6.596

-21.607 -0.654 -10.172
-21.992 -4.37 -11.257
-23.172 -3.251 -14.78
-19.935 -1.29 -15.508
-17.337 -3.236 -17.592
-18.9 -6.785 -17.229
-15.576 -8.217 -18.571

-12.101 -7.019 -17.429
-10.719 -7.022 -21.032
-12.866 -3.967 -22.03
-11.565 -2.031 -18.959
-7.965 -3.199 -19.668
-8.028 -2.162 -23.384
-9.238 1.366 -22.43
-7.403 2.18 -19.142

-4.51 -0.351 -18.764
-2.851 0.132 -22.242
-3.499 -3.577 -22.858

-0.922 -5.224 -25.189
-1.171 -8.572 -27.031
2.109 -10.415 -26.274

3.105 -13.897 -27.702
2.055 -15.464 -24.315

-1.301 -13.571 -23.908
-2.465 -10.088 -22.814
-0.375 -7.663 -20.732

-2.386 -5.192 -18.538
0.545 -3.576 -16.579
0.214 -0.249 -18.472
-2.005 2.838 -18.126
-4.133 4.898 -20.565
-6.888 7.593 -20.643

-6.428 8.31 -16.868
-8.259 11.708 -16.967
-11.359 9.932 -18.424
-11.034 7.218 -15.72
-10.853 9.986 -13.027
-14.061 11.624 -14.396
-15.894 8.229 -14.505
-14.782 7.406 -10.918
-15.841 10.804 -9.431
-19.243 10.854 -11.244
-20.42 7.245 -10.709

-18.189 5.243 -8.243

-16.056 7.301 -5.859
-16.114 10.195 -3.388

-12.511 11.437 -2.855
-11.204 14.438 -0.866
-7.629 15.273 0.108

-6.103 16.757 3.336
-5.492 19.961 1.314
-9.247 20.21 0.414
-10.687 19.84 3.974

-7.876 20.335 6.596
-5.915 23.57 5.765
-4.501 23.333 9.365
-2.496 20.065 8.949

1.303 20.759 8.934
3.056 20.025 5.61

4.712 16.655 4.867
8.328 17.503 3.889
9.865 14.613 1.887
13.544 14.115 0.94
15.906 11.506 -0.462
18.947 10.811 1.779
21.766 9.257 -0.276

24.4799 7.36888 1.44457
27.1376 5.29392 3.01424

26.9694 4.64988 6.75587
23.1755 4.45517 6.64984
23.2866 1.97472 3.7727

22.2456 -0.814284 1.2877
25.3836 -2.99528 1.3537

26.8896 -4.26828 -1.9443
25.5776 -7.88628 -1.4033
21.9556 -6.68828 -0.852295
22.2326 -4.35828 -3.9133
23.6616 -7.20328 -6.0653
20.7236 -9.42028 -4.8803
18.1776 -6.68528 -5.8783
19.9746 -6.28728 -9.2683
19.8876 -10.1133 -9.6993
16.1146 -10.4223 -8.9513
15.4266 -7.37028 -11.2193
17.3816 -9.04628 -14.1063
15.6076 -12.3593 -13.3153
12.1106 -10.8073 -13.8993
13.2016 -9.47628 -17.3703

14.6816 -12.8063 -18.6223
12.8516 -13.9043 -21.8273
12.9926 -17.6843 -21.2923
11.1216 -17.8453 -17.9073
7.54855 -19.0733 -17.4003

4.75255 -16.6863 -16.2463
5.07155 -18.3483 -12.7833
8.89355 -17.8893 -12.4943
8.34255 -14.1873 -13.4653
5.75355 -13.8343 -10.5903
8.12155 -15.6543 -8.1533
11.0706 -13.3623 -9.1103
8.71955 -10.3243 -8.6543
7.70455 -11.5263 -5.1303
11.4196 -12.1073 -4.3233
12.3896 -8.58628 -5.5953
9.56255 -7.04728 -3.4803
10.5176 -8.99628 -0.282295
14.2506 -8.07928 -0.849295
13.2006 -4.38928 -1.2093
11.5496 -4.57828 2.2507
14.7096 -6.15928 3.8197
17.0096 -3.59828 2.0917
15.0106 -0.624284 3.5377
14.9576 -1.82028 7.2357
18.2446 -0.067284 8.3727
17.3076 3.36572 6.9007
13.6226 3.01072 7.9407
14.9636 2.46272 11.5117
17.4356 5.40572 11.1247
14.5086 7.65672 10.0417
12.1966 6.50472 12.9317
15.0016 7.27272 15.4427
15.6556 10.7227 13.8177
11.9066 11.5197 14.2937
12.0336 10.5087 18.0187
15.3586 12.3737 18.6087

13.7006 15.4527 16.9257
11.2206 15.4377 19.8997
8.05155 14.1407 18.1087
5.35755 13.1877 20.6367
3.10455 10.8387 18.5127

3.32355 9.24372 15.0317
2.15555 6.16772 13.0607
4.52555 3.80572 11.1857
2.93955 1.73872 8.3817
4.56055 -1.41628 6.9107

3.17855 -4.71728 5.4337
6.05655 -7.26128 5.4887

6.18755 -8.94528 8.9417
10.0506 -8.74328 8.9997
9.82055 -4.88628 8.7577
7.21755 -4.70128 11.6017
9.37855 -7.13628 13.6877
12.6436 -5.15428 13.1337
10.9666 -1.77528 13.9797
9.41355 -3.20428 17.2187
12.7496 -4.83728 18.2487
14.6916 -1.53428 17.8287
12.0056 0.478716 19.7367
12.2236 -2.11228 22.6017
16.0856 -1.88828 22.4867

15.7976 1.96672 22.7427
13.1296 1.53472 25.5437
10.5516 3.49472 23.4417
6.94755 2.80772 24.5107

4.94455 1.81672 21.3997
1.85955 -0.151284 20.2337
1.78155 -2.86828 17.5177
-1.22045 -3.96928 15.3737

-0.954445 -6.69128 12.6757
-2.78745 -9.78728 11.2617
-2.20945 -11.7043 14.5707
-3.64345 -8.95528 16.8867
-7.15645 -9.96028 18.0757
-10.3194 -7.86428 17.4197
-10.6924 -6.75628 21.1077

-6.93445 -6.11428 21.6947
-6.94345 -3.88928 18.5277
-9.50445 -1.55728 20.1917
-7.65545 -1.61228 23.5757
-4.21945 -0.824284 21.9677
-5.96045 1.94472 19.9447
-7.29445 3.43272 23.2447
-3.81745 3.04972 24.8977
-2.16945 5.06572 22.0297
-5.01745 7.66572 22.0797
-5.09145 8.22972 25.8907

-1.45845 7.56672 27.0247
1.12555 10.3487 26.3387
3.92855 7.72072 26.7887
3.11755 5.71672 23.6107
5.08655 7.69772 20.9897

4.94455 5.17372 18.0767
2.18455 3.00272 16.5977
3.64655 0.140716 14.4677
0.790555 -0.769284 12.0947
0.216555 -3.29728 9.3067

-1.09545 -1.40128 6.2057
-3.52445 -4.31128 5.4967
-4.58745 -5.16028 9.0937
-5.07445 -1.56628 10.4607
-6.79645 -0.037284 7.3277
-10.2574 -0.511284 9.0157
-12.2554 0.444716 12.1667
-9.48845 2.21072 14.1617
-9.03945 5.98272 14.8467
-5.58645 7.52572 15.5557
-6.42345 11.2607 16.0017
-3.71345 11.5927 18.7547
-0.929445 11.5277 16.0817
-0.0454451 14.3327 13.5847

2.40155 12.2557 11.4427
2.09255 9.09172 9.3007
5.25955 7.32472 8.0157
4.88255 4.69172 5.2717

8.04255 2.56872 5.7157
6.83355 0.548716 2.6847
4.82255 1.35172 -0.463295
1.62955 -0.613284 -1.2593
0.543555 -1.16728 -4.9263
-3.10245 -0.195284 -4.1813

-3.64245 3.58172 -3.5333
-7.11545 3.03372 -1.9703
-5.41445 1.16672 0.949705
-2.79545 3.96272 1.3647
-5.63245 6.59072 1.5187
-7.51245 4.35072 4.0537
-4.33445 4.34372 6.2337
-3.86045 8.19472 6.0017

-7.55845 8.66972 7.0197
-6.88445 6.82272 10.3037
-5.26345 10.1027 11.5687
-7.19545 12.6247 9.4237
-10.5794 12.1317 11.2477
-13.1194 14.3057 13.1307
-11.1954 15.2477 16.3277
-7.88745 16.0197 14.5057
-6.65845 19.6197 15.2197
-3.13645 19.5507 13.6067
-2.03345 19.5137 9.9207

-1.41145 15.8327 9.0977
2.07855 15.0117 7.7657
2.34055 11.9607 5.4307
5.90155 10.7087 4.6897
6.40555 8.02472 1.9777
9.82555 6.32972 2.4857
11.3586 5.31372 -0.917295

14.7476 3.81372 -1.9393
16.4486 4.33272 -5.3683
17.5546 0.967716 -6.8923
14.5316 -1.00728 -5.4743
10.8596 -2.00728 -6.1003

9.84755 1.57672 -5.0213
11.1666 2.92072 -8.4053
8.38655 0.912716 -10.2153
5.68755 0.989716 -7.4813
5.65155 4.80372 -7.0613
4.84055 5.64572 -10.7753
2.25555 2.75872 -10.7253
0.546555 4.19572 -7.5813
0.559555 7.70872 -9.1983
-1.13345 6.62572 -12.4803
-3.73445 4.70072 -10.3653
-4.57645 7.83572 -8.2463
-4.93645 9.82772 -11.5183
-7.40945 7.18272 -12.8833
-9.33145 7.44872 -9.5513
-9.31645 11.3127 -9.7153
-10.5434 11.3967 -13.3853

-13.4164 9.07472 -12.2683
-14.2164 11.6167 -9.4233
-13.1404 9.01572 -6.7793
-10.1204 10.9227 -5.3033
-8.94545 14.5377 -4.7313
-5.48745 13.0987 -3.9963
-3.01345 14.2347 -6.6413
0.426555 12.5627 -6.1683
2.31155 14.3687 -9.0573

3.31755 17.4577 -6.9753
5.36555 15.2687 -4.5323
7.71255 13.9517 -7.3113
8.56355 17.3487 -8.8703

9.82855 18.3077 -5.3403
12.3136 15.3347 -4.9173

End chain 1
