-13.201 -6.296 -53.957
-10.703 -3.406 -53.291
-9.54 -3.087 -49.639
-11.02 0.322 -48.639
-8.614 1.85 -46.053
-10.787 3.126 -43.162

-9.634 6.195 -41.181
-10.061 4.9 -37.589
-10.286 6.838 -34.306
-12.195 7.103 -30.979
-14.163 9.439 -28.711
-12.619 10.223 -25.263
-14.157 12.207 -22.344

-11.943 15.248 -21.466
-14.301 16.978 -18.949
-17.827 16.65 -17.399
-19.139 18.761 -20.353

-16.752 17.96 -23.312
-15.482 14.956 -25.281
-12.62 14.751 -27.824
-12.437 12.939 -31.204
-8.982 11.264 -31.393
-8.672 10.357 -35.1

-6.282 10.744 -38.079
-6.98 13.557 -40.6
-9.895 13.022 -43.051

-11.208 15.853 -45.293
-14.92 14.856 -45.011
-14.611 14.37 -41.226
-13.015 17.857 -40.827
-15.875 19.254 -42.999
-18.403 17.482 -40.669
-16.559 18.759 -37.515
-16.844 22.341 -38.957

-20.697 21.797 -39.029
-20.861 21.033 -35.24
-22.116 23.933 -33.104
-20.016 23.255 -29.939
-16.791 22.621 -31.971

-13.393 23.436 -30.391
-10.011 22.816 -32.063
-6.805 22.812 -29.99

-3.883 23.919 -32.209
-1.328 22.314 -29.773
-2.753 18.736 -29.691
-4.334 19.137 -33.217

-7.578 17.622 -31.79
-11.313 18.386 -31.995
-13.683 18.544 -28.991
-17.466 19.001 -28.65
-20.131 19.402 -25.91

-21.257 16.038 -24.476
-24.923 16.743 -25.497
-23.731 16.722 -29.178
-22.178 13.179 -28.839
-25.228 11.354 -30.322
-25.57 14.044 -33.093
-21.852 13.682 -34.021
-21.815 9.829 -34.037
-25.045 9.774 -36.128
-23.507 12.176 -38.75
-20.093 10.348 -38.803

-21.793 6.948 -39.527
-22.962 8.546 -42.834
-19.328 9.196 -43.991
-17.677 6.563 -46.261
-14.251 5.2 -45.121

-14.46 6.789 -41.562
-14.765 4.819 -38.279
-15.142 6.964 -35.114
-15.663 4.659 -32.101

-18.218 6.249 -29.657
-17.862 6.903 -25.912
-18.35 3.469 -24.195
-21.794 2.549 -22.772
-20.235 2.829 -19.255
-19.534 6.58 -19.812
-22.964 7.196 -21.431
-24.623 5.531 -18.378
-22.42 7.523 -15.909

-23.028 10.919 -17.654
-26.668 10.153 -18.714
-27.851 13.482 -17.123

-25.214 15.594 -18.963
-26 13.8 -22.296
-29.631 15.147 -21.909

-29.014 18.802 -20.797
-28.522 21.656 -23.337
-27.494 23.803 -20.296
-24.374 24.206 -18.108
-26.03 23.63 -14.722
-23.195 22.587 -12.38
-23.731 19.355 -10.334

-27.219 19.392 -8.694
-26.798 20.208 -4.988
-26.578 17.032 -2.906
-29.814 16.999 -0.82
-29.276 16.946 2.956
-30.305 13.551 4.343

-32.727 13.25 7.268
-30.389 11.851 9.975
-33.077 12.019 12.787
-33.159 8.159 12.923
-29.32 8.149 13.454
-27.82 8.306 16.969

-27.52 12.074 17.913
-23.991 11.509 19.371
-22.796 10.469 15.867
-24.731 13.185 13.93
-23.402 16.008 16.22
-19.738 14.82 15.861

-19.687 14.822 11.995
-17.445 17.587 10.586

-19.106 19.692 7.763
-17.231 17.783 4.996
-18.064 14.402 6.666
-21.796 15.407 6.677
-21.562 16.318 2.947
-19.943 12.855 2.346
-22.788 11.075 4.244
-25.363 13.084 2.191
-23.555 12.165 -1.104
-23.43 8.459 -0.115
-27.196 8.491 0.728
-28.024 10.343 -2.565

-25.973 7.645 -4.472
-28.214 5.048 -2.67
-25.512 3.7 -0.27

-23.352 2.353 -3.174
-19.956 4.118 -3.237
-16.209 4.012 -2.721
-15.295 6.541 0.021

-11.694 7.195 -1.128

-11.135 10.189 1.225
-7.504 10.605 2.377

-6.048 8.715 5.398
-7.361 9.956 8.784
-10.233 12.169 7.374
-12.706 9.981 9.408

-13.844 7.354 6.831
-15.012 5.081 9.734
-17.363 7.714 11.316
-18.876 8.506 7.854
-19.282 4.738 7.09
-21.02 4.042 10.461
-23.415 6.996 9.798
-24.247 5.855 6.195
-24.846 2.277 7.463
-26.955 3.52 10.461
-29.227 5.531 8.078

-29.9 2.058 6.507

-30.384 0.293 9.981
-33.886 -0.857 8.77
-32.05 -2.956 6.062
-29.626 -4.868 8.41
-27.981 -7.413 9.17

-24.774 -5.448 8.488
-21.551 -7.137 7.269
-18.235 -5.328 7.997
-15.132 -6.739 6.223
-11.829 -5.357 7.603

-8.05 -6.016 7.986
-7.416 -8.82 10.567
-5.856 -6.305 13.093
-8.689 -3.64 13.199

-11.758 -5.868 14.003
-11.895 -4.753 17.675
-11.154 -1.102 16.63
-14.365 -1.304 14.506
-16.414 -2.897 17.375
-15.268 -0.08 19.729
-16.109 2.476 16.969
-19.722 1.111 16.76
-20.082 1.14 20.611
-18.596 4.7 20.723
-20.823 6.195 17.978

-24.121 4.191 18.24
-24.851 3.95 22.056
-28.388 2.791 20.948
-26.764 -0.701 20.406
-26.03 -3.285 23.117

-22.632 -5.104 22.857
-24.638 -8.32 22.08
-25.78 -6.667 18.791

-22.091 -6.816 17.576
-20.505 -10.124 16.488
-16.681 -10.041 16.081

-15.702 -13.116 14.035
-12.316 -14.303 15.372
-12.201 -17.837 13.813
-13.405 -19.799 10.735
-15.769 -21.82 13.07
-17.788 -18.808 14.317
-21.352 -17.917 13.159
-21.075 -14.973 10.701
-24.816 -14.102 11.273
-24.919 -14.166 15.127
-25.108 -10.332 15.536
-27.08 -7.466 13.995

-23.588 -6.14 13.038
-21.065 -8.833 11.965
-17.336 -7.898 11.803
-15.009 -10.302 9.887
-11.529 -10.295 8.291

-10.658 -10.74 4.577
-8.757 -14.009 5.375
-11.833 -15.546 7.113
-14.3 -14.769 4.222

-12.926 -17.715 2.14
-13.287 -20.073 5.183
-16.843 -18.74 5.845
-18.014 -18.815 2.139
-20.731 -21.415 3.044
-22.243 -18.836 5.512
-21.955 -15.894 2.989
-25.071 -17.433 1.278
-27.188 -15.451 3.825
-28.094 -12.137 2.052
-26.367 -9.235 3.842
-28.236 -6.215 2.36

-25.704 -3.677 3.792
-21.936 -4.298 3.429
-19.007 -2.145 4.602
-15.517 -3.11 3.36

-12.662 -1.237 5.059
-9.341 -0.865 3.151

-11.066 -2.352 0.031
-7.765 -2.207 -1.968
-7.252 -5.742 -0.456
-9.774 -6.866 -3.176

-7.558 -5.436 -6.054
-6.861 -8.909 -7.611
-9.913 -10.983 -8.736
-7.994 -14.348 -8.638
-7.386 -14.116 -4.839

-9.551 -16.269 -2.508
-10.568 -13.122 -0.487
-11.832 -11.409 -3.693
-13.586 -14.593 -5.006
-15.461 -14.905 -1.648
-16.313 -11.137 -1.332
-17.465 -10.353 -4.925
-20.7 -12.523 -5.003
-21.961 -10.786 -1.799
-21.004 -7.272 -3.064
-22.893 -7.826 -6.386
-26.148 -8.927 -4.576

-26.072 -6.644 -1.465
-28.372 -3.542 -1.704

-25.826 -1.116 -0.104
-22.019 -1.347 -0.629
-19.769 1.077 1.29
-16.145 0.543 0.177
-13.427 2.479 2.088

-9.739 3.065 1.181
-6.998 5.712 1.573
-5.29 4.301 -1.537
-8.002 2.778 -3.832
-5.263 1.979 -6.345
-1.844 1.044 -4.877
0.179 1.273 -8.156
-1.96 0.815 -11.364

-5.486 1.412 -12.884
-6.145 -2.396 -13.101
-6.402 -2.518 -9.223
-9.619 -0.37 -9.379
-11.628 -2.846 -11.528
-12.904 -5.026 -8.614
-13.981 -1.892 -6.643
-15.738 -0.406 -9.758
-17.759 -3.638 -10.376
-18.545 -3.926 -6.614
-20.104 -0.383 -6.596

-21.607 -0.654 -10.172
-21.992 -4.37 -11.257
-23.172 -3.251 -14.78
-19.935 -1.29 -15.508
-17.337 -3.236 -17.592
-18.9 -6.785 -17.229
-15.576 -8.217 -18.571

-12.101 -7.019 -17.429
-10.719 -7.022 -21.032
-12.866 -3.967 -22.03
-11.565 -2.031 -18.959
-7.965 -3.199 -19.668
-8.028 -2.162 -23.384
-9.238 1.366 -22.43
-7.403 2.18 -19.142

-4.51 -0.351 -18.764
-2.851 0.132 -22.242
-3.499 -3.577 -22.858

-0.922 -5.224 -25.189
-1.171 -8.572 -27.031
2.109 -10.415 -26.274

3.105 -13.897 -27.702
2.055 -15.464 -24.315

-1.301 -13.571 -23.908
-2.465 -10.088 -22.814
-0.375 -7.663 -20.732

-2.386 -5.192 -18.538
0.545 -3.576 -16.579
0.214 -0.249 -18.472
-2.005 2.838 -18.126
-4.133 4.898 -20.565
-6.888 7.593 -20.643

-6.428 8.31 -16.868
-8.259 11.708 -16.967
-11.359 9.932 -18.424
-11.034 7.218 -15.72
-10.853 9.986 -13.027
-14.061 11.624 -14.396
-15.894 8.229 -14.505
-14.782 7.406 -10.918
-15.841 10.804 -9.431
-19.243 10.854 -11.244
-20.42 7.245 -10.709

-18.189 5.243 -8.243

-16.056 7.301 -5.859
-16.114 10.195 -3.388

-12.511 11.437 -2.855
-11.204 14.438 -0.866
-7.629 15.273 0.108

-6.103 16.757 3.336
-5.492 19.961 1.314
-9.247 20.21 0.414
-10.687 19.84 3.974

-7.876 20.335 6.596
-5.915 23.57 5.765
-4.501 23.333 9.365
-2.496 20.065 8.949

1.303 20.759 8.934
3.056 20.025 5.61

4.712 16.655 4.867
8.328 17.503 3.889
9.865 14.613 1.887
13.544 14.115 0.94
15.906 11.506 -0.462
18.947 10.811 1.779
21.766 9.257 -0.276

25.0343 7.33858 0.503838
28.3773 5.94868 1.49294

29.8778 4.59108 -1.72395
30.9256 1.37476 0.00818461
27.4378 0.895256 1.43938

26.3968 -1.89374 -1.04562
29.5348 -4.07474 -0.979623

31.0408 -5.34774 -4.27762
29.7288 -8.96574 -3.73662
26.1068 -7.76774 -3.18562
26.3838 -5.43774 -6.24662
27.8128 -8.28274 -8.39862
24.8748 -10.4997 -7.21362
22.3288 -7.76474 -8.21162
24.1258 -7.36674 -11.6016
24.0388 -11.1927 -12.0326
20.2658 -11.5017 -11.2846
19.5778 -8.44974 -13.5526
21.5328 -10.1257 -16.4396
19.7588 -13.4387 -15.6486
16.2618 -11.8867 -16.2326
17.3528 -10.5557 -19.7036

18.8328 -13.8857 -20.9556
17.0028 -14.9837 -24.1606
17.1438 -18.7637 -23.6256
15.2728 -18.9247 -20.2406
11.6998 -20.1527 -19.7336

8.90382 -17.7657 -18.5796
9.22282 -19.4277 -15.1166
13.0448 -18.9687 -14.8276
12.4938 -15.2667 -15.7986
9.90482 -14.9137 -12.9236
12.2728 -16.7337 -10.4866
15.2218 -14.4417 -11.4436
12.8708 -11.4037 -10.9876
11.8558 -12.6057 -7.46362
15.5708 -13.1867 -6.65662
16.5408 -9.66574 -7.92862
13.7138 -8.12674 -5.81362
14.6688 -10.0757 -2.61562
18.4018 -9.15874 -3.18262
17.3518 -5.46874 -3.54262
15.7008 -5.65774 -0.0826229
18.8608 -7.23874 1.48638
21.1608 -4.67774 -0.241623
19.1618 -1.70374 1.20438
19.1088 -2.89974 4.90238
22.3958 -1.14674 6.03938
21.4588 2.28626 4.56738
17.7738 1.93126 5.60738
19.1148 1.38326 9.17838
21.5868 4.32626 8.79138
18.6598 6.57726 7.70838
16.3478 5.42526 10.5984
19.1528 6.19326 13.1094
19.8068 9.64326 11.4844
16.0578 10.4403 11.9604
16.1848 9.42926 15.6854
19.5098 11.2943 16.2754

17.8518 14.3733 14.5924
15.3718 14.3583 17.5664
12.2028 13.0613 15.7754
9.50882 12.1083 18.3034
7.25582 9.75926 16.1794

7.47482 8.16426 12.6984
6.30682 5.08826 10.7274
8.67682 2.72626 8.85238
7.09082 0.659256 6.04838
8.71182 -2.49574 4.57738

7.32982 -5.79674 3.10038
10.2078 -8.34074 3.15538

10.3388 -10.0247 6.60838
14.2018 -9.82274 6.66638
13.9718 -5.96574 6.42438
11.3688 -5.78074 9.26838
13.5298 -8.21574 11.3544
16.7948 -6.23374 10.8004
15.1178 -2.85474 11.6464
13.5648 -4.28374 14.8854
16.9008 -5.91674 15.9154
18.8428 -2.61374 15.4954
16.1568 -0.600744 17.4034
16.3748 -3.19174 20.2684
20.2368 -2.96774 20.1534

19.9488 0.887256 20.4094
17.2808 0.455256 23.2104
14.7028 2.41526 21.1084
11.0988 1.72826 22.1774

9.09582 0.737256 19.0664
6.01082 -1.23074 17.9004
5.93282 -3.94774 15.1844
2.93082 -5.04874 13.0404

3.19682 -7.77074 10.3424
1.36382 -10.8667 8.92838
1.94182 -12.7837 12.2374
0.50782 -10.0347 14.5534
-3.00518 -11.0397 15.7424
-6.16818 -8.94374 15.0864
-6.54118 -7.83574 18.7744

-2.78318 -7.19374 19.3614
-2.79218 -4.96874 16.1944
-5.35318 -2.63674 17.8584
-3.50418 -2.69174 21.2424
-0.0681801 -1.90374 19.6344
-1.80918 0.865256 17.6114
-3.14318 2.35326 20.9114
0.33382 1.97026 22.5644
1.98182 3.98626 19.6964
-0.86618 6.58626 19.7464
-0.94018 7.15026 23.5574

2.69282 6.48726 24.6914
5.27682 9.26926 24.0054
8.07982 6.64126 24.4554
7.26882 4.63726 21.2774
9.23782 6.61826 18.6564

9.09582 4.09426 15.7434
6.33582 1.92326 14.2644
7.79782 -0.938744 12.1344
4.94182 -1.84874 9.76138
4.36782 -4.37674 6.97338

3.05582 -2.48074 3.87238
0.62682 -5.39074 3.16338
-0.43618 -6.23974 6.76038
-0.92318 -2.64574 8.12738
-2.64518 -1.11674 4.99438
-6.10618 -1.59074 6.68238
-8.10418 -0.634744 9.83338
-5.33718 1.13126 11.8284
-4.88818 4.90326 12.5134
-1.43518 6.44626 13.2224
-2.27218 10.1813 13.6684
0.43782 10.5133 16.4214
3.22182 10.4483 13.7484
4.10582 13.2533 11.2514

6.55282 11.1763 9.10938
6.24382 8.01226 6.96738
9.41082 6.24526 5.68238
9.03382 3.61226 2.93838

12.1938 1.48926 3.38238
10.9848 -0.530744 0.351377
8.97382 0.272256 -2.79662
5.78082 -1.69274 -3.59262
4.69482 -2.24674 -7.25962
1.04882 -1.27474 -6.51462

0.50882 2.50226 -5.86662
-2.96418 1.95426 -4.30362
-1.26318 0.0872559 -1.38362
1.35582 2.88326 -0.968623
-1.48118 5.51126 -0.814623
-3.36118 3.27126 1.72038
-0.18318 3.26426 3.90038
0.29082 7.11526 3.66838

-3.40718 7.59026 4.68638
-2.73318 5.74326 7.97038
-1.11218 9.02326 9.23538
-3.04418 11.5453 7.09038
-6.42818 11.0523 8.91438
-8.96818 13.2263 10.7974
-7.04418 14.1683 13.9944
-3.73618 14.9403 12.1724
-2.50718 18.5403 12.8864
1.01482 18.4713 11.2734
2.11782 18.4343 7.58738

2.73982 14.7533 6.76438
6.22982 13.9323 5.43238
6.49182 10.8813 3.09738
10.0528 9.62926 2.35638
10.5568 6.94526 -0.355623
13.9768 5.25026 0.152377
15.5098 4.23426 -3.25062

18.8988 2.73426 -4.27262
20.5998 3.25326 -7.70162
21.7058 -0.111744 -9.22562
18.6828 -2.08674 -7.80762
15.0108 -3.08674 -8.43362

13.9988 0.497256 -7.35462
15.3178 1.84126 -10.7386
12.5378 -0.166744 -12.5486
9.83882 -0.0897441 -9.81462
9.80282 3.72426 -9.39462
8.99182 4.56626 -13.1086
6.40682 1.67926 -13.0586
4.69782 3.11626 -9.91462
4.71082 6.62926 -11.5316
3.01782 5.54626 -14.8136
0.41682 3.62126 -12.6986
-0.42518 6.75626 -10.5796
-0.78518 8.74826 -13.8516
-3.25818 6.10326 -15.2166
-5.18018 6.36926 -11.8846
-5.16518 10.2333 -12.0486
-6.39218 10.3173 -15.7186

-9.26518 7.99526 -14.6016
-10.0652 10.5373 -11.7566
-8.98918 7.93626 -9.11262
-5.96918 9.84326 -7.63662
-4.79418 13.4583 -7.06462
-1.33618 12.0193 -6.32962
1.13782 13.1553 -8.97462
4.57782 11.4833 -8.50162
6.46282 13.2893 -11.3906

7.46882 16.3783 -9.30862
9.51682 14.1893 -6.86562
11.8638 12.8723 -9.64462
12.7148 16.2693 -11.2036

13.9798 17.2283 -7.67362
16.4648 14.2553 -7.25062

End chain 1
