-13.201 -6.296 -53.957
-10.703 -3.406 -53.291
-9.54 -3.087 -49.639
-11.02 0.322 -48.639
-8.614 1.85 -46.053
-10.787 3.126 -43.162

-9.634 6.195 -41.181
-10.061 4.9 -37.589
-10.286 6.838 -34.306
-12.195 7.103 -30.979
-14.163 9.439 -28.711
-12.619 10.223 -25.263
-14.157 12.207 -22.344

-11.943 15.248 -21.466
-14.301 16.978 -18.949
-17.827 16.65 -17.399
-19.139 18.761 -20.353

-16.752 17.96 -23.312
-15.482 14.956 -25.281
-12.62 14.751 -27.824
-12.437 12.939 -31.204
-8.982 11.264 -31.393
-8.672 10.357 -35.1

-6.282 10.744 -38.079
-6.98 13.557 -40.6
-9.895 13.022 -43.051

-11.208 15.853 -45.293
-14.92 14.856 -45.011
-14.611 14.37 -41.226
-13.015 17.857 -40.827
-15.875 19.254 -42.999
-18.403 17.482 -40.669
-16.559 18.759 -37.515
-16.844 22.341 -38.957

-20.697 21.797 -39.029
-20.861 21.033 -35.24
-22.116 23.933 -33.104
-20.016 23.255 -29.939
-16.791 22.621 -31.971

-13.393 23.436 -30.391
-10.011 22.816 -32.063
-6.805 22.812 -29.99

-3.883 23.919 -32.209
-1.328 22.314 -29.773
-2.753 18.736 -29.691
-4.334 19.137 -33.217

-7.578 17.622 -31.79
-11.313 18.386 -31.995
-13.683 18.544 -28.991
-17.466 19.001 -28.65
-20.131 19.402 -25.91

-21.257 16.038 -24.476
-24.923 16.743 -25.497
-23.731 16.722 -29.178
-22.178 13.179 -28.839
-25.228 11.354 -30.322
-25.57 14.044 -33.093
-21.852 13.682 -34.021
-21.815 9.829 -34.037
-25.045 9.774 -36.128
-23.507 12.176 -38.75
-20.093 10.348 -38.803

-21.793 6.948 -39.527
-22.962 8.546 -42.834
-19.328 9.196 -43.991
-17.677 6.563 -46.261
-14.251 5.2 -45.121

-14.46 6.789 -41.562
-14.765 4.819 -38.279
-15.142 6.964 -35.114
-15.663 4.659 -32.101

-18.218 6.249 -29.657
-17.862 6.903 -25.912
-18.35 3.469 -24.195
-21.794 2.549 -22.772
-20.235 2.829 -19.255
-19.534 6.58 -19.812
-22.964 7.196 -21.431
-24.623 5.531 -18.378
-22.42 7.523 -15.909

-23.028 10.919 -17.654
-26.668 10.153 -18.714
-27.851 13.482 -17.123

-25.214 15.594 -18.963
-26 13.8 -22.296
-29.631 15.147 -21.909

-29.014 18.802 -20.797
-28.522 21.656 -23.337
-27.494 23.803 -20.296
-24.374 24.206 -18.108
-26.03 23.63 -14.722
-23.195 22.587 -12.38
-23.731 19.355 -10.334

-27.219 19.392 -8.694
-26.798 20.208 -4.988
-26.578 17.032 -2.906
-29.814 16.999 -0.82
-29.276 16.946 2.956
-30.305 13.551 4.343

-32.727 13.25 7.268
-30.389 11.851 9.975
-33.077 12.019 12.787
-33.159 8.159 12.923
-29.32 8.149 13.454
-27.82 8.306 16.969

-27.52 12.074 17.913
-23.991 11.509 19.371
-22.796 10.469 15.867
-24.731 13.185 13.93
-23.402 16.008 16.22
-19.738 14.82 15.861

-19.687 14.822 11.995
-17.445 17.587 10.586

-19.106 19.692 7.763
-17.231 17.783 4.996
-18.064 14.402 6.666
-21.796 15.407 6.677
-21.562 16.318 2.947
-19.943 12.855 2.346
-22.788 11.075 4.244
-25.363 13.084 2.191
-23.555 12.165 -1.104
-23.43 8.459 -0.115
-27.196 8.491 0.728
-28.024 10.343 -2.565

-25.973 7.645 -4.472
-28.214 5.048 -2.67
-25.512 3.7 -0.27

-23.352 2.353 -3.174
-19.956 4.118 -3.237
-16.209 4.012 -2.721
-15.295 6.541 0.021

-11.694 7.195 -1.128

-11.135 10.189 1.225
-7.504 10.605 2.377

-6.048 8.715 5.398
-7.361 9.956 8.784
-10.233 12.169 7.374
-12.706 9.981 9.408

-13.844 7.354 6.831
-15.012 5.081 9.734
-17.363 7.714 11.316
-18.876 8.506 7.854
-19.282 4.738 7.09
-21.02 4.042 10.461
-23.415 6.996 9.798
-24.247 5.855 6.195
-24.846 2.277 7.463
-26.955 3.52 10.461
-29.227 5.531 8.078

-29.9 2.058 6.507

-30.384 0.293 9.981
-33.886 -0.857 8.77
-32.05 -2.956 6.062
-29.626 -4.868 8.41
-27.981 -7.413 9.17

-24.774 -5.448 8.488
-21.551 -7.137 7.269
-18.235 -5.328 7.997
-15.132 -6.739 6.223
-11.829 -5.357 7.603

-8.05 -6.016 7.986
-7.416 -8.82 10.567
-5.856 -6.305 13.093
-8.689 -3.64 13.199

-11.758 -5.868 14.003
-11.895 -4.753 17.675
-11.154 -1.102 16.63
-14.365 -1.304 14.506
-16.414 -2.897 17.375
-15.268 -0.08 19.729
-16.109 2.476 16.969
-19.722 1.111 16.76
-20.082 1.14 20.611
-18.596 4.7 20.723
-20.823 6.195 17.978

-24.121 4.191 18.24
-24.851 3.95 22.056
-28.388 2.791 20.948
-26.764 -0.701 20.406
-26.03 -3.285 23.117

-22.632 -5.104 22.857
-24.638 -8.32 22.08
-25.78 -6.667 18.791

-22.091 -6.816 17.576
-20.505 -10.124 16.488
-16.681 -10.041 16.081

-15.702 -13.116 14.035
-12.316 -14.303 15.372
-12.201 -17.837 13.813
-13.405 -19.799 10.735
-15.769 -21.82 13.07
-17.788 -18.808 14.317
-21.352 -17.917 13.159
-21.075 -14.973 10.701
-24.816 -14.102 11.273
-24.919 -14.166 15.127
-25.108 -10.332 15.536
-27.08 -7.466 13.995

-23.588 -6.14 13.038
-21.065 -8.833 11.965
-17.336 -7.898 11.803
-15.009 -10.302 9.887
-11.529 -10.295 8.291

-10.658 -10.74 4.577
-8.757 -14.009 5.375
-11.833 -15.546 7.113
-14.3 -14.769 4.222

-12.926 -17.715 2.14
-13.287 -20.073 5.183
-16.843 -18.74 5.845
-18.014 -18.815 2.139
-20.731 -21.415 3.044
-22.243 -18.836 5.512
-21.955 -15.894 2.989
-25.071 -17.433 1.278
-27.188 -15.451 3.825
-28.094 -12.137 2.052
-26.367 -9.235 3.842
-28.236 -6.215 2.36

-25.704 -3.677 3.792
-21.936 -4.298 3.429
-19.007 -2.145 4.602
-15.517 -3.11 3.36

-12.662 -1.237 5.059
-9.341 -0.865 3.151

-11.066 -2.352 0.031
-7.765 -2.207 -1.968
-7.252 -5.742 -0.456
-9.774 -6.866 -3.176

-7.558 -5.436 -6.054
-6.861 -8.909 -7.611
-9.913 -10.983 -8.736
-7.994 -14.348 -8.638
-7.386 -14.116 -4.839

-9.551 -16.269 -2.508
-10.568 -13.122 -0.487
-11.832 -11.409 -3.693
-13.586 -14.593 -5.006
-15.461 -14.905 -1.648
-16.313 -11.137 -1.332
-17.465 -10.353 -4.925
-20.7 -12.523 -5.003
-21.961 -10.786 -1.799
-21.004 -7.272 -3.064
-22.893 -7.826 -6.386
-26.148 -8.927 -4.576

-26.072 -6.644 -1.465
-28.372 -3.542 -1.704

-25.826 -1.116 -0.104
-22.019 -1.347 -0.629
-19.769 1.077 1.29
-16.145 0.543 0.177
-13.427 2.479 2.088

-9.78167 3.47269 1.91049
-6.11725 4.61331 1.27169
-3.12173 6.90777 0.667223
-5.66223 9.74015 0.831967
-5.15114 10.9483 4.42258
-1.33798 10.2638 4.53577
1.41176 7.96472 3.24793
2.77115 6.19736 6.20626

3.03873 3.84884 9.18213
-0.175979 5.21908 10.6758
-2.01852 4.75096 7.38506
-0.819701 1.15482 7.11395
-1.97035 0.402184 10.6569
-5.40739 1.86385 9.95464
-5.76026 -0.229521 6.80247
-4.8178 -3.39484 8.68274
-7.37574 -2.66066 11.3958
-10.1042 -2.10759 8.80885
-9.27748 -5.39581 7.09217

-10.7805 -5.66681 3.51617
-11.1655 -9.38281 2.43117
-12.3455 -8.26381 -1.09183
-9.10848 -6.30281 -1.81983
-6.51048 -8.24881 -3.90383
-8.07348 -11.7978 -3.54083
-4.74948 -13.2298 -4.88283

-1.27448 -12.0318 -3.74083
0.107521 -12.0348 -7.34383
-2.03948 -8.97981 -8.34183
-0.738479 -7.04381 -5.27083
2.86152 -8.21181 -5.97983
2.79852 -7.17481 -9.69583
1.58852 -3.64681 -8.74183
3.42352 -2.83281 -5.45383

6.31652 -5.36381 -5.07583
7.97552 -4.88081 -8.55383
7.32752 -8.58981 -9.16983

9.90452 -10.2368 -11.5008
9.65552 -13.5848 -13.3428
12.9355 -15.4278 -12.5858

13.9315 -18.9098 -14.0138
12.8815 -20.4768 -10.6268

9.52552 -18.5838 -10.2198
8.36152 -15.1008 -9.12583
10.4515 -12.6758 -7.04383

8.44052 -10.2048 -4.84983
11.3715 -8.58881 -2.89083
11.0405 -5.26181 -4.78383
8.82152 -2.17481 -4.43783
6.69352 -0.114808 -6.87683
3.93852 2.58019 -6.95483

4.39852 3.29719 -3.17983
2.56752 6.69519 -3.27883
-0.532479 4.91919 -4.73583
-0.207479 2.20519 -2.03183
-0.0264793 4.97319 0.661169
-3.23448 6.61119 -0.707831
-5.06748 3.21619 -0.816831
-3.95548 2.39319 2.77017
-5.01448 5.79119 4.25717
-8.41648 5.84119 2.44417
-9.59348 2.23219 2.97917

-7.36248 0.230192 5.44517

-5.22948 2.28819 7.82917
-5.28748 5.18219 10.3002

-1.68448 6.42419 10.8332
-0.377479 9.42519 12.8222
3.19752 10.2602 13.7962

4.72352 11.7442 17.0242
5.33452 14.9482 15.0022
1.57952 15.1972 14.1022
0.139521 14.8272 17.6622

2.95052 15.3222 20.2842
4.91152 18.5572 19.4532
6.32552 18.3202 23.0532
8.33052 15.0522 22.6372

12.1295 15.7462 22.6222
13.8825 15.0122 19.2982

15.5385 11.6422 18.5552
19.1545 12.4902 17.5772
20.6915 9.60019 15.5752
24.3705 9.10219 14.6282
26.7325 6.49319 13.2262
29.7735 5.79819 15.4672
32.5925 4.24419 13.4122

34.3725 2.04319 16.0032
38.0875 1.86219 15.1932

39.0715 -1.36881 13.2702
42.6865 -0.897808 14.5982
41.6485 -3.08981 17.6202

40.6075 -5.87881 15.1352
43.7455 -8.05981 15.2012

45.2515 -9.33281 11.9032
43.9395 -12.9508 12.4442
40.3175 -11.7528 12.9952
40.5945 -9.42281 9.93417
42.0235 -12.2678 7.78217
39.0855 -14.4848 8.96717
36.5395 -11.7498 7.96917
38.3365 -11.3518 4.57917
38.2495 -15.1778 4.14817
34.4765 -15.4868 4.89617
33.7885 -12.4348 2.62817
35.7435 -14.1108 -0.258831
33.9695 -17.4238 0.532169
30.4725 -15.8718 -0.0518307
31.5635 -14.5408 -3.52283

33.0435 -17.8708 -4.77483
31.2135 -18.9688 -7.97983
31.3545 -22.7488 -7.44483
29.4835 -22.9098 -4.05983
25.9105 -24.1378 -3.55283

23.1145 -21.7508 -2.39883
23.4335 -23.4128 1.06417
27.2555 -22.9538 1.35317
26.7045 -19.2518 0.382169
24.1155 -18.8988 3.25717
26.4835 -20.7188 5.69417
29.4325 -18.4268 4.73717
27.0815 -15.3888 5.19317
26.0665 -16.5908 8.71717
29.7815 -17.1718 9.52417
30.7515 -13.6508 8.25217
27.9245 -12.1118 10.3672
28.8795 -14.0608 13.5652
32.6125 -13.1438 12.9982
31.5625 -9.45381 12.6382
29.9115 -9.64281 16.0982
33.0715 -11.2238 17.6672
35.3715 -8.66281 15.9392
33.3725 -5.68881 17.3852
33.3195 -6.88481 21.0832
36.6065 -5.13181 22.2202
35.6695 -1.69881 20.7482
31.9845 -2.05381 21.7882
33.3255 -2.60181 25.3592
35.7975 0.341192 24.9722
32.8705 2.59219 23.8892
30.5585 1.44019 26.7792
33.3635 2.20819 29.2902
34.0175 5.65819 27.6652
30.2685 6.45519 28.1412
30.3955 5.44419 31.8662
33.7205 7.30919 32.4562

32.0625 10.3882 30.7732
29.5825 10.3732 33.7472
26.4135 9.07619 31.9562
23.7195 8.12319 34.4842
21.4665 5.77419 32.3602

21.6855 4.17919 28.8792
20.5175 1.10319 26.9082
22.8875 -1.25881 25.0332
21.3015 -3.32581 22.2292
22.9225 -6.48081 20.7582

21.5405 -9.78181 19.2812
24.4185 -12.3258 19.3362

24.5495 -14.0098 22.7892
28.4125 -13.8078 22.8472
28.1825 -9.95081 22.6052
25.5795 -9.76581 25.4492
27.7405 -12.2008 27.5352
31.0055 -10.2188 26.9812
29.3285 -6.83981 27.8272
27.7755 -8.26881 31.0662
31.1115 -9.90181 32.0962
33.0535 -6.59881 31.6762
30.3675 -4.58581 33.5842
30.5855 -7.17681 36.4492
34.4475 -6.95281 36.3342

34.1595 -3.09781 36.5902
31.4915 -3.52981 39.3912
28.9135 -1.56981 37.2892
25.3095 -2.25681 38.3582

23.3065 -3.24781 35.2472
20.2215 -5.21581 34.0812
20.1435 -7.93281 31.3652
17.1415 -9.03381 29.2212

17.4075 -11.7558 26.5232
15.5745 -14.8518 25.1092
16.1525 -16.7688 28.4182
14.7185 -14.0198 30.7342
11.2055 -15.0248 31.9232
8.04252 -12.9288 31.2672
7.66952 -11.8208 34.9552

11.4275 -11.1788 35.5422
11.4185 -8.95381 32.3752
8.85752 -6.62181 34.0392
10.7065 -6.67681 37.4232
14.1425 -5.88881 35.8152
12.4015 -3.11981 33.7922
11.0675 -1.63181 37.0922
14.5445 -2.01481 38.7452
16.1925 0.00119183 35.8772
13.3445 2.60119 35.9272
13.2705 3.16519 39.7382

16.9035 2.50219 40.8722
19.4875 5.28419 40.1862
22.2905 2.65619 40.6362
21.4795 0.652192 37.4582
23.4485 2.63319 34.8372

23.3065 0.109192 31.9242
20.5465 -2.06181 30.4452
22.0085 -4.92381 28.3152
19.1525 -5.83381 25.9422
18.5785 -8.36181 23.1542

17.2665 -6.46581 20.0532
14.8375 -9.37581 19.3442
13.7745 -10.2248 22.9412
13.2875 -6.63081 24.3082
11.5655 -5.10181 21.1752
8.10452 -5.57581 22.8632
6.10652 -4.61981 26.0142
8.87352 -2.85381 28.0092
9.32252 0.918192 28.6942
12.7755 2.46119 29.4032
11.9385 6.19619 29.8492
14.6485 6.52819 32.6022
17.4325 6.46319 29.9292
18.3165 9.26819 27.4322

20.7635 7.19119 25.2902
20.4545 4.02719 23.1482
23.6215 2.26019 21.8632
23.2445 -0.372808 19.1192

26.4045 -2.49581 19.5632
25.1955 -4.51581 16.5322
23.1845 -3.71281 13.3842
19.9915 -5.67781 12.5882
18.9055 -6.23181 8.92117
15.2595 -5.25981 9.66617

14.7195 -1.48281 10.3142
11.2465 -2.03081 11.8772
12.9475 -3.89781 14.7972
15.5665 -1.10181 15.2122
12.7295 1.52619 15.3662
10.8495 -0.713808 17.9012
14.0275 -0.720808 20.0812
14.5015 3.13019 19.8492

10.8035 3.60519 20.8672
11.4775 1.75819 24.1512
13.0985 5.03819 25.4162
11.1665 7.56019 23.2712
7.78252 7.06719 25.0952
5.24252 9.24119 26.9782
7.16652 10.1832 30.1752
10.4745 10.9552 28.3532
11.7035 14.5552 29.0672
15.2255 14.4862 27.4542
16.3285 14.4492 23.7682

16.9505 10.7682 22.9452
20.4405 9.94719 21.6132
20.7025 6.89619 19.2782
24.2635 5.64419 18.5372
24.7675 2.96019 15.8252
28.1875 1.26519 16.3332
29.7205 0.249192 12.9302

33.1095 -1.25081 11.9082
34.8105 -0.731808 8.47917
35.9165 -4.09681 6.95517
32.8935 -6.07181 8.37317
29.2215 -7.07181 7.74717

28.2095 -3.48781 8.82617
29.5285 -2.14381 5.44217
26.7485 -4.15181 3.63217
24.0495 -4.07481 6.36617
24.0135 -0.260808 6.78617
23.2025 0.581192 3.07217
20.6175 -2.30581 3.12217
18.9085 -0.868808 6.26617
18.9215 2.64419 4.64917
17.2285 1.56119 1.36717
14.6275 -0.363808 3.48217
13.7855 2.77119 5.60117
13.4255 4.76319 2.32917
10.9525 2.11819 0.964169
9.03052 2.38419 4.29617
9.04552 6.24819 4.13217
7.81852 6.33219 0.462169

4.94552 4.01019 1.57917
4.14552 6.55219 4.42417
5.22152 3.95119 7.06817
8.24152 5.85819 8.54417
9.41652 9.47319 9.11617
12.8745 8.03419 9.85117
15.3485 9.17019 7.20617
18.7885 7.49819 7.67917
20.6735 9.30419 4.79017

21.6795 12.3932 6.87217
23.7275 10.2042 9.31517
26.0745 8.88719 6.53617
26.9255 12.2842 4.97717

28.1905 13.2432 8.50717
30.6755 10.2702 8.93017

End chain 1
