0 0 0
0 0 3.72827
-1.14631 -1.3869 7.16057
-2.46913 -3.6815 4.49778
-0.816649 -4.29213 1.06394
-3.98191 -2.55039 -0.373455

-6.37128 -2.00569 -3.30179
-7.09416 -5.60357 -4.01674
-9.47513 -8.04045 -5.63948
-8.01236 -8.80426 -9.13871
-5.00727 -8.76232 -11.6003
-3.08017 -11.8377 -12.9345
-1.20027 -14.7287 -14.6

1.01373 -11.6877 -13.722
-1.34427 -9.95769 -11.205
-4.87027 -10.2857 -9.65504
-6.18227 -8.17469 -12.609

-3.79527 -8.97569 -15.568
-2.52527 -11.9797 -17.537
0.336732 -12.1847 -20.08
0.519732 -13.9967 -23.46
3.97473 -15.6717 -23.649
4.28473 -16.5787 -27.356

6.67473 -16.1917 -30.335
5.97673 -13.3787 -32.856
3.06173 -13.9137 -35.307

1.74873 -11.0827 -37.549
-1.96327 -12.0797 -37.267
-1.65427 -12.5657 -33.482
-0.0582684 -9.07869 -33.083
-2.91827 -7.68169 -35.255
-5.44627 -9.45369 -32.925
-3.60227 -8.17669 -29.771
-3.88727 -4.59469 -31.213

-7.74027 -5.13869 -31.285
-7.90427 -5.90269 -27.496
-9.15927 -3.00269 -25.36
-7.05927 -3.68069 -22.195
-3.83427 -4.31469 -24.227

-0.436268 -3.49969 -22.647
2.94573 -4.11969 -24.319
6.15173 -4.12369 -22.246

9.07373 -3.01669 -24.465
11.6287 -4.62169 -22.029
10.2037 -8.19969 -21.947
8.62273 -7.79869 -25.473

5.37873 -9.31369 -24.046
1.64373 -8.54969 -24.251
-0.726268 -8.39169 -21.247
-4.50927 -7.93469 -20.906
-7.17427 -7.53369 -18.166

-8.30027 -10.8977 -16.732
-11.9663 -10.1927 -17.753
-10.7743 -10.2137 -21.434
-9.22127 -13.7567 -21.095
-12.2713 -15.5817 -22.578
-12.6133 -12.8917 -25.349
-8.89527 -13.2537 -26.277
-8.85827 -17.1067 -26.293
-12.0883 -17.1617 -28.384
-10.5503 -14.7597 -31.006
-7.13627 -16.5877 -31.059

-8.83627 -19.9877 -31.783
-10.0053 -18.3897 -35.09
-6.37127 -17.7397 -36.247
-4.72027 -20.3727 -38.517
-1.29427 -21.7357 -37.377

-1.50327 -20.1467 -33.818
-1.80827 -22.1167 -30.535
-2.18527 -19.9717 -27.37
-2.70627 -22.2767 -24.357

-5.26127 -20.6867 -21.913
-4.90527 -20.0327 -18.168
-5.39327 -23.4667 -16.451
-8.83727 -24.3867 -15.028
-7.27827 -24.1067 -11.511
-6.57727 -20.3557 -12.068
-10.0073 -19.7397 -13.687
-11.6663 -21.4047 -10.634
-9.46327 -19.4127 -8.16504

-10.0713 -16.0167 -9.91004
-13.7113 -16.7827 -10.97
-14.8943 -13.4537 -9.37904

-12.2573 -11.3417 -11.219
-13.0433 -13.1357 -14.552
-16.6743 -11.7887 -14.165

-16.0573 -8.13369 -13.053
-15.5653 -5.27969 -15.593
-14.5373 -3.13269 -12.552
-11.4173 -2.72969 -10.364
-13.0733 -3.30569 -6.97804
-10.2383 -4.34869 -4.63604
-10.7743 -7.58069 -2.59004

-14.2623 -7.54369 -0.950043
-13.8413 -6.72769 2.75596
-13.6213 -9.90369 4.83796
-16.8573 -9.93669 6.92396
-16.3193 -9.98969 10.7
-17.3483 -13.3847 12.087

-19.7703 -13.6857 15.012
-17.4323 -15.0847 17.719
-20.1203 -14.9167 20.531
-20.2023 -18.7767 20.667
-16.3633 -18.7867 21.198
-14.8633 -18.6297 24.713

-14.5633 -14.8617 25.657
-11.0343 -15.4267 27.115
-9.83927 -16.4667 23.611
-11.7743 -13.7507 21.674
-10.4453 -10.9277 23.964
-6.78127 -12.1157 23.605

-6.73027 -12.1137 19.739
-4.48827 -9.34869 18.33

-6.14927 -7.24369 15.507
-4.27427 -9.15269 12.74
-5.10727 -12.5337 14.41
-8.83927 -11.5287 14.421
-8.60527 -10.6177 10.691
-6.98627 -14.0807 10.09
-9.83127 -15.8607 11.988
-12.4063 -13.8517 9.93496
-10.5983 -14.7707 6.63996
-10.4733 -18.4767 7.62896
-14.2393 -18.4447 8.47196
-15.0673 -16.5927 5.17896

-13.0163 -19.2907 3.27196
-15.2573 -21.8877 5.07396
-12.5553 -23.2357 7.47396

-10.3953 -24.5827 4.56996
-6.99927 -22.8177 4.50696
-3.25227 -22.9237 5.02296
-2.33827 -20.3947 7.76496

1.26273 -19.7407 6.61596

1.82173 -16.7467 8.96896
5.45273 -16.3307 10.121

6.90873 -18.2207 13.142
5.59573 -16.9797 16.528
2.72373 -14.7667 15.118
0.250732 -16.9547 17.152

-0.887268 -19.5817 14.575
-2.05527 -21.8547 17.478
-4.40627 -19.2217 19.06
-5.91927 -18.4297 15.598
-6.32527 -22.1977 14.834
-8.06327 -22.8937 18.205
-10.4583 -19.9397 17.542
-11.2903 -21.0807 13.939
-11.8893 -24.6587 15.207
-13.9983 -23.4157 18.205
-16.2703 -21.4047 15.822

-16.9433 -24.8777 14.251

-17.4273 -26.6427 17.725
-20.9293 -27.7927 16.514
-19.0933 -29.8917 13.806
-16.6693 -31.8037 16.154
-15.0243 -34.3487 16.914

-11.8173 -32.3837 16.232
-8.59427 -34.0727 15.013
-5.27827 -32.2637 15.741
-2.17527 -33.6747 13.967
1.12773 -32.2927 15.347

4.90673 -32.9517 15.73
5.54073 -35.7557 18.311
7.10073 -33.2407 20.837
4.26773 -30.5757 20.943

1.19873 -32.8037 21.747
1.06173 -31.6887 25.419
1.80273 -28.0377 24.374
-1.40827 -28.2397 22.25
-3.45727 -29.8327 25.119
-2.31127 -27.0157 27.473
-3.15227 -24.4597 24.713
-6.76527 -25.8247 24.504
-7.12527 -25.7957 28.355
-5.63927 -22.2357 28.467
-7.86627 -20.7407 25.722

-11.1643 -22.7447 25.984
-11.8943 -22.9857 29.8
-15.4313 -24.1447 28.692
-13.8073 -27.6367 28.15
-13.0733 -30.2207 30.861

-9.67527 -32.0397 30.601
-11.6813 -35.2557 29.824
-12.8233 -33.6027 26.535

-9.13427 -33.7517 25.32
-7.54827 -37.0597 24.232
-3.72427 -36.9767 23.825

-2.74527 -40.0517 21.779
0.640732 -41.2387 23.116
0.755732 -44.7727 21.557
-0.448268 -46.7347 18.479
-2.81227 -48.7557 20.814
-4.83127 -45.7437 22.061
-8.39527 -44.8527 20.903
-8.11827 -41.9087 18.445
-11.8593 -41.0377 19.017
-11.9623 -41.1017 22.871
-12.1513 -37.2677 23.28
-14.1233 -34.4017 21.739

-10.6313 -33.0757 20.782
-8.10827 -35.7687 19.709
-4.37927 -34.8337 19.547
-2.05227 -37.2377 17.631
1.42773 -37.2307 16.035

2.29873 -37.6757 12.321
4.19973 -40.9447 13.119
1.12373 -42.4817 14.857
-1.34327 -41.7047 11.966

0.0307316 -44.6507 9.88396
-0.330268 -47.0087 12.927
-3.88627 -45.6757 13.589
-5.05727 -45.7507 9.88296
-7.77427 -48.3507 10.788
-9.28627 -45.7717 13.256
-8.99827 -42.8297 10.733
-12.1143 -44.3687 9.02196
-14.2313 -42.3867 11.569
-15.1373 -39.0727 9.79596
-13.4103 -36.1707 11.586
-15.2793 -33.1507 10.104

-12.7473 -30.6127 11.536
-8.97927 -31.2337 11.173
-6.05027 -29.0807 12.346
-2.56027 -30.0457 11.104

0.294732 -28.1727 12.803
3.61573 -27.8007 10.895

1.89073 -29.2877 7.77496
5.19173 -29.1427 5.77596
5.70473 -32.6777 7.28796
3.18273 -33.8017 4.56796

5.39873 -32.3717 1.68996
6.09573 -35.8447 0.132957
3.04373 -37.9187 -0.992043
4.96273 -41.2837 -0.894043
5.57073 -41.0517 2.90496

3.40573 -43.2047 5.23596
2.38873 -40.0577 7.25696
1.12473 -38.3447 4.05096
-0.629268 -41.5287 2.73796
-2.50427 -41.8407 6.09596
-3.35627 -38.0727 6.41196
-4.50827 -37.2887 2.81896
-7.74327 -39.4587 2.74096
-9.00427 -37.7217 5.94496
-8.04727 -34.2077 4.67996
-9.93627 -34.7617 1.35796
-13.1913 -35.8627 3.16796

-13.1153 -33.5797 6.27896
-15.4153 -30.4777 6.03996

-12.8693 -28.0517 7.63996
-9.06227 -28.2827 7.11496
-6.81227 -25.8587 9.03396
-3.18827 -26.3927 7.92096
-0.470268 -24.4567 9.83196

3.21773 -23.8707 8.92496
5.95873 -21.2237 9.31696
7.66673 -22.6347 6.20696
4.95473 -24.1577 3.91196
7.69373 -24.9567 1.39896
11.1127 -25.8917 2.86696
13.1357 -25.6627 -0.412043
10.9967 -26.1207 -3.62004

7.47073 -25.5237 -5.14004
6.81173 -29.3317 -5.35704
6.55473 -29.4537 -1.47904
3.33773 -27.3057 -1.63504
1.32873 -29.7817 -3.78404
0.0527316 -31.9617 -0.870043
-1.02427 -28.8277 1.10096
-2.78127 -27.3417 -2.01404
-4.80227 -30.5737 -2.63204
-5.58827 -30.8617 1.12996
-7.14727 -27.3187 1.14796

-8.65027 -27.5897 -2.42804
-9.03527 -31.3057 -3.51304
-10.2153 -30.1867 -7.03604
-6.97827 -28.2257 -7.76404
-4.38027 -30.1717 -9.84804
-5.94327 -33.7207 -9.48504
-2.61927 -35.1527 -10.827

0.855732 -33.9547 -9.68504
2.23773 -33.9577 -13.288
0.0907316 -30.9027 -14.286
1.39173 -28.9667 -11.215
4.99173 -30.1347 -11.924
4.92873 -29.0977 -15.64
3.71873 -25.5697 -14.686
5.55373 -24.7557 -11.398

8.44673 -27.2867 -11.02
10.1057 -26.8037 -14.498
9.45773 -30.5127 -15.114

12.0347 -32.1597 -17.445
11.7857 -35.5077 -19.287
15.0657 -37.3507 -18.53

16.0617 -40.8327 -19.958
15.0117 -42.3997 -16.571

11.6557 -40.5067 -16.164
10.4917 -37.0237 -15.07
12.5817 -34.5987 -12.988

10.5707 -32.1277 -10.794
13.5017 -30.5117 -8.83504
13.1707 -27.1847 -10.728
10.9517 -24.0977 -10.382
8.82373 -22.0377 -12.821
6.06873 -19.3427 -12.899

6.52873 -18.6257 -9.12404
4.69773 -15.2277 -9.22304
1.59773 -17.0037 -10.68
1.92273 -19.7177 -7.97604
2.10373 -16.9497 -5.28304
-1.10427 -15.3117 -6.65204
-2.93727 -18.7067 -6.76104
-1.82527 -19.5297 -3.17404
-2.88427 -16.1317 -1.68704
-6.28627 -16.0817 -3.50004
-7.46327 -19.6907 -2.96504

-5.23227 -21.6927 -0.499043

-3.09927 -19.6347 1.88496
-3.15727 -16.7407 4.35596

0.445732 -15.4987 4.88896
1.75273 -12.4977 6.87796
5.32773 -11.6627 7.85196

6.85373 -10.1787 11.08
7.46473 -6.97469 9.05796
3.70973 -6.72569 8.15796
2.26973 -7.09569 11.718

5.08073 -6.60069 14.34
7.04173 -3.36569 13.509
8.45573 -3.60269 17.109
10.4607 -6.87069 16.693

14.2597 -6.17669 16.678
16.0127 -6.91069 13.354

17.6687 -10.2807 12.611
21.2847 -9.43269 11.633
22.8217 -12.3227 9.63096
26.5007 -12.8207 8.68396
28.8627 -15.4297 7.28196
31.9037 -16.1247 9.52296
34.7227 -17.6787 7.46796

36.5027 -19.8797 10.059
40.2177 -20.0607 9.24896

41.2017 -23.2917 7.32596
44.8167 -22.8207 8.65396
43.7787 -25.0127 11.676

42.7377 -27.8017 9.19096
45.8757 -29.9827 9.25696

47.3817 -31.2557 5.95896
46.0697 -34.8737 6.49996
42.4477 -33.6757 7.05096
42.7247 -31.3457 3.98996
44.1537 -34.1907 1.83796
41.2157 -36.4077 3.02296
38.6697 -33.6727 2.02496
40.4667 -33.2747 -1.36504
40.3797 -37.1007 -1.79604
36.6067 -37.4097 -1.04804
35.9187 -34.3577 -3.31604
37.8737 -36.0337 -6.20304
36.0997 -39.3467 -5.41204
32.6027 -37.7947 -5.99604
33.6937 -36.4637 -9.46704

35.1737 -39.7937 -10.719
33.3437 -40.8917 -13.924
33.4847 -44.6717 -13.389
31.6137 -44.8327 -10.004
28.0407 -46.0607 -9.49704

25.2447 -43.6737 -8.34304
25.5637 -45.3357 -4.88004
29.3857 -44.8767 -4.59104
28.8347 -41.1747 -5.56204
26.2457 -40.8217 -2.68704
28.6137 -42.6417 -0.250043
31.5627 -40.3497 -1.20704
29.2117 -37.3117 -0.751043
28.1967 -38.5137 2.77296
31.9117 -39.0947 3.57996
32.8817 -35.5737 2.30796
30.0547 -34.0347 4.42296
31.0097 -35.9837 7.62096
34.7427 -35.0667 7.05396
33.6927 -31.3767 6.69396
32.0417 -31.5657 10.154
35.2017 -33.1467 11.723
37.5017 -30.5857 9.99496
35.5027 -27.6117 11.441
35.4497 -28.8077 15.139
38.7367 -27.0547 16.276
37.7997 -23.6217 14.804
34.1147 -23.9767 15.844
35.4557 -24.5247 19.415
37.9277 -21.5817 19.028
35.0007 -19.3307 17.945
32.6887 -20.4827 20.835
35.4937 -19.7147 23.346
36.1477 -16.2647 21.721
32.3987 -15.4677 22.197
32.5257 -16.4787 25.922
35.8507 -14.6137 26.512

34.1927 -11.5347 24.829
31.7127 -11.5497 27.803
28.5437 -12.8467 26.012
25.8497 -13.7997 28.54
23.5967 -16.1487 26.416

23.8157 -17.7437 22.935
22.6477 -20.8197 20.964
25.0177 -23.1817 19.089
23.4317 -25.2487 16.285
25.0527 -28.4037 14.814

23.6707 -31.7047 13.337
26.5487 -34.2487 13.392

26.6797 -35.9327 16.845
30.5427 -35.7307 16.903
30.3127 -31.8737 16.661
27.7097 -31.6887 19.505
29.8707 -34.1237 21.591
33.1357 -32.1417 21.037
31.4587 -28.7627 21.883
29.9057 -30.1917 25.122
33.2417 -31.8247 26.152
35.1837 -28.5217 25.732
32.4977 -26.5087 27.64
32.7157 -29.0997 30.505
36.5777 -28.8757 30.39

36.2897 -25.0207 30.646
33.6217 -25.4527 33.447
31.0437 -23.4927 31.345
27.4397 -24.1797 32.414

25.4367 -25.1707 29.303
22.3517 -27.1387 28.137
22.2737 -29.8557 25.421
19.2717 -30.9567 23.277

19.5377 -33.6787 20.579
17.7047 -36.7747 19.165
18.2827 -38.6917 22.474
16.8487 -35.9427 24.79
13.3357 -36.9477 25.979
10.1727 -34.8517 25.323
9.79973 -33.7437 29.011

13.5577 -33.1017 29.598
13.5487 -30.8767 26.431
10.9877 -28.5447 28.095
12.8367 -28.5997 31.479
16.2727 -27.8117 29.871
14.5317 -25.0427 27.848
13.1977 -23.5547 31.148
16.6747 -23.9377 32.801
18.3227 -21.9217 29.933
15.4747 -19.3217 29.983
15.4007 -18.7577 33.794

19.0337 -19.4207 34.928
21.6177 -16.6387 34.242
24.4207 -19.2667 34.692
23.6097 -21.2707 31.514
25.5787 -19.2897 28.893

25.4367 -21.8137 25.98
22.6767 -23.9847 24.501
24.1387 -26.8467 22.371
21.2827 -27.7567 19.998
20.7087 -30.2847 17.21

19.3967 -28.3887 14.109
16.9677 -31.2987 13.4
15.9047 -32.1477 16.997
15.4177 -28.5537 18.364
13.6957 -27.0247 15.231
10.2347 -27.4987 16.919
8.23673 -26.5427 20.07
11.0037 -24.7767 22.065
11.4527 -21.0047 22.75
14.9057 -19.4617 23.459
14.0687 -15.7267 23.905
16.7787 -15.3947 26.658
19.5627 -15.4597 23.985
20.4467 -12.6547 21.488

22.8937 -14.7317 19.346
22.5847 -17.8957 17.204
25.7517 -19.6627 15.919
25.3747 -22.2957 13.175

28.5347 -24.4187 13.619
27.3257 -26.4387 10.588
25.3147 -25.6357 7.43996
22.1217 -27.6007 6.64396
21.0357 -28.1547 2.97696
17.3897 -27.1827 3.72196

16.8497 -23.4057 4.36996
13.3767 -23.9537 5.93296
15.0777 -25.8207 8.85296
17.6967 -23.0247 9.26796
14.8597 -20.3967 9.42196
12.9797 -22.6367 11.957
16.1577 -22.6437 14.137
16.6317 -18.7927 13.905

12.9337 -18.3177 14.923
13.6077 -20.1647 18.207
15.2287 -16.8847 19.472
13.2967 -14.3627 17.327
9.91273 -14.8557 19.151
7.37273 -12.6817 21.034
9.29673 -11.7397 24.231
12.6047 -10.9677 22.409
13.8337 -7.36769 23.123
17.3557 -7.43669 21.51
18.4587 -7.47369 17.824

19.0807 -11.1547 17.001
22.5707 -11.9757 15.669
22.8327 -15.0267 13.334
26.3937 -16.2787 12.593
26.8977 -18.9627 9.88096
30.3177 -20.6577 10.389
31.8507 -21.6737 6.98596

35.2397 -23.1737 5.96396
36.9407 -22.6547 2.53496
38.0467 -26.0197 1.01096
35.0237 -27.9947 2.42896
31.3517 -28.9947 1.80296

30.3397 -25.4107 2.88196
31.6587 -24.0667 -0.502043
28.8787 -26.0747 -2.31204
26.1797 -25.9977 0.421957
26.1437 -22.1837 0.841957
25.3327 -21.3417 -2.87204
22.7477 -24.2287 -2.82204
21.0387 -22.7917 0.321957
21.0517 -19.2787 -1.29504
19.3587 -20.3617 -4.57704
16.7577 -22.2867 -2.46204
15.9157 -19.1517 -0.343043
15.5557 -17.1597 -3.61504
13.0827 -19.8047 -4.98004
11.1607 -19.5387 -1.64804
11.1757 -15.6747 -1.81204
9.94873 -15.5907 -5.48204

7.07573 -17.9127 -4.36504
6.27573 -15.3707 -1.52004
7.35173 -17.9717 1.12396
10.3717 -16.0647 2.59996
11.5467 -12.4497 3.17196
15.0047 -13.8887 3.90696
17.4787 -12.7527 1.26196
20.9187 -14.4247 1.73496
22.8037 -12.6187 -1.15404

23.8097 -9.52969 0.927957
25.8577 -11.7187 3.37096
28.2047 -13.0357 0.591957
29.0557 -9.63869 -0.967043

30.3207 -8.67969 2.56296
32.8057 -11.6527 2.98596

End chain 1
