-13.201 -6.296 -53.957
-10.703 -3.406 -53.291
-9.54 -3.087 -49.639
-11.02 0.322 -48.639
-8.614 1.85 -46.053
-10.787 3.126 -43.162

-9.634 6.195 -41.181
-10.061 4.9 -37.589
-10.286 6.838 -34.306
-12.195 7.103 -30.979
-14.163 9.439 -28.711
-12.619 10.223 -25.263
-14.157 12.207 -22.344

-11.943 15.248 -21.466
-14.301 16.978 -18.949
-17.827 16.65 -17.399
-19.139 18.761 -20.353

-16.752 17.96 -23.312
-15.482 14.956 -25.281
-12.62 14.751 -27.824
-12.437 12.939 -31.204
-8.982 11.264 -31.393
-8.672 10.357 -35.1

-6.282 10.744 -38.079
-6.98 13.557 -40.6
-9.895 13.022 -43.051

-11.208 15.853 -45.293
-14.92 14.856 -45.011
-14.611 14.37 -41.226
-13.015 17.857 -40.827
-15.875 19.254 -42.999
-18.403 17.482 -40.669
-16.559 18.759 -37.515
-16.844 22.341 -38.957

-20.697 21.797 -39.029
-20.861 21.033 -35.24
-22.116 23.933 -33.104
-20.016 23.255 -29.939
-16.791 22.621 -31.971

-13.393 23.436 -30.391
-10.011 22.816 -32.063
-6.805 22.812 -29.99

-3.883 23.919 -32.209
-1.328 22.314 -29.773
-2.753 18.736 -29.691
-4.334 19.137 -33.217

-7.578 17.622 -31.79
-11.313 18.386 -31.995
-13.683 18.544 -28.991
-17.466 19.001 -28.65
-20.131 19.402 -25.91

-21.257 16.038 -24.476
-24.923 16.743 -25.497
-23.731 16.722 -29.178
-22.178 13.179 -28.839
-25.228 11.354 -30.322
-25.57 14.044 -33.093
-21.852 13.682 -34.021
-21.815 9.829 -34.037
-25.045 9.774 -36.128
-23.507 12.176 -38.75
-20.093 10.348 -38.803

-21.793 6.948 -39.527
-22.962 8.546 -42.834
-19.328 9.196 -43.991
-17.677 6.563 -46.261
-14.251 5.2 -45.121

-14.46 6.789 -41.562
-14.765 4.819 -38.279
-15.142 6.964 -35.114
-15.663 4.659 -32.101

-18.218 6.249 -29.657
-17.862 6.903 -25.912
-18.35 3.469 -24.195
-21.794 2.549 -22.772
-20.235 2.829 -19.255
-19.534 6.58 -19.812
-22.964 7.196 -21.431
-24.623 5.531 -18.378
-22.42 7.523 -15.909

-23.028 10.919 -17.654
-26.668 10.153 -18.714
-27.851 13.482 -17.123

-25.214 15.594 -18.963
-26 13.8 -22.296
-29.631 15.147 -21.909

-29.014 18.802 -20.797
-28.522 21.656 -23.337
-27.494 23.803 -20.296
-24.374 24.206 -18.108
-26.03 23.63 -14.722
-23.195 22.587 -12.38
-23.731 19.355 -10.334

-27.219 19.392 -8.694
-26.798 20.208 -4.988
-26.578 17.032 -2.906
-29.814 16.999 -0.82
-29.276 16.946 2.956
-30.305 13.551 4.343

-32.727 13.25 7.268
-30.389 11.851 9.975
-33.077 12.019 12.787
-33.159 8.159 12.923
-29.32 8.149 13.454
-27.82 8.306 16.969

-27.52 12.074 17.913
-23.991 11.509 19.371
-22.796 10.469 15.867
-24.731 13.185 13.93
-23.402 16.008 16.22
-19.738 14.82 15.861

-19.687 14.822 11.995
-17.445 17.587 10.586

-19.106 19.692 7.763
-17.231 17.783 4.996
-18.064 14.402 6.666
-21.796 15.407 6.677
-21.562 16.318 2.947
-19.943 12.855 2.346
-22.788 11.075 4.244
-25.363 13.084 2.191
-23.555 12.165 -1.104
-23.43 8.459 -0.115
-27.196 8.491 0.728
-28.024 10.343 -2.565

-25.973 7.645 -4.472
-28.214 5.048 -2.67
-25.512 3.7 -0.27

-23.352 2.353 -3.174
-19.956 4.118 -3.237
-16.209 4.012 -2.721
-15.295 6.541 0.021

-11.694 7.195 -1.128

-11.135 10.189 1.225
-7.504 10.605 2.377

-6.048 8.715 5.398
-7.361 9.956 8.784
-10.233 12.169 7.374
-12.706 9.981 9.408

-13.844 7.354 6.831
-15.012 5.081 9.734
-17.363 7.714 11.316
-18.876 8.506 7.854
-19.282 4.738 7.09
-21.02 4.042 10.461
-23.415 6.996 9.798
-24.247 5.855 6.195
-24.846 2.277 7.463
-26.955 3.52 10.461
-29.227 5.531 8.078

-29.9 2.058 6.507

-30.384 0.293 9.981
-33.886 -0.857 8.77
-32.05 -2.956 6.062
-29.626 -4.868 8.41
-27.981 -7.413 9.17

-24.774 -5.448 8.488
-21.551 -7.137 7.269
-18.235 -5.328 7.997
-15.132 -6.739 6.223
-11.829 -5.357 7.603

-8.05 -6.016 7.986
-7.416 -8.82 10.567
-5.856 -6.305 13.093
-8.689 -3.64 13.199

-11.758 -5.868 14.003
-11.895 -4.753 17.675
-11.154 -1.102 16.63
-14.365 -1.304 14.506
-16.414 -2.897 17.375
-15.268 -0.08 19.729
-16.109 2.476 16.969
-19.722 1.111 16.76
-20.082 1.14 20.611
-18.596 4.7 20.723
-20.823 6.195 17.978

-24.121 4.191 18.24
-24.851 3.95 22.056
-28.388 2.791 20.948
-26.764 -0.701 20.406
-26.03 -3.285 23.117

-22.632 -5.104 22.857
-24.638 -8.32 22.08
-25.78 -6.667 18.791

-22.091 -6.816 17.576
-20.505 -10.124 16.488
-16.681 -10.041 16.081

-15.702 -13.116 14.035
-12.316 -14.303 15.372
-12.201 -17.837 13.813
-13.405 -19.799 10.735
-15.769 -21.82 13.07
-17.788 -18.808 14.317
-21.352 -17.917 13.159
-21.075 -14.973 10.701
-24.816 -14.102 11.273
-24.919 -14.166 15.127
-25.108 -10.332 15.536
-27.08 -7.466 13.995

-23.588 -6.14 13.038
-21.065 -8.833 11.965
-17.336 -7.898 11.803
-15.009 -10.302 9.887
-11.529 -10.295 8.291

-10.658 -10.74 4.577
-8.757 -14.009 5.375
-11.833 -15.546 7.113
-14.3 -14.769 4.222

-12.926 -17.715 2.14
-13.287 -20.073 5.183
-16.843 -18.74 5.845
-18.014 -18.815 2.139
-20.731 -21.415 3.044
-22.243 -18.836 5.512
-21.955 -15.894 2.989
-25.071 -17.433 1.278
-27.188 -15.451 3.825
-28.094 -12.137 2.052
-26.367 -9.235 3.842
-28.236 -6.215 2.36

-25.704 -3.677 3.792
-21.936 -4.298 3.429
-19.007 -2.145 4.602
-15.517 -3.11 3.36

-12.662 -1.237 5.059
-9.341 -0.865 3.151

-11.066 -2.352 0.031
-7.765 -2.207 -1.968
-7.252 -5.742 -0.456
-9.774 -6.866 -3.176

-7.558 -5.436 -6.054
-6.861 -8.909 -7.611
-9.913 -10.983 -8.736
-7.994 -14.348 -8.638
-7.386 -14.116 -4.839

-9.551 -16.269 -2.508
-10.568 -13.122 -0.487
-11.832 -11.409 -3.693
-13.586 -14.593 -5.006
-15.461 -14.905 -1.648
-16.313 -11.137 -1.332
-17.465 -10.353 -4.925
-20.7 -12.523 -5.003
-21.961 -10.786 -1.799
-21.004 -7.272 -3.064
-22.893 -7.826 -6.386
-26.148 -8.927 -4.576

-26.072 -6.644 -1.465
-28.372 -3.542 -1.704

-25.826 -1.116 -0.104
-22.019 -1.347 -0.629
-19.769 1.077 1.29
-16.145 0.543 0.177
-13.427 2.479 2.088

-9.739 3.065 1.181
-6.998 5.712 1.573
-5.29 4.301 -1.537
-8.002 2.778 -3.832
-5.263 1.979 -6.345
-1.844 1.044 -4.877
0.179 1.273 -8.156
-1.96 0.815 -11.364

-5.486 1.412 -12.884
-6.145 -2.396 -13.101
-6.402 -2.518 -9.223
-9.619 -0.37 -9.379
-11.628 -2.846 -11.528
-12.904 -5.026 -8.614
-13.981 -1.892 -6.643
-15.738 -0.406 -9.758
-17.759 -3.638 -10.376
-18.545 -3.926 -6.614
-20.104 -0.383 -6.596

-21.607 -0.654 -10.172
-21.992 -4.37 -11.257
-23.172 -3.251 -14.78
-19.935 -1.29 -15.508
-17.337 -3.236 -17.592
-18.9 -6.785 -17.229
-15.576 -8.217 -18.571

-12.101 -7.019 -17.429
-10.719 -7.022 -21.032
-12.866 -3.967 -22.03
-11.565 -2.031 -18.959
-7.965 -3.199 -19.668
-8.028 -2.162 -23.384
-9.238 1.366 -22.43
-7.403 2.18 -19.142

-4.51 -0.351 -18.764
-2.851 0.132 -22.242
-3.499 -3.577 -22.858

-0.922 -5.224 -25.189
-1.171 -8.572 -27.031
2.109 -10.415 -26.274

3.105 -13.897 -27.702
2.055 -15.464 -24.315

-1.301 -13.571 -23.908
-2.465 -10.088 -22.814
-0.375 -7.663 -20.732

-2.386 -5.192 -18.538
0.545 -3.576 -16.579
0.214 -0.249 -18.472
-2.005 2.838 -18.126
-4.133 4.898 -20.565
-6.888 7.593 -20.643

-6.428 8.31 -16.868
-8.259 11.708 -16.967
-11.359 9.932 -18.424
-11.034 7.218 -15.72
-10.853 9.986 -13.027
-14.061 11.624 -14.396
-15.894 8.229 -14.505
-14.782 7.406 -10.918
-15.841 10.804 -9.431
-19.243 10.854 -11.244
-20.42 7.245 -10.709

-18.189 5.243 -8.243

-16.056 7.301 -5.859
-16.114 10.195 -3.388

-12.9097 12.0807 -3.55067
-11.0828 10.4634 -6.55823
-9.51816 8.15431 -9.1635

-5.79849 8.76014 -8.67368
-5.64779 6.18422 -5.88355
-7.41261 3.60126 -8.04146
-4.99294 4.2023 -10.9097

-2.18194 4.6973 -8.2877
-0.22094 7.9323 -9.1187
1.19306 7.6953 -5.5187
3.19806 4.4273 -5.9347

6.99706 5.1213 -5.9497
8.75006 4.3873 -9.2737

10.4061 1.0173 -10.0167
14.0221 1.8653 -10.9947
15.5591 -1.0247 -12.9967
19.2381 -1.5227 -13.9437
21.6001 -4.1317 -15.3457
24.6411 -4.8267 -13.1047
27.4601 -6.3807 -15.1597

29.2401 -8.5817 -12.5687
32.9551 -8.7627 -13.3787

33.9391 -11.9937 -15.3017
37.5541 -11.5227 -13.9737
36.5161 -13.7147 -10.9517

35.4751 -16.5037 -13.4367
38.6131 -18.6847 -13.3707

40.1191 -19.9577 -16.6687
38.8071 -23.5757 -16.1277
35.1851 -22.3777 -15.5767
35.4621 -20.0477 -18.6377
36.8911 -22.8927 -20.7897
33.9531 -25.1097 -19.6047
31.4071 -22.3747 -20.6027
33.2041 -21.9767 -23.9927
33.1171 -25.8027 -24.4237
29.3441 -26.1117 -23.6757
28.6561 -23.0597 -25.9437
30.6111 -24.7357 -28.8307
28.8371 -28.0487 -28.0397
25.3401 -26.4967 -28.6237
26.4311 -25.1657 -32.0947

27.9111 -28.4957 -33.3467
26.0811 -29.5937 -36.5517
26.2221 -33.3737 -36.0167
24.3511 -33.5347 -32.6317
20.7781 -34.7627 -32.1247

17.9821 -32.3757 -30.9707
18.3011 -34.0377 -27.5077
22.1231 -33.5787 -27.2187
21.5721 -29.8767 -28.1897
18.9831 -29.5237 -25.3147
21.3511 -31.3437 -22.8777
24.3001 -29.0517 -23.8347
21.9491 -26.0137 -23.3787
20.9341 -27.2157 -19.8547
24.6491 -27.7967 -19.0477
25.6191 -24.2757 -20.3197
22.7921 -22.7367 -18.2047
23.7471 -24.6857 -15.0067
27.4801 -23.7687 -15.5737
26.4301 -20.0787 -15.9337
24.7791 -20.2677 -12.4737
27.9391 -21.8487 -10.9047
30.2391 -19.2877 -12.6327
28.2401 -16.3137 -11.1867
28.1871 -17.5097 -7.4887
31.4741 -15.7567 -6.3517
30.5371 -12.3237 -7.8237
26.8521 -12.6787 -6.7837
28.1931 -13.2267 -3.2127
30.6651 -10.2837 -3.5997
27.7381 -8.0327 -4.6827
25.4261 -9.1847 -1.7927
28.2311 -8.4167 0.718297
28.8851 -4.9667 -0.906703
25.1361 -4.1697 -0.430703
25.2631 -5.1807 3.2943
28.5881 -3.3157 3.8843

26.9301 -0.236701 2.2013
24.4501 -0.251701 5.1753
21.2811 -1.5487 3.3843
18.5871 -2.5017 5.9123
16.3341 -4.8507 3.7883

16.5531 -6.4457 0.307297
15.3851 -9.5217 -1.6637
17.7551 -11.8837 -3.5387
16.1691 -13.9507 -6.3427
17.7901 -17.1057 -7.8137

16.4081 -20.4067 -9.2907
19.2861 -22.9507 -9.2357

19.4171 -24.6347 -5.7827
23.2801 -24.4327 -5.7247
23.0501 -20.5757 -5.9667
20.4471 -20.3907 -3.1227
22.6081 -22.8257 -1.0367
25.8731 -20.8437 -1.5907
24.1961 -17.4647 -0.744703
22.6431 -18.8937 2.4943
25.9791 -20.5267 3.5243
27.9211 -17.2237 3.1043
25.2351 -15.2107 5.0123
25.4531 -17.8017 7.8773
29.3151 -17.5777 7.7623

29.0271 -13.7227 8.0183
26.3591 -14.1547 10.8193
23.7811 -12.1947 8.7173
20.1771 -12.8817 9.7863

18.1741 -13.8727 6.6753
15.0891 -15.8407 5.5093
15.0111 -18.5577 2.7933
12.0091 -19.6587 0.649297

12.2751 -22.3807 -2.0487
10.4421 -25.4767 -3.4627
11.0201 -27.3937 -0.153703
9.58606 -24.6447 2.1623
6.07306 -25.6497 3.3513
2.91006 -23.5537 2.6953
2.53706 -22.4457 6.3833

6.29506 -21.8037 6.9703
6.28606 -19.5787 3.8033
3.72506 -17.2467 5.4673
5.57406 -17.3017 8.8513
9.01006 -16.5137 7.2433
7.26906 -13.7447 5.2203
5.93506 -12.2567 8.5203
9.41206 -12.6397 10.1733
11.0601 -10.6237 7.3053
8.21206 -8.0237 7.3553
8.13806 -7.4597 11.1663

11.7711 -8.1227 12.3003
14.3551 -5.3407 11.6143
17.1581 -7.9687 12.0643
16.3471 -9.9727 8.8863
18.3161 -7.9917 6.2653

18.1741 -10.5157 3.3523
15.4141 -12.6867 1.8733
16.8761 -15.5487 -0.256703
14.0201 -16.4587 -2.6297
13.4461 -18.9867 -5.4177

12.1341 -17.0907 -8.5187
9.70506 -20.0007 -9.2277
8.64206 -20.8497 -5.6307
8.15506 -17.2557 -4.2637
6.43306 -15.7267 -7.3967
2.97206 -16.2007 -5.7087
0.97406 -15.2447 -2.5577
3.74106 -13.4787 -0.562703
4.19006 -9.7067 0.122297
7.64306 -8.1637 0.831297
6.80606 -4.4287 1.2773
9.51606 -4.0967 4.0303
12.3001 -4.1617 1.3573
13.1841 -1.3567 -1.1397

15.6311 -3.4337 -3.2817
15.3221 -6.5977 -5.4237
18.4891 -8.3647 -6.7087
18.1121 -10.9977 -9.4527

21.2721 -13.1207 -9.0087
20.0631 -15.1407 -12.0397
18.0521 -14.3377 -15.1877
14.8591 -16.3027 -15.9837
13.7731 -16.8567 -19.6507
10.1271 -15.8847 -18.9057

9.58706 -12.1077 -18.2577
6.11406 -12.6557 -16.6947
7.81506 -14.5227 -13.7747
10.4341 -11.7267 -13.3597
7.59706 -9.0987 -13.2057
5.71706 -11.3387 -10.6707
8.89506 -11.3457 -8.4907
9.36906 -7.4947 -8.7227

5.67106 -7.0197 -7.7047
6.34506 -8.8667 -4.4207
7.96606 -5.5867 -3.1557
6.03406 -3.0647 -5.3007
2.65006 -3.5577 -3.4767
0.11006 -1.3837 -1.5937
2.03406 -0.441701 1.6033
5.34206 0.330299 -0.218703
6.57106 3.9303 0.495297
10.0931 3.8613 -1.1177
11.1961 3.8243 -4.8037

11.8181 0.143299 -5.6267
15.3081 -0.677701 -6.9587
15.5701 -3.7287 -9.2937
19.1311 -4.9807 -10.0347
19.6351 -7.6647 -12.7467
23.0551 -9.3597 -12.2387
24.5881 -10.3757 -15.6417

27.9771 -11.8757 -16.6637
29.6781 -11.3567 -20.0927
30.7841 -14.7217 -21.6167
27.7611 -16.6967 -20.1987
24.0891 -17.6967 -20.8247

23.0771 -14.1127 -19.7457
24.3961 -12.7687 -23.1297
21.6161 -14.7767 -24.9397
18.9171 -14.6997 -22.2057
18.8811 -10.8857 -21.7857
18.0701 -10.0437 -25.4997
15.4851 -12.9307 -25.4497
13.7761 -11.4937 -22.3057
13.7891 -7.9807 -23.9227
12.0961 -9.0637 -27.2047
9.49506 -10.9887 -25.0897
8.65306 -7.8537 -22.9707
8.29306 -5.8617 -26.2427
5.82006 -8.5067 -27.6077
3.89806 -8.2407 -24.2757
3.91306 -4.3767 -24.4397
2.68606 -4.2927 -28.1097

-0.18694 -6.6147 -26.9927
-0.98694 -4.0727 -24.1477
0.0890601 -6.6737 -21.5037
3.10906 -4.7667 -20.0277
4.28406 -1.1517 -19.4557
7.74206 -2.5907 -18.7207
10.2161 -1.4547 -21.3657
13.6561 -3.1267 -20.8927
15.5411 -1.3207 -23.7817

16.5471 1.7683 -21.6997
18.5951 -0.420701 -19.2567
20.9421 -1.7377 -22.0357
21.7931 1.6593 -23.5947

23.0581 2.6183 -20.0647
25.5431 -0.354701 -19.6417

End chain 1
