-13.201 -6.296 -53.957
-10.703 -3.406 -53.291
-9.54 -3.087 -49.639
-11.02 0.322 -48.639
-8.614 1.85 -46.053
-10.787 3.126 -43.162

-9.634 6.195 -41.181
-10.061 4.9 -37.589
-10.286 6.838 -34.306
-12.195 7.103 -30.979
-14.163 9.439 -28.711
-12.619 10.223 -25.263
-14.157 12.207 -22.344

-11.943 15.248 -21.466
-14.301 16.978 -18.949
-17.827 16.65 -17.399
-19.139 18.761 -20.353

-16.752 17.96 -23.312
-15.482 14.956 -25.281
-12.62 14.751 -27.824
-12.437 12.939 -31.204
-8.982 11.264 -31.393
-8.672 10.357 -35.1

-6.282 10.744 -38.079
-6.98 13.557 -40.6
-9.895 13.022 -43.051

-11.208 15.853 -45.293
-14.92 14.856 -45.011
-14.611 14.37 -41.226
-13.015 17.857 -40.827
-15.875 19.254 -42.999
-18.403 17.482 -40.669
-16.559 18.759 -37.515
-16.844 22.341 -38.957

-20.697 21.797 -39.029
-20.861 21.033 -35.24
-22.116 23.933 -33.104
-20.016 23.255 -29.939
-16.791 22.621 -31.971

-13.393 23.436 -30.391
-10.011 22.816 -32.063
-6.805 22.812 -29.99

-3.883 23.919 -32.209
-1.328 22.314 -29.773
-2.753 18.736 -29.691
-4.334 19.137 -33.217

-7.578 17.622 -31.79
-11.313 18.386 -31.995
-13.683 18.544 -28.991
-17.466 19.001 -28.65
-20.131 19.402 -25.91

-21.257 16.038 -24.476
-24.923 16.743 -25.497
-23.731 16.722 -29.178
-22.178 13.179 -28.839
-25.228 11.354 -30.322
-25.57 14.044 -33.093
-21.852 13.682 -34.021
-21.815 9.829 -34.037
-25.045 9.774 -36.128
-23.507 12.176 -38.75
-20.093 10.348 -38.803

-21.793 6.948 -39.527
-22.962 8.546 -42.834
-19.328 9.196 -43.991
-17.677 6.563 -46.261
-14.251 5.2 -45.121

-14.46 6.789 -41.562
-14.765 4.819 -38.279
-15.142 6.964 -35.114
-15.663 4.659 -32.101

-18.218 6.249 -29.657
-17.862 6.903 -25.912
-18.35 3.469 -24.195
-21.794 2.549 -22.772
-20.235 2.829 -19.255
-19.534 6.58 -19.812
-22.964 7.196 -21.431
-24.623 5.531 -18.378
-22.42 7.523 -15.909

-23.028 10.919 -17.654
-26.668 10.153 -18.714
-27.851 13.482 -17.123

-25.214 15.594 -18.963
-26 13.8 -22.296
-29.631 15.147 -21.909

-29.014 18.802 -20.797
-28.522 21.656 -23.337
-27.494 23.803 -20.296
-24.374 24.206 -18.108
-26.03 23.63 -14.722
-23.195 22.587 -12.38
-23.731 19.355 -10.334

-27.219 19.392 -8.694
-26.798 20.208 -4.988
-26.578 17.032 -2.906
-29.814 16.999 -0.82
-29.276 16.946 2.956
-30.305 13.551 4.343

-32.727 13.25 7.268
-30.389 11.851 9.975
-33.077 12.019 12.787
-33.159 8.159 12.923
-29.32 8.149 13.454
-27.82 8.306 16.969

-27.52 12.074 17.913
-23.991 11.509 19.371
-22.796 10.469 15.867
-24.731 13.185 13.93
-23.402 16.008 16.22
-19.738 14.82 15.861

-19.687 14.822 11.995
-17.445 17.587 10.586

-19.106 19.692 7.763
-17.231 17.783 4.996
-18.064 14.402 6.666
-21.796 15.407 6.677
-21.562 16.318 2.947
-19.943 12.855 2.346
-22.788 11.075 4.244
-25.363 13.084 2.191
-23.555 12.165 -1.104
-23.43 8.459 -0.115
-27.196 8.491 0.728
-28.024 10.343 -2.565

-25.973 7.645 -4.472
-28.214 5.048 -2.67
-25.512 3.7 -0.27

-23.352 2.353 -3.174
-19.956 4.118 -3.237
-16.209 4.012 -2.721
-15.295 6.541 0.021

-11.694 7.195 -1.128

-11.135 10.189 1.225
-7.504 10.605 2.377

-6.048 8.715 5.398
-7.361 9.956 8.784
-10.233 12.169 7.374
-12.706 9.981 9.408

-13.844 7.354 6.831
-15.012 5.081 9.734
-17.363 7.714 11.316
-18.876 8.506 7.854
-19.282 4.738 7.09
-21.02 4.042 10.461
-23.415 6.996 9.798
-24.247 5.855 6.195
-24.846 2.277 7.463
-26.955 3.52 10.461
-29.227 5.531 8.078

-29.9 2.058 6.507

-30.384 0.293 9.981
-33.886 -0.857 8.77
-32.05 -2.956 6.062
-29.626 -4.868 8.41
-27.981 -7.413 9.17

-24.774 -5.448 8.488
-21.551 -7.137 7.269
-18.235 -5.328 7.997
-15.132 -6.739 6.223
-11.829 -5.357 7.603

-8.05 -6.016 7.986
-7.416 -8.82 10.567
-5.856 -6.305 13.093
-8.689 -3.64 13.199

-11.758 -5.868 14.003
-11.895 -4.753 17.675
-11.154 -1.102 16.63
-14.365 -1.304 14.506
-16.414 -2.897 17.375
-15.268 -0.08 19.729
-16.109 2.476 16.969
-19.722 1.111 16.76
-20.082 1.14 20.611
-18.596 4.7 20.723
-20.823 6.195 17.978

-24.121 4.191 18.24
-24.851 3.95 22.056
-28.388 2.791 20.948
-26.764 -0.701 20.406
-26.03 -3.285 23.117

-22.632 -5.104 22.857
-24.638 -8.32 22.08
-25.78 -6.667 18.791

-22.091 -6.816 17.576
-20.505 -10.124 16.488
-16.681 -10.041 16.081

-15.702 -13.116 14.035
-12.316 -14.303 15.372
-12.201 -17.837 13.813
-13.405 -19.799 10.735
-15.769 -21.82 13.07
-17.788 -18.808 14.317
-21.352 -17.917 13.159
-21.075 -14.973 10.701
-24.816 -14.102 11.273
-24.919 -14.166 15.127
-25.108 -10.332 15.536
-27.08 -7.466 13.995

-23.588 -6.14 13.038
-21.065 -8.833 11.965
-17.336 -7.898 11.803
-15.009 -10.302 9.887
-11.529 -10.295 8.291

-10.658 -10.74 4.577
-8.757 -14.009 5.375
-11.833 -15.546 7.113
-14.3 -14.769 4.222

-12.926 -17.715 2.14
-13.287 -20.073 5.183
-16.843 -18.74 5.845
-18.014 -18.815 2.139
-20.731 -21.415 3.044
-22.243 -18.836 5.512
-21.955 -15.894 2.989
-25.071 -17.433 1.278
-27.188 -15.451 3.825
-28.094 -12.137 2.052
-26.367 -9.235 3.842
-28.236 -6.215 2.36

-25.704 -3.677 3.792
-21.936 -4.298 3.429
-19.007 -2.145 4.602
-15.517 -3.11 3.36

-12.662 -1.237 5.059
-9.341 -0.865 3.151

-11.066 -2.352 0.031
-7.765 -2.207 -1.968
-7.252 -5.742 -0.456
-9.774 -6.866 -3.176

-7.558 -5.436 -6.054
-6.861 -8.909 -7.611
-9.913 -10.983 -8.736
-7.994 -14.348 -8.638
-7.386 -14.116 -4.839

-9.551 -16.269 -2.508
-10.568 -13.122 -0.487
-11.832 -11.409 -3.693
-13.586 -14.593 -5.006
-15.461 -14.905 -1.648
-16.313 -11.137 -1.332
-17.465 -10.353 -4.925
-20.7 -12.523 -5.003
-21.961 -10.786 -1.799
-21.004 -7.272 -3.064
-22.893 -7.826 -6.386
-26.148 -8.927 -4.576

-26.072 -6.644 -1.465
-28.372 -3.542 -1.704

-25.826 -1.116 -0.104
-22.019 -1.347 -0.629
-19.769 1.077 1.29
-16.145 0.543 0.177
-13.427 2.479 2.088

-9.739 3.065 1.181
-6.998 5.712 1.573
-5.29 4.301 -1.537
-8.002 2.778 -3.832
-5.263 1.979 -6.345
-1.844 1.044 -4.877
0.179 1.273 -8.156
-1.96 0.815 -11.364

-5.486 1.412 -12.884
-6.145 -2.396 -13.101
-6.402 -2.518 -9.223
-9.619 -0.37 -9.379
-11.628 -2.846 -11.528
-12.904 -5.026 -8.614
-13.981 -1.892 -6.643
-15.738 -0.406 -9.758
-17.759 -3.638 -10.376
-18.545 -3.926 -6.614
-20.104 -0.383 -6.596

-21.607 -0.654 -10.172
-21.992 -4.37 -11.257
-23.172 -3.251 -14.78
-19.935 -1.29 -15.508
-17.337 -3.236 -17.592
-18.9 -6.785 -17.229
-15.576 -8.217 -18.571

-12.101 -7.019 -17.429
-10.719 -7.022 -21.032
-12.866 -3.967 -22.03
-11.565 -2.031 -18.959
-7.965 -3.199 -19.668
-8.028 -2.162 -23.384
-9.238 1.366 -22.43
-7.403 2.18 -19.142

-4.51285 1.26774 -21.5807
-1.43773 -0.0472482 -23.17
1.73874 -0.881487 -25.1982

2.0875 -4.51494 -26.0363
-0.173104 -4.56873 -29.0585
0.758479 -2.42031 -31.937

1.75448 -5.90231 -33.365
0.704479 -7.46931 -29.978

-2.65152 -5.57631 -29.571
-3.81552 -2.09331 -28.477
-1.72552 0.331688 -26.395

-3.73652 2.80269 -24.201
-0.805521 4.41869 -22.242
-1.13652 7.74569 -24.135
-3.35552 10.8327 -23.789
-5.48352 12.8927 -26.228
-8.23852 15.5877 -26.306

-7.77852 16.3047 -22.531
-9.60952 19.7027 -22.63
-12.7095 17.9267 -24.087
-12.3845 15.2127 -21.383
-12.2035 17.9807 -18.69
-15.4115 19.6187 -20.059
-17.2445 16.2237 -20.168
-16.1325 15.4007 -16.581
-17.1915 18.7987 -15.094
-20.5935 18.8487 -16.907
-21.7705 15.2397 -16.372

-19.5395 13.2377 -13.906

-17.4065 15.2957 -11.522
-17.4645 18.1897 -9.05101

-13.8615 19.4317 -8.51801
-12.5545 22.4327 -6.52901
-8.97952 23.2677 -5.55501

-7.45352 24.7517 -2.32701
-6.84252 27.9557 -4.34901
-10.5975 28.2047 -5.24901
-12.0375 27.8347 -1.68901

-9.22652 28.3297 0.932986
-7.26552 31.5647 0.101986
-5.85152 31.3277 3.70199
-3.84652 28.0597 3.28599

-0.0475205 28.7537 3.27099
1.70548 28.0197 -0.053014

3.36148 24.6497 -0.796014
6.97748 25.4977 -1.77401
8.51448 22.6077 -3.77601
12.1935 22.1097 -4.72301
14.5555 19.5007 -6.12501
17.5965 18.8057 -3.88401
20.4155 17.2517 -5.93901

22.1955 15.0507 -3.34801
25.9105 14.8697 -4.15801

26.8945 11.6387 -6.08101
30.5095 12.1097 -4.75301
29.4715 9.91769 -1.73101

28.4305 7.12869 -4.21601
31.5685 4.94769 -4.15001

33.0745 3.67469 -7.44801
31.7625 0.0566877 -6.90701
28.1405 1.25469 -6.35601
28.4175 3.58469 -9.41701
29.8465 0.739688 -11.569
26.9085 -1.47731 -10.384
24.3625 1.25769 -11.382
26.1595 1.65569 -14.772
26.0725 -2.17031 -15.203
22.2995 -2.47931 -14.455
21.6115 0.572688 -16.723
23.5665 -1.10331 -19.61
21.7925 -4.41631 -18.819
18.2955 -2.86431 -19.403
19.3865 -1.53331 -22.874

20.8665 -4.86331 -24.126
19.0365 -5.96131 -27.331
19.1775 -9.74131 -26.796
17.3065 -9.90231 -23.411
13.7335 -11.1303 -22.904

10.9375 -8.74331 -21.75
11.2565 -10.4053 -18.287
15.0785 -9.94631 -17.998
14.5275 -6.24431 -18.969
11.9385 -5.89131 -16.094
14.3065 -7.71131 -13.657
17.2555 -5.41931 -14.614
14.9045 -2.38131 -14.158
13.8895 -3.58331 -10.634
17.6045 -4.16431 -9.82701
18.5745 -0.643312 -11.099
15.7475 0.895688 -8.98401
16.7025 -1.05331 -5.78601
20.4355 -0.136312 -6.35301
19.3855 3.55369 -6.71301
17.7345 3.36469 -3.25301
20.8945 1.78369 -1.68401
23.1945 4.34469 -3.41201
21.1955 7.31869 -1.96601
21.1425 6.12269 1.73199
24.4295 7.87569 2.86899
23.4925 11.3087 1.39699
19.8075 10.9537 2.43699
21.1485 10.4057 6.00799
23.6205 13.3487 5.62099
20.6935 15.5997 4.53799
18.3815 14.4477 7.42799
21.1865 15.2157 9.93899
21.8405 18.6657 8.31399
18.0915 19.4627 8.78999
18.2185 18.4517 12.515
21.5435 20.3167 13.105

19.8855 23.3957 11.422
17.4055 23.3807 14.396
14.2365 22.0837 12.605
11.5425 21.1307 15.133
9.28948 18.7817 13.009

9.50848 17.1867 9.52799
8.34048 14.1107 7.55699
10.7105 11.7487 5.68199
9.12448 9.68169 2.87799
10.7455 6.52669 1.40699

9.36348 3.22569 -0.070014
12.2415 0.681688 -0.015014

12.3725 -1.00231 3.43799
16.2355 -0.800312 3.49599
16.0055 3.05669 3.25399
13.4025 3.24169 6.09799
15.5635 0.806688 8.18399
18.8285 2.78869 7.62999
17.1515 6.16769 8.47599
15.5985 4.73869 11.715
18.9345 3.10569 12.745
20.8765 6.40869 12.325
18.1905 8.42169 14.233
18.4085 5.83069 17.098
22.2705 6.05469 16.983

21.9825 9.90969 17.239
19.3145 9.47769 20.04
16.7365 11.4377 17.938
13.1325 10.7507 19.007

11.1295 9.75969 15.896
8.04448 7.79169 14.73
7.96648 5.07469 12.014
4.96448 3.97369 9.86999

5.23048 1.25169 7.17199
3.39748 -1.84431 5.75799
3.97548 -3.76131 9.06699
2.54148 -1.01231 11.383
-0.971521 -2.01731 12.572
-4.13452 0.0786877 11.916
-4.50752 1.18669 15.604

-0.749521 1.82869 16.191
-0.758521 4.05369 13.024
-3.31952 6.38569 14.688
-1.47052 6.33069 18.072
1.96548 7.11869 16.464
0.224479 9.88769 14.441
-1.10952 11.3757 17.741
2.36748 10.9927 19.394
4.01548 13.0087 16.526
1.16748 15.6087 16.576
1.09348 16.1727 20.387

4.72648 15.5097 21.521
7.31048 18.2917 20.835
10.1135 15.6637 21.285
9.30248 13.6597 18.107
11.2715 15.6407 15.486

11.1295 13.1167 12.573
8.36948 10.9457 11.094
9.83148 8.08369 8.96399
6.97548 7.17369 6.59099
6.40148 4.64569 3.80299

5.08948 6.54169 0.701986
2.66048 3.63169 -0.00701396
1.59748 2.78269 3.58999
1.11048 6.37669 4.95699
-0.611521 7.90569 1.82399
-4.07252 7.43169 3.51199
-6.07052 8.38769 6.66299
-3.30352 10.1537 8.65799
-2.85452 13.9257 9.34299
0.598479 15.4687 10.052
-0.238521 19.2037 10.498
2.47148 19.5357 13.251
5.25548 19.4707 10.578
6.13948 22.2757 8.08099

8.58648 20.1987 5.93899
8.27748 17.0347 3.79699
11.4445 15.2677 2.51199
11.0675 12.6347 -0.232014

14.2275 10.5117 0.211986
13.0185 8.49169 -2.81901
11.0075 9.29469 -5.96701
7.81448 7.32969 -6.76301
6.72848 6.77569 -10.43
3.08248 7.74769 -9.68501

2.54248 11.5247 -9.03701
-0.930521 10.9767 -7.47401
0.770479 9.10969 -4.55401
3.38948 11.9057 -4.13901
0.552479 14.5337 -3.98501
-1.32752 12.2937 -1.45001
1.85048 12.2867 0.729986
2.32448 16.1377 0.497986

-1.37352 16.6127 1.51599
-0.699521 14.7657 4.79999
0.921479 18.0457 6.06499
-1.01052 20.5677 3.91999
-4.39452 20.0747 5.74399
-6.93452 22.2487 7.62699
-5.01052 23.1907 10.824
-1.70252 23.9627 9.00199
-0.473521 27.5627 9.71599
3.04848 27.4937 8.10299
4.15148 27.4567 4.41699

4.77348 23.7757 3.59399
8.26348 22.9547 2.26199
8.52548 19.9037 -0.073014
12.0865 18.6517 -0.814014
12.5905 15.9677 -3.52601
16.0105 14.2727 -3.01801
17.5435 13.2567 -6.42101

20.9325 11.7567 -7.44301
22.6335 12.2757 -10.872
23.7395 8.91069 -12.396
20.7165 6.93569 -10.978
17.0445 5.93569 -11.604

16.0325 9.51969 -10.525
17.3515 10.8637 -13.909
14.5715 8.85569 -15.719
11.8725 8.93269 -12.985
11.8365 12.7467 -12.565
11.0255 13.5887 -16.279
8.44048 10.7017 -16.229
6.73148 12.1387 -13.085
6.74448 15.6517 -14.702
5.05148 14.5687 -17.984
2.45048 12.6437 -15.869
1.60848 15.7787 -13.75
1.24848 17.7707 -17.022
-1.22452 15.1257 -18.387
-3.14652 15.3917 -15.055
-3.13152 19.2557 -15.219
-4.35852 19.3397 -18.889

-7.23152 17.0177 -17.772
-8.03152 19.5597 -14.927
-6.95552 16.9587 -12.283
-3.93552 18.8657 -10.807
-2.76052 22.4807 -10.235
0.697479 21.0417 -9.50001
3.17148 22.1777 -12.145
6.61148 20.5057 -11.672
8.49648 22.3117 -14.561

9.50248 25.4007 -12.479
11.5505 23.2117 -10.036
13.8975 21.8947 -12.815
14.7485 25.2917 -14.374

16.0135 26.2507 -10.844
18.4985 23.2777 -10.421

End chain 1
