-13.201 -6.296 -53.957
-10.703 -3.406 -53.291
-9.54 -3.087 -49.639
-11.02 0.322 -48.639
-8.614 1.85 -46.053
-10.787 3.126 -43.162

-9.634 6.195 -41.181
-10.061 4.9 -37.589
-10.286 6.838 -34.306
-12.195 7.103 -30.979
-14.163 9.439 -28.711
-12.619 10.223 -25.263
-14.157 12.207 -22.344

-11.943 15.248 -21.466
-14.301 16.978 -18.949
-17.827 16.65 -17.399
-19.139 18.761 -20.353

-16.752 17.96 -23.312
-15.482 14.956 -25.281
-12.62 14.751 -27.824
-12.437 12.939 -31.204
-8.982 11.264 -31.393
-8.672 10.357 -35.1

-6.282 10.744 -38.079
-6.98 13.557 -40.6
-9.895 13.022 -43.051

-11.208 15.853 -45.293
-14.92 14.856 -45.011
-14.611 14.37 -41.226
-13.015 17.857 -40.827
-15.875 19.254 -42.999
-18.403 17.482 -40.669
-16.559 18.759 -37.515
-16.844 22.341 -38.957

-20.697 21.797 -39.029
-20.861 21.033 -35.24
-22.116 23.933 -33.104
-20.016 23.255 -29.939
-16.791 22.621 -31.971

-13.393 23.436 -30.391
-10.011 22.816 -32.063
-6.805 22.812 -29.99

-3.883 23.919 -32.209
-1.328 22.314 -29.773
-2.753 18.736 -29.691
-4.334 19.137 -33.217

-7.578 17.622 -31.79
-11.313 18.386 -31.995
-13.683 18.544 -28.991
-17.466 19.001 -28.65
-20.131 19.402 -25.91

-21.257 16.038 -24.476
-24.923 16.743 -25.497
-23.731 16.722 -29.178
-22.178 13.179 -28.839
-25.228 11.354 -30.322
-25.57 14.044 -33.093
-21.852 13.682 -34.021
-21.815 9.829 -34.037
-25.045 9.774 -36.128
-23.507 12.176 -38.75
-20.093 10.348 -38.803

-21.793 6.948 -39.527
-22.962 8.546 -42.834
-19.328 9.196 -43.991
-17.677 6.563 -46.261
-14.251 5.2 -45.121

-14.46 6.789 -41.562
-14.765 4.819 -38.279
-15.142 6.964 -35.114
-15.663 4.659 -32.101

-18.218 6.249 -29.657
-17.862 6.903 -25.912
-18.35 3.469 -24.195
-21.794 2.549 -22.772
-20.235 2.829 -19.255
-19.534 6.58 -19.812
-22.964 7.196 -21.431
-24.623 5.531 -18.378
-22.42 7.523 -15.909

-23.028 10.919 -17.654
-26.668 10.153 -18.714
-27.851 13.482 -17.123

-25.214 15.594 -18.963
-26 13.8 -22.296
-29.631 15.147 -21.909

-29.014 18.802 -20.797
-28.522 21.656 -23.337
-27.494 23.803 -20.296
-24.374 24.206 -18.108
-26.03 23.63 -14.722
-23.195 22.587 -12.38
-23.731 19.355 -10.334

-27.219 19.392 -8.694
-26.798 20.208 -4.988
-26.578 17.032 -2.906
-29.814 16.999 -0.82
-29.276 16.946 2.956
-30.305 13.551 4.343

-32.727 13.25 7.268
-30.389 11.851 9.975
-33.077 12.019 12.787
-33.159 8.159 12.923
-29.32 8.149 13.454
-27.82 8.306 16.969

-27.52 12.074 17.913
-23.991 11.509 19.371
-22.796 10.469 15.867
-24.731 13.185 13.93
-23.402 16.008 16.22
-19.738 14.82 15.861

-19.687 14.822 11.995
-17.445 17.587 10.586

-19.106 19.692 7.763
-17.231 17.783 4.996
-18.064 14.402 6.666
-21.796 15.407 6.677
-21.562 16.318 2.947
-19.943 12.855 2.346
-22.788 11.075 4.244
-25.363 13.084 2.191
-23.555 12.165 -1.104
-23.43 8.459 -0.115
-27.196 8.491 0.728
-28.024 10.343 -2.565

-25.973 7.645 -4.472
-28.214 5.048 -2.67
-25.512 3.7 -0.27

-23.352 2.353 -3.174
-19.956 4.118 -3.237
-16.209 4.012 -2.721
-15.295 6.541 0.021

-11.694 7.195 -1.128

-11.135 10.189 1.225
-7.504 10.605 2.377

-7.82073 9.99207 -1.27843
-6.74793 6.25262 -1.4096
-5.70488 2.55156 -2.03198
-4.78131 -1.0817 -2.42796

-2.36089 -3.71414 -3.71432
-3.33188 -6.1082 -0.927114
-7.02699 -5.64549 -1.6854
-6.45532 -6.33913 -5.37795
-4.53061 -9.51797 -4.58213
-7.30745 -10.7419 -2.29432
-9.92655 -10.1088 -4.97431
-7.89479 -12.0273 -7.54996
-7.51526 -14.9829 -5.19133
-11.2557 -15.0537 -4.5226
-12.02 -15.0143 -8.24513

-12.693 -18.4873 -9.81613

-13.177 -20.2523 -6.34213
-16.679 -21.4023 -7.55313
-14.843 -23.5013 -10.2611
-12.419 -25.4133 -7.91313
-10.774 -27.9583 -7.15313

-7.56697 -25.9933 -7.83513
-4.34397 -27.6823 -9.05413
-1.02797 -25.8733 -8.32613
2.07503 -27.2843 -10.1001
5.37803 -25.9023 -8.72013

9.15703 -26.5613 -8.33713
9.79103 -29.3653 -5.75613
11.351 -26.8503 -3.23013
8.51803 -24.1853 -3.12413

5.44903 -26.4133 -2.32013
5.31203 -25.2983 1.35187
6.05303 -21.6473 0.306871
2.84203 -21.8493 -1.81713
0.793028 -23.4423 1.05187
1.93903 -20.6253 3.40587
1.09803 -18.0693 0.645871
-2.51497 -19.4343 0.436871
-2.87497 -19.4053 4.28787
-1.38897 -15.8453 4.39987
-3.61597 -14.3503 1.65487

-6.91397 -16.3543 1.91687
-7.64397 -16.5953 5.73287
-11.181 -17.7543 4.62487
-9.55697 -21.2463 4.08287
-8.82297 -23.8303 6.79387

-5.42497 -25.6493 6.53387
-7.43097 -28.8653 5.75687
-8.57297 -27.2123 2.46787

-4.88397 -27.3613 1.25287
-3.29797 -30.6693 0.164871
0.526028 -30.5863 -0.242129

1.50503 -33.6613 -2.28813
4.89103 -34.8483 -0.951129
5.00603 -38.3823 -2.51013
3.80203 -40.3443 -5.58813
1.43803 -42.3653 -3.25313
-0.580972 -39.3533 -2.00613
-4.14497 -38.4623 -3.16413
-3.86797 -35.5183 -5.62213
-7.60897 -34.6473 -5.05013
-7.71197 -34.7113 -1.19613
-7.90097 -30.8773 -0.787129
-9.87297 -28.0113 -2.32813

-6.38097 -26.6853 -3.28513
-3.85797 -29.3783 -4.35813
-0.128972 -28.4433 -4.52013
2.19803 -30.8473 -6.43613
5.67803 -30.8403 -8.03213

6.54903 -31.2853 -11.7461
8.45003 -34.5543 -10.9481
5.37403 -36.0913 -9.21013
2.90703 -35.3143 -12.1011

4.28103 -38.2603 -14.1831
3.92003 -40.6183 -11.1401
0.364028 -39.2853 -10.4781
-0.806972 -39.3603 -14.1841
-3.52397 -41.9603 -13.2791
-5.03597 -39.3813 -10.8111
-4.74797 -36.4393 -13.3341
-7.86397 -37.9783 -15.0451
-9.98097 -35.9963 -12.4981
-10.887 -32.6823 -14.2711
-9.15997 -29.7803 -12.4811
-11.029 -26.7603 -13.9631

-8.49697 -24.2223 -12.5311
-4.72897 -24.8433 -12.8941
-1.79997 -22.6903 -11.7211
1.69003 -23.6553 -12.9631

4.54503 -21.7823 -11.2641
7.86603 -21.4103 -13.1721

6.14103 -22.8973 -16.2921
9.44203 -22.7523 -18.2911
9.95503 -26.2873 -16.7791
7.43303 -27.4113 -19.4991

9.64903 -25.9813 -22.3771
10.346 -29.4543 -23.9341
7.29403 -31.5283 -25.0591
9.21303 -34.8933 -24.9611
9.82103 -34.6613 -21.1621

7.65603 -36.8143 -18.8311
6.63903 -33.6673 -16.8101
5.37503 -31.9543 -20.0161
3.62103 -35.1383 -21.3291
1.74603 -35.4503 -17.9711
0.894028 -31.6823 -17.6551
-0.257972 -30.8983 -21.2481
-3.49297 -33.0683 -21.3261
-4.75397 -31.3313 -18.1221
-3.79697 -27.8173 -19.3871
-5.68597 -28.3713 -22.7091
-8.94097 -29.4723 -20.8991

-8.86497 -27.1893 -17.7881
-11.165 -24.0873 -18.0271

-8.61897 -21.6613 -16.4271
-4.81197 -21.8923 -16.9521
-2.56197 -19.4683 -15.0331
1.06203 -20.0023 -16.1461
3.78003 -18.0663 -14.2351

7.46803 -17.4803 -15.1421
10.209 -14.8333 -14.7501
11.917 -16.2443 -17.8601
9.20503 -17.7673 -20.1551
11.944 -18.5663 -22.6681
15.363 -19.5013 -21.2001
17.386 -19.2723 -24.4791
15.247 -19.7303 -27.6871

11.721 -19.1333 -29.2071
11.062 -22.9413 -29.4241
10.805 -23.0633 -25.5461
7.58803 -20.9153 -25.7021
5.57903 -23.3913 -27.8511
4.30303 -25.5713 -24.9371
3.22603 -22.4373 -22.9661
1.46903 -20.9513 -26.0811
-0.551972 -24.1833 -26.6991
-1.33797 -24.4713 -22.9371
-2.89697 -20.9283 -22.9191

-4.39997 -21.1993 -26.4951
-4.78497 -24.9153 -27.5801
-5.96497 -23.7963 -31.1031
-2.72797 -21.8353 -31.8311
-0.129972 -23.7813 -33.9151
-1.69297 -27.3303 -33.5521
1.63103 -28.7623 -34.8941

5.10603 -27.5643 -33.7521
6.48803 -27.5673 -37.3551
4.34103 -24.5123 -38.3531
5.64203 -22.5763 -35.2821
9.24203 -23.7443 -35.9911
9.17903 -22.7073 -39.7071
7.96903 -19.1793 -38.7531
9.80403 -18.3653 -35.4651

12.697 -20.8963 -35.0871
14.356 -20.4133 -38.5651
13.708 -24.1223 -39.1811

16.285 -25.7693 -41.5121
16.036 -29.1173 -43.3541
19.316 -30.9603 -42.5971

20.312 -34.4423 -44.0251
19.262 -36.0093 -40.6381

15.906 -34.1163 -40.2311
14.742 -30.6333 -39.1371
16.832 -28.2083 -37.0551

14.821 -25.7373 -34.8611
17.752 -24.1213 -32.9021
17.421 -20.7943 -34.7951
15.202 -17.7073 -34.4491
13.074 -15.6473 -36.8881
10.319 -12.9523 -36.9661

10.779 -12.2353 -33.1911
8.94803 -8.83733 -33.2901
5.84803 -10.6133 -34.7471
6.17303 -13.3273 -32.0431
6.35403 -10.5593 -29.3501
3.14603 -8.92133 -30.7191
1.31303 -12.3163 -30.8281
2.42503 -13.1393 -27.2411
1.36603 -9.74133 -25.7541
-2.03597 -9.69133 -27.5671
-3.21297 -13.3003 -27.0321

-0.981972 -15.3023 -24.5661

1.15103 -13.2443 -22.1821
1.09303 -10.3503 -19.7111

4.69603 -9.10833 -19.1781
6.00303 -6.10733 -17.1891
9.57803 -5.27233 -16.2151

11.104 -3.78833 -12.9871
11.715 -0.58433 -15.0091
7.96003 -0.33533 -15.9091
6.52003 -0.70533 -12.3491

9.33103 -0.21033 -9.72713
11.292 3.02467 -10.5581
12.706 2.78767 -6.95813
14.711 -0.48033 -7.37413

18.51 0.21367 -7.38913
20.263 -0.52033 -10.7131

21.919 -3.89033 -11.4561
25.535 -3.04233 -12.4341
27.072 -5.93233 -14.4361
30.751 -6.43033 -15.3831
33.113 -9.03933 -16.7851
36.154 -9.73433 -14.5441
38.973 -11.2883 -16.5991

40.753 -13.4893 -14.0081
44.468 -13.6703 -14.8181

45.452 -16.9013 -16.7411
49.067 -16.4303 -15.4131
48.029 -18.6223 -12.3911

46.988 -21.4113 -14.8761
50.126 -23.5923 -14.8101

51.632 -24.8653 -18.1081
50.32 -28.4833 -17.5671
46.698 -27.2853 -17.0161
46.975 -24.9553 -20.0771
48.404 -27.8003 -22.2291
45.466 -30.0173 -21.0441
42.92 -27.2823 -22.0421
44.717 -26.8843 -25.4321
44.63 -30.7103 -25.8631
40.857 -31.0193 -25.1151
40.169 -27.9673 -27.3831
42.124 -29.6433 -30.2701
40.35 -32.9563 -29.4791
36.853 -31.4043 -30.0631
37.944 -30.0733 -33.5341

39.424 -33.4033 -34.7861
37.594 -34.5013 -37.9911
37.735 -38.2813 -37.4561
35.864 -38.4423 -34.0711
32.291 -39.6703 -33.5641

29.495 -37.2833 -32.4101
29.814 -38.9453 -28.9471
33.636 -38.4863 -28.6581
33.085 -34.7843 -29.6291
30.496 -34.4313 -26.7541
32.864 -36.2513 -24.3171
35.813 -33.9593 -25.2741
33.462 -30.9213 -24.8181
32.447 -32.1233 -21.2941
36.162 -32.7043 -20.4871
37.132 -29.1833 -21.7591
34.305 -27.6443 -19.6441
35.26 -29.5933 -16.4461
38.993 -28.6763 -17.0131
37.943 -24.9863 -17.3731
36.292 -25.1753 -13.9131
39.452 -26.7563 -12.3441
41.752 -24.1953 -14.0721
39.753 -21.2213 -12.6261
39.7 -22.4173 -8.92813
42.987 -20.6643 -7.79113
42.05 -17.2313 -9.26313
38.365 -17.5863 -8.22313
39.706 -18.1343 -4.65213
42.178 -15.1913 -5.03913
39.251 -12.9403 -6.12213
36.939 -14.0923 -3.23213
39.744 -13.3243 -0.721129
40.398 -9.87433 -2.34613
36.649 -9.07733 -1.87013
36.776 -10.0883 1.85487
40.101 -8.22333 2.44487

38.443 -5.14433 0.761871
35.963 -5.15933 3.73587
32.794 -6.45633 1.94487
30.1 -7.40933 4.47287
27.847 -9.75833 2.34887

28.066 -11.3533 -1.13213
26.898 -14.4293 -3.10313
29.268 -16.7913 -4.97813
27.682 -18.8583 -7.78213
29.303 -22.0133 -9.25313

27.921 -25.3143 -10.7301
30.799 -27.8583 -10.6751

30.93 -29.5423 -7.22213
34.793 -29.3403 -7.16413
34.563 -25.4833 -7.40613
31.96 -25.2983 -4.56213
34.121 -27.7333 -2.47613
37.386 -25.7513 -3.03013
35.709 -22.3723 -2.18413
34.156 -23.8013 1.05487
37.492 -25.4343 2.08487
39.434 -22.1313 1.66487
36.748 -20.1183 3.57287
36.966 -22.7093 6.43787
40.828 -22.4853 6.32287

40.54 -18.6303 6.57887
37.872 -19.0623 9.37987
35.294 -17.1023 7.27787
31.69 -17.7893 8.34687

29.687 -18.7803 5.23587
26.602 -20.7483 4.06987
26.524 -23.4653 1.35387
23.522 -24.5663 -0.790129

23.788 -27.2883 -3.48813
21.955 -30.3843 -4.90213
22.533 -32.3013 -1.59313
21.099 -29.5523 0.722871
17.586 -30.5573 1.91187
14.423 -28.4613 1.25587
14.05 -27.3533 4.94387

17.808 -26.7113 5.53087
17.799 -24.4863 2.36387
15.238 -22.1543 4.02787
17.087 -22.2093 7.41187
20.523 -21.4213 5.80387
18.782 -18.6523 3.78087
17.448 -17.1643 7.08087
20.925 -17.5473 8.73387
22.573 -15.5313 5.86587
19.725 -12.9313 5.91587
19.651 -12.3673 9.72687

23.284 -13.0303 10.8609
25.868 -10.2483 10.1749
28.671 -12.8763 10.6249
27.86 -14.8803 7.44687
29.829 -12.8993 4.82587

29.687 -15.4233 1.91287
26.927 -17.5943 0.433871
28.389 -20.4563 -1.69613
25.533 -21.3663 -4.06913
24.959 -23.8943 -6.85713

23.647 -21.9983 -9.95813
21.218 -24.9083 -10.6671
20.155 -25.7573 -7.07013
19.668 -22.1633 -5.70313
17.946 -20.6343 -8.83613
14.485 -21.1083 -7.14813
12.487 -20.1523 -3.99713
15.254 -18.3863 -2.00213
15.703 -14.6143 -1.31713
19.156 -13.0713 -0.608129
18.319 -9.33633 -0.162129
21.029 -9.00433 2.59087
23.813 -9.06933 -0.0821291
24.697 -6.26433 -2.57913

27.144 -8.34133 -4.72113
26.835 -11.5053 -6.86313
30.002 -13.2723 -8.14813
29.625 -15.9053 -10.8921

32.785 -18.0283 -10.4481
31.576 -20.0483 -13.4791
29.565 -19.2453 -16.6271
26.372 -21.2103 -17.4231
25.286 -21.7643 -21.0901
21.64 -20.7923 -20.3451

21.1 -17.0153 -19.6971
17.627 -17.5633 -18.1341
19.328 -19.4303 -15.2141
21.947 -16.6343 -14.7991
19.11 -14.0063 -14.6451
17.23 -16.2463 -12.1101
20.408 -16.2533 -9.93013
20.882 -12.4023 -10.1621

17.184 -11.9273 -9.14413
17.858 -13.7743 -5.86013
19.479 -10.4943 -4.59513
17.547 -7.97233 -6.74013
14.163 -8.46533 -4.91613
11.623 -6.29133 -3.03313
13.547 -5.34933 0.163871
16.855 -4.57733 -1.65813
18.084 -0.97733 -0.944129
21.606 -1.04633 -2.55713
22.709 -1.08333 -6.24313

23.331 -4.76433 -7.06613
26.821 -5.58533 -8.39813
27.083 -8.63633 -10.7331
30.644 -9.88833 -11.4741
31.148 -12.5723 -14.1861
34.568 -14.2673 -13.6781
36.101 -15.2833 -17.0811

39.49 -16.7833 -18.1031
41.191 -16.2643 -21.5321
42.297 -19.6293 -23.0561
39.274 -21.6043 -21.6381
35.602 -22.6043 -22.2641

34.59 -19.0203 -21.1851
35.909 -17.6763 -24.5691
33.129 -19.6843 -26.3791
30.43 -19.6073 -23.6451
30.394 -15.7933 -23.2251
29.583 -14.9513 -26.9391
26.998 -17.8383 -26.8891
25.289 -16.4013 -23.7451
25.302 -12.8883 -25.3621
23.609 -13.9713 -28.6441
21.008 -15.8963 -26.5291
20.166 -12.7613 -24.4101
19.806 -10.7693 -27.6821
17.333 -13.4143 -29.0471
15.411 -13.1483 -25.7151
15.426 -9.28433 -25.8791
14.199 -9.20033 -29.5491

11.326 -11.5223 -28.4321
10.526 -8.98033 -25.5871
11.602 -11.5813 -22.9431
14.622 -9.67433 -21.4671
15.797 -6.05933 -20.8951
19.255 -7.49833 -20.1601
21.729 -6.36233 -22.8051
25.169 -8.03433 -22.3321
27.054 -6.22833 -25.2211

28.06 -3.13933 -23.1391
30.108 -5.32833 -20.6961
32.455 -6.64533 -23.4751
33.306 -3.24833 -25.0341

34.571 -2.28933 -21.5041
37.056 -5.26233 -21.0811

End chain 1
