-13.201 -6.296 -53.957
-10.703 -3.406 -53.291
-9.54 -3.087 -49.639
-11.02 0.322 -48.639
-8.614 1.85 -46.053
-10.787 3.126 -43.162

-9.634 6.195 -41.181
-10.061 4.9 -37.589
-10.286 6.838 -34.306
-12.195 7.103 -30.979
-14.163 9.439 -28.711
-12.619 10.223 -25.263
-14.157 12.207 -22.344

-11.943 15.248 -21.466
-14.301 16.978 -18.949
-17.827 16.65 -17.399
-19.139 18.761 -20.353

-16.752 17.96 -23.312
-15.482 14.956 -25.281
-12.62 14.751 -27.824
-12.437 12.939 -31.204
-8.982 11.264 -31.393
-8.672 10.357 -35.1

-6.282 10.744 -38.079
-6.98 13.557 -40.6
-9.895 13.022 -43.051

-11.208 15.853 -45.293
-14.92 14.856 -45.011
-14.611 14.37 -41.226
-13.015 17.857 -40.827
-15.875 19.254 -42.999
-18.403 17.482 -40.669
-16.559 18.759 -37.515
-16.844 22.341 -38.957

-20.697 21.797 -39.029
-20.861 21.033 -35.24
-22.116 23.933 -33.104
-20.016 23.255 -29.939
-16.791 22.621 -31.971

-13.393 23.436 -30.391
-10.011 22.816 -32.063
-6.805 22.812 -29.99

-3.883 23.919 -32.209
-1.328 22.314 -29.773
-2.753 18.736 -29.691
-4.334 19.137 -33.217

-7.578 17.622 -31.79
-11.313 18.386 -31.995
-13.683 18.544 -28.991
-17.466 19.001 -28.65
-20.131 19.402 -25.91

-21.257 16.038 -24.476
-24.923 16.743 -25.497
-23.731 16.722 -29.178
-22.178 13.179 -28.839
-25.228 11.354 -30.322
-25.57 14.044 -33.093
-21.852 13.682 -34.021
-21.815 9.829 -34.037
-25.045 9.774 -36.128
-23.507 12.176 -38.75
-20.093 10.348 -38.803

-21.793 6.948 -39.527
-22.962 8.546 -42.834
-19.328 9.196 -43.991
-17.677 6.563 -46.261
-14.251 5.2 -45.121

-14.46 6.789 -41.562
-14.765 4.819 -38.279
-15.142 6.964 -35.114
-15.663 4.659 -32.101

-18.218 6.249 -29.657
-17.862 6.903 -25.912
-18.35 3.469 -24.195
-21.794 2.549 -22.772
-20.235 2.829 -19.255
-19.534 6.58 -19.812
-22.964 7.196 -21.431
-24.623 5.531 -18.378
-22.42 7.523 -15.909

-23.028 10.919 -17.654
-26.668 10.153 -18.714
-27.851 13.482 -17.123

-25.214 15.594 -18.963
-26 13.8 -22.296
-29.631 15.147 -21.909

-29.014 18.802 -20.797
-28.522 21.656 -23.337
-27.494 23.803 -20.296
-24.374 24.206 -18.108
-26.03 23.63 -14.722
-23.195 22.587 -12.38
-23.731 19.355 -10.334

-27.219 19.392 -8.694
-26.798 20.208 -4.988
-26.578 17.032 -2.906
-29.814 16.999 -0.82
-29.276 16.946 2.956
-30.305 13.551 4.343

-32.727 13.25 7.268
-30.389 11.851 9.975
-33.077 12.019 12.787
-33.159 8.159 12.923
-29.32 8.149 13.454
-27.82 8.306 16.969

-27.52 12.074 17.913
-23.991 11.509 19.371
-22.796 10.469 15.867
-24.731 13.185 13.93
-23.402 16.008 16.22
-19.738 14.82 15.861

-19.687 14.822 11.995
-17.445 17.587 10.586

-19.106 19.692 7.763
-17.231 17.783 4.996
-18.064 14.402 6.666
-21.796 15.407 6.677
-21.562 16.318 2.947
-19.943 12.855 2.346
-22.788 11.075 4.244
-25.363 13.084 2.191
-23.555 12.165 -1.104
-23.43 8.459 -0.115
-27.196 8.491 0.728
-28.024 10.343 -2.565

-25.973 7.645 -4.472
-28.214 5.048 -2.67
-25.512 3.7 -0.27

-23.352 2.353 -3.174
-19.956 4.118 -3.237
-16.209 4.012 -2.721
-15.295 6.541 0.021

-11.694 7.195 -1.128

-11.135 10.189 1.225
-7.504 10.605 2.377

-6.048 8.715 5.398
-7.361 9.956 8.784
-10.233 12.169 7.374
-12.706 9.981 9.408

-13.844 7.354 6.831
-15.012 5.081 9.734
-17.363 7.714 11.316
-18.876 8.506 7.854
-19.282 4.738 7.09
-21.02 4.042 10.461
-23.415 6.996 9.798
-24.247 5.855 6.195
-24.846 2.277 7.463
-26.955 3.52 10.461
-29.227 5.531 8.078

-29.9 2.058 6.507

-30.384 0.293 9.981
-33.886 -0.857 8.77
-32.05 -2.956 6.062
-29.626 -4.868 8.41
-27.981 -7.413 9.17

-24.774 -5.448 8.488
-21.551 -7.137 7.269
-18.235 -5.328 7.997
-15.132 -6.739 6.223
-11.829 -5.357 7.603

-8.05 -6.016 7.986
-7.416 -8.82 10.567
-5.856 -6.305 13.093
-8.689 -3.64 13.199

-11.758 -5.868 14.003
-11.895 -4.753 17.675
-11.154 -1.102 16.63
-14.365 -1.304 14.506
-16.414 -2.897 17.375
-15.268 -0.08 19.729
-16.109 2.476 16.969
-19.722 1.111 16.76
-20.082 1.14 20.611
-18.596 4.7 20.723
-20.823 6.195 17.978

-24.121 4.191 18.24
-24.851 3.95 22.056
-28.388 2.791 20.948
-26.764 -0.701 20.406
-26.03 -3.285 23.117

-22.632 -5.104 22.857
-24.638 -8.32 22.08
-25.78 -6.667 18.791

-22.091 -6.816 17.576
-20.505 -10.124 16.488
-16.681 -10.041 16.081

-15.702 -13.116 14.035
-12.316 -14.303 15.372
-12.201 -17.837 13.813
-13.405 -19.799 10.735
-15.769 -21.82 13.07
-17.788 -18.808 14.317
-21.352 -17.917 13.159
-21.075 -14.973 10.701
-24.816 -14.102 11.273
-24.919 -14.166 15.127
-25.108 -10.332 15.536
-27.08 -7.466 13.995

-23.588 -6.14 13.038
-21.065 -8.833 11.965
-17.336 -7.898 11.803
-15.009 -10.302 9.887
-11.529 -10.295 8.291

-10.658 -10.74 4.577
-8.757 -14.009 5.375
-11.833 -15.546 7.113
-14.3 -14.769 4.222

-12.926 -17.715 2.14
-13.287 -20.073 5.183
-16.843 -18.74 5.845
-18.014 -18.815 2.139
-20.731 -21.415 3.044
-22.243 -18.836 5.512
-21.955 -15.894 2.989
-25.071 -17.433 1.278
-27.188 -15.451 3.825
-28.094 -12.137 2.052
-26.367 -9.235 3.842
-28.236 -6.215 2.36

-25.704 -3.677 3.792
-21.936 -4.298 3.429
-19.007 -2.145 4.602
-15.517 -3.11 3.36

-12.662 -1.237 5.059
-9.341 -0.865 3.151

-11.066 -2.352 0.031
-7.765 -2.207 -1.968
-7.252 -5.742 -0.456
-9.774 -6.866 -3.176

-7.558 -5.436 -6.054
-6.861 -8.909 -7.611
-9.913 -10.983 -8.736
-7.994 -14.348 -8.638
-7.386 -14.116 -4.839

-9.551 -16.269 -2.508
-10.568 -13.122 -0.487
-11.832 -11.409 -3.693
-13.586 -14.593 -5.006
-15.461 -14.905 -1.648
-16.313 -11.137 -1.332
-17.465 -10.353 -4.925
-20.7 -12.523 -5.003
-21.961 -10.786 -1.799
-21.004 -7.272 -3.064
-22.893 -7.826 -6.386
-26.148 -8.927 -4.576

-25.7717 -5.93988 -2.23166
-27.1661 -2.7851 -0.884514

-26.0196 0.186928 -2.81477
-28.0038 3.26118 -3.76107
-30.2722 6.06793 -4.97299
-30.0922 9.8066 -5.45823
-29.9517 13.656 -5.94845

-26.2637 14.242 -6.85545
-23.5227 16.889 -6.46345
-21.8147 15.478 -9.57345
-24.5267 13.955 -11.8685
-21.7877 13.156 -14.3815
-18.3687 12.221 -12.9135
-16.3457 12.45 -16.1925
-18.4847 11.992 -19.4005

-22.0107 12.589 -20.9205
-22.6697 8.78098 -21.1375
-22.9267 8.65898 -17.2595
-26.1437 10.807 -17.4155
-28.1527 8.33098 -19.5645
-29.4287 6.15098 -16.6505
-30.5057 9.28498 -14.6795
-32.2627 10.771 -17.7945
-34.2837 7.53898 -18.4125
-35.0697 7.25098 -14.6505
-36.6287 10.794 -14.6325

-38.1317 10.523 -18.2085
-38.5167 6.80698 -19.2935
-39.6967 7.92598 -22.8165
-36.4597 9.88698 -23.5445
-33.8617 7.94098 -25.6285
-35.4247 4.39198 -25.2655
-32.1007 2.95998 -26.6075

-28.6257 4.15798 -25.4655
-27.2437 4.15498 -29.0685
-29.3907 7.20998 -30.0665
-28.0897 9.14598 -26.9955
-24.4897 7.97798 -27.7045
-24.5527 9.01498 -31.4205
-25.7627 12.543 -30.4665
-23.9277 13.357 -27.1785

-21.0347 10.826 -26.8005
-19.3757 11.309 -30.2785
-20.0237 7.59998 -30.8945

-17.4467 5.95298 -33.2255
-17.6957 2.60498 -35.0675
-14.4157 0.761977 -34.3105

-13.4197 -2.72002 -35.7385
-14.4697 -4.28702 -32.3515

-17.8257 -2.39402 -31.9445
-18.9897 1.08898 -30.8505
-16.8997 3.51398 -28.7685

-18.9107 5.98498 -26.5745
-15.9797 7.60098 -24.6155
-16.3107 10.928 -26.5085
-18.5297 14.015 -26.1625
-20.6577 16.075 -28.6015
-23.4127 18.77 -28.6795

-22.9527 19.487 -24.9045
-24.7837 22.885 -25.0035
-27.8837 21.109 -26.4605
-27.5587 18.395 -23.7565
-27.3777 21.163 -21.0635
-30.5857 22.801 -22.4325
-32.4187 19.406 -22.5415
-31.3067 18.583 -18.9545
-32.3657 21.981 -17.4675
-35.7677 22.031 -19.2805
-36.9447 18.422 -18.7455

-34.7137 16.42 -16.2795

-32.5807 18.478 -13.8955
-32.6387 21.372 -11.4245

-29.0357 22.614 -10.8915
-27.7287 25.615 -8.90245
-24.1537 26.45 -7.92845

-22.6277 27.934 -4.70045
-22.0167 31.138 -6.72245
-25.7717 31.387 -7.62245
-27.2117 31.017 -4.06245

-24.4007 31.512 -1.44045
-22.4397 34.747 -2.27145
-21.0257 34.51 1.32855
-19.0207 31.242 0.912549

-15.2217 31.936 0.897549
-13.4687 31.202 -2.42645

-11.8127 27.832 -3.16945
-8.1967 28.68 -4.14745
-6.6597 25.79 -6.14945
-2.9807 25.292 -7.09645
-0.618703 22.683 -8.49845
2.4223 21.988 -6.25745
5.2413 20.434 -8.31245

7.0213 18.233 -5.72145
10.7363 18.052 -6.53145

11.7203 14.821 -8.45445
15.3353 15.292 -7.12645
14.2973 13.1 -4.10445

13.2563 10.311 -6.58945
16.3943 8.12998 -6.52345

17.9003 6.85698 -9.82145
16.5883 3.23898 -9.28045
12.9663 4.43698 -8.72945
13.2433 6.76698 -11.7905
14.6723 3.92198 -13.9425
11.7343 1.70498 -12.7575
9.1883 4.43998 -13.7555
10.9853 4.83798 -17.1455
10.8983 1.01198 -17.5765
7.1253 0.702977 -16.8285
6.4373 3.75498 -19.0965
8.3923 2.07898 -21.9835
6.6183 -1.23402 -21.1925
3.1213 0.317977 -21.7765
4.2123 1.64898 -25.2475

5.6923 -1.68102 -26.4995
3.8623 -2.77902 -29.7045
4.0033 -6.55902 -29.1695
2.1323 -6.72002 -25.7845
-1.4407 -7.94802 -25.2775

-4.2367 -5.56102 -24.1235
-3.9177 -7.22302 -20.6605
-0.0957034 -6.76402 -20.3715
-0.646703 -3.06202 -21.3425
-3.2357 -2.70902 -18.4675
-0.867703 -4.52902 -16.0305
2.0813 -2.23702 -16.9875
-0.269703 0.800977 -16.5315
-1.2847 -0.401023 -13.0075
2.4303 -0.982023 -12.2005
3.4003 2.53898 -13.4725
0.573297 4.07798 -11.3575
1.5283 2.12898 -8.15945
5.2613 3.04598 -8.72645
4.2113 6.73598 -9.08645
2.5603 6.54698 -5.62645
5.7203 4.96598 -4.05745
8.0203 7.52698 -5.78545
6.0213 10.501 -4.33945
5.9683 9.30498 -0.641451
9.2553 11.058 0.495549
8.3183 14.491 -0.976451
4.6333 14.136 0.0635487
5.9743 13.588 3.63455
8.4463 16.531 3.24755
5.5193 18.782 2.16455
3.2073 17.63 5.05455
6.0123 18.398 7.56555
6.6663 21.848 5.94055
2.9173 22.645 6.41655
3.0443 21.634 10.1415
6.3693 23.499 10.7315

4.7113 26.578 9.04855
2.2313 26.563 12.0225
-0.937703 25.266 10.2315
-3.6317 24.313 12.7595
-5.8847 21.964 10.6355

-5.6657 20.369 7.15455
-6.8337 17.293 5.18355
-4.4637 14.931 3.30855
-6.0497 12.864 0.504549
-4.4287 9.70898 -0.966451

-5.8107 6.40798 -2.44345
-2.9327 3.86398 -2.38845

-2.8017 2.17998 1.06455
1.0613 2.38198 1.12255
0.831297 6.23898 0.880549
-1.7717 6.42398 3.72455
0.389297 3.98898 5.81055
3.6543 5.97098 5.25655
1.9773 9.34998 6.10255
0.424297 7.92098 9.34155
3.7603 6.28798 10.3715
5.7023 9.59098 9.95155
3.0163 11.604 11.8595
3.2343 9.01298 14.7245
7.0963 9.23698 14.6095

6.8083 13.092 14.8655
4.1403 12.66 17.6665
1.5623 14.62 15.5645
-2.0417 13.933 16.6335

-4.0447 12.942 13.5225
-7.1297 10.974 12.3565
-7.2077 8.25698 9.64055
-10.2097 7.15598 7.49655

-9.9437 4.43398 4.79855
-11.7767 1.33798 3.38455
-11.1987 -0.579023 6.69355
-12.6327 2.16998 9.00955
-16.1457 1.16498 10.1985
-19.3087 3.26098 9.54255
-19.6817 4.36898 13.2305

-15.9237 5.01098 13.8175
-15.9327 7.23598 10.6505
-18.4937 9.56798 12.3145
-16.6447 9.51298 15.6985
-13.2087 10.301 14.0905
-14.9497 13.07 12.0675
-16.2837 14.558 15.3675
-12.8067 14.175 17.0205
-11.1587 16.191 14.1525
-14.0067 18.791 14.2025
-14.0807 19.355 18.0135

-10.4477 18.692 19.1475
-7.8637 21.474 18.4615
-5.0607 18.846 18.9115
-5.8717 16.842 15.7335
-3.9027 18.823 13.1125

-4.0447 16.299 10.1995
-6.8047 14.128 8.72055
-5.3427 11.266 6.59055
-8.1987 10.356 4.21755
-8.7727 7.82798 1.42955

-10.0847 9.72398 -1.67145
-12.5137 6.81398 -2.38045
-13.5767 5.96498 1.21655
-14.0637 9.55898 2.58355
-15.7857 11.088 -0.549451
-19.2467 10.614 1.13855
-21.2447 11.57 4.28955
-18.4777 13.336 6.28455
-18.0287 17.108 6.96955
-14.5757 18.651 7.67855
-15.4127 22.386 8.12455
-12.7027 22.718 10.8775
-9.9187 22.653 8.20455
-9.0347 25.458 5.70755

-6.5877 23.381 3.56555
-6.8967 20.217 1.42355
-3.7297 18.45 0.138549
-4.1067 15.817 -2.60545

-0.946703 13.694 -2.16145
-2.1557 11.674 -5.19245
-4.1667 12.477 -8.34045
-7.3597 10.512 -9.13645
-8.4457 9.95798 -12.8035
-12.0917 10.93 -12.0585

-12.6317 14.707 -11.4105
-16.1047 14.159 -9.84745
-14.4037 12.292 -6.92745
-11.7847 15.088 -6.51245
-14.6217 17.716 -6.35845
-16.5017 15.476 -3.82345
-13.3237 15.469 -1.64345
-12.8497 19.32 -1.87545

-16.5477 19.795 -0.857451
-15.8737 17.948 2.42655
-14.2527 21.228 3.69155
-16.1847 23.75 1.54655
-19.5687 23.257 3.37055
-22.1087 25.431 5.25355
-20.1847 26.373 8.45055
-16.8767 27.145 6.62855
-15.6477 30.745 7.34255
-12.1257 30.676 5.72955
-11.0227 30.639 2.04355

-10.4007 26.958 1.22055
-6.9107 26.137 -0.111451
-6.6487 23.086 -2.44645
-3.0877 21.834 -3.18745
-2.5837 19.15 -5.89945
0.836297 17.455 -5.39145
2.3693 16.439 -8.79445

5.7583 14.939 -9.81645
7.4593 15.458 -13.2455
8.5653 12.093 -14.7695
5.5423 10.118 -13.3515
1.8703 9.11798 -13.9775

0.858297 12.702 -12.8985
2.1773 14.046 -16.2825
-0.602703 12.038 -18.0925
-3.3017 12.115 -15.3585
-3.3377 15.929 -14.9385
-4.1487 16.771 -18.6525
-6.7337 13.884 -18.6025
-8.4427 15.321 -15.4585
-8.4297 18.834 -17.0755
-10.1227 17.751 -20.3575
-12.7237 15.826 -18.2425
-13.5657 18.961 -16.1235
-13.9257 20.953 -19.3955
-16.3987 18.308 -20.7605
-18.3207 18.574 -17.4285
-18.3057 22.438 -17.5925
-19.5327 22.522 -21.2625

-22.4057 20.2 -20.1455
-23.2057 22.742 -17.3005
-22.1297 20.141 -14.6565
-19.1097 22.048 -13.1805
-17.9347 25.663 -12.6085
-14.4767 24.224 -11.8735
-12.0027 25.36 -14.5185
-8.5627 23.688 -14.0455
-6.6777 25.494 -16.9345

-5.6717 28.583 -14.8525
-3.6237 26.394 -12.4095
-1.2767 25.077 -15.1885
-0.425703 28.474 -16.7475

0.839297 29.433 -13.2175
3.3243 26.46 -12.7945

End chain 1
