0 0 0
0 0 3.89453
0.818074 0.751521 7.54242
2.30567 3.75849 5.67003
2.55354 6.35301 8.41965
3.46857 5.33963 11.911

3.3581 6.23161 15.5823
3.58666 9.85863 16.8094
3.08743 13.4857 17.3985
1.11714 13.4134 20.5973
0.487805 15.608 23.5322
1.40375 19.2022 23.3572
-2.37874 19.6244 23.0418

-0.164744 22.6654 23.9198
-2.52274 24.3954 26.4368
-6.04874 24.0674 27.9868
-7.36074 26.1784 25.0328

-4.97374 25.3774 22.0738
-3.70374 22.3734 20.1048
-0.841744 22.1684 17.5618
-0.658744 20.3564 14.1818
2.79626 18.6814 13.9928
3.10626 17.7744 10.2858

5.49626 18.1614 7.30684
4.79826 20.9744 4.78584
1.88326 20.4394 2.33484

0.570256 23.2704 0.0928381
-3.14174 22.2734 0.374838
-2.83274 21.7874 4.15984
-1.23674 25.2744 4.55884
-4.09674 26.6714 2.38684
-6.62474 24.8994 4.71684
-4.78074 26.1764 7.87084
-5.06574 29.7584 6.42884

-8.91874 29.2144 6.35684
-9.08274 28.4504 10.1458
-10.3377 31.3504 12.2818
-8.23774 30.6724 15.4468
-5.01274 30.0384 13.4148

-1.61474 30.8534 14.9948
1.76726 30.2334 13.3228
4.97326 30.2294 15.3958

7.89526 31.3364 13.1768
10.4503 29.7314 15.6128
9.02526 26.1534 15.6948
7.44426 26.5544 12.1688

4.20026 25.0394 13.5958
0.465256 25.8034 13.3908
-1.90474 25.9614 16.3948
-5.68774 26.4184 16.7358
-8.35274 26.8194 19.4758

-9.47874 23.4554 20.9098
-13.1447 24.1604 19.8888
-11.9527 24.1394 16.2078
-10.3997 20.5964 16.5468
-13.4497 18.7714 15.0638
-13.7917 21.4614 12.2928
-10.0737 21.0994 11.3648
-10.0367 17.2464 11.3488
-13.2667 17.1914 9.25784
-11.7287 19.5934 6.63584
-8.31474 17.7654 6.58284

-10.0147 14.3654 5.85884
-11.1837 15.9634 2.55184
-7.54974 16.6134 1.39484
-5.89874 13.9804 -0.875162
-2.47274 12.6174 0.264838

-2.68174 14.2064 3.82384
-2.98674 12.2364 7.10684
-3.36374 14.3814 10.2718
-3.88474 12.0764 13.2848

-6.43974 13.6664 15.7288
-6.08374 14.3204 19.4738
-6.57174 10.8864 21.1908
-10.0157 9.96644 22.6138
-8.45674 10.2464 26.1308
-7.75574 13.9974 25.5738
-11.1857 14.6134 23.9548
-12.8447 12.9484 27.0078
-10.6417 14.9404 29.4768

-11.2497 18.3364 27.7318
-14.8897 17.5704 26.6718
-16.0727 20.8994 28.2628

-13.4357 23.0114 26.4228
-14.2217 21.2174 23.0898
-17.8527 22.5644 23.4768

-17.2357 26.2194 24.5888
-16.7437 29.0734 22.0488
-15.7157 31.2204 25.0898
-12.5957 31.6234 27.2778
-14.2517 31.0474 30.6638
-11.4167 30.0044 33.0058
-11.9527 26.7724 35.0518

-15.4407 26.8094 36.6918
-15.0197 27.6254 40.3978
-14.7997 24.4494 42.4798
-18.0357 24.4164 44.5658
-17.4977 24.3634 48.3418
-18.5267 20.9684 49.7288

-20.9487 20.6674 52.6538
-18.6107 19.2684 55.3608
-21.2987 19.4364 58.1728
-21.3807 15.5764 58.3088
-17.5417 15.5664 58.8398
-16.0417 15.7234 62.3548

-15.7417 19.4914 63.2988
-12.2127 18.9264 64.7568
-11.0177 17.8864 61.2528
-12.9527 20.6024 59.3158
-11.6237 23.4254 61.6058
-7.95974 22.2374 61.2468

-7.90874 22.2394 57.3808
-5.66674 25.0044 55.9718

-7.32774 27.1094 53.1488
-5.45274 25.2004 50.3818
-6.28574 21.8194 52.0518
-10.0177 22.8244 52.0628
-9.78374 23.7354 48.3328
-8.16474 20.2724 47.7318
-11.0097 18.4924 49.6298
-13.5847 20.5014 47.5768
-11.7767 19.5824 44.2818
-11.6517 15.8764 45.2708
-15.4177 15.9084 46.1138
-16.2457 17.7604 42.8208

-14.1947 15.0624 40.9138
-16.4357 12.4654 42.7158
-13.7337 11.1174 45.1158

-11.5737 9.77044 42.2118
-8.17774 11.5354 42.1488
-4.43074 11.4294 42.6648
-3.51674 13.9584 45.4068

0.0842561 14.6124 44.2578

0.643256 17.6064 46.6108
4.27426 18.0224 47.7628

5.73026 16.1324 50.7838
4.41726 17.3734 54.1698
1.54526 19.5864 52.7598
-0.927744 17.3984 54.7938

-2.06574 14.7714 52.2168
-3.23374 12.4984 55.1198
-5.58474 15.1314 56.7018
-7.09774 15.9234 53.2398
-7.50374 12.1554 52.4758
-9.24174 11.4594 55.8468
-11.6367 14.4134 55.1838
-12.4687 13.2724 51.5808
-13.0677 9.69444 52.8488
-15.1767 10.9374 55.8468
-17.4487 12.9484 53.4638

-18.1217 9.47544 51.8928

-18.6057 7.71044 55.3668
-22.1077 6.56044 54.1558
-20.2717 4.46144 51.4478
-17.8477 2.54944 53.7958
-16.2027 0.0044359 54.5558

-12.9957 1.96944 53.8738
-9.77274 0.280436 52.6548
-6.45674 2.08944 53.3828
-3.35374 0.678436 51.6088
-0.0507439 2.06044 52.9888

3.72826 1.40144 53.3718
4.36226 -1.40256 55.9528
5.92226 1.11244 58.4788
3.08926 3.77744 58.5848

0.0202561 1.54944 59.3888
-0.116744 2.66444 63.0608
0.624256 6.31544 62.0158
-2.58674 6.11344 59.8918
-4.63574 4.52044 62.7608
-3.48974 7.33744 65.1148
-4.33074 9.89344 62.3548
-7.94374 8.52844 62.1458
-8.30374 8.55744 65.9968
-6.81774 12.1174 66.1088
-9.04474 13.6124 63.3638

-12.3427 11.6084 63.6258
-13.0727 11.3674 67.4418
-16.6097 10.2084 66.3338
-14.9857 6.71644 65.7918
-14.2517 4.13244 68.5028

-10.8537 2.31344 68.2428
-12.8597 -0.902564 67.4658
-14.0017 0.750436 64.1768

-10.3127 0.601436 62.9618
-8.72674 -2.70656 61.8738
-4.90274 -2.62356 61.4668

-3.92374 -5.69856 59.4208
-0.537744 -6.88556 60.7578
-0.422744 -10.4196 59.1988
-1.62674 -12.3816 56.1208
-3.99074 -14.4026 58.4558
-6.00974 -11.3906 59.7028
-9.57374 -10.4996 58.5448
-9.29674 -7.55556 56.0868
-13.0377 -6.68456 56.6588
-13.1407 -6.74856 60.5128
-13.3297 -2.91456 60.9218
-15.3017 -0.0485641 59.3808

-11.8097 1.27744 58.4238
-9.28674 -1.41556 57.3508
-5.55774 -0.480564 57.1888
-3.23074 -2.88456 55.2728
0.249256 -2.87756 53.6768

1.12026 -3.32256 49.9628
3.02126 -6.59156 50.7608
-0.0547439 -8.12856 52.4988
-2.52174 -7.35156 49.6078

-1.14774 -10.2976 47.5258
-1.50874 -12.6556 50.5688
-5.06474 -11.3226 51.2308
-6.23574 -11.3976 47.5248
-8.95274 -13.9976 48.4298
-10.4647 -11.4186 50.8978
-10.1767 -8.47656 48.3748
-13.2927 -10.0156 46.6638
-15.4097 -8.03356 49.2108
-16.3157 -4.71956 47.4378
-14.5887 -1.81756 49.2278
-16.4577 1.20244 47.7458

-13.9257 3.74044 49.1778
-10.1577 3.11944 48.8148
-7.22874 5.27244 49.9878
-3.73874 4.30744 48.7458

-0.883744 6.18044 50.4448
2.43726 6.55244 48.5368

0.712256 5.06544 45.4168
4.01326 5.21044 43.4178
4.52626 1.67544 44.9298
2.00426 0.551436 42.2098

4.22026 1.98144 39.3318
4.91726 -1.49156 37.7748
1.86526 -3.56556 36.6498
3.78426 -6.93056 36.7478
4.39226 -6.69856 40.5468

2.22726 -8.85156 42.8778
1.21026 -5.70456 44.8988
-0.0537439 -3.99156 41.6928
-1.80774 -7.17556 40.3798
-3.68274 -7.48756 43.7378
-4.53474 -3.71956 44.0538
-5.68674 -2.93556 40.4608
-8.92174 -5.10556 40.3828
-10.1827 -3.36856 43.5868
-9.22574 0.145436 42.3218
-11.1147 -0.408564 38.9998
-14.3697 -1.50956 40.8098

-14.2937 0.773436 43.9208
-16.5937 3.87544 43.6818

-14.0477 6.30144 45.2818
-10.2407 6.07044 44.7568
-7.99074 8.49444 46.6758
-4.36674 7.96044 45.5628
-1.64874 9.89644 47.4738

2.03926 10.4824 46.5668
4.78026 13.1294 46.9588
6.48826 11.7184 43.8488
3.77626 10.1954 41.5538
6.51526 9.39644 39.0408
9.93426 8.46144 40.5088
11.9573 8.69044 37.2298
9.81826 8.23244 34.0218

6.29226 8.82944 32.5018
5.63326 5.02144 32.2848
5.37626 4.89944 36.1628
2.15926 7.04744 36.0068
0.150256 4.57144 33.8578
-1.12574 2.39144 36.7718
-2.20274 5.52544 38.7428
-3.95974 7.01144 35.6278
-5.98074 3.77944 35.0098
-6.76674 3.49144 38.7718
-8.32574 7.03444 38.7898

-9.82874 6.76344 35.2138
-10.2137 3.04744 34.1288
-11.3937 4.16644 30.6058
-8.15674 6.12744 29.8778
-5.55874 4.18144 27.7938
-7.12174 0.632436 28.1568
-3.79774 -0.799564 26.8148

-0.322744 0.398436 27.9568
1.05926 0.395436 24.3538
-1.08774 3.45044 23.3558
0.213256 5.38644 26.4268
3.81326 4.21844 25.7178
3.75026 5.25544 22.0018
2.54026 8.78344 22.9558
4.37526 9.59744 26.2438

7.26826 7.06644 26.6218
8.92726 7.54944 23.1438
8.27926 3.84044 22.5278

10.8563 2.19344 20.1968
10.6073 -1.15456 18.3548
13.8873 -2.99756 19.1118

14.8833 -6.47956 17.6838
13.8333 -8.04656 21.0708

10.4773 -6.15356 21.4778
9.31326 -2.67056 22.5718
11.4033 -0.245564 24.6538

9.39226 2.22544 26.8478
12.3233 3.84144 28.8068
11.9923 7.16844 26.9138
9.77326 10.2554 27.2598
7.64526 12.3154 24.8208
4.89026 15.0104 24.7428

5.35026 15.7274 28.5178
3.51926 19.1254 28.4188
0.419256 17.3494 26.9618
0.744256 14.6354 29.6658
0.925256 17.4034 32.3588
-2.28274 19.0414 30.9898
-4.11574 15.6464 30.8808
-3.00374 14.8234 34.4678
-4.06274 18.2214 35.9548
-7.46474 18.2714 34.1418
-8.64174 14.6624 34.6768

-6.41074 12.6604 37.1428

-4.27774 14.7184 39.5268
-4.33574 17.6124 41.9978

-0.732744 18.8544 42.5308
0.574256 21.8554 44.5198
4.14926 22.6904 45.4938

5.67526 24.1744 48.7218
6.28626 27.3784 46.6998
2.53126 27.6274 45.7998
1.09126 27.2574 49.3598

3.90226 27.7524 51.9818
5.86326 30.9874 51.1508
7.27726 30.7504 54.7508
9.28226 27.4824 54.3348

13.0813 28.1764 54.3198
14.8343 27.4424 50.9958

16.4903 24.0724 50.2528
20.1063 24.9204 49.2748
21.6433 22.0304 47.2728
25.3223 21.5324 46.3258
27.6843 18.9234 44.9238
30.7253 18.2284 47.1648
33.5443 16.6744 45.1098

35.3243 14.4734 47.7008
39.0393 14.2924 46.8908

40.0233 11.0614 44.9678
43.6383 11.5324 46.2958
42.6003 9.34044 49.3178

41.5593 6.55144 46.8328
44.6973 4.37044 46.8988

46.2033 3.09744 43.6008
44.8913 -0.520564 44.1418
41.2693 0.677436 44.6928
41.5463 3.00744 41.6318
42.9753 0.162436 39.4798
40.0373 -2.05456 40.6648
37.4913 0.680436 39.6668
39.2883 1.07844 36.2768
39.2013 -2.74756 35.8458
35.4283 -3.05656 36.5938
34.7403 -0.0045641 34.3258
36.6953 -1.68056 31.4388
34.9213 -4.99356 32.2298
31.4243 -3.44156 31.6458
32.5153 -2.11056 28.1748

33.9953 -5.44056 26.9228
32.1653 -6.53856 23.7178
32.3063 -10.3186 24.2528
30.4353 -10.4796 27.6378
26.8623 -11.7076 28.1448

24.0663 -9.32056 29.2988
24.3853 -10.9826 32.7618
28.2073 -10.5236 33.0508
27.6563 -6.82156 32.0798
25.0673 -6.46856 34.9548
27.4353 -8.28856 37.3918
30.3843 -5.99656 36.4348
28.0333 -2.95856 36.8908
27.0183 -4.16056 40.4148
30.7333 -4.74156 41.2218
31.7033 -1.22056 39.9498
28.8763 0.318436 42.0648
29.8313 -1.63056 45.2628
33.5643 -0.713564 44.6958
32.5143 2.97644 44.3358
30.8633 2.78744 47.7958
34.0233 1.20644 49.3648
36.3233 3.76744 47.6368
34.3243 6.74144 49.0828
34.2713 5.54544 52.7808
37.5583 7.29844 53.9178
36.6213 10.7314 52.4458
32.9363 10.3764 53.4858
34.2773 9.82844 57.0568
36.7493 12.7714 56.6698
33.8223 15.0224 55.5868
31.5103 13.8704 58.4768
34.3153 14.6384 60.9878
34.9693 18.0884 59.3628
31.2203 18.8854 59.8388
31.3473 17.8744 63.5638
34.6723 19.7394 64.1538

33.0143 22.8184 62.4708
30.5343 22.8034 65.4448
27.3653 21.5064 63.6538
24.6713 20.5534 66.1818
22.4183 18.2044 64.0578

22.6373 16.6094 60.5768
21.4693 13.5334 58.6058
23.8393 11.1714 56.7308
22.2533 9.10444 53.9268
23.8743 5.94944 52.4558

22.4923 2.64844 50.9788
25.3703 0.104436 51.0338

25.5013 -1.57956 54.4868
29.3643 -1.37756 54.5448
29.1343 2.47944 54.3028
26.5313 2.66444 57.1468
28.6923 0.229436 59.2328
31.9573 2.21144 58.6788
30.2803 5.59044 59.5248
28.7273 4.16144 62.7638
32.0633 2.52844 63.7938
34.0053 5.83144 63.3738
31.3193 7.84444 65.2818
31.5373 5.25344 68.1468
35.3993 5.47744 68.0318

35.1113 9.33244 68.2878
32.4433 8.90044 71.0888
29.8653 10.8604 68.9868
26.2613 10.1734 70.0558

24.2583 9.18244 66.9448
21.1733 7.21444 65.7788
21.0953 4.49744 63.0628
18.0933 3.39644 60.9188

18.3593 0.674436 58.2208
16.5263 -2.42156 56.8068
17.1043 -4.33856 60.1158
15.6703 -1.58956 62.4318
12.1573 -2.59456 63.6208
8.99426 -0.498564 62.9648
8.62126 0.609436 66.6528

12.3793 1.25144 67.2398
12.3703 3.47644 64.0728
9.80926 5.80844 65.7368
11.6583 5.75344 69.1208
15.0943 6.54144 67.5128
13.3533 9.31044 65.4898
12.0193 10.7984 68.7898
15.4963 10.4154 70.4428
17.1443 12.4314 67.5748
14.2963 15.0314 67.6248
14.2223 15.5954 71.4358

17.8553 14.9324 72.5698
20.4393 17.7144 71.8838
23.2423 15.0864 72.3338
22.4313 13.0824 69.1558
24.4003 15.0634 66.5348

24.2583 12.5394 63.6218
21.4983 10.3684 62.1428
22.9603 7.50644 60.0128
20.1043 6.59644 57.6398
19.5303 4.06844 54.8518

18.2183 5.96444 51.7508
15.7893 3.05444 51.0418
14.7263 2.20544 54.6388
14.2393 5.79944 56.0058
12.5173 7.32844 52.8728
9.05626 6.85444 54.5608
7.05826 7.81044 57.7118
9.82526 9.57644 59.7068
10.2743 13.3484 60.3918
13.7273 14.8914 61.1008
12.8903 18.6264 61.5468
15.6003 18.9584 64.2998
18.3843 18.8934 61.6268
19.2683 21.6984 59.1298

21.7153 19.6214 56.9878
21.4063 16.4574 54.8458
24.5733 14.6904 53.5608
24.1963 12.0574 50.8168

27.3563 9.93444 51.2608
26.1473 7.91444 48.2298
24.1363 8.71744 45.0818
20.9433 6.75244 44.2858
19.8573 6.19844 40.6188
16.2113 7.17044 41.3638

15.6713 10.9474 42.0118
12.1983 10.3994 43.5748
13.8993 8.53244 46.4948
16.5183 11.3284 46.9098
13.6813 13.9564 47.0638
11.8013 11.7164 49.5988
14.9793 11.7094 51.7788
15.4533 15.5604 51.5468

11.7553 16.0354 52.5648
12.4293 14.1884 55.8488
14.0503 17.4684 57.1138
12.1183 19.9904 54.9688
8.73426 19.4974 56.7928
6.19426 21.6714 58.6758
8.11826 22.6134 61.8728
11.4263 23.3854 60.0508
12.6553 26.9854 60.7648
16.1773 26.9164 59.1518
17.2803 26.8794 55.4658

17.9023 23.1984 54.6428
21.3923 22.3774 53.3108
21.6543 19.3264 50.9758
25.2153 18.0744 50.2348
25.7193 15.3904 47.5228
29.1393 13.6954 48.0308
30.6723 12.6794 44.6278

34.0613 11.1794 43.6058
35.7623 11.6984 40.1768
36.8683 8.33344 38.6528
33.8453 6.35844 40.0708
30.1733 5.35844 39.4448

29.1613 8.94244 40.5238
30.4803 10.2864 37.1398
27.7003 8.27844 35.3298
25.0013 8.35544 38.0638
24.9653 12.1694 38.4838
24.1543 13.0114 34.7698
21.5693 10.1244 34.8198
19.8603 11.5614 37.9638
19.8733 15.0744 36.3468
18.1803 13.9914 33.0648
15.5793 12.0664 35.1798
14.7373 15.2014 37.2988
14.3773 17.1934 34.0268
11.9043 14.5484 32.6618
9.98226 14.8144 35.9938
9.99726 18.6784 35.8298
8.77026 18.7624 32.1598

5.89726 16.4404 33.2768
5.09726 18.9824 36.1218
6.17326 16.3814 38.7658
9.19326 18.2884 40.2418
10.3683 21.9034 40.8138
13.8263 20.4644 41.5488
16.3003 21.6004 38.9038
19.7403 19.9284 39.3768
21.6253 21.7344 36.4878

22.6313 24.8234 38.5698
24.6793 22.6344 41.0128
27.0263 21.3174 38.2338
27.8773 24.7144 36.6748

29.1423 25.6734 40.2048
31.6273 22.7004 40.6278

End chain 1
