-13.201 -6.296 -53.957
-10.703 -3.406 -53.291
-9.54 -3.087 -49.639
-11.02 0.322 -48.639
-8.614 1.85 -46.053
-10.787 3.126 -43.162

-9.634 6.195 -41.181
-10.061 4.9 -37.589
-10.286 6.838 -34.306
-12.195 7.103 -30.979
-14.163 9.439 -28.711
-12.619 10.223 -25.263
-14.157 12.207 -22.344

-11.943 15.248 -21.466
-14.301 16.978 -18.949
-17.827 16.65 -17.399
-19.139 18.761 -20.353

-16.752 17.96 -23.312
-15.482 14.956 -25.281
-12.62 14.751 -27.824
-12.437 12.939 -31.204
-8.982 11.264 -31.393
-8.672 10.357 -35.1

-6.282 10.744 -38.079
-6.98 13.557 -40.6
-9.895 13.022 -43.051

-11.208 15.853 -45.293
-14.92 14.856 -45.011
-14.611 14.37 -41.226
-13.015 17.857 -40.827
-15.875 19.254 -42.999
-18.403 17.482 -40.669
-16.559 18.759 -37.515
-16.844 22.341 -38.957

-20.697 21.797 -39.029
-20.861 21.033 -35.24
-22.116 23.933 -33.104
-20.016 23.255 -29.939
-16.791 22.621 -31.971

-13.393 23.436 -30.391
-10.011 22.816 -32.063
-6.805 22.812 -29.99

-3.883 23.919 -32.209
-1.328 22.314 -29.773
-2.753 18.736 -29.691
-4.334 19.137 -33.217

-7.578 17.622 -31.79
-11.313 18.386 -31.995
-13.683 18.544 -28.991
-17.466 19.001 -28.65
-20.131 19.402 -25.91

-21.257 16.038 -24.476
-24.923 16.743 -25.497
-23.731 16.722 -29.178
-22.178 13.179 -28.839
-25.228 11.354 -30.322
-25.57 14.044 -33.093
-21.852 13.682 -34.021
-21.815 9.829 -34.037
-25.045 9.774 -36.128
-23.507 12.176 -38.75
-20.093 10.348 -38.803

-21.793 6.948 -39.527
-22.962 8.546 -42.834
-19.328 9.196 -43.991
-17.677 6.563 -46.261
-14.251 5.2 -45.121

-14.46 6.789 -41.562
-14.765 4.819 -38.279
-15.142 6.964 -35.114
-15.663 4.659 -32.101

-18.218 6.249 -29.657
-17.862 6.903 -25.912
-18.35 3.469 -24.195
-21.794 2.549 -22.772
-20.235 2.829 -19.255
-19.534 6.58 -19.812
-22.964 7.196 -21.431
-24.623 5.531 -18.378
-22.42 7.523 -15.909

-23.028 10.919 -17.654
-26.668 10.153 -18.714
-27.851 13.482 -17.123

-25.214 15.594 -18.963
-26 13.8 -22.296
-29.631 15.147 -21.909

-29.014 18.802 -20.797
-28.522 21.656 -23.337
-27.494 23.803 -20.296
-24.374 24.206 -18.108
-26.03 23.63 -14.722
-23.195 22.587 -12.38
-23.731 19.355 -10.334

-27.219 19.392 -8.694
-26.798 20.208 -4.988
-26.578 17.032 -2.906
-29.814 16.999 -0.82
-29.276 16.946 2.956
-30.305 13.551 4.343

-32.727 13.25 7.268
-30.389 11.851 9.975
-33.077 12.019 12.787
-33.159 8.159 12.923
-29.32 8.149 13.454
-27.82 8.306 16.969

-27.52 12.074 17.913
-23.991 11.509 19.371
-22.796 10.469 15.867
-24.731 13.185 13.93
-23.402 16.008 16.22
-19.738 14.82 15.861

-19.687 14.822 11.995
-17.445 17.587 10.586

-19.106 19.692 7.763
-17.231 17.783 4.996
-18.064 14.402 6.666
-21.796 15.407 6.677
-21.562 16.318 2.947
-19.943 12.855 2.346
-22.788 11.075 4.244
-25.363 13.084 2.191
-23.555 12.165 -1.104
-23.43 8.459 -0.115
-27.196 8.491 0.728
-28.024 10.343 -2.565

-25.973 7.645 -4.472
-28.214 5.048 -2.67
-25.512 3.7 -0.27

-23.352 2.353 -3.174
-19.956 4.118 -3.237
-16.209 4.012 -2.721
-15.295 6.541 0.021

-11.694 7.195 -1.128

-11.135 10.189 1.225
-7.504 10.605 2.377

-6.048 8.715 5.398
-7.361 9.956 8.784
-10.233 12.169 7.374
-12.706 9.981 9.408

-13.844 7.354 6.831
-15.012 5.081 9.734
-17.363 7.714 11.316
-18.876 8.506 7.854
-19.282 4.738 7.09
-21.02 4.042 10.461
-23.415 6.996 9.798
-24.247 5.855 6.195
-24.846 2.277 7.463
-26.955 3.52 10.461
-29.227 5.531 8.078

-29.9 2.058 6.507

-30.384 0.293 9.981
-33.886 -0.857 8.77
-32.05 -2.956 6.062
-29.626 -4.868 8.41
-27.981 -7.413 9.17

-24.774 -5.448 8.488
-21.551 -7.137 7.269
-18.235 -5.328 7.997
-15.132 -6.739 6.223
-11.829 -5.357 7.603

-8.05 -6.016 7.986
-7.416 -8.82 10.567
-5.856 -6.305 13.093
-8.689 -3.64 13.199

-11.758 -5.868 14.003
-11.895 -4.753 17.675
-11.154 -1.102 16.63
-14.365 -1.304 14.506
-16.414 -2.897 17.375
-15.268 -0.08 19.729
-16.109 2.476 16.969
-19.722 1.111 16.76
-20.082 1.14 20.611
-18.596 4.7 20.723
-20.823 6.195 17.978

-24.121 4.191 18.24
-24.851 3.95 22.056
-28.388 2.791 20.948
-26.764 -0.701 20.406
-26.03 -3.285 23.117

-22.632 -5.104 22.857
-24.638 -8.32 22.08
-25.78 -6.667 18.791

-22.091 -6.816 17.576
-20.505 -10.124 16.488
-16.681 -10.041 16.081

-15.702 -13.116 14.035
-12.316 -14.303 15.372
-12.201 -17.837 13.813
-13.405 -19.799 10.735
-15.769 -21.82 13.07
-17.788 -18.808 14.317
-21.352 -17.917 13.159
-21.075 -14.973 10.701
-24.816 -14.102 11.273
-24.919 -14.166 15.127
-25.108 -10.332 15.536
-27.08 -7.466 13.995

-23.588 -6.14 13.038
-21.065 -8.833 11.965
-17.336 -7.898 11.803
-15.009 -10.302 9.887
-11.529 -10.295 8.291

-10.658 -10.74 4.577
-8.757 -14.009 5.375
-11.833 -15.546 7.113
-14.3 -14.769 4.222

-12.926 -17.715 2.14
-13.287 -20.073 5.183
-16.843 -18.74 5.845
-18.014 -18.815 2.139
-20.731 -21.415 3.044
-22.243 -18.836 5.512
-21.955 -15.894 2.989
-25.071 -17.433 1.278
-27.188 -15.451 3.825
-28.094 -12.137 2.052
-26.367 -9.235 3.842
-28.236 -6.215 2.36

-25.704 -3.677 3.792
-21.936 -4.298 3.429
-19.007 -2.145 4.602
-15.517 -3.11 3.36

-12.662 -1.237 5.059
-9.341 -0.865 3.151

-11.066 -2.352 0.031
-7.765 -2.207 -1.968
-7.252 -5.742 -0.456
-9.774 -6.866 -3.176

-8.20906 -4.85784 -6.10818
-7.8295 -3.49076 -9.52645
-9.79907 -0.429999 -10.5537
-7.19179 1.74473 -8.73366
-5.06121 0.742059 -11.7099

-3.01767 -0.473681 -14.6745
-1.70903 -3.43365 -12.6823
-5.22755 -4.39466 -11.6148
-6.46002 -4.25378 -15.2071
-3.59993 -6.46593 -16.3772
-4.34097 -9.02386 -13.6659
-8.0174 -9.11765 -14.624
-7.14946 -9.65748 -18.2844
-4.80639 -12.5181 -17.4071
-7.48171 -14.187 -15.2856
-10.0196 -13.918 -18.1016
-7.58321 -15.4635 -20.5752

-7.50721 -13.1805 -17.4642
-9.80721 -10.0785 -17.7032

-7.26121 -7.65245 -16.1032
-3.45421 -7.88345 -16.6282
-1.20421 -5.45945 -14.7092
2.41979 -5.99345 -15.8222
5.13779 -4.05745 -13.9112

8.82579 -3.47145 -14.8182
11.5668 -0.824452 -14.4262
13.2748 -2.23545 -17.5362
10.5628 -3.75845 -19.8312
13.3018 -4.55745 -22.3442
16.7208 -5.49245 -20.8762
18.7438 -5.26345 -24.1552
16.6048 -5.72145 -27.3632

13.0788 -5.12445 -28.8832
12.4198 -8.93245 -29.1002
12.1628 -9.05445 -25.2222
8.94579 -6.90645 -25.3782
6.93679 -9.38245 -27.5272
5.66079 -11.5625 -24.6132
4.58379 -8.42845 -22.6422
2.82679 -6.94245 -25.7572
0.805794 -10.1745 -26.3752
0.0197944 -10.4625 -22.6132
-1.53921 -6.91945 -22.5952

-3.04221 -7.19045 -26.1712
-3.42721 -10.9065 -27.2562
-4.60721 -9.78745 -30.7792
-1.37021 -7.82645 -31.5072
1.22779 -9.77245 -33.5912
-0.335206 -13.3215 -33.2282
2.98879 -14.7535 -34.5702

6.46379 -13.5555 -33.4282
7.84579 -13.5585 -37.0312
5.69879 -10.5035 -38.0292
6.99979 -8.56745 -34.9582
10.5998 -9.73545 -35.6672
10.5368 -8.69845 -39.3832
9.32679 -5.17045 -38.4292
11.1618 -4.35645 -35.1412

14.0548 -6.88745 -34.7632
15.7138 -6.40445 -38.2412
15.0658 -10.1135 -38.8572

17.6428 -11.7605 -41.1882
17.3938 -15.1085 -43.0302
20.6738 -16.9515 -42.2732

21.6698 -20.4335 -43.7012
20.6198 -22.0005 -40.3142

17.2638 -20.1075 -39.9072
16.0998 -16.6245 -38.8132
18.1898 -14.1995 -36.7312

16.1788 -11.7285 -34.5372
19.1098 -10.1125 -32.5782
18.7788 -6.78545 -34.4712
16.5598 -3.69845 -34.1252
14.4318 -1.63845 -36.5642
11.6768 1.05655 -36.6422

12.1368 1.77355 -32.8672
10.3058 5.17155 -32.9662
7.20579 3.39555 -34.4232
7.53079 0.681548 -31.7192
7.71179 3.44955 -29.0262
4.50379 5.08755 -30.3952
2.67079 1.69255 -30.5042
3.78279 0.869548 -26.9172
2.72379 4.26755 -25.4302
-0.678206 4.31755 -27.2432
-1.85521 0.708548 -26.7082

0.375794 -1.29345 -24.2422

2.50879 0.764548 -21.8582
2.45079 3.65855 -19.3872

6.05379 4.90055 -18.8542
7.36079 7.90155 -16.8652
10.9358 8.73655 -15.8912

12.4618 10.2205 -12.6632
13.0728 13.4245 -14.6852
9.31779 13.6735 -15.5852
7.87779 13.3035 -12.0252

10.6888 13.7985 -9.4032
12.6498 17.0335 -10.2342
14.0638 16.7965 -6.6342
16.0688 13.5285 -7.0502

19.8678 14.2225 -7.0652
21.6208 13.4885 -10.3892

23.2768 10.1185 -11.1322
26.8928 10.9665 -12.1102
28.4298 8.07655 -14.1122
32.1088 7.57855 -15.0592
34.4708 4.96955 -16.4612
37.5118 4.27455 -14.2202
40.3308 2.72055 -16.2752

42.1108 0.519548 -13.6842
45.8258 0.338548 -14.4942

46.8098 -2.89245 -16.4172
50.4248 -2.42145 -15.0892
49.3868 -4.61345 -12.0672

48.3458 -7.40245 -14.5522
51.4838 -9.58345 -14.4862

52.9898 -10.8565 -17.7842
51.6778 -14.4745 -17.2432
48.0558 -13.2765 -16.6922
48.3328 -10.9465 -19.7532
49.7618 -13.7915 -21.9052
46.8238 -16.0085 -20.7202
44.2778 -13.2735 -21.7182
46.0748 -12.8755 -25.1082
45.9878 -16.7015 -25.5392
42.2148 -17.0105 -24.7912
41.5268 -13.9585 -27.0592
43.4818 -15.6345 -29.9462
41.7078 -18.9475 -29.1552
38.2108 -17.3955 -29.7392
39.3018 -16.0645 -33.2102

40.7818 -19.3945 -34.4622
38.9518 -20.4925 -37.6672
39.0928 -24.2725 -37.1322
37.2218 -24.4335 -33.7472
33.6488 -25.6615 -33.2402

30.8528 -23.2745 -32.0862
31.1718 -24.9365 -28.6232
34.9938 -24.4775 -28.3342
34.4428 -20.7755 -29.3052
31.8538 -20.4225 -26.4302
34.2218 -22.2425 -23.9932
37.1708 -19.9505 -24.9502
34.8198 -16.9125 -24.4942
33.8048 -18.1145 -20.9702
37.5198 -18.6955 -20.1632
38.4898 -15.1745 -21.4352
35.6628 -13.6355 -19.3202
36.6178 -15.5845 -16.1222
40.3508 -14.6675 -16.6892
39.3008 -10.9775 -17.0492
37.6498 -11.1665 -13.5892
40.8098 -12.7475 -12.0202
43.1098 -10.1865 -13.7482
41.1108 -7.21245 -12.3022
41.0578 -8.40845 -8.6042
44.3448 -6.65545 -7.4672
43.4078 -3.22245 -8.9392
39.7228 -3.57745 -7.8992
41.0638 -4.12545 -4.3282
43.5358 -1.18245 -4.7152
40.6088 1.06855 -5.7982
38.2968 -0.0834524 -2.9082
41.1018 0.684548 -0.397199
41.7558 4.13455 -2.0222
38.0068 4.93155 -1.5462
38.1338 3.92055 2.1788
41.4588 5.78555 2.7688

39.8008 8.86455 1.0858
37.3208 8.84955 4.0598
34.1518 7.55255 2.2688
31.4578 6.59955 4.7968
29.2048 4.25055 2.6728

29.4238 2.65555 -0.808199
28.2558 -0.420452 -2.7792
30.6258 -2.78245 -4.6542
29.0398 -4.84945 -7.4582
30.6608 -8.00445 -8.9292

29.2788 -11.3055 -10.4062
32.1568 -13.8495 -10.3512

32.2878 -15.5335 -6.8982
36.1508 -15.3315 -6.8402
35.9208 -11.4745 -7.0822
33.3178 -11.2895 -4.2382
35.4788 -13.7245 -2.1522
38.7438 -11.7425 -2.7062
37.0668 -8.36345 -1.8602
35.5138 -9.79245 1.3788
38.8498 -11.4255 2.4088
40.7918 -8.12245 1.9888
38.1058 -6.10945 3.8968
38.3238 -8.70045 6.7618
42.1858 -8.47645 6.6468

41.8978 -4.62145 6.9028
39.2298 -5.05345 9.7038
36.6518 -3.09345 7.6018
33.0478 -3.78045 8.6708

31.0448 -4.77145 5.5598
27.9598 -6.73945 4.3938
27.8818 -9.45645 1.6778
24.8798 -10.5575 -0.466199

25.1458 -13.2795 -3.1642
23.3128 -16.3755 -4.5782
23.8908 -18.2925 -1.2692
22.4568 -15.5435 1.0468
18.9438 -16.5485 2.2358
15.7808 -14.4525 1.5798
15.4078 -13.3445 5.2678

19.1658 -12.7025 5.8548
19.1568 -10.4775 2.6878
16.5958 -8.14545 4.3518
18.4448 -8.20045 7.7358
21.8808 -7.41245 6.1278
20.1398 -4.64345 4.1048
18.8058 -3.15545 7.4048
22.2828 -3.53845 9.0578
23.9308 -1.52245 6.1898
21.0828 1.07755 6.2398
21.0088 1.64155 10.0508

24.6418 0.978548 11.1848
27.2258 3.76055 10.4988
30.0288 1.13255 10.9488
29.2178 -0.871452 7.7708
31.1868 1.10955 5.1498

31.0448 -1.41445 2.2368
28.2848 -3.58545 0.757801
29.7468 -6.44745 -1.3722
26.8908 -7.35745 -3.7452
26.3168 -9.88545 -6.5332

25.0048 -7.98945 -9.6342
22.5758 -10.8995 -10.3432
21.5128 -11.7485 -6.7462
21.0258 -8.15445 -5.3792
19.3038 -6.62545 -8.5122
15.8428 -7.09945 -6.8242
13.8448 -6.14345 -3.6732
16.6118 -4.37745 -1.6782
17.0608 -0.605452 -0.993199
20.5138 0.937548 -0.284199
19.6768 4.67255 0.161801
22.3868 5.00455 2.9148
25.1708 4.93955 0.241801
26.0548 7.74455 -2.2552

28.5018 5.66755 -4.3972
28.1928 2.50355 -6.5392
31.3598 0.736548 -7.8242
30.9828 -1.89645 -10.5682

34.1428 -4.01945 -10.1242
32.9338 -6.03945 -13.1552
30.9228 -5.23645 -16.3032
27.7298 -7.20145 -17.0992
26.6438 -7.75545 -20.7662
22.9978 -6.78345 -20.0212

22.4578 -3.00645 -19.3732
18.9848 -3.55445 -17.8102
20.6858 -5.42145 -14.8902
23.3048 -2.62545 -14.4752
20.4678 0.00254759 -14.3212
18.5878 -2.23745 -11.7862
21.7658 -2.24445 -9.6062
22.2398 1.60655 -9.8382

18.5418 2.08155 -8.8202
19.2158 0.234548 -5.5362
20.8368 3.51455 -4.2712
18.9048 6.03655 -6.4162
15.5208 5.54355 -4.5922
12.9808 7.71755 -2.7092
14.9048 8.65955 0.487801
18.2128 9.43155 -1.3342
19.4418 13.0315 -0.620199
22.9638 12.9625 -2.2332
24.0668 12.9255 -5.9192

24.6888 9.24455 -6.7422
28.1788 8.42355 -8.0742
28.4408 5.37255 -10.4092
32.0018 4.12055 -11.1502
32.5058 1.43655 -13.8622
35.9258 -0.258452 -13.3542
37.4588 -1.27445 -16.7572

40.8478 -2.77445 -17.7792
42.5488 -2.25545 -21.2082
43.6548 -5.62045 -22.7322
40.6318 -7.59545 -21.3142
36.9598 -8.59545 -21.9402

35.9478 -5.01145 -20.8612
37.2668 -3.66745 -24.2452
34.4868 -5.67545 -26.0552
31.7878 -5.59845 -23.3212
31.7518 -1.78445 -22.9012
30.9408 -0.942452 -26.6152
28.3558 -3.82945 -26.5652
26.6468 -2.39245 -23.4212
26.6598 1.12055 -25.0382
24.9668 0.0375476 -28.3202
22.3658 -1.88745 -26.2052
21.5238 1.24755 -24.0862
21.1638 3.23955 -27.3582
18.6908 0.594548 -28.7232
16.7688 0.860548 -25.3912
16.7838 4.72455 -25.5552
15.5568 4.80855 -29.2252

12.6838 2.48655 -28.1082
11.8838 5.02855 -25.2632
12.9598 2.42755 -22.6192
15.9798 4.33455 -21.1432
17.1548 7.94955 -20.5712
20.6128 6.51055 -19.8362
23.0868 7.64655 -22.4812
26.5268 5.97455 -22.0082
28.4118 7.78055 -24.8972

29.4178 10.8695 -22.8152
31.4658 8.68055 -20.3722
33.8128 7.36355 -23.1512
34.6638 10.7605 -24.7102

35.9288 11.7195 -21.1802
38.4138 8.74655 -20.7572

End chain 1
