0 0 0
0 0 3.88652
-0.593278 -1.40503 7.46025
1.00976 0.858711 10.031
4.69778 1.34443 10.1216
8.25747 1.58257 11.586

8.98175 -1.86252 10.2096
9.88762 -5.47837 9.61137
10.9995 -9.08063 9.17285
11.3089 -10.7986 5.79444
11.2509 -13.8771 3.41971
13.6052 -13.5403 0.562996
15.2959 -10.8821 -1.5402

17.5099 -7.84114 -0.662199
15.1519 -6.11114 1.8548
11.6259 -6.43914 3.4048
10.3139 -4.32814 0.450801

12.7009 -5.12914 -2.5082
13.9709 -8.13314 -4.4772
16.8329 -8.33814 -7.0202
17.0159 -10.1501 -10.4002
20.4709 -11.8251 -10.5892
20.7809 -12.7321 -14.2962

23.1709 -12.3451 -17.2752
22.4729 -9.53214 -19.7962
19.5579 -10.0671 -22.2472

18.2449 -7.23614 -24.4892
14.5329 -8.23314 -24.2072
14.8419 -8.71914 -20.4222
16.4379 -5.23214 -20.0232
13.5779 -3.83514 -22.1952
11.0499 -5.60714 -19.8652
12.8939 -4.33014 -16.7112
12.6089 -0.748142 -18.1532

8.75587 -1.29214 -18.2252
8.59187 -2.05614 -14.4362
7.33687 0.843858 -12.3002
9.43687 0.165858 -9.1352
12.6619 -0.468142 -11.1672

16.0599 0.346858 -9.5872
19.4419 -0.273142 -11.2592
22.6479 -0.277142 -9.1862

25.5699 0.829858 -11.4052
28.1249 -0.775142 -8.9692
26.6999 -4.35314 -8.8872
25.1189 -3.95214 -12.4132

21.8749 -5.46714 -10.9862
18.1399 -4.70314 -11.1912
15.7699 -4.54514 -8.1872
11.9869 -4.08814 -7.8462
9.32187 -3.68714 -5.1062

8.19587 -7.05114 -3.6722
4.52987 -6.34614 -4.6932
5.72187 -6.36714 -8.3742
7.27487 -9.91014 -8.0352
4.22487 -11.7351 -9.5182
3.88287 -9.04514 -12.2892
7.60087 -9.40714 -13.2172
7.63787 -13.2601 -13.2332
4.40787 -13.3151 -15.3242
5.94587 -10.9131 -17.9462
9.35987 -12.7411 -17.9992

7.65987 -16.1411 -18.7232
6.49087 -14.5431 -22.0302
10.1249 -13.8931 -23.1872
11.7759 -16.5261 -25.4572
15.2019 -17.8891 -24.3172

14.9929 -16.3001 -20.7582
14.6879 -18.2701 -17.4752
14.3109 -16.1251 -14.3102
13.7899 -18.4301 -11.2972

11.2349 -16.8401 -8.8532
11.5909 -16.1861 -5.1082
11.1029 -19.6201 -3.3912
7.65887 -20.5401 -1.9682
9.21787 -20.2601 1.5488
9.91887 -16.5091 0.991801
6.48887 -15.8931 -0.627199
4.82987 -17.5581 2.4258
7.03287 -15.5661 4.8948

6.42487 -12.1701 3.1498
2.78487 -12.9361 2.0898
1.60187 -9.60714 3.6808

4.23887 -7.49514 1.8408
3.45287 -9.28914 -1.4922
-0.178128 -7.94214 -1.1052

0.438872 -4.28714 0.00680076
0.930872 -1.43314 -2.5332
1.95887 0.713858 0.507801
5.07887 1.11686 2.6958
3.42287 0.540858 6.0818
6.25787 -0.502142 8.4238
5.72187 -3.73414 10.4698

2.23387 -3.69714 12.1098
2.65487 -2.88114 15.8158
2.87487 -6.05714 17.8978
-0.361128 -6.09014 19.9838
0.176872 -6.14314 23.7598
-0.852128 -9.53814 25.1468

-3.27413 -9.83914 28.0718
-0.936128 -11.2381 30.7788
-3.62413 -11.0701 33.5908
-3.70613 -14.9301 33.7268
0.132872 -14.9401 34.2578
1.63287 -14.7831 37.7728

1.93287 -11.0151 38.7168
5.46187 -11.5801 40.1748
6.65687 -12.6201 36.6708
4.72187 -9.90414 34.7338
6.05087 -7.08114 37.0238
9.71487 -8.26914 36.6648

9.76587 -8.26714 32.7988
12.0079 -5.50214 31.3898

10.3469 -3.39714 28.5668
12.2219 -5.30614 25.7998
11.3889 -8.68714 27.4698
7.65687 -7.68214 27.4808
7.89087 -6.77114 23.7508
9.50987 -10.2341 23.1498
6.66487 -12.0141 25.0478
4.08987 -10.0051 22.9948
5.89787 -10.9241 19.6998
6.02287 -14.6301 20.6888
2.25687 -14.5981 21.5318
1.42887 -12.7461 18.2388

3.47987 -15.4441 16.3318
1.23887 -18.0411 18.1338
3.94087 -19.3891 20.5338

6.10087 -20.7361 17.6298
9.49687 -18.9711 17.5668
13.2439 -19.0771 18.0828
14.1579 -16.5481 20.8248

17.7589 -15.8941 19.6758

18.3179 -12.9001 22.0288
21.9489 -12.4841 23.1808

23.4049 -14.3741 26.2018
22.0919 -13.1331 29.5878
19.2199 -10.9201 28.1778
16.7469 -13.1081 30.2118

15.6089 -15.7351 27.6348
14.4409 -18.0081 30.5378
12.0899 -15.3751 32.1198
10.5769 -14.5831 28.6578
10.1709 -18.3511 27.8938
8.43287 -19.0471 31.2648
6.03787 -16.0931 30.6018
5.20587 -17.2341 26.9988
4.60687 -20.8121 28.2668
2.49787 -19.5691 31.2648
0.225872 -17.5581 28.8818

-0.447128 -21.0311 27.3108

-0.931128 -22.7961 30.7848
-4.43313 -23.9461 29.5738
-2.59713 -26.0451 26.8658
-0.173128 -27.9571 29.2138
1.47187 -30.5021 29.9738

4.67887 -28.5371 29.2918
7.90187 -30.2261 28.0728
11.2179 -28.4171 28.8008
14.3209 -29.8281 27.0268
17.6239 -28.4461 28.4068

21.4029 -29.1051 28.7898
22.0369 -31.9091 31.3708
23.5969 -29.3941 33.8968
20.7639 -26.7291 34.0028

17.6949 -28.9571 34.8068
17.5579 -27.8421 38.4788
18.2989 -24.1911 37.4338
15.0879 -24.3931 35.3098
13.0389 -25.9861 38.1788
14.1849 -23.1691 40.5328
13.3439 -20.6131 37.7728
9.73087 -21.9781 37.5638
9.37087 -21.9491 41.4148
10.8569 -18.3891 41.5268
8.62987 -16.8941 38.7818

5.33187 -18.8981 39.0438
4.60187 -19.1391 42.8598
1.06487 -20.2981 41.7518
2.68887 -23.7901 41.2098
3.42287 -26.3741 43.9208

6.82087 -28.1931 43.6608
4.81487 -31.4091 42.8838
3.67287 -29.7561 39.5948

7.36187 -29.9051 38.3798
8.94787 -33.2131 37.2918
12.7719 -33.1301 36.8848

13.7509 -36.2051 34.8388
17.1369 -37.3921 36.1758
17.2519 -40.9261 34.6168
16.0479 -42.8881 31.5388
13.6839 -44.9091 33.8738
11.6649 -41.8971 35.1208
8.10087 -41.0061 33.9628
8.37787 -38.0621 31.5048
4.63687 -37.1911 32.0768
4.53387 -37.2551 35.9308
4.34487 -33.4211 36.3398
2.37287 -30.5551 34.7988

5.86487 -29.2291 33.8418
8.38787 -31.9221 32.7688
12.1169 -30.9871 32.6068
14.4439 -33.3911 30.6908
17.9239 -33.3841 29.0948

18.7949 -33.8291 25.3808
20.6959 -37.0981 26.1788
17.6199 -38.6351 27.9168
15.1529 -37.8581 25.0258

16.5269 -40.8041 22.9438
16.1659 -43.1621 25.9868
12.6099 -41.8291 26.6488
11.4389 -41.9041 22.9428
8.72187 -44.5041 23.8478
7.20987 -41.9251 26.3158
7.49787 -38.9831 23.7928
4.38187 -40.5221 22.0818
2.26487 -38.5401 24.6288
1.35887 -35.2261 22.8558
3.08587 -32.3241 24.6458
1.21687 -29.3041 23.1638

3.74887 -26.7661 24.5958
7.51687 -27.3871 24.2328
10.4459 -25.2341 25.4058
13.9359 -26.1991 24.1638

16.7909 -24.3261 25.8628
20.1119 -23.9541 23.9548

18.3869 -25.4411 20.8348
21.6879 -25.2961 18.8358
22.2009 -28.8311 20.3478
19.6789 -29.9551 17.6278

21.8949 -28.5251 14.7498
22.5919 -31.9981 13.1928
19.5399 -34.0721 12.0678
21.4589 -37.4371 12.1658
22.0669 -37.2051 15.9648

19.9019 -39.3581 18.2958
18.8849 -36.2111 20.3168
17.6209 -34.4981 17.1108
15.8669 -37.6821 15.7978
13.9919 -37.9941 19.1558
13.1399 -34.2261 19.4718
11.9879 -33.4421 15.8788
8.75287 -35.6121 15.8008
7.49187 -33.8751 19.0048
8.44887 -30.3611 17.7398
6.55987 -30.9151 14.4178
3.30487 -32.0161 16.2278

3.38087 -29.7331 19.3388
1.08087 -26.6311 19.0998

3.62687 -24.2051 20.6998
7.43387 -24.4361 20.1748
9.68387 -22.0121 22.0938
13.3079 -22.5461 20.9808
16.0259 -20.6101 22.8918

19.7139 -20.0241 21.9848
22.4549 -17.3771 22.3768
24.1629 -18.7881 19.2668
21.4509 -20.3111 16.9718
24.1899 -21.1101 14.4588
27.6089 -22.0451 15.9268
29.6319 -21.8161 12.6478
27.4929 -22.2741 9.4398

23.9669 -21.6771 7.9198
23.3079 -25.4851 7.7028
23.0509 -25.6071 11.5808
19.8339 -23.4591 11.4248
17.8249 -25.9351 9.2758
16.5489 -28.1151 12.1898
15.4719 -24.9811 14.1608
13.7149 -23.4951 11.0458
11.6939 -26.7271 10.4278
10.9079 -27.0151 14.1898
9.34887 -23.4721 14.2078

7.84587 -23.7431 10.6318
7.46087 -27.4591 9.5468
6.28087 -26.3401 6.0238
9.51787 -24.3791 5.2958
12.1159 -26.3251 3.2118
10.5529 -29.8741 3.5748
13.8769 -31.3061 2.2328

17.3519 -30.1081 3.3748
18.7339 -30.1111 -0.228199
16.5869 -27.0561 -1.2262
17.8879 -25.1201 1.8448
21.4879 -26.2881 1.1358
21.4249 -25.2511 -2.5802
20.2149 -21.7231 -1.6262
22.0499 -20.9091 1.6618

24.9429 -23.4401 2.0398
26.6019 -22.9571 -1.4382
25.9539 -26.6661 -2.0542

28.5309 -28.3131 -4.3852
28.2819 -31.6611 -6.2272
31.5619 -33.5041 -5.4702

32.5579 -36.9861 -6.8982
31.5079 -38.5531 -3.5112

28.1519 -36.6601 -3.1042
26.9879 -33.1771 -2.0102
29.0779 -30.7521 0.0718008

27.0669 -28.2811 2.2658
29.9979 -26.6651 4.2248
29.6669 -23.3381 2.3318
27.4479 -20.2511 2.6778
25.3199 -18.1911 0.238801
22.5649 -15.4961 0.160801

23.0249 -14.7791 3.9358
21.1939 -11.3811 3.8368
18.0939 -13.1571 2.3798
18.4189 -15.8711 5.0838
18.5999 -13.1031 7.7768
15.3919 -11.4651 6.4078
13.5589 -14.8601 6.2988
14.6709 -15.6831 9.8858
13.6119 -12.2851 11.3728
10.2099 -12.2351 9.5598
9.03287 -15.8441 10.0948

11.2639 -17.8461 12.5608

13.3969 -15.7881 14.9448
13.3389 -12.8941 17.4158

16.9419 -11.6521 17.9488
18.2489 -8.65114 19.9378
21.8239 -7.81614 20.9118

23.3499 -6.33214 24.1398
23.9609 -3.12814 22.1178
20.2059 -2.87914 21.2178
18.7659 -3.24914 24.7778

21.5769 -2.75414 27.3998
23.5379 0.480858 26.5688
24.9519 0.243858 30.1688
26.9569 -3.02414 29.7528

30.7559 -2.33014 29.7378
32.5089 -3.06414 26.4138

34.1649 -6.43414 25.6708
37.7809 -5.58614 24.6928
39.3179 -8.47614 22.6908
42.9969 -8.97414 21.7438
45.3589 -11.5831 20.3418
48.3999 -12.2781 22.5828
51.2189 -13.8321 20.5278

52.9989 -16.0331 23.1188
56.7139 -16.2141 22.3088

57.6979 -19.4451 20.3858
61.3129 -18.9741 21.7138
60.2749 -21.1661 24.7358

59.2339 -23.9551 22.2508
62.3719 -26.1361 22.3168

63.8779 -27.4091 19.0188
62.5659 -31.0271 19.5598
58.9439 -29.8291 20.1108
59.2209 -27.4991 17.0498
60.6499 -30.3441 14.8978
57.7119 -32.5611 16.0828
55.1659 -29.8261 15.0848
56.9629 -29.4281 11.6948
56.8759 -33.2541 11.2638
53.1029 -33.5631 12.0118
52.4149 -30.5111 9.7438
54.3699 -32.1871 6.8568
52.5959 -35.5001 7.6478
49.0989 -33.9481 7.0638
50.1899 -32.6171 3.5928

51.6699 -35.9471 2.3408
49.8399 -37.0451 -0.864199
49.9809 -40.8251 -0.329199
48.1099 -40.9861 3.0558
44.5369 -42.2141 3.5628

41.7409 -39.8271 4.7168
42.0599 -41.4891 8.1798
45.8819 -41.0301 8.4688
45.3309 -37.3281 7.4978
42.7419 -36.9751 10.3728
45.1099 -38.7951 12.8098
48.0589 -36.5031 11.8528
45.7079 -33.4651 12.3088
44.6929 -34.6671 15.8328
48.4079 -35.2481 16.6398
49.3779 -31.7271 15.3678
46.5509 -30.1881 17.4828
47.5059 -32.1371 20.6808
51.2389 -31.2201 20.1138
50.1889 -27.5301 19.7538
48.5379 -27.7191 23.2138
51.6979 -29.3001 24.7828
53.9979 -26.7391 23.0548
51.9989 -23.7651 24.5008
51.9459 -24.9611 28.1988
55.2329 -23.2081 29.3358
54.2959 -19.7751 27.8638
50.6109 -20.1301 28.9038
51.9519 -20.6781 32.4748
54.4239 -17.7351 32.0878
51.4969 -15.4841 31.0048
49.1849 -16.6361 33.8948
51.9899 -15.8681 36.4058
52.6439 -12.4181 34.7808
48.8949 -11.6211 35.2568
49.0219 -12.6321 38.9818
52.3469 -10.7671 39.5718

50.6889 -7.68814 37.8888
48.2089 -7.70314 40.8628
45.0399 -9.00014 39.0718
42.3459 -9.95314 41.5998
40.0929 -12.3021 39.4758

40.3119 -13.8971 35.9948
39.1439 -16.9731 34.0238
41.5139 -19.3351 32.1488
39.9279 -21.4021 29.3448
41.5489 -24.5571 27.8738

40.1669 -27.8581 26.3968
43.0449 -30.4021 26.4518

43.1759 -32.0861 29.9048
47.0389 -31.8841 29.9628
46.8089 -28.0271 29.7208
44.2059 -27.8421 32.5648
46.3669 -30.2771 34.6508
49.6319 -28.2951 34.0968
47.9549 -24.9161 34.9428
46.4019 -26.3451 38.1818
49.7379 -27.9781 39.2118
51.6799 -24.6751 38.7918
48.9939 -22.6621 40.6998
49.2119 -25.2531 43.5648
53.0739 -25.0291 43.4498

52.7859 -21.1741 43.7058
50.1179 -21.6061 46.5068
47.5399 -19.6461 44.4048
43.9359 -20.3331 45.4738

41.9329 -21.3241 42.3628
38.8479 -23.2921 41.1968
38.7699 -26.0091 38.4808
35.7679 -27.1101 36.3368

36.0339 -29.8321 33.6388
34.2009 -32.9281 32.2248
34.7789 -34.8451 35.5338
33.3449 -32.0961 37.8498
29.8319 -33.1011 39.0388
26.6689 -31.0051 38.3828
26.2959 -29.8971 42.0708

30.0539 -29.2551 42.6578
30.0449 -27.0301 39.4908
27.4839 -24.6981 41.1548
29.3329 -24.7531 44.5388
32.7689 -23.9651 42.9308
31.0279 -21.1961 40.9078
29.6939 -19.7081 44.2078
33.1709 -20.0911 45.8608
34.8189 -18.0751 42.9928
31.9709 -15.4751 43.0428
31.8969 -14.9111 46.8538

35.5299 -15.5741 47.9878
38.1139 -12.7921 47.3018
40.9169 -15.4201 47.7518
40.1059 -17.4241 44.5738
42.0749 -15.4431 41.9528

41.9329 -17.9671 39.0398
39.1729 -20.1381 37.5608
40.6349 -23.0001 35.4308
37.7789 -23.9101 33.0578
37.2049 -26.4381 30.2698

35.8929 -24.5421 27.1688
33.4639 -27.4521 26.4598
32.4009 -28.3011 30.0568
31.9139 -24.7071 31.4238
30.1919 -23.1781 28.2908
26.7309 -23.6521 29.9788
24.7329 -22.6961 33.1298
27.4999 -20.9301 35.1248
27.9489 -17.1581 35.8098
31.4019 -15.6151 36.5188
30.5649 -11.8801 36.9648
33.2749 -11.5481 39.7178
36.0589 -11.6131 37.0448
36.9429 -8.80814 34.5478

39.3899 -10.8851 32.4058
39.0809 -14.0491 30.2638
42.2479 -15.8161 28.9788
41.8709 -18.4491 26.2348

45.0309 -20.5721 26.6788
43.8219 -22.5921 23.6478
41.8109 -21.7891 20.4998
38.6179 -23.7541 19.7038
37.5319 -24.3081 16.0368
33.8859 -23.3361 16.7818

33.3459 -19.5591 17.4298
29.8729 -20.1071 18.9928
31.5739 -21.9741 21.9128
34.1929 -19.1781 22.3278
31.3559 -16.5501 22.4818
29.4759 -18.7901 25.0168
32.6539 -18.7971 27.1968
33.1279 -14.9461 26.9648

29.4299 -14.4711 27.9828
30.1039 -16.3181 31.2668
31.7249 -13.0381 32.5318
29.7929 -10.5161 30.3868
26.4089 -11.0091 32.2108
23.8689 -8.83514 34.0938
25.7929 -7.89314 37.2908
29.1009 -7.12114 35.4688
30.3299 -3.52114 36.1828
33.8519 -3.59014 34.5698
34.9549 -3.62714 30.8838

35.5769 -7.30814 30.0608
39.0669 -8.12914 28.7288
39.3289 -11.1801 26.3938
42.8899 -12.4321 25.6528
43.3939 -15.1161 22.9408
46.8139 -16.8111 23.4488
48.3469 -17.8271 20.0458

51.7359 -19.3271 19.0238
53.4369 -18.8081 15.5948
54.5429 -22.1731 14.0708
51.5199 -24.1481 15.4888
47.8479 -25.1481 14.8628

46.8359 -21.5641 15.9418
48.1549 -20.2201 12.5578
45.3749 -22.2281 10.7478
42.6759 -22.1511 13.4818
42.6399 -18.3371 13.9018
41.8289 -17.4951 10.1878
39.2439 -20.3821 10.2378
37.5349 -18.9451 13.3818
37.5479 -15.4321 11.7648
35.8549 -16.5151 8.4828
33.2539 -18.4401 10.5978
32.4119 -15.3051 12.7168
32.0519 -13.3131 9.4448
29.5789 -15.9581 8.0798
27.6569 -15.6921 11.4118
27.6719 -11.8281 11.2478
26.4449 -11.7441 7.5778

23.5719 -14.0661 8.6948
22.7719 -11.5241 11.5398
23.8479 -14.1251 14.1838
26.8679 -12.2181 15.6598
28.0429 -8.60314 16.2318
31.5009 -10.0421 16.9668
33.9749 -8.90614 14.3218
37.4149 -10.5781 14.7948
39.2999 -8.77214 11.9058

40.3059 -5.68314 13.9878
42.3539 -7.87214 16.4308
44.7009 -9.18914 13.6518
45.5519 -5.79214 12.0928

46.8169 -4.83314 15.6228
49.3019 -7.80614 16.0458

End chain 1
