-13.201 -6.296 -53.957
-10.703 -3.406 -53.291
-9.54 -3.087 -49.639
-11.02 0.322 -48.639
-8.614 1.85 -46.053
-10.787 3.126 -43.162

-9.634 6.195 -41.181
-10.061 4.9 -37.589
-10.286 6.838 -34.306
-12.195 7.103 -30.979
-14.163 9.439 -28.711
-12.619 10.223 -25.263
-14.157 12.207 -22.344

-11.943 15.248 -21.466
-14.301 16.978 -18.949
-17.827 16.65 -17.399
-19.139 18.761 -20.353

-16.752 17.96 -23.312
-15.482 14.956 -25.281
-12.62 14.751 -27.824
-12.437 12.939 -31.204
-8.982 11.264 -31.393
-8.672 10.357 -35.1

-6.282 10.744 -38.079
-6.98 13.557 -40.6
-9.895 13.022 -43.051

-11.208 15.853 -45.293
-14.92 14.856 -45.011
-14.611 14.37 -41.226
-13.015 17.857 -40.827
-15.875 19.254 -42.999
-18.403 17.482 -40.669
-16.559 18.759 -37.515
-16.844 22.341 -38.957

-20.697 21.797 -39.029
-20.861 21.033 -35.24
-22.116 23.933 -33.104
-20.016 23.255 -29.939
-16.791 22.621 -31.971

-13.393 23.436 -30.391
-10.011 22.816 -32.063
-6.805 22.812 -29.99

-3.883 23.919 -32.209
-1.328 22.314 -29.773
-2.753 18.736 -29.691
-4.334 19.137 -33.217

-7.578 17.622 -31.79
-11.313 18.386 -31.995
-13.683 18.544 -28.991
-17.466 19.001 -28.65
-20.131 19.402 -25.91

-21.257 16.038 -24.476
-24.923 16.743 -25.497
-23.731 16.722 -29.178
-22.178 13.179 -28.839
-25.228 11.354 -30.322
-25.57 14.044 -33.093
-21.852 13.682 -34.021
-21.815 9.829 -34.037
-25.045 9.774 -36.128
-23.507 12.176 -38.75
-20.093 10.348 -38.803

-21.793 6.948 -39.527
-22.962 8.546 -42.834
-19.328 9.196 -43.991
-17.677 6.563 -46.261
-14.251 5.2 -45.121

-14.46 6.789 -41.562
-14.765 4.819 -38.279
-15.142 6.964 -35.114
-15.663 4.659 -32.101

-18.218 6.249 -29.657
-17.862 6.903 -25.912
-18.35 3.469 -24.195
-21.794 2.549 -22.772
-20.235 2.829 -19.255
-19.534 6.58 -19.812
-22.964 7.196 -21.431
-24.623 5.531 -18.378
-22.42 7.523 -15.909

-23.028 10.919 -17.654
-26.668 10.153 -18.714
-27.851 13.482 -17.123

-25.214 15.594 -18.963
-26 13.8 -22.296
-29.631 15.147 -21.909

-29.014 18.802 -20.797
-28.522 21.656 -23.337
-27.494 23.803 -20.296
-24.374 24.206 -18.108
-26.03 23.63 -14.722
-23.195 22.587 -12.38
-23.731 19.355 -10.334

-27.219 19.392 -8.694
-26.798 20.208 -4.988
-26.578 17.032 -2.906
-29.814 16.999 -0.82
-29.276 16.946 2.956
-30.305 13.551 4.343

-32.727 13.25 7.268
-30.389 11.851 9.975
-33.077 12.019 12.787
-33.159 8.159 12.923
-29.32 8.149 13.454
-27.82 8.306 16.969

-27.52 12.074 17.913
-23.991 11.509 19.371
-22.796 10.469 15.867
-24.731 13.185 13.93
-23.402 16.008 16.22
-19.738 14.82 15.861

-19.687 14.822 11.995
-17.445 17.587 10.586

-19.106 19.692 7.763
-17.231 17.783 4.996
-18.064 14.402 6.666
-21.796 15.407 6.677
-21.562 16.318 2.947
-19.943 12.855 2.346
-22.788 11.075 4.244
-25.363 13.084 2.191
-23.555 12.165 -1.104
-23.43 8.459 -0.115
-27.196 8.491 0.728
-28.024 10.343 -2.565

-25.1794 8.99596 -4.80964
-25.3424 5.27612 -4.59746
-26.3753 1.80551 -3.80802

-27.2028 0.72656 -7.31065
-27.1335 0.435105 -11.0045
-26.4786 0.75922 -14.7661
-28.1457 0.191043 -18.0763

-24.5447 0.845043 -19.2253

-23.9857 3.83904 -16.8723
-20.3547 4.25504 -15.7203

-18.8987 2.36504 -12.6993
-20.2117 3.60604 -9.31328
-23.0837 5.81904 -10.7233
-25.5567 3.63104 -8.68928

-26.6947 1.00404 -11.2663
-27.8627 -1.26896 -8.36328
-30.2137 1.36404 -6.78128
-31.7267 2.15604 -10.2433
-32.1327 -1.61196 -11.0073
-33.8707 -2.30796 -7.63628
-36.2657 0.646043 -8.29928
-37.0977 -0.494957 -11.9023
-37.6967 -4.07296 -10.6343
-39.8057 -2.82996 -7.63628
-42.0777 -0.818957 -10.0193

-42.7507 -4.29196 -11.5903

-43.2347 -6.05696 -8.11628
-46.7367 -7.20696 -9.32728
-44.9007 -9.30596 -12.0353
-42.4767 -11.218 -9.68728
-40.8317 -13.763 -8.92728

-37.6247 -11.798 -9.60928
-34.4017 -13.487 -10.8283
-31.0857 -11.678 -10.1003
-27.9827 -13.089 -11.8743
-24.6797 -11.707 -10.4943

-20.9007 -12.366 -10.1113
-20.2667 -15.17 -7.53028
-18.7067 -12.655 -5.00428
-21.5397 -9.98996 -4.89828

-24.6087 -12.218 -4.09428
-24.7457 -11.103 -0.422284
-24.0047 -7.45196 -1.46728
-27.2157 -7.65396 -3.59128
-29.2647 -9.24696 -0.722284
-28.1187 -6.42996 1.63172
-28.9597 -3.87396 -1.12828
-32.5727 -5.23896 -1.33728
-32.9327 -5.20996 2.51372
-31.4467 -1.64996 2.62572
-33.6737 -0.154957 -0.119284

-36.9717 -2.15896 0.142716
-37.7017 -2.39996 3.95872
-41.2387 -3.55896 2.85072
-39.6147 -7.05096 2.30872
-38.8807 -9.63496 5.01972

-35.4827 -11.454 4.75972
-37.4887 -14.67 3.98272
-38.6307 -13.017 0.693716

-34.9417 -13.166 -0.521284
-33.3557 -16.474 -1.60928
-29.5317 -16.391 -2.01628

-28.5527 -19.466 -4.06228
-25.1667 -20.653 -2.72528
-25.0517 -24.187 -4.28428
-26.2557 -26.149 -7.36228
-28.6197 -28.17 -5.02728
-30.6387 -25.158 -3.78028
-34.2027 -24.267 -4.93828
-33.9257 -21.323 -7.39628
-37.6667 -20.452 -6.82428
-37.7697 -20.516 -2.97028
-37.9587 -16.682 -2.56128
-39.9307 -13.816 -4.10228

-36.4387 -12.49 -5.05928
-33.9157 -15.183 -6.13228
-30.1867 -14.248 -6.29428
-27.8597 -16.652 -8.21028
-24.3797 -16.645 -9.80628

-23.5087 -17.09 -13.5203
-21.6077 -20.359 -12.7223
-24.6837 -21.896 -10.9843
-27.1507 -21.119 -13.8753

-25.7767 -24.065 -15.9573
-26.1377 -26.423 -12.9143
-29.6937 -25.09 -12.2523
-30.8647 -25.165 -15.9583
-33.5817 -27.765 -15.0533
-35.0937 -25.186 -12.5853
-34.8057 -22.244 -15.1083
-37.9217 -23.783 -16.8193
-40.0387 -21.801 -14.2723
-40.9447 -18.487 -16.0453
-39.2177 -15.585 -14.2553
-41.0867 -12.565 -15.7373

-38.5547 -10.027 -14.3053
-34.7867 -10.648 -14.6683
-31.8577 -8.49496 -13.4953
-28.3677 -9.45996 -14.7373

-25.5127 -7.58696 -13.0383
-22.1917 -7.21496 -14.9463

-23.9167 -8.70196 -18.0663
-20.6157 -8.55696 -20.0653
-20.1027 -12.092 -18.5533
-22.6247 -13.216 -21.2733

-20.4087 -11.786 -24.1513
-19.7117 -15.259 -25.7083
-22.7637 -17.333 -26.8333
-20.8447 -20.698 -26.7353
-20.2367 -20.466 -22.9363

-22.4017 -22.619 -20.6053
-23.4187 -19.472 -18.5843
-24.6827 -17.759 -21.7903
-26.4367 -20.943 -23.1033
-28.3117 -21.255 -19.7453
-29.1637 -17.487 -19.4293
-30.3157 -16.703 -23.0223
-33.5507 -18.873 -23.1003
-34.8117 -17.136 -19.8963
-33.8547 -13.622 -21.1613
-35.7437 -14.176 -24.4833
-38.9987 -15.277 -22.6733

-38.9227 -12.994 -19.5623
-41.2227 -9.89196 -19.8013

-38.6767 -7.46596 -18.2013
-34.8697 -7.69696 -18.7263
-32.6197 -5.27296 -16.8073
-28.9957 -5.80696 -17.9203
-26.2777 -3.87096 -16.0093

-22.5897 -3.28496 -16.9163
-19.8487 -0.637957 -16.5243
-18.1407 -2.04896 -19.6343
-20.8527 -3.57196 -21.9293
-18.1137 -4.37096 -24.4423
-14.6947 -5.30596 -22.9743
-12.6717 -5.07696 -26.2533
-14.8107 -5.53496 -29.4613

-18.3367 -4.93796 -30.9813
-18.9957 -8.74596 -31.1983
-19.2527 -8.86796 -27.3203
-22.4697 -6.71996 -27.4763
-24.4787 -9.19596 -29.6253
-25.7547 -11.376 -26.7113
-26.8317 -8.24196 -24.7403
-28.5887 -6.75596 -27.8553
-30.6097 -9.98796 -28.4733
-31.3957 -10.276 -24.7113
-32.9547 -6.73296 -24.6933

-34.4577 -7.00396 -28.2693
-34.8427 -10.72 -29.3543
-36.0227 -9.60096 -32.8773
-32.7857 -7.63996 -33.6053
-30.1877 -9.58596 -35.6893
-31.7507 -13.135 -35.3263
-28.4267 -14.567 -36.6683

-24.9517 -13.369 -35.5263
-23.5697 -13.372 -39.1293
-25.7167 -10.317 -40.1273
-24.4157 -8.38096 -37.0563
-20.8157 -9.54896 -37.7653
-20.8787 -8.51196 -41.4813
-22.0887 -4.98396 -40.5273
-20.2537 -4.16996 -37.2393

-17.3607 -6.70096 -36.8613
-15.7017 -6.21796 -40.3393
-16.3497 -9.92696 -40.9553

-13.7727 -11.574 -43.2863
-14.0217 -14.922 -45.1283
-10.7417 -16.765 -44.3713

-9.74573 -20.247 -45.7993
-10.7957 -21.814 -42.4123

-14.1517 -19.921 -42.0053
-15.3157 -16.438 -40.9113
-13.2257 -14.013 -38.8293

-15.2367 -11.542 -36.6353
-12.3057 -9.92596 -34.6763
-12.6367 -6.59896 -36.5693
-14.8557 -3.51196 -36.2233
-16.9837 -1.45196 -38.6623
-19.7387 1.24304 -38.7403

-19.2787 1.96004 -34.9653
-21.1097 5.35804 -35.0643
-24.2097 3.58204 -36.5213
-23.8847 0.868043 -33.8173
-23.7037 3.63604 -31.1243
-26.9117 5.27404 -32.4933
-28.7447 1.87904 -32.6023
-27.6327 1.05604 -29.0153
-28.6917 4.45404 -27.5283
-32.0937 4.50404 -29.3413
-33.2707 0.895043 -28.8063

-31.0397 -1.10696 -26.3403

-28.9067 0.951043 -23.9563
-28.9647 3.84504 -21.4853

-25.3617 5.08704 -20.9523
-24.0547 8.08804 -18.9633
-20.4797 8.92304 -17.9893

-18.9537 10.407 -14.7613
-18.3427 13.611 -16.7833
-22.0977 13.86 -17.6833
-23.5377 13.49 -14.1233

-20.7267 13.985 -11.5013
-18.7657 17.22 -12.3323
-17.3517 16.983 -8.73228
-15.3467 13.715 -9.14828

-11.5477 14.409 -9.16328
-9.79473 13.675 -12.4873

-8.13873 10.305 -13.2303
-4.52273 11.153 -14.2083
-2.98573 8.26304 -16.2103
0.693272 7.76504 -17.1573
3.05527 5.15604 -18.5593
6.09627 4.46104 -16.3183
8.91527 2.90704 -18.3733

10.6953 0.706043 -15.7823
14.4103 0.525043 -16.5923

15.3943 -2.70596 -18.5153
19.0093 -2.23496 -17.1873
17.9713 -4.42696 -14.1653

16.9303 -7.21596 -16.6503
20.0683 -9.39696 -16.5843

21.5743 -10.67 -19.8823
20.2623 -14.288 -19.3413
16.6403 -13.09 -18.7903
16.9173 -10.76 -21.8513
18.3463 -13.605 -24.0033
15.4083 -15.822 -22.8183
12.8623 -13.087 -23.8163
14.6593 -12.689 -27.2063
14.5723 -16.515 -27.6373
10.7993 -16.824 -26.8893
10.1113 -13.772 -29.1573
12.0663 -15.448 -32.0443
10.2923 -18.761 -31.2533
6.79527 -17.209 -31.8373
7.88627 -15.878 -35.3083

9.36627 -19.208 -36.5603
7.53627 -20.306 -39.7653
7.67727 -24.086 -39.2303
5.80627 -24.247 -35.8453
2.23327 -25.475 -35.3383

-0.562728 -23.088 -34.1843
-0.243728 -24.75 -30.7213
3.57827 -24.291 -30.4323
3.02727 -20.589 -31.4033
0.438272 -20.236 -28.5283
2.80627 -22.056 -26.0913
5.75527 -19.764 -27.0483
3.40427 -16.726 -26.5923
2.38927 -17.928 -23.0683
6.10427 -18.509 -22.2613
7.07427 -14.988 -23.5333
4.24727 -13.449 -21.4183
5.20227 -15.398 -18.2203
8.93527 -14.481 -18.7873
7.88527 -10.791 -19.1473
6.23427 -10.98 -15.6873
9.39427 -12.561 -14.1183
11.6943 -9.99996 -15.8463
9.69527 -7.02596 -14.4003
9.64227 -8.22196 -10.7023
12.9293 -6.46896 -9.56528
11.9923 -3.03596 -11.0373
8.30727 -3.39096 -9.99728
9.64827 -3.93896 -6.42628
12.1203 -0.995957 -6.81328
9.19327 1.25504 -7.89628
6.88127 0.103043 -5.00628
9.68627 0.871043 -2.49528
10.3403 4.32104 -4.12028
6.59127 5.11804 -3.64428
6.71827 4.10704 0.0807158
10.0433 5.97204 0.670716

8.38527 9.05104 -1.01228
5.90527 9.03604 1.96172
2.73627 7.73904 0.170716
0.042272 6.78604 2.69872
-2.21073 4.43704 0.574716

-1.99173 2.84204 -2.90628
-3.15973 -0.233957 -4.87728
-0.789728 -2.59596 -6.75228
-2.37573 -4.66296 -9.55628
-0.754728 -7.81796 -11.0273

-2.13673 -11.119 -12.5043
0.741272 -13.663 -12.4493

0.872272 -15.347 -8.99628
4.73527 -15.145 -8.93828
4.50527 -11.288 -9.18028
1.90227 -11.103 -6.33628
4.06327 -13.538 -4.25028
7.32827 -11.556 -4.80428
5.65127 -8.17696 -3.95828
4.09827 -9.60596 -0.719284
7.43427 -11.239 0.310716
9.37627 -7.93596 -0.109284
6.69027 -5.92296 1.79872
6.90827 -8.51396 4.66372
10.7703 -8.28996 4.54872

10.4823 -4.43496 4.80472
7.81427 -4.86696 7.60572
5.23627 -2.90696 5.50372
1.63227 -3.59396 6.57272

-0.370728 -4.58496 3.46172
-3.45573 -6.55296 2.29572
-3.53373 -9.26996 -0.420284
-6.53573 -10.371 -2.56428

-6.26973 -13.093 -5.26228
-8.10273 -16.189 -6.67628
-7.52473 -18.106 -3.36728
-8.95873 -15.357 -1.05128
-12.4717 -16.362 0.137716
-15.6347 -14.266 -0.518284
-16.0077 -13.158 3.16972

-12.2497 -12.516 3.75672
-12.2587 -10.291 0.589716
-14.8197 -7.95896 2.25372
-12.9707 -8.01396 5.63772
-9.53473 -7.22596 4.02972
-11.2757 -4.45696 2.00672
-12.6097 -2.96896 5.30672
-9.13273 -3.35196 6.95972
-7.48473 -1.33596 4.09172
-10.3327 1.26404 4.14172
-10.4067 1.82804 7.95272

-6.77373 1.16504 9.08672
-4.18973 3.94704 8.40072
-1.38673 1.31904 8.85072
-2.19773 -0.684957 5.67272
-0.228728 1.29604 3.05172

-0.370728 -1.22796 0.138716
-3.13073 -3.39896 -1.34028
-1.66873 -6.26096 -3.47028
-4.52473 -7.17096 -5.84328
-5.09873 -9.69896 -8.63128

-6.41073 -7.80296 -11.7323
-8.83973 -10.713 -12.4413
-9.90273 -11.562 -8.84428
-10.3897 -7.96796 -7.47728
-12.1117 -6.43896 -10.6103
-15.5727 -6.91296 -8.92228
-17.5707 -5.95696 -5.77128
-14.8037 -4.19096 -3.77628
-14.3547 -0.418957 -3.09128
-10.9017 1.12404 -2.38228
-11.7387 4.85904 -1.93628
-9.02873 5.19104 0.816716
-6.24473 5.12604 -1.85628
-5.36073 7.93104 -4.35328

-2.91373 5.85404 -6.49528
-3.22273 2.69004 -8.63728
-0.055728 0.923043 -9.92228
-0.432728 -1.70996 -12.6663

2.72727 -3.83296 -12.2223
1.51827 -5.85296 -15.2533
-0.492728 -5.04996 -18.4013
-3.68573 -7.01496 -19.1973
-4.77173 -7.56896 -22.8643
-8.41773 -6.59696 -22.1193

-8.95773 -2.81996 -21.4713
-12.4307 -3.36796 -19.9083
-10.7297 -5.23496 -16.9883
-8.11073 -2.43896 -16.5733
-10.9477 0.189043 -16.4193
-12.8277 -2.05096 -13.8843
-9.64973 -2.05796 -11.7043
-9.17573 1.79304 -11.9363

-12.8737 2.26804 -10.9183
-12.1997 0.421043 -7.63428
-10.5787 3.70104 -6.36928
-12.5107 6.22304 -8.51428
-15.8947 5.73004 -6.69028
-18.4347 7.90404 -4.80728
-16.5107 8.84604 -1.61028
-13.2027 9.61804 -3.43228
-11.9737 13.218 -2.71828
-8.45173 13.149 -4.33128
-7.34873 13.112 -8.01728

-6.72673 9.43104 -8.84028
-3.23673 8.61004 -10.1723
-2.97473 5.55904 -12.5073
0.586272 4.30704 -13.2483
1.09027 1.62304 -15.9603
4.51027 -0.0719574 -15.4523
6.04327 -1.08796 -18.8553

9.43227 -2.58796 -19.8773
11.1333 -2.06896 -23.3063
12.2393 -5.43396 -24.8303
9.21627 -7.40896 -23.4123
5.54427 -8.40896 -24.0383

4.53227 -4.82496 -22.9593
5.85127 -3.48096 -26.3433
3.07127 -5.48896 -28.1533
0.372272 -5.41196 -25.4193
0.336272 -1.59796 -24.9993
-0.474728 -0.755957 -28.7133
-3.05973 -3.64296 -28.6633
-4.76873 -2.20596 -25.5193
-4.75573 1.30704 -27.1363
-6.44873 0.224043 -30.4183
-9.04973 -1.70096 -28.3033
-9.89173 1.43404 -26.1843
-10.2517 3.42604 -29.4563
-12.7247 0.781043 -30.8213
-14.6467 1.04704 -27.4893
-14.6317 4.91104 -27.6533
-15.8587 4.99504 -31.3233

-18.7317 2.67304 -30.2063
-19.5317 5.21504 -27.3613
-18.4557 2.61404 -24.7173
-15.4357 4.52104 -23.2413
-14.2607 8.13604 -22.6693
-10.8027 6.69704 -21.9343
-8.32873 7.83304 -24.5793
-4.88873 6.16104 -24.1063
-3.00373 7.96704 -26.9953

-1.99773 11.056 -24.9133
0.050272 8.86704 -22.4703
2.39727 7.55004 -25.2493
3.24827 10.947 -26.8083

4.51327 11.906 -23.2783
6.99827 8.93304 -22.8553

End chain 1
