-13.201 -6.296 -53.957
-10.703 -3.406 -53.291
-9.54 -3.087 -49.639
-11.02 0.322 -48.639
-8.614 1.85 -46.053
-10.787 3.126 -43.162

-9.634 6.195 -41.181
-10.061 4.9 -37.589
-10.286 6.838 -34.306
-12.195 7.103 -30.979
-14.163 9.439 -28.711
-12.619 10.223 -25.263
-14.157 12.207 -22.344

-11.943 15.248 -21.466
-14.301 16.978 -18.949
-17.827 16.65 -17.399
-19.139 18.761 -20.353

-16.752 17.96 -23.312
-15.482 14.956 -25.281
-12.62 14.751 -27.824
-12.437 12.939 -31.204
-8.982 11.264 -31.393
-8.672 10.357 -35.1

-6.282 10.744 -38.079
-6.98 13.557 -40.6
-9.895 13.022 -43.051

-11.208 15.853 -45.293
-14.92 14.856 -45.011
-14.611 14.37 -41.226
-13.015 17.857 -40.827
-15.875 19.254 -42.999
-18.403 17.482 -40.669
-16.559 18.759 -37.515
-16.844 22.341 -38.957

-20.697 21.797 -39.029
-20.861 21.033 -35.24
-22.116 23.933 -33.104
-20.016 23.255 -29.939
-16.791 22.621 -31.971

-13.393 23.436 -30.391
-10.011 22.816 -32.063
-6.805 22.812 -29.99

-3.883 23.919 -32.209
-1.328 22.314 -29.773
-2.753 18.736 -29.691
-4.334 19.137 -33.217

-7.578 17.622 -31.79
-11.313 18.386 -31.995
-13.683 18.544 -28.991
-17.466 19.001 -28.65
-20.131 19.402 -25.91

-21.257 16.038 -24.476
-24.923 16.743 -25.497
-23.731 16.722 -29.178
-22.178 13.179 -28.839
-25.228 11.354 -30.322
-25.57 14.044 -33.093
-21.852 13.682 -34.021
-21.815 9.829 -34.037
-25.045 9.774 -36.128
-23.507 12.176 -38.75
-20.093 10.348 -38.803

-21.793 6.948 -39.527
-22.962 8.546 -42.834
-19.328 9.196 -43.991
-17.677 6.563 -46.261
-14.251 5.2 -45.121

-14.46 6.789 -41.562
-14.765 4.819 -38.279
-15.142 6.964 -35.114
-15.663 4.659 -32.101

-18.218 6.249 -29.657
-17.862 6.903 -25.912
-18.35 3.469 -24.195
-21.794 2.549 -22.772
-20.235 2.829 -19.255
-19.534 6.58 -19.812
-22.964 7.196 -21.431
-24.623 5.531 -18.378
-22.42 7.523 -15.909

-23.028 10.919 -17.654
-26.668 10.153 -18.714
-27.851 13.482 -17.123

-25.214 15.594 -18.963
-26 13.8 -22.296
-29.631 15.147 -21.909

-29.014 18.802 -20.797
-28.522 21.656 -23.337
-27.494 23.803 -20.296
-24.374 24.206 -18.108
-26.03 23.63 -14.722
-23.195 22.587 -12.38
-23.731 19.355 -10.334

-27.219 19.392 -8.694
-26.798 20.208 -4.988
-26.578 17.032 -2.906
-29.814 16.999 -0.82
-29.276 16.946 2.956
-30.305 13.551 4.343

-32.727 13.25 7.268
-30.389 11.851 9.975
-33.077 12.019 12.787
-33.159 8.159 12.923
-29.32 8.149 13.454
-27.82 8.306 16.969

-27.52 12.074 17.913
-23.991 11.509 19.371
-22.796 10.469 15.867
-24.731 13.185 13.93
-23.402 16.008 16.22
-19.738 14.82 15.861

-19.687 14.822 11.995
-17.445 17.587 10.586

-19.106 19.692 7.763
-17.231 17.783 4.996
-18.064 14.402 6.666
-21.796 15.407 6.677
-21.562 16.318 2.947
-19.943 12.855 2.346
-22.788 11.075 4.244
-25.363 13.084 2.191
-23.555 12.165 -1.104
-23.43 8.459 -0.115
-27.196 8.491 0.728
-28.024 10.343 -2.565

-25.973 7.645 -4.472
-28.214 5.048 -2.67
-25.512 3.7 -0.27

-23.352 2.353 -3.174
-19.956 4.118 -3.237
-16.209 4.012 -2.721
-15.295 6.541 0.021

-11.694 7.195 -1.128

-11.135 10.189 1.225
-7.504 10.605 2.377

-6.048 8.715 5.398
-7.361 9.956 8.784
-10.233 12.169 7.374
-12.706 9.981 9.408

-13.844 7.354 6.831
-15.012 5.081 9.734
-17.363 7.714 11.316
-18.876 8.506 7.854
-19.282 4.738 7.09
-21.02 4.042 10.461
-23.415 6.996 9.798
-24.247 5.855 6.195
-24.846 2.277 7.463
-26.955 3.52 10.461
-29.227 5.531 8.078

-29.9 2.058 6.507

-30.384 0.293 9.981
-33.886 -0.857 8.77
-32.05 -2.956 6.062
-29.626 -4.868 8.41
-27.981 -7.413 9.17

-24.774 -5.448 8.488
-21.551 -7.137 7.269
-18.235 -5.328 7.997
-15.132 -6.739 6.223
-11.829 -5.357 7.603

-8.05 -6.016 7.986
-7.416 -8.82 10.567
-5.856 -6.305 13.093
-8.689 -3.64 13.199

-11.758 -5.868 14.003
-11.895 -4.753 17.675
-11.154 -1.102 16.63
-14.365 -1.304 14.506
-16.414 -2.897 17.375
-15.268 -0.08 19.729
-16.109 2.476 16.969
-19.722 1.111 16.76
-20.082 1.14 20.611
-18.596 4.7 20.723
-20.823 6.195 17.978

-24.121 4.191 18.24
-24.851 3.95 22.056
-28.388 2.791 20.948
-26.764 -0.701 20.406
-26.03 -3.285 23.117

-22.632 -5.104 22.857
-24.638 -8.32 22.08
-25.78 -6.667 18.791

-22.091 -6.816 17.576
-20.505 -10.124 16.488
-16.681 -10.041 16.081

-15.702 -13.116 14.035
-12.316 -14.303 15.372
-12.201 -17.837 13.813
-13.405 -19.799 10.735
-15.769 -21.82 13.07
-17.788 -18.808 14.317
-21.352 -17.917 13.159
-21.075 -14.973 10.701
-24.816 -14.102 11.273
-24.919 -14.166 15.127
-25.108 -10.332 15.536
-27.08 -7.466 13.995

-23.588 -6.14 13.038
-21.065 -8.833 11.965
-17.336 -7.898 11.803
-15.009 -10.302 9.887
-11.529 -10.295 8.291

-10.658 -10.74 4.577
-8.757 -14.009 5.375
-11.833 -15.546 7.113
-14.3 -14.769 4.222

-12.926 -17.715 2.14
-13.287 -20.073 5.183
-16.843 -18.74 5.845
-18.014 -18.815 2.139
-20.731 -21.415 3.044
-22.243 -18.836 5.512
-21.955 -15.894 2.989
-25.071 -17.433 1.278
-27.188 -15.451 3.825
-28.094 -12.137 2.052
-26.367 -9.235 3.842
-28.236 -6.215 2.36

-25.704 -3.677 3.792
-21.936 -4.298 3.429
-19.007 -2.145 4.602
-15.517 -3.11 3.36

-12.662 -1.237 5.059
-9.341 -0.865 3.151

-11.066 -2.352 0.031
-7.765 -2.207 -1.968
-7.252 -5.742 -0.456
-9.774 -6.866 -3.176

-7.558 -5.436 -6.054
-6.861 -8.909 -7.611
-9.913 -10.983 -8.736
-7.994 -14.348 -8.638
-7.386 -14.116 -4.839

-9.551 -16.269 -2.508
-10.568 -13.122 -0.487
-11.832 -11.409 -3.693
-13.586 -14.593 -5.006
-15.461 -14.905 -1.648
-16.313 -11.137 -1.332
-17.465 -10.353 -4.925
-20.7 -12.523 -5.003
-21.961 -10.786 -1.799
-21.004 -7.272 -3.064
-22.893 -7.826 -6.386
-26.148 -8.927 -4.576

-26.072 -6.644 -1.465
-28.372 -3.542 -1.704

-25.826 -1.116 -0.104
-22.019 -1.347 -0.629
-19.769 1.077 1.29
-16.145 0.543 0.177
-13.427 2.479 2.088

-9.739 3.065 1.181
-6.998 5.712 1.573
-5.29 4.301 -1.537
-8.002 2.778 -3.832
-5.263 1.979 -6.345
-1.844 1.044 -4.877
0.179 1.273 -8.156
-1.96 0.815 -11.364

-5.486 1.412 -12.884
-6.145 -2.396 -13.101
-6.402 -2.518 -9.223
-9.619 -0.37 -9.379
-11.628 -2.846 -11.528
-12.904 -5.026 -8.614
-13.981 -1.892 -6.643
-15.738 -0.406 -9.758
-17.759 -3.638 -10.376
-18.545 -3.926 -6.614
-20.104 -0.383 -6.596

-21.607 -0.654 -10.172
-21.992 -4.37 -11.257
-23.172 -3.251 -14.78
-19.935 -1.29 -15.508
-17.337 -3.236 -17.592
-18.9 -6.785 -17.229
-15.576 -8.217 -18.571

-12.101 -7.019 -17.429
-10.719 -7.022 -21.032
-12.866 -3.967 -22.03
-11.565 -2.031 -18.959
-7.965 -3.199 -19.668
-8.028 -2.162 -23.384
-9.238 1.366 -22.43
-7.403 2.18 -19.142

-4.51 -0.351 -18.764
-2.851 0.132 -22.242
-3.499 -3.577 -22.858

-0.922 -5.224 -25.189
-1.171 -8.572 -27.031
2.109 -10.415 -26.274

3.105 -13.897 -27.702
2.055 -15.464 -24.315

-1.301 -13.571 -23.908
-2.465 -10.088 -22.814
-0.375 -7.663 -20.732

0.236223 -4.90816 -18.2893
3.54882 -3.78089 -16.6468
6.99303 -3.35014 -15.152
6.48343 -2.3636 -11.5914
3.2532 -4.3012 -11.4205
3.94599 -7.62555 -9.68689

4.64547 -10.9571 -11.3765
2.72232 -12.8338 -8.68905
-0.262206 -10.5115 -9.06663
-0.283031 -10.9933 -12.8363
-0.194833 -14.7731 -12.451
-3.10537 -14.689 -10.0087
-5.16132 -12.5486 -12.3824
-4.49315 -14.9327 -15.2655
-5.55492 -17.9194 -13.169
-8.78492 -16.1878 -12.1631
-9.58826 -15.3699 -15.7865

-7.35726 -17.3719 -13.3205

-5.22426 -15.3139 -10.9365
-5.28226 -12.4199 -8.46548

-1.67926 -11.1779 -7.93248
-0.372255 -8.1769 -5.94348
3.20274 -7.3419 -4.96948

4.72874 -5.8579 -1.74148
5.33974 -2.6539 -3.76348
1.58474 -2.4049 -4.66348
0.144745 -2.7749 -1.10348

2.95574 -2.2799 1.51852
4.91674 0.955096 0.687523
6.33074 0.718096 4.28752
8.33574 -2.5499 3.87152

12.1347 -1.8559 3.85652
13.8877 -2.5899 0.532523

15.5437 -5.9599 -0.210477
19.1597 -5.1119 -1.18848
20.6967 -8.0019 -3.19048
24.3757 -8.4999 -4.13748
26.7377 -11.1089 -5.53948
29.7787 -11.8039 -3.29848
32.5977 -13.3579 -5.35348

34.3777 -15.5589 -2.76248
38.0927 -15.7399 -3.57248

39.0767 -18.9709 -5.49548
42.6917 -18.4999 -4.16748
41.6537 -20.6919 -1.14548

40.6127 -23.4809 -3.63048
43.7507 -25.6619 -3.56448

45.2567 -26.9349 -6.86248
43.9447 -30.5529 -6.32148
40.3227 -29.3549 -5.77048
40.5997 -27.0249 -8.83148
42.0287 -29.8699 -10.9835
39.0907 -32.0869 -9.79848
36.5447 -29.3519 -10.7965
38.3417 -28.9539 -14.1865
38.2547 -32.7799 -14.6175
34.4817 -33.0889 -13.8695
33.7937 -30.0369 -16.1375
35.7487 -31.7129 -19.0245
33.9747 -35.0259 -18.2335
30.4777 -33.4739 -18.8175
31.5687 -32.1429 -22.2885

33.0487 -35.4729 -23.5405
31.2187 -36.5709 -26.7455
31.3597 -40.3509 -26.2105
29.4887 -40.5119 -22.8255
25.9157 -41.7399 -22.3185

23.1197 -39.3529 -21.1645
23.4387 -41.0149 -17.7015
27.2607 -40.5559 -17.4125
26.7097 -36.8539 -18.3835
24.1207 -36.5009 -15.5085
26.4887 -38.3209 -13.0715
29.4377 -36.0289 -14.0285
27.0867 -32.9909 -13.5725
26.0717 -34.1929 -10.0485
29.7867 -34.7739 -9.24148
30.7567 -31.2529 -10.5135
27.9297 -29.7139 -8.39848
28.8847 -31.6629 -5.20048
32.6177 -30.7459 -5.76748
31.5677 -27.0559 -6.12748
29.9167 -27.2449 -2.66748
33.0767 -28.8259 -1.09848
35.3767 -26.2649 -2.82648
33.3777 -23.2909 -1.38048
33.3247 -24.4869 2.31752
36.6117 -22.7339 3.45452
35.6747 -19.3009 1.98252
31.9897 -19.6559 3.02252
33.3307 -20.2039 6.59352
35.8027 -17.2609 6.20652
32.8757 -15.0099 5.12352
30.5637 -16.1619 8.01352
33.3687 -15.3939 10.5245
34.0227 -11.9439 8.89952
30.2737 -11.1469 9.37552
30.4007 -12.1579 13.1005
33.7257 -10.2929 13.6905

32.0677 -7.2139 12.0075
29.5877 -7.2289 14.9815
26.4187 -8.5259 13.1905
23.7247 -9.4789 15.7185
21.4717 -11.8279 13.5945

21.6907 -13.4229 10.1135
20.5227 -16.4989 8.14252
22.8927 -18.8609 6.26752
21.3067 -20.9279 3.46352
22.9277 -24.0829 1.99252

21.5457 -27.3839 0.515523
24.4237 -29.9279 0.570523

24.5547 -31.6119 4.02352
28.4177 -31.4099 4.08152
28.1877 -27.5529 3.83952
25.5847 -27.3679 6.68352
27.7457 -29.8029 8.76952
31.0107 -27.8209 8.21552
29.3337 -24.4419 9.06152
27.7807 -25.8709 12.3005
31.1167 -27.5039 13.3305
33.0587 -24.2009 12.9105
30.3727 -22.1879 14.8185
30.5907 -24.7789 17.6835
34.4527 -24.5549 17.5685

34.1647 -20.6999 17.8245
31.4967 -21.1319 20.6255
28.9187 -19.1719 18.5235
25.3147 -19.8589 19.5925

23.3117 -20.8499 16.4815
20.2267 -22.8179 15.3155
20.1487 -25.5349 12.5995
17.1467 -26.6359 10.4555

17.4127 -29.3579 7.75752
15.5797 -32.4539 6.34352
16.1577 -34.3709 9.65252
14.7237 -31.6219 11.9685
11.2107 -32.6269 13.1575
8.04774 -30.5309 12.5015
7.67474 -29.4229 16.1895

11.4327 -28.7809 16.7765
11.4237 -26.5559 13.6095
8.86274 -24.2239 15.2735
10.7117 -24.2789 18.6575
14.1477 -23.4909 17.0495
12.4067 -20.7219 15.0265
11.0727 -19.2339 18.3265
14.5497 -19.6169 19.9795
16.1977 -17.6009 17.1115
13.3497 -15.0009 17.1615
13.2757 -14.4369 20.9725

16.9087 -15.0999 22.1065
19.4927 -12.3179 21.4205
22.2957 -14.9459 21.8705
21.4847 -16.9499 18.6925
23.4537 -14.9689 16.0715

23.3117 -17.4929 13.1585
20.5517 -19.6639 11.6795
22.0137 -22.5259 9.54952
19.1577 -23.4359 7.17652
18.5837 -25.9639 4.38852

17.2717 -24.0679 1.28752
14.8427 -26.9779 0.578523
13.7797 -27.8269 4.17552
13.2927 -24.2329 5.54252
11.5707 -22.7039 2.40952
8.10974 -23.1779 4.09752
6.11174 -22.2219 7.24852
8.87874 -20.4559 9.24352
9.32774 -16.6839 9.92852
12.7807 -15.1409 10.6375
11.9437 -11.4059 11.0835
14.6537 -11.0739 13.8365
17.4377 -11.1389 11.1635
18.3217 -8.3339 8.66652

20.7687 -10.4109 6.52452
20.4597 -13.5749 4.38252
23.6267 -15.3419 3.09752
23.2497 -17.9749 0.353523

26.4097 -20.0979 0.797523
25.2007 -22.1179 -2.23348
23.1897 -21.3149 -5.38148
19.9967 -23.2799 -6.17748
18.9107 -23.8339 -9.84448
15.2647 -22.8619 -9.09948

14.7247 -19.0849 -8.45148
11.2517 -19.6329 -6.88848
12.9527 -21.4999 -3.96848
15.5717 -18.7039 -3.55348
12.7347 -16.0759 -3.39948
10.8547 -18.3159 -0.864477
14.0327 -18.3229 1.31552
14.5067 -14.4719 1.08352

10.8087 -13.9969 2.10152
11.4827 -15.8439 5.38552
13.1037 -12.5639 6.65052
11.1717 -10.0419 4.50552
7.78774 -10.5349 6.32952
5.24774 -8.3609 8.21252
7.17174 -7.4189 11.4095
10.4797 -6.6469 9.58752
11.7087 -3.0469 10.3015
15.2307 -3.1159 8.68852
16.3337 -3.1529 5.00252

16.9557 -6.8339 4.17952
20.4457 -7.6549 2.84752
20.7077 -10.7059 0.512523
24.2687 -11.9579 -0.228477
24.7727 -14.6419 -2.94048
28.1927 -16.3369 -2.43248
29.7257 -17.3529 -5.83548

33.1147 -18.8529 -6.85748
34.8157 -18.3339 -10.2865
35.9217 -21.6989 -11.8105
32.8987 -23.6739 -10.3925
29.2267 -24.6739 -11.0185

28.2147 -21.0899 -9.93948
29.5337 -19.7459 -13.3235
26.7537 -21.7539 -15.1335
24.0547 -21.6769 -12.3995
24.0187 -17.8629 -11.9795
23.2077 -17.0209 -15.6935
20.6227 -19.9079 -15.6435
18.9137 -18.4709 -12.4995
18.9267 -14.9579 -14.1165
17.2337 -16.0409 -17.3985
14.6327 -17.9659 -15.2835
13.7907 -14.8309 -13.1645
13.4307 -12.8389 -16.4365
10.9577 -15.4839 -17.8015
9.03574 -15.2179 -14.4695
9.05074 -11.3539 -14.6335
7.82374 -11.2699 -18.3035

4.95074 -13.5919 -17.1865
4.15074 -11.0499 -14.3415
5.22674 -13.6509 -11.6975
8.24674 -11.7439 -10.2215
9.42174 -8.1289 -9.64948
12.8797 -9.5679 -8.91448
15.3537 -8.4319 -11.5595
18.7937 -10.1039 -11.0865
20.6787 -8.2979 -13.9755

21.6847 -5.2089 -11.8935
23.7327 -7.3979 -9.45048
26.0797 -8.7149 -12.2295
26.9307 -5.3179 -13.7885

28.1957 -4.3589 -10.2585
30.6807 -7.3319 -9.83548

End chain 1
