-13.201 -6.296 -53.957
-10.703 -3.406 -53.291
-9.54 -3.087 -49.639
-11.02 0.322 -48.639
-8.614 1.85 -46.053
-10.787 3.126 -43.162

-9.634 6.195 -41.181
-10.061 4.9 -37.589
-10.286 6.838 -34.306
-12.195 7.103 -30.979
-14.163 9.439 -28.711
-12.619 10.223 -25.263
-14.157 12.207 -22.344

-11.943 15.248 -21.466
-14.301 16.978 -18.949
-17.827 16.65 -17.399
-19.139 18.761 -20.353

-16.752 17.96 -23.312
-15.482 14.956 -25.281
-12.62 14.751 -27.824
-12.437 12.939 -31.204
-8.982 11.264 -31.393
-8.672 10.357 -35.1

-6.282 10.744 -38.079
-6.98 13.557 -40.6
-9.895 13.022 -43.051

-11.208 15.853 -45.293
-14.92 14.856 -45.011
-14.611 14.37 -41.226
-13.015 17.857 -40.827
-15.875 19.254 -42.999
-18.403 17.482 -40.669
-16.559 18.759 -37.515
-16.844 22.341 -38.957

-20.697 21.797 -39.029
-20.861 21.033 -35.24
-22.116 23.933 -33.104
-20.016 23.255 -29.939
-16.791 22.621 -31.971

-13.393 23.436 -30.391
-10.011 22.816 -32.063
-6.805 22.812 -29.99

-3.883 23.919 -32.209
-1.328 22.314 -29.773
-2.753 18.736 -29.691
-4.334 19.137 -33.217

-7.578 17.622 -31.79
-11.313 18.386 -31.995
-13.683 18.544 -28.991
-17.466 19.001 -28.65
-20.131 19.402 -25.91

-21.257 16.038 -24.476
-24.923 16.743 -25.497
-23.731 16.722 -29.178
-22.178 13.179 -28.839
-25.228 11.354 -30.322
-25.57 14.044 -33.093
-21.852 13.682 -34.021
-21.815 9.829 -34.037
-25.045 9.774 -36.128
-23.507 12.176 -38.75
-20.093 10.348 -38.803

-21.793 6.948 -39.527
-22.962 8.546 -42.834
-19.328 9.196 -43.991
-17.677 6.563 -46.261
-14.251 5.2 -45.121

-14.46 6.789 -41.562
-14.765 4.819 -38.279
-15.142 6.964 -35.114
-15.663 4.659 -32.101

-18.218 6.249 -29.657
-17.862 6.903 -25.912
-18.35 3.469 -24.195
-21.794 2.549 -22.772
-20.235 2.829 -19.255
-19.534 6.58 -19.812
-22.964 7.196 -21.431
-24.623 5.531 -18.378
-22.42 7.523 -15.909

-23.028 10.919 -17.654
-26.668 10.153 -18.714
-27.851 13.482 -17.123

-25.214 15.594 -18.963
-26 13.8 -22.296
-29.631 15.147 -21.909

-29.014 18.802 -20.797
-28.522 21.656 -23.337
-27.494 23.803 -20.296
-24.374 24.206 -18.108
-26.03 23.63 -14.722
-23.195 22.587 -12.38
-23.731 19.355 -10.334

-27.219 19.392 -8.694
-26.798 20.208 -4.988
-26.578 17.032 -2.906
-29.814 16.999 -0.82
-29.276 16.946 2.956
-30.305 13.551 4.343

-32.727 13.25 7.268
-30.389 11.851 9.975
-33.077 12.019 12.787
-33.159 8.159 12.923
-29.32 8.149 13.454
-27.82 8.306 16.969

-27.52 12.074 17.913
-23.991 11.509 19.371
-22.796 10.469 15.867
-24.731 13.185 13.93
-23.402 16.008 16.22
-19.738 14.82 15.861

-19.687 14.822 11.995
-17.445 17.587 10.586

-19.106 19.692 7.763
-17.231 17.783 4.996
-18.064 14.402 6.666
-21.796 15.407 6.677
-21.562 16.318 2.947
-19.943 12.855 2.346
-22.788 11.075 4.244
-25.363 13.084 2.191
-23.555 12.165 -1.104
-23.43 8.459 -0.115
-27.196 8.491 0.728
-28.024 10.343 -2.565

-25.973 7.645 -4.472
-28.214 5.048 -2.67
-25.512 3.7 -0.27

-23.352 2.353 -3.174
-19.956 4.118 -3.237
-16.209 4.012 -2.721
-15.295 6.541 0.021

-11.694 7.195 -1.128

-11.135 10.189 1.225
-7.504 10.605 2.377

-6.048 8.715 5.398
-7.361 9.956 8.784
-10.233 12.169 7.374
-12.706 9.981 9.408

-13.844 7.354 6.831
-15.012 5.081 9.734
-17.363 7.714 11.316
-18.876 8.506 7.854
-19.282 4.738 7.09
-21.02 4.042 10.461
-23.415 6.996 9.798
-24.247 5.855 6.195
-24.846 2.277 7.463
-26.955 3.52 10.461
-29.227 5.531 8.078

-29.9 2.058 6.507

-30.384 0.293 9.981
-33.886 -0.857 8.77
-32.05 -2.956 6.062
-29.626 -4.868 8.41
-27.981 -7.413 9.17

-24.774 -5.448 8.488
-21.551 -7.137 7.269
-18.235 -5.328 7.997
-15.132 -6.739 6.223
-11.829 -5.357 7.603

-8.05 -6.016 7.986
-7.416 -8.82 10.567
-5.856 -6.305 13.093
-8.689 -3.64 13.199

-11.758 -5.868 14.003
-11.895 -4.753 17.675
-11.154 -1.102 16.63
-14.365 -1.304 14.506
-16.414 -2.897 17.375
-15.268 -0.08 19.729
-16.109 2.476 16.969
-19.722 1.111 16.76
-20.082 1.14 20.611
-18.596 4.7 20.723
-20.823 6.195 17.978

-24.121 4.191 18.24
-24.851 3.95 22.056
-28.388 2.791 20.948
-26.764 -0.701 20.406
-26.03 -3.285 23.117

-22.632 -5.104 22.857
-24.638 -8.32 22.08
-25.78 -6.667 18.791

-22.091 -6.816 17.576
-20.505 -10.124 16.488
-16.681 -10.041 16.081

-15.702 -13.116 14.035
-12.316 -14.303 15.372
-12.201 -17.837 13.813
-13.405 -19.799 10.735
-15.769 -21.82 13.07
-17.788 -18.808 14.317
-21.352 -17.917 13.159
-21.075 -14.973 10.701
-24.816 -14.102 11.273
-24.919 -14.166 15.127
-25.108 -10.332 15.536
-27.08 -7.466 13.995

-23.588 -6.14 13.038
-21.065 -8.833 11.965
-17.336 -7.898 11.803
-15.009 -10.302 9.887
-11.529 -10.295 8.291

-10.658 -10.74 4.577
-8.757 -14.009 5.375
-11.833 -15.546 7.113
-14.3 -14.769 4.222

-12.926 -17.715 2.14
-13.287 -20.073 5.183
-16.843 -18.74 5.845
-18.014 -18.815 2.139
-20.731 -21.415 3.044
-22.243 -18.836 5.512
-21.955 -15.894 2.989
-25.071 -17.433 1.278
-27.188 -15.451 3.825
-28.094 -12.137 2.052
-26.367 -9.235 3.842
-28.236 -6.215 2.36

-25.704 -3.677 3.792
-21.936 -4.298 3.429
-19.007 -2.145 4.602
-15.517 -3.11 3.36

-12.662 -1.237 5.059
-9.341 -0.865 3.151

-11.066 -2.352 0.031
-7.765 -2.207 -1.968
-7.252 -5.742 -0.456
-9.774 -6.866 -3.176

-7.558 -5.436 -6.054
-6.861 -8.909 -7.611
-9.913 -10.983 -8.736
-7.994 -14.348 -8.638
-7.386 -14.116 -4.839

-9.551 -16.269 -2.508
-10.568 -13.122 -0.487
-11.832 -11.409 -3.693
-13.586 -14.593 -5.006
-15.461 -14.905 -1.648
-16.313 -11.137 -1.332
-17.465 -10.353 -4.925
-20.7 -12.523 -5.003
-21.961 -10.786 -1.799
-21.004 -7.272 -3.064
-22.893 -7.826 -6.386
-26.148 -8.927 -4.576

-26.072 -6.644 -1.465
-28.372 -3.542 -1.704

-25.826 -1.116 -0.104
-22.019 -1.347 -0.629
-19.769 1.077 1.29
-16.145 0.543 0.177
-13.427 2.479 2.088

-9.739 3.065 1.181
-6.998 5.712 1.573
-5.29 4.301 -1.537
-8.002 2.778 -3.832
-5.263 1.979 -6.345
-1.844 1.044 -4.877
0.179 1.273 -8.156
-1.96 0.815 -11.364

-5.486 1.412 -12.884
-6.145 -2.396 -13.101
-6.402 -2.518 -9.223
-9.619 -0.37 -9.379
-11.628 -2.846 -11.528
-12.904 -5.026 -8.614
-13.981 -1.892 -6.643
-15.738 -0.406 -9.758
-17.759 -3.638 -10.376
-18.545 -3.926 -6.614
-20.104 -0.383 -6.596

-21.607 -0.654 -10.172
-21.992 -4.37 -11.257
-23.172 -3.251 -14.78
-19.935 -1.29 -15.508
-17.337 -3.236 -17.592
-18.9 -6.785 -17.229
-15.576 -8.217 -18.571

-12.101 -7.019 -17.429
-10.719 -7.022 -21.032
-12.866 -3.967 -22.03
-11.565 -2.031 -18.959
-7.965 -3.199 -19.668
-8.028 -2.162 -23.384
-9.238 1.366 -22.43
-7.403 2.18 -19.142

-4.51 -0.351 -18.764
-2.851 0.132 -22.242
-3.499 -3.577 -22.858

-0.922 -5.224 -25.189
-1.171 -8.572 -27.031
2.109 -10.415 -26.274

3.105 -13.897 -27.702
2.055 -15.464 -24.315

-1.301 -13.571 -23.908
-2.465 -10.088 -22.814
-0.375 -7.663 -20.732

-2.386 -5.192 -18.538
0.545 -3.576 -16.579
0.214 -0.249 -18.472
-2.005 2.838 -18.126
-4.133 4.898 -20.565
-6.888 7.593 -20.643

-6.428 8.31 -16.868
-8.259 11.708 -16.967
-11.359 9.932 -18.424
-11.034 7.218 -15.72
-10.853 9.986 -13.027
-14.061 11.624 -14.396
-15.894 8.229 -14.505
-14.782 7.406 -10.918
-15.841 10.804 -9.431
-19.243 10.854 -11.244
-20.42 7.245 -10.709

-18.189 5.243 -8.243

-16.056 7.301 -5.859
-16.114 10.195 -3.388

-12.511 11.437 -2.855
-11.204 14.438 -0.866
-7.629 15.273 0.108

-6.103 16.757 3.336
-5.492 19.961 1.314
-9.247 20.21 0.414
-10.687 19.84 3.974

-7.876 20.335 6.596
-5.915 23.57 5.765
-4.501 23.333 9.365
-2.496 20.065 8.949

1.303 20.759 8.934
3.056 20.025 5.61

4.712 16.655 4.867
8.328 17.503 3.889
9.865 14.613 1.887
13.544 14.115 0.94
15.906 11.506 -0.462
18.947 10.811 1.779
21.766 9.257 -0.276

23.546 7.056 2.315
27.261 6.875 1.505

28.245 3.644 -0.418
31.86 4.115 0.91
30.822 1.923 3.932

29.6607 -0.654032 1.53302
28.4219 -2.25034 -1.7444

25.0451 -0.562953 -1.30469
26.3945 1.62515 1.49432
29.3646 2.6783 -0.629802
27.0879 3.59543 -3.53124
24.8764 5.69123 -1.25977
27.8907 7.54429 0.126778
29.1607 8.29669 -3.37522
25.7652 9.6455 -4.42144
25.6134 11.9033 -1.36823
29.0847 13.2727 -2.08811
28.1481 14.0185 -5.69498
25.0048 15.8531 -4.60107
26.9784 17.9614 -2.1307
29.5146 18.8929 -4.80341
26.753 19.929 -7.19993

28.233 16.599 -8.45193
26.403 15.501 -11.6569
26.544 11.721 -11.1219
24.673 11.56 -7.73693
21.1 10.332 -7.22993

18.304 12.719 -6.07593
18.623 11.057 -2.61293
22.445 11.516 -2.32393
21.894 15.218 -3.29493
19.305 15.571 -0.419929
21.673 13.751 2.01707
24.622 16.043 1.06007
22.271 19.081 1.51607
21.256 17.879 5.04007
24.971 17.298 5.84707
25.941 20.819 4.57507
23.114 22.358 6.69007
24.069 20.409 9.88807
27.802 21.326 9.32107
26.752 25.016 8.96107
25.101 24.827 12.4211
28.261 23.246 13.9901
30.561 25.807 12.2621
28.562 28.781 13.7081
28.509 27.585 17.4061
31.796 29.338 18.5431
30.859 32.771 17.0711
27.174 32.416 18.1111
28.515 31.868 21.6821
30.987 34.811 21.2951
28.06 37.062 20.2121
25.748 35.91 23.1021
28.553 36.678 25.6131
29.207 40.128 23.9881
25.458 40.925 24.4641
25.585 39.914 28.1891
28.91 41.779 28.7791

27.252 44.858 27.0961
24.772 44.843 30.0701
21.603 43.546 28.2791
18.909 42.593 30.8071
16.656 40.244 28.6831

16.875 38.649 25.2021
15.707 35.573 23.2311
18.077 33.211 21.3561
16.491 31.144 18.5521
18.112 27.989 17.0811

16.73 24.688 15.6041
19.608 22.144 15.6591

19.739 20.46 19.1121
23.602 20.662 19.1701
23.372 24.519 18.9281
20.769 24.704 21.7721
22.93 22.269 23.8581
26.195 24.251 23.3041
24.518 27.63 24.1501
22.965 26.201 27.3891
26.301 24.568 28.4191
28.243 27.871 27.9991
25.557 29.884 29.9071
25.775 27.293 32.7721
29.637 27.517 32.6571

29.349 31.372 32.9131
26.681 30.94 35.7141
24.103 32.9 33.6121
20.499 32.213 34.6811

18.496 31.222 31.5701
15.411 29.254 30.4041
15.333 26.537 27.6881
12.331 25.436 25.5441

12.597 22.714 22.8461
10.764 19.618 21.4321
11.342 17.701 24.7411
9.90799 20.45 27.0571
6.39499 19.445 28.2461
3.23199 21.541 27.5901
2.85899 22.649 31.2781

6.61699 23.291 31.8651
6.60799 25.516 28.6981
4.04699 27.848 30.3621
5.89599 27.793 33.7461
9.33199 28.581 32.1381
7.59099 31.35 30.1151
6.25699 32.838 33.4151
9.73399 32.455 35.0681
11.382 34.471 32.2001
8.53399 37.071 32.2501
8.45999 37.635 36.0611

12.093 36.972 37.1951
14.677 39.754 36.5091
17.48 37.126 36.9591
16.669 35.122 33.7811
18.638 37.103 31.1601

18.496 34.579 28.2471
15.736 32.408 26.7681
17.198 29.546 24.6381
14.342 28.636 22.2651
13.768 26.108 19.4771

12.456 28.004 16.3761
10.027 25.094 15.6671
8.96399 24.245 19.2641
8.47699 27.839 20.6311
6.75499 29.368 17.4981
3.29399 28.894 19.1861
1.29599 29.85 22.3371
4.06299 31.616 24.3321
4.51199 35.388 25.0171
7.96499 36.931 25.7261
7.12799 40.666 26.1721
9.83799 40.998 28.9251
12.622 40.933 26.2521
13.506 43.738 23.7551

15.953 41.661 21.6131
15.644 38.497 19.4711
18.811 36.73 18.1861
18.434 34.097 15.4421

21.594 31.974 15.8861
20.385 29.954 12.8551
18.374 30.757 9.70707
15.181 28.792 8.91107
14.095 28.238 5.24407
10.449 29.21 5.98907

9.90899 32.987 6.63707
6.43599 32.439 8.20007
8.13699 30.572 11.1201
10.756 33.368 11.5351
7.91899 35.996 11.6891
6.03899 33.756 14.2241
9.21699 33.749 16.4041
9.69099 37.6 16.1721

5.99299 38.075 17.1901
6.66699 36.228 20.4741
8.28799 39.508 21.7391
6.35599 42.03 19.5941
2.97199 41.537 21.4181
0.431988 43.711 23.3011
2.35599 44.653 26.4981
5.66399 45.425 24.6761
6.89299 49.025 25.3901
10.415 48.956 23.7771
11.518 48.919 20.0911

12.14 45.238 19.2681
15.63 44.417 17.9361
15.892 41.366 15.6011
19.453 40.114 14.8601
19.957 37.43 12.1481
23.377 35.735 12.6561
24.91 34.719 9.25307

28.299 33.219 8.23107
30 33.738 4.80207
31.106 30.373 3.27807
28.083 28.398 4.69607
24.411 27.398 4.07007

23.399 30.982 5.14907
24.718 32.326 1.76507
21.938 30.318 -0.0449288
19.239 30.395 2.68907
19.203 34.209 3.10907
18.392 35.051 -0.604929
15.807 32.164 -0.554929
14.098 33.601 2.58907
14.111 37.114 0.972071
12.418 36.031 -2.30993
9.81699 34.106 -0.194929
8.97499 37.241 1.92407
8.61499 39.233 -1.34793
6.14199 36.588 -2.71293
4.21999 36.854 0.619071
4.23499 40.718 0.455071
3.00799 40.802 -3.21493

0.134988 38.48 -2.09793
-0.665012 41.022 0.747071
0.410988 38.421 3.39107
3.43099 40.328 4.86707
4.60599 43.943 5.43907
8.06399 42.504 6.17407
10.538 43.64 3.52907
13.978 41.968 4.00207
15.863 43.774 1.11307

16.869 46.863 3.19507
18.917 44.674 5.63807
21.264 43.357 2.85907
22.115 46.754 1.30007

23.38 47.713 4.83007
25.865 44.74 5.25307

End chain 1
