-13.201 -6.296 -53.957
-10.703 -3.406 -53.291
-9.54 -3.087 -49.639
-11.02 0.322 -48.639
-8.614 1.85 -46.053
-10.787 3.126 -43.162

-9.634 6.195 -41.181
-10.061 4.9 -37.589
-10.286 6.838 -34.306
-12.195 7.103 -30.979
-14.163 9.439 -28.711
-12.619 10.223 -25.263
-14.157 12.207 -22.344

-11.943 15.248 -21.466
-14.301 16.978 -18.949
-17.827 16.65 -17.399
-19.139 18.761 -20.353

-16.752 17.96 -23.312
-15.482 14.956 -25.281
-12.62 14.751 -27.824
-12.437 12.939 -31.204
-8.982 11.264 -31.393
-8.672 10.357 -35.1

-6.282 10.744 -38.079
-6.98 13.557 -40.6
-9.895 13.022 -43.051

-11.208 15.853 -45.293
-14.92 14.856 -45.011
-14.611 14.37 -41.226
-13.015 17.857 -40.827
-15.875 19.254 -42.999
-18.403 17.482 -40.669
-16.559 18.759 -37.515
-16.844 22.341 -38.957

-20.697 21.797 -39.029
-20.861 21.033 -35.24
-22.116 23.933 -33.104
-20.016 23.255 -29.939
-16.791 22.621 -31.971

-13.393 23.436 -30.391
-10.011 22.816 -32.063
-6.805 22.812 -29.99

-3.883 23.919 -32.209
-1.328 22.314 -29.773
-2.753 18.736 -29.691
-4.334 19.137 -33.217

-7.578 17.622 -31.79
-11.313 18.386 -31.995
-13.683 18.544 -28.991
-17.466 19.001 -28.65
-20.131 19.402 -25.91

-21.257 16.038 -24.476
-24.923 16.743 -25.497
-23.731 16.722 -29.178
-22.178 13.179 -28.839
-25.228 11.354 -30.322
-25.57 14.044 -33.093
-21.852 13.682 -34.021
-21.815 9.829 -34.037
-25.045 9.774 -36.128
-23.507 12.176 -38.75
-20.093 10.348 -38.803

-21.793 6.948 -39.527
-22.962 8.546 -42.834
-19.328 9.196 -43.991
-17.677 6.563 -46.261
-14.251 5.2 -45.121

-14.46 6.789 -41.562
-14.765 4.819 -38.279
-15.142 6.964 -35.114
-15.663 4.659 -32.101

-18.218 6.249 -29.657
-17.862 6.903 -25.912
-18.35 3.469 -24.195
-21.794 2.549 -22.772
-20.235 2.829 -19.255
-19.534 6.58 -19.812
-22.964 7.196 -21.431
-24.623 5.531 -18.378
-22.42 7.523 -15.909

-23.028 10.919 -17.654
-26.668 10.153 -18.714
-27.851 13.482 -17.123

-25.214 15.594 -18.963
-26 13.8 -22.296
-29.631 15.147 -21.909

-29.014 18.802 -20.797
-28.522 21.656 -23.337
-27.494 23.803 -20.296
-24.374 24.206 -18.108
-26.03 23.63 -14.722
-23.195 22.587 -12.38
-23.731 19.355 -10.334

-27.219 19.392 -8.694
-26.798 20.208 -4.988
-26.578 17.032 -2.906
-29.814 16.999 -0.82
-29.276 16.946 2.956
-30.305 13.551 4.343

-28.1388 12.6952 1.3341
-29.9823 15.2293 -0.78263
-28.57 14.0651 -4.11908
-29.3901 10.6542 -2.71787
-32.8107 11.2807 -1.34621
-34.1322 14.3211 -3.25584

-34.7463 14.7523 -6.98141
-38.215 16.1684 -6.34416
-36.8422 18.6528 -3.81713
-34.1706 19.8091 -6.26016
-36.7578 20.3238 -8.99592
-38.9539 22.3728 -6.66756

-38.9029 22.3748 -10.5336
-36.6609 25.1398 -11.9426

-38.3219 27.2448 -14.7656
-36.4469 25.3358 -17.5326
-37.2799 21.9548 -15.8626
-41.0119 22.9598 -15.8516
-40.7779 23.8708 -19.5816
-39.1589 20.4078 -20.1826
-42.0039 18.6278 -18.2846
-44.5789 20.6368 -20.3376
-42.7709 19.7178 -23.6326
-42.6459 16.0118 -22.6436
-46.4119 16.0438 -21.8006
-47.2399 17.8958 -25.0936

-45.1889 15.1978 -27.0006
-47.4299 12.6008 -25.1986
-44.7279 11.2528 -22.7986

-42.5679 9.90577 -25.7026
-39.1719 11.6708 -25.7656
-35.4249 11.5648 -25.2496
-34.5109 14.0938 -22.5076

-30.9099 14.7478 -23.6566

-30.3509 17.7418 -21.3036
-26.7199 18.1578 -20.1516

-25.2639 16.2678 -17.1306
-26.5769 17.5088 -13.7446
-29.4489 19.7218 -15.1546
-31.9219 17.5338 -13.1206

-33.0599 14.9068 -15.6976
-34.2279 12.6338 -12.7946
-36.5789 15.2668 -11.2126
-38.0919 16.0588 -14.6746
-38.4979 12.2908 -15.4386
-40.2359 11.5948 -12.0676
-42.6309 14.5488 -12.7306
-43.4629 13.4078 -16.3336
-44.0619 9.82977 -15.0656
-46.1709 11.0728 -12.0676
-48.4429 13.0838 -14.4506

-49.1159 9.61077 -16.0216

-49.5999 7.84577 -12.5476
-53.1019 6.69577 -13.7586
-51.2659 4.59677 -16.4666
-48.8419 2.68477 -14.1186
-47.1969 0.139774 -13.3586

-43.9899 2.10477 -14.0406
-40.7669 0.415774 -15.2596
-37.4509 2.22477 -14.5316
-34.3479 0.813774 -16.3056
-31.0449 2.19577 -14.9256

-27.2659 1.53677 -14.5426
-26.6319 -1.26723 -11.9616
-25.0719 1.24777 -9.43556
-27.9049 3.91277 -9.32956

-30.9739 1.68477 -8.52556
-31.1109 2.79977 -4.85356
-30.3699 6.45077 -5.89856
-33.5809 6.24877 -8.02256
-35.6299 4.65577 -5.15356
-34.4839 7.47277 -2.79956
-35.3249 10.0288 -5.55956
-38.9379 8.66377 -5.76856
-39.2979 8.69277 -1.91756
-37.8119 12.2528 -1.80556
-40.0389 13.7478 -4.55056

-43.3369 11.7438 -4.28856
-44.0669 11.5028 -0.472555
-47.6039 10.3438 -1.58056
-45.9799 6.85177 -2.12256
-45.2459 4.26777 0.588445

-41.8479 2.44877 0.328445
-43.8539 -0.767226 -0.448555
-44.9959 0.885774 -3.73756

-41.3069 0.736774 -4.95256
-39.7209 -2.57123 -6.04056
-35.8969 -2.48823 -6.44756

-34.9179 -5.56323 -8.49356
-31.5319 -6.75023 -7.15656
-31.4169 -10.2842 -8.71556
-32.6209 -12.2462 -11.7936
-34.9849 -14.2672 -9.45856
-37.0039 -11.2552 -8.21156
-40.5679 -10.3642 -9.36956
-40.2909 -7.42023 -11.8276
-44.0319 -6.54923 -11.2556
-44.1349 -6.61323 -7.40156
-44.3239 -2.77923 -6.99256
-46.2959 0.0867742 -8.53356

-42.8039 1.41277 -9.49056
-40.2809 -1.28023 -10.5636
-36.5519 -0.345226 -10.7256
-34.2249 -2.74923 -12.6416
-30.7449 -2.74223 -14.2376

-29.8739 -3.18723 -17.9516
-27.9729 -6.45623 -17.1536
-31.0489 -7.99323 -15.4156
-33.5159 -7.21623 -18.3066

-32.1419 -10.1622 -20.3886
-32.5029 -12.5202 -17.3456
-36.0589 -11.1872 -16.6836
-37.2299 -11.2622 -20.3896
-39.9469 -13.8622 -19.4846
-41.4589 -11.2832 -17.0166
-41.1709 -8.34123 -19.5396
-44.2869 -9.88023 -21.2506
-46.4039 -7.89823 -18.7036
-47.3099 -4.58423 -20.4766
-45.5829 -1.68223 -18.6866
-47.4519 1.33777 -20.1686

-44.9199 3.87577 -18.7366
-41.1519 3.25477 -19.0996
-38.2229 5.40777 -17.9266
-34.7329 4.44277 -19.1686

-31.8779 6.31577 -17.4696
-28.5569 6.68777 -19.3776

-30.2819 5.20077 -22.4976
-26.9809 5.34577 -24.4966
-26.4679 1.81077 -22.9846
-28.9899 0.686774 -25.7046

-26.7739 2.11677 -28.5826
-26.0769 -1.35623 -30.1396
-29.1289 -3.43023 -31.2646
-27.2099 -6.79523 -31.1666
-26.6019 -6.56323 -27.3676

-28.7669 -8.71623 -25.0366
-29.7839 -5.56923 -23.0156
-31.0479 -3.85623 -26.2216
-32.8019 -7.04023 -27.5346
-34.6769 -7.35223 -24.1766
-35.5289 -3.58423 -23.8606
-36.6809 -2.80023 -27.4536
-39.9159 -4.97023 -27.5316
-41.1769 -3.23323 -24.3276
-40.2199 0.280774 -25.5926
-42.1089 -0.273226 -28.9146
-45.3639 -1.37423 -27.1046

-45.2879 0.908774 -23.9936
-47.5879 4.01077 -24.2326

-45.0419 6.43677 -22.6326
-41.2349 6.20577 -23.1576
-38.9849 8.62977 -21.2386
-35.3609 8.09577 -22.3516
-32.6429 10.0318 -20.4406

-28.9549 10.6178 -21.3476
-26.2139 13.2648 -20.9556
-24.5059 11.8538 -24.0656
-27.2179 10.3308 -26.3606
-24.4789 9.53177 -28.8736
-21.0599 8.59677 -27.4056
-19.0369 8.82577 -30.6846
-21.1759 8.36777 -33.8926

-24.7019 8.96477 -35.4126
-25.3609 5.15677 -35.6296
-25.6179 5.03477 -31.7516
-28.8349 7.18277 -31.9076
-30.8439 4.70677 -34.0566
-32.1199 2.52677 -31.1426
-33.1969 5.66077 -29.1716
-34.9539 7.14677 -32.2866
-36.9749 3.91477 -32.9046
-37.7609 3.62677 -29.1426
-39.3199 7.16977 -29.1246

-40.8229 6.89877 -32.7006
-41.2079 3.18277 -33.7856
-42.3879 4.30177 -37.3086
-39.1509 6.26277 -38.0366
-36.5529 4.31677 -40.1206
-38.1159 0.767774 -39.7576
-34.7919 -0.664226 -41.0996

-31.3169 0.533774 -39.9576
-29.9349 0.530774 -43.5606
-32.0819 3.58577 -44.5586
-30.7809 5.52177 -41.4876
-27.1809 4.35377 -42.1966
-27.2439 5.39077 -45.9126
-28.4539 8.91877 -44.9586
-26.6189 9.73277 -41.6706

-23.7259 7.20177 -41.2926
-22.0669 7.68477 -44.7706
-22.7149 3.97577 -45.3866

-20.1379 2.32877 -47.7176
-20.3869 -1.01923 -49.5596
-17.1069 -2.86223 -48.8026

-16.1109 -6.34423 -50.2306
-17.1609 -7.91123 -46.8436

-20.5169 -6.01823 -46.4366
-21.6809 -2.53523 -45.3426
-19.5909 -0.110226 -43.2606

-21.6019 2.36077 -41.0666
-18.6709 3.97677 -39.1076
-19.0019 7.30377 -41.0006
-21.2209 10.3908 -40.6546
-23.3489 12.4508 -43.0936
-26.1039 15.1458 -43.1716

-25.6439 15.8628 -39.3966
-27.4749 19.2608 -39.4956
-30.5749 17.4848 -40.9526
-30.2499 14.7708 -38.2486
-30.0689 17.5388 -35.5556
-33.2769 19.1768 -36.9246
-35.1099 15.7818 -37.0336
-33.9979 14.9588 -33.4466
-35.0569 18.3568 -31.9596
-38.4589 18.4068 -33.7726
-39.6359 14.7978 -33.2376

-37.4049 12.7958 -30.7716

-35.2719 14.8538 -28.3876
-35.3299 17.7478 -25.9166

-31.7269 18.9898 -25.3836
-30.4199 21.9908 -23.3946
-26.8449 22.8258 -22.4206

-25.3189 24.3098 -19.1926
-24.7079 27.5138 -21.2146
-28.4629 27.7628 -22.1146
-29.9029 27.3928 -18.5546

-27.0919 27.8878 -15.9326
-25.1309 31.1228 -16.7636
-23.7169 30.8858 -13.1636
-21.7119 27.6178 -13.5796

-17.9129 28.3118 -13.5946
-16.1599 27.5778 -16.9186

-14.5039 24.2078 -17.6616
-10.8879 25.0558 -18.6396
-9.35092 22.1658 -20.6416
-5.67192 21.6678 -21.5886
-3.30992 19.0588 -22.9906
-0.26892 18.3638 -20.7496
2.55008 16.8098 -22.8046

4.33008 14.6088 -20.2136
8.04508 14.4278 -21.0236

9.02908 11.1968 -22.9466
12.6441 11.6678 -21.6186
11.6061 9.47577 -18.5966

10.5651 6.68677 -21.0816
13.7031 4.50577 -21.0156

15.2091 3.23277 -24.3136
13.8971 -0.385226 -23.7726
10.2751 0.812774 -23.2216
10.5521 3.14277 -26.2826
11.9811 0.297774 -28.4346
9.04308 -1.91923 -27.2496
6.49708 0.815774 -28.2476
8.29408 1.21377 -31.6376
8.20708 -2.61223 -32.0686
4.43408 -2.92123 -31.3206
3.74608 0.130774 -33.5886
5.70108 -1.54523 -36.4756
3.92708 -4.85823 -35.6846
0.43008 -3.30623 -36.2686
1.52108 -1.97523 -39.7396

3.00108 -5.30523 -40.9916
1.17108 -6.40323 -44.1966
1.31208 -10.1832 -43.6616
-0.55892 -10.3442 -40.2766
-4.13192 -11.5722 -39.7696

-6.92792 -9.18523 -38.6156
-6.60892 -10.8472 -35.1526
-2.78692 -10.3882 -34.8636
-3.33792 -6.68623 -35.8346
-5.92692 -6.33323 -32.9596
-3.55892 -8.15323 -30.5226
-0.60992 -5.86123 -31.4796
-2.96092 -2.82323 -31.0236
-3.97592 -4.02523 -27.4996
-0.26092 -4.60623 -26.6926
0.70908 -1.08523 -27.9646
-2.11792 0.453774 -25.8496
-1.16292 -1.49523 -22.6516
2.57008 -0.578226 -23.2186
1.52008 3.11177 -23.5786
-0.13092 2.92277 -20.1186
3.02908 1.34177 -18.5496
5.32908 3.90277 -20.2776
3.33008 6.87677 -18.8316
3.27708 5.68077 -15.1336
6.56408 7.43377 -13.9966
5.62708 10.8668 -15.4686
1.94208 10.5118 -14.4286
3.28308 9.96377 -10.8576
5.75508 12.9068 -11.2446
2.82808 15.1578 -12.3276
0.51608 14.0058 -9.43756
3.32108 14.7738 -6.92656
3.97508 18.2238 -8.55156
0.22608 19.0208 -8.07556
0.35308 18.0098 -4.35056
3.67808 19.8748 -3.76056

2.02008 22.9538 -5.44356
-0.45992 22.9388 -2.46956
-3.62892 21.6418 -4.26056
-6.32292 20.6888 -1.73256
-8.57592 18.3398 -3.85656

-8.35692 16.7448 -7.33756
-9.52492 13.6688 -9.30856
-7.15492 11.3068 -11.1836
-8.74092 9.23977 -13.9876
-7.11992 6.08477 -15.4586

-8.50192 2.78377 -16.9356
-5.62392 0.239774 -16.8806

-5.49292 -1.44423 -13.4276
-1.62992 -1.24223 -13.3696
-1.85992 2.61477 -13.6116
-4.46292 2.79977 -10.7676
-2.30192 0.364774 -8.68156
0.96308 2.34677 -9.23556
-0.71392 5.72577 -8.38956
-2.26692 4.29677 -5.15056
1.06908 2.66377 -4.12056
3.01108 5.96677 -4.54056
0.32508 7.97977 -2.63256
0.54308 5.38877 0.232445
4.40508 5.61277 0.117445

4.11708 9.46777 0.373445
1.44908 9.03577 3.17444
-1.12892 10.9958 1.07244
-4.73292 10.3088 2.14144

-6.73592 9.31777 -0.969555
-9.82092 7.34977 -2.13556
-9.89892 4.63277 -4.85156
-12.9009 3.53177 -6.99556

-12.6349 0.809774 -9.69356
-14.4679 -2.28623 -11.1076
-13.8899 -4.20323 -7.79856
-15.3239 -1.45423 -5.48256
-18.8369 -2.45923 -4.29356
-21.9999 -0.363226 -4.94956
-22.3729 0.744774 -1.26156

-18.6149 1.38677 -0.674555
-18.6239 3.61177 -3.84156
-21.1849 5.94377 -2.17756
-19.3359 5.88877 1.20644
-15.8999 6.67677 -0.401555
-17.6409 9.44577 -2.42456
-18.9749 10.9338 0.875445
-15.4979 10.5508 2.52844
-13.8499 12.5668 -0.339555
-16.6979 15.1668 -0.289555
-16.7719 15.7308 3.52144

-13.1389 15.0678 4.65544
-10.5549 17.8498 3.96944
-7.75192 15.2218 4.41944
-8.56292 13.2178 1.24144
-6.59392 15.1988 -1.37956

-6.73592 12.6748 -4.29256
-9.49592 10.5038 -5.77156
-8.03392 7.64177 -7.90156
-10.8899 6.73177 -10.2746
-11.4639 4.20377 -13.0626

-12.7759 6.09977 -16.1636
-15.2049 3.18977 -16.8726
-16.2679 2.34077 -13.2756
-16.7549 5.93477 -11.9086
-18.4769 7.46377 -15.0416
-21.9379 6.98977 -13.3536
-23.9359 7.94577 -10.2026
-21.1689 9.71177 -8.20756
-20.7199 13.4838 -7.52256
-17.2669 15.0268 -6.81356
-18.1039 18.7618 -6.36756
-15.3939 19.0938 -3.61456
-12.6099 19.0288 -6.28756
-11.7259 21.8338 -8.78456

-9.27892 19.7568 -10.9266
-9.58792 16.5928 -13.0686
-6.42092 14.8258 -14.3536
-6.79792 12.1928 -17.0976

-3.63792 10.0698 -16.6536
-4.84692 8.04977 -19.6846
-6.85792 8.85277 -22.8326
-10.0509 6.88777 -23.6286
-11.1369 6.33377 -27.2956
-14.7829 7.30577 -26.5506

-15.3229 11.0828 -25.9026
-18.7959 10.5348 -24.3396
-17.0949 8.66777 -21.4196
-14.4759 11.4638 -21.0046
-17.3129 14.0918 -20.8506
-19.1929 11.8518 -18.3156
-16.0149 11.8448 -16.1356
-15.5409 15.6958 -16.3676

-19.2389 16.1708 -15.3496
-18.5649 14.3238 -12.0656
-16.9439 17.6038 -10.8006
-18.8759 20.1258 -12.9456
-22.2599 19.6328 -11.1216
-24.7999 21.8068 -9.23856
-22.8759 22.7488 -6.04156
-19.5679 23.5208 -7.86356
-18.3389 27.1208 -7.14956
-14.8169 27.0518 -8.76256
-13.7139 27.0148 -12.4486

-13.0919 23.3338 -13.2716
-9.60192 22.5128 -14.6036
-9.33992 19.4618 -16.9386
-5.77892 18.2098 -17.6796
-5.27492 15.5258 -20.3916
-1.85492 13.8308 -19.8836
-0.32192 12.8148 -23.2866

3.06708 11.3148 -24.3086
4.76808 11.8338 -27.7376
5.87408 8.46877 -29.2616
2.85108 6.49377 -27.8436
-0.82092 5.49377 -28.4696

-1.83292 9.07777 -27.3906
-0.51392 10.4218 -30.7746
-3.29392 8.41377 -32.5846
-5.99292 8.49077 -29.8506
-6.02892 12.3048 -29.4306
-6.83992 13.1468 -33.1446
-9.42492 10.2598 -33.0946
-11.1339 11.6968 -29.9506
-11.1209 15.2098 -31.5676
-12.8139 14.1268 -34.8496
-15.4149 12.2018 -32.7346
-16.2569 15.3368 -30.6156
-16.6169 17.3288 -33.8876
-19.0899 14.6838 -35.2526
-21.0119 14.9498 -31.9206
-20.9969 18.8138 -32.0846
-22.2239 18.8978 -35.7546

-25.0969 16.5758 -34.6376
-25.8969 19.1178 -31.7926
-24.8209 16.5168 -29.1486
-21.8009 18.4238 -27.6726
-20.6259 22.0388 -27.1006
-17.1679 20.5998 -26.3656
-14.6939 21.7358 -29.0106
-11.2539 20.0638 -28.5376
-9.36892 21.8698 -31.4266

-8.36292 24.9588 -29.3446
-6.31492 22.7698 -26.9016
-3.96792 21.4528 -29.6806
-3.11692 24.8498 -31.2396

-1.85192 25.8088 -27.7096
0.63308 22.8358 -27.2866

End chain 1
