-13.201 -6.296 -53.957
-10.703 -3.406 -53.291
-9.54 -3.087 -49.639
-11.02 0.322 -48.639
-8.614 1.85 -46.053
-10.787 3.126 -43.162

-9.634 6.195 -41.181
-10.061 4.9 -37.589
-10.286 6.838 -34.306
-12.195 7.103 -30.979
-14.163 9.439 -28.711
-12.619 10.223 -25.263
-14.157 12.207 -22.344

-11.943 15.248 -21.466
-14.301 16.978 -18.949
-17.827 16.65 -17.399
-19.139 18.761 -20.353

-16.752 17.96 -23.312
-15.482 14.956 -25.281
-12.62 14.751 -27.824
-12.437 12.939 -31.204
-8.982 11.264 -31.393
-8.672 10.357 -35.1

-6.282 10.744 -38.079
-6.98 13.557 -40.6
-9.895 13.022 -43.051

-11.208 15.853 -45.293
-14.92 14.856 -45.011
-14.611 14.37 -41.226
-13.015 17.857 -40.827
-15.875 19.254 -42.999
-18.403 17.482 -40.669
-16.559 18.759 -37.515
-16.844 22.341 -38.957

-20.697 21.797 -39.029
-20.861 21.033 -35.24
-22.116 23.933 -33.104
-20.016 23.255 -29.939
-16.791 22.621 -31.971

-13.393 23.436 -30.391
-10.011 22.816 -32.063
-6.805 22.812 -29.99

-3.883 23.919 -32.209
-1.328 22.314 -29.773
-2.753 18.736 -29.691
-4.334 19.137 -33.217

-7.578 17.622 -31.79
-11.313 18.386 -31.995
-13.683 18.544 -28.991
-17.466 19.001 -28.65
-20.131 19.402 -25.91

-21.257 16.038 -24.476
-24.923 16.743 -25.497
-23.731 16.722 -29.178
-22.178 13.179 -28.839
-25.228 11.354 -30.322
-25.57 14.044 -33.093
-21.852 13.682 -34.021
-21.815 9.829 -34.037
-25.045 9.774 -36.128
-23.507 12.176 -38.75
-20.093 10.348 -38.803

-21.793 6.948 -39.527
-22.962 8.546 -42.834
-19.328 9.196 -43.991
-17.677 6.563 -46.261
-14.251 5.2 -45.121

-14.46 6.789 -41.562
-14.765 4.819 -38.279
-15.142 6.964 -35.114
-15.663 4.659 -32.101

-18.218 6.249 -29.657
-17.862 6.903 -25.912
-18.35 3.469 -24.195
-21.794 2.549 -22.772
-20.235 2.829 -19.255
-19.534 6.58 -19.812
-22.964 7.196 -21.431
-24.623 5.531 -18.378
-22.42 7.523 -15.909

-23.028 10.919 -17.654
-26.668 10.153 -18.714
-27.851 13.482 -17.123

-25.214 15.594 -18.963
-26 13.8 -22.296
-29.631 15.147 -21.909

-29.014 18.802 -20.797
-28.522 21.656 -23.337
-27.494 23.803 -20.296
-24.374 24.206 -18.108
-26.03 23.63 -14.722
-23.195 22.587 -12.38
-23.731 19.355 -10.334

-27.219 19.392 -8.694
-26.798 20.208 -4.988
-26.578 17.032 -2.906
-29.814 16.999 -0.82
-29.276 16.946 2.956
-30.305 13.551 4.343

-32.727 13.25 7.268
-30.389 11.851 9.975
-33.077 12.019 12.787
-33.159 8.159 12.923
-29.32 8.149 13.454
-27.82 8.306 16.969

-27.52 12.074 17.913
-23.991 11.509 19.371
-22.796 10.469 15.867
-24.731 13.185 13.93
-23.402 16.008 16.22
-19.738 14.82 15.861

-19.687 14.822 11.995
-17.445 17.587 10.586

-19.106 19.692 7.763
-17.231 17.783 4.996
-18.064 14.402 6.666
-21.796 15.407 6.677
-21.562 16.318 2.947
-19.943 12.855 2.346
-22.788 11.075 4.244
-25.363 13.084 2.191
-23.555 12.165 -1.104
-23.43 8.459 -0.115
-27.196 8.491 0.728
-28.024 10.343 -2.565

-25.973 7.645 -4.472
-28.214 5.048 -2.67
-25.512 3.7 -0.27

-23.352 2.353 -3.174
-19.956 4.118 -3.237
-16.209 4.012 -2.721
-15.295 6.541 0.021

-11.694 7.195 -1.128

-11.135 10.189 1.225
-7.504 10.605 2.377

-6.048 8.715 5.398
-7.361 9.956 8.784
-10.233 12.169 7.374
-12.706 9.981 9.408

-13.844 7.354 6.831
-15.012 5.081 9.734
-17.363 7.714 11.316
-18.876 8.506 7.854
-19.282 4.738 7.09
-21.02 4.042 10.461
-23.415 6.996 9.798
-24.247 5.855 6.195
-24.846 2.277 7.463
-26.955 3.52 10.461
-29.227 5.531 8.078

-29.9 2.058 6.507

-30.384 0.293 9.981
-33.886 -0.857 8.77
-32.05 -2.956 6.062
-29.626 -4.868 8.41
-27.981 -7.413 9.17

-24.774 -5.448 8.488
-21.551 -7.137 7.269
-18.235 -5.328 7.997
-15.132 -6.739 6.223
-11.829 -5.357 7.603

-8.05 -6.016 7.986
-7.416 -8.82 10.567
-5.856 -6.305 13.093
-8.689 -3.64 13.199

-11.758 -5.868 14.003
-11.895 -4.753 17.675
-11.154 -1.102 16.63
-14.365 -1.304 14.506
-16.414 -2.897 17.375
-15.268 -0.08 19.729
-16.109 2.476 16.969
-19.722 1.111 16.76
-20.082 1.14 20.611
-18.596 4.7 20.723
-20.823 6.195 17.978

-24.121 4.191 18.24
-24.851 3.95 22.056
-28.388 2.791 20.948
-26.764 -0.701 20.406
-26.03 -3.285 23.117

-22.632 -5.104 22.857
-24.638 -8.32 22.08
-25.78 -6.667 18.791

-22.091 -6.816 17.576
-20.505 -10.124 16.488
-16.681 -10.041 16.081

-15.702 -13.116 14.035
-12.316 -14.303 15.372
-12.201 -17.837 13.813
-13.405 -19.799 10.735
-15.769 -21.82 13.07
-17.788 -18.808 14.317
-21.352 -17.917 13.159
-21.075 -14.973 10.701
-24.816 -14.102 11.273
-24.919 -14.166 15.127
-25.108 -10.332 15.536
-27.08 -7.466 13.995

-23.588 -6.14 13.038
-21.065 -8.833 11.965
-17.336 -7.898 11.803
-15.009 -10.302 9.887
-11.529 -10.295 8.291

-10.658 -10.74 4.577
-8.757 -14.009 5.375
-11.833 -15.546 7.113
-14.3 -14.769 4.222

-12.926 -17.715 2.14
-13.287 -20.073 5.183
-16.843 -18.74 5.845
-18.014 -18.815 2.139
-20.731 -21.415 3.044
-22.243 -18.836 5.512
-21.955 -15.894 2.989
-25.071 -17.433 1.278
-27.188 -15.451 3.825
-28.094 -12.137 2.052
-26.367 -9.235 3.842
-28.236 -6.215 2.36

-25.704 -3.677 3.792
-21.936 -4.298 3.429
-19.007 -2.145 4.602
-15.517 -3.11 3.36

-12.662 -1.237 5.059
-9.341 -0.865 3.151

-11.066 -2.352 0.031
-7.765 -2.207 -1.968
-7.252 -5.742 -0.456
-9.774 -6.866 -3.176

-7.558 -5.436 -6.054
-6.861 -8.909 -7.611
-9.913 -10.983 -8.736
-7.994 -14.348 -8.638
-7.386 -14.116 -4.839

-9.551 -16.269 -2.508
-10.568 -13.122 -0.487
-11.832 -11.409 -3.693
-13.586 -14.593 -5.006
-15.461 -14.905 -1.648
-16.313 -11.137 -1.332
-17.465 -10.353 -4.925
-20.7 -12.523 -5.003
-21.961 -10.786 -1.799
-21.004 -7.272 -3.064
-22.893 -7.826 -6.386
-26.148 -8.927 -4.576

-26.072 -6.644 -1.465
-28.372 -3.542 -1.704

-25.826 -1.116 -0.104
-22.019 -1.347 -0.629
-19.769 1.077 1.29
-16.145 0.543 0.177
-13.427 2.479 2.088

-9.739 3.065 1.181
-6.998 5.712 1.573
-5.29 4.301 -1.537
-8.002 2.778 -3.832
-5.263 1.979 -6.345
-1.844 1.044 -4.877
0.179 1.273 -8.156
-1.96 0.815 -11.364

-5.486 1.412 -12.884
-6.145 -2.396 -13.101
-6.402 -2.518 -9.223
-9.619 -0.37 -9.379
-11.628 -2.846 -11.528
-12.904 -5.026 -8.614
-13.981 -1.892 -6.643
-15.738 -0.406 -9.758
-17.759 -3.638 -10.376
-18.545 -3.926 -6.614
-20.104 -0.383 -6.596

-21.607 -0.654 -10.172
-21.992 -4.37 -11.257
-23.172 -3.251 -14.78
-19.935 -1.29 -15.508
-17.337 -3.236 -17.592
-18.9 -6.785 -17.229
-15.576 -8.217 -18.571

-12.101 -7.019 -17.429
-10.719 -7.022 -21.032
-12.866 -3.967 -22.03
-11.565 -2.031 -18.959
-7.965 -3.199 -19.668
-8.028 -2.162 -23.384
-9.238 1.366 -22.43
-7.403 2.18 -19.142

-4.51 -0.351 -18.764
-2.851 0.132 -22.242
-3.499 -3.577 -22.858

-0.922 -5.224 -25.189
-1.171 -8.572 -27.031
2.109 -10.415 -26.274

3.105 -13.897 -27.702
2.055 -15.464 -24.315

-1.301 -13.571 -23.908
-2.465 -10.088 -22.814
-0.375 -7.663 -20.732

0.249966 -4.9556 -18.2863
0.610809 -4.45291 -14.4686
-0.946452 -0.991445 -14.4366
-1.41147 0.305207 -10.9428
-4.78901 0.120117 -9.21991
-8.1647 -0.0763342 -7.43336

-11.0332 -1.91363 -9.1183
-13.4673 -0.778686 -6.4295
-12.3551 2.83514 -6.81161
-12.8167 2.68017 -10.5807
-16.3191 1.25737 -10.1905
-17.2704 4.01077 -7.74983
-16.0008 6.69003 -10.1273
-17.9958 5.21692 -13.007
-21.1628 5.15225 -10.9072
-20.6885 8.78737 -9.9053
-20.2123 9.82518 -13.5301

-17.9813 7.82318 -11.0641

-15.8483 9.88118 -8.6801
-15.9063 12.7752 -6.2091

-12.3033 14.0172 -5.6761
-10.9963 17.0182 -3.6871
-7.42134 17.8532 -2.7131

-5.89534 19.3372 0.514899
-5.28434 22.5412 -1.5071
-9.03934 22.7902 -2.4071
-10.4793 22.4202 1.1529

-7.66834 22.9152 3.7749
-5.70734 26.1502 2.9439
-4.29334 25.9132 6.5439
-2.28834 22.6452 6.1279

1.51066 23.3392 6.1129
3.26366 22.6052 2.7889

4.91966 19.2352 2.0459
8.53566 20.0832 1.0679
10.0727 17.1932 -0.934101
13.7517 16.6952 -1.8811
16.1137 14.0862 -3.2831
19.1547 13.3912 -1.0421
21.9737 11.8372 -3.0971

23.7537 9.63618 -0.506101
27.4687 9.45518 -1.3161

28.4527 6.22418 -3.2391
32.0677 6.69518 -1.9111
31.0297 4.50318 1.1109

29.9887 1.71418 -1.3741
33.1267 -0.466824 -1.3081

34.6327 -1.73982 -4.6061
33.3207 -5.35782 -4.0651
29.6987 -4.15982 -3.5141
29.9757 -1.82982 -6.5751
31.4047 -4.67482 -8.7271
28.4667 -6.89182 -7.5421
25.9207 -4.15682 -8.5401
27.7177 -3.75882 -11.9301
27.6307 -7.58482 -12.3611
23.8577 -7.89382 -11.6131
23.1697 -4.84182 -13.8811
25.1247 -6.51782 -16.7681
23.3507 -9.83082 -15.9771
19.8537 -8.27882 -16.5611
20.9447 -6.94782 -20.0321

22.4247 -10.2778 -21.2841
20.5947 -11.3758 -24.4891
20.7357 -15.1558 -23.9541
18.8647 -15.3168 -20.5691
15.2917 -16.5448 -20.0621

12.4957 -14.1578 -18.9081
12.8147 -15.8198 -15.4451
16.6367 -15.3608 -15.1561
16.0857 -11.6588 -16.1271
13.4967 -11.3058 -13.2521
15.8647 -13.1258 -10.8151
18.8137 -10.8338 -11.7721
16.4627 -7.79582 -11.3161
15.4477 -8.99782 -7.7921
19.1627 -9.57882 -6.9851
20.1327 -6.05782 -8.2571
17.3057 -4.51882 -6.1421
18.2607 -6.46782 -2.9441
21.9937 -5.55082 -3.5111
20.9437 -1.86082 -3.8711
19.2927 -2.04982 -0.411101
22.4527 -3.63082 1.1579
24.7527 -1.06982 -0.570101
22.7537 1.90418 0.875899
22.7007 0.708176 4.5739
25.9877 2.46118 5.7109
25.0507 5.89418 4.2389
21.3657 5.53918 5.2789
22.7067 4.99118 8.8499
25.1787 7.93418 8.4629
22.2517 10.1852 7.3799
19.9397 9.03318 10.2699
22.7447 9.80118 12.7809
23.3987 13.2512 11.1559
19.6497 14.0482 11.6319
19.7767 13.0372 15.3569
23.1017 14.9022 15.9469

21.4437 17.9812 14.2639
18.9637 17.9662 17.2379
15.7947 16.6692 15.4469
13.1007 15.7162 17.9749
10.8477 13.3672 15.8509

11.0667 11.7722 12.3699
9.89866 8.69618 10.3989
12.2687 6.33418 8.5239
10.6827 4.26718 5.7199
12.3037 1.11218 4.2489

10.9217 -2.18882 2.7719
13.7997 -4.73282 2.8269

13.9307 -6.41682 6.2799
17.7937 -6.21482 6.3379
17.5637 -2.35782 6.0959
14.9607 -2.17282 8.9399
17.1217 -4.60782 11.0259
20.3867 -2.62582 10.4719
18.7097 0.753176 11.3179
17.1567 -0.675824 14.5569
20.4927 -2.30882 15.5869
22.4347 0.994176 15.1669
19.7487 3.00718 17.0749
19.9667 0.416176 19.9399
23.8287 0.640176 19.8249

23.5407 4.49518 20.0809
20.8727 4.06318 22.8819
18.2947 6.02318 20.7799
14.6907 5.33618 21.8489

12.6877 4.34518 18.7379
9.60266 2.37718 17.5719
9.52466 -0.339824 14.8559
6.52266 -1.44082 12.7119

6.78866 -4.16282 10.0139
4.95566 -7.25882 8.5999
5.53366 -9.17582 11.9089
4.09966 -6.42682 14.2249
0.586658 -7.43182 15.4139
-2.57634 -5.33582 14.7579
-2.94934 -4.22782 18.4459

0.808658 -3.58582 19.0329
0.799658 -1.36082 15.8659
-1.76134 0.971176 17.5299
0.0876576 0.916176 20.9139
3.52366 1.70418 19.3059
1.78266 4.47318 17.2829
0.448658 5.96118 20.5829
3.92566 5.57818 22.2359
5.57366 7.59418 19.3679
2.72566 10.1942 19.4179
2.65166 10.7582 23.2289

6.28466 10.0952 24.3629
8.86866 12.8772 23.6769
11.6717 10.2492 24.1269
10.8607 8.24518 20.9489
12.8297 10.2262 18.3279

12.6877 7.70218 15.4149
9.92766 5.53118 13.9359
11.3897 2.66918 11.8059
8.53366 1.75918 9.4329
7.95966 -0.768824 6.6449

6.64766 1.12718 3.5439
4.21866 -1.78282 2.8349
3.15566 -2.63182 6.4319
2.66866 0.962176 7.7989
0.946658 2.49118 4.6659
-2.51434 2.01718 6.3539
-4.51234 2.97318 9.5049
-1.74534 4.73918 11.4999
-1.29634 8.51118 12.1849
2.15666 10.0542 12.8939
1.31966 13.7892 13.3399
4.02966 14.1212 16.0929
6.81366 14.0562 13.4199
7.69766 16.8612 10.9229

10.1447 14.7842 8.7809
9.83566 11.6202 6.6389
13.0027 9.85318 5.3539
12.6257 7.22018 2.6099

15.7857 5.09718 3.0539
14.5767 3.07718 0.0228993
12.5657 3.88018 -3.1251
9.37266 1.91518 -3.9211
8.28666 1.36118 -7.5881
4.64066 2.33318 -6.8431

4.10066 6.11018 -6.1951
0.627658 5.56218 -4.6321
2.32866 3.69518 -1.7121
4.94766 6.49118 -1.2971
2.11066 9.11918 -1.1431
0.230658 6.87918 1.3919
3.40866 6.87218 3.5719
3.88266 10.7232 3.3399

0.184658 11.1982 4.3579
0.858658 9.35118 7.6419
2.47966 12.6312 8.9069
0.547658 15.1532 6.7619
-2.83634 14.6602 8.5859
-5.37634 16.8342 10.4689
-3.45234 17.7762 13.6659
-0.144342 18.5482 11.8439
1.08466 22.1482 12.5579
4.60666 22.0792 10.9449
5.70966 22.0422 7.2589

6.33166 18.3612 6.4359
9.82166 17.5402 5.1039
10.0837 14.4892 2.7689
13.6447 13.2372 2.0279
14.1487 10.5532 -0.684101
17.5687 8.85818 -0.176101
19.1017 7.84218 -3.5791

22.4907 6.34218 -4.6011
24.1917 6.86118 -8.0301
25.2977 3.49618 -9.5541
22.2747 1.52118 -8.1361
18.6027 0.521176 -8.7621

17.5907 4.10518 -7.6831
18.9097 5.44918 -11.0671
16.1297 3.44118 -12.8771
13.4307 3.51818 -10.1431
13.3947 7.33218 -9.7231
12.5837 8.17418 -13.4371
9.99866 5.28718 -13.3871
8.28966 6.72418 -10.2431
8.30266 10.2372 -11.8601
6.60966 9.15418 -15.1421
4.00866 7.22918 -13.0271
3.16666 10.3642 -10.9081
2.80666 12.3562 -14.1801
0.333658 9.71118 -15.5451
-1.58834 9.97718 -12.2131
-1.57334 13.8412 -12.3771
-2.80034 13.9252 -16.0471

-5.67334 11.6032 -14.9301
-6.47334 14.1452 -12.0851
-5.39734 11.5442 -9.4411
-2.37734 13.4512 -7.9651
-1.20234 17.0662 -7.3931
2.25566 15.6272 -6.6581
4.72966 16.7632 -9.3031
8.16966 15.0912 -8.8301
10.0547 16.8972 -11.7191

11.0607 19.9862 -9.6371
13.1087 17.7972 -7.1941
15.4557 16.4802 -9.9731
16.3067 19.8772 -11.5321

17.5717 20.8362 -8.0021
20.0567 17.8632 -7.5791

End chain 1
