-13.201 -6.296 -53.957
-10.703 -3.406 -53.291
-9.54 -3.087 -49.639
-11.02 0.322 -48.639
-8.614 1.85 -46.053
-10.787 3.126 -43.162

-9.634 6.195 -41.181
-10.061 4.9 -37.589
-10.286 6.838 -34.306
-12.195 7.103 -30.979
-14.163 9.439 -28.711
-12.619 10.223 -25.263
-14.157 12.207 -22.344

-11.943 15.248 -21.466
-14.301 16.978 -18.949
-17.827 16.65 -17.399
-19.139 18.761 -20.353

-16.752 17.96 -23.312
-15.482 14.956 -25.281
-12.62 14.751 -27.824
-12.437 12.939 -31.204
-8.982 11.264 -31.393
-8.672 10.357 -35.1

-6.282 10.744 -38.079
-6.98 13.557 -40.6
-9.895 13.022 -43.051

-11.208 15.853 -45.293
-14.92 14.856 -45.011
-14.611 14.37 -41.226
-13.015 17.857 -40.827
-15.875 19.254 -42.999
-18.403 17.482 -40.669
-16.559 18.759 -37.515
-16.844 22.341 -38.957

-20.697 21.797 -39.029
-20.861 21.033 -35.24
-22.116 23.933 -33.104
-20.016 23.255 -29.939
-16.791 22.621 -31.971

-13.393 23.436 -30.391
-10.011 22.816 -32.063
-6.805 22.812 -29.99

-3.883 23.919 -32.209
-1.328 22.314 -29.773
-2.753 18.736 -29.691
-4.334 19.137 -33.217

-7.578 17.622 -31.79
-11.313 18.386 -31.995
-13.683 18.544 -28.991
-17.466 19.001 -28.65
-20.131 19.402 -25.91

-21.257 16.038 -24.476
-24.923 16.743 -25.497
-23.731 16.722 -29.178
-22.178 13.179 -28.839
-25.228 11.354 -30.322
-25.57 14.044 -33.093
-21.852 13.682 -34.021
-21.815 9.829 -34.037
-25.045 9.774 -36.128
-23.507 12.176 -38.75
-20.093 10.348 -38.803

-21.793 6.948 -39.527
-22.962 8.546 -42.834
-19.328 9.196 -43.991
-17.677 6.563 -46.261
-14.251 5.2 -45.121

-14.46 6.789 -41.562
-14.765 4.819 -38.279
-15.142 6.964 -35.114
-15.663 4.659 -32.101

-18.218 6.249 -29.657
-17.862 6.903 -25.912
-18.35 3.469 -24.195
-21.794 2.549 -22.772
-20.235 2.829 -19.255
-19.534 6.58 -19.812
-22.964 7.196 -21.431
-24.623 5.531 -18.378
-22.42 7.523 -15.909

-23.028 10.919 -17.654
-26.668 10.153 -18.714
-27.851 13.482 -17.123

-25.214 15.594 -18.963
-26 13.8 -22.296
-29.631 15.147 -21.909

-29.014 18.802 -20.797
-28.522 21.656 -23.337
-27.494 23.803 -20.296
-24.374 24.206 -18.108
-26.03 23.63 -14.722
-23.195 22.587 -12.38
-23.731 19.355 -10.334

-27.219 19.392 -8.694
-26.798 20.208 -4.988
-26.578 17.032 -2.906
-29.814 16.999 -0.82
-29.276 16.946 2.956
-30.305 13.551 4.343

-32.727 13.25 7.268
-30.389 11.851 9.975
-33.077 12.019 12.787
-33.159 8.159 12.923
-29.32 8.149 13.454
-27.82 8.306 16.969

-27.52 12.074 17.913
-23.991 11.509 19.371
-22.796 10.469 15.867
-24.731 13.185 13.93
-23.402 16.008 16.22
-19.738 14.82 15.861

-19.687 14.822 11.995
-17.445 17.587 10.586

-19.106 19.692 7.763
-17.231 17.783 4.996
-18.064 14.402 6.666
-21.796 15.407 6.677
-21.562 16.318 2.947
-19.943 12.855 2.346
-22.788 11.075 4.244
-25.363 13.084 2.191
-23.555 12.165 -1.104
-23.43 8.459 -0.115
-27.196 8.491 0.728
-28.024 10.343 -2.565

-25.973 7.645 -4.472
-28.214 5.048 -2.67
-25.512 3.7 -0.27

-23.352 2.353 -3.174
-19.956 4.118 -3.237
-16.209 4.012 -2.721
-15.295 6.541 0.021

-11.694 7.195 -1.128

-11.135 10.189 1.225
-7.504 10.605 2.377

-6.048 8.715 5.398
-7.361 9.956 8.784
-10.233 12.169 7.374
-12.706 9.981 9.408

-13.844 7.354 6.831
-15.012 5.081 9.734
-17.363 7.714 11.316
-18.876 8.506 7.854
-19.282 4.738 7.09
-21.02 4.042 10.461
-23.415 6.996 9.798
-24.247 5.855 6.195
-24.846 2.277 7.463
-26.955 3.52 10.461
-29.227 5.531 8.078

-29.9 2.058 6.507

-30.384 0.293 9.981
-33.886 -0.857 8.77
-32.05 -2.956 6.062
-29.626 -4.868 8.41
-27.981 -7.413 9.17

-24.774 -5.448 8.488
-21.551 -7.137 7.269
-18.235 -5.328 7.997
-15.132 -6.739 6.223
-11.829 -5.357 7.603

-8.05 -6.016 7.986
-7.416 -8.82 10.567
-5.856 -6.305 13.093
-8.689 -3.64 13.199

-11.758 -5.868 14.003
-11.895 -4.753 17.675
-11.154 -1.102 16.63
-14.365 -1.304 14.506
-16.414 -2.897 17.375
-15.268 -0.08 19.729
-16.109 2.476 16.969
-19.722 1.111 16.76
-20.082 1.14 20.611
-18.596 4.7 20.723
-20.823 6.195 17.978

-24.121 4.191 18.24
-24.851 3.95 22.056
-28.388 2.791 20.948
-26.764 -0.701 20.406
-26.03 -3.285 23.117

-22.632 -5.104 22.857
-24.638 -8.32 22.08
-25.78 -6.667 18.791

-22.091 -6.816 17.576
-20.505 -10.124 16.488
-16.681 -10.041 16.081

-15.702 -13.116 14.035
-12.316 -14.303 15.372
-12.201 -17.837 13.813
-13.405 -19.799 10.735
-15.769 -21.82 13.07
-17.788 -18.808 14.317
-21.352 -17.917 13.159
-21.075 -14.973 10.701
-24.816 -14.102 11.273
-24.919 -14.166 15.127
-25.108 -10.332 15.536
-27.08 -7.466 13.995

-23.588 -6.14 13.038
-21.065 -8.833 11.965
-17.336 -7.898 11.803
-15.009 -10.302 9.887
-11.529 -10.295 8.291

-10.658 -10.74 4.577
-8.757 -14.009 5.375
-11.833 -15.546 7.113
-14.3 -14.769 4.222

-11.7042 -16.5402 2.18527
-11.1223 -19.7524 4.29722
-10.5412 -22.8824 6.43145
-12.1191 -26.3134 5.94705
-8.8452 -26.8722 4.17941
-6.06436 -24.8613 5.63396
-2.36498 -25.0702 4.53864
-0.95006 -21.7857 3.4017
1.54901 -22.6921 6.17831
2.26561 -26.4607 6.80012
2.12618 -27.0835 3.11897
0.814801 -30.3341 1.68921

-0.415021 -33.9032 1.2097
-3.04908 -36.4478 1.79799
-2.56947 -40.1531 2.22426
0.615436 -40.9905 4.26704

3.47044 -39.1175 5.96604
6.79144 -38.7455 4.05804

5.06644 -40.2325 0.938036
8.36744 -40.0875 -1.06096
8.88044 -43.6225 0.451036
6.35844 -44.7465 -2.26896

8.57444 -43.3165 -5.14696
9.27144 -46.7895 -6.70396
6.21944 -48.8635 -7.82896
8.13844 -52.2285 -7.73096
8.74644 -51.9965 -3.93196

6.58144 -54.1495 -1.60096
5.56444 -51.0025 0.420036
4.30044 -49.2895 -2.78596
2.54644 -52.4735 -4.09896
0.671436 -52.7855 -0.740964
-0.180564 -49.0175 -0.424964
-1.33256 -48.2335 -4.01796
-4.56756 -50.4035 -4.09596
-5.82856 -48.6665 -0.891964
-4.87156 -45.1525 -2.15696
-6.76056 -45.7065 -5.47896
-10.0156 -46.8075 -3.66896

-9.93956 -44.5245 -0.557964
-12.2396 -41.4225 -0.796964

-9.69356 -38.9965 0.803036
-5.88656 -39.2275 0.278036
-3.63656 -36.8035 2.19704
-0.0125635 -37.3375 1.08404
2.70544 -35.4015 2.99504

6.39344 -34.8155 2.08804
9.13444 -32.1685 2.48004
10.8424 -33.5795 -0.629964
8.13044 -35.1025 -2.92496
10.8694 -35.9015 -5.43796
14.2884 -36.8365 -3.96996
16.3114 -36.6075 -7.24896
14.1724 -37.0655 -10.457

10.6464 -36.4685 -11.977
9.98744 -40.2765 -12.194
9.73044 -40.3985 -8.31596
6.51344 -38.2505 -8.47196
4.50444 -40.7265 -10.621
3.22844 -42.9065 -7.70696
2.15144 -39.7725 -5.73596
0.394436 -38.2865 -8.85096
-1.62656 -41.5185 -9.46896
-2.41256 -41.8065 -5.70696
-3.97156 -38.2635 -5.68896

-5.47456 -38.5345 -9.26496
-5.85956 -42.2505 -10.35
-7.03956 -41.1315 -13.873
-3.80256 -39.1705 -14.601
-1.20456 -41.1165 -16.685
-2.76756 -44.6655 -16.322
0.556436 -46.0975 -17.664

4.03144 -44.8995 -16.522
5.41344 -44.9025 -20.125
3.26644 -41.8475 -21.123
4.56744 -39.9115 -18.052
8.16744 -41.0795 -18.761
8.10444 -40.0425 -22.477
6.89444 -36.5145 -21.523
8.72944 -35.7005 -18.235

11.6224 -38.2315 -17.857
13.2814 -37.7485 -21.335
12.6334 -41.4575 -21.951

15.2104 -43.1045 -24.282
14.9614 -46.4525 -26.124
18.2414 -48.2955 -25.367

19.2374 -51.7775 -26.795
18.1874 -53.3445 -23.408

14.8314 -51.4515 -23.001
13.6674 -47.9685 -21.907
15.7574 -45.5435 -19.825

13.7464 -43.0725 -17.631
16.6774 -41.4565 -15.672
16.3464 -38.1295 -17.565
14.1274 -35.0425 -17.219
11.9994 -32.9825 -19.658
9.24444 -30.2875 -19.736

9.70444 -29.5705 -15.961
7.87344 -26.1725 -16.06
4.77344 -27.9485 -17.517
5.09844 -30.6625 -14.813
5.27944 -27.8945 -12.12
2.07144 -26.2565 -13.489
0.238436 -29.6515 -13.598
1.35044 -30.4745 -10.011
0.291436 -27.0765 -8.52396
-3.11056 -27.0265 -10.337
-4.28756 -30.6355 -9.80196

-2.05656 -32.6375 -7.33596

0.0764365 -30.5795 -4.95196
0.0184365 -27.6855 -2.48096

3.62144 -26.4435 -1.94796
4.92844 -23.4425 0.041036
8.50344 -22.6075 1.01504

10.0294 -21.1235 4.24304
10.6404 -17.9195 2.22104
6.88544 -17.6705 1.32104
5.44544 -18.0405 4.88104

8.25644 -17.5455 7.50304
10.2174 -14.3105 6.67204
11.6314 -14.5475 10.272
13.6364 -17.8155 9.85604

17.4354 -17.1215 9.84104
19.1884 -17.8555 6.51704

20.8444 -21.2255 5.77404
24.4604 -20.3775 4.79604
25.9974 -23.2675 2.79404
29.6764 -23.7655 1.84704
32.0384 -26.3745 0.445036
35.0794 -27.0695 2.68604
37.8984 -28.6235 0.631036

39.6784 -30.8245 3.22204
43.3934 -31.0055 2.41204

44.3774 -34.2365 0.489036
47.9924 -33.7655 1.81704
46.9544 -35.9575 4.83904

45.9134 -38.7465 2.35404
49.0514 -40.9275 2.42004

50.5574 -42.2005 -0.877964
49.2454 -45.8185 -0.336964
45.6234 -44.6205 0.214036
45.9004 -42.2905 -2.84696
47.3294 -45.1355 -4.99896
44.3914 -47.3525 -3.81396
41.8454 -44.6175 -4.81196
43.6424 -44.2195 -8.20196
43.5554 -48.0455 -8.63296
39.7824 -48.3545 -7.88496
39.0944 -45.3025 -10.153
41.0494 -46.9785 -13.04
39.2754 -50.2915 -12.249
35.7784 -48.7395 -12.833
36.8694 -47.4085 -16.304

38.3494 -50.7385 -17.556
36.5194 -51.8365 -20.761
36.6604 -55.6165 -20.226
34.7894 -55.7775 -16.841
31.2164 -57.0055 -16.334

28.4204 -54.6185 -15.18
28.7394 -56.2805 -11.717
32.5614 -55.8215 -11.428
32.0104 -52.1195 -12.399
29.4214 -51.7665 -9.52396
31.7894 -53.5865 -7.08696
34.7384 -51.2945 -8.04396
32.3874 -48.2565 -7.58796
31.3724 -49.4585 -4.06396
35.0874 -50.0395 -3.25696
36.0574 -46.5185 -4.52896
33.2304 -44.9795 -2.41396
34.1854 -46.9285 0.784036
37.9184 -46.0115 0.217036
36.8684 -42.3215 -0.142964
35.2174 -42.5105 3.31704
38.3774 -44.0915 4.88604
40.6774 -41.5305 3.15804
38.6784 -38.5565 4.60404
38.6254 -39.7525 8.30204
41.9124 -37.9995 9.43904
40.9754 -34.5665 7.96704
37.2904 -34.9215 9.00704
38.6314 -35.4695 12.578
41.1034 -32.5265 12.191
38.1764 -30.2755 11.108
35.8644 -31.4275 13.998
38.6694 -30.6595 16.509
39.3234 -27.2095 14.884
35.5744 -26.4125 15.36
35.7014 -27.4235 19.085
39.0264 -25.5585 19.675

37.3684 -22.4795 17.992
34.8884 -22.4945 20.966
31.7194 -23.7915 19.175
29.0254 -24.7445 21.703
26.7724 -27.0935 19.579

26.9914 -28.6885 16.098
25.8234 -31.7645 14.127
28.1934 -34.1265 12.252
26.6074 -36.1935 9.44804
28.2284 -39.3485 7.97704

26.8464 -42.6495 6.50004
29.7244 -45.1935 6.55504

29.8554 -46.8775 10.008
33.7184 -46.6755 10.066
33.4884 -42.8185 9.82404
30.8854 -42.6335 12.668
33.0464 -45.0685 14.754
36.3114 -43.0865 14.2
34.6344 -39.7075 15.046
33.0814 -41.1365 18.285
36.4174 -42.7695 19.315
38.3594 -39.4665 18.895
35.6734 -37.4535 20.803
35.8914 -40.0445 23.668
39.7534 -39.8205 23.553

39.4654 -35.9655 23.809
36.7974 -36.3975 26.61
34.2194 -34.4375 24.508
30.6154 -35.1245 25.577

28.6124 -36.1155 22.466
25.5274 -38.0835 21.3
25.4494 -40.8005 18.584
22.4474 -41.9015 16.44

22.7134 -44.6235 13.742
20.8804 -47.7195 12.328
21.4584 -49.6365 15.637
20.0244 -46.8875 17.953
16.5114 -47.8925 19.142
13.3484 -45.7965 18.486
12.9754 -44.6885 22.174

16.7334 -44.0465 22.761
16.7244 -41.8215 19.594
14.1634 -39.4895 21.258
16.0124 -39.5445 24.642
19.4484 -38.7565 23.034
17.7074 -35.9875 21.011
16.3734 -34.4995 24.311
19.8504 -34.8825 25.964
21.4984 -32.8665 23.096
18.6504 -30.2665 23.146
18.5764 -29.7025 26.957

22.2094 -30.3655 28.091
24.7934 -27.5835 27.405
27.5964 -30.2115 27.855
26.7854 -32.2155 24.677
28.7544 -30.2345 22.056

28.6124 -32.7585 19.143
25.8524 -34.9295 17.664
27.3144 -37.7915 15.534
24.4584 -38.7015 13.161
23.8844 -41.2295 10.373

22.5724 -39.3335 7.27204
20.1434 -42.2435 6.56304
19.0804 -43.0925 10.16
18.5934 -39.4985 11.527
16.8714 -37.9695 8.39404
13.4104 -38.4435 10.082
11.4124 -37.4875 13.233
14.1794 -35.7215 15.228
14.6284 -31.9495 15.913
18.0814 -30.4065 16.622
17.2444 -26.6715 17.068
19.9544 -26.3395 19.821
22.7384 -26.4045 17.148
23.6224 -23.5995 14.651

26.0694 -25.6765 12.509
25.7604 -28.8405 10.367
28.9274 -30.6075 9.08204
28.5504 -33.2405 6.33804

31.7104 -35.3635 6.78204
30.5014 -37.3835 3.75104
28.4904 -36.5805 0.603036
25.2974 -38.5455 -0.192964
24.2114 -39.0995 -3.85996
20.5654 -38.1275 -3.11496

20.0254 -34.3505 -2.46696
16.5524 -34.8985 -0.903964
18.2534 -36.7655 2.01604
20.8724 -33.9695 2.43104
18.0354 -31.3415 2.58504
16.1554 -33.5815 5.12004
19.3334 -33.5885 7.30004
19.8074 -29.7375 7.06804

16.1094 -29.2625 8.08604
16.7834 -31.1095 11.37
18.4044 -27.8295 12.635
16.4724 -25.3075 10.49
13.0884 -25.8005 12.314
10.5484 -23.6265 14.197
12.4724 -22.6845 17.394
15.7804 -21.9125 15.572
17.0094 -18.3125 16.286
20.5314 -18.3815 14.673
21.6344 -18.4185 10.987

22.2564 -22.0995 10.164
25.7464 -22.9205 8.83204
26.0084 -25.9715 6.49704
29.5694 -27.2235 5.75604
30.0734 -29.9075 3.04404
33.4934 -31.6025 3.55204
35.0264 -32.6185 0.149036

38.4154 -34.1185 -0.872964
40.1164 -33.5995 -4.30196
41.2224 -36.9645 -5.82596
38.1994 -38.9395 -4.40796
34.5274 -39.9395 -5.03396

33.5154 -36.3555 -3.95496
34.8344 -35.0115 -7.33896
32.0544 -37.0195 -9.14896
29.3554 -36.9425 -6.41496
29.3194 -33.1285 -5.99496
28.5084 -32.2865 -9.70896
25.9234 -35.1735 -9.65896
24.2144 -33.7365 -6.51496
24.2274 -30.2235 -8.13196
22.5344 -31.3065 -11.414
19.9334 -33.2315 -9.29896
19.0914 -30.0965 -7.17996
18.7314 -28.1045 -10.452
16.2584 -30.7495 -11.817
14.3364 -30.4835 -8.48496
14.3514 -26.6195 -8.64896
13.1244 -26.5355 -12.319

10.2514 -28.8575 -11.202
9.45144 -26.3155 -8.35696
10.5274 -28.9165 -5.71296
13.5474 -27.0095 -4.23696
14.7224 -23.3945 -3.66496
18.1804 -24.8335 -2.92996
20.6544 -23.6975 -5.57496
24.0944 -25.3695 -5.10196
25.9794 -23.5635 -7.99096

26.9854 -20.4745 -5.90896
29.0334 -22.6635 -3.46596
31.3804 -23.9805 -6.24496
32.2314 -20.5835 -7.80396

33.4964 -19.6245 -4.27396
35.9814 -22.5975 -3.85096

End chain 1
