-13.201 -6.296 -53.957
-10.703 -3.406 -53.291
-9.54 -3.087 -49.639
-11.02 0.322 -48.639
-8.614 1.85 -46.053
-10.787 3.126 -43.162

-9.634 6.195 -41.181
-10.061 4.9 -37.589
-10.286 6.838 -34.306
-12.195 7.103 -30.979
-14.163 9.439 -28.711
-12.619 10.223 -25.263
-14.157 12.207 -22.344

-11.943 15.248 -21.466
-14.301 16.978 -18.949
-17.827 16.65 -17.399
-19.139 18.761 -20.353

-16.752 17.96 -23.312
-15.482 14.956 -25.281
-12.62 14.751 -27.824
-12.437 12.939 -31.204
-8.982 11.264 -31.393
-8.672 10.357 -35.1

-6.282 10.744 -38.079
-6.98 13.557 -40.6
-9.895 13.022 -43.051

-11.208 15.853 -45.293
-14.92 14.856 -45.011
-14.611 14.37 -41.226
-13.015 17.857 -40.827
-15.875 19.254 -42.999
-18.403 17.482 -40.669
-16.559 18.759 -37.515
-16.844 22.341 -38.957

-20.697 21.797 -39.029
-20.861 21.033 -35.24
-22.116 23.933 -33.104
-20.016 23.255 -29.939
-16.791 22.621 -31.971

-13.393 23.436 -30.391
-10.011 22.816 -32.063
-6.805 22.812 -29.99

-3.883 23.919 -32.209
-1.328 22.314 -29.773
-2.753 18.736 -29.691
-4.334 19.137 -33.217

-7.578 17.622 -31.79
-11.313 18.386 -31.995
-13.683 18.544 -28.991
-17.466 19.001 -28.65
-20.131 19.402 -25.91

-21.257 16.038 -24.476
-24.923 16.743 -25.497
-23.731 16.722 -29.178
-22.178 13.179 -28.839
-25.228 11.354 -30.322
-25.57 14.044 -33.093
-21.852 13.682 -34.021
-21.815 9.829 -34.037
-25.045 9.774 -36.128
-23.507 12.176 -38.75
-20.093 10.348 -38.803

-21.793 6.948 -39.527
-22.962 8.546 -42.834
-19.328 9.196 -43.991
-17.677 6.563 -46.261
-14.251 5.2 -45.121

-14.46 6.789 -41.562
-14.765 4.819 -38.279
-15.142 6.964 -35.114
-15.663 4.659 -32.101

-18.218 6.249 -29.657
-17.862 6.903 -25.912
-18.35 3.469 -24.195
-21.794 2.549 -22.772
-20.235 2.829 -19.255
-19.534 6.58 -19.812
-22.964 7.196 -21.431
-24.623 5.531 -18.378
-22.42 7.523 -15.909

-23.028 10.919 -17.654
-26.668 10.153 -18.714
-27.851 13.482 -17.123

-25.214 15.594 -18.963
-26 13.8 -22.296
-29.631 15.147 -21.909

-29.014 18.802 -20.797
-28.522 21.656 -23.337
-27.494 23.803 -20.296
-24.374 24.206 -18.108
-26.03 23.63 -14.722
-23.195 22.587 -12.38
-23.731 19.355 -10.334

-27.219 19.392 -8.694
-26.798 20.208 -4.988
-26.578 17.032 -2.906
-29.814 16.999 -0.82
-29.276 16.946 2.956
-30.305 13.551 4.343

-32.727 13.25 7.268
-30.389 11.851 9.975
-33.077 12.019 12.787
-33.159 8.159 12.923
-29.32 8.149 13.454
-27.82 8.306 16.969

-27.52 12.074 17.913
-23.991 11.509 19.371
-22.796 10.469 15.867
-24.731 13.185 13.93
-23.402 16.008 16.22
-19.738 14.82 15.861

-19.687 14.822 11.995
-17.445 17.587 10.586

-19.106 19.692 7.763
-17.231 17.783 4.996
-18.064 14.402 6.666
-21.796 15.407 6.677
-21.562 16.318 2.947
-19.943 12.855 2.346
-22.788 11.075 4.244
-25.363 13.084 2.191
-23.555 12.165 -1.104
-23.43 8.459 -0.115
-27.196 8.491 0.728
-28.024 10.343 -2.565

-25.973 7.645 -4.472
-28.214 5.048 -2.67
-25.512 3.7 -0.27

-23.352 2.353 -3.174
-19.956 4.118 -3.237
-16.209 4.012 -2.721
-15.295 6.541 0.021

-11.694 7.195 -1.128

-11.135 10.189 1.225
-7.504 10.605 2.377

-6.048 8.715 5.398
-7.361 9.956 8.784
-10.233 12.169 7.374
-12.706 9.981 9.408

-13.844 7.354 6.831
-15.012 5.081 9.734
-17.363 7.714 11.316
-18.876 8.506 7.854
-19.282 4.738 7.09
-21.02 4.042 10.461
-23.415 6.996 9.798
-24.247 5.855 6.195
-24.846 2.277 7.463
-26.955 3.52 10.461
-29.227 5.531 8.078

-29.9 2.058 6.507

-30.384 0.293 9.981
-33.886 -0.857 8.77
-32.05 -2.956 6.062
-29.626 -4.868 8.41
-27.981 -7.413 9.17

-24.774 -5.448 8.488
-21.551 -7.137 7.269
-18.235 -5.328 7.997
-15.132 -6.739 6.223
-11.829 -5.357 7.603

-8.05 -6.016 7.986
-7.416 -8.82 10.567
-5.856 -6.305 13.093
-8.689 -3.64 13.199

-11.758 -5.868 14.003
-11.895 -4.753 17.675
-11.154 -1.102 16.63
-14.365 -1.304 14.506
-16.414 -2.897 17.375
-15.268 -0.08 19.729
-16.109 2.476 16.969
-19.722 1.111 16.76
-20.082 1.14 20.611
-18.596 4.7 20.723
-20.823 6.195 17.978

-23.7535 4.70726 19.8966
-24.4443 4.79023 23.6549
-21.0212 3.13361 24.3454
-20.4308 0.997686 27.4738
-18.1316 -1.64476 28.7887

-21.1337 -3.87954 29.4487
-22.3676 -1.57207 32.2048
-22.0643 1.4606 29.9346

-18.3753 1.3116 28.7196
-16.7893 -1.9964 27.6316
-12.9653 -1.9134 27.2246

-11.9863 -4.9884 25.1786
-8.60028 -6.1754 26.5156
-8.48528 -9.7094 24.9566
-9.68928 -11.6714 21.8786
-12.0533 -13.6924 24.2136
-14.0723 -10.6804 25.4606
-17.6363 -9.7894 24.3026
-17.3593 -6.8454 21.8446
-21.1003 -5.9744 22.4166
-21.2033 -6.0384 26.2706
-21.3923 -2.2044 26.6796
-23.3643 0.661599 25.1386

-19.8723 1.9876 24.1816
-17.3493 -0.705401 23.1086
-13.6203 0.229599 22.9466
-11.2933 -2.1744 21.0306
-7.81328 -2.1674 19.4346

-6.94228 -2.6124 15.7206
-5.04128 -5.8814 16.5186
-8.11728 -7.4184 18.2566
-10.5843 -6.6414 15.3656

-9.21028 -9.5874 13.2836
-9.57128 -11.9454 16.3266
-13.1273 -10.6124 16.9886
-14.2983 -10.6874 13.2826
-17.0153 -13.2874 14.1876
-18.5273 -10.7084 16.6556
-18.2393 -7.7664 14.1326
-21.3553 -9.3054 12.4216
-23.4723 -7.3234 14.9686
-24.3783 -4.0094 13.1956
-22.6513 -1.1074 14.9856
-24.5203 1.9126 13.5036

-21.9883 4.4506 14.9356
-18.2203 3.8296 14.5726
-15.2913 5.9826 15.7456
-11.8013 5.0176 14.5036

-8.94628 6.8906 16.2026
-5.62528 7.2626 14.2946

-7.35028 5.7756 11.1746
-4.04928 5.9206 9.17562
-3.53628 2.3856 10.6876
-6.05828 1.2616 7.96762

-3.84228 2.6916 5.08962
-3.14528 -0.781401 3.53262
-6.19728 -2.8554 2.40762
-4.27828 -6.2204 2.50562
-3.67028 -5.9884 6.30462

-5.83528 -8.1414 8.63562
-6.85228 -4.9944 10.6566
-8.11628 -3.2814 7.45062
-9.87028 -6.4654 6.13762
-11.7453 -6.7774 9.49562
-12.5973 -3.0094 9.81162
-13.7493 -2.2254 6.21862
-16.9843 -4.3954 6.14062
-18.2453 -2.6584 9.34462
-17.2883 0.855599 8.07962
-19.1773 0.301599 4.75762
-22.4323 -0.799401 6.56762

-22.3563 1.4836 9.67862
-24.6563 4.5856 9.43962

-22.1103 7.0116 11.0396
-18.3033 6.7806 10.5146
-16.0533 9.2046 12.4336
-12.4293 8.6706 11.3206
-9.71128 10.6066 13.2316

-6.02328 11.1926 12.3246
-3.28228 13.8396 12.7166
-1.57428 12.4286 9.60662
-4.28628 10.9056 7.31162
-1.54728 10.1066 4.79862
1.87172 9.1716 6.26662
3.89472 9.4006 2.98762
1.75572 8.9426 -0.220382

-1.77028 9.5396 -1.74038
-2.42928 5.7316 -1.95738
-2.68628 5.6096 1.92062
-5.90328 7.7576 1.76462
-7.91228 5.2816 -0.384382
-9.18828 3.1016 2.52962
-10.2653 6.2356 4.50062
-12.0223 7.7216 1.38562
-14.0433 4.4896 0.767618
-14.8293 4.2016 4.52962
-16.3883 7.7446 4.54762

-17.8913 7.4736 0.971618
-18.2763 3.7576 -0.113382
-19.4563 4.8766 -3.63638
-16.2193 6.8376 -4.36438
-13.6213 4.8916 -6.44838
-15.1843 1.3426 -6.08538
-11.8603 -0.0894011 -7.42738

-8.38528 1.1086 -6.28538
-7.00328 1.1056 -9.88838
-9.15028 4.1606 -10.8864
-7.84928 6.0966 -7.81538
-4.24928 4.9286 -8.52438
-4.31228 5.9656 -12.2404
-5.52228 9.4936 -11.2864
-3.68728 10.3076 -7.99838

-0.794281 7.7766 -7.62038
0.864719 8.2596 -11.0984
0.216719 4.5506 -11.7144

2.79372 2.9036 -14.0454
2.54472 -0.444401 -15.8874
5.82472 -2.2874 -15.1304

6.82072 -5.7694 -16.5584
5.77072 -7.3364 -13.1714

2.41472 -5.4434 -12.7644
1.25072 -1.9604 -11.6704
3.34072 0.464599 -9.58838

1.32972 2.9356 -7.39438
4.26072 4.5516 -5.43538
3.92972 7.8786 -7.32838
1.71072 10.9656 -6.98238
-0.417281 13.0256 -9.42138
-3.17228 15.7206 -9.49938

-2.71228 16.4376 -5.72438
-4.54328 19.8356 -5.82338
-7.64328 18.0596 -7.28038
-7.31828 15.3456 -4.57638
-7.13728 18.1136 -1.88338
-10.3453 19.7516 -3.25238
-12.1783 16.3566 -3.36138
-11.0663 15.5336 0.225618
-12.1253 18.9316 1.71262
-15.5273 18.9816 -0.100382
-16.7043 15.3726 0.434618

-14.4733 13.3706 2.90062

-12.3403 15.4286 5.28462
-12.3983 18.3226 7.75562

-8.79528 19.5646 8.28862
-7.48828 22.5656 10.2776
-3.91328 23.4006 11.2516

-2.38728 24.8846 14.4796
-1.77628 28.0886 12.4576
-5.53128 28.3376 11.5576
-6.97128 27.9676 15.1176

-4.16028 28.4626 17.7396
-2.19928 31.6976 16.9086
-0.785281 31.4606 20.5086
1.21972 28.1926 20.0926

5.01872 28.8866 20.0776
6.77172 28.1526 16.7536

8.42772 24.7826 16.0106
12.0437 25.6306 15.0326
13.5807 22.7406 13.0306
17.2597 22.2426 12.0836
19.6217 19.6336 10.6816
22.6627 18.9386 12.9226
25.4817 17.3846 10.8676

27.2617 15.1836 13.4586
30.9767 15.0026 12.6486

31.9607 11.7716 10.7256
35.5757 12.2426 12.0536
34.5377 10.0506 15.0756

33.4967 7.2616 12.5906
36.6347 5.0806 12.6566

38.1407 3.8076 9.35862
36.8287 0.189599 9.89962
33.2067 1.3876 10.4506
33.4837 3.7176 7.38962
34.9127 0.872599 5.23762
31.9747 -1.3444 6.42262
29.4287 1.3906 5.42462
31.2257 1.7886 2.03462
31.1387 -2.0374 1.60362
27.3657 -2.3464 2.35162
26.6777 0.705599 0.0836184
28.6327 -0.970401 -2.80338
26.8587 -4.2834 -2.01238
23.3617 -2.7314 -2.59638
24.4527 -1.4004 -6.06738

25.9327 -4.7304 -7.31938
24.1027 -5.8284 -10.5244
24.2437 -9.6084 -9.98938
22.3727 -9.7694 -6.60438
18.7997 -10.9974 -6.09738

16.0037 -8.6104 -4.94338
16.3227 -10.2724 -1.48038
20.1447 -9.8134 -1.19138
19.5937 -6.1114 -2.16238
17.0047 -5.7584 0.712618
19.3727 -7.5784 3.14962
22.3217 -5.2864 2.19262
19.9707 -2.2484 2.64862
18.9557 -3.4504 6.17262
22.6707 -4.0314 6.97962
23.6407 -0.510401 5.70762
20.8137 1.0286 7.82262
21.7687 -0.920401 11.0206
25.5017 -0.00340108 10.4536
24.4517 3.6866 10.0936
22.8007 3.4976 13.5536
25.9607 1.9166 15.1226
28.2607 4.4776 13.3946
26.2617 7.4516 14.8406
26.2087 6.2556 18.5386
29.4957 8.0086 19.6756
28.5587 11.4416 18.2036
24.8737 11.0866 19.2436
26.2147 10.5386 22.8146
28.6867 13.4816 22.4276
25.7597 15.7326 21.3446
23.4477 14.5806 24.2346
26.2527 15.3486 26.7456
26.9067 18.7986 25.1206
23.1577 19.5956 25.5966
23.2847 18.5846 29.3216
26.6097 20.4496 29.9116

24.9517 23.5286 28.2286
22.4717 23.5136 31.2026
19.3027 22.2166 29.4116
16.6087 21.2636 31.9396
14.3557 18.9146 29.8156

14.5747 17.3196 26.3346
13.4067 14.2436 24.3636
15.7767 11.8816 22.4886
14.1907 9.8146 19.6846
15.8117 6.6596 18.2136

14.4297 3.3586 16.7366
17.3077 0.814599 16.7916

17.4387 -0.869401 20.2446
21.3017 -0.667401 20.3026
21.0717 3.1896 20.0606
18.4687 3.3746 22.9046
20.6297 0.939599 24.9906
23.8947 2.9216 24.4366
22.2177 6.3006 25.2826
20.6647 4.8716 28.5216
24.0007 3.2386 29.5516
25.9427 6.5416 29.1316
23.2567 8.5546 31.0396
23.4747 5.9636 33.9046
27.3367 6.1876 33.7896

27.0487 10.0426 34.0456
24.3807 9.6106 36.8466
21.8027 11.5706 34.7446
18.1987 10.8836 35.8136

16.1957 9.8926 32.7026
13.1107 7.9246 31.5366
13.0327 5.2076 28.8206
10.0307 4.1066 26.6766

10.2967 1.3846 23.9786
8.46372 -1.7114 22.5646
9.04172 -3.6284 25.8736
7.60772 -0.879401 28.1896
4.09472 -1.8844 29.3786
0.931719 0.211599 28.7226
0.558719 1.3196 32.4106

4.31672 1.9616 32.9976
4.30772 4.1866 29.8306
1.74672 6.5186 31.4946
3.59572 6.4636 34.8786
7.03172 7.2516 33.2706
5.29072 10.0206 31.2476
3.95672 11.5086 34.5476
7.43372 11.1256 36.2006
9.08172 13.1416 33.3326
6.23372 15.7416 33.3826
6.15972 16.3056 37.1936

9.79272 15.6426 38.3276
12.3767 18.4246 37.6416
15.1797 15.7966 38.0916
14.3687 13.7926 34.9136
16.3377 15.7736 32.2926

16.1957 13.2496 29.3796
13.4357 11.0786 27.9006
14.8977 8.2166 25.7706
12.0417 7.3066 23.3976
11.4677 4.7786 20.6096

10.1557 6.6746 17.5086
7.72672 3.7646 16.7996
6.66372 2.9156 20.3966
6.17672 6.5096 21.7636
4.45472 8.0386 18.6306
0.993719 7.5646 20.3186
-1.00428 8.5206 23.4696
1.76272 10.2866 25.4646
2.21172 14.0586 26.1496
5.66472 15.6016 26.8586
4.82772 19.3366 27.3046
7.53772 19.6686 30.0576
10.3217 19.6036 27.3846
11.2057 22.4086 24.8876

13.6527 20.3316 22.7456
13.3437 17.1676 20.6036
16.5107 15.4006 19.3186
16.1337 12.7676 16.5746

19.2937 10.6446 17.0186
18.0847 8.6246 13.9876
16.0737 9.4276 10.8396
12.8807 7.4626 10.0436
11.7947 6.9086 6.37662
8.14872 7.8806 7.12162

7.60872 11.6576 7.76962
4.13572 11.1096 9.33262
5.83672 9.2426 12.2526
8.45572 12.0386 12.6676
5.61872 14.6666 12.8216
3.73872 12.4266 15.3566
6.91672 12.4196 17.5366
7.39072 16.2706 17.3046

3.69272 16.7456 18.3226
4.36672 14.8986 21.6066
5.98772 18.1786 22.8716
4.05572 20.7006 20.7266
0.671719 20.2076 22.5506
-1.86828 22.3816 24.4336
0.0557187 23.3236 27.6306
3.36372 24.0956 25.8086
4.59272 27.6956 26.5226
8.11472 27.6266 24.9096
9.21772 27.5896 21.2236

9.83972 23.9086 20.4006
13.3297 23.0876 19.0686
13.5917 20.0366 16.7336
17.1527 18.7846 15.9926
17.6567 16.1006 13.2806
21.0767 14.4056 13.7886
22.6097 13.3896 10.3856

25.9987 11.8896 9.36362
27.6997 12.4086 5.93462
28.8057 9.0436 4.41062
25.7827 7.0686 5.82862
22.1107 6.0686 5.20262

21.0987 9.6526 6.28162
22.4177 10.9966 2.89762
19.6377 8.9886 1.08762
16.9387 9.0656 3.82162
16.9027 12.8796 4.24162
16.0917 13.7216 0.527618
13.5067 10.8346 0.577618
11.7977 12.2716 3.72162
11.8107 15.7846 2.10462
10.1177 14.7016 -1.17738
7.51672 12.7766 0.937618
6.67472 15.9116 3.05662
6.31472 17.9036 -0.215382
3.84172 15.2586 -1.58038
1.91972 15.5246 1.75162
1.93472 19.3886 1.58762
0.707719 19.4726 -2.08238

-2.16528 17.1506 -0.965382
-2.96528 19.6926 1.87962
-1.88928 17.0916 4.52362
1.13072 18.9986 5.99962
2.30572 22.6136 6.57162
5.76372 21.1746 7.30662
8.23772 22.3106 4.66162
11.6777 20.6386 5.13462
13.5627 22.4446 2.24562

14.5687 25.5336 4.32762
16.6167 23.3446 6.77062
18.9637 22.0276 3.99162
19.8147 25.4246 2.43262

21.0797 26.3836 5.96262
23.5647 23.4106 6.38562

End chain 1
