-13.201 -6.296 -53.957
-10.703 -3.406 -53.291
-9.54 -3.087 -49.639
-11.02 0.322 -48.639
-8.614 1.85 -46.053
-10.787 3.126 -43.162

-9.634 6.195 -41.181
-10.061 4.9 -37.589
-10.286 6.838 -34.306
-12.195 7.103 -30.979
-14.163 9.439 -28.711
-12.619 10.223 -25.263
-14.157 12.207 -22.344

-11.943 15.248 -21.466
-14.301 16.978 -18.949
-17.827 16.65 -17.399
-19.139 18.761 -20.353

-16.752 17.96 -23.312
-15.482 14.956 -25.281
-12.62 14.751 -27.824
-12.437 12.939 -31.204
-8.982 11.264 -31.393
-8.672 10.357 -35.1

-6.282 10.744 -38.079
-6.98 13.557 -40.6
-9.895 13.022 -43.051

-11.208 15.853 -45.293
-14.92 14.856 -45.011
-14.611 14.37 -41.226
-13.015 17.857 -40.827
-15.875 19.254 -42.999
-18.403 17.482 -40.669
-16.559 18.759 -37.515
-16.844 22.341 -38.957

-20.697 21.797 -39.029
-20.861 21.033 -35.24
-22.116 23.933 -33.104
-20.016 23.255 -29.939
-16.791 22.621 -31.971

-13.393 23.436 -30.391
-10.011 22.816 -32.063
-6.805 22.812 -29.99

-3.883 23.919 -32.209
-1.328 22.314 -29.773
-2.753 18.736 -29.691
-4.334 19.137 -33.217

-7.578 17.622 -31.79
-11.313 18.386 -31.995
-13.683 18.544 -28.991
-17.466 19.001 -28.65
-20.131 19.402 -25.91

-21.257 16.038 -24.476
-24.923 16.743 -25.497
-23.731 16.722 -29.178
-22.178 13.179 -28.839
-25.228 11.354 -30.322
-25.57 14.044 -33.093
-21.852 13.682 -34.021
-21.815 9.829 -34.037
-25.045 9.774 -36.128
-23.507 12.176 -38.75
-20.093 10.348 -38.803

-21.793 6.948 -39.527
-22.962 8.546 -42.834
-19.328 9.196 -43.991
-17.677 6.563 -46.261
-14.251 5.2 -45.121

-14.46 6.789 -41.562
-14.765 4.819 -38.279
-15.142 6.964 -35.114
-15.663 4.659 -32.101

-18.218 6.249 -29.657
-17.862 6.903 -25.912
-18.35 3.469 -24.195
-21.794 2.549 -22.772
-20.235 2.829 -19.255
-19.534 6.58 -19.812
-22.964 7.196 -21.431
-24.623 5.531 -18.378
-22.42 7.523 -15.909

-23.028 10.919 -17.654
-26.668 10.153 -18.714
-27.851 13.482 -17.123

-25.214 15.594 -18.963
-26 13.8 -22.296
-29.631 15.147 -21.909

-29.014 18.802 -20.797
-28.522 21.656 -23.337
-27.494 23.803 -20.296
-24.374 24.206 -18.108
-26.03 23.63 -14.722
-23.195 22.587 -12.38
-23.731 19.355 -10.334

-27.219 19.392 -8.694
-26.798 20.208 -4.988
-26.578 17.032 -2.906
-29.814 16.999 -0.82
-29.276 16.946 2.956
-30.305 13.551 4.343

-32.727 13.25 7.268
-30.389 11.851 9.975
-33.077 12.019 12.787
-33.159 8.159 12.923
-29.32 8.149 13.454
-27.82 8.306 16.969

-27.52 12.074 17.913
-23.991 11.509 19.371
-22.796 10.469 15.867
-24.731 13.185 13.93
-23.402 16.008 16.22
-19.738 14.82 15.861

-19.687 14.822 11.995
-17.445 17.587 10.586

-19.106 19.692 7.763
-17.231 17.783 4.996
-18.064 14.402 6.666
-21.796 15.407 6.677
-21.562 16.318 2.947
-19.943 12.855 2.346
-22.788 11.075 4.244
-25.363 13.084 2.191
-23.555 12.165 -1.104
-23.43 8.459 -0.115
-27.196 8.491 0.728
-28.024 10.343 -2.565

-25.973 7.645 -4.472
-28.214 5.048 -2.67
-25.512 3.7 -0.27

-23.352 2.353 -3.174
-19.956 4.118 -3.237
-16.209 4.012 -2.721
-15.295 6.541 0.021

-11.694 7.195 -1.128

-11.135 10.189 1.225
-7.504 10.605 2.377

-6.048 8.715 5.398
-7.361 9.956 8.784
-10.233 12.169 7.374
-12.706 9.981 9.408

-13.844 7.354 6.831
-15.012 5.081 9.734
-17.363 7.714 11.316
-18.876 8.506 7.854
-19.282 4.738 7.09
-21.02 4.042 10.461
-23.415 6.996 9.798
-24.247 5.855 6.195
-24.846 2.277 7.463
-26.955 3.52 10.461
-29.227 5.531 8.078

-29.9 2.058 6.507

-30.384 0.293 9.981
-33.886 -0.857 8.77
-32.05 -2.956 6.062
-29.626 -4.868 8.41
-27.981 -7.413 9.17

-24.774 -5.448 8.488
-21.551 -7.137 7.269
-18.235 -5.328 7.997
-15.132 -6.739 6.223
-11.829 -5.357 7.603

-8.05 -6.016 7.986
-7.416 -8.82 10.567
-5.856 -6.305 13.093
-8.689 -3.64 13.199

-11.758 -5.868 14.003
-11.895 -4.753 17.675
-11.154 -1.102 16.63
-14.365 -1.304 14.506
-16.414 -2.897 17.375
-15.268 -0.08 19.729
-16.109 2.476 16.969
-19.722 1.111 16.76
-20.082 1.14 20.611
-18.596 4.7 20.723
-20.823 6.195 17.978

-24.121 4.191 18.24
-24.851 3.95 22.056
-28.388 2.791 20.948
-26.764 -0.701 20.406
-26.03 -3.285 23.117

-22.632 -5.104 22.857
-24.638 -8.32 22.08
-25.78 -6.667 18.791

-22.091 -6.816 17.576
-20.505 -10.124 16.488
-16.681 -10.041 16.081

-15.702 -13.116 14.035
-12.316 -14.303 15.372
-12.201 -17.837 13.813
-13.405 -19.799 10.735
-15.769 -21.82 13.07
-17.788 -18.808 14.317
-21.352 -17.917 13.159
-21.075 -14.973 10.701
-24.816 -14.102 11.273
-24.919 -14.166 15.127
-25.108 -10.332 15.536
-27.08 -7.466 13.995

-23.588 -6.14 13.038
-21.065 -8.833 11.965
-17.336 -7.898 11.803
-15.009 -10.302 9.887
-11.529 -10.295 8.291

-10.658 -10.74 4.577
-8.757 -14.009 5.375
-11.833 -15.546 7.113
-14.3 -14.769 4.222

-12.926 -17.715 2.14
-13.287 -20.073 5.183
-16.843 -18.74 5.845
-18.014 -18.815 2.139
-20.731 -21.415 3.044
-22.243 -18.836 5.512
-21.955 -15.894 2.989
-25.071 -17.433 1.278
-27.188 -15.451 3.825
-28.094 -12.137 2.052
-26.367 -9.235 3.842
-28.236 -6.215 2.36

-25.704 -3.677 3.792
-21.936 -4.298 3.429
-19.007 -2.145 4.602
-15.517 -3.11 3.36

-12.662 -1.237 5.059
-9.341 -0.865 3.151

-11.066 -2.352 0.031
-7.765 -2.207 -1.968
-7.252 -5.742 -0.456
-9.774 -6.866 -3.176

-7.558 -5.436 -6.054
-6.861 -8.909 -7.611
-9.913 -10.983 -8.736
-7.994 -14.348 -8.638
-7.386 -14.116 -4.839

-9.551 -16.269 -2.508
-10.568 -13.122 -0.487
-11.832 -11.409 -3.693
-13.586 -14.593 -5.006
-15.461 -14.905 -1.648
-16.313 -11.137 -1.332
-17.465 -10.353 -4.925
-20.7 -12.523 -5.003
-21.961 -10.786 -1.799
-21.004 -7.272 -3.064
-22.893 -7.826 -6.386
-26.148 -8.927 -4.576

-26.072 -6.644 -1.465
-28.372 -3.542 -1.704

-25.826 -1.116 -0.104
-22.019 -1.347 -0.629
-19.769 1.077 1.29
-16.145 0.543 0.177
-13.427 2.479 2.088

-9.739 3.065 1.181
-6.998 5.712 1.573
-5.29 4.301 -1.537
-8.002 2.778 -3.832
-5.263 1.979 -6.345
-1.844 1.044 -4.877
0.179 1.273 -8.156
-1.96 0.815 -11.364

-5.486 1.412 -12.884
-6.145 -2.396 -13.101
-6.402 -2.518 -9.223
-9.619 -0.37 -9.379
-11.628 -2.846 -11.528
-12.904 -5.026 -8.614
-13.981 -1.892 -6.643
-15.738 -0.406 -9.758
-17.759 -3.638 -10.376
-18.545 -3.926 -6.614
-20.104 -0.383 -6.596

-21.607 -0.654 -10.172
-21.992 -4.37 -11.257
-23.172 -3.251 -14.78
-19.935 -1.29 -15.508
-17.337 -3.236 -17.592
-18.9 -6.785 -17.229
-15.576 -8.217 -18.571

-12.101 -7.019 -17.429
-10.719 -7.022 -21.032
-12.866 -3.967 -22.03
-11.565 -2.031 -18.959
-7.965 -3.199 -19.668
-8.028 -2.162 -23.384
-9.238 1.366 -22.43
-7.403 2.18 -19.142

-4.51 -0.351 -18.764
-2.851 0.132 -22.242
-3.499 -3.577 -22.858

-0.922 -5.224 -25.189
-1.171 -8.572 -27.031
2.109 -10.415 -26.274

3.105 -13.897 -27.702
2.055 -15.464 -24.315

-1.301 -13.571 -23.908
-2.465 -10.088 -22.814
-0.375 -7.663 -20.732

-0.426965 -4.58654 -18.4475
-3.46789 -4.13446 -16.2032
-4.71893 -7.66779 -16.1784
-1.29983 -9.11757 -16.7244
2.12689 -10.5941 -17.206
5.21376 -8.7527 -18.5569

8.54498 -7.19534 -19.5163
10.3155 -8.99838 -16.6777
8.81247 -12.3278 -17.726
9.92209 -11.8064 -21.3231
13.4657 -10.9959 -20.2145
13.6145 -14.1293 -18.069
12.4202 -16.2843 -20.9625
15.0523 -14.8099 -23.2737
17.798 -15.4801 -20.733
16.6808 -19.0906 -20.3337
16.6913 -19.6116 -24.0982

18.9223 -21.6136 -21.6322

21.0553 -19.5556 -19.2482
20.9973 -16.6616 -16.7772

24.6003 -15.4196 -16.2442
25.9073 -12.4186 -14.2552
29.4823 -11.5836 -13.2812

31.0083 -10.0996 -10.0532
31.6193 -6.89565 -12.0752
27.8643 -6.64665 -12.9752
26.4243 -7.01665 -9.4152

29.2353 -6.52165 -6.7932
31.1963 -3.28665 -7.6242
32.6103 -3.52365 -4.0242
34.6153 -6.79165 -4.4402

38.4143 -6.09765 -4.4552
40.1673 -6.83165 -7.7792

41.8233 -10.2016 -8.5222
45.4393 -9.35365 -9.5002
46.9763 -12.2436 -11.5022
50.6553 -12.7416 -12.4492
53.0173 -15.3506 -13.8512
56.0583 -16.0456 -11.6102
58.8773 -17.5996 -13.6652

60.6573 -19.8006 -11.0742
64.3723 -19.9816 -11.8842

65.3563 -23.2126 -13.8072
68.9713 -22.7416 -12.4792
67.9333 -24.9336 -9.4572

66.8923 -27.7226 -11.9422
70.0303 -29.9036 -11.8762

71.5363 -31.1766 -15.1742
70.2243 -34.7946 -14.6332
66.6023 -33.5966 -14.0822
66.8793 -31.2666 -17.1432
68.3083 -34.1116 -19.2952
65.3703 -36.3286 -18.1102
62.8243 -33.5936 -19.1082
64.6213 -33.1956 -22.4982
64.5343 -37.0216 -22.9292
60.7613 -37.3306 -22.1812
60.0733 -34.2786 -24.4492
62.0283 -35.9546 -27.3362
60.2543 -39.2676 -26.5452
56.7573 -37.7156 -27.1292
57.8483 -36.3846 -30.6002

59.3283 -39.7146 -31.8522
57.4983 -40.8126 -35.0572
57.6393 -44.5926 -34.5222
55.7683 -44.7536 -31.1372
52.1953 -45.9816 -30.6302

49.3993 -43.5946 -29.4762
49.7183 -45.2566 -26.0132
53.5403 -44.7976 -25.7242
52.9893 -41.0956 -26.6952
50.4003 -40.7426 -23.8202
52.7683 -42.5626 -21.3832
55.7173 -40.2706 -22.3402
53.3663 -37.2326 -21.8842
52.3513 -38.4346 -18.3602
56.0663 -39.0156 -17.5532
57.0363 -35.4946 -18.8252
54.2093 -33.9556 -16.7102
55.1643 -35.9046 -13.5122
58.8973 -34.9876 -14.0792
57.8473 -31.2976 -14.4392
56.1963 -31.4866 -10.9792
59.3563 -33.0676 -9.4102
61.6563 -30.5066 -11.1382
59.6573 -27.5326 -9.6922
59.6043 -28.7286 -5.9942
62.8913 -26.9756 -4.8572
61.9543 -23.5426 -6.3292
58.2693 -23.8976 -5.2892
59.6103 -24.4456 -1.7182
62.0823 -21.5026 -2.1052
59.1553 -19.2516 -3.1882
56.8433 -20.4036 -0.298199
59.6483 -19.6356 2.2128
60.3023 -16.1856 0.587801
56.5533 -15.3886 1.0638
56.6803 -16.3996 4.7888
60.0053 -14.5346 5.3788

58.3473 -11.4556 3.6958
55.8673 -11.4706 6.6698
52.6983 -12.7676 4.8788
50.0043 -13.7206 7.4068
47.7513 -16.0696 5.2828

47.9703 -17.6646 1.8018
46.8023 -20.7406 -0.169199
49.1723 -23.1026 -2.0442
47.5863 -25.1696 -4.8482
49.2073 -28.3246 -6.3192

47.8253 -31.6256 -7.7962
50.7033 -34.1696 -7.7412

50.8343 -35.8536 -4.2882
54.6973 -35.6516 -4.2302
54.4673 -31.7946 -4.4722
51.8643 -31.6096 -1.6282
54.0253 -34.0446 0.457801
57.2903 -32.0626 -0.0961994
55.6133 -28.6836 0.749801
54.0603 -30.1126 3.9888
57.3963 -31.7456 5.0188
59.3383 -28.4426 4.5988
56.6523 -26.4296 6.5068
56.8703 -29.0206 9.3718
60.7323 -28.7966 9.2568

60.4443 -24.9416 9.5128
57.7763 -25.3736 12.3138
55.1983 -23.4136 10.2118
51.5943 -24.1006 11.2808

49.5913 -25.0916 8.1698
46.5063 -27.0596 7.0038
46.4283 -29.7766 4.2878
43.4263 -30.8776 2.1438

43.6923 -33.5996 -0.554199
41.8593 -36.6956 -1.9682
42.4373 -38.6126 1.3408
41.0033 -35.8636 3.6568
37.4903 -36.8686 4.8458
34.3273 -34.7726 4.1898
33.9543 -33.6646 7.8778

37.7123 -33.0226 8.4648
37.7033 -30.7976 5.2978
35.1423 -28.4656 6.9618
36.9913 -28.5206 10.3458
40.4273 -27.7326 8.7378
38.6863 -24.9636 6.7148
37.3523 -23.4756 10.0148
40.8293 -23.8586 11.6678
42.4773 -21.8426 8.7998
39.6293 -19.2426 8.8498
39.5553 -18.6786 12.6608

43.1883 -19.3416 13.7948
45.7723 -16.5596 13.1088
48.5753 -19.1876 13.5588
47.7643 -21.1916 10.3808
49.7333 -19.2106 7.7598

49.5913 -21.7346 4.8468
46.8313 -23.9056 3.3678
48.2933 -26.7676 1.2378
45.4373 -27.6776 -1.1352
44.8633 -30.2056 -3.9232

43.5513 -28.3096 -7.0242
41.1223 -31.2196 -7.7332
40.0593 -32.0686 -4.1362
39.5723 -28.4746 -2.7692
37.8503 -26.9456 -5.9022
34.3893 -27.4196 -4.2142
32.3913 -26.4636 -1.0632
35.1583 -24.6976 0.931801
35.6073 -20.9256 1.6168
39.0603 -19.3826 2.3258
38.2233 -15.6476 2.7718
40.9333 -15.3156 5.5248
43.7173 -15.3806 2.8518
44.6013 -12.5756 0.354801

47.0483 -14.6526 -1.7872
46.7393 -17.8166 -3.9292
49.9063 -19.5836 -5.2142
49.5293 -22.2166 -7.9582

52.6893 -24.3396 -7.5142
51.4803 -26.3596 -10.5452
49.4693 -25.5566 -13.6932
46.2763 -27.5216 -14.4892
45.1903 -28.0756 -18.1562
41.5443 -27.1036 -17.4112

41.0043 -23.3266 -16.7632
37.5313 -23.8746 -15.2002
39.2323 -25.7416 -12.2802
41.8513 -22.9456 -11.8652
39.0143 -20.3176 -11.7112
37.1343 -22.5576 -9.1762
40.3123 -22.5646 -6.9962
40.7863 -18.7136 -7.2282

37.0883 -18.2386 -6.2102
37.7623 -20.0856 -2.9262
39.3833 -16.8056 -1.6612
37.4513 -14.2836 -3.8062
34.0673 -14.7766 -1.9822
31.5273 -12.6026 -0.0991994
33.4513 -11.6606 3.0978
36.7593 -10.8886 1.2758
37.9883 -7.28865 1.9898
41.5103 -7.35765 0.376801
42.6133 -7.39465 -3.3092

43.2353 -11.0756 -4.1322
46.7253 -11.8966 -5.4642
46.9873 -14.9476 -7.7992
50.5483 -16.1996 -8.5402
51.0523 -18.8836 -11.2522
54.4723 -20.5786 -10.7442
56.0053 -21.5946 -14.1472

59.3943 -23.0946 -15.1692
61.0953 -22.5756 -18.5982
62.2013 -25.9406 -20.1222
59.1783 -27.9156 -18.7042
55.5063 -28.9156 -19.3302

54.4943 -25.3316 -18.2512
55.8133 -23.9876 -21.6352
53.0333 -25.9956 -23.4452
50.3343 -25.9186 -20.7112
50.2983 -22.1046 -20.2912
49.4873 -21.2626 -24.0052
46.9023 -24.1496 -23.9552
45.1933 -22.7126 -20.8112
45.2063 -19.1996 -22.4282
43.5133 -20.2826 -25.7102
40.9123 -22.2076 -23.5952
40.0703 -19.0726 -21.4762
39.7103 -17.0806 -24.7482
37.2373 -19.7256 -26.1132
35.3153 -19.4596 -22.7812
35.3303 -15.5956 -22.9452
34.1033 -15.5116 -26.6152

31.2303 -17.8336 -25.4982
30.4303 -15.2916 -22.6532
31.5063 -17.8926 -20.0092
34.5263 -15.9856 -18.5332
35.7013 -12.3706 -17.9612
39.1593 -13.8096 -17.2262
41.6333 -12.6736 -19.8712
45.0733 -14.3456 -19.3982
46.9583 -12.5396 -22.2872

47.9643 -9.45065 -20.2052
50.0123 -11.6396 -17.7622
52.3593 -12.9566 -20.5412
53.2103 -9.55965 -22.1002

54.4753 -8.60065 -18.5702
56.9603 -11.5736 -18.1472

End chain 1
