-13.201 -6.296 -53.957
-10.703 -3.406 -53.291
-9.54 -3.087 -49.639
-11.02 0.322 -48.639
-8.614 1.85 -46.053
-10.787 3.126 -43.162

-9.634 6.195 -41.181
-10.061 4.9 -37.589
-10.286 6.838 -34.306
-12.195 7.103 -30.979
-14.163 9.439 -28.711
-12.619 10.223 -25.263
-14.157 12.207 -22.344

-11.943 15.248 -21.466
-14.301 16.978 -18.949
-17.827 16.65 -17.399
-19.139 18.761 -20.353

-16.752 17.96 -23.312
-15.482 14.956 -25.281
-12.62 14.751 -27.824
-12.437 12.939 -31.204
-8.982 11.264 -31.393
-8.672 10.357 -35.1

-6.282 10.744 -38.079
-6.98 13.557 -40.6
-9.895 13.022 -43.051

-11.208 15.853 -45.293
-14.92 14.856 -45.011
-14.611 14.37 -41.226
-13.015 17.857 -40.827
-15.875 19.254 -42.999
-18.403 17.482 -40.669
-16.559 18.759 -37.515
-16.844 22.341 -38.957

-20.697 21.797 -39.029
-20.861 21.033 -35.24
-22.116 23.933 -33.104
-20.016 23.255 -29.939
-16.791 22.621 -31.971

-13.393 23.436 -30.391
-10.011 22.816 -32.063
-6.805 22.812 -29.99

-3.883 23.919 -32.209
-1.328 22.314 -29.773
-2.753 18.736 -29.691
-4.334 19.137 -33.217

-7.578 17.622 -31.79
-11.313 18.386 -31.995
-13.683 18.544 -28.991
-17.466 19.001 -28.65
-20.131 19.402 -25.91

-21.257 16.038 -24.476
-24.923 16.743 -25.497
-23.731 16.722 -29.178
-22.178 13.179 -28.839
-25.228 11.354 -30.322
-25.57 14.044 -33.093
-21.852 13.682 -34.021
-21.815 9.829 -34.037
-25.045 9.774 -36.128
-23.507 12.176 -38.75
-20.093 10.348 -38.803

-21.793 6.948 -39.527
-22.962 8.546 -42.834
-19.328 9.196 -43.991
-17.677 6.563 -46.261
-14.251 5.2 -45.121

-14.46 6.789 -41.562
-14.765 4.819 -38.279
-15.142 6.964 -35.114
-15.663 4.659 -32.101

-18.218 6.249 -29.657
-17.862 6.903 -25.912
-18.35 3.469 -24.195
-21.794 2.549 -22.772
-20.235 2.829 -19.255
-19.534 6.58 -19.812
-22.964 7.196 -21.431
-24.623 5.531 -18.378
-22.42 7.523 -15.909

-23.028 10.919 -17.654
-26.668 10.153 -18.714
-27.851 13.482 -17.123

-25.214 15.594 -18.963
-26 13.8 -22.296
-29.631 15.147 -21.909

-29.014 18.802 -20.797
-28.522 21.656 -23.337
-27.494 23.803 -20.296
-24.374 24.206 -18.108
-26.03 23.63 -14.722
-23.195 22.587 -12.38
-23.731 19.355 -10.334

-27.219 19.392 -8.694
-26.798 20.208 -4.988
-26.578 17.032 -2.906
-29.814 16.999 -0.82
-29.276 16.946 2.956
-30.305 13.551 4.343

-32.727 13.25 7.268
-30.389 11.851 9.975
-33.077 12.019 12.787
-33.159 8.159 12.923
-29.32 8.149 13.454
-27.82 8.306 16.969

-27.52 12.074 17.913
-23.991 11.509 19.371
-22.796 10.469 15.867
-24.731 13.185 13.93
-23.402 16.008 16.22
-19.738 14.82 15.861

-19.687 14.822 11.995
-17.445 17.587 10.586

-19.106 19.692 7.763
-17.231 17.783 4.996
-18.064 14.402 6.666
-21.796 15.407 6.677
-21.562 16.318 2.947
-19.943 12.855 2.346
-22.788 11.075 4.244
-25.363 13.084 2.191
-23.555 12.165 -1.104
-23.43 8.459 -0.115
-27.196 8.491 0.728
-28.024 10.343 -2.565

-25.973 7.645 -4.472
-28.214 5.048 -2.67
-25.512 3.7 -0.27

-23.352 2.353 -3.174
-19.956 4.118 -3.237
-16.209 4.012 -2.721
-15.295 6.541 0.021

-11.694 7.195 -1.128

-11.135 10.189 1.225
-7.504 10.605 2.377

-6.048 8.715 5.398
-7.361 9.956 8.784
-10.233 12.169 7.374
-12.706 9.981 9.408

-13.844 7.354 6.831
-15.012 5.081 9.734
-17.363 7.714 11.316
-18.876 8.506 7.854
-19.282 4.738 7.09
-21.02 4.042 10.461
-23.415 6.996 9.798
-24.247 5.855 6.195
-24.846 2.277 7.463
-26.955 3.52 10.461
-29.227 5.531 8.078

-29.4907 2.51115 5.8664

-32.2183 0.349603 7.39313
-33.1271 3.08001 9.87545
-33.3608 5.66243 7.09707
-35.6303 3.40045 5.05356
-37.9206 2.84314 8.03461

-34.7136 4.80814 7.35261
-31.4906 3.11914 6.13361
-28.1746 4.92814 6.86161
-25.0716 3.51714 5.08761
-21.7686 4.89914 6.46761

-17.9896 4.24014 6.85061
-17.3556 1.43614 9.43161
-15.7956 3.95114 11.9576
-18.6286 6.61614 12.0636

-21.6976 4.38814 12.8676
-21.8346 5.50314 16.5396
-21.0936 9.15414 15.4946
-24.3046 8.95214 13.3706
-26.3536 7.35914 16.2396
-25.2076 10.1761 18.5936
-26.0486 12.7321 15.8336
-29.6616 11.3671 15.6246
-30.0216 11.3961 19.4756
-28.5356 14.9561 19.5876
-30.7626 16.4511 16.8426

-34.0606 14.4471 17.1046
-34.7906 14.2061 20.9206
-38.3276 13.0471 19.8126
-36.7036 9.55514 19.2706
-35.9696 6.97114 21.9816

-32.5716 5.15214 21.7216
-34.5776 1.93614 20.9446
-35.7196 3.58914 17.6556

-32.0306 3.44014 16.4406
-30.4446 0.132139 15.3526
-26.6206 0.215139 14.9456

-25.6416 -2.85986 12.8996
-22.2556 -4.04686 14.2366
-22.1406 -7.58086 12.6776
-23.3446 -9.54286 9.59961
-25.7086 -11.5639 11.9346
-27.7276 -8.55186 13.1816
-31.2916 -7.66086 12.0236
-31.0146 -4.71686 9.56561
-34.7556 -3.84586 10.1376
-34.8586 -3.90986 13.9916
-35.0476 -0.0758607 14.4006
-37.0196 2.79014 12.8596

-33.5276 4.11614 11.9026
-31.0046 1.42314 10.8296
-27.2756 2.35814 10.6676
-24.9486 -0.0458607 8.75161
-21.4686 -0.0388607 7.15561

-20.5976 -0.483861 3.44161
-18.6966 -3.75286 4.23961
-21.7726 -5.28986 5.97761
-24.2396 -4.51286 3.08661

-22.8656 -7.45886 1.00461
-23.2266 -9.81686 4.04761
-26.7826 -8.48386 4.70961
-27.9536 -8.55886 1.00361
-30.6706 -11.1589 1.90861
-32.1826 -8.57986 4.37661
-31.8946 -5.63786 1.85361
-35.0106 -7.17686 0.142606
-37.1276 -5.19486 2.68961
-38.0336 -1.88086 0.916606
-36.3066 1.02114 2.70661
-38.1756 4.04114 1.22461

-35.6436 6.57914 2.65661
-31.8756 5.95814 2.29361
-28.9466 8.11114 3.46661
-25.4566 7.14614 2.22461

-22.6016 9.01914 3.92361
-19.2806 9.39114 2.01561

-21.0056 7.90414 -1.10439
-17.7046 8.04914 -3.10339
-17.1916 4.51414 -1.59139
-19.7136 3.39014 -4.31139

-17.4976 4.82014 -7.18939
-16.8006 1.34714 -8.74639
-19.8526 -0.726861 -9.87139
-17.9336 -4.09186 -9.77339
-17.3256 -3.85986 -5.97439

-19.4906 -6.01286 -3.64339
-20.5076 -2.86586 -1.62239
-21.7716 -1.15286 -4.82839
-23.5256 -4.33686 -6.14139
-25.4006 -4.64886 -2.78339
-26.2526 -0.880861 -2.46739
-27.4046 -0.0968607 -6.06039
-30.6396 -2.26686 -6.13839
-31.9006 -0.529861 -2.93439
-30.9436 2.98414 -4.19939
-32.8326 2.43014 -7.52139
-36.0876 1.32914 -5.71139

-36.0116 3.61214 -2.60039
-38.3116 6.71414 -2.83939

-35.7656 9.14014 -1.23939
-31.9586 8.90914 -1.76439
-29.7086 11.3331 0.154606
-26.0846 10.7991 -0.958394
-23.3666 12.7351 0.952606

-19.6786 13.3211 0.0456063
-16.9376 15.9681 0.437606
-15.2296 14.5571 -2.67239
-17.9416 13.0341 -4.96739
-15.2026 12.2351 -7.48039
-11.7836 11.3001 -6.01239
-9.7606 11.5291 -9.29139
-11.8996 11.0711 -12.4994

-15.4256 11.6681 -14.0194
-16.0846 7.86014 -14.2364
-16.3416 7.73814 -10.3584
-19.5586 9.88614 -10.5144
-21.5676 7.41014 -12.6634
-22.8436 5.23014 -9.74939
-23.9206 8.36414 -7.77839
-25.6776 9.85014 -10.8934
-27.6986 6.61814 -11.5114
-28.4846 6.33014 -7.74939
-30.0436 9.87314 -7.73139

-31.5466 9.60214 -11.3074
-31.9316 5.88614 -12.3924
-33.1116 7.00514 -15.9154
-29.8746 8.96614 -16.6434
-27.2766 7.02014 -18.7274
-28.8396 3.47114 -18.3644
-25.5156 2.03914 -19.7064

-22.0406 3.23714 -18.5644
-20.6586 3.23414 -22.1674
-22.8056 6.28914 -23.1654
-21.5046 8.22514 -20.0944
-17.9046 7.05714 -20.8034
-17.9676 8.09414 -24.5194
-19.1776 11.6221 -23.5654
-17.3426 12.4361 -20.2774

-14.4496 9.90514 -19.8994
-12.7906 10.3881 -23.3774
-13.4386 6.67914 -23.9934

-10.8616 5.03214 -26.3244
-11.1106 1.68414 -28.1664
-7.8306 -0.158861 -27.4094

-6.8346 -3.64086 -28.8374
-7.8846 -5.20786 -25.4504

-11.2406 -3.31486 -25.0434
-12.4046 0.168139 -23.9494
-10.3146 2.59314 -21.8674

-12.3256 5.06414 -19.6734
-9.3946 6.68014 -17.7144
-9.7256 10.0071 -19.6074
-11.9446 13.0941 -19.2614
-14.0726 15.1541 -21.7004
-16.8276 17.8491 -21.7784

-16.3676 18.5661 -18.0034
-18.1986 21.9641 -18.1024
-21.2986 20.1881 -19.5594
-20.9736 17.4741 -16.8554
-20.7926 20.2421 -14.1624
-24.0006 21.8801 -15.5314
-25.8336 18.4851 -15.6404
-24.7216 17.6621 -12.0534
-25.7806 21.0601 -10.5664
-29.1826 21.1101 -12.3794
-30.3596 17.5011 -11.8444

-28.1286 15.4991 -9.37839

-25.9956 17.5571 -6.99439
-26.0536 20.4511 -4.52339

-22.4506 21.6931 -3.99039
-21.1436 24.6941 -2.00139
-17.5686 25.5291 -1.02739

-16.0426 27.0131 2.20061
-15.4316 30.2171 0.178606
-19.1866 30.4661 -0.721394
-20.6266 30.0961 2.83861

-17.8156 30.5911 5.46061
-15.8546 33.8261 4.62961
-14.4406 33.5891 8.22961
-12.4356 30.3211 7.81361

-8.6366 31.0151 7.79861
-6.8836 30.2811 4.47461

-5.2276 26.9111 3.73161
-1.6116 27.7591 2.75361
-0.0745991 24.8691 0.751606
3.6044 24.3711 -0.195394
5.9664 21.7621 -1.59739
9.0074 21.0671 0.643606
11.8264 19.5131 -1.41139

13.6064 17.3121 1.17961
17.3214 17.1311 0.369606

18.3054 13.9001 -1.55339
21.9204 14.3711 -0.225394
20.8824 12.1791 2.79661

19.8414 9.39014 0.311606
22.9794 7.20914 0.377606

24.4854 5.93614 -2.92039
23.1734 2.31814 -2.37939
19.5514 3.51614 -1.82839
19.8284 5.84614 -4.88939
21.2574 3.00114 -7.04139
18.3194 0.784139 -5.85639
15.7734 3.51914 -6.85439
17.5704 3.91714 -10.2444
17.4834 0.0911393 -10.6754
13.7104 -0.217861 -9.92739
13.0224 2.83414 -12.1954
14.9774 1.15814 -15.0824
13.2034 -2.15486 -14.2914
9.7064 -0.602861 -14.8754
10.7974 0.728139 -18.3464

12.2774 -2.60186 -19.5984
10.4474 -3.69986 -22.8034
10.5884 -7.47986 -22.2684
8.7174 -7.64086 -18.8834
5.1444 -8.86886 -18.3764

2.3484 -6.48186 -17.2224
2.6674 -8.14386 -13.7594
6.4894 -7.68486 -13.4704
5.9384 -3.98286 -14.4414
3.3494 -3.62986 -11.5664
5.7174 -5.44986 -9.12939
8.6664 -3.15786 -10.0864
6.3154 -0.119861 -9.63039
5.3004 -1.32186 -6.10639
9.0154 -1.90286 -5.29939
9.9854 1.61814 -6.57139
7.1584 3.15714 -4.45639
8.1134 1.20814 -1.25839
11.8464 2.12514 -1.82539
10.7964 5.81514 -2.18539
9.1454 5.62614 1.27461
12.3054 4.04514 2.84361
14.6054 6.60614 1.11561
12.6064 9.58014 2.56161
12.5534 8.38414 6.25961
15.8404 10.1371 7.39661
14.9034 13.5701 5.92461
11.2184 13.2151 6.96461
12.5594 12.6671 10.5356
15.0314 15.6101 10.1486
12.1044 17.8611 9.06561
9.7924 16.7091 11.9556
12.5974 17.4771 14.4666
13.2514 20.9271 12.8416
9.5024 21.7241 13.3176
9.6294 20.7131 17.0426
12.9544 22.5781 17.6326

11.2964 25.6571 15.9496
8.8164 25.6421 18.9236
5.6474 24.3451 17.1326
2.9534 23.3921 19.6606
0.700401 21.0431 17.5366

0.919401 19.4481 14.0556
-0.248599 16.3721 12.0846
2.1214 14.0101 10.2096
0.535401 11.9431 7.40561
2.1564 8.78814 5.93461

0.774401 5.48714 4.45761
3.6524 2.94314 4.51261

3.7834 1.25914 7.96561
7.6464 1.46114 8.02361
7.4164 5.31814 7.78161
4.8134 5.50314 10.6256
6.9744 3.06814 12.7116
10.2394 5.05014 12.1576
8.5624 8.42914 13.0036
7.0094 7.00014 16.2426
10.3454 5.36714 17.2726
12.2874 8.67014 16.8526
9.6014 10.6831 18.7606
9.8194 8.09214 21.6256
13.6814 8.31614 21.5106

13.3934 12.1711 21.7666
10.7254 11.7391 24.5676
8.1474 13.6991 22.4656
4.5434 13.0121 23.5346

2.5404 12.0211 20.4236
-0.544599 10.0531 19.2576
-0.622599 7.33614 16.5416
-3.6246 6.23514 14.3976

-3.3586 3.51314 11.6996
-5.1916 0.417139 10.2856
-4.6136 -1.49986 13.5946
-6.0476 1.24914 15.9106
-9.5606 0.244139 17.0996
-12.7236 2.34014 16.4436
-13.0966 3.44814 20.1316

-9.3386 4.09014 20.7186
-9.3476 6.31514 17.5516
-11.9086 8.64714 19.2156
-10.0596 8.59214 22.5996
-6.6236 9.38014 20.9916
-8.3646 12.1491 18.9686
-9.6986 13.6371 22.2686
-6.2216 13.2541 23.9216
-4.5736 15.2701 21.0536
-7.4216 17.8701 21.1036
-7.4956 18.4341 24.9146

-3.8626 17.7711 26.0486
-1.2786 20.5531 25.3626
1.5244 17.9251 25.8126
0.713401 15.9211 22.6346
2.6824 17.9021 20.0136

2.5404 15.3781 17.1006
-0.219599 13.2071 15.6216
1.2424 10.3451 13.4916
-1.6136 9.43514 11.1186
-2.1876 6.90714 8.33061

-3.4996 8.80314 5.22961
-5.9286 5.89314 4.52061
-6.9916 5.04414 8.11761
-7.4786 8.63814 9.48461
-9.2006 10.1671 6.35161
-12.6616 9.69314 8.03961
-14.6596 10.6491 11.1906
-11.8926 12.4151 13.1856
-11.4436 16.1871 13.8706
-7.9906 17.7301 14.5796
-8.8276 21.4651 15.0256
-6.1176 21.7971 17.7786
-3.3336 21.7321 15.1056
-2.4496 24.5371 12.6086

-0.00259912 22.4601 10.4666
-0.311599 19.2961 8.32461
2.8554 17.5291 7.03961
2.4784 14.8961 4.29561

5.6384 12.7731 4.73961
4.4294 10.7531 1.70861
2.4184 11.5561 -1.43939
-0.774599 9.59114 -2.23539
-1.8606 9.03714 -5.90239
-5.5066 10.0091 -5.15739

-6.0466 13.7861 -4.50939
-9.5196 13.2381 -2.94639
-7.8186 11.3711 -0.0263937
-5.1996 14.1671 0.388606
-8.0366 16.7951 0.542606
-9.9166 14.5551 3.07761
-6.7386 14.5481 5.25761
-6.2646 18.3991 5.02561

-9.9626 18.8741 6.04361
-9.2886 17.0271 9.32761
-7.6676 20.3071 10.5926
-9.5996 22.8291 8.44761
-12.9836 22.3361 10.2716
-15.5236 24.5101 12.1546
-13.5996 25.4521 15.3516
-10.2916 26.2241 13.5296
-9.0626 29.8241 14.2436
-5.5406 29.7551 12.6306
-4.4376 29.7181 8.94461

-3.8156 26.0371 8.12161
-0.325599 25.2161 6.78961
-0.0635991 22.1651 4.45461
3.4974 20.9131 3.71361
4.0014 18.2291 1.00161
7.4214 16.5341 1.50961
8.9544 15.5181 -1.89339

12.3434 14.0181 -2.91539
14.0444 14.5371 -6.34439
15.1504 11.1721 -7.86839
12.1274 9.19714 -6.45039
8.4554 8.19714 -7.07639

7.4434 11.7811 -5.99739
8.7624 13.1251 -9.38139
5.9824 11.1171 -11.1914
3.2834 11.1941 -8.45739
3.2474 15.0081 -8.03739
2.4364 15.8501 -11.7514
-0.148599 12.9631 -11.7014
-1.8576 14.4001 -8.55739
-1.8446 17.9131 -10.1744
-3.5376 16.8301 -13.4564
-6.1386 14.9051 -11.3414
-6.9806 18.0401 -9.22239
-7.3406 20.0321 -12.4944
-9.8136 17.3871 -13.8594
-11.7356 17.6531 -10.5274
-11.7206 21.5171 -10.6914
-12.9476 21.6011 -14.3614

-15.8206 19.2791 -13.2444
-16.6206 21.8211 -10.3994
-15.5446 19.2201 -7.75539
-12.5246 21.1271 -6.27939
-11.3496 24.7421 -5.70739
-7.8916 23.3031 -4.97239
-5.4176 24.4391 -7.61739
-1.9776 22.7671 -7.14439
-0.0925991 24.5731 -10.0334

0.913401 27.6621 -7.95139
2.9614 25.4731 -5.50839
5.3084 24.1561 -8.28739
6.1594 27.5531 -9.84639

7.4244 28.5121 -6.31639
9.9094 25.5391 -5.89339

End chain 1
