-13.201 -6.296 -53.957
-10.703 -3.406 -53.291
-9.54 -3.087 -49.639
-11.02 0.322 -48.639
-8.614 1.85 -46.053
-10.787 3.126 -43.162

-9.634 6.195 -41.181
-10.061 4.9 -37.589
-10.286 6.838 -34.306
-12.195 7.103 -30.979
-14.163 9.439 -28.711
-12.619 10.223 -25.263
-14.157 12.207 -22.344

-11.943 15.248 -21.466
-14.301 16.978 -18.949
-17.827 16.65 -17.399
-19.139 18.761 -20.353

-16.752 17.96 -23.312
-15.482 14.956 -25.281
-12.62 14.751 -27.824
-12.437 12.939 -31.204
-8.982 11.264 -31.393
-8.672 10.357 -35.1

-6.282 10.744 -38.079
-6.98 13.557 -40.6
-9.895 13.022 -43.051

-11.208 15.853 -45.293
-14.92 14.856 -45.011
-14.611 14.37 -41.226
-13.015 17.857 -40.827
-15.875 19.254 -42.999
-18.403 17.482 -40.669
-16.559 18.759 -37.515
-16.844 22.341 -38.957

-20.697 21.797 -39.029
-20.861 21.033 -35.24
-22.116 23.933 -33.104
-20.016 23.255 -29.939
-16.791 22.621 -31.971

-13.393 23.436 -30.391
-10.011 22.816 -32.063
-6.805 22.812 -29.99

-3.883 23.919 -32.209
-1.328 22.314 -29.773
-2.753 18.736 -29.691
-4.334 19.137 -33.217

-7.578 17.622 -31.79
-11.313 18.386 -31.995
-13.683 18.544 -28.991
-17.466 19.001 -28.65
-20.131 19.402 -25.91

-21.257 16.038 -24.476
-24.923 16.743 -25.497
-23.731 16.722 -29.178
-22.178 13.179 -28.839
-25.228 11.354 -30.322
-25.57 14.044 -33.093
-21.852 13.682 -34.021
-21.815 9.829 -34.037
-25.045 9.774 -36.128
-23.507 12.176 -38.75
-20.093 10.348 -38.803

-21.793 6.948 -39.527
-22.962 8.546 -42.834
-19.328 9.196 -43.991
-17.677 6.563 -46.261
-14.251 5.2 -45.121

-14.46 6.789 -41.562
-14.765 4.819 -38.279
-15.142 6.964 -35.114
-15.663 4.659 -32.101

-18.218 6.249 -29.657
-17.862 6.903 -25.912
-18.35 3.469 -24.195
-21.794 2.549 -22.772
-20.235 2.829 -19.255
-19.534 6.58 -19.812
-22.964 7.196 -21.431
-24.623 5.531 -18.378
-22.42 7.523 -15.909

-23.028 10.919 -17.654
-26.668 10.153 -18.714
-27.851 13.482 -17.123

-25.214 15.594 -18.963
-26 13.8 -22.296
-29.631 15.147 -21.909

-29.014 18.802 -20.797
-28.522 21.656 -23.337
-27.494 23.803 -20.296
-24.374 24.206 -18.108
-26.03 23.63 -14.722
-23.195 22.587 -12.38
-23.731 19.355 -10.334

-27.219 19.392 -8.694
-26.798 20.208 -4.988
-26.578 17.032 -2.906
-29.814 16.999 -0.82
-29.276 16.946 2.956
-30.305 13.551 4.343

-32.727 13.25 7.268
-30.389 11.851 9.975
-33.077 12.019 12.787
-33.159 8.159 12.923
-29.32 8.149 13.454
-27.82 8.306 16.969

-27.52 12.074 17.913
-23.991 11.509 19.371
-22.796 10.469 15.867
-24.731 13.185 13.93
-23.402 16.008 16.22
-19.738 14.82 15.861

-19.687 14.822 11.995
-17.445 17.587 10.586

-19.106 19.692 7.763
-17.231 17.783 4.996
-18.064 14.402 6.666
-21.796 15.407 6.677
-21.562 16.318 2.947
-19.943 12.855 2.346
-22.788 11.075 4.244
-25.363 13.084 2.191
-23.555 12.165 -1.104
-23.43 8.459 -0.115
-27.196 8.491 0.728
-28.024 10.343 -2.565

-25.973 7.645 -4.472
-28.214 5.048 -2.67
-25.512 3.7 -0.27

-23.352 2.353 -3.174
-19.956 4.118 -3.237
-16.209 4.012 -2.721
-15.295 6.541 0.021

-11.694 7.195 -1.128

-11.135 10.189 1.225
-7.504 10.605 2.377

-6.048 8.715 5.398
-7.361 9.956 8.784
-10.233 12.169 7.374
-12.706 9.981 9.408

-13.844 7.354 6.831
-15.012 5.081 9.734
-17.363 7.714 11.316
-18.876 8.506 7.854
-19.282 4.738 7.09
-21.02 4.042 10.461
-23.415 6.996 9.798
-24.247 5.855 6.195
-24.846 2.277 7.463
-26.955 3.52 10.461
-29.227 5.531 8.078

-29.9 2.058 6.507

-30.384 0.293 9.981
-33.886 -0.857 8.77
-32.05 -2.956 6.062
-29.626 -4.868 8.41
-27.981 -7.413 9.17

-24.774 -5.448 8.488
-21.551 -7.137 7.269
-18.235 -5.328 7.997
-15.132 -6.739 6.223
-11.829 -5.357 7.603

-8.05 -6.016 7.986
-7.416 -8.82 10.567
-5.856 -6.305 13.093
-8.689 -3.64 13.199

-11.758 -5.868 14.003
-11.895 -4.753 17.675
-11.154 -1.102 16.63
-14.365 -1.304 14.506
-16.414 -2.897 17.375
-15.268 -0.08 19.729
-16.109 2.476 16.969
-19.722 1.111 16.76
-20.082 1.14 20.611
-18.596 4.7 20.723
-20.823 6.195 17.978

-24.121 4.191 18.24
-24.851 3.95 22.056
-28.388 2.791 20.948
-26.764 -0.701 20.406
-26.03 -3.285 23.117

-22.632 -5.104 22.857
-24.638 -8.32 22.08
-25.78 -6.667 18.791

-22.091 -6.816 17.576
-20.505 -10.124 16.488
-16.681 -10.041 16.081

-15.702 -13.116 14.035
-12.316 -14.303 15.372
-12.201 -17.837 13.813
-13.405 -19.799 10.735
-15.769 -21.82 13.07
-17.788 -18.808 14.317
-21.352 -17.917 13.159
-21.075 -14.973 10.701
-24.816 -14.102 11.273
-24.919 -14.166 15.127
-25.108 -10.332 15.536
-27.08 -7.466 13.995

-23.588 -6.14 13.038
-21.065 -8.833 11.965
-17.336 -7.898 11.803
-15.009 -10.302 9.887
-11.529 -10.295 8.291

-10.658 -10.74 4.577
-8.757 -14.009 5.375
-11.833 -15.546 7.113
-14.3 -14.769 4.222

-12.926 -17.715 2.14
-13.287 -20.073 5.183
-16.843 -18.74 5.845
-18.014 -18.815 2.139
-20.731 -21.415 3.044
-22.243 -18.836 5.512
-21.955 -15.894 2.989
-25.071 -17.433 1.278
-27.188 -15.451 3.825
-28.094 -12.137 2.052
-26.367 -9.235 3.842
-28.236 -6.215 2.36

-25.704 -3.677 3.792
-21.936 -4.298 3.429
-19.007 -2.145 4.602
-15.517 -3.11 3.36

-12.662 -1.237 5.059
-9.341 -0.865 3.151

-11.066 -2.352 0.031
-7.765 -2.207 -1.968
-7.252 -5.742 -0.456
-9.774 -6.866 -3.176

-7.558 -5.436 -6.054
-6.861 -8.909 -7.611
-9.913 -10.983 -8.736
-7.994 -14.348 -8.638
-7.386 -14.116 -4.839

-9.551 -16.269 -2.508
-10.568 -13.122 -0.487
-11.832 -11.409 -3.693
-13.586 -14.593 -5.006
-15.461 -14.905 -1.648
-16.313 -11.137 -1.332
-17.465 -10.353 -4.925
-20.7 -12.523 -5.003
-21.961 -10.786 -1.799
-21.004 -7.272 -3.064
-22.893 -7.826 -6.386
-26.148 -8.927 -4.576

-27.3166 -5.37104 -4.33543
-26.2895 -2.82697 -6.89134

-24.7095 -0.0986855 -4.61944
-21.2006 1.10954 -4.15489
-17.436 1.91084 -3.79853
-18.9202 3.71219 -6.89827
-20.3758 5.47741 -9.93456

-16.6878 6.06341 -10.8416
-13.9468 8.71041 -10.4496
-12.2388 7.29941 -13.5596
-14.9508 5.77641 -15.8546
-12.2118 4.97741 -18.3676
-8.79277 4.04241 -16.8996
-6.76977 4.27141 -20.1786
-8.90877 3.81341 -23.3866

-12.4348 4.41041 -24.9066
-13.0938 0.602411 -25.1236
-13.3508 0.480411 -21.2456
-16.5678 2.62841 -21.4016
-18.5768 0.152411 -23.5506
-19.8528 -2.02759 -20.6366
-20.9298 1.10641 -18.6656
-22.6868 2.59241 -21.7806
-24.7078 -0.639589 -22.3986
-25.4938 -0.927589 -18.6366
-27.0528 2.61541 -18.6186

-28.5558 2.34441 -22.1946
-28.9408 -1.37159 -23.2796
-30.1208 -0.252589 -26.8026
-26.8838 1.70841 -27.5306
-24.2858 -0.237589 -29.6146
-25.8488 -3.78659 -29.2516
-22.5248 -5.21859 -30.5936

-19.0498 -4.02059 -29.4516
-17.6678 -4.02359 -33.0546
-19.8148 -0.968589 -34.0526
-18.5138 0.967411 -30.9816
-14.9138 -0.200589 -31.6906
-14.9768 0.836411 -35.4066
-16.1868 4.36441 -34.4526
-14.3518 5.17841 -31.1646

-11.4588 2.64741 -30.7866
-9.79977 3.13041 -34.2646
-10.4478 -0.578589 -34.8806

-7.87077 -2.22559 -37.2116
-8.11977 -5.57359 -39.0536
-4.83977 -7.41659 -38.2966

-3.84377 -10.8986 -39.7246
-4.89377 -12.4656 -36.3376

-8.24977 -10.5726 -35.9306
-9.41377 -7.08959 -34.8366
-7.32377 -4.66459 -32.7546

-9.33477 -2.19359 -30.5606
-6.40377 -0.577589 -28.6016
-6.73477 2.74941 -30.4946
-8.95377 5.83641 -30.1486
-11.0818 7.89641 -32.5876
-13.8368 10.5914 -32.6656

-13.3768 11.3084 -28.8906
-15.2078 14.7064 -28.9896
-18.3078 12.9304 -30.4466
-17.9828 10.2164 -27.7426
-17.8018 12.9844 -25.0496
-21.0098 14.6224 -26.4186
-22.8428 11.2274 -26.5276
-21.7308 10.4044 -22.9406
-22.7898 13.8024 -21.4536
-26.1918 13.8524 -23.2666
-27.3688 10.2434 -22.7316

-25.1378 8.24141 -20.2656

-23.0048 10.2994 -17.8816
-23.0628 13.1934 -15.4106

-19.4598 14.4354 -14.8776
-18.1528 17.4364 -12.8886
-14.5778 18.2714 -11.9146

-13.0518 19.7554 -8.68656
-12.4408 22.9594 -10.7086
-16.1958 23.2084 -11.6086
-17.6358 22.8384 -8.04856

-14.8248 23.3334 -5.42656
-12.8638 26.5684 -6.25756
-11.4498 26.3314 -2.65756
-9.44477 23.0634 -3.07356

-5.64577 23.7574 -3.08856
-3.89277 23.0234 -6.41256

-2.23677 19.6534 -7.15556
1.37923 20.5014 -8.13356
2.91623 17.6114 -10.1356
6.59523 17.1134 -11.0826
8.95723 14.5044 -12.4846
11.9982 13.8094 -10.2436
14.8172 12.2554 -12.2986

16.5972 10.0544 -9.70756
20.3122 9.87341 -10.5176

21.2962 6.64241 -12.4406
24.9112 7.11341 -11.1126
23.8732 4.92141 -8.09056

22.8322 2.13241 -10.5756
25.9702 -0.0485889 -10.5096

27.4762 -1.32159 -13.8076
26.1642 -4.93959 -13.2666
22.5422 -3.74159 -12.7156
22.8192 -1.41159 -15.7766
24.2482 -4.25659 -17.9286
21.3102 -6.47359 -16.7436
18.7642 -3.73859 -17.7416
20.5612 -3.34059 -21.1316
20.4742 -7.16659 -21.5626
16.7012 -7.47559 -20.8146
16.0132 -4.42359 -23.0826
17.9682 -6.09959 -25.9696
16.1942 -9.41259 -25.1786
12.6972 -7.86059 -25.7626
13.7882 -6.52959 -29.2336

15.2682 -9.85959 -30.4856
13.4382 -10.9576 -33.6906
13.5792 -14.7376 -33.1556
11.7082 -14.8986 -29.7706
8.13523 -16.1266 -29.2636

5.33923 -13.7396 -28.1096
5.65823 -15.4016 -24.6466
9.48023 -14.9426 -24.3576
8.92923 -11.2406 -25.3286
6.34023 -10.8876 -22.4536
8.70823 -12.7076 -20.0166
11.6572 -10.4156 -20.9736
9.30623 -7.37759 -20.5176
8.29123 -8.57959 -16.9936
12.0062 -9.16059 -16.1866
12.9762 -5.63959 -17.4586
10.1492 -4.10059 -15.3436
11.1042 -6.04959 -12.1456
14.8372 -5.13259 -12.7126
13.7872 -1.44259 -13.0726
12.1362 -1.63159 -9.61256
15.2962 -3.21259 -8.04356
17.5962 -0.651589 -9.77156
15.5972 2.32241 -8.32556
15.5442 1.12641 -4.62756
18.8312 2.87941 -3.49056
17.8942 6.31241 -4.96256
14.2092 5.95741 -3.92256
15.5502 5.40941 -0.351557
18.0222 8.35241 -0.738557
15.0952 10.6034 -1.82156
12.7832 9.45141 1.06844
15.5882 10.2194 3.57944
16.2422 13.6694 1.95444
12.4932 14.4664 2.43044
12.6202 13.4554 6.15544
15.9452 15.3204 6.74544

14.2872 18.3994 5.06244
11.8072 18.3844 8.03644
8.63823 17.0874 6.24544
5.94423 16.1344 8.77344
3.69123 13.7854 6.64944

3.91023 12.1904 3.16844
2.74223 9.11441 1.19744
5.11223 6.75241 -0.677557
3.52623 4.68541 -3.48156
5.14723 1.53041 -4.95256

3.76523 -1.77059 -6.42956
6.64323 -4.31459 -6.37456

6.77423 -5.99859 -2.92156
10.6372 -5.79659 -2.86356
10.4072 -1.93959 -3.10556
7.80423 -1.75459 -0.261557
9.96523 -4.18959 1.82444
13.2302 -2.20759 1.27044
11.5532 1.17141 2.11644
10.0002 -0.257589 5.35544
13.3362 -1.89059 6.38544
15.2782 1.41241 5.96544
12.5922 3.42541 7.87344
12.8102 0.834411 10.7384
16.6722 1.05841 10.6234

16.3842 4.91341 10.8794
13.7162 4.48141 13.6804
11.1382 6.44141 11.5784
7.53423 5.75441 12.6474

5.53123 4.76341 9.53644
2.44623 2.79541 8.37044
2.36823 0.0784111 5.65444
-0.633767 -1.02259 3.51044

-0.367767 -3.74459 0.812443
-2.20077 -6.84059 -0.601557
-1.62277 -8.75759 2.70744
-3.05677 -6.00859 5.02344
-6.56977 -7.01359 6.21244
-9.73277 -4.91759 5.55644
-10.1058 -3.80959 9.24444

-6.34777 -3.16759 9.83144
-6.35677 -0.942589 6.66444
-8.91777 1.38941 8.32844
-7.06877 1.33441 11.7124
-3.63277 2.12241 10.1044
-5.37377 4.89141 8.08144
-6.70777 6.37941 11.3814
-3.23077 5.99641 13.0344
-1.58277 8.01241 10.1664
-4.43077 10.6124 10.2164
-4.50477 11.1764 14.0274

-0.871767 10.5134 15.1614
1.71223 13.2954 14.4754
4.51523 10.6674 14.9254
3.70423 8.66341 11.7474
5.67323 10.6444 9.12644

5.53123 8.12041 6.21344
2.77123 5.94941 4.73444
4.23323 3.08741 2.60444
1.37723 2.17741 0.231443
0.803233 -0.350589 -2.55656

-0.508767 1.54541 -5.65756
-2.93777 -1.36459 -6.36656
-4.00077 -2.21359 -2.76956
-4.48777 1.38041 -1.40256
-6.20977 2.90941 -4.53556
-9.67077 2.43541 -2.84756
-11.6688 3.39141 0.303443
-8.90177 5.15741 2.29844
-8.45277 8.92941 2.98344
-4.99977 10.4724 3.69244
-5.83677 14.2074 4.13844
-3.12677 14.5394 6.89144
-0.342767 14.4744 4.21844
0.541233 17.2794 1.72144

2.98823 15.2024 -0.420557
2.67923 12.0384 -2.56256
5.84623 10.2714 -3.84756
5.46923 7.63841 -6.59156

8.62923 5.51541 -6.14756
7.42023 3.49541 -9.17856
5.40923 4.29841 -12.3266
2.21623 2.33341 -13.1226
1.13023 1.77941 -16.7896
-2.51577 2.75141 -16.0446

-3.05577 6.52841 -15.3966
-6.52877 5.98041 -13.8336
-4.82777 4.11341 -10.9136
-2.20877 6.90941 -10.4986
-5.04577 9.53741 -10.3446
-6.92577 7.29741 -7.80956
-3.74777 7.29041 -5.62956
-3.27377 11.1414 -5.86156

-6.97177 11.6164 -4.84356
-6.29777 9.76941 -1.55956
-4.67677 13.0494 -0.294557
-6.60877 15.5714 -2.43956
-9.99277 15.0784 -0.615557
-12.5328 17.2524 1.26744
-10.6088 18.1944 4.46444
-7.30077 18.9664 2.64244
-6.07177 22.5664 3.35644
-2.54977 22.4974 1.74344
-1.44677 22.4604 -1.94256

-0.824767 18.7794 -2.76556
2.66523 17.9584 -4.09756
2.92723 14.9074 -6.43256
6.48823 13.6554 -7.17356
6.99223 10.9714 -9.88556
10.4122 9.27641 -9.37756
11.9452 8.26041 -12.7806

15.3342 6.76041 -13.8026
17.0352 7.27941 -17.2316
18.1412 3.91441 -18.7556
15.1182 1.93941 -17.3376
11.4462 0.939411 -17.9636

10.4342 4.52341 -16.8846
11.7532 5.86741 -20.2686
8.97323 3.85941 -22.0786
6.27423 3.93641 -19.3446
6.23823 7.75041 -18.9246
5.42723 8.59241 -22.6386
2.84223 5.70541 -22.5886
1.13323 7.14241 -19.4446
1.14623 10.6554 -21.0616
-0.546767 9.57241 -24.3436
-3.14777 7.64741 -22.2286
-3.98977 10.7824 -20.1096
-4.34977 12.7744 -23.3816
-6.82277 10.1294 -24.7466
-8.74477 10.3954 -21.4146
-8.72977 14.2594 -21.5786
-9.95677 14.3434 -25.2486

-12.8298 12.0214 -24.1316
-13.6298 14.5634 -21.2866
-12.5538 11.9624 -18.6426
-9.53377 13.8694 -17.1666
-8.35877 17.4844 -16.5946
-4.90077 16.0454 -15.8596
-2.42677 17.1814 -18.5046
1.01323 15.5094 -18.0316
2.89823 17.3154 -20.9206

3.90423 20.4044 -18.8386
5.95223 18.2154 -16.3956
8.29923 16.8984 -19.1746
9.15023 20.2954 -20.7336

10.4152 21.2544 -17.2036
12.9002 18.2814 -16.7806

End chain 1
