-13.201 -6.296 -53.957
-10.703 -3.406 -53.291
-9.54 -3.087 -49.639
-11.02 0.322 -48.639
-8.614 1.85 -46.053
-10.787 3.126 -43.162

-9.634 6.195 -41.181
-10.061 4.9 -37.589
-10.286 6.838 -34.306
-12.195 7.103 -30.979
-14.163 9.439 -28.711
-12.619 10.223 -25.263
-14.157 12.207 -22.344

-11.943 15.248 -21.466
-14.301 16.978 -18.949
-17.827 16.65 -17.399
-19.139 18.761 -20.353

-16.752 17.96 -23.312
-15.482 14.956 -25.281
-12.62 14.751 -27.824
-12.437 12.939 -31.204
-8.982 11.264 -31.393
-8.672 10.357 -35.1

-6.282 10.744 -38.079
-6.98 13.557 -40.6
-9.895 13.022 -43.051

-11.208 15.853 -45.293
-14.92 14.856 -45.011
-14.611 14.37 -41.226
-13.015 17.857 -40.827
-15.875 19.254 -42.999
-18.403 17.482 -40.669
-16.559 18.759 -37.515
-16.844 22.341 -38.957

-20.697 21.797 -39.029
-20.861 21.033 -35.24
-22.116 23.933 -33.104
-20.016 23.255 -29.939
-16.791 22.621 -31.971

-13.393 23.436 -30.391
-10.011 22.816 -32.063
-6.805 22.812 -29.99

-3.883 23.919 -32.209
-1.328 22.314 -29.773
-2.753 18.736 -29.691
-4.334 19.137 -33.217

-7.578 17.622 -31.79
-11.313 18.386 -31.995
-13.683 18.544 -28.991
-17.466 19.001 -28.65
-20.131 19.402 -25.91

-21.257 16.038 -24.476
-24.923 16.743 -25.497
-23.731 16.722 -29.178
-22.178 13.179 -28.839
-25.228 11.354 -30.322
-25.57 14.044 -33.093
-21.852 13.682 -34.021
-21.815 9.829 -34.037
-25.045 9.774 -36.128
-23.507 12.176 -38.75
-20.093 10.348 -38.803

-21.793 6.948 -39.527
-22.962 8.546 -42.834
-19.328 9.196 -43.991
-17.677 6.563 -46.261
-14.251 5.2 -45.121

-14.46 6.789 -41.562
-14.765 4.819 -38.279
-15.142 6.964 -35.114
-15.663 4.659 -32.101

-18.218 6.249 -29.657
-17.862 6.903 -25.912
-18.35 3.469 -24.195
-21.794 2.549 -22.772
-20.235 2.829 -19.255
-19.534 6.58 -19.812
-22.964 7.196 -21.431
-24.623 5.531 -18.378
-22.42 7.523 -15.909

-23.028 10.919 -17.654
-26.668 10.153 -18.714
-27.851 13.482 -17.123

-25.214 15.594 -18.963
-26 13.8 -22.296
-29.631 15.147 -21.909

-29.014 18.802 -20.797
-28.522 21.656 -23.337
-27.494 23.803 -20.296
-24.374 24.206 -18.108
-26.03 23.63 -14.722
-23.195 22.587 -12.38
-23.731 19.355 -10.334

-27.219 19.392 -8.694
-26.798 20.208 -4.988
-26.578 17.032 -2.906
-29.814 16.999 -0.82
-29.276 16.946 2.956
-30.305 13.551 4.343

-32.727 13.25 7.268
-30.389 11.851 9.975
-33.077 12.019 12.787
-33.159 8.159 12.923
-29.32 8.149 13.454
-27.82 8.306 16.969

-27.52 12.074 17.913
-23.991 11.509 19.371
-22.796 10.469 15.867
-24.731 13.185 13.93
-23.402 16.008 16.22
-19.738 14.82 15.861

-19.687 14.822 11.995
-17.445 17.587 10.586

-19.106 19.692 7.763
-17.231 17.783 4.996
-18.064 14.402 6.666
-21.796 15.407 6.677
-21.562 16.318 2.947
-19.943 12.855 2.346
-22.788 11.075 4.244
-25.363 13.084 2.191
-23.555 12.165 -1.104
-23.43 8.459 -0.115
-27.196 8.491 0.728
-28.024 10.343 -2.565

-25.973 7.645 -4.472
-28.214 5.048 -2.67
-25.512 3.7 -0.27

-23.352 2.353 -3.174
-19.956 4.118 -3.237
-16.209 4.012 -2.721
-15.295 6.541 0.021

-11.694 7.195 -1.128

-11.135 10.189 1.225
-7.504 10.605 2.377

-6.048 8.715 5.398
-7.361 9.956 8.784
-10.233 12.169 7.374
-12.706 9.981 9.408

-13.844 7.354 6.831
-15.012 5.081 9.734
-17.363 7.714 11.316
-18.876 8.506 7.854
-19.282 4.738 7.09
-21.02 4.042 10.461
-23.415 6.996 9.798
-24.247 5.855 6.195
-24.846 2.277 7.463
-26.955 3.52 10.461
-29.227 5.531 8.078

-29.9 2.058 6.507

-30.384 0.293 9.981
-33.886 -0.857 8.77
-32.05 -2.956 6.062
-29.626 -4.868 8.41
-27.981 -7.413 9.17

-24.774 -5.448 8.488
-21.551 -7.137 7.269
-18.235 -5.328 7.997
-15.132 -6.739 6.223
-11.829 -5.357 7.603

-8.05 -6.016 7.986
-7.416 -8.82 10.567
-5.856 -6.305 13.093
-8.689 -3.64 13.199

-11.758 -5.868 14.003
-11.895 -4.753 17.675
-11.154 -1.102 16.63
-14.365 -1.304 14.506
-16.414 -2.897 17.375
-15.268 -0.08 19.729
-16.109 2.476 16.969
-19.722 1.111 16.76
-20.082 1.14 20.611
-18.596 4.7 20.723
-20.823 6.195 17.978

-24.121 4.191 18.24
-24.851 3.95 22.056
-28.388 2.791 20.948
-26.764 -0.701 20.406
-26.03 -3.285 23.117

-22.632 -5.104 22.857
-24.638 -8.32 22.08
-25.78 -6.667 18.791

-22.091 -6.816 17.576
-20.505 -10.124 16.488
-16.681 -10.041 16.081

-15.702 -13.116 14.035
-12.316 -14.303 15.372
-12.201 -17.837 13.813
-13.405 -19.799 10.735
-15.769 -21.82 13.07
-17.788 -18.808 14.317
-21.352 -17.917 13.159
-21.075 -14.973 10.701
-24.816 -14.102 11.273
-24.919 -14.166 15.127
-25.108 -10.332 15.536
-27.08 -7.466 13.995

-23.588 -6.14 13.038
-21.065 -8.833 11.965
-17.336 -7.898 11.803
-15.009 -10.302 9.887
-11.529 -10.295 8.291

-10.658 -10.74 4.577
-8.757 -14.009 5.375
-11.833 -15.546 7.113
-14.3 -14.769 4.222

-12.926 -17.715 2.14
-13.287 -20.073 5.183
-16.843 -18.74 5.845
-18.014 -18.815 2.139
-20.731 -21.415 3.044
-22.243 -18.836 5.512
-21.955 -15.894 2.989
-25.071 -17.433 1.278
-27.188 -15.451 3.825
-28.094 -12.137 2.052
-26.367 -9.235 3.842
-28.236 -6.215 2.36

-25.704 -3.677 3.792
-21.936 -4.298 3.429
-19.007 -2.145 4.602
-15.517 -3.11 3.36

-13.3943 -4.7341 6.1308
-15.5746 -7.95987 6.06049

-17.0875 -8.19495 2.58214
-20.5588 -7.44679 3.93598
-19.276 -4.40161 5.81324
-17.5624 -3.07778 2.69013

-15.3464 -1.64778 -0.187871
-14.6494 -5.12078 -1.74487
-17.7014 -7.19478 -2.86987
-15.7824 -10.5598 -2.77187
-15.1744 -10.3278 1.02713

-17.3394 -12.4808 3.35813
-18.3564 -9.33378 5.37913
-19.6204 -7.62078 2.17313
-21.3744 -10.8048 0.860129
-23.2494 -11.1168 4.21813
-24.1014 -7.34878 4.53413
-25.2534 -6.56478 0.941129
-28.4884 -8.73478 0.863129
-29.7494 -6.99778 4.06713
-28.7924 -3.48378 2.80213
-30.6814 -4.03778 -0.519871
-33.9364 -5.13878 1.29013

-33.8604 -2.85578 4.40113
-36.1604 0.246219 4.16213

-33.6144 2.67222 5.76213
-29.8074 2.44122 5.23713
-27.5574 4.86522 7.15613
-23.9334 4.33122 6.04313
-21.2154 6.26722 7.95413

-17.5274 6.85322 7.04713
-14.7864 9.50022 7.43913
-13.0784 8.08922 4.32913
-15.7904 6.56622 2.03413
-13.0514 5.76722 -0.478871
-9.63236 4.83222 0.989129
-7.60936 5.06122 -2.28987
-9.74836 4.60322 -5.49787

-13.2744 5.20022 -7.01787
-13.9334 1.39222 -7.23487
-14.1904 1.27022 -3.35687
-17.4074 3.41822 -3.51287
-19.4164 0.942219 -5.66187
-20.6924 -1.23778 -2.74787
-21.7694 1.89622 -0.776871
-23.5264 3.38222 -3.89187
-25.5474 0.150219 -4.50987
-26.3334 -0.137781 -0.747871
-27.8924 3.40522 -0.729871

-29.3954 3.13422 -4.30587
-29.7804 -0.581781 -5.39087
-30.9604 0.537219 -8.91387
-27.7234 2.49822 -9.64187
-25.1254 0.552219 -11.7259
-26.6884 -2.99678 -11.3629
-23.3644 -4.42878 -12.7049

-19.8894 -3.23078 -11.5629
-18.5074 -3.23378 -15.1659
-20.6544 -0.178781 -16.1639
-19.3534 1.75722 -13.0929
-15.7534 0.589219 -13.8019
-15.8164 1.62622 -17.5179
-17.0264 5.15422 -16.5639
-15.1914 5.96822 -13.2759

-12.2984 3.43722 -12.8979
-10.6394 3.92022 -16.3759
-11.2874 0.211219 -16.9919

-8.71036 -1.43578 -19.3229
-8.95936 -4.78378 -21.1649
-5.67936 -6.62678 -20.4079

-4.68336 -10.1088 -21.8359
-5.73336 -11.6758 -18.4489

-9.08936 -9.78278 -18.0419
-10.2534 -6.29978 -16.9479
-8.16336 -3.87478 -14.8659

-10.1744 -1.40378 -12.6719
-7.24336 0.212219 -10.7129
-7.57436 3.53922 -12.6059
-9.79336 6.62622 -12.2599
-11.9214 8.68622 -14.6989
-14.6764 11.3812 -14.7769

-14.2164 12.0982 -11.0019
-16.0474 15.4962 -11.1009
-19.1474 13.7202 -12.5579
-18.8224 11.0062 -9.85387
-18.6414 13.7742 -7.16087
-21.8494 15.4122 -8.52987
-23.6824 12.0172 -8.63887
-22.5704 11.1942 -5.05187
-23.6294 14.5922 -3.56487
-27.0314 14.6422 -5.37787
-28.2084 11.0332 -4.84287

-25.9774 9.03122 -2.37687

-23.8444 11.0892 0.00712922
-23.9024 13.9832 2.47813

-20.2994 15.2252 3.01113
-18.9924 18.2262 5.00013
-15.4174 19.0612 5.97413

-13.8914 20.5452 9.20213
-13.2804 23.7492 7.18013
-17.0354 23.9982 6.28013
-18.4754 23.6282 9.84013

-15.6644 24.1232 12.4621
-13.7034 27.3582 11.6311
-12.2894 27.1212 15.2311
-10.2844 23.8532 14.8151

-6.48536 24.5472 14.8001
-4.73236 23.8132 11.4761

-3.07636 20.4432 10.7331
0.539638 21.2912 9.75513
2.07664 18.4012 7.75313
5.75564 17.9032 6.80613
8.11764 15.2942 5.40413
11.1586 14.5992 7.64513
13.9776 13.0452 5.59013

15.7576 10.8442 8.18113
19.4726 10.6632 7.37113

20.4566 7.43222 5.44813
24.0716 7.90322 6.77613
23.0336 5.71122 9.79813

21.9926 2.92222 7.31313
25.1306 0.741219 7.37913

26.6366 -0.531781 4.08113
25.3246 -4.14978 4.62213
21.7026 -2.95178 5.17313
21.9796 -0.621781 2.11213
23.4086 -3.46678 -0.0398708
20.4706 -5.68378 1.14513
17.9246 -2.94878 0.147129
19.7216 -2.55078 -3.24287
19.6346 -6.37678 -3.67387
15.8616 -6.68578 -2.92587
15.1736 -3.63378 -5.19387
17.1286 -5.30978 -8.08087
15.3546 -8.62278 -7.28987
11.8576 -7.07078 -7.87387
12.9486 -5.73978 -11.3449

14.4286 -9.06978 -12.5969
12.5986 -10.1678 -15.8019
12.7396 -13.9478 -15.2669
10.8686 -14.1088 -11.8819
7.29564 -15.3368 -11.3749

4.49964 -12.9498 -10.2209
4.81864 -14.6118 -6.75787
8.64064 -14.1528 -6.46887
8.08964 -10.4508 -7.43987
5.50064 -10.0978 -4.56487
7.86864 -11.9178 -2.12787
10.8176 -9.62578 -3.08487
8.46664 -6.58778 -2.62887
7.45164 -7.78978 0.895129
11.1666 -8.37078 1.70213
12.1366 -4.84978 0.430129
9.30964 -3.31078 2.54513
10.2646 -5.25978 5.74313
13.9976 -4.34278 5.17613
12.9476 -0.652781 4.81613
11.2966 -0.841781 8.27613
14.4566 -2.42278 9.84513
16.7566 0.138219 8.11713
14.7576 3.11222 9.56313
14.7046 1.91622 13.2611
17.9916 3.66922 14.3981
17.0546 7.10222 12.9261
13.3696 6.74722 13.9661
14.7106 6.19922 17.5371
17.1826 9.14222 17.1501
14.2556 11.3932 16.0671
11.9436 10.2412 18.9571
14.7486 11.0092 21.4681
15.4026 14.4592 19.8431
11.6536 15.2562 20.3191
11.7806 14.2452 24.0441
15.1056 16.1102 24.6341

13.4476 19.1892 22.9511
10.9676 19.1742 25.9251
7.79864 17.8772 24.1341
5.10464 16.9242 26.6621
2.85164 14.5752 24.5381

3.07064 12.9802 21.0571
1.90264 9.90422 19.0861
4.27264 7.54222 17.2111
2.68664 5.47522 14.4071
4.30764 2.32022 12.9361

2.92564 -0.980781 11.4591
5.80364 -3.52478 11.5141

5.93464 -5.20878 14.9671
9.79764 -5.00678 15.0251
9.56764 -1.14978 14.7831
6.96464 -0.964781 17.6271
9.12564 -3.39978 19.7131
12.3906 -1.41778 19.1591
10.7136 1.96122 20.0051
9.16064 0.532219 23.2441
12.4966 -1.10078 24.2741
14.4386 2.20222 23.8541
11.7526 4.21522 25.7621
11.9706 1.62422 28.6271
15.8326 1.84822 28.5121

15.5446 5.70322 28.7681
12.8766 5.27122 31.5691
10.2986 7.23122 29.4671
6.69464 6.54422 30.5361

4.69164 5.55322 27.4251
1.60664 3.58522 26.2591
1.52864 0.868219 23.5431
-1.47336 -0.232781 21.3991

-1.20736 -2.95478 18.7011
-3.04036 -6.05078 17.2871
-2.46236 -7.96778 20.5961
-3.89636 -5.21878 22.9121
-7.40936 -6.22378 24.1011
-10.5724 -4.12778 23.4451
-10.9454 -3.01978 27.1331

-7.18736 -2.37778 27.7201
-7.19636 -0.152781 24.5531
-9.75736 2.17922 26.2171
-7.90836 2.12422 29.6011
-4.47236 2.91222 27.9931
-6.21336 5.68122 25.9701
-7.54736 7.16922 29.2701
-4.07036 6.78622 30.9231
-2.42236 8.80222 28.0551
-5.27036 11.4022 28.1051
-5.34436 11.9662 31.9161

-1.71136 11.3032 33.0501
0.872638 14.0852 32.3641
3.67564 11.4572 32.8141
2.86464 9.45322 29.6361
4.83364 11.4342 27.0151

4.69164 8.91022 24.1021
1.93164 6.73922 22.6231
3.39364 3.87722 20.4931
0.537638 2.96722 18.1201
-0.0363623 0.439219 15.3321

-1.34836 2.33522 12.2311
-3.77736 -0.574781 11.5221
-4.84036 -1.42378 15.1191
-5.32736 2.17022 16.4861
-7.04936 3.69922 13.3531
-10.5104 3.22522 15.0411
-12.5084 4.18122 18.1921
-9.74136 5.94722 20.1871
-9.29236 9.71922 20.8721
-5.83936 11.2622 21.5811
-6.67636 14.9972 22.0271
-3.96636 15.3292 24.7801
-1.18236 15.2642 22.1071
-0.298362 18.0692 19.6101

2.14864 15.9922 17.4681
1.83964 12.8282 15.3261
5.00664 11.0612 14.0411
4.62964 8.42822 11.2971

7.78964 6.30522 11.7411
6.58064 4.28522 8.71013
4.56964 5.08822 5.56213
1.37664 3.12322 4.76613
0.290638 2.56922 1.09913
-3.35536 3.54122 1.84413

-3.89536 7.31822 2.49213
-7.36836 6.77022 4.05513
-5.66736 4.90322 6.97513
-3.04836 7.69922 7.39013
-5.88536 10.3272 7.54413
-7.76536 8.08722 10.0791
-4.58736 8.08022 12.2591
-4.11336 11.9312 12.0271

-7.81136 12.4062 13.0451
-7.13736 10.5592 16.3291
-5.51636 13.8392 17.5941
-7.44836 16.3612 15.4491
-10.8324 15.8682 17.2731
-13.3724 18.0422 19.1561
-11.4484 18.9842 22.3531
-8.14036 19.7562 20.5311
-6.91136 23.3562 21.2451
-3.38936 23.2872 19.6321
-2.28636 23.2502 15.9461

-1.66436 19.5692 15.1231
1.82564 18.7482 13.7911
2.08764 15.6972 11.4561
5.64864 14.4452 10.7151
6.15264 11.7612 8.00313
9.57264 10.0662 8.51113
11.1056 9.05022 5.10813

14.4946 7.55022 4.08613
16.1956 8.06922 0.657129
17.3016 4.70422 -0.866871
14.2786 2.72922 0.551129
10.6066 1.72922 -0.0748708

9.59464 5.31322 1.00413
10.9136 6.65722 -2.37987
8.13364 4.64922 -4.18987
5.43464 4.72622 -1.45587
5.39864 8.54022 -1.03587
4.58764 9.38222 -4.74987
2.00264 6.49522 -4.69987
0.293638 7.93222 -1.55587
0.306638 11.4452 -3.17287
-1.38636 10.3622 -6.45487
-3.98736 8.43722 -4.33987
-4.82936 11.5722 -2.22087
-5.18936 13.5642 -5.49287
-7.66236 10.9192 -6.85787
-9.58436 11.1852 -3.52587
-9.56936 15.0492 -3.68987
-10.7964 15.1332 -7.35987

-13.6694 12.8112 -6.24287
-14.4694 15.3532 -3.39787
-13.3934 12.7522 -0.753871
-10.3734 14.6592 0.722129
-9.19836 18.2742 1.29413
-5.74036 16.8352 2.02913
-3.26636 17.9712 -0.615871
0.173638 16.2992 -0.142871
2.05864 18.1052 -3.03187

3.06464 21.1942 -0.949871
5.11264 19.0052 1.49313
7.45964 17.6882 -1.28587
8.31064 21.0852 -2.84487

9.57564 22.0442 0.685129
12.0606 19.0712 1.10813

End chain 1
