-13.201 -6.296 -53.957
-10.703 -3.406 -53.291
-9.54 -3.087 -49.639
-11.02 0.322 -48.639
-8.614 1.85 -46.053
-10.787 3.126 -43.162

-9.634 6.195 -41.181
-10.061 4.9 -37.589
-10.286 6.838 -34.306
-12.195 7.103 -30.979
-14.163 9.439 -28.711
-12.619 10.223 -25.263
-14.157 12.207 -22.344

-11.943 15.248 -21.466
-14.301 16.978 -18.949
-17.827 16.65 -17.399
-19.139 18.761 -20.353

-16.752 17.96 -23.312
-15.482 14.956 -25.281
-12.62 14.751 -27.824
-12.437 12.939 -31.204
-8.982 11.264 -31.393
-8.672 10.357 -35.1

-6.56022 7.35984 -36.1599
-5.91241 4.68216 -38.7941
-3.09811 6.31487 -40.8478

-1.52411 7.43059 -37.5736
-1.07592 3.82804 -36.4495
0.586606 2.90625 -39.7402
2.98475 5.8413 -39.4622
3.93216 4.85626 -35.9161
4.61014 1.27403 -36.9889
6.82542 2.44648 -39.8456
8.81615 4.68825 -37.5102

4.96315 4.14425 -37.5822
4.79915 3.38025 -33.7932
3.54415 6.28025 -31.6572
5.64415 5.60225 -28.4922
8.86915 4.96825 -30.5242

12.2671 5.78325 -28.9442
15.6491 5.16325 -30.6162
18.8551 5.15925 -28.5432

21.7771 6.26625 -30.7622
24.3321 4.66125 -28.3262
22.9071 1.08325 -28.2442
21.3261 1.48425 -31.7702

18.0821 -0.0307493 -30.3432
14.3471 0.733251 -30.5482
11.9771 0.891251 -27.5442
8.19415 1.34825 -27.2032
5.52915 1.74925 -24.4632

4.40315 -1.61475 -23.0292
0.737147 -0.909749 -24.0502
1.92915 -0.930749 -27.7312
3.48215 -4.47375 -27.3922
0.432147 -6.29875 -28.8752
0.0901469 -3.60875 -31.6462
3.80815 -3.97075 -32.5742
3.84515 -7.82375 -32.5902
0.615147 -7.87875 -34.6812
2.15315 -5.47675 -37.3032
5.56715 -7.30475 -37.3562

3.86715 -10.7047 -38.0802
2.69815 -9.10675 -41.3872
6.33215 -8.45675 -42.5442
7.98315 -11.0897 -44.8142
11.4091 -12.4527 -43.6742

11.2001 -10.8637 -40.1152
10.8951 -12.8337 -36.8322
10.5181 -10.6887 -33.6672
9.99715 -12.9937 -30.6542

7.44215 -11.4037 -28.2102
7.79815 -10.7497 -24.4652
7.31015 -14.1837 -22.7482
3.86615 -15.1037 -21.3252
5.42515 -14.8237 -17.8082
6.12615 -11.0727 -18.3652
2.69615 -10.4567 -19.9842
1.03715 -12.1217 -16.9312
3.24015 -10.1297 -14.4622

2.63215 -6.73375 -16.2072
-1.00785 -7.49975 -17.2672
-2.19085 -4.17075 -15.6762

0.446147 -2.05875 -17.5162
-0.339853 -3.85275 -20.8492
-3.97085 -2.50575 -20.4622

-3.35385 1.14925 -19.3502
-2.86185 4.00325 -21.8902
-1.83385 6.15025 -18.8492
1.28615 6.55325 -16.6612
-0.369853 5.97725 -13.2752
2.46515 4.93425 -10.9332
1.92915 1.70225 -8.8872

-1.55885 1.73925 -7.2472
-1.13785 2.55525 -3.5412
-0.917853 -0.620749 -1.4592
-4.15385 -0.653749 0.626803
-3.61585 -0.706749 4.4028
-4.64485 -4.10175 5.7898

-7.06685 -4.40275 8.7148
-4.72885 -5.80175 11.4218
-7.41685 -5.63375 14.2338
-7.49885 -9.49375 14.3698
-3.65985 -9.50375 14.9008
-2.15985 -9.34675 18.4158

-1.85985 -5.57875 19.3598
1.66915 -6.14375 20.8178
2.86415 -7.18375 17.3138
0.929147 -4.46775 15.3768
2.25815 -1.64475 17.6668
5.92215 -2.83275 17.3078

5.97315 -2.83075 13.4418
8.21515 -0.0657493 12.0328

6.55415 2.03925 9.2098
8.42915 0.130251 6.4428
7.59615 -3.25075 8.1128
3.86415 -2.24575 8.1238
4.09815 -1.33475 4.3938
5.71715 -4.79775 3.7928
2.87215 -6.57775 5.6908
0.297147 -4.56875 3.6378
2.10515 -5.48775 0.342803
2.23015 -9.19375 1.3318
-1.53585 -9.16175 2.1748
-2.36385 -7.30975 -1.1182

-0.312853 -10.0077 -3.0252
-2.55385 -12.6047 -1.2232
0.148147 -13.9527 1.1768

2.30815 -15.2997 -1.7272
5.70415 -13.5347 -1.7902
9.45115 -13.6407 -1.2742
10.3651 -11.1117 1.4678

13.9661 -10.4577 0.318803

14.5251 -7.46375 2.6718
18.1561 -7.04775 3.8238

19.6121 -8.93775 6.8448
18.2991 -7.69675 10.2308
15.4271 -5.48375 8.8208
12.9541 -7.67175 10.8548

11.8161 -10.2987 8.2778
10.6481 -12.5717 11.1808
8.29715 -9.93875 12.7628
6.78415 -9.14675 9.3008
6.37815 -12.9147 8.5368
4.64015 -13.6107 11.9078
2.24515 -10.6567 11.2448
1.41315 -11.7977 7.6418
0.814147 -15.3757 8.9098
-1.29485 -14.1327 11.9078
-3.56685 -12.1217 9.5248

-4.23985 -15.5947 7.9538

-4.72385 -17.3597 11.4278
-8.22585 -18.5097 10.2168
-6.38985 -20.6087 7.5088
-3.96585 -22.5207 9.8568
-2.32085 -25.0657 10.6168

0.886147 -23.1007 9.9348
4.10915 -24.7897 8.7158
7.42515 -22.9807 9.4438
10.5281 -24.3917 7.6698
13.8311 -23.0097 9.0498

17.6101 -23.6687 9.4328
18.2441 -26.4727 12.0138
19.8041 -23.9577 14.5398
16.9711 -21.2927 14.6458

13.9021 -23.5207 15.4498
13.7651 -22.4057 19.1218
14.5061 -18.7547 18.0768
11.2951 -18.9567 15.9528
9.24615 -20.5497 18.8218
10.3921 -17.7327 21.1758
9.55115 -15.1767 18.4158
5.93815 -16.5417 18.2068
5.57815 -16.5127 22.0578
7.06415 -12.9527 22.1698
4.83715 -11.4577 19.4248

1.53915 -13.4617 19.6868
0.809147 -13.7027 23.5028
-2.72785 -14.8617 22.3948
-1.10385 -18.3537 21.8528
-0.369853 -20.9377 24.5638

3.02815 -22.7567 24.3038
1.02215 -25.9727 23.5268
-0.119853 -24.3197 20.2378

3.56915 -24.4687 19.0228
5.15515 -27.7767 17.9348
8.97915 -27.6937 17.5278

9.95815 -30.7687 15.4818
13.3441 -31.9557 16.8188
13.4591 -35.4897 15.2598
12.2551 -37.4517 12.1818
9.89115 -39.4727 14.5168
7.87215 -36.4607 15.7638
4.30815 -35.5697 14.6058
4.58515 -32.6257 12.1478
0.844147 -31.7547 12.7198
0.741147 -31.8187 16.5738
0.552147 -27.9847 16.9828
-1.41985 -25.1187 15.4418

2.07215 -23.7927 14.4848
4.59515 -26.4857 13.4118
8.32415 -25.5507 13.2498
10.6511 -27.9547 11.3338
14.1311 -27.9477 9.7378

15.0021 -28.3927 6.0238
16.9031 -31.6617 6.8218
13.8271 -33.1987 8.5598
11.3601 -32.4217 5.6688

12.7341 -35.3677 3.5868
12.3731 -37.7257 6.6298
8.81715 -36.3927 7.2918
7.64615 -36.4677 3.5858
4.92915 -39.0677 4.4908
3.41715 -36.4887 6.9588
3.70515 -33.5467 4.4358
0.589147 -35.0857 2.7248
-1.52785 -33.1037 5.2718
-2.43385 -29.7897 3.4988
-0.706853 -26.8877 5.2888
-2.57585 -23.8677 3.8068

-0.0438531 -21.3297 5.2388
3.72415 -21.9507 4.8758
6.65315 -19.7977 6.0488
10.1431 -20.7627 4.8068

12.9981 -18.8897 6.5058
16.3191 -18.5177 4.5978

14.5941 -20.0047 1.4778
17.8951 -19.8597 -0.521197
18.4081 -23.3947 0.990803
15.8861 -24.5187 -1.7292

18.1021 -23.0887 -4.6072
18.7991 -26.5617 -6.1642
15.7471 -28.6357 -7.2892
17.6661 -32.0007 -7.1912
18.2741 -31.7687 -3.3922

16.1091 -33.9217 -1.0612
15.0921 -30.7747 0.959803
13.8281 -29.0617 -2.2462
12.0741 -32.2457 -3.5592
10.1991 -32.5577 -0.201197
9.34715 -28.7897 0.114803
8.19515 -28.0057 -3.4782
4.96015 -30.1757 -3.5562
3.69915 -28.4387 -0.352197
4.65615 -24.9247 -1.6172
2.76715 -25.4787 -4.9392
-0.487853 -26.5797 -3.1292

-0.411853 -24.2967 -0.0181972
-2.71185 -21.1947 -0.257197

-0.165853 -18.7687 1.3428
3.64115 -18.9997 0.817803
5.89115 -16.5757 2.7368
9.51515 -17.1097 1.6238
12.2331 -15.1737 3.5348

15.9211 -14.5877 2.6278
18.6621 -11.9407 3.0198
20.3701 -13.3517 -0.0901972
17.6581 -14.8747 -2.3852
20.3971 -15.6737 -4.8982
23.8161 -16.6087 -3.4302
25.8391 -16.3797 -6.7092
23.7001 -16.8377 -9.9172

20.1741 -16.2407 -11.4372
19.5151 -20.0487 -11.6542
19.2581 -20.1707 -7.7762
16.0411 -18.0227 -7.9322
14.0321 -20.4987 -10.0812
12.7561 -22.6787 -7.1672
11.6791 -19.5447 -5.1962
9.92215 -18.0587 -8.3112
7.90115 -21.2907 -8.9292
7.11515 -21.5787 -5.1672
5.55615 -18.0357 -5.1492

4.05315 -18.3067 -8.7252
3.66815 -22.0227 -9.8102
2.48815 -20.9037 -13.3332
5.72515 -18.9427 -14.0612
8.32315 -20.8887 -16.1452
6.76015 -24.4377 -15.7822
10.0841 -25.8697 -17.1242

13.5591 -24.6717 -15.9822
14.9411 -24.6747 -19.5852
12.7941 -21.6197 -20.5832
14.0951 -19.6837 -17.5122
17.6951 -20.8517 -18.2212
17.6321 -19.8147 -21.9372
16.4221 -16.2867 -20.9832
18.2571 -15.4727 -17.6952

21.1501 -18.0037 -17.3172
22.8091 -17.5207 -20.7952
22.1611 -21.2297 -21.4112

24.7381 -22.8767 -23.7422
24.4891 -26.2247 -25.5842
27.7691 -28.0677 -24.8272

28.7651 -31.5497 -26.2552
27.7151 -33.1167 -22.8682

24.3591 -31.2237 -22.4612
23.1951 -27.7407 -21.3672
25.2851 -25.3157 -19.2852

23.2741 -22.8447 -17.0912
26.2051 -21.2287 -15.1322
25.8741 -17.9017 -17.0252
23.6551 -14.8147 -16.6792
21.5271 -12.7547 -19.1182
18.7721 -10.0597 -19.1962

19.2321 -9.34275 -15.4212
17.4011 -5.94475 -15.5202
14.3011 -7.72075 -16.9772
14.6261 -10.4347 -14.2732
14.8071 -7.66675 -11.5802
11.5991 -6.02875 -12.9492
9.76615 -9.42375 -13.0582
10.8781 -10.2467 -9.4712
9.81915 -6.84875 -7.9842
6.41715 -6.79875 -9.7972
5.24015 -10.4077 -9.2622

7.47115 -12.4097 -6.7962

9.60415 -10.3517 -4.4122
9.54615 -7.45775 -1.9412

13.1491 -6.21575 -1.4082
14.4561 -3.21475 0.580803
18.0311 -2.37975 1.5548

19.5571 -0.895749 4.7828
20.1681 2.30825 2.7608
16.4131 2.55725 1.8608
14.9731 2.18725 5.4208

17.7841 2.68225 8.0428
19.7451 5.91725 7.2118
21.1591 5.68025 10.8118
23.1641 2.41225 10.3958

26.9631 3.10625 10.3808
28.7161 2.37225 7.0568

30.3721 -0.997749 6.3138
33.9881 -0.149749 5.3358
35.5251 -3.03975 3.3338
39.2041 -3.53775 2.3868
41.5661 -6.14675 0.984803
44.6071 -6.84175 3.2258
47.4261 -8.39575 1.1708

49.2061 -10.5967 3.7618
52.9211 -10.7777 2.9518

53.9051 -14.0087 1.0288
57.5201 -13.5377 2.3568
56.4821 -15.7297 5.3788

55.4411 -18.5187 2.8938
58.5791 -20.6997 2.9598

60.0851 -21.9727 -0.338197
58.7731 -25.5907 0.202803
55.1511 -24.3927 0.753803
55.4281 -22.0627 -2.3072
56.8571 -24.9077 -4.4592
53.9191 -27.1247 -3.2742
51.3731 -24.3897 -4.2722
53.1701 -23.9917 -7.6622
53.0831 -27.8177 -8.0932
49.3101 -28.1267 -7.3452
48.6221 -25.0747 -9.6132
50.5771 -26.7507 -12.5002
48.8031 -30.0637 -11.7092
45.3061 -28.5117 -12.2932
46.3971 -27.1807 -15.7642

47.8771 -30.5107 -17.0162
46.0471 -31.6087 -20.2212
46.1881 -35.3887 -19.6862
44.3171 -35.5497 -16.3012
40.7441 -36.7777 -15.7942

37.9481 -34.3907 -14.6402
38.2671 -36.0527 -11.1772
42.0891 -35.5937 -10.8882
41.5381 -31.8917 -11.8592
38.9491 -31.5387 -8.9842
41.3171 -33.3587 -6.5472
44.2661 -31.0667 -7.5042
41.9151 -28.0287 -7.0482
40.9001 -29.2307 -3.5242
44.6151 -29.8117 -2.7172
45.5851 -26.2907 -3.9892
42.7581 -24.7517 -1.8742
43.7131 -26.7007 1.3238
47.4461 -25.7837 0.756803
46.3961 -22.0937 0.396803
44.7451 -22.2827 3.8568
47.9051 -23.8637 5.4258
50.2051 -21.3027 3.6978
48.2061 -18.3287 5.1438
48.1531 -19.5247 8.8418
51.4401 -17.7717 9.9788
50.5031 -14.3387 8.5068
46.8181 -14.6937 9.5468
48.1591 -15.2417 13.1178
50.6311 -12.2987 12.7308
47.7041 -10.0477 11.6478
45.3921 -11.1997 14.5378
48.1971 -10.4317 17.0488
48.8511 -6.98175 15.4238
45.1021 -6.18475 15.8998
45.2291 -7.19575 19.6248
48.5541 -5.33075 20.2148

46.8961 -2.25175 18.5318
44.4161 -2.26675 21.5058
41.2471 -3.56375 19.7148
38.5531 -4.51675 22.2428
36.3001 -6.86575 20.1188

36.5191 -8.46075 16.6378
35.3511 -11.5367 14.6668
37.7211 -13.8987 12.7918
36.1351 -15.9657 9.9878
37.7561 -19.1207 8.5168

36.3741 -22.4217 7.0398
39.2521 -24.9657 7.0948

39.3831 -26.6497 10.5478
43.2461 -26.4477 10.6058
43.0161 -22.5907 10.3638
40.4131 -22.4057 13.2078
42.5741 -24.8407 15.2938
45.8391 -22.8587 14.7398
44.1621 -19.4797 15.5858
42.6091 -20.9087 18.8248
45.9451 -22.5417 19.8548
47.8871 -19.2387 19.4348
45.2011 -17.2257 21.3428
45.4191 -19.8167 24.2078
49.2811 -19.5927 24.0928

48.9931 -15.7377 24.3488
46.3251 -16.1697 27.1498
43.7471 -14.2097 25.0478
40.1431 -14.8967 26.1168

38.1401 -15.8877 23.0058
35.0551 -17.8557 21.8398
34.9771 -20.5727 19.1238
31.9751 -21.6737 16.9798

32.2411 -24.3957 14.2818
30.4081 -27.4917 12.8678
30.9861 -29.4087 16.1768
29.5521 -26.6597 18.4928
26.0391 -27.6647 19.6818
22.8761 -25.5687 19.0258
22.5031 -24.4607 22.7138

26.2611 -23.8187 23.3008
26.2521 -21.5937 20.1338
23.6911 -19.2617 21.7978
25.5401 -19.3167 25.1818
28.9761 -18.5287 23.5738
27.2351 -15.7597 21.5508
25.9011 -14.2717 24.8508
29.3781 -14.6547 26.5038
31.0261 -12.6387 23.6358
28.1781 -10.0387 23.6858
28.1041 -9.47475 27.4968

31.7371 -10.1377 28.6308
34.3211 -7.35575 27.9448
37.1241 -9.98375 28.3948
36.3131 -11.9877 25.2168
38.2821 -10.0067 22.5958

38.1401 -12.5307 19.6828
35.3801 -14.7017 18.2038
36.8421 -17.5637 16.0738
33.9861 -18.4737 13.7008
33.4121 -21.0017 10.9128

32.1001 -19.1057 7.8118
29.6711 -22.0157 7.1028
28.6081 -22.8647 10.6998
28.1211 -19.2707 12.0668
26.3991 -17.7417 8.9338
22.9381 -18.2157 10.6218
20.9401 -17.2597 13.7728
23.7071 -15.4937 15.7678
24.1561 -11.7217 16.4528
27.6091 -10.1787 17.1618
26.7721 -6.44375 17.6078
29.4821 -6.11175 20.3608
32.2661 -6.17675 17.6878
33.1501 -3.37175 15.1908

35.5971 -5.44875 13.0488
35.2881 -8.61275 10.9068
38.4551 -10.3797 9.6218
38.0781 -13.0127 6.8778

41.2381 -15.1357 7.3218
40.0291 -17.1557 4.2908
38.0181 -16.3527 1.1428
34.8251 -18.3177 0.346803
33.7391 -18.8717 -3.3202
30.0931 -17.8997 -2.5752

29.5531 -14.1227 -1.9272
26.0801 -14.6707 -0.364197
27.7811 -16.5377 2.5558
30.4001 -13.7417 2.9708
27.5631 -11.1137 3.1248
25.6831 -13.3537 5.6598
28.8611 -13.3607 7.8398
29.3351 -9.50975 7.6078

25.6371 -9.03475 8.6258
26.3111 -10.8817 11.9098
27.9321 -7.60175 13.1748
26.0001 -5.07975 11.0298
22.6161 -5.57275 12.8538
20.0761 -3.39875 14.7368
22.0001 -2.45675 17.9338
25.3081 -1.68475 16.1118
26.5371 1.91525 16.8258
30.0591 1.84625 15.2128
31.1621 1.80925 11.5268

31.7841 -1.87175 10.7038
35.2741 -2.69275 9.3718
35.5361 -5.74375 7.0368
39.0971 -6.99575 6.2958
39.6011 -9.67975 3.5838
43.0211 -11.3747 4.0918
44.5541 -12.3907 0.688803

47.9431 -13.8907 -0.333197
49.6441 -13.3717 -3.7622
50.7501 -16.7367 -5.2862
47.7271 -18.7117 -3.8682
44.0551 -19.7117 -4.4942

43.0431 -16.1277 -3.4152
44.3621 -14.7837 -6.7992
41.5821 -16.7917 -8.6092
38.8831 -16.7147 -5.8752
38.8471 -12.9007 -5.4552
38.0361 -12.0587 -9.1692
35.4511 -14.9457 -9.1192
33.7421 -13.5087 -5.9752
33.7551 -9.99575 -7.5922
32.0621 -11.0787 -10.8742
29.4611 -13.0037 -8.7592
28.6191 -9.86875 -6.6402
28.2591 -7.87675 -9.9122
25.7861 -10.5217 -11.2772
23.8641 -10.2557 -7.9452
23.8791 -6.39175 -8.1092
22.6521 -6.30775 -11.7792

19.7791 -8.62975 -10.6622
18.9791 -6.08775 -7.8172
20.0551 -8.68875 -5.1732
23.0751 -6.78175 -3.6972
24.2501 -3.16675 -3.1252
27.7081 -4.60575 -2.3902
30.1821 -3.46975 -5.0352
33.6221 -5.14175 -4.5622
35.5071 -3.33575 -7.4512

36.5131 -0.246749 -5.3692
38.5611 -2.43575 -2.9262
40.9081 -3.75275 -5.7052
41.7591 -0.355749 -7.2642

43.0241 0.603251 -3.7342
45.5091 -2.36975 -3.3112

End chain 1
