-13.201 -6.296 -53.957
-10.703 -3.406 -53.291
-9.54 -3.087 -49.639
-11.02 0.322 -48.639
-8.614 1.85 -46.053
-10.787 3.126 -43.162

-9.634 6.195 -41.181
-10.061 4.9 -37.589
-10.286 6.838 -34.306
-12.195 7.103 -30.979
-14.163 9.439 -28.711
-12.619 10.223 -25.263
-14.157 12.207 -22.344

-11.943 15.248 -21.466
-14.301 16.978 -18.949
-17.827 16.65 -17.399
-19.139 18.761 -20.353

-16.752 17.96 -23.312
-15.482 14.956 -25.281
-12.62 14.751 -27.824
-12.437 12.939 -31.204
-8.982 11.264 -31.393
-8.672 10.357 -35.1

-6.282 10.744 -38.079
-6.98 13.557 -40.6
-9.895 13.022 -43.051

-11.208 15.853 -45.293
-14.92 14.856 -45.011
-14.611 14.37 -41.226
-13.015 17.857 -40.827
-15.875 19.254 -42.999
-18.403 17.482 -40.669
-16.559 18.759 -37.515
-16.844 22.341 -38.957

-20.697 21.797 -39.029
-20.861 21.033 -35.24
-22.116 23.933 -33.104
-20.016 23.255 -29.939
-16.791 22.621 -31.971

-13.393 23.436 -30.391
-10.011 22.816 -32.063
-6.805 22.812 -29.99

-3.883 23.919 -32.209
-1.328 22.314 -29.773
-2.753 18.736 -29.691
-4.334 19.137 -33.217

-7.578 17.622 -31.79
-11.313 18.386 -31.995
-13.683 18.544 -28.991
-17.466 19.001 -28.65
-20.131 19.402 -25.91

-21.257 16.038 -24.476
-24.923 16.743 -25.497
-23.731 16.722 -29.178
-22.178 13.179 -28.839
-25.228 11.354 -30.322
-25.57 14.044 -33.093
-21.852 13.682 -34.021
-21.815 9.829 -34.037
-25.045 9.774 -36.128
-23.507 12.176 -38.75
-20.093 10.348 -38.803

-21.793 6.948 -39.527
-22.962 8.546 -42.834
-19.328 9.196 -43.991
-17.677 6.563 -46.261
-14.251 5.2 -45.121

-14.46 6.789 -41.562
-14.765 4.819 -38.279
-15.142 6.964 -35.114
-15.663 4.659 -32.101

-18.218 6.249 -29.657
-17.862 6.903 -25.912
-18.35 3.469 -24.195
-21.794 2.549 -22.772
-20.235 2.829 -19.255
-19.534 6.58 -19.812
-22.964 7.196 -21.431
-24.623 5.531 -18.378
-22.42 7.523 -15.909

-23.3839 10.852 -17.3782
-26.6527 12.7498 -17.6402
-30.4009 13.0874 -18.3808

-30.0226 14.9542 -21.6693
-27.8503 17.6046 -20.0264
-25.6112 14.9504 -18.4821

-24.9942 18.6054 -17.3701
-24.5022 21.4594 -19.9101
-23.4742 23.6064 -16.8691
-20.3542 24.0094 -14.6811
-22.0102 23.4334 -11.2951
-19.1752 22.3904 -8.95313
-19.7112 19.1584 -6.90713

-23.1992 19.1954 -5.26713
-22.7782 20.0114 -1.56113
-22.5582 16.8354 0.520866
-25.7942 16.8024 2.60687
-25.2562 16.7494 6.38287
-26.2852 13.3544 7.76987

-28.7072 13.0534 10.6949
-26.3692 11.6544 13.4019
-29.0572 11.8224 16.2139
-29.1392 7.96244 16.3499
-25.3002 7.95244 16.8809
-23.8002 8.10944 20.3959

-23.5002 11.8774 21.3399
-19.9712 11.3124 22.7979
-18.7762 10.2724 19.2939
-20.7112 12.9884 17.3569
-19.3822 15.8114 19.6469
-15.7182 14.6234 19.2879

-15.6672 14.6254 15.4219
-13.4252 17.3904 14.0129

-15.0862 19.4954 11.1899
-13.2112 17.5864 8.42287
-14.0442 14.2054 10.0929
-17.7762 15.2104 10.1039
-17.5422 16.1214 6.37387
-15.9232 12.6584 5.77287
-18.7682 10.8784 7.67087
-21.3432 12.8874 5.61787
-19.5352 11.9684 2.32287
-19.4102 8.26244 3.31187
-23.1762 8.29444 4.15487
-24.0042 10.1464 0.861866

-21.9532 7.44844 -1.04513
-24.1942 4.85144 0.756866
-21.4922 3.50344 3.15687

-19.3322 2.15644 0.252866
-15.9362 3.92144 0.189866
-12.1892 3.81544 0.705866
-11.2752 6.34444 3.44787

-7.67415 6.99844 2.29887

-7.11515 9.99244 4.65187
-3.48415 10.4084 5.80387

-2.02815 8.51844 8.82487
-3.34115 9.75944 12.2109
-6.21315 11.9724 10.8009
-8.68615 9.78444 12.8349

-9.82415 7.15744 10.2579
-10.9922 4.88444 13.1609
-13.3432 7.51744 14.7429
-14.8562 8.30944 11.2809
-15.2622 4.54144 10.5169
-17.0002 3.84544 13.8879
-19.3952 6.79944 13.2249
-20.2272 5.65844 9.62187
-20.8262 2.08044 10.8899
-22.9352 3.32344 13.8879
-25.2072 5.33444 11.5049

-25.8802 1.86144 9.93387

-26.3642 0.0964366 13.4079
-29.8662 -1.05356 12.1969
-28.0302 -3.15256 9.48887
-25.6062 -5.06456 11.8369
-23.9612 -7.60956 12.5969

-20.7542 -5.64456 11.9149
-17.5312 -7.33356 10.6959
-14.2152 -5.52456 11.4239
-11.1122 -6.93556 9.64987
-7.80915 -5.55356 11.0299

-4.03015 -6.21256 11.4129
-3.39615 -9.01656 13.9939
-1.83615 -6.50156 16.5199
-4.66915 -3.83656 16.6259

-7.73815 -6.06456 17.4299
-7.87515 -4.94956 21.1019
-7.13415 -1.29856 20.0569
-10.3452 -1.50056 17.9329
-12.3942 -3.09356 20.8019
-11.2482 -0.276563 23.1559
-12.0892 2.27944 20.3959
-15.7022 0.914437 20.1869
-16.0622 0.943437 24.0379
-14.5762 4.50344 24.1499
-16.8032 5.99844 21.4049

-20.1012 3.99444 21.6669
-20.8312 3.75344 25.4829
-24.3682 2.59444 24.3749
-22.7442 -0.897563 23.8329
-22.0102 -3.48156 26.5439

-18.6122 -5.30056 26.2839
-20.6182 -8.51656 25.5069
-21.7602 -6.86356 22.2179

-18.0712 -7.01256 21.0029
-16.4852 -10.3206 19.9149
-12.6612 -10.2376 19.5079

-11.6822 -13.3126 17.4619
-8.29615 -14.4996 18.7989
-8.18115 -18.0336 17.2399
-9.38515 -19.9956 14.1619
-11.7492 -22.0166 16.4969
-13.7682 -19.0046 17.7439
-17.3322 -18.1136 16.5859
-17.0552 -15.1696 14.1279
-20.7962 -14.2986 14.6999
-20.8992 -14.3626 18.5539
-21.0882 -10.5286 18.9629
-23.0602 -7.66256 17.4219

-19.5682 -6.33656 16.4649
-17.0452 -9.02956 15.3919
-13.3162 -8.09456 15.2299
-10.9892 -10.4986 13.3139
-7.50915 -10.4916 11.7179

-6.63815 -10.9366 8.00387
-4.73715 -14.2056 8.80187
-7.81315 -15.7426 10.5399
-10.2802 -14.9656 7.64887

-8.90615 -17.9116 5.56687
-9.26715 -20.2696 8.60987
-12.8232 -18.9366 9.27187
-13.9942 -19.0116 5.56587
-16.7112 -21.6116 6.47087
-18.2232 -19.0326 8.93887
-17.9352 -16.0906 6.41587
-21.0512 -17.6296 4.70487
-23.1682 -15.6476 7.25187
-24.0742 -12.3336 5.47887
-22.3472 -9.43156 7.26887
-24.2162 -6.41156 5.78687

-21.6842 -3.87356 7.21887
-17.9162 -4.49456 6.85587
-14.9872 -2.34156 8.02887
-11.4972 -3.30656 6.78687

-8.64215 -1.43356 8.48587
-5.32115 -1.06156 6.57787

-7.04615 -2.54856 3.45787
-3.74515 -2.40356 1.45887
-3.23215 -5.93856 2.97087
-5.75415 -7.06256 0.250866

-3.53815 -5.63256 -2.62713
-2.84115 -9.10556 -4.18413
-5.89315 -11.1796 -5.30913
-3.97415 -14.5446 -5.21113
-3.36615 -14.3126 -1.41213

-5.53115 -16.4656 0.918866
-6.54815 -13.3186 2.93987
-7.81215 -11.6056 -0.266134
-9.56615 -14.7896 -1.57913
-11.4412 -15.1016 1.77887
-12.2932 -11.3336 2.09487
-13.4452 -10.5496 -1.49813
-16.6802 -12.7196 -1.57613
-17.9412 -10.9826 1.62787
-16.9842 -7.46856 0.362866
-18.8732 -8.02256 -2.95913
-22.1282 -9.12356 -1.14913

-22.0522 -6.84056 1.96187
-24.3522 -3.73856 1.72287

-21.8062 -1.31256 3.32287
-17.9992 -1.54356 2.79787
-15.7492 0.880437 4.71687
-12.1252 0.346437 3.60387
-9.40715 2.28244 5.51487

-5.71915 2.86844 4.60787
-2.97815 5.51544 4.99987
-1.27015 4.10444 1.88987
-3.98215 2.58144 -0.405134
-1.24315 1.78244 -2.91813
2.17585 0.847437 -1.45013
4.19885 1.07644 -4.72913
2.05985 0.618437 -7.93713

-1.46615 1.21544 -9.45713
-2.12515 -2.59256 -9.67413
-2.38215 -2.71456 -5.79613
-5.59915 -0.566563 -5.95213
-7.60815 -3.04256 -8.10113
-8.88415 -5.22256 -5.18713
-9.96115 -2.08856 -3.21613
-11.7182 -0.602563 -6.33113
-13.7392 -3.83456 -6.94913
-14.5252 -4.12256 -3.18713
-16.0842 -0.579563 -3.16913

-17.5872 -0.850563 -6.74513
-17.9722 -4.56656 -7.83013
-19.1522 -3.44756 -11.3531
-15.9152 -1.48656 -12.0811
-13.3172 -3.43256 -14.1651
-14.8802 -6.98156 -13.8021
-11.5562 -8.41356 -15.1441

-8.08115 -7.21556 -14.0021
-6.69915 -7.21856 -17.6051
-8.84615 -4.16356 -18.6031
-7.54515 -2.22756 -15.5321
-3.94515 -3.39556 -16.2411
-4.00815 -2.35856 -19.9571
-5.21815 1.16944 -19.0031
-3.38315 1.98344 -15.7151

-0.490152 -0.547563 -15.3371
1.16885 -0.0645634 -18.8151
0.520848 -3.77356 -19.4311

3.09785 -5.42056 -21.7621
2.84885 -8.76856 -23.6041
6.12885 -10.6116 -22.8471

7.12485 -14.0936 -24.2751
6.07485 -15.6606 -20.8881

2.71885 -13.7676 -20.4811
1.55485 -10.2846 -19.3871
3.64485 -7.85956 -17.3051

1.63385 -5.38856 -15.1111
4.56485 -3.77256 -13.1521
4.23385 -0.445563 -15.0451
2.01485 2.64144 -14.6991
-0.113152 4.70144 -17.1381
-2.86815 7.39644 -17.2161

-2.40815 8.11344 -13.4411
-4.23915 11.5114 -13.5401
-7.33915 9.73544 -14.9971
-7.01415 7.02144 -12.2931
-6.83315 9.78944 -9.60013
-10.0412 11.4274 -10.9691
-11.8742 8.03244 -11.0781
-10.7622 7.20944 -7.49113
-11.8212 10.6074 -6.00413
-15.2232 10.6574 -7.81713
-16.4002 7.04844 -7.28213

-14.1692 5.04644 -4.81613

-12.0362 7.10444 -2.43213
-12.0942 9.99844 0.038866

-8.49115 11.2404 0.571866
-7.18415 14.2414 2.56087
-3.60915 15.0764 3.53487

-2.08315 16.5604 6.76287
-1.47215 19.7644 4.74087
-5.22715 20.0134 3.84087
-6.66715 19.6434 7.40087

-3.85615 20.1384 10.0229
-1.89515 23.3734 9.19187
-0.481152 23.1364 12.7919
1.52385 19.8684 12.3759

5.32285 20.5624 12.3609
7.07585 19.8284 9.03687

8.73185 16.4584 8.29387
12.3478 17.3064 7.31587
13.8848 14.4164 5.31387
17.5638 13.9184 4.36687
19.9258 11.3094 2.96487
22.9668 10.6144 5.20587
25.7858 9.06044 3.15087

27.5658 6.85944 5.74187
31.2808 6.67844 4.93187

32.2648 3.44744 3.00887
35.8798 3.91844 4.33687
34.8418 1.72644 7.35887

33.8008 -1.06256 4.87387
36.9388 -3.24356 4.93987

38.4448 -4.51656 1.64187
37.1328 -8.13456 2.18287
33.5108 -6.93656 2.73387
33.7878 -4.60656 -0.327134
35.2168 -7.45156 -2.47913
32.2788 -9.66856 -1.29413
29.7328 -6.93356 -2.29213
31.5298 -6.53556 -5.68213
31.4428 -10.3616 -6.11313
27.6698 -10.6706 -5.36513
26.9818 -7.61856 -7.63313
28.9368 -9.29456 -10.5201
27.1628 -12.6076 -9.72913
23.6658 -11.0556 -10.3131
24.7568 -9.72456 -13.7841

26.2368 -13.0546 -15.0361
24.4068 -14.1526 -18.2411
24.5478 -17.9326 -17.7061
22.6768 -18.0936 -14.3211
19.1038 -19.3216 -13.8141

16.3078 -16.9346 -12.6601
16.6268 -18.5966 -9.19713
20.4488 -18.1376 -8.90813
19.8978 -14.4356 -9.87913
17.3088 -14.0826 -7.00413
19.6768 -15.9026 -4.56713
22.6258 -13.6106 -5.52413
20.2748 -10.5726 -5.06813
19.2598 -11.7746 -1.54413
22.9748 -12.3556 -0.737134
23.9448 -8.83456 -2.00913
21.1178 -7.29556 0.105866
22.0728 -9.24456 3.30387
25.8058 -8.32756 2.73687
24.7558 -4.63756 2.37687
23.1048 -4.82656 5.83687
26.2648 -6.40756 7.40587
28.5648 -3.84656 5.67787
26.5658 -0.872563 7.12387
26.5128 -2.06856 10.8219
29.7998 -0.315563 11.9589
28.8628 3.11744 10.4869
25.1778 2.76244 11.5269
26.5188 2.21444 15.0979
28.9908 5.15744 14.7109
26.0638 7.40844 13.6279
23.7518 6.25644 16.5179
26.5568 7.02444 19.0289
27.2108 10.4744 17.4039
23.4618 11.2714 17.8799
23.5888 10.2604 21.6049
26.9138 12.1254 22.1949

25.2558 15.2044 20.5119
22.7758 15.1894 23.4859
19.6068 13.8924 21.6949
16.9128 12.9394 24.2229
14.6598 10.5904 22.0989

14.8788 8.99544 18.6179
13.7108 5.91944 16.6469
16.0808 3.55744 14.7719
14.4948 1.49044 11.9679
16.1158 -1.66456 10.4969

14.7338 -4.96556 9.01987
17.6118 -7.50956 9.07487

17.7428 -9.19356 12.5279
21.6058 -8.99156 12.5859
21.3758 -5.13456 12.3439
18.7728 -4.94956 15.1879
20.9338 -7.38456 17.2739
24.1988 -5.40256 16.7199
22.5218 -2.02356 17.5659
20.9688 -3.45256 20.8049
24.3048 -5.08556 21.8349
26.2468 -1.78256 21.4149
23.5608 0.230437 23.3229
23.7788 -2.36056 26.1879
27.6408 -2.13656 26.0729

27.3528 1.71844 26.3289
24.6848 1.28644 29.1299
22.1068 3.24644 27.0279
18.5028 2.55944 28.0969

16.4998 1.56844 24.9859
13.4148 -0.399563 23.8199
13.3368 -3.11656 21.1039
10.3348 -4.21756 18.9599

10.6008 -6.93956 16.2619
8.76785 -10.0356 14.8479
9.34585 -11.9526 18.1569
7.91185 -9.20356 20.4729
4.39885 -10.2086 21.6619
1.23585 -8.11256 21.0059
0.862848 -7.00456 24.6939

4.62085 -6.36256 25.2809
4.61185 -4.13756 22.1139
2.05085 -1.80556 23.7779
3.89985 -1.86056 27.1619
7.33585 -1.07256 25.5539
5.59485 1.69644 23.5309
4.26085 3.18444 26.8309
7.73785 2.80144 28.4839
9.38585 4.81744 25.6159
6.53785 7.41744 25.6659
6.46385 7.98144 29.4769

10.0968 7.31844 30.6109
12.6808 10.1004 29.9249
15.4838 7.47244 30.3749
14.6728 5.46844 27.1969
16.6418 7.44944 24.5759

16.4998 4.92544 21.6629
13.7398 2.75444 20.1839
15.2018 -0.107563 18.0539
12.3458 -1.01756 15.6809
11.7718 -3.54556 12.8929

10.4598 -1.64956 9.79187
8.03085 -4.55956 9.08287
6.96785 -5.40856 12.6799
6.48085 -1.81456 14.0469
4.75885 -0.285563 10.9139
1.29785 -0.759563 12.6019
-0.700152 0.196437 15.7529
2.06685 1.96244 17.7479
2.51585 5.73444 18.4329
5.96885 7.27744 19.1419
5.13185 11.0124 19.5879
7.84185 11.3444 22.3409
10.6258 11.2794 19.6679
11.5098 14.0844 17.1709

13.9568 12.0074 15.0289
13.6478 8.84344 12.8869
16.8148 7.07644 11.6019
16.4378 4.44344 8.85787

19.5978 2.32044 9.30187
18.3888 0.300437 6.27087
16.3778 1.10344 3.12287
13.1848 -0.861563 2.32687
12.0988 -1.41556 -1.34013
8.45285 -0.443563 -0.595134

7.91285 3.33344 0.052866
4.43985 2.78544 1.61587
6.14085 0.918437 4.53587
8.75985 3.71444 4.95087
5.92285 6.34244 5.10487
4.04285 4.10244 7.63987
7.22085 4.09544 9.81987
7.69485 7.94644 9.58787

3.99685 8.42144 10.6059
4.67085 6.57444 13.8899
6.29185 9.85444 15.1549
4.35985 12.3764 13.0099
0.975848 11.8834 14.8339
-1.56415 14.0574 16.7169
0.359848 14.9994 19.9139
3.66785 15.7714 18.0919
4.89685 19.3714 18.8059
8.41885 19.3024 17.1929
9.52185 19.2654 13.5069

10.1438 15.5844 12.6839
13.6338 14.7634 11.3519
13.8958 11.7124 9.01687
17.4568 10.4604 8.27587
17.9608 7.77644 5.56387
21.3808 6.08144 6.07187
22.9138 5.06544 2.66887

26.3028 3.56544 1.64687
28.0038 4.08444 -1.78213
29.1098 0.719437 -3.30613
26.0868 -1.25556 -1.88813
22.4148 -2.25556 -2.51413

21.4028 1.32844 -1.43513
22.7218 2.67244 -4.81913
19.9418 0.664437 -6.62913
17.2428 0.741437 -3.89513
17.2068 4.55544 -3.47513
16.3958 5.39744 -7.18913
13.8108 2.51044 -7.13913
12.1018 3.94744 -3.99513
12.1148 7.46044 -5.61213
10.4218 6.37744 -8.89413
7.82085 4.45244 -6.77913
6.97885 7.58744 -4.66013
6.61885 9.57944 -7.93213
4.14585 6.93444 -9.29713
2.22385 7.20044 -5.96513
2.23885 11.0644 -6.12913
1.01185 11.1484 -9.79913

-1.86115 8.82644 -8.68213
-2.66115 11.3684 -5.83713
-1.58515 8.76744 -3.19313
1.43485 10.6744 -1.71713
2.60985 14.2894 -1.14513
6.06785 12.8504 -0.410134
8.54185 13.9864 -3.05513
11.9818 12.3144 -2.58213
13.8668 14.1204 -5.47113

14.8728 17.2094 -3.38913
16.9208 15.0204 -0.946134
19.2678 13.7034 -3.72513
20.1188 17.1004 -5.28413

21.3838 18.0594 -1.75413
23.8688 15.0864 -1.33113

End chain 1
