-13.201 -6.296 -53.957
-10.703 -3.406 -53.291
-9.54 -3.087 -49.639
-11.02 0.322 -48.639
-8.614 1.85 -46.053
-10.787 3.126 -43.162

-9.634 6.195 -41.181
-10.061 4.9 -37.589
-10.286 6.838 -34.306
-12.195 7.103 -30.979
-14.163 9.439 -28.711
-12.619 10.223 -25.263
-14.157 12.207 -22.344

-11.943 15.248 -21.466
-14.301 16.978 -18.949
-17.827 16.65 -17.399
-19.139 18.761 -20.353

-16.752 17.96 -23.312
-15.482 14.956 -25.281
-12.62 14.751 -27.824
-12.437 12.939 -31.204
-8.982 11.264 -31.393
-8.672 10.357 -35.1

-6.282 10.744 -38.079
-6.98 13.557 -40.6
-9.895 13.022 -43.051

-11.208 15.853 -45.293
-14.92 14.856 -45.011
-14.611 14.37 -41.226
-13.015 17.857 -40.827
-15.875 19.254 -42.999
-18.403 17.482 -40.669
-16.559 18.759 -37.515
-16.844 22.341 -38.957

-20.697 21.797 -39.029
-20.861 21.033 -35.24
-22.116 23.933 -33.104
-20.016 23.255 -29.939
-16.791 22.621 -31.971

-13.393 23.436 -30.391
-10.011 22.816 -32.063
-6.805 22.812 -29.99

-3.883 23.919 -32.209
-1.328 22.314 -29.773
-2.753 18.736 -29.691
-4.334 19.137 -33.217

-7.578 17.622 -31.79
-11.313 18.386 -31.995
-13.683 18.544 -28.991
-17.466 19.001 -28.65
-20.131 19.402 -25.91

-21.257 16.038 -24.476
-24.923 16.743 -25.497
-23.731 16.722 -29.178
-22.178 13.179 -28.839
-25.228 11.354 -30.322
-25.57 14.044 -33.093
-21.852 13.682 -34.021
-21.815 9.829 -34.037
-25.045 9.774 -36.128
-23.507 12.176 -38.75
-20.093 10.348 -38.803

-21.793 6.948 -39.527
-22.962 8.546 -42.834
-19.328 9.196 -43.991
-17.677 6.563 -46.261
-14.251 5.2 -45.121

-14.46 6.789 -41.562
-14.765 4.819 -38.279
-15.142 6.964 -35.114
-15.663 4.659 -32.101

-18.218 6.249 -29.657
-17.862 6.903 -25.912
-18.35 3.469 -24.195
-21.794 2.549 -22.772
-20.235 2.829 -19.255
-19.534 6.58 -19.812
-22.964 7.196 -21.431
-24.623 5.531 -18.378
-22.42 7.523 -15.909

-23.028 10.919 -17.654
-26.668 10.153 -18.714
-27.851 13.482 -17.123

-25.214 15.594 -18.963
-26 13.8 -22.296
-29.631 15.147 -21.909

-29.014 18.802 -20.797
-28.522 21.656 -23.337
-27.494 23.803 -20.296
-24.374 24.206 -18.108
-26.03 23.63 -14.722
-23.195 22.587 -12.38
-23.731 19.355 -10.334

-27.219 19.392 -8.694
-26.798 20.208 -4.988
-26.578 17.032 -2.906
-29.814 16.999 -0.82
-29.276 16.946 2.956
-30.305 13.551 4.343

-32.727 13.25 7.268
-30.389 11.851 9.975
-33.077 12.019 12.787
-33.159 8.159 12.923
-29.32 8.149 13.454
-27.82 8.306 16.969

-27.52 12.074 17.913
-23.991 11.509 19.371
-22.796 10.469 15.867
-24.731 13.185 13.93
-23.402 16.008 16.22
-19.738 14.82 15.861

-19.687 14.822 11.995
-17.445 17.587 10.586

-19.106 19.692 7.763
-17.231 17.783 4.996
-18.064 14.402 6.666
-21.796 15.407 6.677
-21.562 16.318 2.947
-19.943 12.855 2.346
-22.788 11.075 4.244
-25.363 13.084 2.191
-23.555 12.165 -1.104
-23.43 8.459 -0.115
-27.196 8.491 0.728
-28.024 10.343 -2.565

-25.973 7.645 -4.472
-28.214 5.048 -2.67
-25.512 3.7 -0.27

-23.352 2.353 -3.174
-19.956 4.118 -3.237
-16.209 4.012 -2.721
-15.295 6.541 0.021

-11.694 7.195 -1.128

-11.135 10.189 1.225
-7.504 10.605 2.377

-6.048 8.715 5.398
-7.361 9.956 8.784
-10.233 12.169 7.374
-12.706 9.981 9.408

-13.844 7.354 6.831
-15.012 5.081 9.734
-17.363 7.714 11.316
-18.876 8.506 7.854
-19.282 4.738 7.09
-21.02 4.042 10.461
-23.415 6.996 9.798
-24.247 5.855 6.195
-24.846 2.277 7.463
-26.955 3.52 10.461
-29.227 5.531 8.078

-29.9 2.058 6.507

-30.384 0.293 9.981
-33.886 -0.857 8.77
-32.05 -2.956 6.062
-29.626 -4.868 8.41
-27.981 -7.413 9.17

-24.774 -5.448 8.488
-21.551 -7.137 7.269
-18.235 -5.328 7.997
-15.132 -6.739 6.223
-11.829 -5.357 7.603

-8.05 -6.016 7.986
-7.416 -8.82 10.567
-5.856 -6.305 13.093
-8.689 -3.64 13.199

-11.758 -5.868 14.003
-11.895 -4.753 17.675
-11.154 -1.102 16.63
-14.365 -1.304 14.506
-16.414 -2.897 17.375
-15.268 -0.08 19.729
-16.109 2.476 16.969
-19.722 1.111 16.76
-20.082 1.14 20.611
-18.596 4.7 20.723
-20.823 6.195 17.978

-24.121 4.191 18.24
-24.851 3.95 22.056
-28.388 2.791 20.948
-26.764 -0.701 20.406
-26.03 -3.285 23.117

-22.632 -5.104 22.857
-24.638 -8.32 22.08
-25.78 -6.667 18.791

-22.091 -6.816 17.576
-20.505 -10.124 16.488
-16.681 -10.041 16.081

-15.702 -13.116 14.035
-12.316 -14.303 15.372
-12.201 -17.837 13.813
-13.405 -19.799 10.735
-15.769 -21.82 13.07
-17.788 -18.808 14.317
-21.352 -17.917 13.159
-21.075 -14.973 10.701
-24.816 -14.102 11.273
-24.919 -14.166 15.127
-25.108 -10.332 15.536
-27.08 -7.466 13.995

-23.588 -6.14 13.038
-21.065 -8.833 11.965
-17.336 -7.898 11.803
-15.009 -10.302 9.887
-11.529 -10.295 8.291

-10.658 -10.74 4.577
-8.757 -14.009 5.375
-11.833 -15.546 7.113
-14.3 -14.769 4.222

-12.926 -17.715 2.14
-13.287 -20.073 5.183
-16.843 -18.74 5.845
-18.014 -18.815 2.139
-20.731 -21.415 3.044
-22.243 -18.836 5.512
-21.955 -15.894 2.989
-25.071 -17.433 1.278
-27.188 -15.451 3.825
-28.094 -12.137 2.052
-26.367 -9.235 3.842
-28.236 -6.215 2.36

-25.704 -3.677 3.792
-21.936 -4.298 3.429
-19.007 -2.145 4.602
-15.517 -3.11 3.36

-12.662 -1.237 5.059
-9.341 -0.865 3.151

-11.066 -2.352 0.031
-7.765 -2.207 -1.968
-7.252 -5.742 -0.456
-9.774 -6.866 -3.176

-7.558 -5.436 -6.054
-6.861 -8.909 -7.611
-9.913 -10.983 -8.736
-7.994 -14.348 -8.638
-7.386 -14.116 -4.839

-9.551 -16.269 -2.508
-10.568 -13.122 -0.487
-11.832 -11.409 -3.693
-13.586 -14.593 -5.006
-15.461 -14.905 -1.648
-16.313 -11.137 -1.332
-17.465 -10.353 -4.925
-20.7 -12.523 -5.003
-21.961 -10.786 -1.799
-21.004 -7.272 -3.064
-22.893 -7.826 -6.386
-26.148 -8.927 -4.576

-26.1695 -6.25404 -1.77543
-25.7981 -3.3077 0.46354

-28.89 -2.43082 -1.45176
-27.9039 -1.78985 -5.10057
-29.4368 -1.90997 -8.65
-33.0751 -0.85129 -7.7873
-34.0379 2.82094 -7.7555

-30.3499 3.40694 -8.6625
-27.6089 6.05394 -8.2705
-25.9009 4.64294 -11.3805
-28.6129 3.11994 -13.6755
-25.8739 2.32094 -16.1885
-22.4549 1.38594 -14.7205
-20.4319 1.61494 -17.9995
-22.5709 1.15694 -21.2075

-26.0969 1.75394 -22.7275
-26.7559 -2.05406 -22.9445
-27.0129 -2.17606 -19.0665
-30.2299 -0.028059 -19.2225
-32.2389 -2.50406 -21.3715
-33.5149 -4.68406 -18.4575
-34.5919 -1.55006 -16.4865
-36.3489 -0.064059 -19.6015
-38.3699 -3.29606 -20.2195
-39.1559 -3.58406 -16.4575
-40.7149 -0.041059 -16.4395

-42.2179 -0.312059 -20.0155
-42.6029 -4.02806 -21.1005
-43.7829 -2.90906 -24.6235
-40.5459 -0.948059 -25.3515
-37.9479 -2.89406 -27.4355
-39.5109 -6.44306 -27.0725
-36.1869 -7.87506 -28.4145

-32.7119 -6.67706 -27.2725
-31.3299 -6.68006 -30.8755
-33.4769 -3.62506 -31.8735
-32.1759 -1.68906 -28.8025
-28.5759 -2.85706 -29.5115
-28.6389 -1.82006 -33.2275
-29.8489 1.70794 -32.2735
-28.0139 2.52194 -28.9855

-25.1209 -0.00905898 -28.6075
-23.4619 0.473941 -32.0855
-24.1099 -3.23506 -32.7015

-21.5329 -4.88206 -35.0325
-21.7819 -8.23006 -36.8745
-18.5019 -10.0731 -36.1175

-17.5059 -13.5551 -37.5455
-18.5559 -15.1221 -34.1585

-21.9119 -13.2291 -33.7515
-23.0759 -9.74606 -32.6575
-20.9859 -7.32106 -30.5755

-22.9969 -4.85006 -28.3815
-20.0659 -3.23406 -26.4225
-20.3969 0.092941 -28.3155
-22.6159 3.17994 -27.9695
-24.7439 5.23994 -30.4085
-27.4989 7.93494 -30.4865

-27.0389 8.65194 -26.7115
-28.8699 12.0499 -26.8105
-31.9699 10.2739 -28.2675
-31.6449 7.55994 -25.5635
-31.4639 10.3279 -22.8705
-34.6719 11.9659 -24.2395
-36.5049 8.57094 -24.3485
-35.3929 7.74794 -20.7615
-36.4519 11.1459 -19.2745
-39.8539 11.1959 -21.0875
-41.0309 7.58694 -20.5525

-38.7999 5.58494 -18.0865

-36.6669 7.64294 -15.7025
-36.7249 10.5369 -13.2315

-33.1219 11.7789 -12.6985
-31.8149 14.7799 -10.7095
-28.2399 15.6149 -9.7355

-26.7139 17.0989 -6.5075
-26.1029 20.3029 -8.5295
-29.8579 20.5519 -9.4295
-31.2979 20.1819 -5.8695

-28.4869 20.6769 -3.2475
-26.5259 23.9119 -4.0785
-25.1119 23.6749 -0.478504
-23.1069 20.4069 -0.894504

-19.3079 21.1009 -0.909504
-17.5549 20.3669 -4.2335

-15.8989 16.9969 -4.9765
-12.2829 17.8449 -5.9545
-10.7459 14.9549 -7.9565
-7.06686 14.4569 -8.9035
-4.70486 11.8479 -10.3055
-1.66386 11.1529 -8.0645
1.15514 9.59894 -10.1195

2.93514 7.39794 -7.5285
6.65014 7.21694 -8.3385

7.63414 3.98594 -10.2615
11.2491 4.45694 -8.9335
10.2111 2.26494 -5.9115

9.17014 -0.524059 -8.3965
12.3081 -2.70506 -8.3305

13.8141 -3.97806 -11.6285
12.5021 -7.59606 -11.0875
8.88014 -6.39806 -10.5365
9.15714 -4.06806 -13.5975
10.5861 -6.91306 -15.7495
7.64814 -9.13006 -14.5645
5.10214 -6.39506 -15.5625
6.89914 -5.99706 -18.9525
6.81214 -9.82306 -19.3835
3.03914 -10.1321 -18.6355
2.35114 -7.08006 -20.9035
4.30614 -8.75606 -23.7905
2.53214 -12.0691 -22.9995
-0.964862 -10.5171 -23.5835
0.126138 -9.18606 -27.0545

1.60614 -12.5161 -28.3065
-0.223862 -13.6141 -31.5115
-0.0828619 -17.3941 -30.9765
-1.95386 -17.5551 -27.5915
-5.52686 -18.7831 -27.0845

-8.32286 -16.3961 -25.9305
-8.00386 -18.0581 -22.4675
-4.18186 -17.5991 -22.1785
-4.73286 -13.8971 -23.1495
-7.32186 -13.5441 -20.2745
-4.95386 -15.3641 -17.8375
-2.00486 -13.0721 -18.7945
-4.35586 -10.0341 -18.3385
-5.37086 -11.2361 -14.8145
-1.65586 -11.8171 -14.0075
-0.685862 -8.29606 -15.2795
-3.51286 -6.75706 -13.1645
-2.55786 -8.70606 -9.9665
1.17514 -7.78906 -10.5335
0.125138 -4.09906 -10.8935
-1.52586 -4.28806 -7.4335
1.63414 -5.86906 -5.8645
3.93414 -3.30806 -7.5925
1.93514 -0.334059 -6.1465
1.88214 -1.53006 -2.4485
5.16914 0.222941 -1.3115
4.23214 3.65594 -2.7835
0.547138 3.30094 -1.7435
1.88814 2.75294 1.8275
4.36014 5.69594 1.4405
1.43314 7.94694 0.357496
-0.878862 6.79494 3.2475
1.92614 7.56294 5.7585
2.58014 11.0129 4.1335
-1.16886 11.8099 4.6095
-1.04186 10.7989 8.3345
2.28314 12.6639 8.9245

0.625138 15.7429 7.2415
-1.85486 15.7279 10.2155
-5.02386 14.4309 8.4245
-7.71786 13.4779 10.9525
-9.97086 11.1289 8.8285

-9.75186 9.53394 5.3475
-10.9199 6.45794 3.3765
-8.54986 4.09594 1.5015
-10.1359 2.02894 -1.3025
-8.51486 -1.12606 -2.7735

-9.89686 -4.42706 -4.2505
-7.01886 -6.97106 -4.1955

-6.88786 -8.65506 -0.742504
-3.02486 -8.45306 -0.684504
-3.25486 -4.59606 -0.926504
-5.85786 -4.41106 1.9175
-3.69686 -6.84606 4.0035
-0.431862 -4.86406 3.4495
-2.10886 -1.48506 4.2955
-3.66186 -2.91406 7.5345
-0.325862 -4.54706 8.5645
1.61614 -1.24406 8.1445
-1.06986 0.768941 10.0525
-0.851862 -1.82206 12.9175
3.01014 -1.59806 12.8025

2.72214 2.25694 13.0585
0.0541381 1.82494 15.8595
-2.52386 3.78494 13.7575
-6.12786 3.09794 14.8265

-8.13086 2.10694 11.7155
-11.2159 0.138941 10.5495
-11.2939 -2.57806 7.8335
-14.2959 -3.67906 5.6895

-14.0299 -6.40106 2.9915
-15.8629 -9.49706 1.5775
-15.2849 -11.4141 4.8865
-16.7189 -8.66506 7.2025
-20.2319 -9.67006 8.3915
-23.3949 -7.57406 7.7355
-23.7679 -6.46606 11.4235

-20.0099 -5.82406 12.0105
-20.0189 -3.59906 8.8435
-22.5799 -1.26706 10.5075
-20.7309 -1.32206 13.8915
-17.2949 -0.534059 12.2835
-19.0359 2.23494 10.2605
-20.3699 3.72294 13.5605
-16.8929 3.33994 15.2135
-15.2449 5.35594 12.3455
-18.0929 7.95594 12.3955
-18.1669 8.51994 16.2065

-14.5339 7.85694 17.3405
-11.9499 10.6389 16.6545
-9.14686 8.01094 17.1045
-9.95786 6.00694 13.9265
-7.98886 7.98794 11.3055

-8.13086 5.46394 8.3925
-10.8909 3.29294 6.9135
-9.42886 0.430941 4.7835
-12.2849 -0.479059 2.4105
-12.8589 -3.00706 -0.377504

-14.1709 -1.11106 -3.4785
-16.5999 -4.02106 -4.1875
-17.6629 -4.87006 -0.590504
-18.1499 -1.27606 0.776496
-19.8719 0.252941 -2.3565
-23.3329 -0.221059 -0.668504
-25.3309 0.734941 2.4825
-22.5639 2.50094 4.4775
-22.1149 6.27294 5.1625
-18.6619 7.81594 5.8715
-19.4989 11.5509 6.3175
-16.7889 11.8829 9.0705
-14.0049 11.8179 6.3975
-13.1209 14.6229 3.9005

-10.6739 12.5459 1.7585
-10.9829 9.38194 -0.383504
-7.81586 7.61494 -1.6685
-8.19286 4.98194 -4.4125

-5.03286 2.85894 -3.9685
-6.24186 0.838941 -6.9995
-8.25286 1.64194 -10.1475
-11.4459 -0.323059 -10.9435
-12.5319 -0.877059 -14.6105
-16.1779 0.094941 -13.8655

-16.7179 3.87194 -13.2175
-20.1909 3.32394 -11.6545
-18.4899 1.45694 -8.7345
-15.8709 4.25294 -8.3195
-18.7079 6.88094 -8.1655
-20.5879 4.64094 -5.6305
-17.4099 4.63394 -3.4505
-16.9359 8.48494 -3.6825

-20.6339 8.95994 -2.6645
-19.9599 7.11294 0.619496
-18.3389 10.3929 1.8845
-20.2709 12.9149 -0.260504
-23.6549 12.4219 1.5635
-26.1949 14.5959 3.4465
-24.2709 15.5379 6.6435
-20.9629 16.3099 4.8215
-19.7339 19.9099 5.5355
-16.2119 19.8409 3.9225
-15.1089 19.8039 0.236496

-14.4869 16.1229 -0.586504
-10.9969 15.3019 -1.9185
-10.7349 12.2509 -4.2535
-7.17386 10.9989 -4.9945
-6.66986 8.31494 -7.7065
-3.24986 6.61994 -7.1985
-1.71686 5.60394 -10.6015

1.67214 4.10394 -11.6235
3.37314 4.62294 -15.0525
4.47914 1.25794 -16.5765
1.45614 -0.717059 -15.1585
-2.21586 -1.71706 -15.7845

-3.22786 1.86694 -14.7055
-1.90886 3.21094 -18.0895
-4.68886 1.20294 -19.8995
-7.38786 1.27994 -17.1655
-7.42386 5.09394 -16.7455
-8.23486 5.93594 -20.4595
-10.8199 3.04894 -20.4095
-12.5289 4.48594 -17.2655
-12.5159 7.99894 -18.8825
-14.2089 6.91594 -22.1645
-16.8099 4.99094 -20.0495
-17.6519 8.12594 -17.9305
-18.0119 10.1179 -21.2025
-20.4849 7.47294 -22.5675
-22.4069 7.73894 -19.2355
-22.3919 11.6029 -19.3995
-23.6189 11.6869 -23.0695

-26.4919 9.36494 -21.9525
-27.2919 11.9069 -19.1075
-26.2159 9.30594 -16.4635
-23.1959 11.2129 -14.9875
-22.0209 14.8279 -14.4155
-18.5629 13.3889 -13.6805
-16.0889 14.5249 -16.3255
-12.6489 12.8529 -15.8525
-10.7639 14.6589 -18.7415

-9.75786 17.7479 -16.6595
-7.70986 15.5589 -14.2165
-5.36286 14.2419 -16.9955
-4.51186 17.6389 -18.5545

-3.24686 18.5979 -15.0245
-0.761862 15.6249 -14.6015

End chain 1
