-13.201 -6.296 -53.957
-10.703 -3.406 -53.291
-9.54 -3.087 -49.639
-11.02 0.322 -48.639
-8.614 1.85 -46.053
-10.787 3.126 -43.162

-9.634 6.195 -41.181
-10.061 4.9 -37.589
-10.286 6.838 -34.306
-12.195 7.103 -30.979
-14.163 9.439 -28.711
-12.619 10.223 -25.263
-14.157 12.207 -22.344

-11.943 15.248 -21.466
-14.301 16.978 -18.949
-17.827 16.65 -17.399
-19.139 18.761 -20.353

-16.752 17.96 -23.312
-15.482 14.956 -25.281
-12.62 14.751 -27.824
-12.437 12.939 -31.204
-8.982 11.264 -31.393
-8.672 10.357 -35.1

-6.282 10.744 -38.079
-6.98 13.557 -40.6
-9.895 13.022 -43.051

-11.208 15.853 -45.293
-14.92 14.856 -45.011
-14.611 14.37 -41.226
-13.015 17.857 -40.827
-15.875 19.254 -42.999
-18.403 17.482 -40.669
-16.559 18.759 -37.515
-16.844 22.341 -38.957

-20.697 21.797 -39.029
-20.861 21.033 -35.24
-22.116 23.933 -33.104
-20.016 23.255 -29.939
-16.791 22.621 -31.971

-13.393 23.436 -30.391
-10.011 22.816 -32.063
-6.805 22.812 -29.99

-3.883 23.919 -32.209
-1.328 22.314 -29.773
-2.753 18.736 -29.691
-4.334 19.137 -33.217

-7.578 17.622 -31.79
-11.313 18.386 -31.995
-13.683 18.544 -28.991
-17.466 19.001 -28.65
-20.131 19.402 -25.91

-21.257 16.038 -24.476
-24.923 16.743 -25.497
-23.731 16.722 -29.178
-22.178 13.179 -28.839
-25.228 11.354 -30.322
-25.57 14.044 -33.093
-21.852 13.682 -34.021
-21.815 9.829 -34.037
-25.045 9.774 -36.128
-23.507 12.176 -38.75
-20.093 10.348 -38.803

-21.793 6.948 -39.527
-22.962 8.546 -42.834
-19.328 9.196 -43.991
-17.677 6.563 -46.261
-14.251 5.2 -45.121

-14.46 6.789 -41.562
-14.765 4.819 -38.279
-15.142 6.964 -35.114
-15.663 4.659 -32.101

-18.218 6.249 -29.657
-17.862 6.903 -25.912
-18.35 3.469 -24.195
-21.794 2.549 -22.772
-20.235 2.829 -19.255
-19.534 6.58 -19.812
-22.964 7.196 -21.431
-24.623 5.531 -18.378
-22.42 7.523 -15.909

-23.028 10.919 -17.654
-26.668 10.153 -18.714
-27.851 13.482 -17.123

-25.214 15.594 -18.963
-26 13.8 -22.296
-29.631 15.147 -21.909

-29.014 18.802 -20.797
-28.522 21.656 -23.337
-27.494 23.803 -20.296
-24.374 24.206 -18.108
-26.03 23.63 -14.722
-23.195 22.587 -12.38
-23.731 19.355 -10.334

-27.219 19.392 -8.694
-26.798 20.208 -4.988
-26.578 17.032 -2.906
-29.814 16.999 -0.82
-29.276 16.946 2.956
-30.305 13.551 4.343

-32.727 13.25 7.268
-30.389 11.851 9.975
-33.077 12.019 12.787
-33.159 8.159 12.923
-29.32 8.149 13.454
-27.82 8.306 16.969

-27.52 12.074 17.913
-23.991 11.509 19.371
-22.796 10.469 15.867
-24.731 13.185 13.93
-23.402 16.008 16.22
-19.738 14.82 15.861

-19.687 14.822 11.995
-17.445 17.587 10.586

-19.106 19.692 7.763
-17.231 17.783 4.996
-18.064 14.402 6.666
-21.796 15.407 6.677
-21.562 16.318 2.947
-19.943 12.855 2.346
-22.788 11.075 4.244
-25.363 13.084 2.191
-23.555 12.165 -1.104
-23.43 8.459 -0.115
-27.196 8.491 0.728
-28.024 10.343 -2.565

-25.973 7.645 -4.472
-28.214 5.048 -2.67
-25.512 3.7 -0.27

-23.352 2.353 -3.174
-19.956 4.118 -3.237
-16.209 4.012 -2.721
-15.295 6.541 0.021

-11.694 7.195 -1.128

-11.135 10.189 1.225
-7.504 10.605 2.377

-6.048 8.715 5.398
-7.361 9.956 8.784
-10.233 12.169 7.374
-12.706 9.981 9.408

-13.844 7.354 6.831
-15.012 5.081 9.734
-17.363 7.714 11.316
-18.876 8.506 7.854
-19.282 4.738 7.09
-21.02 4.042 10.461
-23.415 6.996 9.798
-24.247 5.855 6.195
-24.846 2.277 7.463
-26.955 3.52 10.461
-29.227 5.531 8.078

-29.9 2.058 6.507

-30.384 0.293 9.981
-33.886 -0.857 8.77
-32.05 -2.956 6.062
-29.626 -4.868 8.41
-27.981 -7.413 9.17

-24.774 -5.448 8.488
-21.551 -7.137 7.269
-18.235 -5.328 7.997
-15.132 -6.739 6.223
-11.829 -5.357 7.603

-8.05 -6.016 7.986
-7.416 -8.82 10.567
-5.856 -6.305 13.093
-8.689 -3.64 13.199

-11.758 -5.868 14.003
-11.895 -4.753 17.675
-11.154 -1.102 16.63
-14.365 -1.304 14.506
-16.414 -2.897 17.375
-15.268 -0.08 19.729
-16.109 2.476 16.969
-19.722 1.111 16.76
-20.082 1.14 20.611
-18.596 4.7 20.723
-20.823 6.195 17.978

-24.121 4.191 18.24
-24.851 3.95 22.056
-28.388 2.791 20.948
-26.764 -0.701 20.406
-26.03 -3.285 23.117

-22.632 -5.104 22.857
-24.638 -8.32 22.08
-25.78 -6.667 18.791

-22.091 -6.816 17.576
-20.505 -10.124 16.488
-16.681 -10.041 16.081

-15.702 -13.116 14.035
-12.316 -14.303 15.372
-12.201 -17.837 13.813
-13.405 -19.799 10.735
-15.769 -21.82 13.07
-17.788 -18.808 14.317
-21.352 -17.917 13.159
-21.075 -14.973 10.701
-24.816 -14.102 11.273
-24.919 -14.166 15.127
-25.108 -10.332 15.536
-27.08 -7.466 13.995

-23.588 -6.14 13.038
-21.065 -8.833 11.965
-17.336 -7.898 11.803
-15.009 -10.302 9.887
-11.529 -10.295 8.291

-10.658 -10.74 4.577
-8.757 -14.009 5.375
-11.833 -15.546 7.113
-14.3 -14.769 4.222

-12.926 -17.715 2.14
-13.287 -20.073 5.183
-16.843 -18.74 5.845
-18.014 -18.815 2.139
-20.731 -21.415 3.044
-22.243 -18.836 5.512
-21.955 -15.894 2.989
-25.071 -17.433 1.278
-27.188 -15.451 3.825
-28.094 -12.137 2.052
-26.367 -9.235 3.842
-28.236 -6.215 2.36

-25.704 -3.677 3.792
-21.936 -4.298 3.429
-19.007 -2.145 4.602
-15.517 -3.11 3.36

-12.662 -1.237 5.059
-9.341 -0.865 3.151

-11.066 -2.352 0.031
-7.765 -2.207 -1.968
-7.252 -5.742 -0.456
-9.774 -6.866 -3.176

-7.558 -5.436 -6.054
-6.861 -8.909 -7.611
-9.913 -10.983 -8.736
-7.994 -14.348 -8.638
-7.386 -14.116 -4.839

-9.551 -16.269 -2.508
-10.568 -13.122 -0.487
-11.832 -11.409 -3.693
-13.586 -14.593 -5.006
-15.461 -14.905 -1.648
-16.313 -11.137 -1.332
-17.465 -10.353 -4.925
-20.7 -12.523 -5.003
-21.961 -10.786 -1.799
-21.004 -7.272 -3.064
-22.893 -7.826 -6.386
-26.148 -8.927 -4.576

-26.072 -6.644 -1.465
-28.372 -3.542 -1.704

-25.826 -1.116 -0.104
-22.019 -1.347 -0.629
-19.769 1.077 1.29
-16.145 0.543 0.177
-13.427 2.479 2.088

-9.739 3.065 1.181
-6.998 5.712 1.573
-5.29 4.301 -1.537
-8.002 2.778 -3.832
-5.263 1.979 -6.345
-1.844 1.044 -4.877
0.179 1.273 -8.156
-1.96 0.815 -11.364

-5.486 1.412 -12.884
-6.145 -2.396 -13.101
-6.402 -2.518 -9.223
-9.619 -0.37 -9.379
-11.628 -2.846 -11.528
-12.904 -5.026 -8.614
-13.981 -1.892 -6.643
-15.738 -0.406 -9.758
-17.759 -3.638 -10.376
-18.545 -3.926 -6.614
-20.104 -0.383 -6.596

-21.607 -0.654 -10.172
-21.992 -4.37 -11.257
-23.172 -3.251 -14.78
-19.935 -1.29 -15.508
-17.337 -3.236 -17.592
-18.9 -6.785 -17.229
-15.576 -8.217 -18.571

-12.101 -7.019 -17.429
-10.719 -7.022 -21.032
-12.866 -3.967 -22.03
-11.565 -2.031 -18.959
-7.965 -3.199 -19.668
-8.028 -2.162 -23.384
-9.238 1.366 -22.43
-7.403 2.18 -19.142

-4.51 -0.351 -18.764
-2.851 0.132 -22.242
-3.499 -3.577 -22.858

-0.922 -5.224 -25.189
-1.171 -8.572 -27.031
2.109 -10.415 -26.274

3.105 -13.897 -27.702
2.055 -15.464 -24.315

-1.301 -13.571 -23.908
-2.465 -10.088 -22.814
-0.375 -7.663 -20.732

-2.386 -5.192 -18.538
0.545 -3.576 -16.579
0.214 -0.249 -18.472
-2.005 2.838 -18.126
-4.133 4.898 -20.565
-6.888 7.593 -20.643

-6.428 8.31 -16.868
-8.259 11.708 -16.967
-11.359 9.932 -18.424
-11.034 7.218 -15.72
-10.853 9.986 -13.027
-14.061 11.624 -14.396
-15.894 8.229 -14.505
-14.782 7.406 -10.918
-15.841 10.804 -9.431
-19.243 10.854 -11.244
-20.42 7.245 -10.709

-18.189 5.243 -8.243

-16.056 7.301 -5.859
-16.114 10.195 -3.388

-12.511 11.437 -2.855
-11.204 14.438 -0.866
-7.629 15.273 0.108

-6.103 16.757 3.336
-5.492 19.961 1.314
-9.247 20.21 0.414
-10.687 19.84 3.974

-7.876 20.335 6.596
-5.915 23.57 5.765
-4.501 23.333 9.365
-2.496 20.065 8.949

1.303 20.759 8.934
3.056 20.025 5.61

4.712 16.655 4.867
8.328 17.503 3.889
9.865 14.613 1.887
13.544 14.115 0.94
15.906 11.506 -0.462
18.947 10.811 1.779
21.766 9.257 -0.276

24.5125 7.60704 -2.1913
24.292 9.11015 -5.76308

21.9916 8.555 -8.73678
18.9789 9.75095 -6.75278
20.8172 12.897 -5.67297

19.7762 10.108 -8.15797
22.9142 7.92699 -8.09197

24.4202 6.65399 -11.39
23.1082 3.03599 -10.849
19.4862 4.23399 -10.298
19.7632 6.56399 -13.359
21.1922 3.71899 -15.511
18.2542 1.50199 -14.326
15.7082 4.23699 -15.324
17.5052 4.63499 -18.714
17.4182 0.808992 -19.145
13.6452 0.499992 -18.397
12.9572 3.55199 -20.665
14.9122 1.87599 -23.552
13.1382 -1.43701 -22.761
9.64121 0.114992 -23.345
10.7322 1.44599 -26.816

12.2122 -1.88401 -28.068
10.3822 -2.98201 -31.273
10.5232 -6.76201 -30.738
8.65221 -6.92301 -27.353
5.07921 -8.15101 -26.846

2.28321 -5.76401 -25.692
2.60221 -7.42601 -22.229
6.42421 -6.96701 -21.94
5.87321 -3.26501 -22.911
3.28421 -2.91201 -20.036
5.65221 -4.73201 -17.599
8.60121 -2.44001 -18.556
6.25021 0.597992 -18.1
5.23521 -0.604008 -14.576
8.95021 -1.18501 -13.769
9.92021 2.33599 -15.041
7.09321 3.87499 -12.926
8.04821 1.92599 -9.72797
11.7812 2.84299 -10.295
10.7312 6.53299 -10.655
9.08021 6.34399 -7.19497
12.2402 4.76299 -5.62597
14.5402 7.32399 -7.35397
12.5412 10.298 -5.90797
12.4882 9.10199 -2.20997
15.7752 10.855 -1.07297
14.8382 14.288 -2.54497
11.1532 13.933 -1.50497
12.4942 13.385 2.06603
14.9662 16.328 1.67903
12.0392 18.579 0.596033
9.72721 17.427 3.48603
12.5322 18.195 5.99703
13.1862 21.645 4.37203
9.43721 22.442 4.84803
9.56421 21.431 8.57303
12.8892 23.296 9.16303

11.2312 26.375 7.48003
8.75121 26.36 10.454
5.58221 25.063 8.66303
2.88821 24.11 11.191
0.635211 21.761 9.06703

0.854211 20.166 5.58603
-0.313789 17.09 3.61503
2.05621 14.728 1.74003
0.470211 12.661 -1.06397
2.09121 9.50599 -2.53497

0.709211 6.20499 -4.01197
3.58721 3.66099 -3.95697

3.71821 1.97699 -0.503967
7.58121 2.17899 -0.445967
7.35121 6.03599 -0.687967
4.74821 6.22099 2.15603
6.90921 3.78599 4.24203
10.1742 5.76799 3.68803
8.49721 9.14699 4.53403
6.94421 7.71799 7.77303
10.2802 6.08499 8.80303
12.2222 9.38799 8.38303
9.53621 11.401 10.291
9.75421 8.80999 13.156
13.6162 9.03399 13.041

13.3282 12.889 13.297
10.6602 12.457 16.098
8.08221 14.417 13.996
4.47821 13.73 15.065

2.47521 12.739 11.954
-0.609789 10.771 10.788
-0.687789 8.05399 8.07203
-3.68979 6.95299 5.92803

-3.42379 4.23099 3.23003
-5.25679 1.13499 1.81603
-4.67879 -0.782008 5.12503
-6.11279 1.96699 7.44103
-9.62579 0.961992 8.63003
-12.7888 3.05799 7.97403
-13.1618 4.16599 11.662

-9.40379 4.80799 12.249
-9.41279 7.03299 9.08203
-11.9738 9.36499 10.746
-10.1248 9.30999 14.13
-6.68879 10.098 12.522
-8.42979 12.867 10.499
-9.76379 14.355 13.799
-6.28679 13.972 15.452
-4.63879 15.988 12.584
-7.48679 18.588 12.634
-7.56079 19.152 16.445

-3.92779 18.489 17.579
-1.34379 21.271 16.893
1.45921 18.643 17.343
0.648211 16.639 14.165
2.61721 18.62 11.544

2.47521 16.096 8.63103
-0.284789 13.925 7.15203
1.17721 11.063 5.02203
-1.67879 10.153 2.64903
-2.25279 7.62499 -0.138967

-3.56479 9.52099 -3.23997
-5.99379 6.61099 -3.94897
-7.05679 5.76199 -0.351967
-7.54379 9.35599 1.01503
-9.26579 10.885 -2.11797
-12.7268 10.411 -0.429967
-14.7248 11.367 2.72103
-11.9578 13.133 4.71603
-11.5088 16.905 5.40103
-8.05579 18.448 6.11003
-8.89279 22.183 6.55603
-6.18279 22.515 9.30903
-3.39879 22.45 6.63603
-2.51479 25.255 4.13903

-0.0677886 23.178 1.99703
-0.376789 20.014 -0.144967
2.79021 18.247 -1.42997
2.41321 15.614 -4.17397

5.57321 13.491 -3.72997
4.36421 11.471 -6.76097
2.35321 12.274 -9.90897
-0.839789 10.309 -10.705
-1.92579 9.75499 -14.372
-5.57179 10.727 -13.627

-6.11179 14.504 -12.979
-9.58479 13.956 -11.416
-7.88379 12.089 -8.49597
-5.26479 14.885 -8.08097
-8.10179 17.513 -7.92697
-9.98179 15.273 -5.39197
-6.80379 15.266 -3.21197
-6.32979 19.117 -3.44397

-10.0278 19.592 -2.42597
-9.35379 17.745 0.858033
-7.73279 21.025 2.12303
-9.66479 23.547 -0.0219675
-13.0488 23.054 1.80203
-15.5888 25.228 3.68503
-13.6648 26.17 6.88203
-10.3568 26.942 5.06003
-9.12779 30.542 5.77403
-5.60579 30.473 4.16103
-4.50279 30.436 0.475033

-3.88079 26.755 -0.347967
-0.390789 25.934 -1.67997
-0.128789 22.883 -4.01497
3.43221 21.631 -4.75597
3.93621 18.947 -7.46797
7.35621 17.252 -6.95997
8.88921 16.236 -10.363

12.2782 14.736 -11.385
13.9792 15.255 -14.814
15.0852 11.89 -16.338
12.0622 9.91499 -14.92
8.39021 8.91499 -15.546

7.37821 12.499 -14.467
8.69721 13.843 -17.851
5.91721 11.835 -19.661
3.21821 11.912 -16.927
3.18221 15.726 -16.507
2.37121 16.568 -20.221
-0.213789 13.681 -20.171
-1.92279 15.118 -17.027
-1.90979 18.631 -18.644
-3.60279 17.548 -21.926
-6.20379 15.623 -19.811
-7.04579 18.758 -17.692
-7.40579 20.75 -20.964
-9.87879 18.105 -22.329
-11.8008 18.371 -18.997
-11.7858 22.235 -19.161
-13.0128 22.319 -22.831

-15.8858 19.997 -21.714
-16.6858 22.539 -18.869
-15.6098 19.938 -16.225
-12.5898 21.845 -14.749
-11.4148 25.46 -14.177
-7.95679 24.021 -13.442
-5.48279 25.157 -16.087
-2.04279 23.485 -15.614
-0.157789 25.291 -18.503

0.848211 28.38 -16.421
2.89621 26.191 -13.978
5.24321 24.874 -16.757
6.09421 28.271 -18.316

7.35921 29.23 -14.786
9.84421 26.257 -14.363

End chain 1
