-13.201 -6.296 -53.957
-10.703 -3.406 -53.291
-9.54 -3.087 -49.639
-11.02 0.322 -48.639
-8.614 1.85 -46.053
-10.787 3.126 -43.162

-9.634 6.195 -41.181
-10.061 4.9 -37.589
-10.286 6.838 -34.306
-12.195 7.103 -30.979
-14.163 9.439 -28.711
-12.619 10.223 -25.263
-14.157 12.207 -22.344

-11.943 15.248 -21.466
-14.301 16.978 -18.949
-17.827 16.65 -17.399
-19.139 18.761 -20.353

-16.752 17.96 -23.312
-15.482 14.956 -25.281
-12.62 14.751 -27.824
-12.437 12.939 -31.204
-8.982 11.264 -31.393
-8.672 10.357 -35.1

-6.282 10.744 -38.079
-6.98 13.557 -40.6
-9.895 13.022 -43.051

-11.208 15.853 -45.293
-14.92 14.856 -45.011
-14.611 14.37 -41.226
-13.015 17.857 -40.827
-15.875 19.254 -42.999
-18.403 17.482 -40.669
-16.559 18.759 -37.515
-16.844 22.341 -38.957

-20.697 21.797 -39.029
-20.861 21.033 -35.24
-22.116 23.933 -33.104
-20.016 23.255 -29.939
-16.791 22.621 -31.971

-13.393 23.436 -30.391
-10.011 22.816 -32.063
-6.805 22.812 -29.99

-3.883 23.919 -32.209
-1.328 22.314 -29.773
-2.753 18.736 -29.691
-4.334 19.137 -33.217

-7.578 17.622 -31.79
-11.313 18.386 -31.995
-13.683 18.544 -28.991
-17.466 19.001 -28.65
-20.131 19.402 -25.91

-21.257 16.038 -24.476
-24.923 16.743 -25.497
-23.731 16.722 -29.178
-22.178 13.179 -28.839
-25.228 11.354 -30.322
-25.57 14.044 -33.093
-21.852 13.682 -34.021
-21.815 9.829 -34.037
-25.045 9.774 -36.128
-23.507 12.176 -38.75
-20.093 10.348 -38.803

-21.793 6.948 -39.527
-22.962 8.546 -42.834
-19.328 9.196 -43.991
-17.677 6.563 -46.261
-14.251 5.2 -45.121

-14.46 6.789 -41.562
-14.765 4.819 -38.279
-15.142 6.964 -35.114
-15.663 4.659 -32.101

-18.218 6.249 -29.657
-17.862 6.903 -25.912
-18.35 3.469 -24.195
-21.794 2.549 -22.772
-20.235 2.829 -19.255
-19.534 6.58 -19.812
-22.964 7.196 -21.431
-24.623 5.531 -18.378
-22.42 7.523 -15.909

-23.028 10.919 -17.654
-26.668 10.153 -18.714
-27.851 13.482 -17.123

-25.214 15.594 -18.963
-26 13.8 -22.296
-29.631 15.147 -21.909

-29.014 18.802 -20.797
-28.522 21.656 -23.337
-27.494 23.803 -20.296
-24.374 24.206 -18.108
-26.03 23.63 -14.722
-23.195 22.587 -12.38
-23.731 19.355 -10.334

-27.219 19.392 -8.694
-26.798 20.208 -4.988
-26.578 17.032 -2.906
-29.814 16.999 -0.82
-29.276 16.946 2.956
-30.305 13.551 4.343

-32.727 13.25 7.268
-30.389 11.851 9.975
-33.077 12.019 12.787
-33.159 8.159 12.923
-29.32 8.149 13.454
-27.82 8.306 16.969

-27.52 12.074 17.913
-23.991 11.509 19.371
-22.796 10.469 15.867
-24.731 13.185 13.93
-23.402 16.008 16.22
-19.738 14.82 15.861

-19.687 14.822 11.995
-17.445 17.587 10.586

-19.106 19.692 7.763
-17.231 17.783 4.996
-18.064 14.402 6.666
-21.796 15.407 6.677
-21.562 16.318 2.947
-19.943 12.855 2.346
-22.788 11.075 4.244
-25.363 13.084 2.191
-23.555 12.165 -1.104
-23.43 8.459 -0.115
-27.196 8.491 0.728
-28.024 10.343 -2.565

-25.973 7.645 -4.472
-28.214 5.048 -2.67
-25.512 3.7 -0.27

-23.352 2.353 -3.174
-19.956 4.118 -3.237
-16.209 4.012 -2.721
-15.295 6.541 0.021

-11.694 7.195 -1.128

-11.135 10.189 1.225
-7.504 10.605 2.377

-6.048 8.715 5.398
-7.361 9.956 8.784
-10.233 12.169 7.374
-12.706 9.981 9.408

-13.844 7.354 6.831
-15.012 5.081 9.734
-17.363 7.714 11.316
-18.876 8.506 7.854
-19.282 4.738 7.09
-21.02 4.042 10.461
-23.415 6.996 9.798
-24.247 5.855 6.195
-24.846 2.277 7.463
-26.955 3.52 10.461
-29.227 5.531 8.078

-29.9 2.058 6.507

-30.384 0.293 9.981
-33.886 -0.857 8.77
-32.05 -2.956 6.062
-29.626 -4.868 8.41
-27.981 -7.413 9.17

-24.774 -5.448 8.488
-21.551 -7.137 7.269
-18.235 -5.328 7.997
-15.132 -6.739 6.223
-11.829 -5.357 7.603

-8.05 -6.016 7.986
-7.416 -8.82 10.567
-5.856 -6.305 13.093
-8.689 -3.64 13.199

-11.758 -5.868 14.003
-11.895 -4.753 17.675
-11.154 -1.102 16.63
-14.365 -1.304 14.506
-16.414 -2.897 17.375
-15.268 -0.08 19.729
-16.109 2.476 16.969
-19.722 1.111 16.76
-20.082 1.14 20.611
-18.596 4.7 20.723
-20.823 6.195 17.978

-24.121 4.191 18.24
-24.851 3.95 22.056
-28.388 2.791 20.948
-26.764 -0.701 20.406
-26.03 -3.285 23.117

-22.632 -5.104 22.857
-24.638 -8.32 22.08
-25.78 -6.667 18.791

-22.091 -6.816 17.576
-20.505 -10.124 16.488
-16.681 -10.041 16.081

-15.702 -13.116 14.035
-12.316 -14.303 15.372
-12.201 -17.837 13.813
-13.405 -19.799 10.735
-15.769 -21.82 13.07
-17.788 -18.808 14.317
-21.352 -17.917 13.159
-21.075 -14.973 10.701
-24.816 -14.102 11.273
-24.919 -14.166 15.127
-25.108 -10.332 15.536
-27.08 -7.466 13.995

-23.588 -6.14 13.038
-21.065 -8.833 11.965
-17.336 -7.898 11.803
-15.009 -10.302 9.887
-11.529 -10.295 8.291

-10.658 -10.74 4.577
-8.757 -14.009 5.375
-11.833 -15.546 7.113
-14.3 -14.769 4.222

-12.926 -17.715 2.14
-13.287 -20.073 5.183
-16.843 -18.74 5.845
-18.014 -18.815 2.139
-20.731 -21.415 3.044
-22.243 -18.836 5.512
-21.955 -15.894 2.989
-25.071 -17.433 1.278
-27.188 -15.451 3.825
-28.094 -12.137 2.052
-26.367 -9.235 3.842
-28.236 -6.215 2.36

-25.704 -3.677 3.792
-21.936 -4.298 3.429
-19.007 -2.145 4.602
-15.517 -3.11 3.36

-12.662 -1.237 5.059
-9.341 -0.865 3.151

-11.066 -2.352 0.031
-7.765 -2.207 -1.968
-7.252 -5.742 -0.456
-9.774 -6.866 -3.176

-7.558 -5.436 -6.054
-6.861 -8.909 -7.611
-9.913 -10.983 -8.736
-7.994 -14.348 -8.638
-7.386 -14.116 -4.839

-9.551 -16.269 -2.508
-10.568 -13.122 -0.487
-11.832 -11.409 -3.693
-13.586 -14.593 -5.006
-15.461 -14.905 -1.648
-16.313 -11.137 -1.332
-17.465 -10.353 -4.925
-20.7 -12.523 -5.003
-21.961 -10.786 -1.799
-21.004 -7.272 -3.064
-22.893 -7.826 -6.386
-26.148 -8.927 -4.576

-26.072 -6.644 -1.465
-28.372 -3.542 -1.704

-25.826 -1.116 -0.104
-22.019 -1.347 -0.629
-19.769 1.077 1.29
-16.145 0.543 0.177
-13.427 2.479 2.088

-9.739 3.065 1.181
-6.998 5.712 1.573
-5.29 4.301 -1.537
-8.002 2.778 -3.832
-5.263 1.979 -6.345
-1.844 1.044 -4.877
0.179 1.273 -8.156
-1.96 0.815 -11.364

-5.486 1.412 -12.884
-6.145 -2.396 -13.101
-6.402 -2.518 -9.223
-9.619 -0.37 -9.379
-11.628 -2.846 -11.528
-12.904 -5.026 -8.614
-13.981 -1.892 -6.643
-15.738 -0.406 -9.758
-17.759 -3.638 -10.376
-18.545 -3.926 -6.614
-20.104 -0.383 -6.596

-21.607 -0.654 -10.172
-21.992 -4.37 -11.257
-23.172 -3.251 -14.78
-19.935 -1.29 -15.508
-17.337 -3.236 -17.592
-18.9 -6.785 -17.229
-15.576 -8.217 -18.571

-12.101 -7.019 -17.429
-10.719 -7.022 -21.032
-12.866 -3.967 -22.03
-11.565 -2.031 -18.959
-7.965 -3.199 -19.668
-8.028 -2.162 -23.384
-9.238 1.366 -22.43
-7.403 2.18 -19.142

-4.51 -0.351 -18.764
-2.851 0.132 -22.242
-3.499 -3.577 -22.858

-0.922 -5.224 -25.189
-1.171 -8.572 -27.031
2.109 -10.415 -26.274

3.105 -13.897 -27.702
2.055 -15.464 -24.315

-1.301 -13.571 -23.908
-2.465 -10.088 -22.814
-0.375 -7.663 -20.732

-2.386 -5.192 -18.538
0.545 -3.576 -16.579
0.214 -0.249 -18.472
-2.005 2.838 -18.126
-4.133 4.898 -20.565
-6.888 7.593 -20.643

-6.428 8.31 -16.868
-8.259 11.708 -16.967
-11.359 9.932 -18.424
-11.034 7.218 -15.72
-10.853 9.986 -13.027
-14.061 11.624 -14.396
-15.894 8.229 -14.505
-14.782 7.406 -10.918
-15.841 10.804 -9.431
-19.243 10.854 -11.244
-20.42 7.245 -10.709

-19.0166 6.51689 -7.33461

-20.7001 9.69892 -5.97929
-24.0258 9.39124 -4.33125

-20.4228 10.6332 -3.79825
-19.1158 13.6342 -1.80925
-15.5408 14.4692 -0.835247

-14.0148 15.9532 2.39275
-13.4038 19.1572 0.370753
-17.1588 19.4062 -0.529247
-18.5988 19.0362 3.03075

-15.7878 19.5312 5.65275
-13.8268 22.7662 4.82175
-12.4128 22.5292 8.42175
-10.4078 19.2612 8.00575

-6.60877 19.9552 7.99075
-4.85577 19.2212 4.66675

-3.19977 15.8512 3.92375
0.416229 16.6992 2.94575
1.95323 13.8092 0.943753
5.63223 13.3112 -0.00324729
7.99423 10.7022 -1.40525
11.0352 10.0072 0.835753
13.8542 8.45324 -1.21925

15.6342 6.25224 1.37175
19.3492 6.07124 0.561753

20.3332 2.84024 -1.36125
23.9482 3.31124 -0.0332473
22.9102 1.11924 2.98875

21.8692 -1.66976 0.503753
25.0072 -3.85076 0.569753

26.5132 -5.12376 -2.72825
25.2012 -8.74176 -2.18725
21.5792 -7.54376 -1.63625
21.8562 -5.21376 -4.69725
23.2852 -8.05876 -6.84925
20.3472 -10.2758 -5.66425
17.8012 -7.54076 -6.66225
19.5982 -7.14276 -10.0522
19.5112 -10.9688 -10.4832
15.7382 -11.2778 -9.73525
15.0502 -8.22576 -12.0032
17.0052 -9.90176 -14.8902
15.2312 -13.2148 -14.0992
11.7342 -11.6628 -14.6832
12.8252 -10.3318 -18.1542

14.3052 -13.6618 -19.4062
12.4752 -14.7598 -22.6112
12.6162 -18.5398 -22.0762
10.7452 -18.7008 -18.6912
7.17223 -19.9288 -18.1842

4.37623 -17.5418 -17.0302
4.69523 -19.2038 -13.5672
8.51723 -18.7448 -13.2782
7.96623 -15.0428 -14.2492
5.37723 -14.6898 -11.3742
7.74523 -16.5098 -8.93725
10.6942 -14.2178 -9.89425
8.34323 -11.1798 -9.43825
7.32823 -12.3818 -5.91425
11.0432 -12.9628 -5.10725
12.0132 -9.44176 -6.37925
9.18623 -7.90276 -4.26425
10.1412 -9.85176 -1.06625
13.8742 -8.93476 -1.63325
12.8242 -5.24476 -1.99325
11.1732 -5.43376 1.46675
14.3332 -7.01476 3.03575
16.6332 -4.45376 1.30775
14.6342 -1.47976 2.75375
14.5812 -2.67576 6.45175
17.8682 -0.922756 7.58875
16.9312 2.51024 6.11675
13.2462 2.15524 7.15675
14.5872 1.60724 10.7278
17.0592 4.55024 10.3408
14.1322 6.80124 9.25775
11.8202 5.64924 12.1478
14.6252 6.41724 14.6588
15.2792 9.86724 13.0338
11.5302 10.6642 13.5098
11.6572 9.65324 17.2348
14.9822 11.5182 17.8248

13.3242 14.5972 16.1418
10.8442 14.5822 19.1158
7.67523 13.2852 17.3248
4.98123 12.3322 19.8528
2.72823 9.98324 17.7288

2.94723 8.38824 14.2478
1.77923 5.31224 12.2768
4.14923 2.95024 10.4018
2.56323 0.883244 7.59775
4.18423 -2.27176 6.12675

2.80223 -5.57276 4.64975
5.68023 -8.11676 4.70475

5.81123 -9.80076 8.15775
9.67423 -9.59876 8.21575
9.44423 -5.74176 7.97375
6.84123 -5.55676 10.8178
9.00223 -7.99176 12.9038
12.2672 -6.00976 12.3498
10.5902 -2.63076 13.1958
9.03723 -4.05976 16.4348
12.3732 -5.69276 17.4648
14.3152 -2.38976 17.0448
11.6292 -0.376756 18.9528
11.8472 -2.96776 21.8178
15.7092 -2.74376 21.7028

15.4212 1.11124 21.9588
12.7532 0.679244 24.7598
10.1752 2.63924 22.6578
6.57123 1.95224 23.7268

4.56823 0.961244 20.6158
1.48323 -1.00676 19.4498
1.40523 -3.72376 16.7338
-1.59677 -4.82476 14.5898

-1.33077 -7.54676 11.8918
-3.16377 -10.6428 10.4778
-2.58577 -12.5598 13.7868
-4.01977 -9.81076 16.1028
-7.53277 -10.8158 17.2918
-10.6958 -8.71976 16.6358
-11.0688 -7.61176 20.3238

-7.31077 -6.96976 20.9108
-7.31977 -4.74476 17.7438
-9.88077 -2.41276 19.4078
-8.03177 -2.46776 22.7918
-4.59577 -1.67976 21.1838
-6.33677 1.08924 19.1608
-7.67077 2.57724 22.4608
-4.19377 2.19424 24.1138
-2.54577 4.21024 21.2458
-5.39377 6.81024 21.2958
-5.46777 7.37424 25.1068

-1.83477 6.71124 26.2408
0.749229 9.49324 25.5548
3.55223 6.86524 26.0048
2.74123 4.86124 22.8268
4.71023 6.84224 20.2058

4.56823 4.31824 17.2928
1.80823 2.14724 15.8138
3.27023 -0.714756 13.6838
0.414229 -1.62476 11.3108
-0.159771 -4.15276 8.52275

-1.47177 -2.25676 5.42175
-3.90077 -5.16676 4.71275
-4.96377 -6.01576 8.30975
-5.45077 -2.42176 9.67675
-7.17277 -0.892756 6.54375
-10.6338 -1.36676 8.23175
-12.6318 -0.410756 11.3828
-9.86477 1.35524 13.3778
-9.41577 5.12724 14.0628
-5.96277 6.67024 14.7718
-6.79977 10.4052 15.2178
-4.08977 10.7372 17.9708
-1.30577 10.6722 15.2978
-0.421771 13.4772 12.8008

2.02523 11.4002 10.6588
1.71623 8.23624 8.51675
4.88323 6.46924 7.23175
4.50623 3.83624 4.48775

7.66623 1.71324 4.93175
6.45723 -0.306756 1.90075
4.44623 0.496244 -1.24725
1.25323 -1.46876 -2.04325
0.167229 -2.02276 -5.71025
-3.47877 -1.05076 -4.96525

-4.01877 2.72624 -4.31725
-7.49177 2.17824 -2.75425
-5.79077 0.311244 0.165753
-3.17177 3.10724 0.580753
-6.00877 5.73524 0.734753
-7.88877 3.49524 3.26975
-4.71077 3.48824 5.44975
-4.23677 7.33924 5.21775

-7.93477 7.81424 6.23575
-7.26077 5.96724 9.51975
-5.63977 9.24724 10.7848
-7.57177 11.7692 8.63975
-10.9558 11.2762 10.4638
-13.4958 13.4502 12.3468
-11.5718 14.3922 15.5438
-8.26377 15.1642 13.7218
-7.03477 18.7642 14.4358
-3.51277 18.6952 12.8228
-2.40977 18.6582 9.13675

-1.78777 14.9772 8.31375
1.70223 14.1562 6.98175
1.96423 11.1052 4.64675
5.52523 9.85324 3.90575
6.02923 7.16924 1.19375
9.44923 5.47424 1.70175
10.9822 4.45824 -1.70125

14.3712 2.95824 -2.72325
16.0722 3.47724 -6.15225
17.1782 0.112244 -7.67625
14.1552 -1.86276 -6.25825
10.4832 -2.86276 -6.88425

9.47123 0.721244 -5.80525
10.7902 2.06524 -9.18925
8.01023 0.0572436 -10.9992
5.31123 0.134244 -8.26525
5.27523 3.94824 -7.84525
4.46423 4.79024 -11.5592
1.87923 1.90324 -11.5092
0.170229 3.34024 -8.36525
0.183229 6.85324 -9.98225
-1.50977 5.77024 -13.2642
-4.11077 3.84524 -11.1492
-4.95277 6.98024 -9.03025
-5.31277 8.97224 -12.3022
-7.78577 6.32724 -13.6672
-9.70777 6.59324 -10.3352
-9.69277 10.4572 -10.4992
-10.9198 10.5412 -14.1692

-13.7928 8.21924 -13.0522
-14.5928 10.7612 -10.2072
-13.5168 8.16024 -7.56325
-10.4968 10.0672 -6.08725
-9.32177 13.6822 -5.51525
-5.86377 12.2432 -4.78025
-3.38977 13.3792 -7.42525
0.0502288 11.7072 -6.95225
1.93523 13.5132 -9.84125

2.94123 16.6022 -7.75925
4.98923 14.4132 -5.31625
7.33623 13.0962 -8.09525
8.18723 16.4932 -9.65425

9.45223 17.4522 -6.12425
11.9372 14.4792 -5.70125

End chain 1
