-13.201 -6.296 -53.957
-10.703 -3.406 -53.291
-9.54 -3.087 -49.639
-11.02 0.322 -48.639
-8.614 1.85 -46.053
-10.787 3.126 -43.162

-9.634 6.195 -41.181
-10.061 4.9 -37.589
-10.286 6.838 -34.306
-12.195 7.103 -30.979
-14.163 9.439 -28.711
-12.619 10.223 -25.263
-14.157 12.207 -22.344

-11.943 15.248 -21.466
-14.301 16.978 -18.949
-17.827 16.65 -17.399
-19.139 18.761 -20.353

-16.752 17.96 -23.312
-15.482 14.956 -25.281
-12.62 14.751 -27.824
-12.437 12.939 -31.204
-8.982 11.264 -31.393
-8.672 10.357 -35.1

-6.282 10.744 -38.079
-6.98 13.557 -40.6
-9.895 13.022 -43.051

-11.208 15.853 -45.293
-14.92 14.856 -45.011
-14.611 14.37 -41.226
-13.015 17.857 -40.827
-15.875 19.254 -42.999
-18.403 17.482 -40.669
-16.559 18.759 -37.515
-16.844 22.341 -38.957

-20.697 21.797 -39.029
-20.861 21.033 -35.24
-22.116 23.933 -33.104
-20.016 23.255 -29.939
-16.791 22.621 -31.971

-13.393 23.436 -30.391
-10.011 22.816 -32.063
-6.805 22.812 -29.99

-3.883 23.919 -32.209
-1.328 22.314 -29.773
-2.753 18.736 -29.691
-4.334 19.137 -33.217

-7.578 17.622 -31.79
-11.313 18.386 -31.995
-13.683 18.544 -28.991
-17.466 19.001 -28.65
-20.131 19.402 -25.91

-21.257 16.038 -24.476
-24.923 16.743 -25.497
-23.731 16.722 -29.178
-22.178 13.179 -28.839
-25.228 11.354 -30.322
-25.57 14.044 -33.093
-21.852 13.682 -34.021
-21.815 9.829 -34.037
-25.045 9.774 -36.128
-23.507 12.176 -38.75
-20.093 10.348 -38.803

-21.793 6.948 -39.527
-22.962 8.546 -42.834
-19.328 9.196 -43.991
-17.677 6.563 -46.261
-14.251 5.2 -45.121

-14.46 6.789 -41.562
-14.765 4.819 -38.279
-15.142 6.964 -35.114
-15.663 4.659 -32.101

-18.218 6.249 -29.657
-17.862 6.903 -25.912
-18.35 3.469 -24.195
-21.794 2.549 -22.772
-20.235 2.829 -19.255
-19.534 6.58 -19.812
-22.964 7.196 -21.431
-24.623 5.531 -18.378
-22.42 7.523 -15.909

-23.028 10.919 -17.654
-26.668 10.153 -18.714
-27.851 13.482 -17.123

-25.214 15.594 -18.963
-26 13.8 -22.296
-29.631 15.147 -21.909

-29.014 18.802 -20.797
-28.522 21.656 -23.337
-27.494 23.803 -20.296
-24.374 24.206 -18.108
-26.03 23.63 -14.722
-23.195 22.587 -12.38
-23.731 19.355 -10.334

-27.219 19.392 -8.694
-26.798 20.208 -4.988
-26.578 17.032 -2.906
-29.814 16.999 -0.82
-29.276 16.946 2.956
-30.305 13.551 4.343

-32.727 13.25 7.268
-30.389 11.851 9.975
-33.077 12.019 12.787
-33.159 8.159 12.923
-29.32 8.149 13.454
-27.82 8.306 16.969

-27.52 12.074 17.913
-23.991 11.509 19.371
-22.796 10.469 15.867
-24.731 13.185 13.93
-23.402 16.008 16.22
-19.738 14.82 15.861

-19.687 14.822 11.995
-17.445 17.587 10.586

-19.106 19.692 7.763
-17.231 17.783 4.996
-18.064 14.402 6.666
-21.796 15.407 6.677
-21.562 16.318 2.947
-19.943 12.855 2.346
-22.788 11.075 4.244
-25.363 13.084 2.191
-23.555 12.165 -1.104
-23.43 8.459 -0.115
-27.196 8.491 0.728
-28.024 10.343 -2.565

-25.973 7.645 -4.472
-28.214 5.048 -2.67
-25.512 3.7 -0.27

-23.352 2.353 -3.174
-19.956 4.118 -3.237
-16.209 4.012 -2.721
-15.295 6.541 0.021

-11.694 7.195 -1.128

-11.135 10.189 1.225
-7.504 10.605 2.377

-6.048 8.715 5.398
-7.361 9.956 8.784
-10.233 12.169 7.374
-12.706 9.981 9.408

-13.844 7.354 6.831
-15.012 5.081 9.734
-17.363 7.714 11.316
-18.876 8.506 7.854
-19.282 4.738 7.09
-21.02 4.042 10.461
-23.415 6.996 9.798
-24.247 5.855 6.195
-24.846 2.277 7.463
-26.955 3.52 10.461
-29.227 5.531 8.078

-29.9 2.058 6.507

-30.384 0.293 9.981
-33.886 -0.857 8.77
-32.05 -2.956 6.062
-29.626 -4.868 8.41
-27.981 -7.413 9.17

-24.774 -5.448 8.488
-21.551 -7.137 7.269
-18.235 -5.328 7.997
-15.132 -6.739 6.223
-11.829 -5.357 7.603

-8.05 -6.016 7.986
-7.416 -8.82 10.567
-5.856 -6.305 13.093
-8.689 -3.64 13.199

-11.758 -5.868 14.003
-11.895 -4.753 17.675
-11.154 -1.102 16.63
-14.365 -1.304 14.506
-16.414 -2.897 17.375
-15.268 -0.08 19.729
-16.109 2.476 16.969
-19.722 1.111 16.76
-20.082 1.14 20.611
-18.596 4.7 20.723
-20.823 6.195 17.978

-24.121 4.191 18.24
-24.851 3.95 22.056
-28.388 2.791 20.948
-26.764 -0.701 20.406
-26.03 -3.285 23.117

-22.632 -5.104 22.857
-24.638 -8.32 22.08
-25.78 -6.667 18.791

-22.091 -6.816 17.576
-20.505 -10.124 16.488
-16.681 -10.041 16.081

-15.702 -13.116 14.035
-12.316 -14.303 15.372
-12.201 -17.837 13.813
-13.405 -19.799 10.735
-15.769 -21.82 13.07
-17.788 -18.808 14.317
-21.352 -17.917 13.159
-21.075 -14.973 10.701
-24.816 -14.102 11.273
-24.919 -14.166 15.127
-25.108 -10.332 15.536
-27.08 -7.466 13.995

-23.588 -6.14 13.038
-21.065 -8.833 11.965
-17.336 -7.898 11.803
-15.009 -10.302 9.887
-11.529 -10.295 8.291

-10.658 -10.74 4.577
-8.757 -14.009 5.375
-11.833 -15.546 7.113
-14.3 -14.769 4.222

-12.926 -17.715 2.14
-13.287 -20.073 5.183
-16.843 -18.74 5.845
-18.014 -18.815 2.139
-20.731 -21.415 3.044
-22.243 -18.836 5.512
-21.955 -15.894 2.989
-25.071 -17.433 1.278
-27.188 -15.451 3.825
-28.094 -12.137 2.052
-26.367 -9.235 3.842
-28.236 -6.215 2.36

-25.704 -3.677 3.792
-21.936 -4.298 3.429
-19.007 -2.145 4.602
-15.517 -3.11 3.36

-12.662 -1.237 5.059
-9.341 -0.865 3.151

-11.066 -2.352 0.031
-7.765 -2.207 -1.968
-7.252 -5.742 -0.456
-9.774 -6.866 -3.176

-7.89837 -5.28707 -6.04489
-6.85913 -2.52226 -8.38619
-6.50462 0.196489 -10.9259
-7.5208 2.07033 -7.68538
-10.7415 0.337056 -6.40175

-8.86585 -2.95119 -6.73687
-10.8334 -4.47758 -3.86602
-14.1285 -3.40443 -5.42602
-13.1538 -4.92848 -8.76821
-12.2236 -8.21748 -7.10685
-15.5489 -8.34215 -5.27113
-17.4623 -7.71867 -8.49499
-15.5739 -10.4999 -10.2674
-16.319 -12.9353 -7.44661
-20.0197 -12.077 -7.55324
-20.1371 -12.6231 -11.3124
-18.4504 -16.0114 -10.9704

-18.3744 -13.7284 -7.8594
-20.6744 -10.6264 -8.0984

-18.1284 -8.20043 -6.4984
-14.3214 -8.43143 -7.0234
-12.0714 -6.00743 -5.1044
-8.44738 -6.54143 -6.2174
-5.72938 -4.60543 -4.3064

-2.04138 -4.01943 -5.2134
0.699623 -1.37243 -4.8214
2.40762 -2.78343 -7.9314
-0.304377 -4.30643 -10.2264
2.43462 -5.10543 -12.7394
5.85362 -6.04043 -11.2714
7.87662 -5.81143 -14.5504
5.73762 -6.26943 -17.7584

2.21162 -5.67243 -19.2784
1.55262 -9.48043 -19.4954
1.29562 -9.60243 -15.6174
-1.92138 -7.45443 -15.7734
-3.93038 -9.93043 -17.9224
-5.20638 -12.1104 -15.0084
-6.28338 -8.97643 -13.0374
-8.04038 -7.49043 -16.1524
-10.0614 -10.7224 -16.7704
-10.8474 -11.0104 -13.0084
-12.4064 -7.46743 -12.9904

-13.9094 -7.73843 -16.5664
-14.2944 -11.4544 -17.6514
-15.4744 -10.3354 -21.1744
-12.2374 -8.37443 -21.9024
-9.63938 -10.3204 -23.9864
-11.2024 -13.8694 -23.6234
-7.87838 -15.3014 -24.9654

-4.40338 -14.1034 -23.8234
-3.02138 -14.1064 -27.4264
-5.16838 -11.0514 -28.4244
-3.86738 -9.11543 -25.3534
-0.267377 -10.2834 -26.0624
-0.330377 -9.24643 -29.7784
-1.54038 -5.71843 -28.8244
0.294623 -4.90443 -25.5364

3.18762 -7.43543 -25.1584
4.84662 -6.95243 -28.6364
4.19862 -10.6614 -29.2524

6.77562 -12.3084 -31.5834
6.52662 -15.6564 -33.4254
9.80662 -17.4994 -32.6684

10.8026 -20.9814 -34.0964
9.75262 -22.5484 -30.7094

6.39662 -20.6554 -30.3024
5.23262 -17.1724 -29.2084
7.32262 -14.7474 -27.1264

5.31162 -12.2764 -24.9324
8.24262 -10.6604 -22.9734
7.91162 -7.33343 -24.8664
5.69262 -4.24643 -24.5204
3.56462 -2.18643 -26.9594
0.809623 0.508566 -27.0374

1.26962 1.22557 -23.2624
-0.561377 4.62357 -23.3614
-3.66138 2.84757 -24.8184
-3.33638 0.133566 -22.1144
-3.15538 2.90157 -19.4214
-6.36338 4.53957 -20.7904
-8.19638 1.14457 -20.8994
-7.08438 0.321566 -17.3124
-8.14338 3.71957 -15.8254
-11.5454 3.76957 -17.6384
-12.7224 0.160566 -17.1034

-10.4914 -1.84143 -14.6374

-8.35838 0.216566 -12.2534
-8.41638 3.11057 -9.7824

-4.81338 4.35257 -9.2494
-3.50638 7.35357 -7.2604
0.0686227 8.18857 -6.2864

1.59462 9.67257 -3.0584
2.20562 12.8766 -5.0804
-1.54938 13.1256 -5.9804
-2.98938 12.7556 -2.4204

-0.178377 13.2506 0.201601
1.78262 16.4856 -0.629399
3.19662 16.2486 2.9706
5.20162 12.9806 2.5546

9.00062 13.6746 2.5396
10.7536 12.9406 -0.784399

12.4096 9.57057 -1.5274
16.0256 10.4186 -2.5054
17.5626 7.52857 -4.5074
21.2416 7.03057 -5.4544
23.6036 4.42157 -6.8564
26.6446 3.72657 -4.6154
29.4636 2.17257 -6.6704

31.2436 -0.0284341 -4.0794
34.9586 -0.209434 -4.8894

35.9426 -3.44043 -6.8124
39.5576 -2.96943 -5.4844
38.5196 -5.16143 -2.4624

37.4786 -7.95043 -4.9474
40.6166 -10.1314 -4.8814

42.1226 -11.4044 -8.1794
40.8106 -15.0224 -7.6384
37.1886 -13.8244 -7.0874
37.4656 -11.4944 -10.1484
38.8946 -14.3394 -12.3004
35.9566 -16.5564 -11.1154
33.4106 -13.8214 -12.1134
35.2076 -13.4234 -15.5034
35.1206 -17.2494 -15.9344
31.3476 -17.5584 -15.1864
30.6596 -14.5064 -17.4544
32.6146 -16.1824 -20.3414
30.8406 -19.4954 -19.5504
27.3436 -17.9434 -20.1344
28.4346 -16.6124 -23.6054

29.9146 -19.9424 -24.8574
28.0846 -21.0404 -28.0624
28.2256 -24.8204 -27.5274
26.3546 -24.9814 -24.1424
22.7816 -26.2094 -23.6354

19.9856 -23.8224 -22.4814
20.3046 -25.4844 -19.0184
24.1266 -25.0254 -18.7294
23.5756 -21.3234 -19.7004
20.9866 -20.9704 -16.8254
23.3546 -22.7904 -14.3884
26.3036 -20.4984 -15.3454
23.9526 -17.4604 -14.8894
22.9376 -18.6624 -11.3654
26.6526 -19.2434 -10.5584
27.6226 -15.7224 -11.8304
24.7956 -14.1834 -9.7154
25.7506 -16.1324 -6.5174
29.4836 -15.2154 -7.0844
28.4336 -11.5254 -7.4444
26.7826 -11.7144 -3.9844
29.9426 -13.2954 -2.4154
32.2426 -10.7344 -4.1434
30.2436 -7.76043 -2.6974
30.1906 -8.95643 1.0006
33.4776 -7.20343 2.1376
32.5406 -3.77043 0.665601
28.8556 -4.12543 1.7056
30.1966 -4.67343 5.2766
32.6686 -1.73043 4.8896
29.7416 0.520566 3.8066
27.4296 -0.631434 6.6966
30.2346 0.136566 9.2076
30.8886 3.58657 7.5826
27.1396 4.38357 8.0586
27.2666 3.37257 11.7836
30.5916 5.23757 12.3736

28.9336 8.31657 10.6906
26.4536 8.30157 13.6646
23.2846 7.00457 11.8736
20.5906 6.05157 14.4016
18.3376 3.70257 12.2776

18.5566 2.10757 8.7966
17.3886 -0.968434 6.8256
19.7586 -3.33043 4.9506
18.1726 -5.39743 2.1466
19.7936 -8.55243 0.675601

18.4116 -11.8534 -0.801399
21.2896 -14.3974 -0.746399

21.4206 -16.0814 2.7066
25.2836 -15.8794 2.7646
25.0536 -12.0224 2.5226
22.4506 -11.8374 5.3666
24.6116 -14.2724 7.4526
27.8766 -12.2904 6.8986
26.1996 -8.91143 7.7446
24.6466 -10.3404 10.9836
27.9826 -11.9734 12.0136
29.9246 -8.67043 11.5936
27.2386 -6.65743 13.5016
27.4566 -9.24843 16.3666
31.3186 -9.02443 16.2516

31.0306 -5.16943 16.5076
28.3626 -5.60143 19.3086
25.7846 -3.64143 17.2066
22.1806 -4.32843 18.2756

20.1776 -5.31943 15.1646
17.0926 -7.28743 13.9986
17.0146 -10.0044 11.2826
14.0126 -11.1054 9.1386

14.2786 -13.8274 6.4406
12.4456 -16.9234 5.0266
13.0236 -18.8404 8.3356
11.5896 -16.0914 10.6516
8.07662 -17.0964 11.8406
4.91362 -15.0004 11.1846
4.54062 -13.8924 14.8726

8.29862 -13.2504 15.4596
8.28962 -11.0254 12.2926
5.72862 -8.69343 13.9566
7.57762 -8.74843 17.3406
11.0136 -7.96043 15.7326
9.27262 -5.19143 13.7096
7.93862 -3.70343 17.0096
11.4156 -4.08643 18.6626
13.0636 -2.07043 15.7946
10.2156 0.529566 15.8446
10.1416 1.09357 19.6556

13.7746 0.430566 20.7896
16.3586 3.21257 20.1036
19.1616 0.584566 20.5536
18.3506 -1.41943 17.3756
20.3196 0.561566 14.7546

20.1776 -1.96243 11.8416
17.4176 -4.13343 10.3626
18.8796 -6.99543 8.2326
16.0236 -7.90543 5.8596
15.4496 -10.4334 3.0716

14.1376 -8.53743 -0.0293987
11.7086 -11.4474 -0.738399
10.6456 -12.2964 2.8586
10.1586 -8.70243 4.2256
8.43662 -7.17343 1.0926
4.97562 -7.64743 2.7806
2.97762 -6.69143 5.9316
5.74462 -4.92543 7.9266
6.19362 -1.15343 8.6116
9.64662 0.389566 9.3206
8.80962 4.12457 9.7666
11.5196 4.45657 12.5196
14.3036 4.39157 9.8466
15.1876 7.19657 7.3496

17.6346 5.11957 5.2076
17.3256 1.95557 3.0656
20.4926 0.188566 1.7806
20.1156 -2.44443 -0.963399

23.2756 -4.56743 -0.519399
22.0666 -6.58743 -3.5504
20.0556 -5.78443 -6.6984
16.8626 -7.74943 -7.4944
15.7766 -8.30343 -11.1614
12.1306 -7.33143 -10.4164

11.5906 -3.55443 -9.7684
8.11762 -4.10243 -8.2054
9.81862 -5.96943 -5.2854
12.4376 -3.17343 -4.8704
9.60062 -0.545434 -4.7164
7.72062 -2.78543 -2.1814
10.8986 -2.79243 -0.00139868
11.3726 1.05857 -0.233399

7.67462 1.53357 0.784601
8.34862 -0.313434 4.0686
9.96962 2.96657 5.3336
8.03762 5.48857 3.1886
4.65362 4.99557 5.0126
2.11362 7.16957 6.8956
4.03762 8.11157 10.0926
7.34562 8.88357 8.2706
8.57462 12.4836 8.9846
12.0966 12.4146 7.3716
13.1996 12.3776 3.6856

13.8216 8.69657 2.8626
17.3116 7.87557 1.5306
17.5736 4.82457 -0.804399
21.1346 3.57257 -1.5454
21.6386 0.888566 -4.2574
25.0586 -0.806434 -3.7494
26.5916 -1.82243 -7.1524

29.9806 -3.32243 -8.1744
31.6816 -2.80343 -11.6034
32.7876 -6.16843 -13.1274
29.7646 -8.14343 -11.7094
26.0926 -9.14343 -12.3354

25.0806 -5.55943 -11.2564
26.3996 -4.21543 -14.6404
23.6196 -6.22343 -16.4504
20.9206 -6.14643 -13.7164
20.8846 -2.33243 -13.2964
20.0736 -1.49043 -17.0104
17.4886 -4.37743 -16.9604
15.7796 -2.94043 -13.8164
15.7926 0.572566 -15.4334
14.0996 -0.510434 -18.7154
11.4986 -2.43543 -16.6004
10.6566 0.699566 -14.4814
10.2966 2.69157 -17.7534
7.82362 0.0465659 -19.1184
5.90162 0.312566 -15.7864
5.91662 4.17657 -15.9504
4.68962 4.26057 -19.6204

1.81662 1.93857 -18.5034
1.01662 4.48057 -15.6584
2.09262 1.87957 -13.0144
5.11262 3.78657 -11.5384
6.28762 7.40157 -10.9664
9.74562 5.96257 -10.2314
12.2196 7.09857 -12.8764
15.6596 5.42657 -12.4034
17.5446 7.23257 -15.2924

18.5506 10.3216 -13.2104
20.5986 8.13257 -10.7674
22.9456 6.81557 -13.5464
23.7966 10.2126 -15.1054

25.0616 11.1716 -11.5754
27.5466 8.19857 -11.1524

End chain 1
